0 93
0 246
0 844
1 57
1 256
1 305
1 374
1 477
1 553
1 763
2 7
2 80
2 95
2 204
2 228
2 288
2 830
2 881
2 922
3 857
3 912
4 135
4 341
4 375
4 581
4 773
4 889
5 209
5 668
5 678
6 971
7 80
7 411
7 580
7 658
7 661
7 663
7 803
8 113
8 193
8 485
8 814
8 971
9 68
9 156
9 527
9 533
9 723
10 306
10 341
10 737
10 803
10 831
10 881
10 920
10 962
10 984
10 992
11 26
11 597
11 616
11 767
11 858
12 149
12 235
12 261
12 426
12 549
12 785
12 926
13 356
13 375
13 420
13 427
13 971
14 64
14 235
14 248
14 540
14 612
15 34
15 88
15 683
15 858
16 51
16 155
16 207
16 464
16 551
16 584
16 617
16 748
16 754
17 100
17 240
17 358
17 379
17 410
17 475
17 638
17 670
18 90
18 184
18 393
18 526
18 577
18 722
18 969
19 41
19 353
19 392
19 599
20 457
20 459
20 599
20 739
20 962
21 51
21 192
21 196
21 306
21 471
21 510
21 638
21 781
21 879
22 87
22 102
22 121
22 203
22 329
22 470
22 484
22 570
22 755
23 170
23 330
23 452
23 611
23 752
23 774
23 967
24 91
24 353
24 360
24 599
24 613
24 622
24 654
24 776
24 926
24 955
24 986
25 45
25 289
25 711
26 142
26 491
26 525
26 598
26 650
26 655
26 666
26 771
26 902
27 199
27 223
27 249
27 475
27 664
27 669
27 789
28 184
28 409
28 541
28 575
28 870
28 953
29 290
29 432
29 589
29 590
29 849
30 35
30 325
30 687
30 784
31 182
31 224
31 363
31 444
31 555
31 603
31 635
31 861
31 896
31 948
31 959
32 67
32 290
32 757
32 948
33 188
33 222
33 248
33 292
33 827
33 856
34 130
34 522
34 577
34 816
35 205
35 605
35 930
36 38
36 295
36 573
36 950
37 284
37 436
37 669
37 708
37 793
37 970
38 117
38 171
38 225
38 258
38 765
39 58
39 376
39 425
39 509
39 637
39 829
39 858
39 870
39 992
40 62
40 126
40 253
40 269
40 292
40 400
40 670
40 702
40 728
40 911
40 975
41 62
41 140
41 392
41 450
41 788
42 146
42 203
42 286
42 556
42 652
43 124
43 272
43 389
43 656
43 735
43 852
44 93
44 316
44 574
44 648
44 757
44 765
44 791
45 479
45 502
45 757
46 174
46 242
46 458
46 651
46 688
47 92
47 174
47 738
47 845
48 155
48 160
48 231
48 270
48 348
48 396
48 421
48 758
48 884
49 50
49 225
49 278
49 402
49 421
49 736
50 327
50 343
50 609
50 797
51 330
51 494
51 559
51 572
51 839
51 944
52 251
52 284
52 311
52 518
52 758
52 989
53 319
53 498
53 724
53 912
54 192
54 733
54 737
54 758
54 819
55 322
55 488
55 500
55 532
55 579
55 664
55 667
55 699
55 750
56 88
56 288
56 750
56 757
56 784
57 81
57 283
57 295
57 604
57 654
57 662
57 731
57 951
58 480
58 494
59 95
59 675
59 847
59 980
60 89
60 301
60 348
60 834
60 953
61 191
61 601
61 629
61 897
62 115
62 127
62 523
62 606
62 882
63 95
63 177
63 327
63 574
63 633
63 748
63 759
63 766
63 805
64 145
64 345
64 502
64 513
64 611
65 89
65 441
65 458
65 476
65 679
65 717
65 956
66 205
66 296
66 404
66 548
66 595
66 870
67 208
67 352
67 780
68 257
68 278
68 930
68 971
69 74
69 791
69 921
70 133
70 179
70 504
70 722
71 212
71 359
71 507
71 588
71 740
71 806
71 966
72 311
72 368
72 977
73 204
73 543
73 589
73 820
73 905
73 913
74 341
74 420
74 543
74 579
74 755
75 79
75 222
75 278
75 354
75 412
75 846
75 915
76 113
76 170
76 327
76 777
76 835
76 850
77 832
77 982
78 98
78 380
78 410
78 505
78 673
78 717
78 746
78 853
79 246
79 448
79 473
79 676
79 845
79 981
80 269
80 276
80 337
80 388
80 435
80 996
81 207
81 666
81 791
82 217
82 320
82 628
82 796
82 876
83 259
83 261
83 508
83 636
83 681
83 706
83 936
84 603
84 617
84 714
85 132
85 134
85 204
85 282
85 296
85 584
85 599
86 93
86 154
86 292
86 354
86 704
86 734
87 220
87 430
87 529
88 101
88 137
88 141
88 211
88 278
88 295
88 594
88 652
88 657
88 827
89 153
89 169
89 309
89 780
90 462
90 496
90 677
90 762
90 939
90 998
91 134
91 197
91 508
91 530
91 700
91 751
91 797
91 827
91 912
91 928
91 974
92 147
92 667
92 987
93 190
93 397
93 603
93 765
94 665
94 673
94 739
94 758
95 519
95 530
95 608
95 701
95 724
95 850
96 224
96 543
96 564
96 858
96 890
96 901
97 147
97 487
97 593
97 663
97 880
98 112
98 482
98 868
98 955
99 603
100 143
100 495
100 605
100 612
100 784
100 911
101 109
101 162
101 331
101 351
101 901
101 911
102 344
102 396
102 409
102 509
102 732
102 978
103 478
103 547
103 771
104 125
104 164
104 165
104 284
104 357
104 377
104 488
105 147
105 450
105 820
105 883
106 316
106 420
106 465
106 496
107 188
107 234
107 446
107 475
107 629
107 722
107 727
108 183
108 225
108 257
108 675
108 860
108 919
109 187
109 522
109 677
109 759
109 804
110 231
110 263
110 877
110 951
110 961
111 223
111 373
111 376
111 377
111 546
111 736
111 822
112 643
112 730
113 168
113 233
113 272
113 311
113 360
113 472
114 121
114 204
114 623
114 862
115 331
115 408
115 636
115 647
115 707
115 813
115 852
115 945
115 954
116 138
116 180
116 274
116 692
116 774
116 956
116 964
117 359
117 577
117 722
117 855
118 301
118 314
118 563
118 569
118 675
118 762
118 770
118 905
118 945
119 189
119 205
119 596
119 612
119 861
119 958
120 137
120 418
120 424
121 201
121 206
121 229
121 322
121 342
121 385
121 831
121 912
122 307
122 558
122 572
123 142
123 456
123 678
123 821
123 905
124 217
124 280
124 367
124 384
124 500
124 521
124 602
124 603
124 805
124 845
125 540
125 783
125 929
126 146
126 245
126 614
126 762
126 995
127 211
127 267
127 589
127 591
127 836
127 888
127 902
127 973
128 175
128 663
128 929
128 932
129 483
129 507
129 534
129 689
129 869
130 236
130 247
130 380
130 464
130 580
130 765
131 326
131 421
131 475
131 593
131 625
131 900
131 943
131 980
132 614
132 625
132 740
132 758
132 914
132 950
133 161
133 221
133 266
133 713
133 946
134 295
135 136
135 200
135 740
135 821
136 201
136 283
136 642
136 657
136 714
137 236
137 281
137 510
137 575
137 975
138 389
138 893
138 898
138 925
139 201
139 466
139 830
139 958
140 186
140 443
140 553
140 625
140 653
140 668
140 796
140 805
141 480
141 717
142 201
142 213
142 267
142 346
142 374
142 455
142 639
143 194
143 249
143 439
143 440
143 688
144 517
144 658
144 803
144 865
144 884
144 919
144 939
144 995
145 279
145 438
145 482
145 619
145 678
145 791
145 881
146 213
146 813
147 433
147 528
147 748
147 844
148 164
148 695
148 834
149 213
149 486
149 576
149 756
150 246
150 368
150 458
150 701
150 826
150 857
151 499
151 714
152 305
152 691
152 737
152 755
152 776
153 182
153 525
153 559
153 635
153 729
153 891
153 897
154 316
154 412
154 548
154 795
154 817
154 819
154 940
155 536
156 381
156 482
156 543
156 579
156 794
157 394
157 682
157 686
157 814
157 840
157 883
158 208
158 240
158 492
158 507
158 985
159 354
159 463
159 484
159 549
159 611
160 625
160 995
161 325
161 388
161 509
161 531
161 948
162 338
162 347
162 681
162 733
162 773
163 191
163 410
163 423
163 635
163 784
163 906
163 988
164 817
164 898
165 689
165 797
166 471
166 598
166 871
167 216
167 244
167 277
167 301
167 330
167 442
167 631
167 735
167 958
168 191
168 302
168 352
168 389
168 645
168 942
169 316
169 670
169 752
170 798
171 272
171 356
171 400
171 434
171 778
171 844
171 954
172 453
172 530
172 610
172 720
172 841
172 963
173 267
174 214
174 446
174 559
174 639
174 915
175 302
175 346
176 198
176 202
176 213
176 323
176 618
176 761
176 779
176 879
177 302
177 460
178 186
178 188
178 262
178 266
178 326
178 427
178 906
179 210
179 315
179 680
179 690
179 951
179 986
180 463
180 853
180 919
181 431
181 590
181 711
181 746
181 972
181 992
182 229
182 326
182 439
182 596
182 608
182 670
182 786
183 406
183 718
183 762
183 763
184 185
184 252
184 354
184 494
184 525
184 963
185 322
185 625
185 727
185 847
186 237
186 426
186 624
186 666
186 667
186 715
186 734
187 287
187 748
187 760
187 898
188 207
188 252
188 285
188 350
188 444
188 511
188 539
188 711
189 246
189 441
189 592
189 609
189 699
189 915
190 240
190 402
190 560
190 583
190 674
190 973
191 297
191 649
191 719
191 758
191 826
192 207
192 277
192 412
193 208
193 215
193 412
193 455
193 698
193 895
194 392
194 614
194 726
194 816
194 920
195 490
195 664
195 844
196 440
196 584
196 755
196 880
196 993
197 234
197 353
197 355
197 404
197 574
197 612
198 442
198 456
198 472
198 584
198 782
198 865
199 411
199 450
199 711
199 920
200 383
200 497
200 558
200 634
200 828
200 872
200 942
200 999
201 270
201 838
201 990
202 566
202 765
202 827
202 854
202 915
202 952
203 680
203 795
203 799
203 858
203 888
203 896
204 214
204 363
204 375
204 429
204 654
204 740
204 854
204 894
204 946
205 369
205 544
205 763
205 771
205 831
206 401
206 466
206 881
207 281
207 354
207 532
207 564
207 607
207 615
207 714
207 718
207 730
207 773
207 933
207 961
208 535
208 641
208 822
208 858
209 249
209 440
209 464
209 554
209 603
209 644
209 726
209 741
209 949
210 358
210 465
210 862
210 983
211 336
211 525
211 540
211 648
211 818
211 911
212 499
212 663
212 876
213 363
213 597
213 666
213 801
214 601
214 707
214 745
214 755
214 846
215 436
215 748
216 248
216 356
216 446
216 555
216 594
217 290
217 445
217 469
217 531
217 553
217 843
217 999
218 356
218 395
218 566
218 692
218 818
218 869
218 928
218 980
219 385
219 403
219 422
219 436
219 926
220 338
220 580
220 801
220 858
220 908
221 263
221 439
222 417
222 542
222 709
222 766
222 857
222 862
222 990
223 668
223 864
224 316
224 414
224 421
224 454
225 247
225 469
225 684
225 749
225 980
226 252
226 324
226 363
226 527
226 594
227 409
227 582
227 604
227 752
227 976
228 409
228 516
228 670
228 760
228 894
229 315
229 319
229 326
229 333
229 557
229 706
229 955
230 787
231 359
231 366
231 438
231 457
232 321
232 376
232 398
232 444
232 695
232 828
232 952
232 960
233 290
233 615
233 808
233 837
234 389
234 432
234 509
234 523
235 273
235 475
235 507
235 527
235 546
235 798
235 876
235 913
236 416
236 644
236 764
236 772
236 887
237 271
237 328
237 666
237 819
237 981
238 631
238 875
238 943
239 294
239 365
239 489
239 700
239 845
240 403
240 464
240 502
240 697
240 846
241 567
241 592
241 812
242 326
242 566
242 954
243 685
243 763
243 926
244 327
244 451
244 599
244 656
244 759
244 808
245 629
245 868
245 898
246 304
246 715
246 738
246 915
246 994
247 559
247 843
248 412
248 462
248 741
248 924
248 928
248 958
249 393
249 396
249 545
249 774
250 360
250 393
250 775
251 923
252 305
252 352
252 373
253 527
253 909
254 290
254 511
254 591
254 762
254 787
254 818
254 938
255 256
255 339
255 621
255 912
256 618
256 665
256 959
257 354
257 389
257 395
257 408
257 820
257 882
259 335
259 529
259 599
259 750
259 838
259 907
260 299
260 534
260 668
261 760
262 349
262 376
262 510
262 627
262 662
263 386
263 458
263 497
263 741
263 844
264 492
264 782
264 795
264 928
265 669
265 977
266 441
266 623
266 736
266 899
267 390
267 420
267 425
267 489
267 685
268 727
268 864
268 908
270 297
270 346
270 453
271 402
271 839
272 318
272 528
272 681
273 311
273 935
274 604
274 624
274 736
275 301
275 757
276 336
276 835
277 283
278 357
278 433
278 483
278 771
278 885
278 942
279 451
279 474
279 505
279 868
279 961
280 332
280 506
280 693
280 859
280 958
280 971
281 339
281 458
281 747
281 901
281 993
282 355
282 392
282 434
282 474
282 484
282 494
282 504
282 592
282 784
282 803
284 400
284 464
284 582
284 689
284 856
284 965
284 975
285 361
285 373
285 393
285 567
285 741
285 899
286 324
286 528
286 562
286 666
286 686
287 353
287 497
287 636
287 799
287 924
287 970
288 574
288 925
289 510
289 702
289 778
290 467
290 567
290 768
291 529
291 611
291 816
291 820
292 345
292 379
292 549
292 578
292 594
292 734
292 777
292 802
292 826
292 924
292 939
293 301
293 484
293 541
293 787
293 983
294 366
294 663
294 713
295 336
295 742
295 849
295 931
295 959
296 596
297 396
297 634
297 958
298 854
299 346
299 528
299 698
299 913
300 313
300 509
300 827
301 577
301 924
302 327
302 599
302 672
302 917
303 392
303 553
303 625
303 700
303 765
303 934
304 384
304 499
305 325
305 494
305 718
305 735
305 813
305 937
305 965
306 433
306 767
306 850
306 989
307 435
307 477
307 480
307 713
307 796
307 830
308 382
308 660
308 670
308 798
308 851
309 474
309 588
309 633
309 916
310 370
310 417
310 487
310 557
310 753
311 421
311 641
311 999
312 314
312 332
312 394
312 411
313 395
313 578
314 563
314 602
314 927
314 989
315 321
315 477
315 644
315 658
315 846
315 855
316 458
316 473
316 796
317 609
318 371
318 455
318 462
318 616
319 408
319 629
319 633
320 511
320 523
320 548
320 649
321 350
321 352
321 518
321 583
321 602
321 750
321 968
322 447
322 948
323 666
323 787
324 542
324 654
324 758
324 783
326 409
326 458
326 521
326 662
326 783
326 952
327 402
327 498
327 786
328 449
328 731
328 777
328 823
328 829
328 989
330 430
330 478
330 700
330 707
330 789
330 864
330 872
331 552
331 589
331 745
331 926
332 364
332 511
332 663
333 373
333 382
333 606
333 613
333 831
333 893
333 914
334 963
335 602
335 644
335 729
335 755
335 906
336 431
336 562
336 601
336 652
336 693
337 436
337 559
337 683
337 875
338 560
338 769
338 801
338 967
339 362
339 416
339 502
339 567
339 610
339 611
339 705
339 713
339 867
340 359
340 601
340 644
340 674
340 706
340 846
340 853
341 492
341 559
342 797
343 413
343 414
343 455
343 783
343 965
344 356
344 473
344 491
344 595
344 693
344 828
345 427
345 672
345 759
345 824
345 879
346 347
346 363
346 470
346 518
346 669
346 852
347 402
347 704
348 629
349 635
349 815
349 848
350 405
350 424
350 483
350 642
350 679
350 739
350 782
350 848
350 863
350 886
351 368
351 499
351 597
351 845
351 878
352 426
352 733
352 737
352 739
352 740
352 930
352 948
353 618
353 644
353 880
353 917
353 933
354 397
354 491
354 838
354 877
354 891
354 896
355 465
355 936
355 938
356 369
356 466
356 479
357 486
358 507
358 623
358 902
359 542
359 577
359 592
359 752
359 865
361 364
361 485
361 571
362 392
362 583
362 607
362 771
363 585
363 596
363 967
363 987
364 670
364 696
364 940
365 422
365 546
365 711
365 924
366 484
366 971
367 550
367 628
368 455
368 783
369 444
369 477
369 936
370 491
370 791
370 863
370 915
371 608
371 660
371 815
371 862
372 508
372 885
372 921
372 941
372 961
373 559
373 758
373 928
374 442
374 496
374 612
374 618
374 831
374 859
376 507
376 736
376 795
376 805
377 463
377 625
377 788
377 817
377 923
377 934
378 428
379 500
379 587
379 702
380 545
380 773
381 393
381 407
381 533
381 622
381 718
382 548
382 630
382 928
383 973
384 639
384 892
385 393
385 527
385 614
386 441
386 459
386 596
386 642
386 673
387 434
387 437
387 568
387 644
387 799
387 897
388 448
388 657
388 973
389 494
389 496
389 520
389 586
390 477
390 840
390 872
392 611
393 420
393 788
393 798
394 448
394 463
394 514
394 895
394 905
395 434
395 465
395 496
395 560
395 817
395 882
395 914
395 949
396 804
397 550
397 582
397 929
398 787
398 868
399 435
399 575
399 636
399 732
400 412
400 501
400 638
400 979
401 444
401 609
401 659
401 785
401 812
401 993
402 639
402 691
402 762
402 777
403 649
404 649
404 685
405 525
405 793
405 834
405 898
406 407
406 477
406 576
406 906
407 505
407 601
407 689
407 787
407 924
408 431
408 481
408 705
408 842
409 538
409 563
409 872
410 470
410 657
410 738
410 796
410 922
411 477
411 591
411 869
411 916
412 596
412 619
412 675
412 730
412 759
412 773
412 935
413 526
413 680
413 697
413 752
413 893
414 557
414 614
414 628
414 633
414 640
414 691
414 708
414 902
414 906
414 926
415 752
415 814
416 564
416 833
416 840
417 569
417 631
417 641
417 654
417 710
418 758
419 542
419 893
419 968
420 589
420 831
420 884
420 943
421 443
421 808
421 909
421 941
422 908
423 714
423 974
424 523
424 559
424 658
424 668
424 976
425 673
425 782
425 917
425 922
426 438
426 660
427 459
427 621
427 687
427 906
428 790
428 988
429 624
429 677
429 779
430 456
430 558
430 625
430 681
430 958
431 587
431 679
431 851
431 856
432 601
432 790
433 459
433 539
433 569
433 648
433 823
434 645
434 782
435 536
435 786
435 852
435 906
435 950
436 750
436 751
437 527
437 747
437 914
438 450
438 591
438 668
439 541
439 624
439 627
439 656
440 856
440 977
441 454
441 708
442 457
442 548
442 651
443 451
443 772
443 828
444 589
444 687
444 689
445 630
445 727
445 768
445 783
446 541
446 959
447 507
447 526
447 659
447 842
447 867
447 882
447 942
447 954
447 988
448 567
448 967
449 617
450 659
450 805
450 969
451 815
451 998
452 749
453 485
454 662
454 755
455 484
455 620
455 865
455 884
456 495
456 527
456 562
456 918
458 460
458 758
458 831
458 871
458 903
459 476
459 538
460 693
460 708
460 936
461 495
461 835
462 515
462 596
462 680
462 809
462 881
463 680
463 812
463 903
463 945
464 604
464 918
464 956
465 592
465 769
466 476
466 768
466 959
467 512
467 926
468 742
468 771
469 636
469 684
469 832
469 937
469 957
470 513
470 518
470 639
470 646
470 772
471 763
471 771
471 814
471 932
472 568
472 610
472 882
473 556
473 745
474 533
474 535
474 574
474 714
475 665
475 800
475 926
475 938
475 966
476 496
476 675
476 842
477 577
477 752
477 817
477 890
478 596
478 617
478 700
478 743
478 755
478 918
478 941
479 768
479 801
479 880
480 601
480 805
480 853
480 859
481 589
481 638
481 744
481 797
482 610
482 681
482 727
482 730
482 787
482 794
482 905
482 917
482 932
483 642
483 655
483 701
483 941
484 593
484 622
485 530
485 680
485 705
485 858
486 794
487 499
487 594
487 725
487 833
487 917
488 721
488 864
489 626
489 917
490 704
490 728
490 853
490 895
491 645
491 738
491 742
491 930
491 935
492 599
492 726
492 763
492 804
492 881
492 924
493 633
493 725
493 752
493 810
494 571
494 716
494 771
494 835
494 956
495 574
495 730
495 733
495 855
495 887
496 790
496 906
496 971
497 538
497 634
497 697
497 905
497 999
498 726
498 825
498 941
499 674
499 759
499 814
500 762
500 807
500 944
501 814
501 995
502 759
503 997
504 606
504 923
505 612
505 664
505 685
506 944
507 527
507 621
507 865
508 706
508 803
508 871
509 945
510 791
510 944
510 995
511 704
511 926
512 840
512 852
513 685
514 714
514 764
514 946
515 720
515 789
515 810
516 660
516 727
516 746
516 798
516 877
517 692
517 944
518 604
518 611
519 543
519 689
520 645
520 794
520 881
521 830
522 545
522 800
523 680
523 861
523 975
524 708
525 598
525 721
525 771
525 827
526 761
526 844
526 981
527 591
527 618
528 667
528 857
528 877
528 992
529 564
529 673
529 746
530 641
530 990
531 785
532 807
532 977
533 608
534 592
535 939
537 669
537 732
537 759
538 678
538 837
539 753
539 803
539 879
539 887
539 899
540 558
540 808
540 820
540 888
540 985
541 585
541 856
541 916
542 694
542 725
543 597
544 665
544 724
545 624
545 670
546 721
546 724
546 828
546 997
547 574
547 613
547 643
547 793
547 811
547 863
547 878
548 579
548 847
549 745
549 848
549 971
550 602
550 692
551 633
551 672
551 823
551 866
551 897
551 932
551 999
552 624
552 894
553 662
553 761
553 873
554 685
554 719
554 854
554 922
555 766
555 786
555 875
555 911
555 991
556 751
556 764
556 802
557 565
557 848
557 981
558 904
558 906
559 923
560 684
560 775
560 967
561 587
561 719
562 723
562 770
562 833
562 869
563 863
565 788
565 962
565 995
566 619
566 746
566 810
567 899
567 968
568 619
568 714
568 996
569 602
570 665
570 712
570 721
570 824
572 772
572 816
573 821
573 919
574 717
574 822
574 849
574 867
575 817
575 857
575 898
576 835
577 692
577 868
577 916
578 735
578 781
578 805
578 918
578 961
579 915
579 944
580 618
580 682
580 837
581 823
582 591
582 657
582 907
582 940
583 728
583 780
584 739
584 806
585 615
585 925
586 597
586 673
586 730
586 794
586 827
586 830
587 738
587 975
587 987
588 860
589 699
589 734
589 780
589 910
590 715
590 950
591 600
591 922
591 955
592 640
592 666
592 822
592 837
592 923
592 973
593 779
593 922
594 605
594 757
595 671
596 677
597 747
598 629
598 812
601 610
601 676
602 788
602 822
602 972
603 647
605 790
605 888
606 752
606 757
606 914
607 647
607 707
607 720
607 745
607 851
607 883
607 936
607 958
608 707
608 757
608 831
608 989
609 740
609 817
609 900
609 903
610 718
611 774
611 883
611 895
611 951
612 790
613 642
613 684
613 764
613 898
614 811
614 907
615 663
615 718
616 656
616 866
616 882
616 987
617 821
618 781
618 936
619 665
619 705
620 751
621 790
622 672
622 909
623 651
623 726
623 750
624 797
624 916
625 951
625 989
626 785
626 952
626 995
627 867
627 880
628 815
629 644
629 696
629 750
629 778
629 786
629 838
629 895
629 999
630 864
631 684
631 877
632 989
633 687
633 903
634 743
634 859
634 877
637 766
638 707
639 787
639 918
641 687
641 826
642 780
642 840
643 677
643 708
643 819
644 854
645 807
645 852
646 838
646 888
647 807
647 861
648 765
648 811
648 922
648 979
649 794
650 711
651 859
651 889
652 681
653 704
653 935
653 972
654 760
654 948
655 767
655 825
655 831
656 704
656 793
656 798
659 867
659 932
660 826
660 968
661 976
662 764
662 836
662 893
662 941
663 722
663 726
664 882
664 912
664 980
665 771
665 870
665 916
665 933
666 688
666 781
666 898
667 784
667 993
669 671
670 732
670 816
670 869
670 976
671 904
672 760
672 788
672 935
674 792
675 828
676 725
676 820
676 895
677 714
678 718
678 725
678 743
678 824
679 801
679 826
682 744
682 901
682 966
683 863
683 905
684 852
684 909
685 799
685 902
686 804
686 877
686 878
687 742
687 803
687 885
687 906
687 918
688 826
688 928
690 728
690 960
690 994
691 812
692 807
694 728
694 802
694 940
694 986
696 803
696 852
696 888
696 948
697 699
697 790
697 913
697 942
698 728
698 745
698 825
698 884
698 922
698 981
701 923
701 929
702 711
702 970
702 982
703 712
703 964
704 707
704 884
705 824
705 862
706 750
706 832
706 878
707 759
707 822
708 727
708 929
708 944
709 719
709 817
710 937
711 823
713 833
713 846
714 915
714 927
714 991
715 926
716 744
716 826
716 915
717 721
717 728
717 997
718 927
718 943
720 726
721 985
722 752
722 946
724 786
724 806
725 834
725 894
726 914
726 946
727 896
728 844
730 766
730 890
730 964
731 827
731 890
732 824
732 984
734 735
734 773
734 838
734 972
735 856
736 830
736 919
737 757
737 772
737 786
737 913
738 957
740 800
742 852
742 917
744 913
745 768
745 857
745 952
746 793
746 852
750 837
752 775
752 982
753 972
754 764
754 977
755 861
759 793
759 847
760 860
760 885
761 973
762 772
762 838
762 983
763 933
763 967
764 775
764 892
764 893
767 864
768 883
769 967
770 793
770 930
771 853
772 902
772 960
773 832
774 889
775 841
775 940
776 779
776 786
776 899
777 845
777 986
779 907
779 932
780 797
780 859
782 834
782 862
782 967
783 987
785 846
785 913
785 923
787 954
787 957
787 960
788 800
790 851
790 957
792 844
793 812
793 845
793 889
794 826
794 827
794 890
794 955
795 874
795 961
797 846
798 847
798 942
799 862
799 950
799 979
803 828
804 823
811 840
811 911
811 989
812 871
814 868
816 851
816 880
816 974
817 836
817 844
817 898
818 862
818 947
819 895
819 973
819 989
820 849
820 916
821 843
822 896
824 883
824 996
825 834
829 922
831 837
831 965
833 885
833 920
834 969
836 869
836 987
837 955
837 970
837 972
838 911
838 920
838 953
838 985
840 849
840 938
841 857
841 955
842 848
843 941
844 939
845 924
846 946
847 959
849 906
849 969
850 864
851 880
851 983
851 993
852 895
854 881
856 929
856 932
856 943
857 864
857 876
857 936
859 927
859 967
860 986
861 880
862 947
862 992
863 867
863 952
863 958
865 935
866 999
868 921
868 939
868 944
869 898
870 881
870 921
873 884
873 958
875 903
876 965
878 931
878 983
881 920
882 958
883 972
884 911
885 910
885 941
887 950
888 967
890 987
891 961
894 992
895 921
895 927
898 921
899 939
906 999
909 989
910 983
912 981
916 998
917 993
921 954
922 951
926 996
929 966
930 946
931 990
935 988
936 963
938 980
940 987
941 982
942 964
942 987
943 961
943 970
945 975
946 947
947 996
949 976
964 987
965 978
965 994
968 978
968 997
974 994
977 994
992 998
