0 28
0 166
0 221
0 493
0 634
0 943
0 957
0 998
1 169
1 204
1 231
1 248
1 584
1 675
1 826
1 874
1 919
2 345
2 786
2 892
3 22
3 53
3 144
3 183
3 433
3 641
4 17
4 230
4 328
4 353
4 564
4 851
4 922
5 187
5 559
5 680
5 945
6 92
6 628
6 787
6 872
7 293
7 509
7 613
8 504
8 571
8 689
9 170
9 549
9 720
9 918
10 157
10 189
10 302
10 319
10 331
10 560
10 629
10 728
10 913
11 29
11 265
11 342
11 442
11 447
11 493
11 501
11 608
11 741
11 787
12 173
12 305
12 345
12 721
12 816
12 939
12 955
13 147
13 153
13 241
13 424
13 593
13 749
13 789
14 558
15 264
15 324
15 337
15 530
15 554
15 984
16 49
16 107
16 388
16 540
16 564
16 602
16 902
16 929
16 936
17 120
17 353
17 369
17 588
17 677
17 679
17 847
17 885
17 982
18 354
18 375
18 488
18 734
18 794
19 84
19 135
19 262
19 846
20 190
20 214
20 219
20 597
20 735
20 812
20 873
20 977
21 113
21 332
21 414
21 501
21 522
21 532
21 611
21 945
22 236
22 636
22 725
22 778
22 911
23 148
23 241
23 292
23 359
23 468
23 622
23 653
23 664
23 797
23 817
23 885
23 962
24 157
24 767
24 995
25 118
25 283
25 576
25 693
25 895
25 929
26 847
27 124
27 579
27 591
27 708
27 865
28 281
28 383
28 659
28 689
28 961
29 120
29 326
29 361
29 482
29 999
30 37
30 76
30 370
30 390
30 457
30 903
31 548
31 619
31 629
31 672
32 126
32 528
32 569
32 674
33 138
33 184
33 408
34 48
34 594
35 125
35 156
35 234
35 309
35 676
35 834
35 891
36 221
37 86
37 136
37 159
37 217
37 280
37 281
37 436
37 507
37 651
37 664
37 880
38 76
38 864
39 44
39 247
39 259
39 373
39 772
39 779
39 934
39 966
40 51
40 119
40 154
40 506
40 586
41 133
41 714
41 766
41 816
41 856
42 125
42 339
42 375
42 589
42 723
42 937
42 971
43 145
43 255
43 314
43 509
43 684
44 114
44 354
44 597
45 274
45 369
45 405
45 579
45 744
45 752
46 62
46 83
46 147
46 336
46 465
46 488
46 628
46 648
46 698
46 743
47 320
47 330
47 623
47 720
47 848
47 874
47 921
47 967
47 976
48 82
48 274
48 365
48 529
48 559
48 679
48 760
49 336
49 771
49 927
50 138
50 342
50 600
50 649
50 746
51 53
51 259
51 343
51 476
51 539
51 748
51 773
51 821
51 867
52 655
52 773
52 787
53 87
53 148
53 365
53 692
53 981
54 358
54 405
54 659
54 683
54 709
54 818
55 80
55 121
55 467
55 544
55 637
55 672
55 736
55 776
55 969
56 172
56 581
56 711
56 872
57 101
57 136
57 161
57 571
58 654
58 703
59 983
60 581
60 659
60 755
60 923
61 185
61 218
61 349
61 583
61 674
61 688
62 236
62 296
62 420
62 422
62 503
62 823
62 928
62 978
63 128
63 354
63 704
63 898
63 993
64 94
64 330
64 935
64 999
65 348
65 510
65 773
66 151
66 168
66 176
66 373
66 422
66 438
66 584
66 715
66 745
66 962
67 108
67 409
67 491
67 585
67 690
67 762
68 133
68 147
68 520
68 607
68 624
68 940
69 246
69 353
69 579
69 640
69 781
69 834
70 124
70 370
70 493
70 507
70 734
70 908
70 966
71 89
71 674
72 241
72 524
72 544
72 877
72 903
72 934
72 995
73 91
73 453
73 591
73 764
73 768
74 351
74 352
74 400
74 582
74 592
74 995
75 108
75 134
75 621
75 836
75 935
76 108
76 538
76 829
76 919
76 997
77 324
77 452
77 601
77 806
77 942
78 140
78 210
78 429
78 632
79 117
79 149
79 278
79 586
79 874
80 505
80 895
80 930
80 974
80 996
81 113
81 138
81 208
81 409
81 460
81 797
81 803
82 162
82 270
82 819
82 896
83 394
83 409
83 760
83 813
84 197
84 337
84 538
84 954
85 178
85 258
85 323
85 354
85 357
85 475
85 477
85 746
86 274
86 675
86 722
86 762
86 922
87 169
87 172
87 218
87 234
87 741
88 467
88 821
88 837
88 891
88 963
89 208
89 384
89 466
89 501
89 597
89 599
89 632
89 656
90 145
90 163
90 335
90 635
90 864
90 890
90 999
91 232
91 798
92 199
92 238
92 689
92 692
92 751
92 924
93 217
93 235
93 243
93 697
93 757
93 919
94 321
95 299
95 572
95 658
95 761
95 868
95 888
96 245
96 695
97 191
97 401
97 477
97 696
97 712
97 865
98 144
98 350
98 543
98 719
98 811
99 343
99 389
99 410
99 694
99 714
100 108
100 326
100 404
100 418
100 677
100 692
100 825
100 855
100 918
101 527
101 556
101 725
102 156
102 313
102 353
102 680
102 683
102 775
102 844
102 995
103 280
103 335
103 526
103 690
104 244
104 430
104 499
104 512
104 550
104 989
105 260
105 301
105 514
105 568
105 608
105 630
105 778
105 784
105 965
106 323
106 437
106 560
106 589
106 781
106 895
106 982
107 342
107 512
107 542
107 713
108 221
108 452
108 638
108 677
108 731
108 903
109 203
109 248
109 308
109 344
109 451
109 577
109 729
109 953
110 167
110 211
110 313
110 433
110 500
110 506
110 560
110 685
111 284
111 477
111 498
111 533
111 569
111 753
111 865
111 867
112 130
112 158
112 190
112 280
112 302
112 654
112 805
112 942
113 472
113 487
113 542
113 737
113 744
113 768
113 848
114 129
114 183
114 193
114 304
114 314
114 379
114 523
114 584
114 764
115 171
115 177
115 574
115 646
115 773
115 785
116 276
116 277
116 339
116 464
116 721
117 300
117 413
117 419
117 453
117 764
118 683
118 890
118 909
119 431
119 568
119 701
119 720
119 796
119 843
119 901
120 516
120 781
120 902
120 985
121 123
121 167
121 462
121 677
121 817
122 153
122 166
122 221
122 399
122 420
122 473
122 502
122 560
122 702
122 883
122 982
123 157
123 205
123 459
123 496
123 891
123 898
124 177
125 311
125 323
125 434
126 275
126 506
127 299
127 586
127 603
127 755
127 806
128 162
128 250
128 604
128 607
128 636
128 744
128 885
129 184
129 206
129 229
129 469
129 516
129 517
129 709
129 800
130 356
130 474
130 579
130 596
130 822
130 871
130 887
130 939
130 940
131 438
131 788
131 845
131 872
132 196
132 240
132 368
132 487
132 750
132 789
133 233
133 639
134 324
134 905
135 154
135 387
135 595
135 629
135 954
136 154
136 518
136 605
136 852
137 371
137 401
137 711
137 727
137 732
137 892
137 894
137 970
138 403
138 734
138 780
138 816
138 865
139 263
139 401
139 402
139 508
139 681
140 503
140 508
140 634
141 177
141 435
141 468
141 483
141 702
141 826
141 908
141 911
142 193
142 292
142 351
142 635
142 779
142 824
142 837
142 855
143 380
143 391
143 417
143 440
143 490
143 727
143 956
144 145
144 375
144 480
144 901
144 964
145 240
145 471
145 741
145 946
145 993
146 261
146 441
146 603
146 863
146 897
146 915
147 245
147 251
147 343
147 544
147 778
148 302
148 351
148 428
148 639
148 739
149 243
149 247
149 261
149 304
149 720
149 923
150 616
150 696
150 802
150 874
151 293
151 314
151 387
151 540
151 701
151 760
151 793
152 540
152 573
153 305
153 307
153 331
153 428
153 504
153 915
153 916
153 958
153 992
153 997
154 430
154 449
154 576
154 771
154 803
155 319
155 517
155 563
155 713
155 872
156 170
156 176
156 194
156 195
156 553
157 369
157 839
158 221
158 459
158 498
158 976
159 638
159 992
160 185
160 285
160 328
160 360
160 377
160 862
160 910
160 976
161 177
161 578
161 741
161 940
162 176
162 602
162 773
163 176
163 234
163 387
163 455
163 543
163 569
163 577
164 338
164 608
164 984
165 249
165 394
165 431
165 549
166 603
166 605
166 989
167 200
167 402
167 541
167 653
168 438
168 634
168 653
168 693
168 782
168 788
168 862
169 570
169 612
170 242
170 327
170 593
170 675
170 829
171 722
171 937
172 401
172 490
172 685
172 889
173 358
173 797
173 874
174 241
174 269
174 713
174 738
174 882
174 905
174 937
175 301
175 641
175 669
175 989
176 281
176 290
176 400
176 441
176 559
176 569
176 793
176 946
176 950
177 321
177 620
177 794
178 283
178 527
178 982
179 270
179 329
179 429
179 527
179 542
179 714
180 363
180 701
180 855
180 869
181 198
181 314
181 487
181 488
181 511
181 552
182 290
182 430
182 464
182 469
182 808
182 910
182 926
183 232
183 577
183 729
183 773
184 308
184 384
184 389
184 525
184 550
184 624
184 930
184 982
185 813
186 315
186 525
186 933
187 615
187 859
187 922
188 193
188 644
188 658
188 798
188 863
189 391
189 589
189 894
189 970
189 988
190 359
190 430
190 732
191 700
191 831
191 838
191 861
191 911
192 370
192 393
192 543
192 650
192 926
192 941
193 458
193 589
193 597
193 636
193 763
194 321
194 523
194 797
194 830
195 239
195 263
195 452
195 540
195 782
195 941
195 951
196 448
196 554
196 620
196 719
196 828
196 946
196 947
197 221
197 422
198 790
198 977
199 231
199 712
200 295
200 311
200 344
200 398
200 492
200 766
201 363
201 368
201 521
201 564
201 629
201 720
202 489
202 501
202 560
202 575
202 903
203 266
203 700
203 743
203 768
204 401
204 470
204 567
204 720
204 816
204 954
205 353
205 857
206 453
206 840
206 860
207 267
207 534
207 536
207 820
207 937
207 956
208 457
208 539
208 540
208 573
209 355
209 619
209 682
209 880
210 269
210 283
210 347
210 365
210 476
210 689
210 712
210 880
211 460
211 497
211 544
211 651
212 411
212 437
212 488
212 755
212 836
212 953
212 999
213 488
213 525
213 624
213 853
213 873
214 221
214 292
214 476
214 597
214 630
214 780
215 261
215 364
215 706
215 855
215 862
216 456
216 511
216 581
216 633
216 717
216 890
217 419
217 471
217 668
217 848
217 948
218 248
218 391
218 547
218 963
219 236
219 527
219 533
219 586
219 615
219 723
219 758
219 785
219 894
219 964
220 227
220 522
220 605
220 987
220 998
221 615
222 244
222 282
222 293
222 423
222 616
222 739
222 810
222 852
222 912
223 444
223 733
223 782
223 915
224 310
224 478
224 727
224 828
224 973
224 997
225 361
225 407
225 437
225 663
225 869
226 316
226 511
226 532
226 686
226 852
227 411
227 533
227 607
227 947
228 607
229 607
230 263
230 632
230 647
230 899
231 492
231 551
231 851
232 350
232 555
232 737
232 873
233 310
233 330
233 347
233 353
233 468
233 494
233 647
233 784
233 817
233 859
234 251
234 478
234 572
234 673
234 743
234 854
234 901
235 311
235 378
235 570
235 580
235 638
235 789
235 885
236 906
237 240
237 373
237 469
237 525
238 331
238 463
238 765
238 951
239 283
239 369
239 387
239 392
239 397
239 533
239 536
239 545
239 990
240 410
240 445
240 718
241 567
241 692
242 350
242 663
242 853
242 962
242 998
243 302
243 512
244 245
244 262
244 596
244 754
244 759
244 763
244 800
245 266
245 483
245 518
245 750
245 838
245 905
245 945
246 252
246 319
246 348
246 479
246 499
246 591
246 661
247 353
247 388
247 536
247 884
247 938
248 364
248 830
248 929
249 293
249 946
250 453
250 748
250 858
251 272
251 436
252 367
252 429
253 641
253 646
253 815
253 926
254 403
254 554
254 596
254 810
254 836
255 482
255 585
255 605
255 981
256 849
257 345
257 582
257 753
257 797
258 428
258 491
258 625
258 659
258 688
258 719
259 504
259 730
259 809
259 862
259 923
259 998
260 419
260 487
260 872
260 985
261 263
261 317
261 363
261 507
261 952
262 313
262 646
262 671
262 745
262 832
262 923
263 308
263 405
263 510
263 611
263 791
264 523
265 424
265 630
265 808
265 997
266 310
266 333
266 428
266 528
266 584
266 847
266 851
266 938
266 967
267 752
267 789
267 865
268 275
268 314
268 689
268 988
269 622
270 424
270 427
271 302
271 399
271 442
271 528
272 308
272 615
272 815
273 356
273 788
273 810
273 857
274 508
274 522
274 664
275 372
275 642
275 722
275 751
275 818
275 845
275 938
276 296
277 489
277 513
277 694
277 890
278 385
278 402
278 649
278 948
278 966
278 998
279 331
279 676
279 901
279 939
279 963
280 339
280 352
280 362
280 648
280 843
280 954
280 982
281 308
281 627
281 734
282 472
282 813
283 377
283 423
283 425
283 574
283 705
283 736
284 532
284 620
284 625
284 923
284 935
285 401
285 477
285 710
285 828
285 937
285 999
286 431
286 441
286 682
286 731
286 789
286 851
287 328
287 755
287 771
288 360
289 354
289 425
289 500
290 294
290 328
290 525
290 571
290 594
290 636
290 770
290 933
290 942
291 315
291 536
291 537
291 609
291 764
292 816
293 317
293 435
293 504
293 570
293 700
293 848
293 912
294 481
294 485
294 507
294 510
294 530
294 613
294 917
294 974
295 399
295 494
295 624
295 993
296 412
296 510
296 549
296 760
296 861
296 893
297 641
297 736
297 965
298 334
298 418
298 499
298 635
298 809
298 879
298 965
299 391
299 454
299 528
299 677
299 750
299 804
299 861
299 921
300 535
300 606
300 865
300 867
300 942
300 949
300 976
301 333
301 373
301 646
301 746
301 988
302 414
302 797
302 937
303 586
303 609
303 898
304 395
304 926
305 555
305 659
305 980
305 983
305 996
306 343
306 406
306 595
306 875
307 386
307 451
307 523
307 984
308 659
308 690
308 863
309 324
309 442
309 624
309 964
309 988
310 365
310 417
310 522
310 828
311 782
312 533
312 636
312 668
312 927
313 351
313 428
313 483
314 347
314 551
314 814
314 833
315 575
315 700
315 813
316 361
316 428
316 458
316 462
316 726
316 797
317 347
317 879
318 357
318 887
319 328
319 407
319 425
319 475
319 633
319 815
319 981
320 341
320 592
321 350
321 526
321 639
321 795
321 838
321 874
323 461
323 480
323 656
323 666
323 731
323 942
324 401
324 647
324 686
324 727
324 744
324 800
324 836
324 914
325 566
325 754
325 835
326 436
326 483
326 610
327 366
327 406
327 580
327 787
327 797
327 979
328 360
328 423
328 924
329 614
329 688
329 806
330 569
330 955
331 375
331 421
331 517
331 588
331 661
331 915
332 427
332 470
332 590
332 732
332 772
332 786
333 480
333 818
333 960
333 972
334 344
334 604
334 610
334 621
334 981
334 986
335 673
335 868
336 407
336 444
336 563
336 603
336 635
336 659
336 725
336 890
337 584
337 765
338 477
338 606
338 647
338 718
338 768
340 344
340 712
341 344
341 387
341 844
341 920
342 651
342 698
342 699
342 911
343 429
343 534
343 619
343 898
344 505
344 719
344 874
344 907
345 369
345 446
345 841
345 844
345 856
346 359
346 775
347 563
347 637
347 934
347 991
348 611
348 658
348 990
349 623
349 803
349 902
350 443
350 775
350 885
350 892
351 537
351 768
351 853
352 402
352 420
352 433
352 435
352 485
352 742
352 852
352 854
353 402
354 451
354 468
354 607
354 760
354 816
354 922
354 967
356 380
356 754
356 923
356 965
357 418
357 640
357 699
358 362
358 440
358 467
358 500
358 748
358 839
358 882
358 922
358 930
359 492
359 568
359 698
359 869
359 901
359 932
359 953
360 519
360 611
360 698
360 843
360 952
361 630
361 716
361 776
361 868
361 985
362 435
362 512
362 559
362 672
362 735
362 853
363 377
363 384
363 422
363 550
363 578
363 899
364 487
364 662
364 683
365 476
365 539
365 691
365 754
365 871
365 920
365 922
366 405
366 440
366 460
366 477
366 783
366 891
367 397
367 430
367 845
367 900
369 370
369 640
369 806
369 845
369 931
370 437
370 441
370 459
370 684
370 775
370 813
370 976
371 468
371 812
371 926
371 973
371 981
372 824
372 842
373 445
373 514
373 607
373 663
374 762
374 792
374 794
374 914
375 409
375 660
375 960
376 419
376 434
376 555
376 651
376 672
376 877
376 887
376 889
376 903
377 483
377 841
377 862
378 615
378 800
378 887
378 935
379 380
379 527
379 613
379 775
379 880
379 910
379 970
380 544
380 548
380 639
380 750
380 797
381 821
381 862
382 408
382 468
382 481
382 536
382 923
382 932
383 389
383 580
383 617
383 860
384 497
384 605
384 738
385 640
385 799
385 881
385 949
386 414
386 548
386 585
386 745
386 805
387 520
387 614
387 779
387 876
387 904
387 918
387 941
387 989
388 570
388 638
388 843
388 936
389 733
389 894
390 414
390 520
390 569
390 651
390 861
391 392
391 536
391 589
391 726
391 970
392 401
393 602
393 647
393 658
393 858
393 968
394 496
394 759
394 892
395 408
395 728
395 926
396 814
396 997
397 452
397 455
398 482
399 794
399 856
400 538
400 586
400 709
400 710
400 868
401 530
401 743
402 473
402 862
402 906
402 939
403 560
403 779
403 834
404 820
404 873
404 911
405 467
405 533
406 423
406 651
406 664
406 689
407 562
407 851
408 465
408 627
408 826
408 860
409 424
409 454
409 524
410 958
410 977
411 594
411 682
411 845
411 984
411 985
412 498
412 630
413 651
413 817
413 943
414 716
414 852
414 978
414 985
414 998
415 673
415 938
416 842
416 974
417 574
417 725
417 787
418 561
419 475
419 593
419 808
419 936
420 971
421 528
421 937
421 993
422 559
422 911
423 448
423 801
423 850
424 433
424 485
424 539
424 591
425 509
425 533
425 699
425 936
425 976
426 505
426 513
426 547
426 655
426 769
426 814
426 903
427 982
428 664
428 995
429 480
429 495
429 515
429 522
429 548
429 596
429 701
429 714
429 852
430 612
430 614
430 803
431 590
431 639
431 831
431 914
432 457
432 560
432 599
432 661
432 684
432 843
432 915
433 452
433 830
434 670
435 439
435 569
435 713
435 722
435 770
435 801
436 478
436 547
436 630
436 971
437 606
437 838
438 469
438 531
438 579
438 732
439 898
440 475
440 704
440 727
440 764
441 836
441 862
441 897
442 495
442 672
442 810
443 491
443 591
443 599
443 674
443 678
444 576
444 623
444 654
444 698
444 831
445 508
445 798
446 710
446 716
447 506
447 519
447 572
447 973
448 787
449 523
449 592
449 638
449 698
449 762
449 819
449 956
449 983
450 488
450 656
450 856
451 487
451 646
451 956
452 453
452 491
452 767
452 879
453 476
453 701
453 751
453 807
454 513
454 634
454 769
454 779
454 804
454 875
454 909
455 566
455 627
455 810
455 860
456 651
456 873
456 941
457 749
457 940
457 966
458 688
458 785
459 577
459 640
459 723
459 950
460 679
460 786
460 823
460 890
461 530
461 668
461 689
461 715
461 779
461 854
462 675
462 921
462 996
463 529
463 541
463 545
463 558
463 629
463 697
463 876
463 894
463 902
464 720
464 841
465 685
465 747
468 538
468 669
468 781
468 853
469 577
469 833
470 576
470 609
470 700
470 727
470 736
471 653
471 828
471 912
471 921
471 985
472 582
472 627
472 647
472 650
472 724
472 764
472 911
472 944
472 977
473 482
473 539
474 598
474 801
474 824
475 535
475 685
475 702
476 511
476 649
476 793
476 853
477 590
477 666
477 804
477 858
477 954
478 628
478 712
478 845
479 648
479 699
479 739
479 822
479 881
479 938
480 546
480 862
481 653
481 840
482 557
482 777
482 805
482 814
482 929
483 570
483 798
483 903
484 499
484 739
484 870
485 582
485 622
485 684
485 753
486 564
486 832
486 839
487 598
487 679
487 946
487 972
488 674
488 877
489 493
489 774
489 818
489 846
489 960
489 961
490 747
490 772
491 505
491 515
491 614
491 728
491 764
492 665
492 924
493 499
493 561
493 716
494 550
494 552
494 614
494 655
495 501
495 608
495 625
495 630
495 785
495 968
496 658
496 944
496 959
497 816
498 644
498 792
498 885
499 708
499 753
499 815
501 789
501 864
502 589
502 618
502 736
502 799
502 921
502 922
503 886
503 938
504 609
504 645
504 757
505 735
505 850
505 920
505 923
506 540
506 567
506 677
506 896
506 917
506 935
507 758
508 687
508 845
508 860
510 889
510 971
511 649
511 675
511 677
511 736
511 836
512 521
512 561
512 759
512 794
513 682
513 896
513 910
513 956
514 656
515 632
515 636
515 716
515 830
515 994
516 525
516 704
516 723
516 759
516 855
517 594
517 757
517 821
517 851
517 978
518 563
518 961
518 984
519 992
520 936
521 527
521 575
521 683
521 723
521 734
521 975
522 563
522 892
523 762
523 807
523 901
523 974
524 877
524 941
524 952
524 977
525 638
525 846
525 965
526 633
526 813
526 916
527 637
527 935
528 720
528 749
528 803
528 876
528 915
529 668
529 878
529 907
530 607
530 988
531 583
531 755
531 892
532 840
532 944
533 589
533 835
533 842
533 861
535 542
535 569
535 680
535 860
535 898
536 546
536 690
537 564
537 669
537 673
537 702
538 587
538 672
538 998
539 714
539 751
539 757
539 787
539 789
539 841
540 555
540 685
540 770
540 879
540 931
541 857
541 927
542 580
542 606
543 594
543 667
543 783
544 806
545 636
545 692
545 871
545 895
545 969
546 905
547 561
547 573
547 625
547 654
547 930
548 673
548 782
549 860
549 873
550 643
550 884
551 595
551 658
551 666
551 898
551 957
551 996
552 599
552 754
552 983
553 613
553 622
553 806
553 939
554 695
554 715
554 885
554 977
555 616
555 844
555 911
555 964
556 640
556 695
556 729
556 820
557 801
558 569
558 663
558 939
559 847
559 863
560 577
560 839
560 944
561 916
562 636
562 821
562 885
562 997
564 646
564 827
564 861
565 611
565 627
565 670
565 911
566 608
566 961
568 747
568 905
569 860
569 984
570 653
570 771
570 785
570 810
571 575
571 729
571 910
574 902
575 648
575 678
576 854
577 670
578 693
578 934
578 981
579 626
579 744
579 857
579 974
580 780
580 941
581 704
581 765
581 914
581 992
582 918
583 947
583 960
584 661
584 930
585 590
585 765
585 767
585 961
586 623
586 820
587 853
589 797
589 937
590 754
590 885
590 923
591 662
591 769
591 797
591 858
591 876
592 865
593 748
594 738
594 940
595 623
595 688
595 720
595 793
595 892
596 635
596 709
596 771
596 949
597 816
598 700
598 925
599 709
599 762
599 790
599 835
600 659
600 665
600 776
600 795
600 970
600 991
601 710
601 795
601 998
602 619
602 670
602 685
603 892
603 898
604 620
604 843
605 629
605 663
605 805
605 839
607 699
608 629
608 752
609 669
609 701
609 768
610 678
610 963
611 675
611 984
612 747
612 893
612 901
612 986
613 772
613 813
614 678
615 935
617 969
617 999
618 722
618 945
618 949
619 908
620 635
620 737
621 920
622 691
622 700
622 706
622 816
622 862
623 724
623 853
625 719
625 787
625 914
626 807
626 998
627 683
627 718
627 741
628 940
628 971
629 763
629 869
630 694
630 736
630 888
631 852
631 882
631 935
632 740
632 799
632 867
632 886
633 864
633 973
634 705
634 840
635 897
635 980
636 946
638 765
638 771
638 793
639 735
640 708
640 972
641 830
641 848
642 771
642 999
645 680
645 870
648 711
648 768
648 783
648 804
648 847
648 963
648 994
649 720
649 807
649 821
650 908
650 966
651 818
651 992
652 657
652 898
652 933
653 721
653 783
654 786
654 860
654 938
655 666
655 750
655 904
656 855
657 850
658 792
659 979
660 673
661 782
661 927
663 664
663 733
663 779
664 740
664 999
665 839
665 865
665 982
665 995
667 716
667 720
667 784
668 928
669 766
669 960
670 744
670 978
671 774
672 808
673 712
673 777
673 864
674 746
675 856
675 900
676 877
676 910
676 954
676 962
678 786
678 818
678 853
679 806
679 879
680 702
680 722
680 874
682 777
682 926
683 719
683 727
683 805
683 933
684 711
684 757
684 758
684 805
684 834
684 841
684 915
685 788
686 799
686 824
686 977
687 707
687 855
687 908
687 974
688 971
689 918
690 914
690 942
690 961
691 780
693 874
693 954
694 710
695 855
696 796
696 798
696 831
696 834
697 816
697 935
697 965
697 973
698 798
698 799
698 949
699 857
700 794
700 874
701 784
701 989
703 894
705 832
707 970
708 799
708 851
708 855
708 982
709 911
710 799
711 727
711 871
712 826
712 902
713 908
713 950
714 853
714 932
716 925
717 945
718 721
718 822
718 954
718 978
719 937
719 986
721 793
721 888
721 935
721 938
721 959
722 918
724 776
726 860
726 929
727 790
727 934
727 958
731 792
731 932
732 735
732 765
732 791
733 798
736 974
739 796
739 970
739 976
740 749
740 806
740 956
742 802
743 867
744 745
744 747
744 784
744 801
744 838
746 984
747 873
748 879
751 792
752 851
752 863
752 963
753 865
753 954
756 795
756 824
757 808
757 836
759 808
759 895
763 891
765 820
765 900
765 921
765 970
767 897
768 975
768 990
772 820
772 936
773 926
774 922
774 943
774 958
774 973
774 985
775 890
777 906
777 962
778 795
779 790
779 878
780 792
780 946
782 815
782 921
782 994
783 895
784 983
785 803
789 792
789 824
789 913
789 981
789 999
790 975
791 865
791 897
791 954
793 805
793 811
793 884
794 881
794 974
794 984
796 833
797 820
797 839
797 880
797 943
798 930
799 993
800 819
801 897
801 901
802 876
804 839
804 843
804 987
805 856
806 876
806 904
809 934
810 820
810 896
811 939
812 933
813 891
813 962
814 930
815 833
815 860
815 910
816 971
817 822
817 848
817 868
817 949
818 900
818 912
818 917
822 987
823 824
823 889
824 872
825 925
826 860
828 889
832 833
832 875
832 926
833 977
834 890
834 994
835 934
835 951
837 904
841 867
841 901
843 893
846 883
846 917
846 983
847 952
849 863
850 921
851 907
853 900
855 876
855 914
856 867
858 895
858 913
859 928
860 894
864 964
865 967
865 988
866 989
867 889
867 913
868 883
868 915
869 877
869 911
869 914
871 881
872 905
872 906
874 888
875 891
876 877
876 944
879 980
880 911
883 960
884 908
884 973
885 987
888 912
889 932
890 898
890 998
891 917
892 971
895 913
901 941
902 952
904 918
905 935
906 911
906 985
907 914
910 950
911 969
911 977
911 987
912 946
915 922
917 950
920 933
926 939
935 961
938 958
938 988
940 963
943 992
944 965
948 960
954 993
955 992
965 975
965 996
968 990
969 980
980 987
983 994
