0 53
0 237
0 327
0 415
0 490
0 558
0 759
0 942
1 213
1 418
1 459
1 653
1 655
1 680
1 813
1 831
1 957
2 41
2 294
2 492
2 651
2 724
2 734
2 750
2 754
2 812
2 999
3 154
3 246
3 428
4 196
4 322
4 335
4 357
4 495
4 679
4 731
5 7
5 127
5 270
5 869
6 114
6 271
6 277
7 21
7 145
7 266
7 698
8 229
8 425
8 430
8 817
8 908
9 486
9 565
9 636
9 807
10 438
10 724
10 787
12 72
12 77
12 300
12 351
12 478
13 429
13 827
13 893
14 47
14 64
14 108
14 166
14 173
14 176
14 386
14 510
14 520
14 597
14 650
14 685
14 864
14 919
14 964
15 19
15 44
15 211
15 432
15 618
15 724
16 65
16 100
16 161
16 310
16 437
16 648
16 741
16 775
16 973
17 372
17 529
17 599
17 711
17 877
17 977
18 163
18 461
18 679
18 816
19 29
19 59
19 104
19 202
19 261
19 558
19 687
19 799
19 803
19 895
20 34
20 199
20 287
20 371
20 636
20 651
20 655
20 803
21 253
21 277
21 349
21 387
21 484
21 619
22 159
22 227
22 362
22 390
22 527
22 534
22 665
22 754
22 837
23 44
23 169
23 246
23 391
23 593
23 708
23 760
24 74
24 183
24 275
24 316
24 494
24 807
24 905
25 79
25 355
25 398
25 671
25 862
25 872
26 153
26 360
26 551
26 575
26 714
26 883
26 913
26 986
27 69
27 103
27 547
27 736
27 835
27 990
28 303
28 320
28 437
28 628
28 682
28 902
29 607
29 937
29 982
30 141
30 514
30 672
30 676
30 755
30 852
30 866
30 918
31 50
31 176
31 208
31 306
31 398
31 426
31 453
31 488
31 494
31 661
31 688
31 701
31 751
31 850
32 36
32 605
32 996
33 240
33 582
33 713
33 746
33 756
33 757
33 769
33 870
33 944
34 162
34 205
34 621
34 800
34 810
35 95
35 724
35 907
35 975
36 301
36 509
36 601
36 657
36 728
36 778
36 856
36 873
36 932
36 990
37 164
37 293
37 401
37 731
38 87
38 200
38 343
38 628
38 663
38 751
38 859
38 932
39 86
39 237
39 387
39 478
39 479
39 625
39 843
39 968
40 547
40 711
40 728
40 899
41 155
41 158
41 247
41 399
41 461
41 531
41 951
42 161
42 338
42 660
42 790
43 93
43 106
43 411
43 597
43 973
44 94
44 160
44 514
44 626
44 831
45 99
45 140
45 330
45 418
45 941
46 163
46 242
47 75
47 235
47 824
48 162
48 168
48 308
48 359
48 368
48 882
49 148
49 407
49 443
49 615
49 827
49 940
50 716
51 105
51 321
51 322
51 350
51 379
51 400
51 582
51 682
51 786
52 79
52 111
52 121
52 178
52 220
52 423
52 433
53 116
53 186
53 245
53 475
53 541
53 768
53 788
53 840
53 903
54 77
54 344
54 403
54 409
54 582
54 991
55 81
55 848
56 86
56 758
56 947
56 962
57 64
57 89
57 337
57 922
58 83
58 349
58 716
58 739
59 129
59 276
59 325
59 438
59 541
59 766
59 799
60 62
60 389
60 473
60 488
60 631
60 798
61 166
61 487
61 559
61 812
61 925
62 115
62 176
62 236
62 318
62 518
62 533
62 563
62 681
62 751
62 826
62 829
62 865
62 990
63 378
63 702
63 757
63 801
64 101
64 125
64 220
65 360
65 394
65 543
65 592
65 819
66 235
66 354
66 399
66 880
67 237
67 306
67 361
67 446
67 743
68 449
68 967
69 314
69 831
70 234
70 399
70 587
70 955
71 278
71 317
71 357
71 467
71 550
71 745
72 313
72 626
72 683
72 785
72 936
72 967
73 120
73 389
73 693
73 853
73 854
74 249
74 517
74 698
74 897
75 227
75 265
75 369
75 442
75 514
75 771
75 921
75 990
76 85
76 99
76 185
76 240
76 503
76 663
76 686
76 742
76 743
76 961
77 601
78 297
78 330
78 477
78 812
78 965
79 225
79 237
79 555
79 834
80 221
80 351
80 580
80 926
81 148
81 158
81 345
81 505
81 513
81 548
81 554
81 566
81 801
81 807
82 172
82 342
82 454
82 574
82 682
82 886
83 130
83 187
83 289
83 497
83 521
83 760
83 868
84 234
84 425
84 698
84 754
84 827
84 974
85 217
85 283
85 354
85 556
85 648
86 160
86 168
86 296
86 303
86 327
86 383
86 409
86 558
86 580
86 745
86 747
86 829
87 90
87 215
87 266
88 127
88 395
88 440
88 476
88 719
89 263
89 424
89 476
89 650
90 165
90 545
90 969
90 975
91 195
91 393
91 687
91 808
91 812
92 206
92 359
92 516
92 770
93 222
94 148
94 337
94 481
94 797
95 122
95 186
95 316
95 506
95 745
95 751
95 881
95 908
96 166
96 349
96 388
96 871
97 789
97 870
97 980
98 188
98 449
98 540
98 600
98 955
98 989
99 245
99 263
99 566
99 714
99 797
99 838
99 970
100 133
100 231
100 267
100 291
100 432
100 455
100 475
100 527
100 541
100 773
100 812
100 838
101 474
101 500
101 516
101 594
102 213
102 248
102 311
102 456
102 828
103 527
103 549
103 738
104 351
104 487
104 995
105 474
105 666
105 785
106 505
106 523
106 658
106 756
106 772
106 895
106 917
107 153
107 302
107 735
107 762
107 930
107 966
108 472
108 618
108 686
108 756
109 284
109 311
109 429
109 430
109 544
109 609
109 634
109 981
109 996
110 197
110 214
110 320
111 286
111 616
112 204
112 237
112 285
112 410
112 438
112 631
112 647
112 775
113 341
113 358
113 736
113 798
113 863
113 875
114 299
114 315
114 532
115 141
115 786
116 194
116 308
116 511
116 804
116 899
117 716
117 896
118 248
118 279
118 714
118 735
118 748
118 818
118 825
118 841
119 669
119 733
119 966
120 449
120 570
120 855
120 977
121 319
121 402
121 653
121 753
121 806
121 940
121 956
122 150
122 305
122 309
122 360
122 431
122 693
122 793
122 920
123 135
123 436
123 523
123 776
123 882
124 283
124 699
125 505
125 693
126 676
126 860
126 868
126 875
126 890
126 915
127 320
127 405
127 435
127 463
127 511
127 717
127 839
128 170
128 248
128 283
128 474
128 943
129 230
129 256
129 299
129 596
129 690
129 747
129 943
130 134
130 162
130 350
130 453
130 460
130 494
130 661
130 673
131 210
131 420
131 448
131 584
131 758
131 976
132 338
132 442
132 518
132 596
132 989
133 512
133 533
133 681
133 965
134 491
134 920
135 380
135 396
135 579
135 657
135 685
135 992
136 163
136 382
136 758
136 927
137 418
137 490
137 517
137 533
137 604
137 653
137 887
137 968
137 975
138 204
138 702
138 893
139 304
139 486
139 812
140 337
140 811
140 848
141 482
141 524
141 582
141 752
142 226
142 298
142 438
142 528
142 677
142 935
142 976
143 440
143 465
143 575
144 515
145 190
145 467
145 725
146 175
146 177
146 297
146 479
146 609
146 637
146 732
146 765
146 810
146 940
147 395
147 406
147 417
147 539
147 864
147 907
147 913
148 306
148 317
148 328
148 538
148 726
148 971
149 174
149 294
149 547
149 601
149 643
149 885
149 948
150 213
150 309
150 454
150 537
150 573
150 664
150 705
150 856
150 983
151 161
151 361
151 682
152 247
152 303
153 242
153 260
153 309
153 327
153 371
153 474
153 493
153 579
153 741
154 340
154 531
154 829
154 869
154 937
155 166
155 434
155 633
155 899
155 965
156 298
156 734
156 754
156 769
157 369
157 620
158 162
158 191
158 418
158 440
158 473
158 547
158 676
158 686
158 860
158 891
159 511
159 669
160 283
160 493
160 538
160 606
160 710
160 738
161 273
161 744
162 477
162 528
162 580
162 684
162 972
163 414
163 772
163 791
163 944
164 197
164 297
164 570
164 837
164 845
164 935
164 951
165 214
165 269
165 384
165 436
165 483
165 485
165 486
165 645
165 772
166 586
166 784
166 786
166 866
166 986
167 310
167 460
167 503
167 787
167 856
167 996
168 252
168 319
168 422
168 521
168 843
169 233
169 619
169 786
169 805
170 707
170 791
171 257
171 737
172 252
172 265
172 385
172 456
172 480
172 700
172 741
172 917
172 965
172 971
173 415
173 706
174 201
174 514
174 668
175 213
175 405
175 494
175 538
175 574
175 633
175 654
176 179
176 369
176 442
176 468
176 469
176 558
176 857
177 213
177 464
177 492
177 918
177 927
177 955
178 415
179 224
179 471
179 757
179 936
180 358
180 409
180 508
180 638
181 294
181 327
181 484
181 668
181 713
181 812
182 185
182 296
182 511
182 630
182 762
183 389
183 487
183 494
183 574
183 786
184 185
184 688
184 884
184 898
184 973
185 201
185 224
185 334
186 388
186 479
186 580
186 613
186 757
186 785
186 808
186 839
186 926
187 205
187 406
187 518
187 561
187 629
188 363
188 488
188 806
188 896
189 892
190 547
190 989
191 443
191 575
191 835
191 922
192 357
192 468
192 646
192 740
192 815
192 959
193 434
193 774
193 783
193 893
193 914
193 987
193 989
194 241
194 708
194 863
194 864
195 705
195 789
195 810
195 822
195 918
196 217
196 844
196 883
196 994
196 998
197 291
197 884
197 947
198 466
198 591
198 603
199 510
199 579
199 618
199 649
199 679
199 737
199 791
199 883
200 379
200 430
200 466
200 641
200 835
200 901
200 969
201 210
201 376
201 725
202 283
202 554
202 661
202 739
203 346
203 687
203 705
203 940
203 963
204 281
204 574
205 317
205 359
205 449
205 880
205 962
206 263
206 578
206 935
207 575
207 593
207 655
207 820
207 950
207 969
208 469
208 921
209 245
209 269
209 280
209 405
209 506
209 643
209 737
209 808
209 991
210 405
210 672
211 532
211 602
211 630
211 687
211 961
212 414
212 635
212 771
212 944
213 473
213 684
213 826
213 838
213 858
213 895
213 952
214 328
214 506
214 553
214 906
215 225
215 382
215 409
215 522
215 786
215 826
216 373
216 528
216 570
216 786
216 908
217 517
217 523
217 700
218 241
218 246
218 362
218 486
218 663
218 676
218 707
218 789
219 719
219 863
220 590
220 597
220 729
220 759
221 404
221 522
221 582
221 586
221 884
222 675
222 762
222 880
223 361
223 463
223 748
223 833
223 878
223 904
223 993
224 311
224 428
224 435
224 483
224 886
225 357
225 811
226 276
226 394
226 472
226 958
227 242
227 403
227 616
227 955
228 407
228 996
229 495
229 636
229 801
229 934
229 968
230 517
230 542
230 601
230 629
230 957
231 400
231 982
231 984
232 345
232 370
232 417
232 471
232 591
232 627
232 779
233 271
233 458
233 843
234 346
235 299
235 342
235 927
235 965
236 332
236 341
236 352
236 582
236 663
236 762
236 789
236 823
236 912
236 974
237 335
237 382
237 572
237 868
238 296
238 329
238 351
238 506
238 648
238 888
239 559
240 486
240 812
240 938
240 967
241 612
241 623
242 272
242 319
242 651
242 692
243 576
243 617
243 738
243 806
243 899
244 791
244 807
245 368
245 475
245 554
245 641
245 777
245 819
245 837
245 867
245 943
246 398
246 825
247 401
247 784
247 931
247 961
247 998
248 293
248 758
249 452
249 726
249 729
250 296
250 297
250 448
250 583
250 584
250 702
250 907
251 295
251 553
251 823
252 560
252 604
253 295
253 490
253 662
254 652
254 796
254 917
254 973
255 499
255 933
256 264
256 316
256 574
256 600
258 304
258 536
258 720
258 733
258 790
259 356
259 462
259 527
259 595
259 730
259 840
259 945
260 395
260 398
260 729
260 811
260 909
260 969
261 280
261 496
261 546
261 574
261 875
262 345
262 611
262 750
262 799
262 804
262 835
262 849
262 919
262 975
263 395
263 522
263 565
263 721
263 736
263 994
264 542
264 579
264 627
265 341
265 860
266 294
266 480
266 505
266 775
267 422
267 490
267 518
267 580
267 776
268 390
268 615
268 618
268 812
268 906
268 939
269 309
269 493
269 550
269 635
269 657
269 860
269 871
270 433
270 498
270 821
271 319
272 322
272 446
273 396
273 681
273 762
273 801
273 805
273 951
274 420
274 468
274 490
274 511
274 686
274 775
274 810
275 324
275 437
275 676
275 976
276 385
276 468
276 650
277 568
277 867
277 875
278 600
278 684
278 817
278 838
278 986
279 521
279 787
279 887
280 401
280 615
280 676
280 787
280 943
280 968
280 982
281 347
281 578
282 771
282 970
283 609
283 659
283 880
284 364
284 408
284 525
284 626
284 762
284 933
286 601
286 633
286 798
287 840
287 954
288 333
288 410
288 530
288 726
288 825
288 857
288 907
289 343
289 956
290 474
290 509
290 532
290 703
290 774
290 929
291 454
291 613
291 800
291 868
291 898
292 365
292 399
292 821
293 900
294 461
294 935
295 516
295 641
296 409
296 518
296 553
296 807
297 760
297 943
298 349
298 973
299 377
299 723
299 926
300 320
300 983
301 505
301 559
302 311
302 391
302 932
303 563
303 618
303 661
303 779
303 805
304 390
304 696
304 963
306 324
306 603
306 682
306 708
306 750
306 852
307 396
307 547
307 561
307 909
307 965
308 488
308 746
308 884
308 943
309 509
309 700
309 746
309 784
309 889
309 916
310 428
310 459
310 479
310 667
310 730
310 785
310 996
311 634
311 706
311 713
311 787
311 912
312 372
312 435
312 703
312 877
312 989
313 354
313 419
313 595
313 608
313 765
313 882
314 374
314 429
314 903
315 447
315 791
316 492
316 702
316 789
316 805
316 919
316 973
317 525
317 692
317 984
318 392
318 543
318 757
319 561
319 907
320 470
320 505
320 630
320 659
320 702
320 783
320 874
320 945
321 370
321 419
321 652
322 442
322 544
322 871
322 892
323 649
323 759
324 497
324 772
324 822
324 925
325 544
325 593
325 678
325 872
325 946
326 662
326 981
327 363
327 533
327 715
328 552
328 592
328 761
329 476
329 831
329 850
329 913
330 746
330 974
331 406
331 477
331 481
331 594
331 929
332 386
332 425
332 642
332 930
332 984
333 372
333 434
333 936
333 937
334 419
334 460
334 477
334 662
335 392
335 456
335 818
335 905
335 999
337 440
337 836
337 956
338 673
338 874
338 992
339 403
339 420
339 702
339 749
340 485
340 491
340 524
340 703
340 788
340 812
340 889
340 985
341 909
341 968
342 356
342 777
342 778
342 845
342 934
342 960
343 511
343 533
343 550
343 560
343 632
343 654
343 673
343 825
344 703
344 765
344 857
344 921
345 671
345 776
345 912
346 586
346 780
346 808
346 856
347 550
347 634
347 639
347 750
348 651
348 668
348 696
348 822
348 883
348 935
348 959
349 927
350 940
351 491
351 865
351 964
351 970
352 672
353 788
353 961
354 468
354 476
354 564
354 611
354 621
354 715
354 827
354 890
354 901
355 470
355 967
356 534
356 747
356 798
356 818
356 847
356 896
356 902
356 925
357 642
357 748
357 988
358 445
359 476
359 762
359 912
359 937
360 649
360 891
360 928
361 500
361 565
361 881
362 366
362 466
362 873
362 912
362 951
363 483
363 503
363 708
363 947
363 992
364 726
365 669
366 767
366 930
367 506
367 586
367 828
367 975
368 452
368 881
368 891
369 749
369 793
369 918
369 991
370 689
370 730
371 755
371 897
372 401
372 585
372 740
372 763
372 772
372 913
373 741
373 773
373 811
373 829
373 891
373 999
374 411
374 425
374 468
374 653
374 873
374 913
375 468
375 988
375 992
376 385
376 607
376 774
377 621
377 684
377 704
377 741
377 878
378 506
378 796
378 814
378 907
379 453
379 814
379 998
380 490
380 771
381 564
381 572
381 595
381 606
382 397
382 601
382 631
382 712
383 591
383 853
384 617
384 789
385 386
385 725
386 784
386 892
386 942
387 759
387 779
387 954
388 442
388 584
388 811
388 878
388 937
389 421
389 809
389 872
389 967
390 676
390 744
390 824
390 927
391 556
391 561
391 644
391 981
392 486
392 963
393 561
393 740
393 804
393 857
394 716
395 856
395 887
396 511
396 575
396 602
396 620
396 667
396 844
397 899
398 506
398 570
398 771
398 808
399 431
399 437
399 479
399 541
399 683
399 749
399 843
400 454
400 543
400 772
400 823
401 703
401 708
401 831
402 533
402 652
402 917
403 579
403 635
403 793
404 448
404 760
404 970
405 460
405 601
405 684
405 731
405 953
406 435
406 549
406 576
406 940
408 531
408 694
408 896
408 909
409 484
409 614
409 814
409 821
409 845
410 447
410 805
410 919
411 542
411 772
411 896
412 479
412 502
412 744
412 826
413 446
413 465
413 838
414 488
414 495
414 546
414 692
414 737
414 775
414 820
414 826
414 831
414 939
415 972
416 684
416 812
416 823
416 851
416 901
417 682
417 728
417 816
417 846
417 897
417 911
418 573
418 644
418 960
419 514
419 528
419 903
420 467
420 554
420 809
421 530
421 584
421 703
421 798
421 803
421 861
422 647
422 822
422 836
423 433
423 568
423 643
423 665
424 576
424 599
424 688
424 741
424 775
425 584
425 907
425 984
426 577
426 675
426 776
426 789
427 653
427 797
427 828
428 541
428 844
429 642
429 711
429 778
429 921
430 868
431 491
431 704
431 727
431 862
431 914
431 992
432 490
432 654
432 695
432 867
432 990
432 992
434 468
434 501
434 669
434 785
435 616
435 761
436 702
436 890
437 445
437 600
437 855
437 970
438 555
438 660
438 757
438 919
438 941
438 994
441 614
441 846
441 887
442 816
442 837
442 884
442 899
443 540
443 542
443 626
443 837
443 866
444 849
444 917
444 938
445 559
445 859
445 943
446 507
446 817
446 890
447 543
447 597
448 464
448 515
448 640
448 776
448 843
449 532
449 604
449 744
449 952
449 963
449 999
450 522
450 685
450 980
451 654
451 731
451 783
451 919
451 948
452 453
452 641
452 686
452 917
453 705
453 883
453 999
454 593
454 954
455 567
455 854
455 873
456 587
456 869
457 627
458 839
459 694
459 931
460 555
460 668
461 606
461 650
461 824
462 681
462 907
463 606
463 624
463 694
463 794
463 984
464 816
464 895
465 505
465 835
465 864
465 886
465 916
466 595
466 687
466 915
466 927
468 506
468 570
468 630
468 653
468 779
468 825
469 732
469 739
469 944
469 961
469 996
470 488
470 765
470 903
471 515
472 476
472 520
472 694
473 504
473 601
473 726
473 863
473 895
473 933
474 542
474 733
474 916
476 772
476 826
476 905
477 831
477 877
478 682
478 722
478 788
478 884
479 759
480 611
480 796
480 888
480 975
481 559
481 560
481 633
481 698
481 929
482 496
482 536
482 746
482 783
483 532
483 627
483 789
483 951
484 541
484 697
484 718
484 800
484 872
485 706
485 851
485 938
486 493
486 846
486 957
487 561
487 566
487 972
488 575
488 633
488 763
488 772
488 852
488 861
488 881
489 670
489 724
490 504
490 778
490 809
491 524
491 714
492 633
493 567
493 787
493 824
493 839
493 903
494 678
494 898
495 630
495 722
496 602
496 705
496 962
497 530
497 692
497 792
498 552
498 761
498 869
499 573
499 723
499 852
499 964
500 754
500 782
500 798
501 597
501 837
503 658
503 860
503 912
504 820
505 735
505 827
506 567
506 734
506 940
507 597
507 960
507 966
508 724
509 864
509 887
509 985
510 835
510 855
511 544
511 788
511 825
512 539
512 838
512 969
513 522
513 660
513 748
514 594
514 686
514 893
515 551
515 934
516 816
516 841
516 867
517 595
517 991
518 535
518 588
518 861
520 555
520 579
520 602
520 679
520 708
520 903
520 934
520 970
521 549
521 608
521 917
522 525
522 535
522 616
522 828
522 833
522 888
523 709
523 828
523 863
523 941
524 651
524 671
524 673
524 770
524 848
524 858
524 888
524 954
525 947
526 647
526 988
527 534
527 608
527 693
527 739
527 914
528 678
528 827
528 964
529 640
529 927
529 986
530 813
530 939
530 990
532 977
533 539
533 904
534 678
534 704
534 919
535 588
536 644
536 838
536 880
537 657
537 702
537 915
538 620
538 621
538 641
538 728
538 952
538 965
539 741
539 964
539 986
540 599
540 621
540 656
540 710
540 745
540 766
540 955
540 957
541 583
541 769
542 699
542 706
542 714
542 825
543 727
543 987
544 603
544 943
544 946
545 643
545 846
545 999
546 578
546 654
546 911
546 973
547 613
547 716
548 654
548 655
548 953
549 682
549 691
550 794
550 937
550 957
550 978
551 611
551 740
551 954
552 878
552 931
553 779
554 950
555 681
555 932
556 569
556 589
556 718
556 976
557 682
557 690
557 811
557 915
558 730
558 814
558 898
559 571
559 930
560 993
561 626
561 772
561 896
563 582
563 621
564 924
565 741
565 838
566 604
566 613
566 675
566 688
566 703
567 606
567 720
567 747
568 714
568 777
569 731
569 762
569 852
570 609
570 725
570 736
570 784
570 865
570 997
571 634
571 720
571 784
571 820
571 864
571 988
572 817
572 876
573 610
573 805
573 883
573 898
574 672
574 899
575 589
575 626
575 647
575 944
577 653
577 748
578 783
578 902
578 992
578 995
580 713
580 758
580 974
580 985
581 609
581 735
581 867
581 955
582 694
582 723
582 744
582 837
583 786
583 896
583 996
584 622
584 647
585 599
586 626
586 889
587 640
587 900
587 994
588 622
588 675
588 686
588 791
588 835
589 615
589 733
589 992
590 602
590 666
590 940
591 613
591 679
592 808
592 967
593 677
593 819
593 835
593 866
594 908
595 767
595 867
595 916
596 710
596 887
596 958
596 974
596 976
597 718
598 776
598 890
598 936
599 715
600 712
600 762
600 845
600 848
600 940
601 644
601 719
602 927
603 766
604 728
604 911
605 984
606 663
606 725
606 887
607 619
607 784
607 829
607 979
608 735
609 886
610 765
610 960
611 670
611 725
612 729
612 779
612 930
612 960
613 662
613 683
613 730
613 818
613 845
613 914
613 983
614 963
615 691
615 699
615 868
617 767
617 946
618 818
619 652
619 735
620 881
620 910
620 920
621 950
621 967
622 738
622 855
623 655
623 825
623 827
623 905
624 628
624 785
625 639
625 955
626 795
626 853
626 908
626 910
626 963
627 737
627 841
627 988
628 709
628 739
628 775
628 817
629 781
629 866
630 704
630 752
630 932
631 759
632 720
632 987
633 703
633 870
633 909
633 959
634 650
634 761
634 968
636 686
636 915
637 696
637 768
637 847
637 926
638 764
638 824
639 803
639 844
639 980
641 679
641 899
643 645
645 872
646 817
646 854
646 938
647 680
647 697
647 699
647 725
647 732
647 805
647 825
648 771
648 977
649 694
649 895
649 949
653 848
655 698
655 716
655 799
656 714
656 945
657 662
657 666
657 857
658 676
658 861
658 895
658 935
659 783
659 863
659 891
660 662
660 993
661 740
662 711
662 972
663 882
664 707
665 713
665 935
665 989
666 767
666 973
667 930
668 735
668 770
668 849
668 903
668 941
668 970
669 826
670 999
671 741
671 822
671 895
671 935
673 848
674 853
674 993
675 802
675 867
676 685
676 955
676 994
677 693
677 780
677 792
677 801
677 822
677 857
678 694
678 705
678 834
678 880
679 903
680 959
681 688
681 717
681 741
682 755
682 842
682 885
683 721
683 791
683 920
683 978
685 821
685 916
686 908
686 930
686 933
687 839
687 845
688 691
688 927
689 723
690 697
690 827
691 701
691 773
692 777
692 946
692 994
694 755
694 944
695 732
695 829
695 941
696 835
696 905
696 977
697 928
698 947
699 711
699 857
699 960
700 766
700 894
700 935
701 796
701 897
702 721
703 721
704 722
704 967
705 804
705 986
706 807
706 942
706 952
707 714
709 898
709 962
710 732
710 793
712 761
712 825
712 947
713 805
714 914
715 796
715 928
716 743
717 747
717 940
718 738
718 926
719 802
720 904
720 906
720 974
721 980
723 782
724 887
726 885
728 944
728 949
729 752
729 785
729 787
729 790
729 829
730 977
730 988
731 788
731 966
733 842
734 799
735 850
736 756
737 945
738 760
739 748
739 922
740 750
740 803
740 934
740 950
741 965
742 944
742 949
743 763
743 936
744 848
744 948
744 982
746 821
746 992
747 798
748 863
749 997
750 783
751 822
752 798
752 877
752 917
753 836
753 882
755 845
755 909
755 924
755 930
756 855
756 878
756 961
756 981
756 997
757 848
757 895
757 919
758 796
758 849
758 874
758 974
759 921
760 927
760 932
761 807
761 952
763 933
763 991
765 852
765 970
765 976
766 969
767 836
767 923
768 831
768 914
769 850
771 985
772 775
773 836
773 902
773 936
773 963
775 779
775 838
775 964
776 885
777 841
777 931
778 828
778 971
779 782
779 991
780 939
781 916
781 970
782 853
782 877
783 883
785 820
785 907
785 969
786 809
786 861
787 932
790 825
790 960
791 794
791 817
791 839
791 875
791 906
791 958
791 981
792 797
792 876
792 929
793 800
794 796
794 797
794 862
794 918
795 820
795 836
795 870
797 905
797 958
798 902
799 890
800 853
800 905
801 983
802 937
804 819
804 921
805 807
805 818
806 838
807 930
809 811
810 853
811 882
812 875
814 881
814 906
815 914
817 990
818 884
818 919
818 931
820 828
821 989
824 952
825 936
831 954
832 962
833 879
834 849
835 986
836 894
836 954
837 872
839 865
839 953
840 994
841 873
841 907
843 923
845 880
846 907
846 922
850 969
853 983
854 948
855 887
855 900
856 934
858 879
858 961
859 890
859 906
869 958
871 887
874 914
876 940
876 958
882 992
885 916
885 996
886 994
886 995
888 914
890 902
890 904
890 944
893 932
893 934
893 939
895 998
896 907
897 971
898 913
902 908
903 907
905 935
907 962
912 967
916 942
917 941
919 986
931 948
932 978
935 983
940 957
941 949
942 988
950 978
951 962
951 988
953 975
955 957
956 967
969 970
970 977
975 983
978 980
