0 375
0 386
0 499
0 879
1 190
1 318
2 206
2 268
2 611
2 789
2 911
3 85
3 95
3 260
3 317
3 374
3 873
3 895
4 214
4 242
4 362
4 397
4 541
4 574
4 603
4 751
4 870
5 182
5 211
5 278
5 485
5 501
5 586
5 720
5 741
5 980
6 33
6 143
6 302
6 813
6 899
6 928
6 976
7 78
7 432
7 518
7 686
7 721
7 738
8 98
8 455
8 594
8 763
8 833
9 243
9 458
9 493
9 590
9 746
10 48
10 59
10 309
10 895
10 986
11 178
11 396
11 410
11 743
11 803
11 891
11 949
12 79
12 445
12 611
12 860
13 92
13 272
13 369
13 377
13 378
13 646
13 695
14 47
14 181
14 186
14 221
14 300
14 338
14 501
14 515
14 714
14 729
14 760
14 767
14 775
15 42
15 76
15 112
15 205
15 279
15 390
15 515
15 533
15 959
15 965
16 69
16 142
16 191
16 576
16 748
16 812
16 904
17 65
17 68
17 381
17 675
17 915
18 133
18 399
18 640
18 767
18 983
19 588
19 628
19 846
19 868
19 974
20 255
20 496
20 728
20 904
20 975
21 227
21 283
21 364
21 405
21 437
21 871
21 926
22 138
22 180
22 432
22 537
22 566
22 591
23 86
23 203
23 506
23 658
23 999
24 90
24 967
25 133
25 321
25 533
25 744
25 776
25 786
25 808
26 401
26 540
26 543
26 998
27 132
27 213
27 471
27 573
27 628
27 773
28 88
28 220
28 429
28 741
28 993
29 49
29 134
29 624
29 814
29 888
29 916
30 203
30 281
30 375
30 445
30 475
30 495
30 694
30 828
31 486
31 559
31 633
31 725
31 810
31 984
32 180
32 416
32 438
32 506
32 566
32 682
32 708
33 390
33 583
34 58
34 420
34 733
34 792
35 53
35 138
36 269
36 293
36 998
37 58
37 163
37 436
37 569
37 728
37 785
37 996
38 65
38 193
38 580
38 861
38 875
38 905
39 441
39 711
39 987
40 121
40 149
40 287
40 317
40 346
40 380
40 439
40 480
40 494
40 565
40 618
41 409
41 610
41 640
41 765
41 839
42 90
42 182
42 197
42 386
42 716
43 104
43 279
43 422
43 508
43 622
43 750
43 976
43 996
44 314
44 494
44 735
44 794
44 943
44 989
45 425
45 432
45 540
45 586
45 684
45 719
45 992
46 252
46 649
46 680
46 918
46 919
46 941
46 942
46 990
47 237
47 344
47 397
47 514
47 673
47 859
47 877
47 915
48 459
48 494
48 574
48 614
48 958
48 997
49 99
49 515
49 517
49 750
49 782
49 906
49 920
50 71
50 303
50 371
50 879
50 997
51 162
51 550
51 606
51 715
51 869
51 883
51 975
52 310
52 340
52 428
52 674
52 742
52 870
53 419
53 534
53 673
53 960
53 961
54 340
54 376
54 434
55 403
55 632
55 711
56 177
56 243
56 299
56 827
57 98
57 199
57 357
57 597
57 716
57 879
57 881
57 963
58 116
58 135
58 306
58 307
58 406
58 659
58 740
58 787
58 822
58 914
59 139
59 145
59 178
59 344
59 360
59 636
59 731
59 753
59 812
60 168
60 231
60 269
60 501
60 751
60 948
60 970
61 88
61 276
61 327
61 430
61 458
61 491
61 568
61 827
62 509
62 529
62 539
62 886
62 946
63 157
63 203
63 245
63 282
63 300
63 318
63 649
63 815
64 282
64 889
65 87
65 313
65 323
65 636
65 661
65 705
65 771
65 895
66 151
66 269
66 625
66 680
66 791
66 827
66 962
66 981
66 998
67 325
67 410
67 472
67 727
67 913
68 209
68 575
68 722
68 779
69 167
69 269
69 310
69 334
69 501
69 529
69 625
69 793
69 871
69 900
69 913
70 201
70 299
70 439
70 538
70 593
70 640
70 917
71 507
71 580
71 850
72 192
72 238
72 435
72 509
72 681
72 687
72 997
73 135
73 175
73 291
73 625
73 724
74 103
74 524
74 560
74 652
74 670
74 716
74 925
75 175
75 374
75 541
75 561
75 659
75 797
75 835
75 961
76 189
76 281
76 343
76 486
76 549
76 595
77 79
77 287
77 673
77 846
77 868
78 455
78 546
78 847
78 931
78 971
79 269
79 913
80 81
80 351
80 641
80 801
81 257
81 279
81 286
81 567
81 598
81 797
82 83
82 124
82 207
82 212
82 390
82 679
82 871
82 949
82 985
83 228
83 407
83 518
83 812
84 562
85 190
85 379
85 405
85 531
85 566
85 586
85 762
85 913
86 195
86 598
86 612
86 825
87 231
87 443
87 615
87 631
87 888
88 111
88 162
88 286
88 323
88 325
88 341
88 372
88 549
88 597
88 770
88 972
89 177
89 705
89 786
90 340
90 408
90 561
90 563
90 619
90 659
91 257
91 465
91 768
91 917
91 925
92 169
92 193
92 509
92 524
92 638
92 765
92 824
92 833
93 347
93 410
93 812
93 917
94 203
94 212
94 242
94 369
94 388
94 530
94 547
94 631
94 758
94 799
94 944
94 964
94 995
95 176
95 235
95 364
95 461
95 745
95 853
95 867
95 914
96 114
96 156
96 337
96 354
96 377
96 382
96 780
96 925
96 949
96 963
97 310
97 446
97 832
97 967
98 118
98 334
98 737
98 815
99 371
99 555
99 690
99 910
100 200
100 503
100 699
101 135
101 586
102 290
102 317
102 392
102 761
102 905
103 114
103 135
103 325
103 433
103 727
103 758
103 851
104 177
104 207
104 237
104 288
104 964
104 999
105 133
105 460
105 821
105 826
106 237
106 564
106 660
106 966
107 316
107 438
107 448
107 995
108 222
108 241
108 318
108 558
109 751
109 969
109 987
110 195
110 370
110 437
110 982
111 173
111 212
111 333
111 647
111 948
111 988
111 993
112 119
112 137
112 159
112 334
112 653
112 956
113 299
113 302
113 345
113 489
113 583
113 602
114 172
114 246
114 973
115 185
115 521
115 588
115 771
115 991
116 255
116 527
116 660
116 675
116 764
116 771
116 850
117 159
117 331
117 478
118 234
118 461
118 590
118 797
118 827
119 226
119 233
119 234
119 503
119 579
119 675
119 813
119 870
120 248
120 389
120 555
120 790
120 840
120 879
121 145
121 165
121 168
121 283
121 382
121 390
121 610
121 615
122 420
122 433
122 616
122 795
122 799
122 874
123 517
123 534
123 556
124 213
124 290
124 424
124 494
124 999
125 131
125 425
125 439
125 505
125 625
125 626
125 636
125 989
126 158
126 190
126 261
126 298
126 349
126 385
126 420
126 432
126 451
126 488
126 655
126 801
127 428
127 457
127 545
128 244
128 375
128 422
128 441
128 478
128 786
128 889
129 155
129 235
129 329
129 441
129 504
129 584
129 808
129 986
130 496
130 543
130 720
130 737
130 796
131 140
131 153
131 292
131 442
131 531
131 628
131 650
132 133
132 566
132 700
133 224
133 231
133 268
133 507
133 546
133 567
133 746
134 143
134 222
134 263
134 706
134 987
135 176
135 624
135 783
135 852
136 164
136 524
136 663
136 803
136 872
136 898
137 283
137 429
137 947
138 147
138 163
138 401
138 483
138 789
138 939
138 950
139 231
139 693
139 872
139 873
140 181
140 386
140 402
140 772
140 803
140 804
140 812
140 992
141 217
141 262
141 271
141 295
141 684
141 688
141 701
141 961
142 233
142 235
142 337
142 447
142 655
142 832
142 992
143 318
143 576
143 700
143 952
144 177
144 286
144 760
144 854
144 988
145 209
145 366
145 393
145 532
145 682
146 243
146 590
146 608
146 775
146 912
146 965
147 186
147 230
147 357
147 424
147 584
147 821
147 875
147 953
147 973
148 179
148 229
148 313
148 514
148 753
149 525
149 902
150 180
150 453
150 556
150 929
150 995
151 496
151 539
151 743
151 755
152 720
152 850
152 896
153 367
153 816
153 887
154 182
154 221
154 251
154 360
154 557
154 638
154 712
154 790
155 163
155 368
155 375
155 414
155 732
155 807
156 279
156 776
156 824
157 204
157 395
157 811
157 830
158 384
158 533
158 637
158 843
158 864
158 930
158 986
159 446
159 519
159 783
160 199
160 449
160 626
160 865
160 887
161 184
161 226
161 279
161 313
161 544
161 581
161 592
162 199
162 311
162 432
162 511
162 663
162 728
162 906
163 179
163 455
163 580
163 922
163 990
164 208
164 774
165 176
165 258
165 483
165 635
165 689
165 790
165 836
166 678
166 723
166 966
167 182
167 275
167 364
167 369
167 373
167 412
167 458
167 513
168 254
168 290
168 646
168 733
168 870
169 759
169 963
169 987
170 553
170 605
170 957
171 806
171 868
171 964
172 216
172 664
172 724
172 783
172 807
172 895
172 932
172 939
173 290
173 312
173 537
173 573
173 638
173 698
173 905
174 596
174 757
174 828
174 999
175 234
175 251
175 371
175 599
175 745
176 212
176 292
176 509
176 729
176 792
176 976
177 286
177 653
177 669
177 794
178 380
178 498
178 623
178 654
178 831
178 866
179 496
179 602
180 288
180 484
180 618
180 632
180 959
181 290
181 483
181 564
181 775
181 973
182 714
182 773
182 774
182 972
183 221
183 300
183 712
183 783
183 814
184 195
184 359
184 389
184 840
184 962
185 329
185 416
185 479
185 596
186 308
186 614
186 739
186 808
186 817
186 944
187 356
187 476
187 477
187 490
187 661
187 709
187 892
189 206
189 220
189 259
189 534
189 864
189 934
189 965
190 371
190 413
190 443
191 257
191 452
191 560
191 613
191 617
191 676
192 206
192 407
192 444
192 457
192 535
192 639
192 854
192 877
193 200
193 320
193 902
193 916
193 964
194 224
194 325
194 652
194 764
195 431
195 432
195 504
195 585
195 920
195 949
196 318
196 381
196 743
197 526
197 639
197 992
198 200
198 259
198 269
198 398
198 438
198 473
198 501
198 778
199 319
199 491
199 493
199 556
199 870
199 929
199 950
200 226
200 327
200 738
200 820
200 991
201 349
201 481
201 530
201 793
201 887
202 265
202 306
202 662
203 542
203 743
203 784
203 860
204 278
204 412
205 314
205 511
205 695
205 844
205 852
206 291
206 295
206 448
206 512
206 643
206 665
206 792
206 877
207 486
207 511
207 563
207 941
208 910
208 947
208 961
208 994
209 393
209 519
209 573
209 935
210 491
210 547
210 589
210 821
211 320
211 329
211 361
211 496
211 607
212 344
212 585
213 521
213 668
213 678
213 827
213 925
213 935
214 404
214 417
214 430
214 607
214 641
214 761
214 772
214 901
214 916
215 277
215 290
215 790
215 948
216 263
216 841
216 878
217 893
217 984
218 485
218 599
218 619
218 695
218 732
218 996
219 409
219 444
219 478
219 585
219 638
219 918
219 969
220 404
220 875
220 892
220 934
220 949
220 974
220 988
221 275
221 581
221 947
222 283
222 570
223 308
223 361
223 367
223 387
223 442
223 544
223 683
223 729
224 372
224 491
224 563
224 830
224 894
225 405
225 521
225 524
225 766
225 855
226 349
226 696
226 705
226 768
226 940
228 428
228 432
228 747
228 773
228 816
229 826
229 930
229 976
230 413
230 876
230 927
231 256
231 361
231 709
231 912
232 324
232 940
233 273
233 329
233 358
233 511
233 874
233 927
233 985
234 252
234 596
234 718
234 860
234 872
235 707
235 938
236 679
236 685
236 882
237 280
237 329
237 371
237 424
237 703
237 966
237 982
238 554
238 790
238 812
238 862
238 882
238 888
239 241
239 324
239 406
239 645
239 836
239 953
239 956
240 298
240 375
240 570
240 647
240 661
240 781
240 848
241 333
241 705
241 815
242 248
242 516
242 616
242 618
242 794
242 829
243 630
243 857
243 861
244 257
244 504
244 570
244 639
244 837
244 875
245 306
245 350
245 730
245 772
246 753
246 833
246 989
247 352
248 410
248 529
248 952
249 479
249 569
250 511
250 664
250 736
250 832
250 859
250 887
251 266
251 295
251 405
251 443
251 610
251 624
251 769
251 993
252 843
253 371
253 389
253 726
253 816
253 911
254 297
254 310
254 311
254 324
254 327
254 333
254 345
254 417
254 684
254 690
255 428
255 501
256 792
257 667
257 678
257 705
257 769
257 795
257 978
258 670
258 701
258 726
259 355
259 576
259 650
260 533
260 677
260 688
260 825
260 997
261 554
261 911
261 969
262 499
262 986
262 989
263 439
263 631
263 743
263 994
264 566
264 613
264 801
265 304
265 323
265 380
265 401
265 512
265 844
265 985
266 429
266 549
266 573
266 837
266 870
267 471
267 885
267 896
267 974
268 378
268 624
269 375
269 409
269 421
269 539
269 745
270 524
270 679
270 706
270 781
270 921
271 272
271 411
271 440
271 475
271 618
271 922
272 464
272 472
272 517
272 729
273 301
273 676
273 844
273 856
273 985
274 696
274 917
275 480
275 572
275 659
275 865
276 434
276 571
276 588
276 644
277 303
277 486
277 531
277 572
277 904
278 478
278 573
278 774
279 572
279 577
279 626
279 709
279 710
279 732
281 308
281 420
281 535
281 599
281 899
282 436
282 710
283 477
283 785
283 897
283 999
284 422
284 742
285 358
285 539
285 586
285 928
285 968
286 295
286 393
286 456
286 896
286 971
287 526
287 527
287 544
287 555
287 625
288 346
288 499
288 513
288 695
288 742
288 896
288 936
288 980
289 413
289 579
289 626
289 747
289 752
289 864
290 517
290 747
291 656
291 772
291 908
292 354
292 386
292 534
292 753
292 969
293 370
293 449
293 592
293 651
294 495
294 680
294 867
295 505
295 937
296 371
296 626
296 983
297 403
297 526
297 685
297 808
298 543
299 346
299 516
299 855
299 922
300 496
300 831
301 584
301 675
301 797
301 874
302 337
302 741
303 322
303 417
303 467
303 524
303 559
303 675
303 736
303 822
303 901
304 425
304 506
304 538
304 558
304 661
304 822
304 993
305 489
305 528
305 617
305 956
306 373
306 514
306 631
306 650
306 656
306 670
306 899
307 334
307 606
308 316
308 535
308 566
308 625
308 718
308 738
308 742
308 806
308 870
308 949
309 493
309 554
309 575
309 605
310 419
310 632
310 734
310 918
311 318
311 682
311 690
311 763
311 843
312 653
312 681
313 395
313 746
314 335
314 680
314 754
314 840
314 849
314 966
315 324
315 512
315 578
315 618
315 747
315 847
315 912
315 962
316 545
316 628
316 802
317 408
317 448
317 646
317 809
318 808
319 782
320 330
320 568
320 572
320 712
320 737
320 926
321 538
321 568
321 675
321 863
321 986
322 378
322 439
322 703
323 338
323 391
323 472
323 568
323 836
323 879
324 693
324 809
325 383
325 386
325 466
325 484
325 612
326 362
326 724
326 762
327 561
327 748
327 749
327 768
327 903
327 945
327 961
328 367
328 429
328 529
328 642
328 876
328 908
328 926
328 972
329 464
329 867
330 468
330 757
331 333
331 549
331 556
331 786
331 825
331 928
332 565
332 631
332 635
332 731
332 801
332 889
332 942
333 532
333 598
333 888
334 623
334 908
334 995
335 357
335 387
335 789
336 683
336 935
337 437
337 456
337 570
338 359
338 421
338 449
338 490
338 564
338 596
338 654
338 738
338 874
338 887
338 973
339 569
339 648
339 712
339 831
339 867
340 444
340 572
340 832
341 348
341 365
341 403
341 665
341 920
342 611
342 621
342 743
342 941
343 377
343 422
343 746
343 798
343 799
343 916
343 969
343 970
344 377
344 575
344 739
344 932
345 556
345 904
346 361
346 381
346 533
346 587
346 659
346 789
347 364
347 832
347 917
348 871
349 761
349 829
349 914
350 478
350 518
350 554
350 583
350 585
350 622
351 454
351 600
351 789
351 811
351 820
351 972
352 414
352 422
352 589
352 828
352 897
352 970
353 452
353 536
353 611
353 710
353 811
353 924
354 779
354 825
354 954
355 401
355 478
355 521
355 716
355 793
356 757
356 827
356 910
357 584
357 660
357 881
358 524
358 788
358 972
359 450
359 547
359 770
359 834
360 467
360 539
360 618
360 732
360 746
360 748
360 749
360 953
361 446
361 578
361 767
361 944
361 957
362 470
362 547
362 657
362 824
362 998
363 377
363 633
363 677
363 684
363 740
363 880
363 975
364 422
364 504
364 559
364 604
364 656
364 717
364 718
364 820
364 884
365 437
365 911
365 938
366 456
366 476
366 813
367 574
367 891
367 924
367 932
367 982
368 392
368 423
368 767
368 810
368 873
369 440
369 749
369 809
369 965
370 374
370 440
370 929
371 838
372 599
372 794
372 844
373 451
373 647
373 804
373 890
373 956
374 466
374 773
375 458
375 479
375 508
375 860
375 978
376 556
376 570
376 690
376 905
376 991
377 411
377 539
377 765
378 412
378 840
379 434
379 481
380 810
381 433
381 504
381 835
381 964
382 494
382 764
382 965
382 974
382 997
383 585
383 592
383 979
384 578
384 656
384 816
384 879
384 888
385 662
385 813
386 641
386 687
386 761
386 860
387 413
387 580
387 671
387 951
388 663
388 696
388 941
389 506
389 779
389 793
389 794
390 455
390 507
390 631
390 844
391 859
391 924
391 929
392 394
392 738
392 831
392 876
393 404
393 419
393 510
393 598
393 673
393 910
394 444
394 548
394 839
394 956
395 397
395 826
395 860
395 994
396 759
396 787
396 931
397 713
397 724
397 858
397 929
398 556
398 676
398 840
399 831
399 905
400 730
400 833
400 967
401 577
401 777
402 486
402 981
403 958
404 419
404 682
405 631
405 635
406 739
406 910
407 580
407 671
407 739
407 797
407 799
408 411
408 742
409 421
409 498
409 596
410 540
410 626
410 632
410 692
410 824
410 866
410 903
411 479
411 667
411 929
412 521
412 531
412 642
412 823
412 965
412 983
413 449
414 693
414 910
414 948
415 490
415 602
415 706
415 749
415 837
415 945
417 500
417 519
417 551
417 595
417 794
418 618
418 679
418 950
418 953
419 464
419 696
419 919
419 928
420 572
421 865
421 894
421 931
422 434
422 450
422 461
422 601
422 678
422 810
423 473
423 697
423 708
423 935
424 440
424 470
424 494
424 949
424 970
424 973
425 648
426 442
426 455
426 669
426 676
426 827
427 834
427 909
428 457
428 542
428 606
429 508
429 602
429 915
430 669
430 711
430 779
430 827
430 848
430 858
430 889
430 915
430 923
431 500
431 748
431 788
431 953
431 955
432 492
432 543
432 706
432 751
433 466
433 468
433 619
433 680
434 513
434 562
434 642
434 892
435 497
435 572
435 634
435 709
435 799
436 787
436 856
436 892
437 857
437 891
438 624
438 641
438 834
439 726
439 913
439 920
439 974
440 643
440 694
440 702
440 807
440 843
440 883
440 898
441 568
441 628
441 761
442 513
442 667
442 830
443 660
443 690
443 766
445 480
445 485
445 832
445 940
446 851
446 876
446 907
447 602
447 616
447 645
447 817
448 740
448 784
448 899
449 472
449 799
449 988
450 513
450 681
450 682
450 718
450 732
450 830
450 842
451 719
451 755
451 917
452 948
453 532
453 562
453 704
453 820
455 514
455 610
455 800
455 953
455 970
456 475
456 707
456 711
456 783
456 821
457 592
457 659
457 951
458 521
458 555
458 564
458 671
458 692
458 704
458 755
458 771
459 537
459 650
459 664
459 851
459 953
460 566
460 756
460 971
461 593
461 896
461 936
462 542
462 782
462 784
462 850
462 898
462 980
463 492
463 581
463 699
464 477
464 617
464 727
464 743
464 798
464 803
465 883
466 719
466 915
466 934
467 730
467 881
467 895
467 969
468 767
468 902
469 508
470 934
472 565
473 482
473 545
473 881
473 993
474 524
474 554
474 560
474 656
474 801
474 934
474 974
475 590
475 652
476 497
476 578
476 621
476 891
477 538
477 863
478 546
478 828
478 981
478 993
479 566
479 871
480 502
480 564
480 665
480 838
481 490
481 979
481 982
482 677
482 979
483 815
483 817
485 486
486 529
486 563
486 873
486 892
487 550
488 615
488 656
488 664
488 815
488 968
489 503
489 541
489 604
489 619
489 846
489 918
489 922
490 669
490 690
490 767
490 905
491 626
491 659
491 681
491 866
491 913
492 549
492 633
492 738
492 807
492 838
492 989
493 506
493 649
493 990
494 504
494 607
494 620
494 767
494 911
494 934
494 945
495 577
495 601
495 665
495 689
495 739
495 756
495 799
496 503
496 513
496 535
496 975
497 761
497 814
497 859
497 890
498 584
498 832
498 898
499 714
499 784
499 808
500 529
500 627
500 766
500 803
501 829
501 992
502 506
502 937
503 770
503 874
503 903
504 546
504 717
504 809
504 842
504 975
505 611
505 706
506 529
506 736
506 810
506 915
506 958
507 970
508 596
508 938
509 540
509 680
510 664
511 550
511 682
511 860
511 885
511 928
511 939
512 531
513 645
514 571
514 784
514 885
515 661
515 979
516 708
516 925
517 646
517 668
517 736
517 799
517 832
517 916
519 542
519 800
520 762
520 771
520 798
520 909
520 934
521 700
521 732
522 650
522 839
524 538
525 844
525 946
525 951
525 989
526 532
526 545
526 581
526 641
526 748
526 947
527 723
527 743
528 574
528 744
528 816
528 822
528 873
528 920
528 956
530 619
530 669
530 756
530 798
530 895
530 986
531 551
531 862
531 880
531 908
532 673
532 963
533 539
533 907
535 764
535 771
535 904
535 936
536 552
537 689
537 784
537 816
538 607
538 687
538 767
539 960
540 633
540 678
540 746
540 835
541 854
541 915
542 621
542 639
542 781
543 547
543 900
545 763
545 833
546 592
546 626
546 945
547 578
547 618
547 778
547 964
547 969
548 695
548 718
548 727
548 942
549 806
549 879
549 966
550 594
550 649
551 729
551 839
551 922
552 610
552 695
553 613
553 978
554 593
554 674
554 890
555 757
555 795
555 896
555 900
555 906
556 656
556 682
556 884
556 909
556 957
557 566
558 711
558 719
558 882
559 858
560 678
560 751
561 679
561 742
561 976
562 576
562 690
562 739
563 594
563 673
564 800
565 725
565 730
565 756
566 924
567 666
567 694
567 925
567 974
567 984
568 666
568 701
568 757
568 766
568 895
568 931
569 624
569 667
569 731
569 763
569 863
569 958
570 883
570 977
572 734
572 821
572 930
573 676
573 681
573 778
574 657
574 848
574 885
575 649
575 653
575 753
575 840
575 845
576 856
576 908
576 932
576 960
577 770
577 846
577 865
578 602
578 876
578 905
578 911
578 914
578 938
579 601
580 701
580 702
580 872
581 743
582 620
582 692
582 777
582 788
582 963
583 760
583 904
583 957
583 967
583 996
584 605
584 671
584 854
585 853
585 982
586 709
586 907
586 911
587 719
588 620
588 681
588 801
588 868
588 949
589 789
589 820
589 932
589 962
590 740
590 924
590 967
591 700
591 969
592 648
592 730
592 760
592 859
593 836
593 954
595 896
595 950
596 826
596 945
597 730
597 875
598 662
598 747
598 764
598 770
599 620
599 683
600 716
600 754
600 855
600 884
600 966
600 994
601 915
601 982
603 725
604 749
604 898
604 962
605 711
605 797
605 929
606 651
606 711
606 961
606 987
607 642
607 888
607 921
608 675
609 774
609 792
609 907
610 652
610 790
610 791
610 896
611 653
611 697
611 888
612 634
614 730
614 918
615 880
617 655
617 897
617 942
618 652
618 830
618 960
618 971
619 638
619 763
619 927
620 641
620 889
620 920
621 629
621 701
623 735
623 773
623 878
624 625
624 652
624 831
624 894
625 649
625 699
625 746
625 983
626 811
626 820
626 853
626 912
627 683
627 743
627 851
628 688
628 750
628 879
628 975
629 725
629 821
630 795
630 861
630 902
631 650
632 719
632 755
632 850
632 944
632 965
632 990
633 940
634 957
635 874
636 653
636 764
637 660
637 791
638 733
638 884
639 719
639 759
639 808
639 886
640 667
640 728
640 814
640 820
641 653
641 811
641 865
641 880
642 735
642 919
642 923
643 891
643 986
644 728
644 871
644 880
644 928
645 653
645 888
646 661
646 865
647 860
647 956
648 811
649 879
649 914
650 699
650 833
650 917
651 699
651 794
652 702
652 773
654 940
654 990
655 672
656 891
657 705
660 678
660 926
661 679
661 712
661 771
661 813
661 836
662 788
662 820
662 924
663 798
663 839
664 676
664 745
664 829
664 830
664 976
665 825
665 914
666 955
666 975
666 989
666 998
667 959
668 982
669 693
669 850
670 707
670 736
671 780
672 904
673 813
673 860
673 887
674 695
674 720
676 901
676 972
677 900
678 732
678 747
678 794
678 806
678 854
678 908
678 990
679 892
681 998
682 735
683 752
683 871
683 876
683 976
683 979
684 788
684 945
685 878
686 748
686 822
686 925
686 962
687 895
688 689
688 814
688 828
688 947
690 853
690 894
690 916
691 744
691 775
692 834
692 859
692 918
693 836
694 732
695 858
695 961
696 785
696 923
697 787
698 736
698 823
698 825
698 880
699 926
699 958
700 851
700 915
701 954
705 819
705 907
705 946
706 992
707 722
708 742
708 762
708 893
709 736
710 776
710 877
713 798
713 865
713 912
713 949
714 942
714 993
715 826
715 904
715 907
717 765
718 848
718 872
721 780
721 937
722 877
722 951
723 778
724 810
724 896
725 886
726 890
727 849
728 779
728 849
728 977
729 772
730 840
732 947
732 986
733 749
733 816
734 802
735 736
735 855
736 796
736 852
736 925
736 942
736 978
737 759
737 818
737 960
738 763
738 885
740 848
741 852
744 828
744 850
744 896
745 798
747 748
748 807
748 844
749 768
749 935
749 982
750 784
750 880
753 767
753 823
753 831
753 895
754 840
754 989
755 832
755 865
757 979
758 777
758 928
759 989
760 840
765 843
765 959
766 877
766 956
767 829
768 840
768 984
770 984
771 879
771 943
772 920
772 922
773 917
774 981
775 873
775 882
775 917
776 861
779 872
779 984
779 986
780 925
781 865
781 888
782 812
784 913
784 945
785 919
786 904
786 942
786 999
787 790
788 830
788 840
788 869
788 880
790 901
792 897
792 917
792 937
793 927
793 980
794 809
794 812
794 986
795 977
796 882
797 849
797 894
799 844
799 878
799 964
802 832
802 982
803 806
804 903
806 950
807 855
807 908
808 815
808 972
810 962
811 873
811 938
811 998
812 902
813 972
814 942
814 975
816 885
817 885
817 889
817 960
817 981
819 822
819 840
820 969
821 852
822 910
822 982
823 830
825 884
827 914
827 966
828 960
829 879
829 985
829 991
830 892
831 855
832 981
833 861
833 944
834 944
837 973
838 967
838 972
838 990
838 997
840 847
841 855
841 968
842 970
843 993
844 875
844 891
845 992
847 916
848 948
851 914
854 929
855 877
855 954
857 858
857 862
857 963
857 997
858 862
861 966
864 959
865 961
866 903
868 922
869 879
871 875
871 902
871 998
876 904
876 914
876 958
877 944
878 966
878 996
881 915
882 943
883 942
883 986
884 966
884 999
886 900
891 990
892 947
892 969
893 958
894 935
894 989
897 924
903 914
904 944
906 937
906 954
907 934
914 938
918 979
919 927
922 995
925 936
925 952
930 957
930 992
936 964
941 993
942 995
944 956
946 994
947 965
947 996
950 984
956 992
961 991
963 970
964 992
965 995
967 976
969 976
