0 374
0 450
0 820
0 824
0 997
1 378
1 424
1 637
1 670
1 812
1 868
2 478
2 549
2 651
2 917
3 62
3 156
3 223
3 245
3 297
3 730
3 733
3 824
3 858
4 123
4 215
4 291
4 756
4 902
5 92
5 347
5 624
5 647
5 757
6 121
6 169
6 254
6 259
6 423
6 555
6 607
6 626
6 814
7 55
7 137
7 272
7 377
7 745
7 843
8 117
8 202
8 343
8 803
9 49
9 58
9 223
9 228
9 442
9 684
9 756
10 343
11 443
11 654
11 786
11 973
12 183
12 352
12 481
12 506
12 804
13 176
13 367
13 386
13 625
13 803
13 822
13 949
14 284
14 446
14 583
14 644
14 894
15 29
15 37
15 192
15 244
15 909
16 551
17 81
17 373
17 675
17 767
18 141
18 361
18 409
18 535
19 68
19 440
19 676
19 880
20 56
20 65
20 271
20 496
20 513
20 514
20 578
20 638
20 665
20 764
20 806
20 846
20 894
21 347
21 418
21 452
21 550
21 652
21 704
21 712
21 730
21 841
21 851
21 874
22 205
22 404
22 460
22 818
23 50
23 310
23 530
23 534
23 800
24 26
24 145
24 432
24 549
24 570
24 587
24 747
24 837
24 983
25 234
25 681
25 727
25 919
25 995
26 180
26 233
26 369
26 432
26 620
26 690
26 712
26 750
26 840
27 66
27 240
27 437
27 600
27 739
27 804
27 933
27 989
28 90
28 102
28 146
28 218
28 303
28 617
28 641
28 923
28 949
28 963
29 319
29 334
29 414
29 736
29 846
30 62
30 289
30 375
30 411
30 433
30 469
30 509
30 653
30 894
31 322
31 383
31 479
31 780
32 221
32 318
32 602
32 615
32 631
32 711
32 737
32 739
33 69
33 517
33 774
34 277
34 325
34 437
34 494
34 522
34 826
34 903
34 976
35 588
35 797
36 313
36 871
36 891
37 192
37 297
37 462
37 500
37 561
37 628
37 878
38 231
38 425
38 634
38 922
38 939
39 295
39 895
39 926
40 360
40 412
41 142
41 240
41 394
41 684
41 725
41 739
41 767
41 834
42 571
42 735
42 807
43 158
43 231
43 674
43 694
43 794
44 353
44 495
44 548
44 864
45 281
45 383
45 863
45 953
46 330
46 540
46 732
47 144
47 157
47 211
47 395
47 542
47 646
48 255
48 260
48 281
48 291
48 354
48 385
48 389
48 457
49 490
49 494
50 56
50 293
50 295
50 307
50 482
50 483
50 601
51 170
51 319
51 617
51 795
52 230
52 433
52 453
52 466
52 641
52 748
52 778
53 314
53 418
53 540
53 595
53 664
53 775
54 118
54 246
54 778
54 861
55 106
55 434
55 470
55 891
55 939
56 135
56 166
56 565
56 875
57 100
57 599
57 780
57 837
57 942
58 66
58 275
58 511
58 610
58 731
58 760
59 139
59 166
59 233
59 456
59 701
59 772
60 81
60 422
60 449
60 492
60 905
60 937
61 75
61 189
61 250
61 436
61 512
61 918
61 952
62 438
62 543
62 615
62 650
62 880
62 984
63 424
63 457
63 633
63 729
63 832
64 264
64 481
64 797
64 808
64 890
65 495
65 884
66 319
66 449
66 669
67 70
67 564
67 903
68 606
68 721
68 970
69 97
69 491
69 533
69 721
69 736
69 826
69 890
69 913
70 157
70 187
70 337
70 345
70 417
70 540
70 592
70 655
70 797
70 901
71 305
71 313
71 477
71 486
71 736
71 755
72 216
72 272
72 461
72 528
72 802
72 936
73 369
73 476
74 406
74 476
74 912
75 118
75 237
75 674
76 165
76 453
76 463
76 649
76 656
76 658
76 894
76 967
77 229
77 409
77 548
78 354
78 446
78 513
78 667
79 215
79 218
79 250
79 293
79 548
80 138
80 411
80 616
81 101
81 357
81 363
81 451
81 699
82 295
82 657
82 779
82 911
82 922
82 939
82 945
82 962
83 308
83 331
83 389
83 541
83 544
83 592
83 922
83 952
84 405
84 587
84 635
84 656
84 728
84 777
84 887
85 253
85 538
85 565
85 586
85 707
85 909
86 424
86 612
86 710
86 875
86 897
86 908
86 992
87 266
87 293
87 387
87 516
87 755
87 933
88 258
88 592
88 699
88 889
88 934
89 154
89 983
90 137
90 157
90 182
90 378
90 380
90 676
90 935
90 998
91 276
91 338
91 556
91 689
92 237
92 299
92 301
92 470
92 522
92 542
92 973
93 357
93 390
93 430
93 621
93 727
94 156
94 184
94 218
94 501
94 860
94 913
94 921
95 166
95 263
95 388
95 517
95 722
95 782
96 832
97 130
97 201
97 456
97 589
97 646
97 661
97 810
98 204
98 232
98 236
98 285
98 369
98 760
99 521
99 860
99 877
99 918
100 151
100 448
100 454
100 863
100 890
101 187
101 292
101 360
101 386
101 753
101 809
101 934
102 173
102 273
102 463
102 723
103 682
103 801
104 724
104 783
104 969
105 166
105 273
105 462
105 473
105 611
105 632
105 654
105 702
105 729
105 748
106 179
106 368
106 563
106 632
106 858
107 174
107 310
107 435
107 508
107 593
107 667
107 853
107 874
108 303
108 401
108 482
108 566
108 582
109 168
109 293
109 690
109 919
109 957
110 125
110 249
110 404
110 576
110 701
110 715
110 819
110 848
111 455
111 605
111 704
111 807
112 198
112 367
113 192
113 348
113 610
113 894
113 896
113 950
114 175
114 199
114 284
114 331
114 414
114 426
114 592
114 635
114 702
114 730
114 870
115 215
115 348
115 469
116 547
116 790
116 881
117 224
117 273
117 524
117 608
117 643
117 980
118 274
118 502
118 524
118 980
119 881
119 973
119 982
120 174
120 363
120 562
120 710
120 824
120 836
120 975
121 208
121 240
121 526
122 193
122 248
122 271
122 354
122 507
122 557
122 643
122 678
122 711
122 720
122 752
123 278
123 413
123 433
123 493
123 505
123 508
123 564
123 715
123 753
123 755
123 824
123 837
124 300
124 511
124 544
125 372
125 530
125 578
125 776
125 790
125 826
125 844
125 890
126 259
126 758
126 783
126 815
126 995
126 998
127 171
127 338
127 569
127 580
127 888
127 896
128 205
128 310
128 369
128 401
128 656
128 682
128 779
129 384
129 448
129 503
130 205
130 208
130 278
130 532
130 833
130 890
130 899
130 903
130 999
131 189
131 385
131 422
132 242
132 378
132 569
132 578
132 879
133 714
133 790
133 795
133 993
134 389
134 394
134 577
134 638
134 804
135 155
135 493
135 842
136 661
136 708
137 342
137 826
137 972
138 149
138 425
138 550
138 611
138 614
138 815
138 898
139 159
139 248
139 584
139 849
140 255
140 343
140 500
140 539
140 563
140 835
140 950
140 961
141 216
141 276
141 418
141 484
141 839
142 235
142 601
142 742
142 775
142 938
142 980
143 186
143 258
143 459
143 472
143 790
144 533
144 627
144 710
145 325
145 422
145 493
145 515
145 542
145 689
145 750
146 214
146 263
146 456
146 826
146 869
146 916
146 979
147 377
147 570
148 401
148 517
148 643
148 703
149 218
149 284
149 444
149 900
149 962
150 275
150 426
150 723
151 170
151 209
151 403
151 569
151 738
151 991
152 156
152 198
152 206
152 311
152 405
152 477
152 505
152 758
152 819
152 822
152 848
152 912
153 318
153 482
153 554
153 559
153 625
153 878
154 413
154 595
154 856
155 281
155 355
155 635
155 649
155 676
155 799
156 161
156 245
156 346
156 494
156 538
156 558
156 605
156 719
156 794
156 941
157 353
157 687
157 819
157 845
157 851
158 179
158 232
158 246
158 349
159 212
159 547
159 682
159 699
159 807
159 986
160 230
160 445
160 496
160 656
161 191
161 205
161 346
161 510
161 798
161 839
162 429
162 480
162 684
163 432
163 435
163 936
164 325
164 502
164 569
164 584
164 653
164 743
164 986
165 344
165 624
165 839
165 931
166 239
166 385
167 199
167 301
167 318
167 636
167 847
167 901
168 350
168 608
169 731
169 756
169 783
169 823
170 422
170 693
170 771
170 810
170 909
171 580
171 659
171 746
171 772
171 810
172 365
172 591
173 227
173 594
174 244
174 531
174 631
174 636
174 972
175 229
175 748
175 762
175 800
176 312
176 316
176 382
176 443
176 500
176 515
176 778
176 834
177 238
177 360
177 392
177 573
177 705
177 710
177 866
178 189
178 213
178 594
178 641
178 819
178 864
179 182
179 376
179 565
180 507
180 639
180 720
180 800
180 992
181 219
181 546
181 679
181 777
182 317
182 371
182 559
182 822
182 946
183 277
183 395
183 604
183 947
184 207
184 483
184 560
184 921
185 263
185 435
185 489
185 529
185 549
185 604
185 722
185 732
186 189
186 308
186 450
186 517
186 521
186 530
186 663
186 746
186 835
186 924
187 604
187 610
187 895
188 659
188 872
189 224
189 455
189 497
189 595
189 647
189 722
189 739
190 299
190 450
190 576
190 657
190 701
190 833
190 863
191 457
191 770
191 790
191 903
191 920
191 931
191 952
192 237
192 584
192 616
192 788
192 863
193 254
193 392
193 434
194 325
194 454
194 535
194 815
194 871
195 612
195 848
196 768
196 781
196 837
197 377
197 379
197 547
197 654
197 850
198 534
198 548
198 640
198 673
198 721
198 781
199 233
199 333
199 410
199 447
199 459
199 503
199 536
199 701
199 940
200 202
200 348
200 375
200 578
200 659
201 217
201 317
201 541
201 660
202 223
202 270
202 408
202 515
202 643
202 719
202 995
203 250
203 363
203 449
203 666
203 742
203 894
203 932
204 911
205 321
205 352
205 487
205 627
205 698
205 784
206 265
206 389
206 534
206 767
206 908
206 972
207 528
207 636
207 822
207 850
207 896
208 226
208 520
208 631
208 669
208 675
208 806
209 446
209 473
209 863
209 909
210 312
210 612
210 673
210 820
210 909
211 294
212 233
212 314
212 571
212 660
212 766
212 860
212 868
212 877
213 271
213 404
213 671
213 689
213 826
213 877
213 922
213 986
214 504
214 666
214 944
214 976
215 481
215 491
215 654
215 729
215 804
215 821
215 847
215 899
215 946
215 960
216 284
216 303
216 678
216 842
217 466
217 806
217 845
217 852
218 233
218 468
218 627
218 809
218 810
218 964
219 335
219 366
219 386
219 497
219 580
219 618
219 677
219 789
219 981
220 384
220 465
220 568
220 769
220 922
221 294
221 304
221 409
221 502
221 921
221 986
222 483
222 827
222 874
222 994
223 375
223 587
223 644
223 798
223 966
224 318
224 364
224 384
224 555
224 609
224 624
224 922
225 319
225 383
225 454
225 613
225 697
225 852
225 957
226 329
226 599
226 615
226 873
226 946
226 957
226 968
227 566
227 670
228 302
228 463
228 834
228 941
229 294
229 367
229 589
229 806
229 941
229 973
230 299
230 476
230 534
230 905
231 247
231 489
231 732
232 389
232 504
232 520
232 526
232 547
232 624
232 989
233 432
233 759
234 281
234 963
235 445
235 798
235 852
235 870
235 986
236 276
236 547
236 618
236 911
237 648
237 667
237 862
238 399
238 458
238 484
238 937
238 969
239 517
239 939
239 956
240 457
240 515
240 653
240 853
241 333
241 660
241 962
241 998
242 413
242 426
242 729
242 790
243 351
243 582
243 651
243 956
244 260
244 316
244 331
244 373
244 712
245 265
245 392
245 493
245 535
245 569
245 919
246 490
246 745
246 797
247 258
247 332
247 509
247 575
247 581
247 690
247 926
248 954
248 977
249 630
249 754
249 916
250 498
250 636
250 922
251 284
251 644
251 668
251 776
251 990
252 277
252 468
252 484
252 629
252 743
252 765
252 895
252 913
252 955
253 570
253 612
253 640
253 719
254 291
254 424
254 660
254 862
255 400
255 468
255 887
256 599
256 853
257 366
257 418
257 440
257 683
257 801
257 901
257 928
257 954
257 975
258 281
258 477
258 486
258 488
258 517
258 670
258 674
258 718
259 263
259 275
259 374
259 568
259 711
260 490
260 759
261 382
261 445
261 474
261 503
261 552
261 555
261 698
261 874
262 309
262 365
262 661
262 965
262 981
263 307
263 534
263 633
263 664
263 765
264 698
264 766
264 965
265 300
265 333
265 625
265 814
266 368
266 462
266 576
266 674
266 691
266 915
267 327
267 439
267 468
267 555
267 746
268 410
268 695
268 737
268 850
268 928
269 308
269 430
269 631
269 651
270 440
270 521
270 559
270 664
270 761
271 488
271 619
271 958
271 973
272 603
272 604
272 630
272 871
273 460
273 608
273 714
273 776
274 392
274 509
274 521
274 742
274 762
274 948
275 648
275 849
276 297
276 387
276 714
277 677
277 920
278 530
278 903
278 959
279 409
279 518
279 559
279 669
279 792
279 795
279 869
280 307
280 330
280 589
280 887
280 992
281 466
281 912
281 927
282 354
282 662
283 306
283 822
284 393
284 525
284 633
284 642
284 823
284 940
284 965
285 587
285 836
285 876
285 998
286 370
286 699
286 764
286 769
286 782
286 834
286 918
286 990
287 870
287 952
288 298
288 404
288 581
288 688
288 997
289 536
289 626
289 627
289 877
290 602
290 763
290 836
291 483
291 626
291 686
291 813
292 312
292 462
292 628
292 997
292 999
293 429
293 954
293 963
295 325
295 342
295 593
295 654
295 656
295 676
295 986
296 299
296 556
296 624
296 853
296 890
296 925
297 305
297 315
297 423
297 895
299 331
299 589
299 759
299 941
300 308
300 403
300 440
300 463
300 669
300 683
300 741
300 816
301 425
301 482
301 587
302 445
302 800
302 811
302 904
303 517
303 587
304 492
304 523
304 858
304 976
305 343
305 424
305 616
305 618
305 900
305 917
306 505
306 706
306 733
306 804
306 827
307 497
307 551
307 585
307 621
307 805
308 616
308 723
308 737
308 889
308 909
309 523
309 620
309 715
309 882
310 368
310 398
310 427
310 498
310 530
310 610
311 336
311 536
311 541
311 597
312 404
312 421
312 473
312 550
312 728
312 845
312 911
313 482
314 326
314 365
314 393
314 593
314 740
314 840
314 870
315 843
316 480
316 991
317 425
317 488
317 810
317 822
318 419
319 471
319 664
319 774
319 825
320 575
320 583
320 600
320 605
320 653
320 922
321 435
321 844
321 851
322 333
322 508
322 569
322 578
322 624
322 689
322 942
323 461
323 617
323 635
324 526
324 745
324 897
325 732
325 819
325 876
326 333
326 608
326 636
326 812
326 883
326 992
327 619
327 649
327 743
327 904
328 594
328 705
328 807
328 830
328 831
328 969
329 533
329 540
329 705
330 650
330 776
331 403
333 387
333 569
333 575
333 679
333 806
333 835
333 958
334 347
334 366
334 577
334 586
334 726
334 802
335 525
335 696
335 760
335 794
335 965
336 642
336 698
337 341
337 366
337 372
337 482
337 613
337 730
337 803
337 880
337 888
338 389
338 857
338 922
339 613
339 625
339 663
339 684
339 845
339 850
339 889
340 454
340 657
340 670
340 691
340 708
340 725
340 911
341 640
341 945
341 971
342 579
342 663
342 711
342 747
342 878
342 929
343 443
343 545
343 719
344 439
344 451
344 729
344 931
345 643
345 785
345 801
345 809
345 862
345 891
345 969
346 747
346 819
346 986
347 402
347 506
347 507
347 513
347 592
347 693
347 818
347 928
348 437
348 485
348 506
348 723
348 787
348 819
348 889
348 922
349 432
349 748
349 756
349 857
349 886
349 914
350 931
351 497
351 663
351 723
351 728
351 832
352 435
352 696
352 921
353 392
353 827
354 440
354 736
354 947
354 987
355 684
355 697
356 579
356 605
356 787
357 407
357 837
358 465
358 491
358 707
358 741
358 785
358 933
359 451
359 454
359 590
359 692
359 828
360 636
360 836
360 939
361 696
361 881
362 593
362 642
362 648
362 911
363 515
364 407
364 468
364 479
364 567
364 796
365 416
365 562
365 621
365 707
366 499
366 835
366 949
368 679
368 896
369 447
369 849
369 861
369 903
370 388
370 414
370 595
370 638
371 474
371 900
372 386
372 456
372 603
372 651
372 693
372 849
373 563
374 477
374 504
374 622
374 745
374 815
374 929
374 961
375 378
377 387
377 639
377 727
377 821
377 833
378 624
379 585
379 812
379 864
379 879
379 890
379 932
380 454
380 478
380 532
380 595
380 724
381 474
381 555
381 643
381 715
381 803
381 814
381 842
381 986
382 402
382 538
382 565
382 866
382 881
382 985
383 487
383 760
383 877
384 635
384 759
385 477
385 492
385 780
385 901
385 978
385 988
386 577
386 702
386 762
387 674
387 693
387 728
387 910
388 622
388 763
388 828
388 857
388 969
389 423
389 434
389 454
389 908
389 962
391 445
391 504
391 573
391 601
391 655
391 848
392 591
392 797
392 835
392 886
393 545
393 583
393 631
393 721
393 790
394 402
394 543
394 744
395 505
395 561
395 606
395 773
395 774
395 804
395 827
396 493
396 549
396 698
396 812
396 900
397 421
397 429
397 539
397 585
397 702
397 741
397 755
398 431
398 572
398 804
398 891
399 487
399 489
399 789
399 995
400 461
400 507
400 690
400 738
400 837
400 943
401 524
401 563
401 695
401 858
401 862
402 414
402 510
402 803
402 869
402 982
403 487
403 686
403 719
403 739
403 995
404 443
404 933
404 987
405 517
405 578
406 465
406 581
406 644
408 523
408 733
408 846
409 411
409 422
409 648
409 681
409 709
409 917
409 963
410 487
410 594
410 595
410 875
411 503
411 554
411 815
411 839
411 891
411 934
412 614
412 617
412 729
412 762
412 777
412 859
413 468
413 533
413 669
413 719
414 549
414 796
414 944
414 946
414 956
414 963
415 454
415 629
415 745
415 822
415 868
415 955
415 986
416 534
416 678
416 705
417 522
417 676
417 883
418 639
418 730
419 489
419 584
419 687
419 745
419 802
419 843
419 887
419 967
420 525
420 870
420 952
421 461
421 662
421 940
421 955
422 439
422 596
422 600
422 605
423 458
423 491
423 521
423 643
423 656
423 809
423 901
424 517
424 634
425 668
425 669
425 842
426 474
426 489
426 581
426 585
426 615
426 856
426 989
427 473
427 516
427 602
427 682
427 685
427 878
427 898
428 583
428 652
428 835
428 904
429 585
429 717
429 885
429 919
430 510
431 623
431 626
431 888
432 637
432 837
433 590
433 611
433 682
433 772
433 806
433 896
434 453
434 649
435 450
435 615
435 680
435 770
435 826
435 907
436 481
436 716
436 770
436 776
436 946
437 447
437 934
438 491
438 676
438 696
438 821
438 853
438 881
439 467
439 512
439 826
440 623
440 855
440 956
441 525
441 906
442 518
442 606
442 609
442 644
442 732
443 460
444 605
444 706
444 780
444 881
445 518
445 600
445 620
445 992
446 658
447 783
447 952
448 606
448 610
448 631
448 712
448 887
449 682
450 482
450 572
450 658
450 801
450 916
450 971
451 552
451 814
451 895
452 481
452 555
452 762
453 721
454 507
454 667
454 680
454 736
454 741
455 465
455 498
455 855
455 989
456 553
456 746
456 920
457 660
457 735
457 851
457 875
458 492
458 602
458 640
458 770
458 918
458 950
459 560
459 905
459 911
459 959
460 563
460 659
461 574
461 882
461 945
462 616
462 804
462 914
462 919
463 509
463 544
463 562
463 648
463 828
463 948
463 975
463 980
464 793
464 820
464 822
465 769
466 518
466 694
466 720
466 744
466 885
467 675
467 775
467 838
467 987
468 905
468 927
469 478
469 708
469 714
469 902
470 572
470 625
470 853
471 497
471 605
471 706
471 888
472 575
472 703
472 931
472 989
472 996
473 556
473 557
473 694
473 711
473 902
475 696
475 767
476 700
476 744
476 746
477 486
477 541
477 762
477 823
477 852
477 890
478 515
478 592
478 947
478 980
479 704
479 792
479 901
479 982
480 692
480 873
480 946
480 964
481 521
481 575
481 725
481 770
483 512
483 761
483 829
483 942
484 574
484 659
484 751
484 891
485 607
485 674
485 903
485 961
485 989
486 544
486 946
488 787
488 947
488 973
489 548
489 807
490 906
490 922
491 521
491 538
491 824
492 553
492 882
493 925
494 685
494 806
494 980
495 593
495 598
495 938
496 507
497 868
497 885
497 909
498 665
498 786
499 841
500 536
500 638
500 800
500 891
501 726
501 773
501 899
501 972
502 650
502 948
502 968
503 594
503 729
503 951
504 539
504 855
504 867
504 932
505 525
505 560
505 581
505 596
505 833
505 861
506 786
506 958
506 974
506 994
507 521
507 615
508 550
508 551
509 555
509 752
509 765
509 966
510 673
512 543
512 795
512 826
513 988
514 532
514 552
514 619
514 656
514 685
515 582
515 629
515 671
516 517
516 623
516 690
516 850
517 708
517 804
518 541
518 652
518 674
518 732
518 910
519 688
519 697
519 714
519 725
519 852
519 932
520 664
520 944
521 525
521 542
521 678
521 788
522 599
522 812
522 914
522 963
523 597
523 611
523 626
523 629
523 685
523 865
523 987
524 595
524 769
524 772
524 842
525 650
525 782
525 995
526 715
526 730
527 577
528 565
528 693
528 712
528 762
528 933
529 610
529 757
530 533
530 607
530 641
530 922
531 603
531 782
531 824
531 983
532 666
532 706
532 917
533 826
533 953
534 625
534 935
535 595
535 689
535 795
535 827
535 958
536 692
536 944
537 619
537 649
538 662
538 784
538 800
538 857
538 873
539 564
539 569
539 638
539 675
539 865
540 603
540 708
540 979
541 610
541 655
542 627
542 775
542 920
543 588
543 691
543 890
543 941
544 809
544 970
545 715
545 781
545 864
545 968
546 580
546 920
546 953
548 703
548 987
551 625
552 717
552 938
552 986
554 597
554 723
554 790
554 850
555 588
556 811
556 894
556 927
556 933
557 579
557 596
557 814
558 665
558 879
559 659
559 683
559 733
559 815
559 882
560 609
560 991
561 637
561 727
561 732
561 843
561 901
561 916
562 810
562 827
562 942
563 672
563 850
563 939
564 605
565 629
565 671
565 689
565 718
565 790
565 936
566 799
566 903
567 648
567 783
567 790
568 607
568 631
568 688
568 892
569 662
569 706
569 868
569 943
570 865
571 991
572 600
572 602
572 779
572 855
572 966
573 592
573 698
573 846
573 912
573 941
574 973
575 758
575 779
575 837
576 665
577 846
577 915
577 950
578 647
578 761
578 888
579 639
579 726
579 735
579 915
580 711
580 966
582 770
582 868
582 911
583 618
583 710
583 761
583 861
584 855
584 997
586 640
587 634
587 689
587 802
587 855
587 936
587 958
588 972
589 680
590 661
590 664
591 627
591 812
593 726
593 871
593 903
594 626
594 637
594 686
594 732
594 919
595 809
595 836
595 941
596 616
596 954
596 975
597 713
597 769
597 861
598 825
598 912
599 924
599 993
600 744
601 815
601 862
601 906
602 819
603 661
603 955
604 637
604 928
604 993
605 896
606 898
607 609
607 664
607 670
607 949
608 964
611 904
612 650
612 697
612 996
614 664
614 962
615 733
615 853
616 818
616 876
617 964
618 916
618 971
619 635
619 796
619 894
619 981
620 697
620 919
620 992
621 792
622 883
623 949
624 806
624 838
624 873
625 731
625 945
625 996
626 715
626 865
626 878
627 704
627 729
627 738
627 766
627 891
628 784
628 899
629 667
629 779
629 900
629 909
629 992
629 998
631 652
631 737
631 992
632 932
633 693
633 736
635 748
635 806
636 935
637 810
637 842
637 924
638 657
638 753
639 753
640 903
640 975
641 649
642 682
642 703
642 763
642 873
643 654
643 752
644 843
645 854
645 868
646 656
647 662
647 687
647 743
647 895
648 712
648 807
648 838
648 885
649 809
649 818
650 690
650 822
651 814
651 873
651 982
651 991
652 895
652 906
653 658
653 757
654 670
654 778
654 875
655 909
656 663
656 899
656 933
657 814
658 824
658 875
658 920
658 921
659 906
660 771
661 807
661 881
662 687
662 966
662 990
663 693
663 802
663 925
663 983
664 925
664 948
665 934
666 761
666 789
666 980
667 849
667 904
667 906
667 969
668 697
668 802
668 872
668 897
668 907
669 734
670 864
670 897
670 964
671 745
671 802
671 913
671 948
672 676
672 747
672 855
673 692
673 767
673 876
673 881
673 997
674 931
675 702
675 875
676 811
676 892
677 704
677 886
677 931
677 961
679 700
679 773
679 892
680 929
681 754
681 918
682 973
683 825
685 765
685 895
685 987
686 849
687 796
687 955
688 797
688 843
689 729
690 893
691 748
692 829
692 908
692 994
693 760
693 898
693 961
695 799
695 899
695 905
695 908
695 925
696 904
697 914
697 979
698 811
699 746
699 807
699 953
700 749
700 950
701 829
701 977
702 877
702 883
704 750
705 721
706 803
706 964
707 859
708 761
708 937
708 957
709 802
710 712
710 804
710 834
711 739
711 790
711 873
711 911
711 925
712 834
712 864
712 878
712 947
713 736
713 841
713 875
713 918
713 934
713 961
713 999
714 878
714 882
715 716
715 776
715 840
715 852
715 930
716 756
716 858
717 774
717 969
718 749
718 926
718 933
719 871
719 957
720 890
721 866
722 765
723 740
723 781
723 941
724 908
724 936
725 889
725 976
726 791
726 850
726 853
726 894
727 865
728 854
728 874
729 854
729 894
729 906
730 874
730 886
730 897
730 992
731 799
731 819
731 936
731 989
732 829
732 933
733 909
733 944
733 971
733 996
734 794
734 831
734 893
735 896
736 900
736 963
736 967
737 739
737 883
737 920
738 767
739 776
739 841
741 760
742 756
742 849
743 825
743 920
744 914
746 930
747 894
749 758
749 859
749 886
749 918
750 786
750 919
751 806
753 942
753 951
754 774
755 942
756 775
756 782
757 759
757 853
757 916
757 940
760 925
760 961
762 888
763 788
765 818
766 862
767 807
768 778
768 835
768 930
768 957
770 798
770 848
770 999
771 951
772 804
772 867
773 801
773 813
773 887
773 899
775 820
775 853
775 881
776 960
776 979
777 898
778 834
779 782
779 908
779 926
779 996
781 837
781 930
782 854
783 858
784 850
784 904
786 977
788 877
788 922
789 900
791 802
791 807
795 993
796 919
797 992
800 861
801 841
801 863
801 896
802 831
802 978
803 911
805 928
810 817
810 986
811 822
811 873
812 873
812 912
812 937
812 998
813 942
813 955
814 967
815 839
816 958
817 897
818 988
819 938
820 844
820 850
821 930
821 939
821 964
822 860
822 880
822 914
823 898
824 986
825 855
828 972
831 947
835 868
836 983
839 966
839 994
840 858
841 909
841 920
843 883
844 903
844 910
845 862
845 884
845 915
845 931
849 976
849 981
850 972
851 922
853 944
854 967
857 962
857 988
861 899
862 902
862 928
863 874
863 935
866 922
867 894
869 888
869 940
870 881
870 934
874 899
876 903
877 944
878 926
879 930
880 974
883 957
883 981
885 977
887 888
890 902
891 954
891 956
894 930
901 988
902 991
904 965
904 973
905 948
905 983
909 911
911 951
913 990
915 923
918 985
919 938
919 959
922 926
922 975
927 997
930 973
931 961
932 957
936 938
937 993
943 967
944 998
954 969
954 990
958 993
975 999
980 991
982 986
986 997
