0 355
0 462
0 659
0 863
0 874
0 918
1 197
1 246
1 248
1 460
1 760
2 79
2 117
2 276
2 375
2 461
2 468
2 633
2 881
3 534
3 553
3 591
3 599
3 890
4 335
4 505
4 529
4 678
4 921
5 104
5 171
5 183
5 272
5 349
5 407
5 593
6 485
6 541
6 726
6 862
6 960
6 961
7 251
7 274
7 572
7 621
7 754
8 429
8 455
8 691
8 726
9 119
9 324
9 381
9 726
9 922
10 74
10 141
10 612
10 692
10 784
10 936
10 984
11 374
11 478
11 669
11 822
12 101
12 311
12 365
12 694
12 828
12 861
13 87
13 105
13 254
13 501
13 528
13 598
13 982
14 86
14 169
14 183
14 405
14 557
14 885
15 199
15 335
15 434
15 441
15 448
15 458
16 20
16 84
16 103
16 215
16 652
16 653
16 669
16 748
16 914
17 97
17 190
17 889
18 62
18 98
18 347
18 419
18 715
18 776
18 883
18 922
18 936
19 422
19 604
19 619
19 684
19 826
20 256
20 301
20 374
20 412
20 883
21 109
21 535
21 702
21 869
21 923
21 958
22 94
22 197
22 248
22 849
23 180
23 210
23 242
23 284
23 376
23 428
23 525
23 763
23 875
23 915
24 125
24 550
24 611
24 972
25 150
25 389
25 640
25 771
25 889
25 912
26 102
26 158
26 208
26 470
26 707
27 86
27 257
27 259
27 325
27 456
27 614
27 672
27 751
27 835
27 958
28 52
28 129
28 188
28 406
28 454
28 649
28 703
28 783
28 922
29 553
29 857
29 945
30 34
30 90
30 127
30 579
31 133
31 176
31 186
31 334
31 346
31 477
31 483
31 650
31 667
31 773
31 972
32 161
32 568
32 585
33 34
33 46
33 348
34 217
34 407
34 443
34 637
35 284
35 511
35 877
35 878
36 448
37 123
37 497
37 512
37 570
37 718
37 747
37 936
38 52
38 76
38 299
38 321
38 445
38 486
38 978
39 639
39 645
39 885
40 94
40 161
40 230
40 233
40 302
40 737
40 785
40 792
41 57
41 173
41 401
41 582
41 887
41 954
42 192
42 250
42 340
42 358
42 370
42 510
42 582
42 924
43 347
43 361
43 476
43 605
43 661
43 719
44 103
44 158
44 244
44 249
44 324
44 494
44 581
45 331
45 420
45 623
45 718
45 902
46 82
46 150
46 155
46 381
46 485
46 507
46 757
46 910
46 956
47 124
47 393
47 419
47 521
47 625
47 789
48 144
48 146
48 313
48 744
48 921
49 519
49 712
49 879
49 996
50 71
50 235
50 314
50 613
50 734
50 808
51 289
51 353
51 433
52 104
52 250
52 253
52 336
52 461
52 499
52 745
52 798
52 832
53 62
53 256
53 407
53 440
53 575
53 853
53 956
54 99
54 279
54 628
54 703
55 72
55 319
55 320
55 629
55 650
55 655
56 159
56 187
56 217
56 324
56 344
56 870
57 976
58 138
58 143
58 166
58 342
58 443
58 696
58 917
58 971
59 349
59 447
59 567
59 575
59 646
59 958
60 393
60 414
61 938
61 949
62 112
62 449
62 468
62 761
62 990
63 90
63 450
63 515
63 718
63 776
63 828
63 995
63 999
64 282
64 294
64 430
64 830
65 108
65 200
65 353
65 398
65 551
65 717
65 741
65 906
65 941
65 969
66 137
66 473
66 546
66 628
66 745
67 414
67 438
67 521
67 704
68 91
68 510
68 841
69 244
69 273
69 328
69 444
69 531
69 629
69 659
69 705
69 706
69 772
69 816
70 84
70 103
70 138
70 247
70 250
71 450
71 621
71 820
71 888
71 938
72 81
72 635
72 641
72 685
72 726
72 850
73 128
73 278
73 345
73 465
73 592
73 651
73 878
73 981
74 83
74 94
74 109
74 749
74 783
75 91
75 376
75 460
75 574
75 614
75 654
75 704
75 853
75 887
76 127
76 404
76 478
76 533
76 631
76 681
77 134
77 501
77 701
77 735
77 781
77 971
78 139
78 284
78 372
78 396
78 590
78 695
78 773
78 814
79 183
79 360
79 410
79 621
79 776
79 986
80 216
80 235
80 285
80 430
80 440
80 683
80 775
80 918
81 842
82 204
82 296
82 463
82 486
82 550
83 130
83 297
83 372
84 194
84 451
84 631
84 666
84 739
84 817
84 865
84 879
84 944
84 958
84 966
85 190
85 195
85 208
85 660
86 238
86 273
86 409
86 827
87 138
87 306
87 413
87 538
87 565
87 575
87 732
87 758
87 907
87 952
88 314
88 518
88 841
89 146
89 150
89 251
89 495
89 595
89 645
89 646
90 955
91 443
91 612
91 951
92 148
92 258
92 292
92 295
92 316
92 454
92 512
92 567
92 568
92 590
92 717
92 731
92 875
92 922
93 670
93 739
93 742
94 261
94 572
94 660
94 734
95 190
95 639
96 216
96 338
96 597
96 674
96 779
97 182
97 432
97 543
97 768
97 975
98 109
98 178
98 217
98 289
98 299
98 400
98 408
98 643
98 996
99 192
99 258
99 496
99 536
99 701
99 737
100 212
100 214
100 654
100 696
100 796
101 351
101 470
101 584
101 592
101 628
101 659
101 725
101 778
101 797
101 839
102 134
102 244
102 453
102 814
102 930
103 152
103 265
103 638
103 741
103 832
104 280
104 314
104 611
104 689
104 909
105 108
105 125
105 400
105 417
105 464
105 629
106 342
106 380
106 575
106 695
106 774
106 831
106 857
107 155
107 240
107 251
107 542
107 684
108 174
108 207
108 401
109 368
109 443
109 692
109 712
109 860
110 339
110 842
111 158
111 165
111 252
111 347
111 458
111 583
111 814
111 879
111 947
112 302
112 502
112 513
112 764
112 770
112 837
112 938
113 329
113 510
113 586
113 689
113 813
113 866
113 914
113 922
114 641
114 688
114 689
114 765
114 945
115 166
115 215
115 770
115 975
116 323
116 430
116 591
116 600
116 680
116 897
117 183
117 184
117 222
117 467
117 497
117 643
117 897
117 998
118 135
118 354
118 402
118 459
118 518
118 694
118 841
118 949
119 160
119 337
119 339
119 829
119 963
120 153
120 345
120 373
120 450
120 874
120 894
121 181
121 313
121 316
121 351
121 553
121 599
121 790
121 886
122 238
122 251
122 790
122 918
123 284
123 333
123 368
123 407
123 729
123 796
124 141
124 442
124 470
124 551
124 849
124 929
125 291
125 493
125 657
125 772
125 988
126 724
126 748
126 906
127 515
127 556
127 835
127 943
128 157
128 406
128 412
128 477
128 681
128 801
129 281
129 809
130 249
130 368
130 460
130 510
130 954
130 967
131 402
131 600
131 660
131 691
131 783
132 153
132 421
132 707
132 709
132 948
132 972
132 993
133 260
133 285
133 348
133 388
133 511
133 524
133 598
133 738
133 747
133 761
133 769
133 966
134 209
134 508
134 713
134 848
134 850
134 880
134 927
134 941
135 167
135 933
136 167
136 371
136 383
136 540
136 695
136 739
136 753
137 343
137 351
137 935
137 966
137 999
138 160
138 262
138 713
138 784
138 820
138 956
139 169
139 733
139 820
139 832
139 974
140 245
140 393
140 440
140 982
141 364
141 775
141 836
141 900
141 971
142 299
142 368
142 439
142 489
142 499
142 669
142 956
143 280
143 310
143 648
143 864
144 223
144 267
144 280
145 213
145 570
145 704
145 741
145 824
145 837
146 166
146 633
146 728
146 877
147 150
147 172
147 177
147 223
147 532
147 545
147 639
147 812
147 973
148 509
148 895
149 344
149 367
149 530
149 875
149 880
150 159
150 267
150 682
150 708
151 204
151 281
152 433
152 524
152 660
152 904
153 226
153 437
153 842
153 869
154 236
154 486
155 427
155 717
156 266
156 271
156 854
157 479
157 484
157 490
157 733
157 954
158 198
158 273
158 471
158 924
159 186
159 328
159 350
159 431
159 463
159 492
159 630
159 654
159 663
159 737
159 934
160 179
160 312
160 370
160 448
160 806
161 208
161 210
161 213
161 257
161 831
161 842
162 184
162 334
162 721
162 900
162 922
163 226
163 575
163 705
164 237
164 276
165 167
165 253
165 480
165 704
165 730
166 179
166 180
166 769
167 272
167 403
167 586
167 735
168 425
168 585
168 621
168 717
168 978
169 255
169 531
169 584
169 649
170 216
170 232
170 396
170 869
171 256
171 537
171 910
172 291
172 342
172 383
172 432
172 869
173 633
173 731
173 793
174 532
174 576
174 599
174 613
174 621
174 680
175 430
175 453
175 472
175 517
175 675
175 771
175 889
176 208
176 293
176 663
176 667
176 719
176 729
176 831
177 650
177 697
177 873
177 995
178 221
178 343
178 430
178 701
179 469
179 535
180 675
180 802
180 981
181 306
181 593
181 767
181 924
182 250
182 334
182 374
182 589
182 629
182 877
182 890
182 991
183 577
183 785
183 807
183 968
184 202
184 634
184 733
184 979
185 311
185 505
185 771
185 809
186 232
186 250
186 274
186 416
186 693
186 745
186 767
187 613
187 782
188 334
188 399
188 434
188 438
188 487
188 517
188 713
188 733
188 738
188 800
189 667
189 803
189 907
189 978
190 284
190 341
190 688
190 751
190 828
191 461
191 695
191 849
191 961
192 194
192 560
192 884
192 886
192 905
192 999
193 341
193 817
193 847
193 921
194 273
194 318
194 332
194 338
194 453
194 497
194 760
194 817
195 265
195 319
195 327
195 509
195 530
195 795
195 796
195 999
196 315
196 537
196 708
197 319
197 420
197 697
197 810
197 929
198 266
198 535
198 598
198 938
199 319
199 389
199 457
199 775
199 997
200 212
200 849
201 325
201 478
201 727
201 818
201 934
202 218
202 426
202 737
202 798
202 885
203 434
203 489
203 645
203 721
203 798
203 934
204 380
204 602
204 693
204 779
204 988
205 212
205 536
205 793
205 854
205 994
206 224
206 237
206 348
206 944
206 968
207 377
207 538
207 545
207 896
207 913
208 295
209 216
209 444
210 278
210 497
210 519
210 819
210 937
211 865
212 561
212 655
212 679
212 700
212 791
212 880
212 964
213 234
213 451
213 503
213 599
213 853
213 855
213 858
213 983
214 413
214 453
214 596
214 704
214 769
215 601
215 681
215 958
216 223
216 335
217 343
217 992
218 319
218 411
218 742
218 879
219 322
219 741
219 797
219 839
219 867
220 641
220 662
220 695
220 768
220 786
221 458
221 998
222 466
222 661
222 680
222 681
223 282
224 360
224 438
224 457
224 675
224 710
224 880
224 943
225 354
225 559
225 723
225 793
225 883
225 941
226 235
226 832
227 484
227 492
227 569
227 847
228 298
228 672
228 710
228 771
228 865
228 927
229 607
229 695
230 633
230 673
231 434
231 611
231 612
231 707
231 723
231 837
231 922
231 980
232 257
232 447
232 449
232 595
232 690
232 696
232 997
233 385
233 675
233 867
233 889
234 612
234 712
234 860
236 398
236 415
236 501
236 560
236 587
236 659
236 676
236 734
236 888
236 896
237 728
237 781
237 895
238 248
238 272
238 275
238 283
238 290
238 333
238 525
238 662
238 687
238 785
239 298
239 619
239 663
239 948
240 295
240 824
240 926
240 931
241 345
241 522
241 538
241 756
242 247
242 406
242 554
243 383
243 386
243 462
243 504
243 964
244 481
244 610
244 802
244 868
244 934
244 980
245 429
245 515
245 738
245 936
246 389
246 618
246 817
246 982
247 399
247 700
247 811
247 989
248 507
248 509
248 646
249 334
249 357
249 442
249 706
250 269
250 287
250 292
250 511
250 619
250 705
250 857
251 331
251 466
251 494
251 594
251 740
251 805
251 832
251 973
252 316
252 466
252 547
252 587
253 275
253 326
253 358
253 777
253 824
253 940
254 264
254 295
254 309
254 358
254 449
254 846
255 703
255 833
256 468
256 653
256 692
257 473
257 865
258 304
258 661
258 721
258 959
259 266
259 460
259 559
259 611
259 666
259 713
259 829
260 443
260 479
260 637
260 717
260 727
260 769
261 280
261 327
261 394
261 606
262 293
262 577
262 707
262 956
262 984
262 995
263 585
264 354
264 511
264 622
264 681
264 796
264 879
264 999
265 326
265 417
265 424
265 522
265 634
265 783
265 981
266 373
266 481
266 563
266 883
266 943
266 998
267 415
267 416
267 651
267 655
267 753
267 879
267 909
267 993
268 432
268 471
268 493
269 477
269 492
269 501
269 590
269 748
270 426
270 808
271 297
271 350
271 485
271 579
271 666
271 675
271 821
271 891
271 902
271 949
272 313
272 368
272 461
273 340
273 483
273 571
273 797
274 344
274 571
274 618
274 851
274 943
274 971
275 335
275 568
275 635
275 865
277 661
277 802
277 858
277 949
278 504
278 545
278 746
278 939
279 477
279 685
279 797
279 807
279 808
280 505
281 287
281 290
281 478
281 841
281 963
282 361
282 397
282 848
282 899
282 920
283 692
283 696
283 849
284 690
284 795
284 866
284 922
285 473
285 554
285 558
285 565
285 992
286 315
286 369
286 741
286 761
287 390
287 443
287 981
288 367
288 743
289 305
289 596
289 652
289 867
290 460
290 502
290 584
290 615
290 853
291 412
291 659
291 690
291 810
292 293
292 544
292 695
293 568
293 601
293 608
294 494
294 514
294 521
294 602
295 662
295 853
296 512
296 633
297 304
297 671
297 687
297 832
297 952
298 353
298 571
298 607
298 663
298 689
298 744
299 308
299 512
299 622
299 787
299 807
299 910
300 324
300 340
300 459
300 493
300 625
300 776
301 432
301 553
301 694
301 806
301 819
302 381
302 567
302 761
302 774
302 800
302 957
303 338
303 393
303 826
303 919
303 927
304 341
304 625
304 692
304 830
305 399
305 804
306 370
306 434
306 445
307 329
307 417
307 739
308 591
308 656
308 816
308 972
309 762
309 769
309 883
309 933
309 967
309 976
310 317
310 338
310 416
310 757
310 799
311 470
311 535
311 839
311 890
312 941
313 343
313 346
313 437
313 780
313 883
314 392
314 433
314 520
314 851
314 955
314 995
315 339
315 360
315 765
315 948
316 338
316 572
316 605
317 370
317 458
317 726
317 892
317 895
318 422
318 565
318 622
318 845
318 858
318 958
319 384
319 398
319 513
319 514
319 517
319 572
319 621
319 699
319 703
320 353
320 445
321 403
321 425
321 628
321 841
321 871
322 677
322 846
322 898
323 801
324 580
324 699
324 842
324 893
325 613
325 786
325 851
325 905
325 928
326 521
326 626
327 543
328 414
328 451
328 774
328 789
328 827
329 399
329 872
330 359
330 754
330 905
331 463
331 541
331 907
331 981
332 633
332 924
334 478
334 533
334 602
334 846
335 788
335 861
335 915
336 705
336 956
337 589
337 747
337 791
337 970
338 339
338 468
338 525
338 560
338 713
338 892
339 348
339 423
339 511
339 741
339 914
340 427
340 440
340 537
340 564
340 767
340 813
340 932
340 975
341 509
341 719
342 386
342 610
342 875
342 937
342 972
343 552
343 696
343 743
343 804
343 977
344 485
344 761
344 782
344 888
344 951
345 367
345 457
345 477
345 514
345 652
345 680
345 793
346 496
347 511
347 535
347 617
347 640
347 765
347 821
348 445
348 603
348 795
348 847
350 415
350 476
350 496
350 595
350 686
350 808
350 963
351 512
351 566
351 570
351 658
351 690
351 942
352 395
352 477
352 530
353 593
353 596
353 619
353 772
353 865
353 937
354 396
354 415
354 540
354 716
355 360
355 599
356 384
356 610
356 696
356 916
357 375
357 638
357 948
357 988
358 444
358 490
358 973
359 597
360 515
360 707
360 795
360 906
360 948
361 515
361 727
361 837
361 856
361 952
362 809
362 825
363 417
363 506
364 792
364 842
364 880
365 623
365 706
365 751
365 906
366 497
366 656
366 683
366 707
366 792
366 937
366 995
367 431
367 579
367 800
367 813
367 959
368 426
368 662
368 712
369 433
369 505
369 721
369 780
370 489
370 863
370 919
370 967
371 423
371 584
371 623
371 812
371 915
371 944
372 511
372 671
372 810
372 834
372 891
373 739
373 852
373 919
373 989
374 466
374 527
374 738
374 797
374 809
374 843
375 558
376 413
376 557
376 606
376 646
376 961
377 736
378 473
378 558
378 647
378 716
378 751
378 897
378 902
379 385
379 422
379 535
379 621
379 737
380 952
381 453
381 719
381 742
381 805
381 829
381 862
381 890
382 425
382 585
382 720
382 828
382 855
382 919
383 732
384 401
384 496
384 942
385 661
385 777
385 825
385 871
386 461
386 664
387 584
387 625
388 412
388 867
388 987
389 495
389 690
389 755
389 961
390 647
390 695
391 460
391 502
391 525
391 586
392 811
392 919
392 940
393 967
394 413
394 713
394 744
394 937
395 728
395 878
396 570
396 652
396 678
397 572
397 823
398 554
398 727
398 852
398 897
398 927
398 935
398 941
399 436
399 474
399 495
399 583
399 661
399 911
399 936
400 468
400 496
400 534
400 558
400 678
400 737
400 921
400 988
401 429
401 542
401 699
401 970
402 414
402 513
402 715
403 411
403 433
403 989
404 608
404 920
404 987
405 451
405 544
405 598
405 832
405 872
406 671
406 697
407 465
407 602
407 848
407 996
409 491
409 513
410 492
410 566
410 619
410 761
410 887
411 514
411 759
411 986
412 428
412 635
412 707
412 861
413 476
413 495
413 716
413 768
414 567
414 640
415 715
416 500
416 830
417 466
417 544
417 561
417 591
417 625
417 700
417 839
418 487
418 590
418 802
418 968
419 487
419 747
419 781
420 538
420 684
420 778
420 895
420 932
421 453
423 553
423 731
423 772
423 878
423 943
423 956
424 659
424 781
424 840
424 865
424 926
425 466
425 527
425 589
425 693
425 782
425 925
426 485
426 499
426 672
427 472
427 526
427 770
427 800
427 856
427 930
427 944
428 719
428 783
429 465
429 773
429 844
429 893
429 985
430 474
430 534
431 434
431 445
431 775
431 809
431 966
432 731
432 954
433 621
433 646
433 820
433 895
433 901
433 956
434 659
434 745
434 887
435 593
435 627
435 757
436 662
436 708
436 914
437 456
437 707
437 740
440 454
440 705
440 722
440 760
441 499
441 578
442 541
442 889
443 452
443 474
443 481
443 723
443 923
444 447
444 572
444 828
445 476
445 512
445 711
445 924
446 501
446 941
447 575
447 598
447 852
447 856
448 777
449 690
449 822
449 839
451 519
451 743
451 905
452 505
452 628
452 760
452 971
453 493
453 549
453 651
453 813
453 877
455 821
455 950
456 988
457 508
457 522
457 846
458 502
458 840
459 577
459 612
459 695
459 771
459 951
460 833
460 917
460 992
461 672
461 871
461 887
463 472
463 566
463 717
463 757
464 527
464 548
464 552
464 663
464 722
464 875
466 673
466 774
466 952
467 526
467 706
467 842
468 825
468 956
469 555
469 591
470 686
470 821
471 802
471 826
471 942
472 485
472 702
472 772
472 834
474 610
474 871
475 822
476 590
476 625
476 639
476 650
476 724
476 732
476 762
476 840
476 850
476 929
478 492
478 520
478 629
479 757
479 914
480 509
480 620
480 644
480 653
480 730
480 850
480 967
481 550
481 724
481 958
481 965
482 572
483 590
483 661
483 663
483 747
483 973
484 516
484 526
484 545
484 584
484 850
485 757
486 491
486 697
487 490
487 553
487 819
487 876
487 959
488 650
489 597
489 598
489 602
489 608
489 631
489 963
490 491
490 545
490 783
491 776
491 832
492 891
492 905
493 747
493 754
494 678
494 699
494 777
494 895
494 898
495 518
495 589
495 608
495 984
496 692
496 763
497 536
498 624
498 765
498 914
498 941
498 979
499 805
499 861
499 890
500 555
500 703
500 731
501 686
501 736
501 742
502 568
502 667
502 683
502 763
502 795
502 877
503 739
503 765
503 948
504 614
504 949
504 958
505 513
505 564
505 577
505 946
505 999
506 510
506 589
506 642
506 701
506 750
506 867
506 900
508 728
508 878
508 976
509 549
509 657
509 909
510 645
511 828
512 513
512 691
512 732
512 766
512 901
512 930
513 555
513 600
513 650
513 741
513 841
513 855
514 602
514 712
514 749
514 911
514 923
515 712
515 908
515 981
516 660
516 732
516 892
517 563
517 642
517 939
518 809
518 941
519 689
519 772
519 802
519 925
520 676
520 875
520 883
520 964
520 971
521 633
521 769
521 967
522 544
522 563
522 689
522 794
522 982
523 806
523 859
524 572
524 880
524 991
525 657
525 990
526 866
526 922
527 634
527 802
527 884
528 545
529 532
529 562
529 646
531 708
531 709
531 796
531 994
533 899
533 998
534 663
534 822
534 823
534 861
535 730
535 735
535 793
536 766
537 676
537 797
538 723
538 789
538 949
539 547
539 563
539 597
539 744
540 878
541 560
541 812
541 908
542 826
543 612
543 897
543 982
544 628
544 649
544 735
544 918
544 982
545 555
545 915
546 624
546 658
546 783
547 668
548 743
548 788
548 877
549 599
549 987
550 704
551 572
551 583
551 642
551 759
551 828
551 929
552 555
552 641
552 714
553 804
553 841
553 874
553 925
554 699
554 726
554 860
556 712
556 774
556 932
557 574
557 947
557 956
558 895
558 953
558 992
559 866
559 903
559 909
560 816
560 843
561 576
561 927
562 834
562 963
563 700
563 731
563 800
563 801
563 860
564 673
565 591
565 738
565 787
565 863
566 871
568 661
569 651
569 720
569 750
569 829
569 931
569 966
570 572
570 698
571 823
571 844
573 629
573 963
574 601
574 647
574 693
574 876
575 865
576 764
576 938
577 921
577 990
578 699
578 984
579 870
579 943
580 598
580 777
580 798
581 604
581 789
582 609
582 668
582 685
582 771
583 859
584 594
584 642
584 979
585 702
585 902
585 965
586 662
587 685
587 736
587 843
587 938
587 992
588 752
588 835
588 867
589 628
589 723
589 793
589 808
589 911
590 609
590 824
590 957
590 998
591 595
591 712
591 752
591 796
592 744
592 907
593 620
593 788
593 884
594 773
594 856
594 897
595 667
595 796
595 807
595 864
596 614
596 650
596 653
596 831
597 628
597 851
598 746
598 788
598 873
600 700
600 721
600 760
601 766
602 912
603 698
603 766
603 876
603 966
604 639
605 811
605 939
606 672
606 696
606 954
607 694
607 759
607 763
608 702
608 923
609 696
609 717
609 744
609 928
610 771
610 986
612 748
613 693
613 782
613 799
613 820
614 760
614 821
615 787
615 797
616 744
616 960
616 994
617 665
617 670
617 862
618 720
618 740
618 884
619 733
619 804
620 825
620 907
621 715
621 783
621 809
621 861
622 704
622 853
623 989
623 990
624 663
624 918
625 708
626 715
627 691
627 750
627 964
628 665
628 818
628 998
629 792
629 991
630 632
630 755
630 783
630 930
630 993
631 653
631 784
631 898
632 667
632 803
633 662
633 695
633 769
633 787
633 827
633 924
634 722
634 850
635 866
635 896
635 938
635 943
636 676
636 682
636 783
636 855
638 672
639 698
639 843
640 644
640 806
641 741
642 838
643 789
643 879
644 715
645 861
645 930
645 972
646 797
648 652
648 654
648 706
648 716
648 718
648 786
648 833
648 837
649 922
649 940
651 668
651 888
653 709
653 812
653 875
654 782
654 816
654 908
654 943
654 994
655 850
655 868
655 875
656 789
656 985
656 989
656 996
657 687
657 839
657 857
658 846
659 727
659 778
659 873
660 986
661 853
661 899
661 934
662 762
663 714
663 875
663 967
664 786
665 832
666 724
666 892
666 987
667 856
667 878
668 677
668 812
668 983
669 870
669 906
670 944
671 691
671 701
671 795
671 820
671 865
672 765
672 834
672 905
673 743
673 838
673 918
675 738
675 791
675 799
675 913
676 954
678 928
679 756
680 700
680 832
681 769
681 942
682 781
682 844
682 995
683 714
683 726
683 857
684 944
684 952
685 839
685 845
685 854
685 934
685 960
687 873
687 977
689 780
690 888
691 692
691 982
691 986
693 776
693 932
694 744
694 825
694 860
694 994
695 837
697 916
699 759
699 958
699 960
700 793
700 916
702 743
702 997
703 712
703 734
703 820
704 763
704 802
705 781
705 853
706 980
707 962
710 740
710 754
710 774
710 831
710 859
710 951
711 849
711 977
714 939
714 995
716 717
716 739
716 753
716 763
719 738
719 876
719 935
720 815
721 811
721 909
722 987
723 782
723 800
723 805
724 883
724 901
724 966
725 736
725 795
725 883
726 767
726 882
727 784
727 793
728 842
730 868
730 899
731 874
732 829
733 772
733 843
734 756
734 882
735 837
736 866
738 814
739 859
739 926
739 930
740 821
740 869
740 912
740 928
741 850
741 876
741 883
742 985
743 992
744 787
745 771
745 790
746 933
746 947
747 811
748 749
748 792
748 899
748 963
749 762
750 820
751 795
751 820
751 997
752 763
752 810
755 809
755 857
756 907
757 894
757 925
758 842
759 794
759 984
760 829
760 968
760 971
761 950
762 830
762 858
764 843
764 973
765 788
765 979
766 832
767 794
767 829
767 890
768 776
768 802
769 859
774 835
775 873
776 944
778 941
780 854
781 946
782 839
783 951
784 982
787 887
787 945
789 913
790 879
791 830
791 865
792 838
794 926
795 899
795 962
796 891
796 961
797 898
797 976
798 857
799 910
799 940
800 833
801 871
803 878
803 893
804 875
805 812
805 813
806 904
806 974
806 978
807 834
807 948
808 838
810 847
813 983
817 819
817 826
817 982
818 954
819 842
821 960
822 868
824 888
826 843
826 914
829 923
831 833
831 924
832 889
832 993
833 857
834 842
834 956
836 910
837 882
837 897
839 894
841 857
841 863
841 906
841 943
843 988
844 882
844 982
845 883
845 937
845 959
847 871
849 914
849 977
850 903
851 928
851 981
851 983
853 964
854 925
856 907
859 917
863 928
864 944
867 964
867 975
869 912
870 898
870 990
872 889
874 979
875 997
877 919
877 924
880 883
880 902
880 974
881 886
881 917
883 895
884 973
885 893
885 988
886 954
887 950
889 998
890 908
890 972
891 942
892 908
892 996
897 920
902 982
902 986
903 910
904 916
907 951
911 956
912 915
913 940
914 992
916 957
917 968
918 987
919 935
922 983
923 940
925 953
925 954
925 996
948 998
949 970
953 961
954 993
958 991
965 990
966 974
975 988
975 991
983 985
