0 63
0 399
0 708
0 950
1 47
1 162
1 223
1 247
1 420
1 792
2 160
2 203
2 392
2 632
2 732
2 741
2 764
2 795
2 863
2 916
2 943
3 233
3 480
3 811
3 838
3 850
4 18
4 77
4 152
4 491
4 651
4 691
4 876
4 971
5 110
5 464
5 471
6 165
6 241
6 406
6 537
6 642
6 713
7 25
7 628
8 350
8 443
8 746
8 901
8 907
9 10
9 294
9 351
9 652
9 989
10 147
10 403
10 655
11 88
11 151
11 167
11 390
12 134
12 212
12 529
12 665
12 685
12 996
13 24
13 267
13 396
13 453
13 474
13 479
13 492
13 596
13 659
13 901
13 950
14 144
14 378
14 468
14 509
14 553
14 791
14 797
15 273
15 445
15 547
15 684
15 812
16 77
16 154
16 197
16 303
16 326
16 762
17 29
17 692
17 903
18 159
18 398
18 589
18 807
18 924
19 291
19 359
19 628
19 844
20 121
20 254
20 461
20 514
20 520
20 532
20 538
20 754
20 777
20 998
21 319
21 423
21 507
21 536
21 602
21 771
21 888
21 906
22 57
22 634
23 199
23 553
23 665
24 56
24 399
24 489
24 544
24 666
24 794
25 231
25 346
25 592
25 704
25 742
25 899
26 284
26 422
26 743
27 250
27 512
27 580
27 640
27 653
27 712
27 992
28 49
28 127
28 428
28 435
28 520
28 724
28 844
28 926
28 998
29 85
29 145
29 246
29 278
29 427
29 461
29 569
29 800
29 850
29 925
29 939
29 948
29 949
30 109
30 571
30 590
30 736
30 742
30 844
30 850
31 62
31 556
31 564
31 580
32 139
32 815
33 54
33 96
33 554
33 766
34 75
34 83
34 165
34 728
34 948
35 449
35 557
35 765
35 995
36 229
36 234
36 416
36 917
36 969
37 189
37 326
37 563
37 592
37 618
37 995
38 129
38 288
38 403
38 457
38 504
38 667
38 755
38 930
38 952
38 985
39 157
39 329
39 565
39 759
39 878
40 375
40 632
40 776
40 792
41 43
41 68
41 361
41 431
41 486
41 508
41 525
41 540
41 564
41 574
41 784
41 850
42 146
42 152
42 231
42 276
42 336
42 583
42 831
42 843
44 291
44 358
44 489
44 765
44 805
45 234
45 391
45 423
45 575
45 705
45 846
45 902
45 989
46 243
46 701
46 733
47 148
47 181
47 355
47 548
47 578
48 77
48 199
48 200
48 353
48 751
48 817
48 926
49 73
49 291
49 334
49 629
49 674
50 443
50 480
50 619
50 957
51 225
51 239
51 960
52 221
52 287
52 288
52 293
52 307
52 412
52 479
52 572
52 599
52 632
52 709
52 761
52 978
52 993
53 137
53 437
53 447
53 688
53 814
53 926
54 85
54 629
54 704
54 740
55 194
55 249
55 335
55 349
55 839
55 946
56 103
56 308
56 355
56 377
56 431
57 222
57 270
57 285
57 394
57 419
57 437
57 657
57 846
57 920
57 948
58 179
58 445
58 456
58 609
58 624
58 914
59 175
59 181
59 268
59 373
59 548
59 652
59 665
59 959
60 80
60 183
60 484
60 632
60 705
60 820
60 882
60 973
61 379
61 424
61 438
61 626
61 636
61 674
61 692
61 902
62 155
62 156
62 199
62 302
62 338
62 373
62 610
62 834
63 514
63 547
63 609
63 618
63 703
63 812
64 142
64 412
64 446
64 586
65 336
65 368
65 636
65 781
65 886
65 946
66 102
66 405
66 563
66 602
66 657
66 822
66 873
67 217
67 254
67 307
67 552
67 724
67 979
68 101
68 326
68 459
68 595
68 627
68 776
68 806
69 780
69 927
69 941
70 241
70 413
70 924
70 954
71 150
71 394
71 822
71 989
72 169
72 322
72 489
72 709
72 839
72 960
72 987
73 181
73 702
74 200
74 249
74 503
74 716
74 889
74 928
75 131
75 483
75 494
75 625
75 631
75 719
75 726
75 851
75 970
75 972
76 221
76 535
76 628
76 749
76 967
77 194
77 380
77 503
77 572
77 695
77 732
77 856
77 920
77 953
78 775
79 222
79 412
79 596
79 605
80 323
80 623
80 715
80 819
81 181
81 301
81 462
81 817
81 928
82 375
82 715
82 814
83 184
83 507
83 718
84 99
84 103
84 166
84 995
85 172
85 422
85 591
85 678
85 718
85 859
86 117
86 418
86 468
86 941
87 110
87 111
87 176
87 465
87 493
87 687
87 691
88 744
88 825
88 895
88 995
89 144
89 362
89 806
89 848
89 929
90 157
90 351
90 423
90 526
90 583
90 673
90 698
91 103
91 130
91 132
91 396
91 872
92 310
92 795
92 967
93 140
93 316
93 419
93 425
93 635
93 701
93 961
93 996
94 122
94 187
94 408
94 453
94 517
94 921
95 272
95 577
95 670
95 680
95 811
96 205
96 360
96 643
96 763
96 891
96 969
97 240
97 538
97 553
97 600
97 697
97 723
98 257
98 358
98 377
99 246
99 428
99 526
99 682
100 130
100 184
100 230
100 540
100 595
100 801
100 961
101 208
101 611
101 682
101 767
102 646
102 819
102 840
103 431
103 451
103 500
103 548
103 592
104 124
104 222
104 282
104 335
104 868
104 877
105 125
105 236
105 243
105 432
105 515
105 614
105 971
106 243
106 546
106 752
106 783
106 966
107 695
107 778
108 236
108 496
108 652
108 879
108 994
109 243
109 408
109 537
109 639
109 789
109 806
109 841
109 918
110 322
110 443
110 475
110 490
110 524
110 657
110 811
110 922
111 270
111 369
111 972
111 982
111 984
112 305
112 359
112 561
112 658
112 845
112 861
113 325
113 911
113 932
113 936
113 958
114 479
114 757
114 927
116 169
116 497
116 754
117 343
117 354
117 402
117 589
117 625
117 856
117 952
118 164
118 186
118 457
118 472
118 556
118 850
118 855
118 900
119 216
119 228
119 309
119 325
120 443
120 452
120 645
120 696
120 711
120 736
121 556
121 730
121 776
122 187
122 247
122 588
122 687
123 139
123 382
123 407
123 468
123 512
123 577
123 722
123 779
124 204
124 274
124 393
124 560
124 588
124 709
124 765
124 811
124 816
124 941
125 486
125 754
126 317
126 367
126 742
126 815
126 938
126 979
127 182
127 478
127 518
127 797
128 275
128 451
128 526
128 833
128 870
128 978
129 195
129 210
129 232
129 930
130 332
130 495
130 513
130 641
130 750
130 840
130 842
130 965
131 156
131 203
131 338
131 526
131 884
131 891
131 979
132 636
132 663
132 928
133 184
133 710
133 954
134 420
134 638
134 893
135 451
135 649
135 816
136 279
136 646
136 668
136 864
137 301
137 741
137 828
137 866
137 885
138 263
138 324
138 771
138 810
139 210
139 439
139 530
139 601
139 966
140 173
140 205
140 652
141 168
141 265
141 456
141 636
142 270
142 517
142 533
142 628
142 904
142 951
142 990
143 550
143 904
144 187
144 369
144 809
145 296
145 492
145 493
145 698
145 865
145 897
145 913
146 383
146 427
146 542
146 743
146 831
147 156
147 288
147 509
147 577
148 265
148 380
148 443
148 664
148 678
148 860
148 908
149 292
149 379
149 738
149 752
149 925
149 996
150 490
150 563
150 566
150 586
150 746
151 208
151 221
151 290
151 526
151 575
151 698
151 892
151 919
152 190
152 300
152 355
152 490
152 570
152 677
152 829
153 462
153 653
153 770
153 786
153 804
153 832
153 929
154 298
154 422
154 673
154 677
154 868
154 907
155 201
155 803
156 336
156 356
156 405
156 415
156 450
156 636
156 642
156 755
156 827
156 861
156 921
157 252
157 273
157 348
158 426
158 438
158 464
158 548
158 832
158 884
158 903
159 248
159 617
159 721
160 194
160 351
160 457
160 514
160 542
160 642
160 935
161 234
161 252
161 383
161 705
161 728
161 916
162 483
162 507
162 726
163 290
163 676
163 716
163 961
163 965
164 317
164 479
164 701
164 712
164 842
164 845
164 967
165 200
165 397
166 339
166 426
166 654
166 813
166 977
167 325
167 510
167 998
168 198
168 313
168 371
168 577
168 705
168 712
168 716
168 951
169 219
169 301
169 528
169 551
169 854
169 874
170 365
170 372
170 413
170 945
171 226
171 402
171 772
171 890
172 198
172 239
172 252
172 478
172 494
172 591
172 680
172 868
173 190
173 627
173 682
174 564
174 633
174 787
174 800
174 825
174 846
174 862
174 911
174 982
175 329
175 452
175 922
175 953
176 612
176 750
177 229
177 653
178 497
178 541
178 582
178 653
178 719
178 765
178 808
179 211
179 349
179 454
179 741
179 777
180 521
180 624
180 735
181 463
181 569
181 778
181 939
182 452
182 722
183 205
183 278
183 354
183 359
183 415
183 778
184 295
184 460
184 519
184 642
184 655
184 772
184 956
184 964
185 323
185 588
185 813
185 860
185 872
186 623
186 747
187 379
187 382
187 445
187 457
187 542
187 625
188 862
188 959
189 315
189 422
189 459
189 751
189 756
189 941
189 944
190 286
190 463
190 533
190 617
191 293
191 803
191 807
191 947
192 336
192 461
192 732
192 862
193 247
193 673
193 979
194 266
194 567
194 876
194 903
195 282
195 523
195 588
195 651
195 969
195 981
196 668
196 731
196 781
196 834
197 281
197 387
197 668
197 760
197 859
198 221
198 292
198 470
198 548
198 827
198 899
199 473
199 515
199 561
199 626
199 634
199 979
200 320
200 348
200 556
200 688
200 894
200 985
201 264
201 888
202 210
202 218
202 659
202 957
203 639
203 781
203 973
203 981
204 328
204 433
204 481
204 755
204 818
204 847
204 910
205 251
205 424
205 479
205 744
205 791
205 861
205 947
206 411
206 436
206 461
206 855
207 466
207 472
207 581
207 778
207 785
207 900
207 974
207 998
208 551
209 313
209 589
209 758
209 834
209 863
210 969
211 382
211 593
211 685
211 813
212 421
212 647
212 752
213 461
214 635
215 511
215 589
215 654
216 320
216 412
216 426
217 238
217 332
217 372
217 375
217 488
217 622
217 624
217 721
217 747
217 953
218 294
218 609
218 672
218 757
218 872
219 327
219 357
219 633
219 751
219 785
220 409
220 413
220 422
220 501
220 889
221 337
221 415
221 575
221 687
221 716
221 746
221 782
222 428
222 553
222 787
222 922
223 225
223 685
224 362
224 378
224 452
224 510
225 230
225 390
225 563
225 872
225 949
225 952
226 451
226 506
226 678
226 711
226 788
226 945
227 337
227 554
227 623
227 767
227 806
227 870
227 882
228 245
228 250
228 409
228 422
228 751
228 957
229 439
229 470
229 519
229 537
229 624
229 811
229 827
230 279
230 311
230 326
230 799
230 979
231 315
231 469
231 530
231 579
231 591
231 790
232 336
232 343
232 702
232 750
232 828
232 984
233 452
233 685
233 716
234 373
234 485
234 611
234 767
235 269
235 307
235 397
235 447
235 458
236 308
236 391
236 434
236 557
236 694
236 916
237 487
237 831
237 863
237 886
237 981
238 507
238 527
238 630
238 793
239 352
239 428
239 484
239 488
239 719
239 989
240 701
240 910
240 995
241 377
241 556
241 862
242 936
243 396
243 519
243 567
243 684
243 692
243 936
243 974
244 317
244 364
244 466
244 630
244 822
245 269
245 276
245 334
245 430
245 460
245 519
245 601
245 903
245 996
246 339
246 538
246 683
247 442
248 349
248 553
248 966
249 277
249 590
249 591
249 606
249 616
249 622
249 982
250 613
250 799
250 853
250 926
251 327
251 352
251 420
251 629
251 704
251 713
252 478
252 670
252 752
252 757
253 291
253 454
253 553
253 749
253 776
254 354
254 544
254 643
254 740
254 749
255 492
255 619
255 694
255 813
256 497
256 782
256 919
256 968
257 336
257 505
257 535
257 631
257 640
258 561
258 612
258 707
258 724
258 831
258 846
258 931
258 950
259 447
259 562
259 792
260 319
260 740
260 750
260 814
261 458
261 656
261 707
261 795
261 840
262 274
262 287
262 420
262 540
262 563
263 281
263 311
263 446
263 825
263 852
263 945
264 662
264 815
264 862
264 942
264 950
264 975
265 659
265 714
265 765
265 906
265 922
266 842
267 274
267 348
267 588
267 782
267 831
267 956
268 310
268 512
268 879
268 967
269 453
269 472
269 475
269 561
269 615
269 812
269 884
269 941
270 616
270 627
270 636
270 696
270 881
270 948
270 965
270 988
271 423
271 485
271 968
272 308
273 349
273 400
273 756
273 759
273 762
273 828
274 306
274 483
274 761
274 931
276 404
276 803
277 378
277 385
277 701
277 893
278 285
278 589
278 836
279 327
279 398
279 624
279 650
279 953
280 359
280 571
280 764
280 960
281 625
281 786
282 444
282 912
283 576
283 740
284 618
284 668
284 971
285 309
285 441
285 480
285 667
286 977
287 309
287 331
287 589
287 765
287 808
287 831
287 890
287 940
288 328
288 380
288 485
288 495
288 679
288 695
288 893
289 357
289 457
289 873
289 959
289 969
290 386
290 463
290 640
291 296
291 374
291 486
292 449
292 673
292 757
292 914
293 510
293 656
293 738
293 815
293 822
293 965
294 525
295 321
295 336
295 616
295 756
295 791
295 860
296 427
296 451
296 545
296 603
296 652
296 708
296 796
296 803
296 881
296 981
297 585
297 586
297 852
298 340
298 652
298 673
298 857
299 859
299 875
300 589
300 610
300 686
300 873
300 920
300 945
301 354
301 375
301 650
301 678
301 680
301 700
302 371
302 533
302 652
302 937
303 309
303 556
304 378
304 455
304 578
304 676
304 699
304 757
305 357
305 443
305 541
305 559
305 777
306 382
306 601
306 939
308 699
308 711
308 774
308 927
309 352
309 711
309 753
309 763
309 851
309 905
309 953
310 387
310 498
310 518
310 787
310 943
311 364
311 462
311 491
311 671
311 710
311 796
311 807
311 885
311 970
311 980
312 457
312 656
312 698
312 772
312 827
312 936
312 954
313 332
313 337
313 357
313 627
313 748
314 456
314 530
314 581
314 772
314 856
314 902
315 524
315 975
316 365
316 569
316 649
316 695
316 714
316 970
317 443
317 631
317 698
317 837
317 982
318 387
318 456
318 478
318 571
318 681
319 592
319 829
319 839
320 666
320 745
321 337
321 469
322 820
322 906
323 406
323 433
323 476
323 644
323 886
324 344
324 404
324 621
324 632
324 860
324 862
324 891
326 371
326 691
326 716
326 728
326 786
326 891
327 657
328 494
328 594
328 668
328 973
329 337
330 417
330 846
331 414
331 496
331 538
331 749
331 859
331 913
331 965
332 387
333 358
333 500
333 530
333 639
333 683
333 878
334 520
334 786
334 845
334 907
335 520
335 608
335 618
335 887
336 432
336 537
336 551
336 651
336 792
336 825
337 343
337 439
337 724
337 755
337 835
337 890
338 710
338 839
339 377
339 391
339 465
339 760
339 772
339 836
340 627
340 762
341 352
341 452
341 835
341 941
342 533
342 541
342 780
342 786
342 948
342 958
342 989
343 366
343 521
343 660
343 779
343 980
344 532
344 625
344 632
344 815
345 418
345 499
345 793
346 400
346 571
346 787
347 598
347 847
347 980
348 486
348 710
348 827
348 914
349 397
349 404
349 497
349 504
349 622
349 700
349 909
349 921
351 369
351 503
351 547
351 571
351 942
351 975
352 431
352 547
352 842
352 929
353 899
354 414
354 562
354 596
354 639
354 661
354 949
355 670
355 692
355 694
355 774
355 908
356 440
356 724
356 745
356 884
356 939
357 468
357 518
357 519
357 728
357 858
357 975
358 590
358 756
358 767
358 865
358 894
358 932
359 381
359 389
359 395
359 586
359 821
359 834
359 875
359 948
361 545
361 956
362 527
362 764
362 867
363 374
363 400
363 581
363 686
363 751
363 767
363 794
363 969
364 959
365 377
365 754
365 879
365 907
366 373
366 511
366 531
366 674
366 704
366 744
366 794
366 922
367 370
367 454
367 507
367 549
367 554
367 606
367 780
367 792
367 877
368 861
368 948
368 962
369 397
369 432
369 537
369 596
369 600
369 698
370 411
370 456
370 473
370 543
370 603
370 784
370 795
370 952
371 564
371 764
371 782
371 910
371 913
371 925
372 389
372 518
372 584
372 676
372 726
372 903
372 939
373 498
373 519
373 825
374 431
374 673
374 884
374 951
375 778
375 996
376 541
376 548
376 566
376 605
376 962
377 490
377 510
377 612
377 824
377 932
378 494
378 531
378 579
378 650
378 686
378 852
378 931
379 400
379 597
379 688
380 463
380 608
380 820
381 484
381 591
381 757
381 809
382 424
382 864
383 834
384 484
384 488
384 504
384 624
384 753
385 808
385 853
385 902
385 985
386 582
386 664
387 765
388 435
388 662
388 697
388 705
389 557
389 663
389 778
389 970
390 538
390 583
390 640
390 657
390 728
390 736
390 859
391 653
391 697
391 749
391 863
392 418
392 519
392 595
392 826
392 979
392 998
393 480
394 608
394 828
394 855
395 603
395 736
395 787
395 830
395 886
396 520
396 584
396 835
396 933
397 570
397 726
397 829
397 854
398 414
398 468
398 507
398 725
398 994
399 453
399 688
400 426
400 456
400 815
400 932
401 623
401 732
401 744
401 814
401 925
402 609
402 633
402 641
402 695
402 742
402 771
402 841
402 886
402 965
403 452
403 560
403 654
403 701
403 852
404 424
404 787
404 875
404 950
405 502
405 775
406 515
407 543
407 591
407 752
407 953
408 620
409 410
409 930
411 510
411 554
411 628
411 700
411 861
412 424
412 574
412 622
412 711
412 890
413 435
413 490
413 567
413 856
414 721
414 737
414 840
414 900
415 518
415 686
416 555
416 692
416 736
416 835
416 948
417 490
417 493
417 794
417 830
417 840
417 848
417 876
417 919
417 939
418 430
418 815
418 870
418 985
419 565
419 824
420 648
420 862
420 885
420 886
420 892
420 970
421 480
422 467
422 517
422 766
422 847
423 472
423 483
423 493
423 613
423 758
423 830
424 525
424 652
424 698
424 925
425 468
425 819
425 851
425 869
426 483
426 485
426 776
427 713
427 718
427 968
428 485
428 514
428 533
428 629
428 647
428 884
428 929
429 535
429 712
429 729
429 863
429 891
429 936
429 975
429 992
430 564
430 777
430 959
431 595
431 666
431 765
432 549
432 604
432 680
432 931
433 576
433 903
433 919
434 453
434 496
434 501
434 557
434 593
434 717
434 799
435 780
437 994
438 841
438 861
438 914
440 707
440 709
440 775
440 887
440 949
441 533
441 601
441 923
442 712
442 757
442 871
443 530
444 495
444 509
444 510
444 655
444 844
445 473
445 540
445 791
445 913
446 563
446 565
446 566
446 594
446 974
447 654
447 791
448 462
449 474
449 508
449 549
449 830
449 906
449 997
450 550
450 584
450 594
450 787
450 807
450 848
450 873
450 912
451 483
451 594
451 604
451 935
451 961
452 610
452 959
453 515
453 991
454 710
454 842
455 481
455 851
455 853
455 925
456 682
456 938
457 754
458 685
459 759
459 931
460 576
460 820
460 862
461 751
461 885
462 564
462 601
462 728
462 990
463 623
463 661
463 784
463 802
464 544
464 595
464 764
464 776
464 903
464 937
465 506
465 518
465 592
465 831
465 850
465 862
465 928
465 961
466 497
466 885
467 649
467 783
467 862
467 985
468 469
468 927
469 730
469 780
469 845
470 580
470 605
470 981
471 491
471 494
471 510
471 756
471 944
471 962
471 976
472 476
472 702
472 832
472 838
472 844
473 733
473 925
474 522
474 968
475 542
476 500
476 602
476 651
476 934
477 481
477 766
478 565
478 628
478 895
478 928
479 662
479 837
479 845
479 916
480 744
480 748
480 946
481 520
481 592
481 604
481 612
481 688
481 713
482 576
482 802
483 490
483 610
483 839
484 578
484 615
484 645
484 648
485 540
485 615
485 816
485 911
486 590
486 643
486 782
486 784
486 799
486 833
486 866
487 976
488 556
488 624
488 746
488 975
489 635
490 535
490 727
490 878
491 526
491 791
493 506
493 525
493 547
493 952
494 566
494 637
494 864
494 884
494 897
495 545
495 547
495 652
496 516
496 973
497 515
497 550
498 605
498 613
498 831
498 908
499 882
499 997
500 535
501 545
501 953
501 960
503 630
503 650
503 679
503 969
504 662
504 944
505 891
505 943
505 981
505 989
506 870
506 978
506 996
507 560
507 606
507 790
507 800
507 837
507 939
508 654
508 885
509 946
509 983
511 520
511 676
511 783
512 585
512 593
513 529
513 593
513 637
514 534
515 662
515 689
515 998
517 847
518 672
518 746
518 983
519 638
519 644
520 568
520 743
520 925
521 553
521 823
521 835
522 864
522 873
523 655
523 657
523 765
524 629
524 666
524 701
525 892
526 588
526 645
526 785
526 913
527 600
528 824
529 583
529 704
529 728
530 584
530 867
532 754
533 770
533 810
533 905
533 938
534 575
534 611
534 712
534 881
536 595
536 631
536 691
536 974
536 999
537 602
537 608
537 713
538 701
538 794
538 808
538 887
539 590
539 674
539 882
539 961
539 998
540 696
540 721
540 786
541 586
541 605
541 797
541 812
541 853
541 883
541 886
541 996
542 731
542 932
542 949
543 569
543 625
543 710
543 804
544 750
544 801
544 937
545 569
545 789
545 821
545 970
546 637
546 888
547 549
547 600
547 781
548 602
548 640
548 675
548 910
548 994
549 939
551 611
551 631
551 781
551 848
551 922
552 693
552 718
552 995
553 730
553 767
554 693
555 577
555 652
555 665
555 701
555 760
556 773
557 599
557 860
557 901
557 910
558 808
559 612
559 622
559 642
559 680
559 702
559 731
560 719
560 756
560 909
561 640
561 683
561 995
562 762
563 588
563 630
563 694
563 724
563 809
564 912
564 935
564 984
565 764
565 961
566 812
566 878
566 880
568 627
568 641
569 761
569 999
570 576
570 953
572 744
572 914
573 739
574 653
574 664
574 778
574 819
574 985
575 631
575 635
575 664
576 693
576 863
577 677
579 585
579 860
580 605
580 983
581 981
581 992
582 602
582 679
582 814
582 949
584 810
584 884
584 939
586 625
586 749
587 912
587 974
588 964
589 597
590 742
590 747
590 946
590 955
591 607
591 653
591 664
591 698
591 755
591 787
591 827
592 776
592 844
592 916
593 665
593 706
593 865
594 599
594 633
594 710
594 741
594 922
594 945
594 961
595 709
595 748
595 832
596 604
596 646
596 681
596 699
596 738
596 821
596 858
596 885
596 939
597 603
597 727
597 903
597 976
599 618
599 801
599 846
599 919
600 893
601 651
601 691
601 786
601 843
602 923
603 770
603 862
604 711
604 742
604 824
604 962
605 698
605 754
605 858
605 923
606 611
606 617
606 640
606 662
607 763
607 893
607 956
608 624
608 857
608 999
609 920
610 942
610 958
611 641
611 688
611 935
612 903
613 808
614 658
614 711
614 810
616 694
617 751
617 803
618 657
618 733
619 712
619 754
619 836
620 626
621 630
621 639
621 706
621 708
621 806
621 810
621 831
622 653
622 906
623 828
623 864
623 903
624 789
624 820
625 698
625 701
625 837
625 953
626 877
627 690
627 705
627 906
628 840
628 867
628 945
629 671
629 970
630 825
630 969
631 973
632 672
632 963
633 900
633 959
634 973
635 642
635 895
635 918
636 739
636 802
636 979
637 930
638 785
638 844
638 959
639 733
640 711
640 953
641 725
641 727
642 855
642 994
643 704
643 800
644 702
644 962
645 706
645 867
646 692
646 812
646 919
646 968
647 688
649 824
649 859
649 870
651 696
651 829
652 724
652 871
652 965
653 728
653 897
653 918
654 729
654 971
655 715
657 665
657 776
657 806
658 730
659 733
659 955
659 958
661 697
662 684
662 736
663 848
663 927
664 750
666 733
666 754
666 832
666 905
666 929
667 786
667 919
667 936
667 954
668 705
668 746
668 786
668 822
668 997
669 744
669 804
669 903
670 797
670 820
670 914
672 735
672 801
672 884
672 995
673 675
673 730
673 911
674 809
674 811
674 814
674 820
674 885
674 959
677 975
679 688
679 740
680 687
680 692
680 744
680 960
681 698
681 708
681 898
681 934
681 997
685 859
686 808
686 829
686 948
687 998
689 703
690 840
690 845
690 892
693 825
694 707
694 745
694 786
694 955
695 734
695 737
696 715
696 821
696 869
696 953
697 734
698 823
699 892
700 850
700 917
701 706
701 718
702 940
704 718
704 749
704 758
705 778
706 903
706 964
707 948
708 930
709 727
709 862
710 940
711 750
711 934
712 837
713 771
713 834
714 816
715 720
715 908
716 774
717 750
717 808
717 959
717 961
718 812
719 765
721 734
721 800
723 766
723 958
724 810
724 811
724 902
724 943
724 980
725 729
726 843
726 859
726 901
727 779
727 840
727 890
727 986
728 780
728 873
728 877
728 911
729 733
729 868
730 740
730 955
730 959
733 759
733 806
733 911
734 906
735 869
735 893
735 987
736 756
736 828
736 927
737 890
738 769
739 787
739 805
740 957
741 863
741 915
741 956
742 895
743 795
744 885
744 938
744 959
745 932
746 757
747 769
747 828
748 907
749 977
752 827
752 927
753 767
753 919
755 777
755 848
755 968
757 896
757 979
759 859
759 974
760 820
760 922
761 888
761 951
762 808
762 818
763 822
765 909
766 926
767 808
768 914
769 791
769 824
769 915
770 940
770 980
771 797
773 895
773 932
774 792
776 791
776 891
778 992
779 835
780 856
780 984
781 970
783 932
784 868
785 789
785 999
788 795
790 943
791 918
793 923
794 797
794 899
795 870
797 898
797 926
797 945
798 954
798 960
798 972
799 824
799 902
800 899
802 807
803 916
803 951
803 973
805 844
807 852
809 914
810 922
811 882
812 925
813 830
814 917
817 842
817 919
817 979
818 892
818 961
818 976
819 878
820 872
821 975
822 889
823 850
825 853
825 858
825 912
826 924
826 960
826 996
827 895
827 931
827 938
829 947
831 900
834 853
834 928
835 877
836 926
838 850
838 935
839 929
840 981
845 885
846 974
847 874
847 970
847 973
849 904
851 936
853 999
854 905
855 916
855 979
857 947
857 971
858 859
858 950
859 880
864 876
867 925
868 911
869 901
870 916
871 902
871 966
871 997
872 933
874 889
874 949
876 946
876 994
878 951
883 928
885 914
886 914
886 977
887 945
887 960
888 903
894 908
894 921
897 980
900 906
900 930
901 961
901 989
904 967
905 930
905 969
909 955
910 996
911 940
912 963
913 928
915 999
917 923
923 981
924 936
924 996
925 960
925 974
928 973
929 999
932 978
934 989
940 971
941 943
943 948
950 963
953 970
955 988
955 990
956 975
964 991
966 980
971 989
