0 91
0 207
0 378
1 116
1 132
1 245
1 316
1 366
1 508
1 544
1 582
1 967
1 969
1 980
2 70
2 186
2 192
2 205
2 303
2 829
2 970
3 582
3 633
3 730
3 749
3 763
3 779
3 833
3 874
3 991
4 71
4 183
4 400
4 425
4 601
4 619
4 666
4 765
4 813
5 255
5 639
5 752
5 988
6 26
6 115
6 324
6 383
6 687
7 50
7 81
7 440
7 479
7 524
7 588
7 691
8 60
8 351
8 355
8 385
8 583
8 643
9 113
9 262
10 221
10 600
10 694
11 214
11 467
11 658
11 673
11 721
11 768
11 891
12 56
12 59
12 274
12 298
12 343
12 373
12 419
12 646
12 649
12 708
12 774
13 82
13 147
13 179
13 551
13 779
13 802
14 64
14 191
14 442
14 928
15 24
15 45
15 248
15 258
15 278
15 481
15 664
15 858
16 225
16 261
16 405
16 414
16 505
16 528
16 695
16 800
16 977
17 43
17 89
17 348
17 980
18 450
18 620
18 801
18 902
18 916
19 152
19 193
19 375
19 691
19 814
19 842
20 49
20 86
20 223
20 304
21 678
21 711
21 762
21 815
21 987
22 130
22 444
22 640
22 676
22 787
22 798
23 165
23 205
23 329
23 352
23 750
23 852
24 139
24 300
24 359
24 417
24 807
24 882
25 425
25 501
25 885
25 981
26 40
26 79
26 123
26 268
26 298
26 310
26 315
26 365
26 682
26 696
26 755
26 956
27 151
27 290
27 355
27 400
27 516
27 573
27 603
27 608
27 908
27 970
28 145
28 386
28 469
28 929
28 985
29 229
29 499
29 533
29 842
29 852
30 531
30 808
31 103
31 180
31 340
31 462
31 503
31 802
31 865
32 165
32 229
32 336
32 440
32 609
32 710
32 736
32 881
32 918
33 352
33 371
33 676
33 845
33 907
33 932
34 372
34 741
35 89
35 111
35 464
35 496
35 526
35 592
35 625
35 695
35 745
35 825
35 950
36 171
36 217
36 305
36 373
36 421
36 598
36 866
36 951
37 48
37 191
37 306
37 311
37 873
37 932
37 973
38 222
38 268
38 378
38 472
38 627
38 684
38 744
38 860
39 531
39 535
40 319
40 448
40 535
40 911
41 52
41 192
41 342
41 628
41 742
41 889
42 165
42 335
42 455
42 474
42 932
43 326
43 447
44 273
44 369
44 609
44 614
44 654
44 875
44 948
44 993
45 143
45 621
45 811
45 932
45 999
46 57
46 91
46 159
46 191
46 479
46 532
47 246
47 378
47 425
47 498
47 569
47 981
48 51
48 75
48 138
48 315
48 341
48 394
48 686
49 90
49 328
49 394
49 511
49 678
49 710
49 714
49 882
50 60
50 218
50 531
50 547
50 631
50 657
51 189
51 268
51 357
51 591
51 900
51 929
52 162
52 180
52 365
52 380
52 499
52 725
52 889
52 897
53 125
53 264
53 271
53 348
53 391
53 505
53 810
54 173
54 511
54 849
55 123
55 669
55 860
56 175
56 196
56 214
56 357
56 365
56 467
56 593
56 657
56 683
56 859
56 969
57 121
57 260
57 274
57 377
57 583
57 985
58 78
58 322
58 378
58 674
58 983
59 74
59 248
59 386
59 438
59 515
59 579
59 662
59 681
59 696
59 864
59 959
60 241
60 687
60 755
60 976
61 233
61 316
61 397
61 444
61 532
61 552
61 660
61 703
62 427
63 101
63 259
63 558
63 620
63 855
64 280
64 395
64 396
64 626
64 730
64 748
64 845
64 929
65 195
65 286
65 552
65 650
65 967
66 101
66 422
67 433
67 592
67 609
67 732
67 896
69 159
69 204
69 514
69 568
69 622
69 778
70 101
70 647
70 708
70 739
70 823
71 213
71 234
71 539
71 826
71 989
72 200
72 254
72 819
72 912
73 214
73 307
73 366
73 444
73 818
73 926
74 143
74 536
74 674
74 676
74 683
74 857
74 910
74 964
75 560
75 752
76 172
76 289
76 648
76 758
76 905
77 309
77 322
77 383
77 734
77 884
78 273
78 299
78 547
78 603
78 608
78 743
78 833
78 854
78 961
79 212
79 250
79 361
79 411
80 140
80 252
80 516
80 595
80 733
81 221
81 878
82 558
82 740
82 754
82 947
83 96
83 231
83 402
83 511
83 785
83 810
83 843
84 125
84 219
84 290
84 804
84 907
85 242
85 918
85 920
86 88
86 119
86 545
87 201
87 238
87 347
87 361
87 483
87 587
87 829
87 950
88 253
88 269
88 285
88 422
88 793
88 991
89 808
89 911
90 431
90 903
91 301
91 536
91 572
91 591
91 678
92 602
93 216
93 405
93 409
93 692
93 755
93 762
93 793
94 356
94 512
94 568
94 628
94 717
94 724
94 848
95 363
95 416
95 634
95 708
96 619
96 660
96 855
97 348
97 587
97 619
97 720
97 918
98 179
98 386
98 526
98 620
98 706
98 789
99 245
99 255
99 373
99 666
100 486
100 718
101 504
102 235
102 332
103 132
103 280
103 317
103 603
104 107
104 201
104 250
104 512
104 688
104 913
105 119
105 604
105 854
105 884
106 227
106 311
106 639
106 698
106 857
107 194
107 491
107 559
107 944
108 186
108 472
108 728
108 767
108 858
108 901
109 434
109 571
109 582
109 589
109 723
109 734
110 145
110 207
110 361
110 430
111 367
111 478
111 525
111 771
111 809
111 850
111 927
112 340
112 368
112 378
112 458
112 554
112 788
112 805
112 827
112 931
113 116
113 210
113 279
113 307
114 280
114 449
114 829
114 887
115 320
115 467
115 689
115 779
115 789
115 826
116 225
116 430
116 547
116 850
116 858
117 133
117 165
117 186
117 195
117 197
117 404
117 814
118 362
118 394
118 437
118 458
118 500
118 628
118 665
118 714
118 765
118 803
119 524
119 778
119 899
119 997
120 174
120 226
120 260
120 609
120 757
120 983
121 147
121 191
121 765
121 994
122 203
122 209
122 297
122 434
122 447
122 522
122 973
123 239
123 486
123 675
123 770
123 989
124 138
124 168
124 323
124 410
124 864
124 986
125 155
125 857
125 889
125 919
126 184
126 251
126 265
126 307
126 319
126 363
126 713
127 163
127 390
127 418
127 452
127 520
127 551
127 675
127 946
128 223
128 331
128 354
128 563
128 590
128 611
129 428
129 484
129 694
129 720
129 725
129 900
129 938
130 270
130 440
130 930
130 972
130 995
131 167
131 170
131 231
131 417
131 475
131 502
131 540
131 577
132 221
132 309
132 373
132 474
132 695
132 744
132 993
133 292
133 313
133 490
133 594
133 753
133 900
133 927
133 952
134 164
134 426
134 465
134 529
134 789
135 312
135 441
135 443
135 489
135 514
135 635
135 656
135 780
136 332
136 362
136 416
136 502
136 797
136 824
136 838
137 200
137 229
137 471
137 735
137 840
137 997
138 179
138 196
138 892
139 256
139 687
139 693
140 189
140 261
140 412
140 470
140 788
140 834
140 928
141 252
141 486
141 536
141 657
141 950
141 957
142 637
142 792
143 214
143 264
143 552
143 713
144 167
144 474
144 630
144 945
145 333
145 352
145 494
146 508
146 888
147 325
147 441
147 528
147 541
147 746
147 818
148 267
148 306
148 605
149 212
149 356
149 616
149 721
149 835
150 385
150 413
150 669
150 837
150 851
150 865
150 968
151 409
151 413
151 794
151 862
151 958
152 321
152 440
152 663
152 853
153 163
153 250
153 254
153 259
153 437
153 532
153 781
153 949
154 309
154 413
154 537
154 608
154 855
154 902
155 186
155 414
156 506
156 524
156 768
156 771
156 780
156 844
156 965
157 351
157 867
158 407
158 427
158 562
159 214
159 347
159 375
159 407
159 496
159 542
159 547
159 572
159 678
159 912
160 179
160 583
160 607
161 214
161 438
161 465
161 520
161 748
162 182
162 821
162 926
162 939
163 193
163 336
163 723
163 770
163 803
163 838
164 311
164 480
164 717
164 731
165 694
165 748
165 752
165 927
165 950
165 958
166 356
166 505
166 756
166 759
167 304
167 592
167 649
167 666
168 206
168 529
168 632
169 375
169 388
169 718
169 786
169 832
169 862
170 206
170 549
171 194
171 329
171 555
171 700
171 763
171 844
172 232
172 271
172 311
172 475
172 497
172 605
172 699
172 946
173 229
173 595
173 875
173 879
173 981
174 238
174 580
174 836
174 984
175 334
175 481
175 808
176 619
176 896
177 487
177 689
177 807
178 304
178 722
178 736
178 779
178 956
179 745
179 879
179 921
180 258
180 443
180 454
180 569
180 683
180 695
180 724
180 788
180 812
180 988
181 303
181 415
181 545
182 358
182 936
183 242
183 298
183 777
184 360
184 563
184 577
185 223
185 391
185 411
185 652
186 332
186 493
186 594
186 995
187 267
187 717
187 751
187 831
188 378
188 637
188 786
188 798
188 909
189 221
189 326
189 390
189 512
189 537
189 775
189 934
190 276
190 551
190 587
190 754
190 839
190 899
191 485
191 512
191 844
192 218
192 264
192 526
192 553
192 597
192 655
192 682
192 933
193 267
193 357
193 639
193 915
193 918
194 214
194 224
194 264
194 793
194 824
194 877
194 919
194 926
194 975
194 993
195 484
195 760
195 858
196 236
196 245
196 264
196 680
196 835
196 850
196 976
197 202
197 392
197 393
197 918
197 919
198 349
198 362
198 397
198 476
198 484
198 501
198 515
198 584
198 636
198 755
199 320
199 391
199 405
199 921
199 983
200 357
200 392
200 701
200 925
201 252
201 362
201 508
201 577
201 578
201 646
201 757
201 779
201 782
201 858
201 933
202 221
202 342
202 399
202 702
202 784
202 959
202 995
203 431
203 470
203 972
204 275
204 359
204 737
205 222
205 459
205 808
205 811
206 221
206 348
207 336
207 522
207 695
207 908
207 911
208 759
208 879
208 925
209 281
209 488
209 507
209 578
209 784
209 909
210 341
210 360
210 369
210 453
210 615
210 629
210 688
210 876
210 877
211 355
211 529
211 768
211 901
212 348
212 690
213 325
213 407
213 476
213 682
213 994
214 324
214 466
214 604
214 791
214 842
215 399
215 424
215 619
215 623
215 800
216 274
216 280
216 397
216 541
216 645
216 732
216 766
217 320
217 520
217 650
217 651
217 869
218 268
218 410
218 750
218 776
219 515
219 661
219 753
219 774
219 899
220 428
220 598
220 774
220 841
221 723
221 730
221 772
222 282
222 448
222 587
222 903
223 274
223 298
223 363
223 465
223 532
223 832
223 876
223 963
224 360
224 568
224 654
224 727
224 767
224 933
224 988
225 365
225 380
225 691
225 930
226 298
226 474
226 903
226 930
227 790
227 906
228 400
228 470
228 513
228 567
228 665
228 800
228 913
228 997
229 258
229 443
229 908
230 337
230 374
230 443
230 708
230 815
231 285
232 266
232 274
232 398
232 496
232 650
232 723
233 365
233 380
233 944
234 559
234 580
234 622
234 836
234 850
234 877
235 243
235 295
236 372
236 643
236 924
237 335
237 361
237 554
237 631
237 677
237 822
237 915
237 981
238 508
238 578
238 702
238 922
239 322
239 375
239 431
239 621
240 949
241 297
241 420
241 482
241 582
242 270
242 358
242 634
242 644
242 757
242 964
243 335
243 370
243 619
243 681
244 337
244 371
244 388
244 504
244 518
244 767
244 882
245 417
245 421
245 642
246 268
246 302
246 581
246 586
246 848
247 332
247 373
247 929
248 337
248 829
248 957
249 275
249 434
249 544
249 557
249 656
249 661
250 518
250 538
250 761
250 775
250 900
250 930
251 405
251 669
251 867
252 276
252 589
252 698
252 786
253 588
253 727
253 894
253 943
254 283
254 336
254 713
254 748
254 762
254 814
254 953
254 970
255 658
255 710
255 897
256 536
256 537
256 736
256 738
256 750
256 767
256 810
256 933
256 945
257 296
257 534
257 625
257 740
257 748
257 764
257 816
258 416
258 520
259 338
259 604
259 671
259 723
259 801
259 991
260 435
260 768
260 775
260 891
260 929
260 944
261 299
261 376
261 516
261 759
261 980
262 551
262 774
262 796
262 864
262 973
263 670
263 753
263 791
263 816
264 291
264 414
264 431
264 651
264 758
264 854
265 904
265 954
266 332
266 545
266 675
266 892
267 379
267 515
267 666
267 712
267 847
268 280
268 457
268 659
268 740
268 747
268 847
268 891
269 306
269 700
269 820
269 832
270 600
270 644
270 704
270 721
271 274
271 297
271 382
271 408
271 656
271 668
271 898
271 958
272 280
272 321
272 750
272 785
273 446
273 598
273 712
273 733
273 754
273 792
274 325
274 624
274 703
274 906
275 393
275 403
275 484
275 505
275 514
276 299
276 408
276 458
276 490
277 368
277 497
277 654
277 664
277 673
277 711
277 742
278 524
279 500
279 642
279 644
279 940
280 448
280 539
280 595
280 683
281 409
281 488
281 617
281 816
282 583
282 648
282 675
283 339
283 461
283 518
283 645
283 880
283 887
284 288
284 330
284 378
285 487
285 523
285 761
285 784
286 312
286 323
286 685
286 760
286 837
287 383
287 444
287 483
287 569
288 495
288 715
288 914
288 939
288 976
288 985
289 673
289 690
289 760
289 820
290 301
290 400
290 548
290 711
291 363
291 438
291 564
291 630
291 886
291 972
292 437
292 904
292 955
292 980
293 328
293 365
293 553
293 619
293 703
293 993
294 497
294 522
294 652
295 302
295 328
295 472
295 665
295 969
296 472
296 506
296 720
296 877
296 934
297 624
298 412
298 544
298 769
298 903
299 306
299 309
299 396
299 716
299 727
299 759
299 828
299 838
301 902
301 918
302 363
302 485
302 594
302 873
303 348
303 560
303 617
303 745
304 342
304 346
304 443
304 496
304 507
304 559
304 586
304 675
304 822
305 341
305 350
305 494
305 529
305 852
305 953
306 427
306 808
307 426
307 429
307 597
307 675
308 310
308 320
308 674
308 676
308 745
308 772
309 583
309 633
309 701
309 720
309 934
310 689
310 694
311 333
311 351
311 490
311 502
311 986
312 431
312 505
312 578
312 600
312 884
313 585
313 590
313 625
313 784
313 952
313 980
314 409
314 450
314 901
314 928
315 601
315 872
316 639
316 683
316 710
316 870
317 455
317 632
317 636
318 348
318 662
318 902
318 941
319 370
319 703
320 503
320 590
320 707
321 385
321 462
321 563
321 832
321 943
321 978
322 984
323 436
323 532
323 724
323 898
323 905
324 590
324 635
324 968
324 972
324 979
325 628
325 851
325 977
326 481
326 487
327 598
327 707
327 827
328 371
328 416
328 493
328 564
328 652
329 732
329 885
330 431
330 505
330 653
330 812
330 935
330 990
331 435
331 444
331 471
331 548
331 871
332 653
332 713
332 717
332 917
332 919
333 350
333 844
333 975
333 989
334 434
334 440
334 525
334 614
334 616
334 752
335 457
335 817
335 821
335 934
336 505
336 554
337 565
338 384
338 610
338 815
339 949
340 461
340 688
340 788
340 874
341 587
341 666
341 849
341 950
342 544
342 718
342 734
342 930
342 990
343 473
343 696
343 712
343 844
343 956
344 349
344 513
344 795
344 826
344 923
344 925
345 615
345 667
346 597
346 667
346 702
346 814
346 858
346 897
347 378
347 574
347 743
347 977
348 470
348 481
348 869
348 896
349 433
349 805
349 862
350 387
350 406
350 411
350 457
350 510
350 583
350 829
350 904
351 438
351 763
351 908
351 975
352 359
352 767
352 828
352 833
353 572
353 595
353 714
353 764
354 451
354 869
355 397
355 456
355 964
356 402
356 507
356 557
356 729
356 754
356 915
357 899
357 958
358 456
358 631
358 811
358 838
359 418
359 482
359 496
359 611
359 632
359 756
359 958
360 449
360 696
360 724
360 749
361 728
361 796
362 665
362 677
362 692
362 770
362 793
363 528
363 596
364 462
364 619
364 643
364 746
364 910
365 537
365 965
365 986
366 602
366 725
366 943
367 498
367 646
367 820
367 821
368 622
368 666
368 763
369 472
369 648
369 750
369 970
370 592
370 687
370 725
370 899
371 682
371 699
371 801
371 823
371 881
372 487
372 633
373 552
373 696
373 714
374 748
374 905
375 505
375 612
376 607
376 684
376 779
376 935
377 606
377 725
377 999
378 733
378 811
378 820
379 630
380 430
380 474
380 679
380 966
381 385
381 757
381 820
381 837
381 845
381 975
382 418
382 448
382 713
382 820
382 996
383 450
383 482
383 649
383 777
383 836
383 965
383 978
385 601
385 822
386 500
386 823
387 648
387 881
387 904
388 417
388 984
389 434
389 455
389 490
389 636
389 693
389 725
389 962
389 966
390 591
390 899
390 961
390 963
391 461
391 589
391 590
391 655
391 873
392 399
392 474
392 579
393 407
393 522
393 748
393 749
393 863
393 964
394 433
394 462
394 568
394 708
395 852
395 869
395 908
395 998
396 409
396 447
396 463
396 685
397 400
397 722
397 999
398 461
398 594
398 738
399 407
399 418
400 677
400 685
400 714
400 747
400 763
401 416
401 434
401 544
401 660
401 833
402 623
402 927
403 613
404 467
404 535
404 670
404 951
405 609
405 707
405 865
405 866
406 486
406 695
406 839
406 905
406 927
406 950
407 672
407 952
407 962
408 503
408 754
408 761
408 869
409 547
409 600
409 735
409 757
409 891
410 480
411 581
411 606
411 694
411 819
412 465
412 524
412 533
412 544
412 672
412 679
412 819
413 677
413 807
414 628
415 515
415 572
415 662
415 853
416 564
416 718
416 764
416 871
417 940
418 635
418 814
419 470
419 754
420 476
420 694
422 505
422 528
422 665
422 825
422 838
423 426
424 463
424 541
424 669
424 724
424 736
424 854
424 944
425 532
425 611
425 636
425 729
425 906
425 961
426 544
426 546
426 675
426 923
427 586
427 823
427 987
427 990
428 509
428 643
428 770
429 851
429 873
429 947
429 961
430 431
430 465
430 714
431 571
431 651
431 668
432 944
432 957
433 840
434 474
434 800
434 829
434 834
434 983
435 640
435 654
435 903
435 912
435 948
436 479
436 529
436 600
436 844
437 496
437 619
437 708
438 550
438 651
439 476
439 534
439 639
439 922
439 933
440 960
441 533
441 805
441 834
441 949
442 622
442 766
442 934
442 983
443 661
443 703
444 504
444 606
444 625
444 895
444 901
445 554
445 575
445 603
445 729
446 956
446 985
447 494
447 800
448 509
448 751
448 797
449 547
449 734
449 798
449 849
449 858
449 866
450 532
450 666
451 887
451 920
451 987
452 711
453 579
454 517
454 720
454 746
455 493
455 504
455 633
455 977
456 693
457 668
458 490
458 511
458 653
459 532
459 551
459 897
459 982
460 511
460 531
460 932
461 689
461 755
462 768
462 944
463 488
463 504
463 538
463 550
463 667
463 733
463 848
463 987
464 511
464 608
464 886
465 570
465 612
465 777
465 876
465 942
466 827
466 955
467 603
467 813
467 838
467 859
468 529
468 531
468 554
468 621
468 863
468 926
468 942
468 988
469 517
469 739
469 752
470 534
470 720
470 751
471 539
471 616
472 507
472 597
472 639
472 695
472 864
472 940
472 988
473 480
473 530
473 649
473 799
474 637
474 738
474 767
474 973
475 641
475 709
476 504
476 516
476 697
476 710
476 765
476 920
477 632
477 705
477 790
477 983
478 665
478 677
478 749
479 547
479 975
480 516
480 851
480 904
481 642
481 784
482 578
482 792
483 608
483 912
484 518
484 609
484 765
484 817
484 851
485 617
485 641
485 853
486 690
486 714
486 818
486 848
487 638
487 961
488 500
488 730
488 798
489 632
489 679
489 978
490 560
490 585
491 577
491 640
491 811
491 900
492 521
492 620
492 750
492 864
494 598
494 765
495 729
495 805
495 893
496 939
496 964
497 531
498 614
498 650
498 747
499 703
499 727
500 605
500 686
500 939
501 600
501 874
502 550
502 716
502 755
502 778
502 881
503 759
503 918
504 523
504 743
504 782
504 827
504 889
504 968
505 571
505 586
505 605
505 619
506 524
506 609
506 766
506 946
507 545
507 651
507 809
507 884
508 805
509 942
510 556
510 621
510 721
510 778
510 781
510 929
510 960
511 635
511 918
512 539
512 887
513 552
513 722
513 855
513 995
513 997
514 553
515 585
515 610
515 650
515 658
515 711
515 836
515 874
515 994
516 524
516 565
516 670
516 772
516 888
516 909
517 529
517 707
517 750
517 878
518 831
518 946
520 549
520 789
520 790
521 832
521 987
522 553
522 579
522 582
522 634
522 794
522 857
523 853
523 903
524 728
525 989
526 728
527 701
528 768
528 924
529 768
529 916
530 702
530 754
530 828
531 790
533 749
534 844
535 539
535 740
535 773
535 860
536 685
536 795
536 891
536 901
539 819
540 947
541 768
541 853
542 557
542 774
543 663
543 684
543 696
543 830
543 872
544 827
544 927
545 559
545 657
545 761
545 929
546 837
547 836
547 913
547 915
548 680
548 805
548 899
549 766
549 834
551 761
551 800
551 836
552 751
552 827
552 941
552 979
553 560
555 625
555 938
556 674
556 746
556 884
557 573
558 721
558 882
559 653
560 585
561 877
562 932
562 984
563 578
563 756
564 770
564 854
565 620
565 623
565 711
565 940
565 965
566 857
566 935
567 806
568 610
568 620
568 632
568 694
568 808
568 869
568 975
569 588
570 881
570 902
570 916
570 957
570 976
570 985
571 762
571 887
571 962
572 818
573 713
573 730
573 986
574 678
574 895
575 730
575 799
576 587
576 636
576 706
576 748
576 991
577 729
577 735
577 978
578 666
578 720
578 727
579 830
579 920
581 765
581 790
581 938
582 594
582 613
582 671
582 955
583 822
583 834
583 967
583 993
584 793
584 889
584 901
584 920
585 641
585 674
585 718
585 880
585 947
586 617
586 753
586 968
587 601
587 754
588 622
588 703
588 707
588 793
588 975
589 624
589 702
589 719
589 860
589 926
589 947
589 952
590 667
590 770
590 927
592 624
592 733
592 745
592 772
592 934
593 920
593 932
593 980
594 704
594 707
595 804
595 899
595 931
596 981
597 691
599 732
600 633
602 873
603 759
604 664
604 765
604 864
604 981
605 733
605 758
606 746
607 630
607 798
607 810
607 956
608 656
608 813
610 655
610 724
610 739
610 995
611 647
611 939
612 882
612 943
613 615
613 667
613 993
614 632
614 647
614 716
614 732
615 705
615 875
615 930
616 657
616 696
616 716
617 628
617 649
617 759
617 774
617 870
618 706
618 965
619 709
619 778
619 821
620 781
620 786
620 967
622 736
622 848
622 867
623 627
623 734
623 743
623 910
623 962
624 643
624 842
624 893
625 811
626 630
626 719
627 671
627 816
627 873
628 923
629 781
629 791
629 794
629 912
630 807
630 837
630 990
631 680
631 745
631 838
632 719
632 797
632 819
632 830
632 956
633 785
633 992
634 724
635 799
637 801
637 808
638 642
638 685
638 727
638 836
638 929
639 932
640 692
640 957
641 781
642 881
643 658
643 842
643 933
645 718
645 781
646 725
646 853
646 912
648 677
648 847
648 868
648 885
648 989
649 681
649 801
649 819
650 840
651 879
652 672
652 674
652 702
652 728
652 732
652 798
653 788
653 961
654 789
654 884
655 797
655 816
655 984
656 989
657 800
657 920
658 758
658 881
659 709
659 737
659 923
660 697
661 836
661 929
661 963
662 697
662 746
662 870
662 881
664 757
664 872
665 702
665 870
665 921
668 669
669 992
670 955
671 866
673 839
673 985
674 827
674 832
677 829
677 891
677 950
678 788
678 807
680 723
680 783
681 812
682 951
683 704
683 822
683 937
684 984
685 728
685 813
686 714
686 752
687 851
688 864
688 877
689 802
690 735
690 787
690 872
692 717
692 837
693 896
695 857
695 968
698 855
700 988
701 782
701 833
702 815
702 912
704 748
704 843
704 875
704 909
705 961
705 987
706 721
706 749
707 749
707 954
707 983
707 984
708 728
708 792
708 907
708 910
709 719
709 867
709 872
711 773
711 801
712 713
713 771
714 995
714 997
716 786
717 812
717 830
717 890
717 990
718 728
718 766
718 862
718 958
720 841
721 807
723 744
723 953
724 749
724 932
725 761
728 797
728 927
729 770
729 772
729 806
729 891
729 905
729 977
730 963
731 810
733 811
733 976
734 899
734 902
735 984
737 784
737 965
738 922
739 909
739 967
740 837
740 868
740 967
741 793
741 801
741 961
742 868
742 931
743 773
744 841
744 851
744 962
745 817
745 853
745 992
747 835
747 976
748 753
748 899
750 764
750 823
750 953
751 813
751 989
752 931
752 932
753 929
754 780
757 817
757 955
758 875
758 989
759 933
761 768
761 899
761 935
762 927
763 861
763 871
763 908
764 823
765 905
766 810
766 879
766 993
770 818
771 831
771 849
771 863
772 801
772 831
773 880
773 953
774 804
776 827
776 949
777 895
777 917
779 813
781 786
782 802
783 869
783 919
783 923
784 843
785 833
786 886
786 906
786 970
787 817
787 902
787 957
788 859
788 914
789 847
789 863
790 838
790 922
793 946
794 893
795 804
796 845
796 973
797 964
799 971
799 990
801 882
801 968
803 969
806 907
808 846
808 957
809 904
809 921
810 845
810 906
810 934
810 989
811 844
811 990
812 927
813 986
814 997
818 915
820 834
820 985
821 915
821 999
824 869
824 914
825 954
827 970
829 849
829 944
829 997
832 953
833 835
833 935
833 936
834 898
836 967
840 861
841 963
842 958
844 956
844 981
847 922
848 873
848 874
849 900
849 990
850 926
853 858
853 887
853 982
854 984
854 986
856 949
857 900
858 949
863 908
863 929
864 954
864 980
866 908
867 878
868 935
869 932
871 970
873 881
874 907
876 901
877 930
877 998
878 956
881 886
881 965
882 939
884 907
884 944
884 986
890 921
891 927
891 942
893 918
896 955
899 912
901 972
903 943
908 978
909 976
911 943
912 935
913 965
914 933
917 937
918 951
921 968
924 963
927 944
929 931
929 937
929 981
932 955
935 974
935 997
939 945
940 946
944 993
947 981
957 974
964 965
965 996
974 999
977 979
992 998
