0 211
0 317
0 384
0 462
0 509
0 879
1 104
1 185
1 399
1 573
1 740
1 771
1 860
1 931
2 212
2 251
2 275
2 356
2 418
2 434
2 778
2 904
2 986
3 166
3 272
3 293
3 366
3 639
4 30
4 309
4 428
4 460
4 543
4 693
4 792
4 914
5 258
5 455
5 619
5 859
6 71
6 316
6 498
6 506
6 828
6 851
6 919
7 41
7 268
7 456
7 586
8 73
8 173
8 196
8 385
8 463
8 542
9 150
9 301
9 576
9 764
9 784
10 24
10 56
10 64
10 92
10 93
10 153
10 439
10 497
10 770
10 909
10 969
11 70
11 130
11 226
11 252
11 730
11 869
11 944
12 106
12 298
12 316
12 535
12 628
12 715
12 931
12 994
13 83
13 145
13 183
13 228
13 381
13 440
13 481
13 786
13 836
13 958
13 983
13 991
14 91
14 321
14 530
14 609
14 656
15 46
15 130
15 545
15 777
15 840
16 71
16 117
16 750
16 872
17 182
17 193
17 241
17 376
17 473
17 522
17 693
17 712
18 542
18 773
18 796
18 971
19 82
19 404
19 613
19 828
20 154
20 535
20 555
21 290
21 675
21 801
22 36
22 229
22 441
22 610
22 638
22 805
22 865
22 875
23 98
23 117
23 129
23 295
23 367
23 461
23 772
24 36
24 376
24 465
24 614
24 863
24 994
25 125
25 173
25 320
25 345
25 506
25 908
26 53
26 90
26 100
26 309
26 319
26 363
26 485
26 528
26 688
27 323
27 582
27 667
27 876
27 944
28 223
28 292
28 312
28 648
28 661
28 701
28 820
29 202
29 251
29 272
29 471
30 578
30 841
30 896
30 899
31 48
31 86
31 465
31 765
31 970
32 87
32 375
32 603
32 784
33 180
33 238
33 490
33 566
33 681
33 723
33 756
33 862
33 864
33 999
34 177
34 516
34 801
34 923
35 102
35 172
35 468
35 601
35 627
35 803
35 962
36 238
36 289
36 498
36 778
36 822
36 877
37 144
37 215
37 565
37 860
37 944
38 131
38 276
38 709
38 721
39 179
39 325
39 531
39 706
39 884
39 898
40 263
40 377
40 442
40 516
40 761
40 928
41 51
41 188
41 659
41 891
42 160
42 182
42 354
42 392
42 439
42 548
42 604
42 777
42 886
42 998
43 84
43 105
43 239
43 247
43 748
44 50
44 66
44 161
44 178
44 214
44 833
45 148
45 287
45 963
46 65
46 151
46 229
46 292
46 386
46 463
46 516
46 992
47 397
47 688
47 897
47 940
47 987
47 998
48 78
48 114
48 335
48 415
48 463
48 733
48 807
48 904
48 909
49 164
49 343
49 607
49 751
49 789
49 827
49 875
49 959
50 246
50 253
50 255
50 475
50 860
51 116
51 196
51 850
52 389
52 403
52 590
52 693
52 730
52 735
52 770
52 827
52 908
53 160
53 205
53 216
53 259
53 346
53 364
53 421
53 468
53 546
53 589
53 658
53 668
54 61
54 156
54 162
54 264
54 379
54 578
54 581
54 838
54 857
54 893
55 114
55 187
55 197
55 237
55 256
55 282
55 493
55 593
55 675
55 784
55 809
55 818
55 890
55 970
56 168
56 262
56 560
56 806
56 878
56 965
57 74
57 84
57 183
57 264
57 463
57 590
58 181
58 263
58 462
58 521
59 846
59 966
60 327
60 807
60 935
61 126
61 154
61 169
61 220
61 273
61 335
61 497
61 616
61 863
61 926
62 153
62 222
62 249
62 420
62 913
62 951
63 452
63 485
63 776
64 140
64 194
64 196
64 219
64 261
64 380
64 539
64 837
65 188
65 400
65 468
65 518
65 535
65 557
65 576
65 661
65 674
65 839
65 848
65 963
66 139
66 409
66 813
67 79
67 151
67 171
67 431
67 761
67 922
68 126
68 208
68 255
68 625
68 682
68 826
69 150
69 583
69 623
69 787
69 802
69 896
70 135
70 169
70 271
70 482
70 842
71 134
72 198
72 255
72 411
72 514
72 780
72 867
73 95
73 125
73 187
73 197
73 547
73 612
73 722
74 230
74 239
74 275
74 432
74 449
74 642
74 650
74 663
74 891
75 165
75 958
76 182
76 203
76 207
76 250
76 429
76 783
76 957
77 85
77 272
77 368
77 524
77 574
77 605
77 709
77 929
77 992
78 160
78 215
78 221
78 333
78 335
78 426
78 538
78 887
78 944
79 164
79 376
79 431
79 595
79 624
79 703
79 720
79 869
79 878
79 957
80 230
80 323
80 571
80 685
80 739
80 792
80 815
80 834
81 117
81 247
81 332
81 557
81 561
81 719
81 885
82 145
82 204
82 454
83 94
83 473
84 87
84 171
84 403
84 553
84 677
84 823
84 933
84 998
85 369
85 475
86 160
86 558
86 669
86 752
86 922
87 205
87 345
87 424
87 607
87 856
87 974
87 986
88 175
88 555
88 973
89 264
89 915
90 104
90 634
90 678
90 726
90 950
91 241
91 276
91 419
91 666
91 708
91 753
91 812
91 965
92 307
92 322
92 480
92 628
92 916
93 111
93 293
93 380
93 638
93 675
94 277
94 290
94 399
94 415
94 531
94 654
94 663
94 681
94 811
94 927
95 100
95 201
95 497
95 634
95 939
96 448
96 483
96 557
96 773
96 977
97 133
97 146
97 410
97 568
97 633
97 896
98 548
98 664
98 670
98 986
99 106
99 231
99 254
99 450
99 640
99 988
100 103
100 233
100 255
100 326
100 363
100 431
100 452
100 844
101 113
101 532
101 651
101 699
101 842
102 158
102 213
102 237
102 273
102 618
102 826
102 907
102 960
103 248
103 449
103 575
103 797
104 495
104 573
104 902
104 969
105 162
105 167
105 343
105 532
105 591
105 803
105 813
105 889
105 914
106 254
106 311
106 418
106 423
106 533
106 752
106 898
106 995
107 171
107 211
107 360
107 435
107 671
107 707
107 738
107 900
108 396
108 452
108 500
108 953
108 995
109 315
109 823
109 924
110 345
110 962
111 117
111 249
111 362
111 476
111 660
111 877
112 243
112 430
112 461
112 500
112 581
112 692
112 702
112 718
112 802
112 933
113 201
113 382
113 810
114 138
114 176
114 235
114 655
115 465
116 247
116 451
116 707
116 765
116 989
117 265
117 351
117 407
117 484
117 581
117 656
117 880
117 893
118 149
118 315
118 407
118 425
118 514
119 341
119 351
119 377
119 471
119 583
119 802
119 954
120 153
120 823
120 875
120 979
121 350
121 450
121 483
121 571
121 621
121 649
122 375
122 507
122 578
122 659
123 341
123 349
123 519
123 549
123 650
123 721
124 219
124 292
124 400
124 530
124 709
124 778
125 178
125 187
125 278
125 298
125 419
125 466
125 712
125 766
125 920
126 307
126 412
126 454
126 529
126 545
126 912
127 205
127 269
127 275
127 474
127 780
127 842
127 940
127 962
127 990
128 224
128 253
128 353
128 491
128 496
128 509
129 243
129 687
130 270
130 301
130 518
130 564
130 615
130 850
130 978
131 318
131 393
131 494
131 552
131 685
131 738
132 156
132 168
132 199
132 218
132 233
132 239
132 445
132 469
132 492
132 648
132 819
132 850
133 262
133 373
133 677
133 720
133 777
134 183
134 287
134 328
134 478
134 806
134 961
134 965
135 325
135 371
135 458
135 512
135 824
135 840
135 858
136 166
136 177
136 776
136 816
136 972
137 167
137 370
137 554
137 686
137 816
138 226
138 238
138 264
138 794
138 801
138 906
138 987
139 142
139 264
139 736
140 206
140 614
140 676
140 711
140 885
140 897
140 922
141 360
141 624
142 310
142 687
142 786
142 851
143 319
143 351
143 529
143 768
143 918
143 954
144 167
144 206
144 346
144 351
144 416
145 224
145 241
145 279
145 398
145 833
146 331
146 352
146 608
146 824
147 195
147 437
147 493
147 575
148 156
148 164
148 599
149 198
149 341
149 369
149 471
149 486
149 851
149 958
150 232
150 294
150 387
150 557
150 972
151 303
151 395
151 504
151 709
151 755
151 844
152 174
152 605
152 742
153 204
153 324
153 599
153 661
153 679
153 883
153 979
154 243
155 213
155 610
155 928
155 974
156 260
156 959
157 189
157 568
157 748
157 925
157 946
158 335
158 425
158 503
158 646
158 769
158 945
159 220
159 299
159 477
159 722
159 915
159 938
159 939
159 943
159 994
160 232
160 485
160 533
160 929
161 234
161 289
161 294
161 352
161 708
161 781
162 318
162 422
162 917
162 981
163 243
163 328
163 625
163 779
163 800
163 845
163 943
164 221
164 331
164 473
165 300
165 753
165 789
166 196
166 342
166 354
166 516
166 683
166 876
166 915
167 540
167 793
168 271
168 291
168 398
168 474
168 657
168 758
168 848
168 897
169 213
169 245
169 319
169 369
169 500
169 565
169 625
169 703
169 971
169 996
170 218
170 537
170 640
171 237
171 588
171 601
171 691
171 925
172 313
172 392
172 540
172 605
172 630
172 697
173 247
173 278
173 289
173 575
173 722
174 246
174 249
174 264
174 356
174 473
174 595
174 602
174 676
174 764
175 205
175 219
175 243
175 717
175 828
175 894
176 397
176 759
176 769
176 863
177 209
177 507
177 729
177 853
178 240
178 346
178 486
178 638
178 670
178 740
178 832
178 853
178 918
179 416
179 806
179 914
180 223
180 623
181 501
181 657
181 779
181 978
182 242
182 329
182 493
182 528
182 921
183 429
183 622
183 831
183 937
183 966
184 205
184 332
184 354
184 651
184 900
184 925
185 219
185 656
185 838
186 472
186 503
186 697
186 842
187 219
187 245
187 419
187 466
187 625
188 698
188 703
188 758
188 790
188 976
189 437
190 393
190 409
190 499
190 532
191 219
191 281
191 412
191 565
191 640
192 378
192 607
192 773
192 781
192 883
192 917
192 961
193 358
193 886
194 215
194 434
194 662
195 488
195 644
195 738
196 332
196 340
196 415
196 569
197 213
197 469
197 656
198 214
198 417
198 501
198 679
198 809
198 819
199 613
199 695
199 709
199 919
199 944
200 314
200 441
200 502
200 650
200 725
201 296
201 372
201 830
201 898
201 909
201 921
203 276
203 498
203 659
203 770
203 782
204 215
204 249
204 328
204 359
204 954
205 458
205 535
205 644
205 646
205 736
205 867
206 448
206 463
206 599
206 652
206 659
206 693
206 716
206 717
207 267
207 335
207 603
207 616
207 880
207 985
208 565
208 589
208 818
208 942
208 972
209 561
209 626
209 819
209 996
210 212
210 266
210 347
210 431
210 637
210 693
211 384
211 643
211 744
211 923
212 238
212 553
212 656
212 729
212 767
213 291
213 355
213 653
213 676
214 348
214 858
215 575
215 699
215 727
215 729
215 743
216 600
216 705
216 707
216 737
216 930
217 448
217 701
218 326
218 396
218 438
218 453
218 688
218 752
218 776
219 579
219 665
220 294
220 348
220 707
220 884
221 258
221 297
221 486
221 500
221 875
221 973
221 991
222 492
222 527
222 600
222 626
222 732
223 308
223 338
223 349
223 442
223 715
223 718
223 781
223 792
223 850
224 408
224 440
224 460
224 461
224 629
224 722
224 753
224 952
224 964
224 989
225 414
225 473
225 585
226 528
226 603
226 943
227 432
227 759
227 954
227 987
228 561
228 571
228 682
228 695
228 840
229 301
229 325
229 381
230 437
230 945
230 959
231 440
231 734
231 821
232 258
232 383
232 390
232 645
232 826
233 270
233 451
233 799
233 897
233 988
234 378
234 438
234 499
234 518
234 693
235 358
235 404
235 605
235 795
236 729
236 835
236 881
237 250
237 403
237 556
237 769
238 246
238 369
238 652
238 774
238 804
238 975
239 250
239 688
239 896
240 401
240 462
240 809
240 866
240 874
241 550
241 643
242 350
242 450
242 932
243 249
243 413
243 477
243 517
243 529
243 688
243 896
243 916
243 923
244 356
244 455
244 497
244 670
244 697
244 752
244 847
244 859
245 512
245 696
245 872
246 257
246 379
246 382
246 679
246 832
247 483
247 961
248 343
248 513
248 679
248 776
249 336
249 466
249 469
249 526
249 774
250 284
250 430
250 487
250 557
250 652
250 754
252 429
252 461
253 329
253 438
253 445
253 479
253 576
253 602
253 788
253 946
254 551
254 905
255 809
255 876
255 879
256 271
256 292
256 476
256 494
256 977
257 258
257 329
257 349
257 549
257 574
258 949
259 429
259 587
259 754
259 798
260 313
260 328
260 733
260 742
261 295
261 605
261 802
262 304
262 324
262 576
262 655
263 264
263 737
263 925
263 970
264 477
264 653
264 734
264 765
265 267
265 689
266 690
266 745
266 812
267 354
267 409
267 448
267 607
267 831
267 995
268 384
268 402
268 464
268 669
268 737
268 748
268 763
268 852
269 372
269 391
269 459
269 641
269 644
269 750
270 788
270 983
271 552
271 770
271 981
271 999
272 520
272 599
272 750
273 761
274 749
274 827
274 909
274 941
274 952
276 316
276 323
276 477
276 605
276 684
276 787
277 326
277 391
277 442
277 546
278 629
278 685
278 786
278 849
278 927
278 990
279 318
279 438
279 714
279 792
279 983
279 985
280 318
280 393
280 813
280 939
280 955
281 308
281 337
281 517
281 541
281 695
281 922
281 987
281 997
282 440
282 455
282 507
282 731
282 825
282 873
283 608
283 669
283 817
284 465
284 569
285 429
285 449
285 827
285 976
286 358
286 480
286 573
286 872
287 333
287 415
287 718
287 764
287 937
288 376
288 465
288 502
288 509
288 567
288 742
288 787
288 893
289 306
289 353
289 679
289 801
291 292
291 359
291 439
291 551
291 794
291 875
292 399
292 672
292 857
292 904
292 905
292 974
293 768
293 805
294 435
294 676
294 746
294 924
295 349
295 408
295 636
295 647
295 809
295 964
296 407
296 476
296 518
296 657
296 668
296 920
297 360
297 476
297 502
297 517
297 616
298 322
298 710
298 716
299 335
299 765
300 456
300 470
300 814
300 976
301 388
301 644
301 667
301 736
301 894
302 367
302 373
302 528
302 651
302 727
302 806
302 869
302 879
302 972
303 352
303 457
303 564
303 836
303 861
304 776
305 489
305 754
305 877
305 913
305 973
306 330
306 890
306 922
307 310
307 375
307 729
307 781
307 984
308 401
308 410
308 853
309 373
309 392
309 480
309 542
310 420
310 521
310 598
310 647
310 662
310 780
310 925
310 976
311 660
312 410
312 579
312 595
312 711
312 744
312 815
312 906
312 907
312 928
313 710
313 904
313 906
313 972
314 566
315 324
315 632
315 825
316 379
316 465
316 553
316 692
316 718
316 740
316 767
317 406
317 454
317 623
317 624
318 325
318 412
319 432
319 508
319 565
319 574
319 611
319 786
319 989
320 355
320 371
320 372
320 401
320 723
320 987
321 331
321 476
321 524
321 935
321 967
322 364
322 402
322 767
323 992
324 335
324 528
324 709
324 755
325 753
325 954
326 463
326 470
326 574
326 667
326 891
327 349
327 483
327 505
327 515
327 674
328 998
329 518
329 784
329 863
329 958
330 436
330 455
330 480
330 503
331 484
331 705
331 911
331 919
332 374
332 504
332 525
332 610
332 778
332 956
333 438
333 441
333 469
333 561
333 624
333 654
333 682
333 720
333 896
333 933
334 699
335 378
335 829
335 847
336 470
337 398
337 500
337 703
337 848
337 885
338 362
338 438
339 567
339 871
339 970
340 435
340 641
340 655
340 723
340 815
340 840
340 873
340 975
341 355
341 536
341 620
341 621
341 740
341 765
342 616
342 790
342 878
343 359
343 491
343 700
343 968
343 994
344 397
344 402
344 743
344 805
345 384
345 447
345 556
345 692
345 743
345 744
345 888
346 427
346 813
347 736
347 896
348 977
349 543
349 783
349 918
350 484
350 549
350 641
350 647
350 658
351 419
351 561
351 679
351 705
351 836
351 882
351 927
352 562
352 579
352 745
352 783
352 944
352 979
353 453
353 492
353 538
354 376
354 514
354 578
354 823
355 473
355 536
355 577
355 910
355 967
356 470
356 487
356 945
357 365
357 484
357 517
357 569
357 736
357 788
358 441
358 488
358 531
358 792
359 658
359 992
360 368
360 416
360 495
360 560
360 669
361 479
361 665
361 694
361 695
361 997
362 386
362 420
362 439
362 619
362 759
362 782
362 872
362 913
363 532
363 557
364 447
365 389
365 446
365 481
365 544
365 678
366 444
366 456
366 793
366 855
367 433
367 516
367 649
367 653
367 756
367 788
367 830
368 479
368 966
369 448
369 458
369 869
369 911
370 572
370 827
370 843
371 462
371 977
372 565
372 571
372 586
372 797
372 960
373 910
373 913
374 456
374 470
374 545
375 519
375 548
375 632
375 920
375 939
376 409
376 710
376 797
376 850
377 930
377 998
378 391
378 486
378 619
378 690
378 726
378 824
379 437
379 550
379 588
380 569
380 756
380 826
380 904
381 497
381 781
381 793
382 455
382 640
383 412
383 480
383 483
383 509
384 497
384 772
384 924
384 955
385 698
385 720
385 721
385 812
386 417
386 458
386 504
386 517
386 549
386 552
386 655
386 669
386 711
386 876
386 909
387 812
387 917
387 957
388 486
388 518
388 780
388 791
388 859
388 877
388 936
389 462
390 450
390 481
390 546
390 547
390 549
390 615
390 700
390 803
391 446
391 472
391 746
391 835
391 847
391 984
392 456
392 520
392 551
392 853
392 912
392 947
393 544
393 774
393 835
393 871
393 917
394 503
394 587
394 613
395 412
395 798
395 889
395 997
396 548
396 585
396 944
397 405
397 795
397 952
397 971
398 473
398 777
398 780
399 788
399 939
400 474
400 773
401 417
401 768
401 769
402 645
402 678
402 781
402 784
402 823
403 428
403 470
403 821
404 406
405 638
405 692
405 858
406 415
406 528
406 570
406 656
406 867
406 920
406 966
407 523
407 953
408 596
408 867
409 899
410 476
411 496
411 530
411 725
411 738
411 798
411 819
411 964
412 484
412 669
412 807
412 933
413 456
413 471
413 488
413 564
414 542
414 695
415 433
415 735
415 814
416 748
417 444
417 568
417 864
418 815
419 747
419 921
419 922
420 478
420 996
421 649
421 865
422 455
422 513
422 902
423 634
423 657
424 685
424 781
424 979
425 441
425 506
425 623
425 868
426 587
426 733
426 988
427 917
428 660
428 821
429 432
429 463
430 573
430 654
430 730
430 768
430 859
431 491
431 508
431 547
432 440
432 677
432 707
432 711
432 738
432 933
433 768
433 794
433 841
433 842
434 750
435 492
435 591
435 708
435 776
435 823
436 480
436 685
436 742
436 756
436 766
436 801
436 877
436 925
436 983
437 555
437 629
437 690
437 880
438 446
439 529
439 541
439 729
439 737
440 525
440 604
440 775
440 784
440 797
440 809
442 731
442 833
442 919
442 923
443 500
443 853
443 925
444 599
444 909
445 507
445 575
445 613
445 681
445 822
445 842
446 503
446 742
447 574
447 676
447 770
448 509
449 713
449 718
449 787
449 968
450 634
450 991
451 596
451 623
451 638
451 679
451 789
451 841
452 514
452 573
452 860
452 869
453 661
453 827
453 891
454 700
454 905
454 927
455 484
455 637
455 657
456 579
456 751
456 986
457 665
457 718
457 770
458 612
458 648
458 742
458 762
458 866
459 883
460 493
460 592
460 683
460 732
460 750
460 763
460 948
461 681
462 637
462 652
462 861
464 553
464 694
464 718
464 725
464 779
464 875
464 973
465 882
466 520
466 815
467 530
467 554
467 558
467 591
467 639
467 995
468 613
468 859
468 934
469 614
469 641
469 700
469 852
469 945
470 473
470 545
470 890
471 534
471 554
471 598
472 651
472 762
472 798
472 833
472 897
473 650
473 713
473 745
474 529
474 605
474 637
474 694
474 797
474 904
474 995
475 637
475 661
475 912
475 921
476 704
477 536
477 601
477 989
478 640
478 759
478 829
478 870
478 965
479 492
479 531
479 585
479 599
479 620
479 906
479 939
480 810
480 864
480 883
481 676
481 707
482 698
482 778
482 939
483 790
483 889
484 551
484 582
484 691
484 913
485 511
485 823
485 992
486 851
486 902
486 984
487 786
487 832
488 495
488 721
488 763
488 767
488 883
488 969
488 970
489 538
489 826
489 945
489 956
489 965
489 969
489 972
490 545
490 592
490 652
490 847
491 638
491 754
491 982
492 812
492 933
493 606
493 718
493 771
493 929
493 948
494 617
494 674
494 813
495 528
496 845
496 919
497 600
497 645
497 785
497 963
498 618
498 657
498 725
498 830
499 519
499 619
499 724
500 596
500 632
500 840
501 594
501 598
501 841
501 884
501 890
502 516
503 510
503 749
503 923
503 973
504 544
504 659
504 668
504 739
504 906
504 985
505 547
505 660
505 663
505 666
505 932
506 801
506 939
506 948
507 538
507 594
509 516
509 954
509 988
510 668
510 710
510 788
511 835
512 702
512 798
513 568
513 792
513 922
514 960
515 593
515 829
515 844
515 904
515 911
515 992
516 904
517 528
517 557
517 622
517 806
517 886
518 520
518 553
518 682
518 865
518 870
519 527
519 772
519 800
519 948
520 557
520 646
520 980
521 721
521 870
521 961
522 655
522 775
523 531
523 655
523 691
523 961
524 610
524 874
524 939
525 569
525 591
525 772
525 838
525 996
526 654
526 734
526 766
527 998
528 843
528 866
529 534
529 652
529 996
530 556
530 739
530 752
530 884
530 959
531 935
532 540
532 825
532 834
533 934
534 612
534 641
534 875
535 674
535 968
536 644
536 730
537 983
538 585
538 729
538 748
538 811
538 818
539 647
540 902
541 662
541 923
541 962
542 612
542 760
542 818
543 684
543 797
543 902
543 927
544 557
544 755
544 789
545 549
545 674
545 690
545 855
545 874
545 985
546 565
546 761
547 645
547 768
547 954
547 961
548 588
548 618
548 861
548 977
548 990
549 618
549 861
551 806
551 925
552 853
552 866
552 958
552 975
553 587
553 876
553 952
554 615
554 633
554 701
554 789
554 875
554 965
555 642
556 581
556 683
556 949
556 985
557 598
557 785
557 865
557 953
557 955
557 969
558 815
558 961
560 619
560 911
561 860
561 930
562 635
562 853
562 931
563 616
563 666
563 875
563 912
563 936
564 822
564 906
564 945
564 961
565 705
565 729
565 790
566 784
566 798
567 791
567 945
568 723
568 729
569 828
569 835
569 838
570 720
570 808
570 948
572 664
572 748
572 953
572 963
573 641
573 679
573 909
573 954
574 671
574 715
574 884
575 822
575 937
575 981
576 876
576 915
577 996
578 616
578 805
578 958
578 976
579 610
579 937
579 976
580 647
580 674
580 690
580 960
581 739
582 626
582 792
582 813
582 907
584 632
585 775
585 866
586 596
586 776
587 592
589 699
589 824
590 757
590 797
591 928
591 934
592 697
592 890
593 650
593 826
593 950
594 641
594 739
594 755
595 600
595 776
595 820
595 959
595 974
596 634
596 649
596 986
597 710
597 750
598 773
599 731
600 747
600 964
601 672
601 688
601 840
601 868
602 674
602 743
602 866
603 659
604 783
604 888
605 891
605 948
606 893
606 901
607 669
607 825
607 855
608 803
608 880
608 924
608 942
609 627
609 679
609 792
609 918
609 987
610 721
610 722
610 838
611 775
611 842
612 716
613 684
613 867
614 685
614 716
615 959
615 982
616 631
616 746
617 898
618 952
619 692
619 754
619 762
619 806
620 628
621 894
621 909
621 927
622 659
622 695
623 804
624 790
624 866
624 897
624 927
625 717
625 779
625 813
626 787
626 822
627 916
627 931
627 987
628 727
629 636
629 810
629 895
629 941
629 945
630 730
630 776
630 856
631 986
632 634
633 637
633 675
633 737
633 937
633 939
634 668
634 709
634 828
635 784
635 815
635 915
636 815
636 850
636 984
636 988
637 766
637 887
639 908
639 971
639 995
640 898
641 706
641 720
641 880
641 921
642 718
642 744
642 838
643 887
644 795
644 879
644 960
645 699
645 755
645 902
646 684
646 700
646 998
647 761
648 651
648 716
648 810
648 818
648 855
648 968
648 982
648 984
649 735
649 761
649 828
649 919
649 963
650 677
650 710
651 704
651 964
652 883
652 980
653 813
653 828
653 896
654 858
656 708
657 765
657 982
658 727
658 728
658 749
658 803
659 784
659 875
660 691
660 723
662 676
662 929
663 666
663 966
663 973
664 770
664 854
664 956
665 679
666 816
666 951
666 997
667 700
667 906
667 997
668 723
668 731
668 995
669 829
669 856
669 877
670 671
670 677
670 984
671 690
671 818
673 781
673 956
674 675
674 769
674 802
675 796
675 804
678 845
678 877
679 839
680 826
681 713
681 812
681 960
682 707
682 755
682 783
682 895
683 686
683 705
683 800
684 917
685 768
685 909
686 783
686 915
686 954
687 692
688 813
688 815
688 846
688 988
689 887
690 912
690 938
691 914
691 940
691 989
692 790
693 726
693 742
693 819
693 826
694 747
694 939
694 956
694 971
697 808
697 886
697 996
698 749
698 878
698 969
699 823
700 913
700 944
700 955
701 731
701 934
702 718
702 735
702 802
702 816
703 766
703 839
703 936
703 978
704 761
704 878
704 932
705 795
705 881
706 707
706 883
707 713
707 861
708 780
708 836
708 969
709 804
709 983
710 767
710 841
711 793
711 834
712 849
714 752
714 774
714 962
715 849
715 852
716 778
716 840
716 937
717 790
718 882
718 951
719 913
719 938
720 994
722 920
722 966
723 959
725 761
725 794
725 865
725 954
727 772
727 831
727 925
728 850
729 781
729 904
729 944
730 799
730 978
731 838
731 969
732 809
732 905
732 921
732 927
732 965
733 952
733 970
734 839
735 741
735 830
735 968
735 983
736 858
736 960
738 960
739 802
739 992
740 965
741 825
741 971
741 992
742 779
742 823
742 836
745 881
745 995
746 887
747 833
747 896
748 823
748 894
748 912
749 947
750 775
750 975
750 976
750 977
750 985
751 784
751 850
753 845
753 850
754 776
754 968
754 979
755 756
755 803
755 848
755 932
756 790
756 976
757 828
757 870
757 927
758 812
758 847
760 972
761 778
761 876
761 881
761 907
761 981
762 812
762 820
762 880
762 950
764 821
764 824
764 923
765 971
766 825
766 876
766 974
766 982
767 836
767 888
767 916
767 932
767 977
768 781
768 891
769 793
769 889
771 824
772 816
772 859
773 815
774 776
774 912
774 931
776 781
777 802
777 988
778 949
779 937
779 962
780 966
782 839
784 892
784 982
785 856
785 858
786 865
786 897
786 914
786 993
787 902
788 868
789 909
790 960
791 830
793 860
793 872
793 887
795 829
796 817
796 951
797 856
798 815
798 973
798 990
799 973
800 851
800 979
801 970
802 881
802 980
803 990
804 927
804 968
810 833
810 852
810 854
811 895
811 911
812 970
813 898
813 899
813 982
813 985
815 945
815 993
816 862
816 921
818 841
818 891
818 925
818 954
819 851
819 857
820 929
820 930
821 861
822 928
822 963
823 844
823 943
824 831
824 833
825 984
826 903
826 920
827 899
829 977
830 887
830 959
831 971
835 836
837 865
838 926
839 862
839 974
841 944
842 872
842 924
842 971
843 878
846 953
846 993
850 899
851 857
851 896
851 996
856 874
856 917
860 975
860 984
862 949
863 969
864 891
864 961
865 934
866 867
866 890
866 947
868 874
869 952
870 957
870 959
872 913
874 975
876 880
876 956
876 988
877 928
877 953
877 970
883 992
884 923
887 990
890 962
892 967
896 943
897 900
897 936
898 972
898 998
900 901
901 921
901 924
906 924
910 997
911 927
911 933
912 949
924 949
925 935
925 963
925 979
935 953
935 974
938 951
942 944
943 996
947 977
951 959
952 953
952 978
964 990
968 973
968 992
973 980
974 975
975 984
976 996
977 986
980 994
984 987
