0 232
0 287
0 325
0 411
0 889
0 980
1 31
1 55
1 117
1 138
1 177
2 297
2 386
2 648
2 944
3 348
3 693
4 59
4 116
4 197
4 277
4 496
4 744
4 767
4 929
5 101
5 987
6 86
6 148
6 250
6 262
6 466
6 607
6 669
6 726
6 949
7 87
7 369
7 499
7 607
7 756
7 771
7 841
8 348
8 505
8 796
8 836
8 961
9 135
9 165
9 365
9 772
9 865
9 936
10 141
10 262
10 415
10 427
10 577
10 806
11 221
11 413
11 526
11 641
11 715
11 855
11 908
12 371
12 637
12 772
12 908
12 942
13 102
13 216
13 365
14 276
14 357
14 358
14 366
14 599
14 755
14 873
14 935
15 282
15 353
15 750
15 787
15 812
16 110
16 499
16 522
16 711
16 764
17 91
17 409
17 539
17 563
17 897
18 38
18 59
18 553
18 575
18 579
18 692
18 860
18 872
19 119
19 320
19 336
19 357
19 443
19 479
19 866
20 381
20 549
20 602
20 684
20 823
20 858
20 970
21 195
21 325
21 367
21 537
21 861
21 873
22 156
22 351
22 371
22 475
22 549
22 566
22 621
22 688
23 93
23 94
23 121
23 356
23 597
23 991
23 992
24 57
24 192
24 266
24 843
24 923
25 108
25 192
25 234
25 238
25 239
25 345
25 843
25 888
25 993
26 94
26 239
26 271
26 300
26 572
26 778
26 884
26 985
26 994
27 29
27 226
27 932
28 69
28 179
28 214
28 551
28 763
28 991
29 84
29 384
29 566
29 794
29 846
29 860
29 986
30 41
30 276
30 449
30 542
30 606
30 733
30 758
31 270
31 278
31 325
31 414
31 432
31 530
31 684
32 214
32 236
32 262
32 370
32 533
32 754
32 816
32 829
33 217
33 417
33 496
33 872
33 919
34 307
34 562
34 593
34 801
34 884
34 915
35 116
35 201
35 253
35 363
35 400
35 643
35 981
36 114
36 151
36 268
36 272
36 384
36 526
36 571
36 582
36 715
36 765
36 815
37 279
37 365
38 80
38 313
38 693
38 890
38 999
39 127
39 234
39 280
39 424
39 566
39 973
40 320
40 363
40 379
40 471
41 887
41 938
42 193
42 204
42 319
42 622
42 655
42 826
42 874
43 745
44 178
44 329
44 642
44 732
44 794
44 822
44 924
45 217
45 339
45 454
45 695
45 745
45 862
46 340
46 392
46 550
46 749
46 956
47 235
47 904
47 919
47 994
48 160
48 285
48 641
48 769
48 772
48 917
49 231
49 334
49 398
49 455
49 469
49 494
49 647
49 828
50 342
50 374
51 309
51 457
51 487
51 933
52 60
52 207
52 816
53 450
53 466
53 584
53 928
54 349
54 367
54 891
55 116
55 276
55 289
55 381
55 709
55 725
55 750
55 808
56 118
56 165
56 204
56 268
56 546
56 654
56 756
56 800
56 828
57 87
57 154
57 343
58 102
58 487
58 796
59 413
59 644
59 676
59 837
59 975
60 213
60 339
60 604
60 636
60 717
60 824
61 403
61 406
61 622
61 655
62 215
62 216
62 218
62 372
62 403
62 464
62 582
63 311
63 536
63 678
64 88
64 186
64 350
64 619
64 782
65 159
65 244
65 400
65 485
65 590
65 607
65 999
66 147
66 359
66 488
66 670
66 737
66 800
66 923
67 98
67 117
67 172
67 541
67 676
67 895
67 984
68 79
68 165
68 369
69 284
69 311
69 538
69 559
69 616
69 932
70 313
70 385
70 749
70 953
71 348
71 428
71 655
71 888
72 83
72 177
72 209
72 848
73 404
73 549
73 552
73 972
74 115
74 176
74 461
74 945
74 970
75 179
75 192
75 341
75 349
75 360
75 399
75 524
75 655
75 697
75 756
75 781
75 974
76 442
76 498
76 755
77 199
77 230
77 657
77 685
77 784
77 905
77 936
78 125
78 947
79 245
79 284
79 907
79 994
79 997
80 740
80 864
80 895
81 137
81 449
81 647
81 789
81 794
81 803
81 891
82 189
82 382
82 936
82 957
84 497
84 732
84 752
84 847
84 973
84 989
85 219
85 284
85 461
85 485
85 506
85 515
85 521
85 595
85 800
85 877
86 137
86 162
86 171
86 394
86 576
86 674
86 988
87 246
87 370
87 407
87 712
88 116
88 221
88 388
88 702
88 726
88 966
89 200
89 256
89 536
89 839
89 911
90 400
90 467
90 820
91 99
91 152
91 267
91 288
91 395
91 458
91 669
91 984
92 93
92 166
92 243
92 513
92 626
92 649
92 850
92 877
93 224
93 403
93 458
93 602
93 818
93 835
94 504
94 521
94 575
95 101
95 264
95 772
95 921
96 119
96 169
96 173
96 215
96 314
96 376
96 556
96 580
96 831
97 147
97 166
97 211
97 285
97 295
97 500
97 834
97 871
98 273
98 378
98 522
98 985
99 120
99 271
99 444
99 491
99 611
100 307
100 540
100 584
100 705
100 745
100 912
101 323
101 385
101 563
101 643
101 682
101 826
101 833
101 840
101 914
101 974
102 385
102 432
102 645
102 955
102 971
103 192
103 241
103 294
103 310
103 442
103 454
103 629
103 770
103 784
103 835
103 876
104 188
104 244
104 435
105 108
105 342
105 525
105 591
105 753
105 941
105 983
105 991
106 172
106 304
106 492
106 636
106 677
106 789
107 471
107 795
107 895
108 115
108 143
108 151
108 559
108 919
109 433
109 510
109 646
109 691
109 919
109 949
109 974
110 145
110 179
110 181
110 183
110 200
110 306
110 332
110 405
110 410
110 534
110 554
110 566
110 698
111 142
111 189
111 397
111 559
111 609
111 733
111 800
112 443
112 449
112 588
112 606
112 753
112 810
112 853
112 865
113 229
113 300
113 323
113 516
113 591
113 689
113 814
113 948
113 979
114 153
114 258
114 322
114 350
114 417
114 898
115 197
115 323
115 355
115 363
115 542
115 609
115 734
115 871
115 895
115 921
115 929
116 515
116 636
116 678
117 179
117 661
117 893
117 930
118 508
118 909
119 297
119 601
119 853
119 865
120 205
120 673
120 753
120 825
121 828
121 885
122 127
122 160
122 354
122 372
122 492
122 585
122 639
122 750
122 795
122 912
123 125
123 296
123 448
123 545
123 657
123 990
124 128
124 248
124 264
125 128
125 702
125 780
125 925
126 338
126 408
126 418
126 614
126 710
127 556
127 721
127 907
127 940
128 181
128 748
128 961
129 184
129 279
129 307
129 644
129 652
129 654
129 768
129 924
129 962
130 485
130 933
131 145
131 189
131 195
131 258
131 564
131 805
131 909
131 967
132 213
132 299
132 314
132 335
132 391
132 413
132 559
132 783
132 899
133 172
133 184
133 231
133 234
133 356
133 364
133 569
134 329
134 757
134 764
134 971
135 185
135 229
135 355
135 404
135 415
135 419
135 679
135 722
135 760
136 169
136 194
136 268
136 474
136 548
136 712
136 958
137 276
137 292
137 383
137 421
137 500
137 812
138 162
138 167
138 347
138 485
138 510
138 697
138 922
139 354
139 433
139 469
139 615
139 773
139 805
140 197
140 312
140 521
140 731
140 905
140 939
141 282
141 682
142 185
142 304
142 611
142 667
142 689
142 733
142 739
142 939
143 180
143 266
143 344
143 602
143 623
143 804
143 910
143 947
144 217
144 339
144 604
145 228
145 237
145 349
146 162
146 513
146 688
146 756
147 175
147 335
147 500
147 568
147 720
147 792
147 925
148 515
148 607
148 817
148 860
148 922
149 411
149 439
149 543
149 709
149 958
149 975
150 333
150 439
150 652
151 657
151 679
151 988
152 207
152 256
152 469
152 764
152 902
152 941
153 311
153 928
154 172
154 346
154 785
154 964
155 340
155 347
155 476
155 580
155 583
155 862
155 911
156 216
156 313
156 389
156 474
156 711
156 718
156 725
156 765
156 825
157 344
157 378
157 381
157 696
157 811
157 933
158 479
158 571
158 912
159 465
159 513
159 560
159 571
159 777
160 192
160 658
160 659
160 818
161 302
161 394
161 522
161 593
161 715
162 218
162 493
162 553
163 216
163 291
163 922
164 411
164 462
164 635
164 715
164 819
164 844
164 996
165 260
165 418
165 528
165 547
165 550
165 768
165 858
166 601
166 786
166 903
166 922
166 983
167 489
167 576
167 582
167 773
167 802
167 938
168 279
168 434
168 522
168 700
168 785
169 224
169 279
169 430
169 551
169 654
169 796
169 812
169 819
170 327
170 400
170 489
170 570
171 319
171 600
171 623
171 734
171 751
171 804
172 393
172 609
172 636
172 899
173 483
173 518
173 663
174 335
174 577
174 808
175 210
175 843
175 956
175 974
176 520
176 597
176 656
176 906
177 432
177 844
177 949
178 260
178 757
178 825
179 457
180 484
180 510
180 756
180 899
181 244
181 443
181 513
181 732
181 784
181 820
181 986
182 360
182 379
182 604
182 641
182 654
182 755
182 898
182 947
182 970
183 625
183 820
183 886
184 281
184 884
185 567
185 606
185 940
186 430
186 431
186 642
186 827
187 331
187 584
187 800
187 865
187 984
187 985
188 214
188 471
188 475
188 697
188 803
189 520
189 729
190 270
190 325
190 755
191 222
191 247
191 299
191 442
191 526
191 553
191 717
191 890
191 984
193 310
193 494
193 581
193 653
193 665
193 729
193 810
193 992
194 224
194 365
194 473
194 769
195 230
195 387
195 396
195 643
195 704
195 771
195 940
195 955
196 355
196 404
196 488
197 654
197 706
197 914
198 456
198 548
199 322
199 413
199 528
199 638
199 769
199 836
200 625
200 710
200 713
200 899
201 531
201 692
201 819
201 938
201 949
202 484
202 528
202 655
202 770
202 841
203 362
203 442
203 466
203 923
203 941
204 375
205 267
205 291
205 314
205 420
205 569
205 682
205 752
205 832
205 963
206 550
206 749
206 894
206 907
206 978
207 306
207 322
207 347
207 455
207 702
207 760
208 780
208 938
209 347
209 453
209 566
209 587
209 708
209 809
210 232
210 723
210 751
210 997
211 484
211 702
211 749
211 999
212 312
212 536
213 251
213 621
213 842
213 870
213 989
214 510
214 618
214 810
215 527
215 637
215 753
215 818
215 947
215 964
215 994
216 625
216 664
216 727
216 747
216 970
217 360
217 373
217 872
217 938
217 965
217 966
218 297
218 486
218 877
219 431
219 557
219 852
219 877
219 941
219 992
219 996
220 457
220 619
220 925
220 986
221 326
221 337
221 643
221 767
221 841
221 992
222 378
222 437
222 461
222 653
222 803
223 451
223 671
223 690
223 854
224 302
224 308
224 353
224 742
224 774
225 341
225 438
225 522
225 596
225 599
225 774
225 785
225 797
225 864
225 886
226 293
226 491
226 620
226 729
226 774
226 843
227 261
227 372
227 520
227 865
227 996
229 289
229 397
229 469
229 572
229 713
229 770
229 877
229 995
230 455
230 722
231 338
231 462
232 499
232 706
233 242
233 252
233 336
233 453
233 804
234 499
234 541
234 668
234 723
234 738
234 799
234 931
235 276
235 324
235 461
235 696
236 338
236 517
236 798
236 806
236 908
237 670
238 270
238 692
238 800
239 365
239 445
239 626
239 823
240 504
240 549
240 891
240 959
241 348
241 454
241 711
241 777
242 325
242 623
243 248
243 260
243 411
243 472
243 486
243 994
244 369
244 582
244 840
244 982
245 254
245 352
245 445
245 512
245 525
245 686
245 763
246 391
246 398
246 440
246 670
246 729
246 773
246 842
247 343
247 464
247 530
247 556
247 644
247 663
247 862
247 964
248 419
248 888
248 899
249 399
249 400
249 463
249 486
249 571
249 627
249 852
249 892
249 958
250 346
250 379
250 588
250 642
250 648
250 902
250 963
251 267
251 297
251 664
251 690
251 835
251 959
252 357
252 368
252 372
252 609
252 696
252 839
252 845
253 277
253 303
253 513
253 658
253 662
253 889
254 368
254 408
254 748
254 899
255 667
255 804
256 279
256 329
256 551
256 576
257 280
257 598
257 622
257 703
257 975
257 983
258 730
258 878
258 977
259 527
259 565
259 760
259 928
259 951
260 409
260 560
260 932
261 373
261 429
261 558
261 766
262 377
262 830
262 836
263 306
263 316
263 644
264 349
264 360
264 502
264 596
264 604
264 768
264 956
264 985
265 329
265 392
265 510
265 592
265 678
265 861
265 981
266 312
266 356
266 435
266 580
266 746
266 825
266 938
267 370
267 425
267 538
267 876
267 953
267 999
268 428
268 494
268 524
268 662
268 926
269 617
269 629
269 854
270 588
270 637
270 700
271 291
271 525
271 849
272 657
272 851
273 432
273 444
273 445
273 534
273 633
274 527
274 778
275 529
275 542
275 723
275 787
276 285
276 327
276 408
276 603
276 624
276 773
276 955
277 491
277 770
277 817
278 303
278 496
278 609
278 656
278 783
278 948
279 416
279 484
279 976
280 463
280 591
280 822
280 935
281 286
281 371
281 427
281 459
281 834
281 836
281 915
282 323
282 472
282 548
282 767
283 503
283 600
283 612
283 869
283 897
284 397
284 446
284 645
284 892
285 408
285 533
285 626
286 604
286 757
286 797
286 828
287 758
287 824
288 531
288 638
289 434
289 960
290 791
290 945
291 343
291 615
291 748
291 760
291 870
291 996
292 316
292 368
292 393
292 433
292 621
292 731
293 716
293 921
294 376
294 561
294 589
294 689
295 366
295 455
295 996
296 517
296 637
296 736
296 828
297 366
297 539
297 872
297 907
297 994
298 348
298 542
298 578
298 683
298 710
298 770
298 914
299 397
299 400
299 544
299 792
300 371
300 559
300 988
301 313
301 431
301 494
301 551
301 615
301 622
301 719
301 891
302 385
302 557
302 593
302 855
302 861
303 358
303 404
303 557
303 750
304 470
304 674
304 701
304 778
304 815
304 870
304 871
305 363
305 558
306 564
306 668
306 775
306 797
307 506
307 952
307 992
308 345
308 389
308 437
308 734
308 978
309 410
309 433
309 480
309 911
309 957
310 573
310 680
310 746
311 426
311 538
311 562
312 567
312 738
313 743
313 982
314 367
314 381
314 539
314 552
314 846
315 589
316 470
316 528
316 825
316 891
317 366
317 367
317 387
317 444
317 724
317 953
318 324
318 415
318 635
318 926
319 380
319 423
319 515
319 532
319 534
319 774
320 392
320 413
320 746
320 771
320 995
321 543
321 635
322 374
322 561
322 685
322 782
322 788
323 722
323 793
324 522
324 865
325 562
325 630
325 689
325 801
325 831
325 982
326 715
326 736
326 792
326 990
327 498
327 692
327 891
328 410
328 572
328 590
328 596
328 626
328 651
328 940
328 948
329 334
329 433
329 520
329 776
329 861
330 457
330 524
331 691
332 343
332 826
332 966
333 607
333 750
334 466
334 560
334 592
334 660
334 924
334 928
335 505
335 815
335 911
336 590
336 592
336 706
336 707
336 861
336 934
337 481
337 545
337 751
338 381
338 871
339 553
340 635
340 666
340 690
341 638
341 801
341 962
342 415
342 722
343 496
343 649
343 804
343 846
343 961
344 398
344 401
344 662
344 709
344 920
344 964
345 554
345 827
346 404
346 528
346 599
346 869
346 979
347 454
347 468
347 542
347 584
347 704
348 538
348 637
348 738
348 894
348 927
349 403
349 658
349 820
349 838
349 880
349 904
350 616
351 407
351 507
351 591
351 630
351 758
351 886
352 367
352 522
352 578
352 638
352 711
352 759
352 809
352 858
353 563
353 631
353 654
353 805
353 907
353 987
354 510
354 755
355 388
356 475
356 572
356 674
356 819
356 878
356 952
356 953
356 975
357 361
357 485
357 508
357 592
357 759
358 543
358 897
359 482
359 535
359 595
359 774
359 972
360 428
360 484
360 512
360 542
360 628
360 693
360 804
361 388
361 507
362 605
362 908
362 970
363 567
363 598
363 685
363 861
363 891
363 929
364 397
364 587
364 593
364 650
364 698
364 743
364 750
364 874
364 888
365 840
366 433
366 458
366 539
366 652
367 445
367 877
367 895
367 905
368 817
369 468
369 560
369 652
369 708
369 750
369 875
369 922
370 745
371 673
372 450
372 552
372 645
372 687
372 825
373 593
373 803
373 843
373 953
374 501
374 548
374 666
374 707
374 712
374 717
374 781
374 918
375 534
375 571
375 653
375 666
376 425
376 835
376 878
377 380
377 445
377 912
378 619
378 665
378 687
378 780
380 417
380 562
380 675
380 804
380 911
381 885
381 956
382 493
382 517
382 607
382 662
382 792
382 831
382 921
383 733
383 784
384 891
385 417
385 844
386 716
387 515
387 709
387 728
387 785
387 792
387 817
388 495
388 526
388 738
388 758
388 970
388 981
389 429
389 676
389 838
390 660
390 719
390 833
390 932
391 530
391 667
392 495
392 632
392 806
392 837
392 878
392 974
393 436
393 753
393 774
393 831
393 986
393 993
394 398
394 518
394 852
395 396
395 399
395 400
395 627
395 778
396 521
396 535
396 582
396 584
396 641
396 916
396 941
397 430
397 492
397 545
397 884
398 415
398 634
398 818
399 783
400 422
400 649
400 697
401 590
401 897
401 991
402 486
402 718
402 885
403 588
403 683
403 745
404 598
404 931
405 423
405 602
405 719
405 819
405 991
406 421
406 666
406 736
407 627
407 757
407 962
408 538
408 989
409 635
409 669
409 799
409 932
410 426
410 452
410 461
410 762
410 920
410 965
411 611
411 891
411 984
412 417
412 669
413 437
413 520
413 605
413 811
413 932
413 999
414 599
414 651
414 804
414 810
414 817
415 534
415 649
415 726
415 727
415 928
415 986
416 646
416 670
417 451
417 513
417 811
417 880
417 892
418 647
418 936
419 705
420 630
420 761
420 843
420 942
420 965
420 976
421 468
421 653
421 735
421 834
421 875
422 652
422 783
423 585
423 636
423 661
424 458
424 548
424 600
424 779
424 954
425 634
426 627
426 663
426 887
426 899
426 983
426 990
427 995
429 669
429 752
429 855
430 686
430 919
431 508
431 576
431 697
431 834
431 954
432 504
432 518
432 642
432 867
432 881
433 548
433 681
433 760
433 940
434 451
434 494
434 548
434 587
434 722
435 531
435 648
436 609
436 663
436 792
436 938
437 613
437 884
437 938
438 722
438 798
438 902
439 524
439 566
439 615
439 704
439 708
439 716
439 852
439 883
439 960
439 964
440 569
440 760
440 914
441 727
442 601
442 769
442 796
442 834
443 480
443 544
443 853
443 981
444 533
444 743
445 455
445 488
445 537
445 768
445 922
446 589
446 699
446 934
447 451
447 691
447 727
447 856
448 904
448 914
448 939
449 497
449 835
450 835
450 847
450 860
450 887
450 949
451 753
451 930
452 976
453 619
453 829
454 604
454 643
454 753
454 783
454 876
455 482
455 906
456 541
456 542
456 934
457 645
457 831
458 486
458 698
458 853
458 892
458 915
459 571
459 757
459 970
460 487
460 605
460 672
460 695
460 828
460 831
462 623
462 731
462 907
462 976
463 491
463 565
463 575
463 608
463 933
464 626
464 664
464 729
465 520
465 566
465 727
465 831
465 855
465 858
465 861
465 942
465 965
466 711
466 775
467 510
467 679
467 689
467 795
468 519
468 939
469 535
469 785
469 834
469 963
470 511
470 896
471 617
471 998
472 633
472 643
472 670
472 722
473 484
473 516
473 586
473 626
473 682
474 931
474 974
474 991
475 521
475 537
475 630
475 692
475 695
475 786
475 832
476 782
476 922
476 957
477 923
478 698
478 717
478 908
478 954
479 763
479 821
479 942
480 529
480 823
480 947
481 740
481 768
481 888
482 672
482 718
482 807
483 720
483 804
483 894
483 962
483 998
485 588
485 682
485 742
486 820
486 847
486 913
486 980
487 666
487 965
487 984
488 682
489 729
489 931
489 935
490 534
490 887
491 497
491 666
492 641
492 793
493 712
493 862
494 670
495 618
495 634
496 618
496 680
496 839
496 899
496 947
498 598
498 605
498 738
498 753
498 861
498 995
499 545
499 604
500 565
500 699
501 532
501 775
502 689
502 797
502 942
503 528
503 531
503 650
503 757
503 765
503 954
504 740
504 795
504 976
505 551
505 849
506 786
506 935
507 602
507 845
507 996
508 531
509 512
509 540
509 548
509 556
509 755
509 949
510 541
510 758
510 973
511 530
511 575
511 580
511 654
511 752
511 954
513 536
513 555
513 803
514 973
515 706
515 874
515 897
515 899
516 757
516 924
516 959
516 970
517 630
517 686
517 885
518 847
518 892
518 927
518 949
519 537
519 734
519 917
519 984
520 634
520 889
520 892
520 982
521 609
522 667
522 800
522 839
522 966
522 988
523 610
523 755
523 905
524 606
524 668
524 669
524 913
524 990
525 527
525 760
525 854
525 902
526 661
527 552
527 589
527 621
527 718
527 778
527 995
528 624
528 842
529 635
529 690
529 772
530 704
530 970
531 647
531 732
531 829
532 557
532 786
533 973
533 988
534 540
534 699
534 844
534 873
534 983
535 652
535 684
535 716
536 595
536 637
536 783
536 887
536 892
537 641
537 674
537 679
537 688
538 863
538 900
539 598
539 641
539 978
540 965
541 677
541 706
541 865
541 901
542 641
542 645
542 830
542 897
543 565
543 701
543 734
544 856
544 994
545 579
546 605
546 695
546 872
546 940
547 637
547 829
547 875
547 916
548 684
548 727
548 811
548 861
548 921
549 800
549 941
550 566
550 594
550 658
550 715
550 808
550 943
551 653
551 738
551 837
551 906
552 727
552 909
552 938
554 572
554 588
554 934
554 962
554 978
554 998
555 694
556 988
557 566
557 690
557 813
557 835
557 846
558 580
558 913
559 566
560 613
560 882
560 974
561 704
562 653
563 624
563 644
563 803
563 806
563 869
563 980
564 808
564 850
564 894
565 889
566 647
566 671
566 765
566 934
566 968
566 975
567 707
567 985
568 574
568 893
569 573
569 653
569 667
569 674
569 680
569 974
569 987
570 810
570 821
571 711
571 753
571 839
571 883
572 655
572 790
573 944
574 766
575 590
576 661
576 906
577 652
577 726
577 743
577 800
578 919
579 634
579 718
579 799
580 689
580 779
581 706
581 735
581 744
581 769
581 859
581 954
582 615
583 997
584 863
585 633
585 676
585 699
587 597
587 659
587 925
587 994
588 679
589 642
589 668
590 611
591 810
591 910
591 964
592 858
593 625
593 638
593 771
593 830
596 683
596 854
596 932
597 639
597 845
597 876
598 711
598 788
598 805
598 978
599 754
599 876
600 652
600 690
600 874
601 948
601 966
602 758
602 819
603 620
603 657
603 851
604 708
604 757
604 938
604 942
605 753
605 849
606 737
607 612
607 629
607 663
608 792
608 880
608 979
609 730
609 987
611 709
612 776
612 790
615 840
615 963
616 689
616 770
616 795
616 836
616 900
617 704
618 789
618 892
619 779
620 720
620 818
621 831
621 896
621 948
622 687
622 764
622 953
622 981
623 660
623 708
623 957
624 654
624 696
624 719
624 913
624 985
625 627
625 778
626 766
627 661
628 761
628 839
629 797
629 891
629 904
629 991
630 776
630 785
630 832
630 951
631 749
632 744
633 724
634 794
634 835
634 862
634 885
634 966
634 973
635 732
635 848
635 925
637 751
637 969
638 712
638 840
639 731
639 848
639 867
640 655
640 738
640 757
640 842
640 950
641 760
641 816
641 831
643 680
643 724
643 825
644 664
644 985
645 675
645 847
646 752
646 882
647 803
647 838
648 757
648 992
650 722
651 704
651 813
652 757
652 784
652 805
652 821
652 924
653 776
654 671
654 846
654 881
654 913
654 915
655 752
655 878
656 801
656 925
656 946
659 873
660 736
660 749
660 755
660 783
660 899
661 782
662 672
662 801
662 885
662 897
663 748
663 949
664 713
664 940
665 698
665 802
666 847
666 970
667 737
667 780
667 828
668 671
668 856
668 924
669 706
669 814
670 688
670 984
672 734
674 864
674 871
674 886
675 791
675 965
676 965
677 689
677 859
678 786
678 830
678 935
679 801
679 823
679 876
679 923
679 975
680 958
680 972
681 913
681 982
682 908
683 705
683 939
684 728
684 781
684 926
684 958
686 725
687 719
689 706
689 779
689 896
689 945
690 706
690 760
691 763
691 864
692 899
693 771
693 894
693 938
694 769
694 855
694 949
695 699
695 782
695 992
696 869
698 801
698 900
698 906
698 940
699 729
700 923
701 774
702 712
702 857
705 820
705 865
705 893
707 754
708 841
708 895
709 750
710 988
711 736
711 851
711 988
712 890
714 787
714 910
715 902
716 935
717 891
718 751
718 980
719 902
719 938
721 874
721 962
722 803
722 837
722 879
723 934
723 942
724 785
725 774
725 806
726 998
727 918
728 777
728 786
729 912
729 946
729 975
730 795
730 819
730 890
731 733
731 880
731 900
731 964
731 973
733 801
733 981
737 907
737 979
737 987
738 823
738 919
738 994
740 756
740 809
740 820
740 887
740 902
741 747
741 849
741 853
741 896
743 748
743 939
743 941
743 971
746 766
746 868
747 820
748 930
749 750
749 778
749 825
749 840
749 989
750 998
751 954
752 829
752 958
753 802
755 758
755 835
755 941
756 864
757 924
758 774
758 778
759 768
759 813
759 956
760 767
761 789
761 895
762 857
763 927
764 939
764 960
767 972
768 780
768 793
768 884
768 940
769 834
770 884
770 927
771 933
771 967
773 785
774 833
774 871
774 946
774 978
775 882
776 848
778 801
778 868
778 948
779 872
781 931
782 787
782 810
782 931
782 961
785 872
785 880
786 842
787 831
787 989
789 956
791 983
791 984
792 807
796 808
796 971
796 979
798 882
800 979
802 945
803 865
803 952
804 813
804 847
805 877
805 918
806 872
806 881
810 930
813 814
814 815
814 871
814 909
814 959
815 875
815 906
816 961
816 968
817 937
818 827
818 974
818 991
819 838
819 846
820 965
822 825
822 834
823 893
824 858
824 911
825 831
825 948
827 850
830 910
831 911
832 876
832 922
832 947
834 961
834 969
836 868
836 961
838 996
839 877
841 884
843 906
844 851
844 914
844 965
845 866
845 875
846 897
848 956
851 937
852 872
853 939
854 938
855 865
855 885
855 948
855 977
855 985
856 936
857 933
857 977
858 879
858 986
859 867
863 924
863 989
864 939
866 968
870 871
870 921
873 876
873 881
873 899
875 882
875 956
876 889
878 951
879 891
880 904
880 928
888 944
890 936
898 969
898 987
899 962
900 948
902 938
903 976
904 934
905 937
908 967
909 943
910 972
911 954
918 945
921 922
921 993
923 956
924 936
924 994
925 933
927 957
929 947
930 933
931 940
934 961
938 966
939 958
942 989
943 948
944 947
945 954
946 960
953 961
957 986
960 999
961 966
961 983
962 971
964 969
966 989
968 997
975 995
980 987
989 996
