0 45
0 283
0 326
0 792
0 819
1 134
2 511
2 561
2 679
3 50
3 64
3 74
3 890
4 52
4 79
4 262
4 588
4 737
5 26
5 169
5 455
5 533
5 562
5 763
5 844
6 195
6 335
6 422
6 619
6 722
6 726
6 949
7 115
7 346
7 902
7 927
8 123
8 226
8 429
8 536
8 723
8 736
9 128
9 517
9 555
9 819
10 594
11 227
11 265
11 401
11 447
11 490
11 706
12 334
12 673
13 15
13 366
13 555
13 889
14 192
14 244
14 417
14 713
14 758
14 788
14 812
14 880
14 904
15 218
15 304
15 390
15 550
15 598
15 775
15 798
15 953
16 166
16 405
16 637
16 652
16 795
17 23
17 177
17 685
17 766
18 80
18 148
18 291
18 620
18 986
19 156
19 243
19 361
19 473
19 594
19 602
19 610
19 758
19 762
19 858
19 978
20 61
20 175
20 863
21 291
21 447
21 641
21 676
21 767
21 789
21 833
21 871
21 888
21 944
21 955
22 342
22 419
22 511
22 694
23 200
23 395
23 425
23 738
23 995
24 559
24 923
25 187
25 259
25 601
26 346
26 656
26 668
26 711
26 781
27 83
27 502
27 539
27 593
27 629
27 664
28 98
28 221
28 273
28 366
28 402
28 404
28 555
28 557
29 627
29 800
30 79
30 574
30 682
30 834
31 39
31 129
31 325
31 390
31 547
31 653
32 298
32 491
32 584
32 755
33 344
33 425
33 625
33 795
34 57
34 104
34 246
34 295
34 707
34 911
34 958
34 980
35 118
35 231
35 446
35 642
35 744
35 839
35 886
36 92
36 369
36 502
36 698
36 940
36 950
37 209
37 284
37 636
37 650
37 717
37 775
37 832
38 277
38 498
38 507
38 935
38 987
39 65
39 266
39 342
39 900
39 918
40 590
41 124
41 700
41 720
41 798
41 890
41 930
42 167
42 278
42 428
42 498
43 401
43 525
43 551
43 625
43 699
43 742
43 746
43 815
43 872
44 124
44 245
44 545
44 634
44 709
44 796
45 403
45 479
45 792
45 882
46 109
46 237
46 426
46 725
46 757
46 771
46 878
46 978
46 985
47 63
47 417
47 462
47 620
48 85
48 185
48 320
48 592
48 746
48 896
48 920
49 213
49 442
49 706
49 729
49 884
50 84
50 117
50 203
50 218
50 310
50 671
50 703
50 786
50 964
51 96
51 342
52 262
52 287
52 419
52 594
52 604
52 748
52 941
52 966
53 198
53 201
53 203
53 346
53 556
53 574
53 686
54 449
54 563
54 903
54 995
55 269
55 520
55 521
55 527
55 672
55 961
56 216
56 472
56 878
57 522
58 288
58 602
58 653
58 764
58 923
59 105
59 471
59 691
59 928
60 438
60 597
60 659
60 674
61 146
61 312
61 342
61 353
61 573
61 580
61 584
61 623
61 910
61 944
62 302
62 440
62 452
62 528
62 644
62 719
62 810
63 166
63 366
63 412
63 417
63 418
63 441
63 653
63 873
64 135
64 283
64 485
64 552
64 723
64 823
64 895
64 922
65 75
65 395
65 542
65 582
65 651
65 749
66 133
66 418
66 793
67 93
67 197
67 257
67 740
67 759
67 785
67 878
68 156
68 338
68 353
68 385
68 691
69 97
69 469
69 579
69 670
69 687
69 801
69 832
69 934
69 991
70 76
70 108
70 237
70 338
70 508
70 989
71 214
71 446
71 458
71 572
71 600
71 801
72 207
72 277
72 304
72 311
72 316
72 380
73 348
73 482
73 485
73 524
73 527
73 646
73 650
73 793
74 94
74 186
74 204
74 341
74 346
75 224
75 287
75 513
75 584
75 600
75 935
76 127
77 102
77 288
77 426
77 587
77 774
77 906
78 414
79 151
79 255
79 285
79 570
79 606
79 681
79 792
79 899
79 935
80 324
80 392
80 433
81 298
81 449
81 500
81 628
81 676
82 207
82 806
83 487
83 702
83 737
83 757
84 368
84 588
84 666
84 707
84 741
84 845
85 116
85 130
85 245
85 398
85 455
85 467
85 500
85 629
85 712
85 863
85 967
86 239
86 244
86 292
86 344
86 426
86 676
86 813
87 181
87 273
87 445
87 651
87 773
87 859
87 931
87 953
87 964
88 132
88 164
88 593
88 738
88 881
89 94
89 486
89 530
89 798
89 889
89 926
89 958
90 169
90 290
90 443
90 649
91 224
91 377
91 523
91 537
92 137
92 300
92 431
92 817
93 226
93 417
93 649
93 766
94 166
94 186
94 627
94 714
95 159
95 224
95 282
95 493
95 689
95 705
95 852
95 918
96 485
96 505
96 598
96 795
96 868
97 152
97 233
97 459
97 513
98 187
98 190
98 324
98 486
98 702
98 995
99 180
99 272
99 464
99 558
100 174
101 137
101 255
101 363
101 389
101 646
101 668
101 842
101 859
102 286
102 291
102 305
102 356
102 423
102 560
102 658
102 737
102 765
102 898
103 240
103 442
103 589
103 597
103 630
103 987
104 229
104 296
104 299
104 312
104 450
104 612
104 700
104 761
104 874
104 901
105 154
105 212
105 408
105 525
105 653
105 868
105 965
106 418
106 439
106 505
106 640
107 385
107 565
107 586
107 746
108 245
108 536
108 554
108 602
108 626
108 642
108 725
108 798
109 210
109 315
109 382
109 457
109 765
109 783
109 933
109 935
110 174
110 201
110 280
110 327
110 423
111 549
111 756
111 845
111 849
112 167
112 313
112 315
112 382
112 660
112 695
112 873
113 126
113 807
113 834
114 556
114 639
114 718
114 790
115 530
115 550
115 605
115 919
115 929
116 131
116 207
116 411
116 571
116 683
116 686
116 911
117 261
117 327
117 570
117 795
117 835
118 380
118 561
118 831
119 181
119 324
119 375
119 529
119 597
119 626
119 661
119 803
119 822
120 128
120 269
120 395
121 222
121 298
121 331
121 503
121 636
121 768
122 157
122 232
122 532
122 609
122 753
122 966
123 447
123 476
123 598
123 825
123 909
124 313
124 967
125 283
125 343
125 475
125 649
125 680
126 140
126 158
126 196
126 573
126 799
126 826
126 829
126 832
127 458
127 776
127 944
128 166
128 181
128 187
128 347
128 433
129 590
129 725
129 854
129 862
129 914
129 952
129 987
130 138
130 188
130 239
130 347
130 739
130 902
131 189
131 529
131 670
131 762
131 966
132 289
132 346
132 976
133 177
133 240
133 306
133 578
133 586
133 699
134 221
134 331
134 391
135 396
135 695
136 436
136 472
136 514
136 551
136 696
136 761
136 907
137 162
137 185
137 451
137 462
137 571
137 688
137 690
137 762
137 872
137 939
137 999
138 350
138 762
138 994
138 999
139 196
139 252
139 341
139 842
139 847
140 490
140 555
140 687
141 159
141 221
141 372
141 426
141 643
141 773
141 870
141 997
142 178
142 447
142 665
142 686
142 838
142 873
143 301
143 342
143 620
143 917
144 400
144 781
144 838
144 949
144 987
144 994
145 226
145 352
145 525
145 675
146 226
146 387
146 482
146 680
147 240
147 289
147 382
147 527
147 608
147 679
148 308
148 468
148 672
148 960
149 248
149 480
149 716
149 900
149 912
149 918
150 294
150 473
150 563
150 572
150 602
150 901
151 565
151 570
151 582
151 613
151 741
151 745
152 228
152 281
152 406
152 427
153 200
153 201
153 319
153 422
153 441
153 685
153 702
154 429
154 458
154 695
154 877
155 450
155 736
155 901
155 928
155 937
155 943
155 947
155 994
156 263
156 875
156 895
157 254
157 306
157 638
157 714
157 781
157 839
157 919
157 958
158 409
158 446
158 470
158 555
158 672
159 221
159 299
159 345
159 476
159 615
159 666
159 841
160 233
160 251
160 305
160 407
160 469
160 544
160 571
160 663
160 682
160 749
160 878
160 918
160 960
161 512
161 636
161 695
161 950
162 320
162 324
162 422
162 491
162 785
162 952
163 224
163 249
163 605
164 496
164 521
164 801
165 226
165 476
165 608
165 663
165 948
166 248
166 661
167 382
167 386
167 613
167 767
168 373
168 531
168 577
168 598
168 774
168 849
168 966
169 587
169 795
169 847
170 335
170 570
170 666
170 678
170 800
170 971
170 999
171 207
171 461
171 595
171 916
172 213
172 265
172 368
172 800
173 370
173 726
173 850
174 532
174 561
174 668
174 880
175 694
175 844
176 227
176 562
176 679
176 697
176 708
176 896
176 974
176 992
177 332
177 566
178 328
178 344
178 355
178 498
178 551
178 594
178 736
179 374
179 439
179 457
179 533
179 722
179 736
179 886
180 249
180 460
180 712
180 734
180 939
181 779
182 275
182 733
182 896
182 970
183 231
183 281
183 414
183 432
183 681
183 684
183 709
183 771
183 930
184 260
184 300
184 609
184 620
184 666
185 313
185 350
185 588
185 939
186 434
186 508
186 575
187 401
187 484
187 880
187 926
188 363
188 753
189 402
189 571
189 672
189 905
190 268
190 356
190 685
190 739
190 855
190 980
191 331
191 380
191 432
191 662
191 884
192 611
193 262
193 311
193 412
193 994
194 318
194 536
194 612
194 669
195 555
195 614
195 750
195 867
196 225
196 345
196 353
196 394
196 777
196 924
197 396
197 427
197 480
197 505
197 529
197 991
198 240
198 488
198 653
198 807
198 839
198 853
198 907
199 350
199 381
199 562
199 639
199 648
200 635
200 768
200 921
200 945
201 359
201 406
201 430
201 463
201 506
201 639
201 797
201 864
202 425
202 520
202 953
203 239
203 345
203 686
203 925
203 944
204 333
204 594
204 630
204 662
205 657
205 879
205 945
205 960
206 357
206 532
206 572
206 683
206 706
206 739
206 750
207 214
207 245
207 401
207 427
207 544
207 596
207 643
208 493
208 529
208 551
208 694
208 736
208 855
209 333
209 336
209 437
209 508
209 568
210 365
210 697
211 261
211 371
211 405
211 466
211 519
211 556
211 642
212 263
212 344
212 389
212 764
212 783
212 896
212 952
213 215
213 487
213 489
213 526
213 874
214 498
215 535
215 776
215 806
215 905
215 911
216 390
216 509
217 372
217 539
217 586
217 786
217 874
218 238
218 315
219 286
219 548
219 579
219 644
220 601
220 774
220 801
220 804
221 369
221 405
221 484
221 751
221 851
221 908
221 982
222 491
222 649
222 821
223 689
223 750
223 859
223 937
224 609
224 752
225 259
225 263
225 300
225 394
225 487
225 498
225 795
225 847
225 911
225 947
226 289
226 529
226 619
226 963
227 297
227 306
227 872
227 973
228 416
228 761
228 888
228 893
229 362
229 723
229 749
230 286
230 595
231 385
231 686
231 768
232 928
232 934
233 279
233 356
233 463
233 680
233 940
234 290
234 793
234 833
234 918
235 456
235 558
235 701
235 915
235 972
236 399
236 417
236 619
236 767
236 795
236 803
236 805
236 861
236 912
236 924
237 658
237 677
237 739
237 793
237 885
238 652
238 776
239 472
239 712
240 305
240 328
240 435
240 761
240 890
240 952
241 368
241 469
241 868
241 931
242 271
242 420
242 439
242 678
243 303
243 306
243 325
243 400
243 618
243 748
243 874
243 973
244 281
244 310
244 395
244 452
244 504
244 642
244 846
245 516
245 706
245 893
246 313
246 704
246 867
247 266
247 294
247 448
247 680
247 717
247 727
247 778
248 470
248 562
248 719
248 775
249 300
249 618
249 721
250 341
250 405
250 500
250 564
250 687
250 716
250 731
250 777
250 950
251 521
251 561
251 664
252 262
252 298
252 396
252 516
252 663
252 680
252 708
252 866
252 966
253 294
253 411
253 566
253 671
253 718
253 770
253 866
253 871
254 501
254 585
254 700
254 881
254 921
255 513
255 755
255 825
255 907
255 913
255 928
256 512
256 598
256 761
257 551
257 607
257 775
257 851
258 435
258 517
258 986
259 271
259 272
259 330
259 494
259 580
259 899
259 987
260 344
260 926
261 360
261 539
261 649
261 783
262 281
262 390
262 446
262 475
262 481
262 692
262 879
262 970
263 319
263 474
263 586
263 814
264 343
264 618
264 953
264 999
265 341
265 567
265 605
266 682
266 737
266 826
266 912
266 974
267 356
267 361
267 516
267 560
267 885
267 890
268 382
268 521
268 777
268 797
269 312
269 319
269 802
269 866
270 608
270 872
271 376
271 895
271 900
272 430
272 481
272 495
272 564
272 767
273 327
273 366
273 485
273 554
273 630
273 893
274 294
274 459
274 655
275 441
275 531
275 944
276 558
276 743
276 789
277 405
277 445
277 517
277 913
277 971
278 293
278 656
278 809
278 888
279 319
279 569
279 833
279 881
279 960
281 541
281 771
281 896
282 455
282 467
282 582
282 754
282 900
282 953
283 291
283 438
283 734
283 911
284 325
284 387
284 430
284 475
284 553
284 561
284 676
285 358
285 712
285 732
285 884
286 466
286 600
286 607
286 701
288 427
288 503
289 357
289 374
289 577
289 641
289 857
289 867
290 485
290 498
290 639
290 842
291 478
291 646
291 988
292 318
292 390
292 626
292 837
292 865
293 797
293 828
293 839
294 331
294 373
294 473
294 490
294 584
294 756
294 787
294 934
295 374
295 557
295 566
295 682
295 830
296 355
296 570
296 642
296 693
296 881
297 408
297 573
298 682
298 895
299 765
299 976
300 493
300 837
301 308
301 374
301 408
301 557
301 676
301 869
302 555
302 665
303 469
303 567
303 868
304 350
304 653
304 808
304 894
305 493
305 967
306 309
306 313
306 661
306 865
307 552
307 674
307 686
307 763
307 777
308 345
308 678
308 695
308 915
308 929
308 930
308 976
309 318
309 593
309 806
309 947
310 452
310 523
311 429
311 506
312 463
312 503
312 888
313 361
313 432
313 578
313 907
314 384
314 458
314 591
314 738
314 853
314 888
315 460
315 495
315 571
315 861
315 924
316 368
316 630
316 814
317 531
317 555
317 573
317 800
317 814
318 368
318 416
318 517
318 561
318 675
318 716
319 376
319 440
319 484
319 574
319 590
319 618
319 626
319 650
319 733
319 785
319 990
320 414
320 606
320 625
320 702
320 708
320 782
320 912
321 382
321 675
321 683
321 697
321 975
321 991
322 424
322 439
322 747
323 648
323 919
324 573
325 405
325 474
325 661
325 704
325 740
326 384
326 422
326 596
326 663
326 857
327 329
327 477
327 502
327 510
327 569
327 665
327 773
327 809
327 851
327 963
328 657
329 537
329 599
330 367
330 641
330 841
330 952
331 346
331 359
331 635
331 774
332 409
332 443
332 522
332 686
332 769
332 822
333 669
333 676
333 726
333 804
333 846
334 760
334 799
335 584
335 768
335 984
335 999
336 395
336 491
336 582
336 927
336 950
337 805
337 974
338 846
338 900
339 381
339 473
339 658
340 396
340 444
340 494
340 563
340 633
340 898
340 933
341 437
341 485
341 874
341 889
341 892
342 828
342 967
343 774
343 966
344 397
344 576
344 592
344 700
344 764
344 980
345 518
345 858
346 524
346 544
346 685
346 757
346 810
347 529
347 695
347 918
348 407
348 425
348 959
349 569
349 575
349 682
349 783
349 885
349 910
349 942
350 418
350 431
350 540
350 555
350 727
350 956
351 687
351 927
352 451
352 461
352 706
352 875
352 943
353 622
353 676
353 792
353 863
354 373
354 547
354 842
355 535
356 544
356 719
356 942
357 386
357 549
357 775
357 812
357 860
357 964
358 469
359 360
359 567
360 575
361 379
361 388
361 472
361 483
361 608
361 609
361 658
361 940
361 962
362 608
362 654
362 658
363 592
363 624
363 750
363 859
364 409
364 519
364 712
365 558
366 575
366 832
367 386
367 613
367 656
367 771
367 847
367 986
368 391
368 561
368 730
368 980
369 442
369 443
369 657
369 675
369 700
369 783
369 941
370 807
370 918
370 953
371 458
371 562
371 883
371 961
372 578
372 650
372 687
372 895
373 380
373 660
373 858
373 960
374 407
374 573
374 606
374 785
374 956
374 985
375 755
375 850
376 430
376 456
376 541
376 730
376 759
376 760
376 820
376 825
376 931
376 974
376 995
377 443
377 475
377 485
377 542
377 601
377 680
378 436
378 458
378 618
378 640
378 889
379 652
379 742
380 589
380 644
380 731
381 438
381 525
381 569
381 789
381 931
381 998
383 581
383 703
383 834
383 835
383 897
384 592
384 669
384 688
384 706
384 757
384 889
385 470
385 639
385 986
386 393
386 614
386 645
386 666
386 798
386 819
386 824
386 947
386 962
386 974
387 684
388 827
388 867
388 894
388 927
389 744
389 896
390 547
390 554
390 596
390 707
391 393
391 447
391 732
391 861
392 501
392 536
392 600
392 636
392 821
392 968
393 502
393 572
393 627
393 702
393 850
394 740
394 815
394 818
394 997
395 694
395 962
396 646
396 848
396 859
396 873
396 923
397 484
397 532
397 637
397 833
397 925
398 454
398 467
398 486
398 497
398 667
398 917
399 494
399 577
399 582
400 490
400 491
400 608
400 695
400 875
401 584
401 637
401 738
402 405
402 460
402 527
402 691
402 809
403 592
403 689
403 868
403 941
404 455
404 562
404 676
404 747
404 763
404 825
404 861
404 885
405 897
406 580
406 653
407 476
407 598
407 702
407 936
408 505
408 543
408 680
408 719
408 842
409 482
409 728
409 855
409 956
410 573
410 923
410 960
411 465
411 551
411 996
412 559
412 842
413 518
413 835
414 462
414 666
414 737
414 784
414 819
415 548
416 465
416 500
416 614
416 876
417 505
417 687
417 870
418 440
418 454
418 490
418 560
418 593
418 732
418 807
418 889
419 449
419 534
419 846
419 916
420 430
420 440
420 486
420 722
420 856
421 456
421 904
422 425
422 627
422 658
422 969
423 446
423 472
423 575
423 587
423 699
423 958
424 907
425 681
425 960
425 972
426 706
426 708
426 855
426 944
427 618
428 523
428 676
428 795
428 811
428 832
429 434
429 468
429 586
429 793
429 877
430 517
430 548
430 726
430 976
431 574
431 587
431 898
431 955
432 490
432 924
433 434
433 522
433 555
433 629
434 622
435 445
435 616
435 949
435 977
436 685
436 721
436 837
436 841
436 938
436 994
437 446
437 555
437 583
437 656
437 722
437 769
437 966
438 493
438 658
438 895
438 929
439 479
439 665
439 704
439 961
440 485
441 583
441 617
442 512
442 728
442 820
442 933
443 514
443 537
443 790
443 927
443 950
444 466
444 484
444 549
444 733
444 744
444 948
444 973
445 699
445 740
445 780
446 667
446 791
447 464
447 686
447 691
447 777
447 997
448 950
448 956
448 979
449 458
449 565
449 812
450 955
450 973
451 748
451 761
451 886
452 605
452 804
452 882
452 886
452 958
452 994
453 706
453 727
453 867
453 943
454 554
454 599
454 660
454 704
454 745
454 753
454 815
454 867
455 510
455 516
455 695
455 713
455 791
455 880
456 549
456 921
457 563
457 602
457 750
457 962
458 466
458 904
458 914
459 979
460 533
460 594
460 677
461 656
461 690
461 704
461 709
461 849
462 553
463 498
463 627
463 784
464 671
465 493
465 546
465 560
465 835
465 904
465 919
466 590
466 698
466 850
466 875
466 909
467 644
467 726
467 891
468 563
468 734
468 898
468 952
469 803
469 842
470 550
470 555
470 579
470 638
470 868
471 817
471 889
472 938
473 524
473 785
474 621
474 660
474 767
474 890
475 658
475 805
476 814
477 521
477 529
477 756
477 768
477 803
478 916
479 486
479 591
479 698
479 836
480 962
481 597
481 644
481 949
481 981
482 624
482 671
482 752
483 523
483 880
483 907
483 943
484 610
484 892
484 965
484 971
485 696
485 705
485 742
485 845
485 964
486 967
487 547
487 914
488 511
488 632
488 670
488 816
488 856
488 956
489 591
489 791
490 876
491 512
491 817
491 876
491 896
492 499
492 596
492 610
492 773
492 943
493 938
493 943
494 571
494 972
495 653
495 906
495 969
496 514
496 859
496 862
497 845
497 899
498 839
499 741
499 771
499 938
499 978
500 616
500 677
500 978
501 898
501 939
502 510
502 775
502 813
502 824
503 675
504 548
504 634
505 593
505 949
505 977
505 984
506 524
506 538
506 746
506 783
507 811
507 906
508 731
508 759
508 795
508 816
509 711
509 824
510 527
510 667
510 814
511 530
511 741
511 766
511 786
512 621
512 760
512 858
513 548
513 648
514 703
514 795
514 862
515 705
515 835
516 674
516 697
517 873
517 888
518 546
518 619
518 796
518 928
519 544
519 732
520 570
520 686
520 723
520 954
521 572
521 732
521 974
522 636
522 699
522 840
522 919
523 551
523 797
523 861
524 857
525 533
525 589
525 657
525 672
525 715
525 775
526 644
526 720
527 858
528 931
529 596
529 708
529 719
529 802
529 823
529 930
530 567
531 571
531 669
531 724
531 762
531 796
531 863
531 882
532 592
532 835
533 575
534 661
534 797
534 916
534 979
535 582
535 694
535 725
535 830
535 975
536 600
536 853
536 952
537 706
537 822
538 548
538 782
538 813
539 646
539 649
539 846
540 659
540 713
540 998
541 559
542 548
542 603
542 791
543 755
543 769
543 855
543 865
543 979
544 558
545 740
545 958
546 663
547 582
547 583
547 607
547 628
547 795
547 902
547 905
548 631
548 680
548 782
548 922
549 551
549 715
549 942
550 700
550 975
551 576
551 590
551 690
551 816
551 817
551 950
552 750
553 776
553 781
554 573
554 784
555 706
555 776
555 867
556 659
557 670
557 671
557 691
557 788
557 810
557 827
557 874
558 623
558 773
560 568
560 876
561 671
561 697
561 920
561 954
562 577
562 971
563 596
563 719
565 823
565 961
566 576
566 712
566 871
568 665
568 814
568 977
569 692
569 817
570 620
570 687
571 945
572 617
572 622
572 711
572 983
573 629
573 748
573 813
574 582
574 991
575 668
575 719
575 720
575 737
575 805
575 880
575 973
575 990
576 664
576 752
576 942
577 598
577 763
577 769
578 742
579 683
579 924
580 656
580 711
580 916
581 748
582 637
582 862
582 874
582 991
583 588
585 849
585 889
585 891
585 948
585 991
586 823
586 843
587 879
588 767
588 784
588 954
589 613
589 789
590 812
590 815
591 828
592 647
592 695
592 702
593 862
593 885
593 942
594 944
595 884
595 952
596 670
596 909
596 928
596 979
597 661
597 699
598 817
598 914
599 829
599 924
600 741
601 711
601 806
601 863
602 648
602 683
602 750
602 754
602 821
603 767
604 739
604 803
604 828
604 926
604 976
605 703
605 801
605 873
605 984
606 685
606 692
606 829
606 831
608 711
608 718
609 613
609 812
610 715
611 717
611 969
613 975
614 721
614 722
614 789
617 627
617 822
618 899
619 839
619 873
620 985
621 931
624 907
625 856
625 870
625 954
626 759
627 719
627 800
627 894
628 893
629 720
629 814
630 664
630 979
631 799
631 857
632 715
632 886
632 891
632 945
633 679
633 763
633 823
634 810
635 882
636 681
636 711
636 796
636 845
636 873
639 713
639 790
639 895
639 971
640 677
640 817
640 938
641 713
641 934
642 645
642 657
642 927
643 906
645 678
645 689
645 782
645 818
645 896
646 700
646 799
646 912
648 670
648 718
648 912
649 682
650 691
650 802
650 896
650 963
650 971
651 718
651 756
651 962
652 722
652 829
653 903
654 711
654 798
654 820
654 866
654 936
655 932
656 676
656 837
657 771
657 955
658 796
659 799
659 898
659 930
659 961
660 666
660 753
661 685
661 923
662 735
662 771
662 838
662 864
663 720
663 869
663 906
663 968
664 677
665 707
665 890
666 708
666 760
666 993
667 867
667 966
668 778
668 912
669 883
669 884
669 902
670 826
671 710
673 737
673 821
673 857
673 910
673 924
674 829
674 908
676 787
676 808
677 763
677 945
678 828
678 833
678 969
679 902
679 907
679 964
680 929
680 987
681 720
681 778
683 853
684 718
684 750
684 835
684 946
684 949
684 967
686 938
686 973
686 994
687 706
687 938
689 835
690 703
691 701
691 841
693 845
693 933
694 775
695 782
696 705
696 771
696 793
697 818
697 856
698 774
698 965
698 971
700 805
701 864
701 969
702 877
702 900
702 976
703 706
703 713
703 837
703 955
704 959
705 941
707 828
709 791
709 828
710 796
710 807
710 975
711 727
711 851
712 749
712 820
712 942
714 752
714 818
714 841
716 728
716 985
717 923
717 989
718 734
718 865
718 901
719 911
720 934
720 981
720 993
721 843
722 749
724 764
724 872
724 899
725 728
726 830
726 999
727 776
727 831
727 997
728 738
728 761
728 841
728 983
728 997
729 961
730 876
731 771
732 861
733 794
733 859
733 983
735 751
736 755
736 768
736 932
736 949
736 979
737 958
738 783
738 981
739 753
739 765
741 834
741 853
741 917
742 891
742 981
743 867
743 985
744 946
745 795
745 835
745 944
748 871
748 977
751 954
752 764
753 965
755 884
755 983
756 913
758 868
759 888
760 867
760 875
762 819
762 845
763 870
764 769
764 999
765 794
765 886
765 969
765 970
766 924
766 972
769 981
770 871
775 790
776 918
776 996
777 781
777 901
777 958
777 966
779 808
779 980
780 852
780 875
780 941
781 810
781 899
781 927
782 808
782 910
782 948
782 976
783 957
785 815
787 805
787 957
787 970
788 855
788 989
789 794
789 846
790 834
790 851
790 948
790 977
791 872
792 988
793 892
795 879
795 940
796 947
797 856
798 914
801 892
801 984
802 945
803 850
803 939
804 871
804 945
806 818
806 954
806 977
806 994
807 974
810 829
810 847
810 952
810 991
811 843
811 844
812 842
813 823
813 922
813 994
815 846
815 934
816 970
817 917
817 960
818 868
819 904
819 983
820 981
822 917
822 931
822 933
823 913
823 932
824 848
825 897
825 957
826 874
826 955
827 845
828 885
828 955
829 978
830 850
831 887
832 924
833 972
834 934
835 851
835 860
838 845
838 959
842 965
843 929
844 883
844 999
847 866
848 926
851 893
852 902
852 955
854 961
855 888
855 896
857 911
857 954
860 966
863 897
864 867
864 999
865 907
866 925
867 959
868 935
868 976
869 901
872 989
872 999
876 878
876 904
876 989
877 888
880 930
880 962
880 981
882 907
887 985
888 968
890 939
891 907
892 898
892 980
893 918
893 988
894 913
896 917
896 947
899 932
905 925
906 929
908 959
909 974
910 956
910 988
912 990
915 989
917 984
918 920
918 943
918 979
919 932
926 956
927 949
927 975
928 982
929 959
930 997
933 962
934 971
935 962
935 970
936 990
937 959
944 984
945 953
951 962
952 991
963 970
972 997
976 995
994 995
996 997
