0 195
0 236
0 318
0 449
0 711
0 725
1 37
1 45
1 235
1 608
1 772
1 797
1 918
1 959
1 961
2 82
2 128
2 448
2 528
2 753
2 814
3 501
3 741
3 808
3 852
3 917
3 955
3 959
4 78
4 99
4 210
4 309
4 322
4 366
4 728
4 955
5 17
5 107
5 540
5 593
5 634
5 966
6 289
6 391
6 993
7 41
7 178
7 541
7 588
7 606
7 993
8 126
8 844
8 865
9 24
9 28
9 340
9 453
9 538
9 685
9 688
9 690
9 704
10 59
10 312
10 329
10 401
10 471
10 950
10 970
11 872
12 72
12 90
12 205
12 329
12 633
12 706
12 814
12 866
13 79
13 114
13 296
13 427
13 498
13 776
14 804
14 963
15 86
15 317
15 461
15 698
15 893
15 919
16 161
16 246
16 253
16 373
16 616
16 630
16 761
16 885
17 45
17 76
17 316
17 394
17 412
17 414
17 638
17 786
17 928
18 287
18 325
18 361
18 502
18 714
18 940
19 49
19 88
19 148
19 346
19 682
19 797
19 885
20 53
20 99
20 352
20 768
20 875
20 879
20 908
20 966
21 269
21 855
21 897
21 900
21 987
22 244
22 254
22 319
22 373
22 571
22 656
22 813
22 944
23 40
23 252
23 295
23 451
23 744
23 934
24 227
24 383
24 409
24 427
24 881
25 530
25 541
25 646
25 676
26 203
26 399
27 252
27 461
27 561
27 564
27 587
27 627
27 633
27 926
27 947
27 981
28 92
28 497
28 548
28 649
28 927
28 928
29 120
29 176
29 484
29 676
29 703
30 92
30 112
30 276
30 313
30 501
30 651
30 687
30 779
30 808
30 941
31 68
31 228
31 346
31 375
31 813
32 33
32 68
32 303
32 323
32 456
32 540
32 577
32 609
32 621
32 689
32 840
32 939
32 948
33 39
33 77
33 544
33 580
33 689
33 711
34 74
34 494
34 550
34 730
34 732
34 926
35 100
35 396
35 609
35 664
35 941
36 565
36 766
36 879
37 119
37 421
37 502
37 516
37 758
37 993
38 234
38 517
38 734
38 792
39 252
39 317
39 393
39 584
39 656
39 830
39 930
39 980
40 90
40 243
40 475
40 731
40 996
41 60
41 361
42 231
42 472
42 937
42 964
43 57
43 66
43 349
43 446
43 476
43 843
43 965
44 226
44 305
44 514
44 778
45 75
45 404
45 430
45 960
45 983
46 294
46 344
46 351
46 379
46 429
46 788
46 943
46 973
47 363
47 525
47 653
47 671
47 960
48 334
48 544
48 641
48 778
48 896
49 51
49 416
49 488
49 878
50 71
50 195
50 312
50 368
50 423
50 589
50 882
50 925
51 390
51 459
51 606
51 711
51 736
51 916
52 555
52 666
52 852
52 857
52 960
52 993
53 230
53 438
53 493
53 495
53 613
53 676
53 774
53 842
53 959
54 268
54 338
54 428
54 448
54 663
55 181
55 592
55 640
55 689
55 887
55 945
56 701
56 994
57 742
57 752
57 766
57 797
57 853
57 950
58 120
58 135
58 279
58 649
59 736
59 876
60 70
60 117
60 141
60 201
60 336
60 566
60 655
60 668
60 839
60 862
60 962
61 94
61 527
61 550
61 626
61 810
61 981
62 275
62 536
62 652
62 800
62 891
63 64
63 160
63 175
63 203
63 382
63 490
63 654
63 837
63 948
64 116
64 514
64 516
64 537
65 417
65 437
65 926
65 985
66 433
66 435
66 576
66 627
66 681
67 199
67 206
67 244
67 297
67 405
67 448
67 461
67 610
67 625
67 680
67 737
67 825
67 873
67 897
68 233
68 264
68 465
68 589
68 627
68 649
68 667
68 884
68 994
69 241
69 292
69 295
69 359
69 379
69 983
70 195
70 217
70 286
70 457
70 555
70 589
70 651
70 868
71 170
71 217
71 371
71 422
71 708
72 139
72 288
72 586
72 623
72 739
72 772
72 839
72 970
73 435
73 479
73 636
73 743
73 837
74 307
74 691
74 833
74 900
75 232
75 287
75 471
75 531
75 538
75 645
75 663
76 266
76 432
77 93
77 101
77 165
77 189
77 948
77 980
78 224
78 419
78 486
78 983
79 81
79 357
79 431
79 766
80 150
80 283
80 413
80 556
80 635
80 738
81 554
81 744
81 836
82 501
82 513
82 606
83 143
83 388
83 674
83 707
83 902
84 273
84 708
84 967
85 415
85 597
85 634
85 697
85 777
85 929
85 940
86 108
86 128
86 393
86 438
87 114
87 147
87 275
87 281
87 449
87 453
87 472
87 594
87 708
87 742
87 806
87 942
88 451
89 171
89 414
89 600
89 752
90 385
90 406
90 412
90 721
90 951
90 957
91 131
91 182
91 293
91 314
91 482
91 500
91 520
91 840
91 857
91 915
91 931
92 189
92 298
92 577
93 120
93 241
93 398
93 824
93 982
94 180
94 233
94 497
94 603
94 962
94 972
95 356
95 414
95 898
96 189
96 998
97 471
97 563
97 737
98 173
98 216
98 245
98 348
98 451
98 660
98 855
98 986
99 208
99 569
99 857
99 916
100 130
100 235
100 299
100 323
100 451
100 688
100 978
101 109
101 157
101 242
101 357
102 216
102 655
102 658
102 688
102 783
102 816
102 904
103 124
103 159
103 203
103 366
103 770
103 849
103 985
104 215
104 466
104 797
105 107
105 234
105 526
105 577
106 156
106 253
106 729
106 816
106 845
106 847
106 957
107 253
107 532
107 587
107 660
107 792
107 794
108 427
108 468
108 582
108 607
108 707
108 780
109 124
109 169
109 618
109 835
110 197
110 214
110 253
110 508
110 561
110 813
110 858
110 885
110 899
111 137
111 371
111 453
111 729
111 853
111 904
111 972
112 414
112 644
112 692
112 703
112 740
112 827
112 836
113 198
113 213
113 225
113 287
113 631
113 716
113 734
113 953
114 203
114 739
115 283
115 615
115 740
115 818
116 179
116 205
116 315
116 506
116 616
116 693
116 793
117 267
117 575
118 462
118 482
118 653
118 832
118 959
119 297
119 345
119 479
119 761
119 802
119 837
119 999
120 236
120 713
120 719
120 757
120 858
121 247
121 523
121 672
122 624
122 937
123 404
123 425
123 537
123 566
123 894
123 899
124 514
124 721
124 887
125 215
125 228
125 242
125 398
125 510
125 554
125 594
125 634
125 656
125 741
125 895
126 957
127 189
127 476
127 500
127 735
127 761
127 789
128 446
128 457
128 729
128 789
128 921
129 137
129 263
129 465
129 517
129 541
129 551
129 744
129 816
129 876
129 971
129 975
130 263
130 272
130 278
130 819
131 144
131 152
131 199
131 491
131 514
131 575
131 934
131 935
131 990
132 235
132 365
132 438
132 537
132 669
132 704
132 757
132 759
132 786
132 861
132 975
133 189
133 231
133 244
133 331
133 531
133 547
133 723
133 797
133 805
133 822
133 852
133 889
133 940
133 951
134 239
134 572
134 819
134 867
134 955
135 210
135 342
135 364
135 516
135 806
135 994
136 464
136 764
136 779
136 978
137 151
137 355
137 816
138 139
138 183
138 292
138 736
138 862
138 883
138 920
138 948
139 492
139 548
139 641
140 306
140 348
140 612
140 626
140 760
140 831
140 844
141 172
141 306
141 311
141 312
141 530
141 567
141 658
141 792
141 989
142 146
142 277
142 798
142 862
143 218
143 342
143 360
143 909
144 677
144 684
144 809
145 174
145 644
145 734
145 842
146 474
146 556
146 648
146 696
147 372
147 386
147 451
147 599
147 991
148 562
148 586
148 772
148 878
148 980
149 328
149 504
149 691
149 816
149 836
149 856
149 908
150 768
150 824
150 851
151 159
151 179
151 189
151 404
151 410
151 495
151 496
151 861
151 880
153 393
153 442
153 570
153 854
153 886
153 919
154 299
154 452
154 543
154 605
154 628
154 643
154 663
154 719
154 985
155 390
155 420
155 925
156 333
156 528
156 592
156 644
156 814
156 988
156 999
157 255
157 258
157 259
157 365
157 370
157 386
158 214
158 225
158 269
158 293
158 555
158 806
158 897
159 291
159 480
159 930
160 182
160 401
160 505
160 636
160 998
161 260
161 502
161 624
162 216
162 296
162 538
162 894
162 987
163 585
163 597
163 665
164 762
164 907
165 300
165 342
165 461
165 504
165 576
165 595
165 660
165 724
165 838
165 868
166 210
166 224
166 569
166 697
166 734
167 236
167 327
167 651
167 670
167 824
168 248
168 454
168 629
168 761
168 949
169 215
169 237
169 279
169 359
169 472
169 570
169 575
169 752
169 829
169 988
170 218
170 294
170 398
170 692
170 759
170 904
170 950
170 961
171 225
171 279
171 343
171 392
171 404
171 537
171 548
171 743
172 449
172 460
172 614
172 856
173 340
173 392
173 499
173 562
173 619
173 807
173 938
173 944
174 490
174 671
174 819
174 986
175 190
175 256
175 294
175 622
175 675
175 747
175 770
175 792
176 227
176 258
176 347
176 417
176 875
177 187
177 864
177 940
177 988
178 305
178 528
178 676
178 726
178 835
179 253
179 386
179 411
180 351
180 460
180 511
180 591
180 962
181 241
181 316
181 732
181 893
181 950
182 241
182 268
182 696
182 902
182 948
183 644
183 734
184 364
184 423
184 618
184 676
184 903
184 914
185 287
185 390
185 439
185 908
185 968
185 987
186 635
186 857
186 948
187 645
187 652
188 227
188 252
188 645
188 646
188 677
188 692
188 709
188 795
189 208
189 377
189 752
189 989
190 412
190 514
190 633
190 668
190 975
191 335
191 408
191 496
192 209
192 395
192 510
192 583
192 748
192 752
193 226
193 456
193 565
193 599
193 719
193 814
193 841
194 199
194 550
194 577
194 770
195 286
195 454
195 510
195 733
196 346
196 467
196 511
196 606
196 693
196 721
197 361
197 606
197 749
197 786
197 870
198 202
198 277
198 290
198 297
198 511
198 553
198 724
198 768
198 814
198 994
200 444
200 468
200 480
200 684
200 886
201 547
201 563
201 597
201 686
202 285
202 319
202 601
202 803
202 811
202 847
202 930
203 769
203 815
204 279
204 407
204 844
204 915
205 350
205 540
205 565
205 715
205 733
205 782
205 797
205 798
205 813
206 254
206 363
206 367
206 636
206 648
206 926
207 666
207 860
207 967
208 319
208 489
208 633
208 758
209 776
210 238
210 345
210 500
210 660
210 862
210 888
211 295
211 357
211 400
211 537
211 636
211 741
211 801
211 875
211 916
212 481
212 612
212 630
212 704
212 786
212 960
213 253
213 335
213 625
213 669
213 767
213 847
213 914
214 436
214 932
214 985
215 279
215 291
215 403
215 504
215 588
215 897
216 255
216 324
216 429
216 474
216 596
216 637
217 326
217 584
217 885
217 894
218 287
218 522
218 694
218 809
219 245
219 381
219 521
219 652
219 724
219 767
220 311
220 373
220 416
220 422
220 750
220 808
220 850
221 234
221 472
221 861
222 361
222 440
222 560
222 687
222 883
222 909
223 390
223 430
223 494
223 756
224 225
224 790
224 903
225 756
225 877
225 942
226 256
226 279
226 287
226 527
226 545
226 558
226 616
226 971
226 977
226 984
227 370
227 386
227 487
227 503
227 852
227 906
228 331
228 581
229 530
229 570
229 598
229 609
230 469
230 486
230 745
231 236
231 434
231 653
231 655
231 885
232 239
232 316
232 670
232 954
232 985
233 250
233 689
233 858
233 912
233 987
234 249
234 672
234 728
234 740
234 835
235 803
235 967
236 323
236 413
236 827
236 983
237 614
237 695
237 820
237 856
238 335
238 466
238 634
239 387
239 730
239 871
240 398
240 408
240 546
240 656
240 831
240 873
240 902
241 434
241 824
241 875
241 903
241 905
241 912
241 965
242 360
242 589
242 804
242 886
242 984
243 347
243 492
243 500
243 523
244 410
244 483
244 689
245 498
245 538
245 731
246 315
246 604
246 868
247 304
247 481
247 655
247 670
247 933
247 938
248 476
248 495
248 578
249 460
249 891
249 974
250 539
250 590
250 956
251 279
251 717
251 744
251 952
251 974
252 274
252 418
252 542
252 625
252 702
252 973
252 992
253 600
254 281
254 379
254 697
254 858
254 877
254 940
255 409
255 507
255 905
256 430
256 714
256 775
256 813
256 865
256 952
258 326
258 344
258 393
258 612
258 762
258 827
258 963
258 967
259 607
259 620
259 695
259 712
259 881
260 807
260 815
260 989
261 455
261 476
262 282
262 648
263 762
263 887
263 964
264 437
264 450
264 936
264 947
264 962
265 366
265 438
265 479
265 530
265 608
265 833
266 308
266 485
266 562
266 730
267 541
267 546
267 617
267 659
267 663
267 839
267 906
267 916
268 397
268 413
268 486
269 700
269 889
269 984
270 379
270 635
270 769
270 806
270 903
271 366
271 682
271 701
271 761
272 304
272 396
272 573
272 918
273 416
273 427
273 479
273 634
273 828
274 299
274 384
274 838
275 603
275 760
275 804
275 888
276 506
276 703
276 907
276 958
277 294
277 326
277 514
277 897
278 348
278 400
278 436
278 483
279 475
279 633
280 583
280 651
280 808
281 377
281 963
282 379
282 546
282 566
282 743
282 752
282 926
282 957
282 994
283 318
283 502
284 292
284 361
284 472
284 992
285 430
285 881
285 991
285 993
286 305
286 510
286 522
286 528
286 626
286 638
286 713
286 717
286 869
286 946
287 480
287 596
287 964
288 366
288 407
288 435
288 660
288 732
288 920
289 516
289 548
289 695
289 730
289 842
289 906
289 975
290 418
290 441
290 744
290 868
291 357
291 367
291 370
291 555
291 695
291 724
292 488
292 808
293 449
293 452
293 849
293 979
294 298
294 343
294 547
294 951
294 993
295 554
295 750
296 327
296 468
296 514
296 685
297 703
297 877
297 982
298 392
298 436
298 479
298 550
298 794
298 876
298 939
299 324
299 490
299 594
299 635
299 861
299 891
300 427
300 527
300 538
300 736
300 839
301 566
301 567
301 754
301 774
301 900
301 970
302 330
302 331
302 348
302 375
302 404
302 424
302 572
302 619
302 817
302 968
302 996
303 904
304 351
304 473
304 557
304 756
304 790
305 622
305 647
305 896
305 951
306 348
306 407
306 426
306 465
306 496
306 615
306 666
306 761
306 786
307 697
308 528
308 698
308 713
308 860
308 958
309 424
309 560
309 745
310 634
310 793
310 822
311 497
311 716
311 751
313 316
313 377
313 436
313 654
314 384
314 485
314 508
314 728
314 752
314 811
314 861
314 873
314 909
315 485
315 985
316 458
316 931
317 323
317 357
317 527
317 556
317 678
317 805
317 928
318 712
318 781
318 956
319 376
319 444
319 632
319 780
319 810
319 936
320 407
320 575
320 617
320 914
321 412
321 418
321 468
321 566
321 664
321 693
321 875
321 922
322 350
322 444
322 467
322 529
322 880
323 386
323 442
323 625
323 659
323 680
324 749
324 836
325 344
325 416
325 455
325 484
325 494
325 686
326 606
327 389
327 431
327 450
327 730
327 870
328 449
328 541
328 564
328 851
328 852
329 672
329 906
329 928
330 501
330 547
330 571
330 653
331 470
331 493
331 860
331 866
332 405
332 537
332 669
332 899
332 958
333 361
333 531
333 858
333 889
334 340
334 630
335 407
335 438
335 609
336 344
336 388
336 398
336 483
336 500
336 730
336 731
336 803
336 960
336 976
337 509
337 656
337 797
337 966
338 494
338 587
338 730
338 733
338 908
339 353
339 488
339 614
339 653
339 684
340 410
340 536
340 568
340 716
341 383
341 408
341 520
341 813
342 592
343 550
343 551
344 406
344 472
344 824
345 422
345 507
345 512
346 424
346 746
346 871
347 756
347 875
347 959
347 987
348 479
348 489
348 515
348 797
348 910
349 460
349 678
349 736
350 420
350 423
350 525
350 703
351 452
351 877
351 893
352 422
352 481
352 837
353 424
353 432
353 568
354 553
354 678
354 680
354 698
354 758
354 766
355 742
355 746
355 757
355 778
355 875
355 967
355 984
355 987
356 424
356 429
357 574
357 587
357 774
357 821
357 958
358 359
358 567
358 593
358 609
358 727
358 750
359 700
359 834
359 862
359 865
359 959
360 480
360 553
360 638
360 694
360 787
360 941
360 964
360 976
361 477
361 617
361 624
361 635
361 877
362 437
362 765
362 789
362 814
362 891
362 955
363 530
363 557
363 731
364 429
364 514
364 628
364 740
365 559
366 370
366 785
366 853
366 868
367 403
367 534
367 966
368 484
368 493
369 516
369 768
369 969
370 383
370 558
370 869
370 918
371 587
371 701
371 732
371 842
372 601
372 663
372 769
372 871
373 383
373 491
373 555
373 609
373 634
373 767
373 882
374 412
374 441
374 678
374 847
374 864
374 902
374 968
375 458
375 486
375 742
376 860
377 395
377 405
377 422
377 440
378 580
378 725
378 924
379 723
380 736
381 391
381 893
382 553
383 396
383 550
383 663
383 720
384 405
384 890
385 460
385 778
385 808
386 610
386 931
386 955
387 401
387 742
387 758
387 802
387 933
388 637
388 651
388 870
389 554
390 448
390 830
390 881
391 676
391 728
391 875
392 552
392 748
393 400
393 505
393 560
393 678
393 723
393 886
393 973
395 841
395 854
396 486
396 660
396 834
396 839
397 453
397 603
397 865
397 895
397 941
398 511
398 656
398 711
398 716
398 777
398 877
399 478
399 585
399 614
399 858
400 468
400 621
400 916
401 636
401 687
401 713
401 777
401 844
402 491
402 722
402 995
403 655
404 708
404 709
404 875
404 979
404 989
405 921
405 922
406 943
407 412
407 516
407 789
407 838
407 991
408 543
408 791
408 885
408 970
409 526
409 584
409 704
409 887
409 966
410 497
410 644
411 468
411 507
411 907
411 931
412 542
412 554
412 575
412 769
412 814
412 896
413 508
413 830
413 963
414 421
414 904
415 687
415 837
415 942
415 966
416 488
416 593
416 925
417 421
417 472
417 559
417 758
417 863
417 906
418 743
418 876
419 513
419 745
419 773
419 966
420 648
420 670
420 720
420 871
421 538
421 631
421 916
421 934
422 437
422 438
422 520
423 514
423 538
423 719
423 740
423 775
423 797
424 646
424 946
425 642
425 675
425 704
425 919
426 453
426 571
426 850
426 865
427 450
427 483
428 602
428 691
428 692
428 749
428 806
428 810
428 891
429 692
429 771
429 987
430 618
430 681
430 940
431 861
432 596
432 620
432 810
432 922
432 964
433 685
433 714
434 447
434 670
434 723
434 931
434 985
435 568
435 624
435 766
436 507
436 510
436 783
436 790
436 852
438 611
438 904
440 683
440 695
440 733
440 903
440 928
441 904
442 760
442 779
442 890
443 714
443 973
443 983
445 537
445 834
445 924
445 958
446 521
446 522
446 667
446 686
447 930
448 490
448 625
449 781
449 897
450 550
450 754
450 893
450 948
451 465
451 997
452 471
452 541
452 550
452 561
452 648
452 707
452 729
452 738
452 773
452 825
452 829
452 832
452 901
453 499
453 529
454 622
455 573
455 686
456 502
456 528
456 586
456 727
456 915
457 634
457 928
458 509
458 598
458 613
458 748
458 847
459 522
460 505
460 550
460 816
460 948
460 998
461 468
461 624
461 758
461 800
462 494
462 818
462 896
463 762
463 915
463 920
464 880
465 593
465 693
465 706
466 760
466 771
466 953
467 516
467 631
468 520
468 550
468 588
468 706
469 805
469 906
469 918
469 922
469 938
469 996
470 696
470 711
470 781
470 803
471 594
471 772
471 838
471 931
472 552
472 693
472 731
472 874
472 916
472 968
473 557
473 730
473 865
473 887
473 906
473 939
475 483
475 769
475 974
476 601
476 603
476 969
477 489
477 492
477 509
477 629
477 650
477 734
477 752
477 813
478 534
478 616
478 638
478 766
478 900
479 522
479 677
479 845
479 855
481 548
481 923
482 613
483 522
483 712
483 865
484 527
484 600
484 675
484 742
484 764
484 863
484 916
484 936
484 946
485 564
485 603
485 613
485 937
486 694
486 699
486 715
486 868
487 500
487 594
487 919
488 746
488 799
490 524
490 611
491 526
491 917
492 541
493 723
493 869
493 882
493 883
494 851
494 969
495 730
495 749
495 751
495 896
496 562
496 617
496 793
497 980
498 582
499 711
499 921
499 928
500 563
500 570
500 647
500 681
500 789
500 835
500 971
500 999
501 600
501 710
502 517
502 603
502 609
502 961
503 758
503 947
504 577
504 609
504 633
504 707
504 799
506 526
506 880
506 965
507 626
507 783
508 523
508 875
509 582
509 655
509 812
509 897
510 552
510 737
510 799
511 654
511 717
511 963
512 541
512 767
512 813
512 849
512 897
512 998
513 545
513 552
513 575
513 656
513 711
514 664
514 736
514 744
514 818
515 651
515 892
516 690
516 937
516 964
517 917
517 947
518 975
519 617
519 656
519 796
519 911
520 676
520 760
520 966
521 809
521 877
522 546
522 596
522 727
522 977
523 902
524 655
524 703
524 973
525 528
526 817
526 820
527 692
528 731
528 854
528 868
529 885
530 578
530 779
530 870
531 654
531 693
531 937
532 587
532 693
532 816
532 867
532 932
533 542
533 590
533 649
533 933
534 755
534 778
535 565
535 617
536 929
537 648
537 828
537 933
538 739
538 763
539 677
539 817
539 895
540 627
540 807
541 632
541 903
541 995
542 941
542 969
543 583
543 845
543 940
543 976
543 977
544 558
544 893
545 832
546 675
546 791
547 736
548 569
548 579
548 624
548 663
548 680
548 963
549 764
549 905
549 930
550 648
550 688
550 901
550 940
550 984
551 732
551 854
551 865
552 646
552 714
552 791
553 680
554 679
554 747
554 781
554 893
554 934
555 626
555 759
555 780
555 871
555 893
555 937
556 621
556 836
557 629
557 750
557 831
557 977
558 690
558 961
559 795
559 924
560 711
560 900
560 953
561 772
561 775
561 892
561 918
562 576
562 875
563 896
563 960
563 997
564 728
564 812
564 928
564 961
565 802
565 845
565 876
565 950
566 881
566 952
567 999
568 621
569 640
569 740
569 799
569 938
570 675
570 997
572 578
573 616
573 622
574 605
574 695
574 908
574 919
574 973
575 677
575 714
577 617
577 740
578 612
578 750
579 631
579 734
579 739
579 842
579 992
580 734
580 891
581 704
581 856
581 973
582 600
582 606
582 754
582 778
582 936
582 942
583 790
583 858
584 984
585 738
585 942
586 986
587 709
587 821
587 859
587 869
588 763
588 764
588 766
588 864
588 982
589 828
589 857
590 658
590 794
592 682
592 945
592 952
592 975
593 718
594 697
594 740
594 973
595 645
595 696
595 707
595 842
595 856
596 694
596 706
597 949
597 995
598 789
598 863
599 667
599 750
599 882
600 760
600 870
601 882
602 642
602 711
602 725
602 869
602 929
603 604
603 637
603 691
603 710
603 729
603 803
603 867
603 944
605 976
606 768
606 916
606 998
607 675
607 712
607 940
607 982
608 750
608 794
608 829
608 846
609 748
609 843
609 933
609 965
610 613
610 623
610 997
611 738
611 789
611 874
611 884
611 902
613 619
613 851
614 745
614 751
614 964
615 737
615 744
616 748
617 675
617 732
617 802
618 865
619 669
619 696
619 768
619 821
619 874
620 795
620 846
621 652
621 817
622 943
622 948
623 722
623 725
623 752
623 762
623 896
623 969
624 726
624 892
624 899
625 676
625 969
626 768
626 842
626 999
628 913
629 643
629 780
630 691
631 930
631 961
632 684
632 713
632 733
632 801
632 977
633 816
633 828
633 848
634 872
634 987
635 808
636 673
637 893
640 642
640 709
640 788
640 819
640 839
641 677
641 732
641 737
641 801
641 818
642 801
643 742
643 798
643 881
643 909
643 912
643 967
644 906
646 999
648 975
649 774
649 828
649 892
650 770
650 905
651 766
651 769
651 779
651 839
651 884
652 773
652 895
653 762
654 678
654 831
655 750
655 834
656 727
656 811
657 793
657 800
657 946
657 994
658 675
659 943
659 974
661 773
661 887
662 719
662 724
663 827
664 757
664 851
665 781
665 944
665 972
667 680
667 685
667 744
667 772
667 794
669 836
669 854
669 983
671 675
672 825
672 873
673 905
673 985
673 990
674 963
675 777
675 856
676 693
677 819
677 835
678 720
678 740
678 871
678 912
679 688
680 804
680 840
681 745
682 793
683 869
683 975
684 766
684 939
684 987
684 995
685 827
685 956
685 967
686 697
686 938
686 973
687 807
687 822
688 728
688 844
690 832
690 840
691 781
691 992
692 777
692 961
693 737
693 786
693 849
694 819
694 842
694 912
695 699
695 768
695 943
697 747
697 755
697 849
697 957
698 954
699 712
699 855
700 762
702 857
702 872
703 727
703 785
703 966
703 985
705 755
705 758
705 791
705 804
705 835
705 879
706 718
707 826
708 729
709 715
709 738
709 866
709 985
711 733
711 754
712 759
712 765
712 841
713 949
715 979
716 751
717 740
718 724
718 769
719 742
719 895
721 887
721 991
722 801
723 802
724 765
725 964
728 799
730 731
730 995
731 776
731 855
732 778
732 784
732 800
732 881
732 946
733 758
734 824
735 827
736 884
736 896
736 969
737 948
739 771
740 904
740 945
741 936
742 929
743 971
745 839
745 963
746 889
748 801
748 832
748 872
748 882
749 888
749 909
750 929
750 996
751 892
751 938
752 763
752 785
753 890
754 795
754 924
758 817
758 850
760 863
761 820
763 778
765 786
765 886
765 954
766 774
768 840
768 940
768 956
769 770
769 784
770 918
771 896
772 923
773 852
774 931
775 832
775 860
775 883
776 937
777 833
777 998
779 799
779 864
779 887
779 995
780 864
780 875
780 894
781 962
782 878
782 997
783 874
784 860
785 803
787 831
787 985
789 876
789 877
789 909
790 877
790 934
791 971
792 803
793 844
794 909
794 934
794 996
796 858
796 987
797 805
799 863
799 918
801 945
802 859
802 870
803 834
803 857
805 851
806 988
807 869
810 921
810 964
811 856
811 867
812 916
813 890
813 939
814 819
814 867
816 818
816 835
816 913
817 887
818 950
819 945
820 883
820 926
820 985
824 943
827 831
827 849
834 991
836 908
836 914
836 976
837 915
839 882
840 997
841 911
841 951
842 857
842 865
842 963
843 986
845 868
845 942
848 851
848 868
848 883
849 933
850 901
851 892
853 977
855 961
856 873
856 965
856 971
857 914
860 970
863 897
865 963
866 937
866 939
866 957
868 921
868 957
868 973
872 918
872 946
874 989
875 943
876 976
877 905
878 924
878 959
879 947
879 951
880 942
880 946
882 892
882 992
883 991
884 889
885 891
885 913
886 943
888 889
888 928
893 939
896 914
898 901
900 953
900 995
901 979
904 918
906 950
906 989
910 958
910 974
911 917
911 965
913 930
917 939
917 980
919 967
919 999
921 943
922 939
922 947
924 994
924 997
926 967
926 973
926 975
927 965
927 984
928 977
932 985
932 989
933 940
934 953
935 956
942 981
943 986
944 948
948 954
951 973
951 991
967 982
