0 67
0 85
0 123
0 144
0 155
0 165
0 465
0 712
1 49
1 278
1 341
1 650
1 652
1 757
1 916
3 194
3 502
3 509
3 517
3 575
3 622
3 638
3 660
3 718
3 839
4 137
4 289
4 413
4 420
4 680
4 691
4 908
4 920
4 994
5 371
5 662
5 675
6 494
7 354
7 739
8 576
8 718
8 743
8 789
8 859
8 939
8 958
8 973
9 189
9 473
9 583
9 815
9 866
10 17
10 416
10 464
10 488
10 717
10 743
10 747
11 75
11 141
11 245
11 251
11 864
11 893
12 375
12 738
12 889
12 931
13 143
13 313
13 578
13 834
13 938
14 226
14 279
14 498
14 709
14 870
14 924
15 95
15 380
15 402
15 410
15 558
15 573
15 716
15 808
15 852
15 862
15 918
15 923
16 124
16 131
16 142
16 216
16 223
16 642
16 714
16 943
17 218
17 319
17 553
17 680
17 689
18 30
18 69
18 588
19 73
19 85
19 298
19 515
19 569
19 611
19 912
19 994
20 67
20 213
20 490
20 633
20 887
21 541
21 939
21 990
22 28
22 113
22 333
22 346
22 429
22 836
22 869
23 115
23 246
23 294
24 102
24 306
24 465
24 489
24 630
24 817
25 621
25 688
25 808
26 99
26 233
26 572
26 678
26 681
26 840
26 871
26 936
26 974
27 431
27 606
27 647
27 992
28 105
28 127
28 194
28 231
28 298
28 466
28 638
28 726
28 846
28 868
29 61
29 167
29 242
29 248
29 265
29 396
29 703
29 779
30 254
30 412
30 630
30 859
31 135
31 166
31 366
31 781
31 801
31 874
31 908
31 973
32 40
32 195
32 252
32 340
32 600
32 823
32 929
32 942
33 85
33 147
33 163
33 209
33 381
33 427
33 479
33 794
33 797
34 255
34 382
34 512
34 973
34 986
34 991
35 62
35 134
35 194
35 224
35 391
36 78
36 258
36 424
36 730
36 788
36 799
36 862
37 394
37 711
37 729
38 141
38 440
38 545
38 566
38 608
38 850
38 875
39 157
39 161
39 192
39 224
39 637
39 657
39 723
40 58
40 155
40 211
40 659
40 796
40 921
41 630
41 767
41 827
41 855
41 860
42 81
42 140
42 172
42 305
42 671
42 676
42 846
42 896
43 69
43 348
43 363
43 463
43 465
43 600
43 720
43 833
43 918
44 88
44 546
44 656
44 739
44 761
44 860
44 904
45 193
45 561
45 683
45 854
45 952
46 105
46 135
46 173
46 176
46 432
46 473
46 544
46 857
46 924
47 95
47 154
47 536
47 613
47 807
47 830
47 914
48 193
48 358
48 384
48 482
48 557
48 830
49 149
49 208
49 486
49 559
49 821
50 209
50 269
50 285
50 372
50 411
50 712
51 148
51 491
51 608
51 727
52 397
52 822
52 894
52 900
53 99
53 932
54 309
54 476
54 715
55 331
55 492
55 555
55 614
55 753
55 799
56 281
56 299
56 307
56 413
57 271
57 368
57 547
57 802
57 988
58 98
58 106
58 290
58 608
58 709
59 299
59 396
59 495
59 935
60 84
60 158
60 160
60 202
60 226
60 594
60 823
61 78
61 88
61 110
61 155
61 188
61 300
61 394
61 469
61 678
61 712
62 338
62 546
62 662
62 709
62 836
62 910
63 94
63 130
63 276
63 423
63 659
63 798
63 809
64 93
64 100
64 286
64 288
64 318
64 720
64 866
64 884
64 901
64 951
65 95
65 130
65 385
65 688
65 707
65 741
65 807
65 877
65 960
66 123
66 251
66 363
66 412
66 459
66 652
66 778
67 386
67 585
67 973
68 220
68 292
68 431
68 481
68 646
69 295
69 624
70 493
70 673
70 762
70 980
71 187
71 297
71 326
71 387
71 435
71 455
71 564
71 927
72 168
72 222
72 302
72 316
72 365
72 444
72 572
72 766
72 797
73 126
73 164
73 189
73 266
73 310
73 425
73 448
73 515
73 608
73 633
73 891
74 136
74 254
74 282
74 295
74 458
74 593
74 745
74 934
75 119
75 125
75 330
75 714
75 814
76 432
76 667
76 710
76 957
77 147
77 235
77 376
77 451
77 510
77 613
77 640
77 815
77 952
78 111
78 261
78 278
78 495
78 567
78 785
78 839
78 949
79 151
79 173
79 403
79 542
79 681
79 989
80 263
80 427
80 514
80 556
80 655
81 96
81 144
81 158
81 267
81 293
81 294
81 654
81 819
82 234
82 683
82 762
82 813
83 613
83 792
83 834
83 997
84 85
84 437
84 511
84 563
84 730
84 735
84 744
85 106
85 183
85 467
85 480
85 527
85 592
85 833
86 235
86 302
86 309
86 394
86 478
86 852
87 315
87 321
87 363
87 525
87 689
88 128
88 288
88 442
89 470
89 927
90 96
90 110
90 171
90 931
91 543
91 656
91 662
91 693
91 901
91 949
91 952
92 143
92 483
92 638
93 115
93 331
93 403
93 792
94 130
94 150
94 500
94 507
94 563
94 594
94 924
95 491
95 529
95 651
95 664
95 939
96 304
96 319
96 520
96 757
98 230
98 261
98 623
98 772
98 869
99 199
99 512
99 551
99 681
99 875
99 982
100 376
100 413
100 847
101 306
101 433
101 602
101 747
101 770
102 159
102 211
102 251
102 270
102 699
102 748
102 772
102 827
103 136
103 219
103 655
103 735
103 803
103 896
104 660
105 199
105 286
105 295
105 316
105 334
105 723
105 793
105 867
105 871
105 886
105 939
106 222
106 230
106 285
106 419
106 438
106 869
106 964
107 223
107 557
107 778
107 827
108 277
108 528
108 551
108 597
108 600
108 695
109 342
109 548
109 821
109 903
110 312
110 543
111 341
111 438
111 530
111 691
111 859
111 905
111 935
111 965
112 336
112 409
112 669
112 815
112 824
113 205
113 447
113 508
113 624
113 685
113 781
114 162
114 200
114 716
114 900
114 922
114 930
114 937
114 944
114 975
115 880
115 945
116 147
116 458
116 588
116 635
116 636
116 863
117 118
117 146
117 207
117 360
117 426
118 140
119 400
119 711
119 851
119 884
119 890
119 952
120 147
120 318
120 647
120 881
120 888
121 363
121 577
121 626
121 719
121 785
121 869
122 159
122 330
122 388
122 471
122 535
122 568
122 877
123 356
123 721
123 809
123 845
124 275
124 397
124 615
124 982
125 720
125 754
125 911
125 922
126 192
126 873
126 886
127 162
127 170
127 400
127 493
127 710
127 855
127 899
128 204
128 220
128 379
128 481
128 657
128 752
128 841
128 937
129 479
129 634
129 809
130 150
130 324
130 455
130 504
130 615
130 738
131 375
131 441
131 857
131 933
131 975
132 220
132 243
132 256
132 270
132 305
132 340
132 560
132 836
133 366
133 476
133 531
133 711
133 751
133 890
133 948
133 978
134 221
134 437
134 549
135 290
135 354
135 416
135 600
135 705
135 771
135 866
136 341
136 554
136 616
136 767
136 929
137 161
137 237
137 482
137 495
137 560
137 590
137 608
137 726
137 790
137 802
137 819
138 178
138 298
138 633
138 724
138 849
139 182
139 252
139 479
139 501
139 921
139 988
140 746
140 889
140 922
140 956
141 179
141 302
141 365
141 726
141 741
141 906
141 914
142 473
142 794
142 837
142 937
143 194
143 263
143 372
143 586
143 655
143 658
143 797
144 272
144 520
144 790
144 882
144 992
145 212
145 252
145 279
145 369
145 405
145 408
145 433
145 445
145 622
145 787
145 968
146 490
146 544
146 568
147 236
147 295
147 369
147 467
147 764
148 162
148 465
148 633
148 659
148 795
148 968
148 972
149 245
149 375
149 435
149 797
149 873
150 253
150 386
150 576
150 831
150 837
150 847
150 920
151 237
151 470
151 614
151 623
151 756
151 797
151 984
152 275
152 715
152 820
152 945
153 250
153 435
153 468
153 966
153 991
154 263
154 370
154 511
154 609
154 887
155 498
155 784
155 841
155 966
155 977
156 213
156 636
156 685
156 705
156 789
156 822
156 988
157 259
157 335
157 618
157 932
157 960
158 308
158 711
158 755
159 279
159 695
159 834
159 850
159 912
159 999
160 910
161 528
161 552
161 725
161 947
162 239
162 362
162 611
162 850
163 285
163 348
163 620
163 642
163 721
163 819
163 916
164 171
164 261
164 331
164 388
164 513
164 529
164 940
165 482
165 548
165 772
166 192
166 481
166 519
166 844
166 927
166 955
167 288
167 292
167 534
167 755
167 902
167 989
168 878
169 636
169 731
169 760
169 911
169 980
170 237
170 272
170 416
170 678
171 263
171 470
172 372
172 575
172 718
172 730
172 744
172 806
172 808
173 248
173 289
173 305
173 618
173 894
174 265
174 281
174 308
174 419
174 721
174 957
175 372
175 524
175 695
175 831
175 971
176 193
176 301
176 714
177 653
177 725
178 232
178 349
178 378
178 434
178 544
178 689
179 195
179 296
179 399
179 416
179 846
180 219
180 241
180 758
181 195
181 295
181 435
181 456
181 710
181 870
181 966
182 288
182 391
182 540
182 594
183 208
183 372
183 381
183 434
183 465
183 707
183 804
184 203
184 207
184 245
184 572
184 588
184 631
184 782
185 322
185 382
185 512
186 968
187 254
187 273
187 391
187 480
187 562
187 781
187 885
188 539
188 582
188 855
188 901
189 268
189 307
189 392
189 416
189 671
189 920
190 364
190 711
190 984
191 230
191 256
191 536
191 869
191 882
191 951
192 412
192 529
192 742
193 439
193 493
193 544
193 551
193 555
194 216
194 330
194 489
194 872
195 317
195 363
195 449
195 660
195 843
195 867
195 939
196 330
196 340
196 438
196 779
197 321
197 444
197 455
197 480
197 830
198 236
198 480
198 513
198 532
198 872
198 912
198 992
199 220
199 232
199 722
200 260
200 326
200 369
200 518
200 634
200 790
201 238
202 229
202 299
202 988
203 359
203 369
203 372
203 388
203 612
203 750
203 941
203 955
204 249
204 542
204 802
205 257
205 500
205 744
205 808
205 889
205 892
206 390
206 618
206 679
206 899
206 958
207 342
207 484
207 534
208 320
208 447
208 688
208 695
209 339
209 347
209 374
209 443
209 800
210 278
210 469
210 478
210 483
210 487
210 532
210 616
211 274
211 377
211 438
211 607
211 669
211 683
211 729
211 783
211 974
212 301
212 302
212 369
212 516
212 706
212 825
213 272
213 576
213 835
213 985
214 356
214 404
214 441
214 642
214 745
214 920
214 984
215 273
215 286
215 597
215 663
215 781
216 304
216 398
216 419
216 574
216 625
217 219
217 484
217 594
217 633
218 397
218 503
218 523
218 665
218 700
218 720
218 725
218 931
218 932
218 954
219 293
219 388
219 394
219 432
219 533
219 632
219 951
220 284
220 304
220 508
220 644
220 908
220 933
221 320
221 641
221 868
222 293
222 679
222 779
222 786
223 333
223 357
223 685
223 870
224 306
224 567
224 942
225 251
225 618
225 902
226 305
226 366
226 439
226 729
226 799
226 989
226 999
227 276
227 525
227 547
227 577
227 628
228 432
228 473
228 684
228 713
228 751
229 537
229 541
229 825
230 350
230 452
230 541
230 800
230 965
230 975
231 272
231 586
232 691
232 741
232 861
232 877
232 953
232 989
233 243
233 267
233 383
233 387
233 485
233 551
233 806
233 863
233 944
233 982
234 251
234 428
234 471
234 479
234 570
234 632
234 654
234 781
234 789
234 877
235 324
235 572
236 757
236 953
236 974
236 996
237 264
237 413
237 818
237 960
237 981
238 633
238 879
238 977
239 544
239 608
239 615
239 849
239 855
239 918
239 947
240 497
240 581
240 686
241 294
241 741
241 794
241 879
241 929
242 387
242 653
242 697
242 731
243 615
243 670
244 328
244 453
244 805
244 848
244 895
244 936
245 397
245 440
245 528
245 580
245 597
245 931
245 934
246 742
246 825
247 278
247 701
247 982
248 356
248 538
248 954
249 265
249 305
249 484
249 540
249 556
249 574
249 823
249 993
250 296
250 440
251 252
251 436
251 470
251 849
251 937
252 303
252 403
253 268
253 321
253 361
253 546
253 689
253 847
253 938
254 552
254 779
255 391
255 417
255 638
255 688
255 698
255 915
255 985
256 368
256 850
257 349
257 412
257 623
257 762
257 829
258 288
258 529
258 571
258 664
258 746
259 748
259 807
259 915
260 289
260 355
260 613
260 776
260 998
261 464
261 723
261 840
262 651
262 981
262 991
263 338
263 589
263 985
264 349
264 421
264 477
264 521
264 525
264 676
264 810
265 337
265 340
265 476
265 688
266 436
266 760
266 764
266 978
267 340
267 690
267 981
267 983
268 269
268 505
268 571
268 647
268 901
269 484
269 937
270 554
270 781
270 998
271 474
271 553
271 558
271 861
272 391
272 553
272 705
272 772
272 814
273 322
273 443
273 600
273 812
274 280
274 436
274 516
274 590
274 652
274 804
274 973
275 346
275 386
275 614
275 631
275 702
275 723
275 840
276 311
276 451
276 529
276 636
276 651
277 510
277 647
277 749
277 793
277 815
277 869
277 960
278 604
278 667
278 910
279 518
279 582
280 427
280 545
280 806
280 930
281 388
281 451
281 816
281 964
281 984
282 409
282 456
282 634
282 764
282 769
282 823
282 882
282 929
283 881
283 908
284 445
284 786
284 810
284 846
284 869
285 329
285 771
285 815
285 861
285 883
285 898
285 916
285 996
286 397
286 617
286 634
286 732
286 759
286 860
287 380
287 404
287 751
287 759
287 818
287 945
287 987
288 314
288 543
288 635
288 654
288 923
289 536
289 811
289 996
290 596
290 623
290 671
290 808
290 897
290 909
291 412
291 501
291 587
291 836
291 971
292 361
292 443
292 548
292 708
292 843
293 669
293 779
293 816
293 926
293 962
294 456
294 692
294 824
294 976
294 977
295 616
295 742
295 830
296 424
296 706
296 800
296 906
297 322
297 669
297 992
297 999
298 321
298 481
298 507
298 533
298 655
298 693
298 739
298 823
298 955
299 535
299 939
300 393
300 417
300 502
300 554
300 611
300 665
300 761
300 899
300 920
301 450
301 662
302 405
302 888
303 400
303 463
303 515
303 683
304 589
304 657
304 768
304 871
304 919
305 375
305 420
305 707
306 666
306 840
306 970
307 436
308 329
308 761
309 544
309 653
309 661
309 776
309 842
310 347
310 633
310 672
311 503
311 798
311 993
312 316
312 596
312 616
312 720
313 474
313 862
313 941
313 988
314 339
314 441
314 540
314 845
314 885
314 959
315 343
315 707
315 759
316 511
316 689
316 818
316 924
316 964
316 977
316 994
317 467
317 816
318 518
318 642
318 829
319 429
319 553
319 559
319 638
319 802
319 876
320 414
320 654
320 735
321 342
321 347
321 364
321 417
321 590
321 718
321 824
321 852
321 861
321 932
321 969
322 554
322 666
322 684
322 906
323 415
323 993
324 404
324 409
324 441
324 445
324 666
324 748
325 683
325 810
325 871
325 938
325 980
325 988
326 344
326 574
326 619
326 626
327 421
327 541
327 642
328 502
328 836
329 480
329 877
330 815
330 947
331 356
331 594
331 715
332 382
332 545
332 626
332 699
333 470
333 579
333 706
334 679
334 913
334 922
335 379
335 436
335 827
335 870
336 435
336 600
336 776
336 908
336 982
337 620
337 838
337 843
337 865
337 877
338 508
338 514
338 609
338 648
338 925
338 981
339 393
339 406
339 409
339 452
339 464
339 818
339 852
339 883
339 931
340 562
340 627
340 654
341 566
341 814
342 351
342 893
342 941
343 353
343 466
343 600
343 668
344 428
344 553
344 623
344 645
344 712
344 775
344 875
344 880
345 888
345 993
346 404
346 526
346 628
346 888
346 998
347 387
347 468
347 538
347 657
347 753
347 822
347 825
347 867
347 970
348 808
348 846
348 962
349 782
349 809
349 811
349 918
350 574
350 809
350 920
351 407
351 479
351 636
351 716
351 782
351 933
351 964
352 460
352 831
353 428
353 690
353 971
354 608
354 773
354 880
354 884
355 804
355 911
356 634
356 756
356 974
357 427
357 677
357 876
358 451
358 500
358 687
358 701
359 432
359 609
359 970
359 985
360 432
360 525
360 529
360 618
360 687
360 904
361 455
361 505
361 552
361 575
361 850
362 419
362 588
362 649
362 799
364 688
364 842
364 917
364 959
365 382
365 449
365 519
365 545
365 548
365 566
365 688
365 705
366 552
366 697
366 762
366 836
366 920
367 619
367 831
368 441
368 668
369 490
369 677
369 867
370 424
371 948
372 651
372 653
372 768
372 801
373 453
373 468
373 599
373 689
373 920
374 588
374 676
374 734
375 877
375 892
376 589
376 661
377 410
377 672
377 682
377 859
377 860
378 442
378 473
378 523
378 530
378 762
378 785
378 901
378 975
379 686
379 790
379 816
379 855
379 971
380 585
380 638
381 527
381 909
382 416
382 608
382 673
382 678
382 857
382 918
383 417
383 717
383 753
384 648
384 651
384 742
385 634
385 788
386 874
387 418
387 621
387 650
387 662
387 790
387 811
387 963
388 394
388 468
388 479
388 481
388 651
388 729
390 440
390 541
390 575
390 656
390 776
390 810
391 622
391 883
391 987
392 808
392 897
393 616
394 411
394 774
395 491
395 685
395 824
395 985
396 512
396 623
396 658
397 567
398 400
398 486
398 567
398 622
398 894
399 892
399 894
400 662
400 694
400 786
400 911
401 403
401 442
401 721
401 747
401 750
401 833
401 960
401 973
402 452
402 665
402 770
403 627
403 747
403 749
403 756
403 944
403 945
404 558
404 581
404 751
404 900
404 971
405 621
406 713
406 759
407 626
407 825
407 884
408 616
408 931
408 958
408 959
409 875
410 628
410 862
411 666
411 768
412 559
412 625
412 674
412 751
412 880
413 475
413 519
413 783
413 874
413 928
414 435
414 553
414 665
414 925
414 928
415 428
415 459
416 440
416 760
416 829
416 943
416 963
417 428
417 466
417 643
417 755
417 821
417 828
417 834
417 848
417 854
417 879
418 429
418 511
418 703
418 786
418 793
418 874
418 965
419 562
419 592
419 779
421 762
422 440
422 664
422 941
423 758
423 841
424 568
424 695
424 740
425 435
425 498
425 568
425 687
425 772
425 989
426 577
426 759
427 512
427 620
427 719
427 896
428 666
428 759
429 809
429 864
429 921
430 567
430 910
430 931
430 954
431 991
432 451
432 872
433 962
434 461
434 509
434 528
434 755
434 863
435 722
435 870
435 917
435 980
435 988
436 458
436 548
436 593
436 735
436 830
437 502
437 513
437 643
437 794
437 958
438 443
438 529
438 821
438 952
439 559
439 578
439 796
439 984
440 944
441 446
441 448
441 465
441 489
441 535
441 682
441 884
441 946
442 462
442 490
442 538
442 625
442 843
442 985
443 827
444 540
444 713
444 991
445 516
445 692
445 706
445 735
445 958
446 665
446 837
446 921
447 466
447 813
447 864
448 530
448 580
448 603
448 740
448 891
448 948
449 495
449 674
449 785
450 856
450 905
450 915
451 548
451 649
451 810
452 584
452 661
452 852
453 503
453 844
453 954
453 989
454 658
454 741
454 770
454 845
454 888
454 933
455 554
455 728
455 959
457 604
457 705
457 868
457 993
458 570
458 791
458 947
458 989
459 632
459 811
459 913
460 811
460 830
460 918
461 504
461 700
461 701
461 821
462 583
463 647
463 648
463 781
463 986
464 545
464 568
464 947
465 516
465 713
465 788
465 830
465 842
466 588
466 876
466 922
466 929
466 983
467 571
467 585
467 764
467 903
467 936
468 512
468 696
469 974
470 899
471 609
472 473
472 730
472 845
472 933
473 614
473 709
473 838
473 885
474 479
474 664
474 823
475 510
475 603
475 608
475 694
475 811
475 994
476 486
476 491
476 584
476 648
476 660
476 824
477 647
477 664
477 683
477 722
477 734
477 767
477 830
477 840
477 871
478 631
478 891
479 889
479 891
479 991
480 547
480 570
480 601
480 623
480 848
480 925
481 531
481 619
481 749
481 870
482 551
482 626
482 807
482 992
483 509
483 696
484 500
484 643
484 743
485 720
485 940
487 544
487 911
487 959
488 537
488 545
488 772
488 818
488 988
489 633
489 675
489 899
490 790
490 833
491 632
491 985
492 727
492 805
492 980
493 699
493 859
493 901
494 705
495 507
495 524
495 546
495 585
495 630
495 772
495 974
496 507
496 596
496 617
496 665
496 699
496 989
498 648
498 856
499 614
499 622
499 630
500 647
501 548
501 556
501 857
502 882
502 923
502 988
503 694
503 806
503 947
504 565
504 629
504 738
504 915
505 642
505 690
505 782
505 811
506 658
506 682
506 686
506 833
507 655
507 849
507 881
507 934
508 668
508 684
508 733
508 744
509 715
509 743
509 764
510 593
510 630
510 831
511 565
511 584
511 779
511 961
511 989
512 582
512 586
512 670
512 760
512 762
512 770
512 791
512 824
512 898
512 958
513 609
514 547
514 674
514 730
514 870
515 872
516 551
516 596
516 897
516 988
517 716
517 895
517 940
518 637
518 690
518 783
518 837
518 973
519 636
519 670
519 721
520 593
520 631
520 778
520 845
521 536
521 543
521 754
521 845
522 576
522 598
522 694
523 595
523 702
523 980
524 775
524 928
525 652
525 707
525 752
525 755
526 531
526 690
526 710
526 961
527 708
527 788
527 896
528 624
528 833
529 647
529 870
529 932
530 886
530 920
530 995
531 544
532 552
532 723
532 748
532 782
532 813
533 708
533 753
533 832
533 972
534 634
534 643
534 944
535 542
535 545
535 640
535 822
536 610
536 732
536 751
537 605
537 648
537 992
538 648
538 780
538 796
539 689
539 989
540 738
540 768
540 865
540 938
541 623
542 643
542 781
542 847
543 717
543 898
543 935
543 997
544 693
545 626
545 633
545 701
545 964
545 979
546 684
546 801
547 572
547 719
547 837
548 695
548 881
549 610
549 718
550 631
550 716
550 933
551 604
551 845
551 913
552 607
552 787
553 772
553 773
553 802
553 999
554 568
554 573
554 633
554 815
554 852
555 943
556 632
556 893
557 577
557 656
557 684
557 689
557 771
558 565
558 587
558 638
558 649
558 795
558 957
558 992
559 625
559 680
559 705
559 735
559 750
560 700
560 727
561 622
561 629
562 618
562 893
562 966
563 687
563 935
564 586
564 902
565 664
565 760
565 885
566 605
566 635
566 683
566 983
567 680
567 730
568 771
568 857
568 925
569 739
569 839
570 639
570 804
570 861
570 938
570 997
571 574
571 961
572 673
572 879
572 989
573 939
574 714
574 800
574 899
575 637
576 883
577 665
577 831
577 931
578 734
578 860
578 886
578 894
579 707
579 814
579 846
579 872
579 973
580 615
580 722
580 925
580 964
580 993
581 623
581 685
581 735
581 753
581 983
581 994
584 630
584 865
584 946
584 948
584 971
585 607
585 616
585 710
585 795
585 844
585 883
586 709
586 889
586 902
586 914
586 942
587 664
588 724
588 738
588 744
588 780
589 596
589 677
589 700
590 668
591 612
591 748
591 834
592 603
592 632
592 655
592 729
592 891
592 905
592 970
593 691
593 800
593 889
593 914
594 680
594 791
594 867
595 700
596 615
596 708
596 718
596 724
597 698
597 848
598 688
598 722
599 837
599 984
600 611
600 624
600 764
601 693
601 860
601 948
602 914
602 964
603 696
603 985
603 992
604 760
604 930
605 788
606 699
606 763
606 868
608 774
608 789
608 833
608 944
609 710
609 733
609 839
609 844
609 997
610 611
610 833
610 971
611 946
612 712
612 780
612 964
613 670
613 720
613 731
613 818
613 917
614 859
614 884
614 956
615 698
615 846
616 638
616 709
616 758
616 838
616 981
616 990
617 713
617 755
618 937
618 978
618 997
619 632
619 798
619 808
619 923
620 627
620 652
620 766
620 767
621 696
621 980
623 870
623 875
624 861
624 865
624 923
625 675
625 842
626 966
626 984
627 679
627 952
629 670
629 747
629 759
629 911
630 642
630 813
630 870
631 955
632 816
632 934
633 808
633 810
633 892
634 944
635 959
636 640
636 714
636 819
636 909
637 702
637 967
637 972
638 780
638 939
638 970
638 974
639 734
640 797
640 944
641 800
642 848
642 934
643 737
643 962
644 699
644 716
644 788
645 977
646 758
647 732
647 946
648 896
650 961
652 739
652 764
653 785
653 856
654 711
654 998
655 680
655 703
655 829
656 709
656 822
657 726
657 792
657 920
659 688
659 915
662 886
662 930
663 967
664 666
664 739
664 858
664 989
665 681
665 791
665 824
666 794
666 847
667 735
667 770
667 938
668 901
669 809
670 886
671 680
671 861
671 988
672 792
672 829
673 729
674 765
674 852
674 948
675 903
676 691
676 694
678 916
679 791
681 793
684 744
684 833
684 836
684 867
684 872
685 898
685 946
686 758
687 740
687 841
689 753
689 764
689 842
689 906
689 967
690 697
690 889
691 773
692 791
692 909
693 997
695 780
695 821
695 866
695 958
696 978
697 935
698 766
699 710
699 952
700 823
700 840
700 896
701 807
701 907
702 850
702 942
703 857
703 862
704 997
705 876
705 960
706 917
707 897
708 960
709 927
710 859
710 984
711 793
711 804
712 741
712 742
712 767
712 979
713 722
713 817
713 961
713 966
714 829
714 882
714 986
715 964
716 784
717 973
718 775
718 857
719 747
719 855
719 913
720 843
721 756
721 881
722 843
723 821
725 813
725 932
726 805
726 962
726 966
727 811
727 881
727 900
728 977
729 836
729 892
729 991
730 744
730 754
730 934
731 831
731 964
731 985
732 750
732 781
732 868
732 877
732 881
735 805
735 909
735 950
736 749
736 927
736 934
737 764
737 772
738 959
741 789
741 802
741 929
741 934
742 841
743 771
744 797
744 963
745 797
745 881
745 914
746 900
746 905
747 750
747 882
747 958
748 776
748 832
751 947
752 830
755 921
755 996
755 997
757 798
757 814
757 818
759 785
759 961
759 993
760 829
760 988
761 825
763 811
763 934
764 933
764 992
766 804
766 899
766 923
768 866
769 811
769 913
769 950
769 955
769 980
770 874
770 947
771 885
771 966
772 921
772 936
774 934
774 946
774 972
776 907
777 859
777 991
778 940
778 999
783 907
784 936
784 999
785 853
785 914
785 944
786 962
787 974
787 984
789 996
791 839
791 871
791 874
791 933
791 987
793 975
793 979
795 843
795 884
796 843
796 909
796 925
796 960
797 944
797 956
798 971
801 820
802 971
804 931
805 862
805 905
805 949
807 951
807 968
809 860
809 870
811 903
811 954
812 907
812 949
813 847
814 835
818 826
818 944
818 963
818 981
820 992
821 834
821 848
821 869
823 831
823 848
825 878
825 887
826 915
826 927
828 917
829 997
830 922
832 840
832 906
833 960
834 915
834 996
835 850
835 941
836 992
838 993
840 892
841 882
843 867
843 877
843 975
845 882
845 911
845 992
846 864
846 944
848 956
849 925
851 958
851 983
852 909
853 868
855 885
856 955
857 873
858 885
858 900
858 993
859 990
860 916
860 945
860 992
862 919
862 949
863 998
865 880
868 959
869 972
870 986
871 972
872 884
872 974
874 933
874 972
875 901
876 923
877 962
878 974
879 991
886 987
888 963
888 979
888 993
889 980
889 996
890 923
891 951
892 899
894 961
898 946
899 937
899 951
900 902
902 906
902 995
903 913
903 917
907 932
911 966
912 923
914 967
915 962
916 991
917 919
917 927
917 951
920 977
925 953
926 964
928 942
932 934
933 941
934 997
936 972
942 960
943 980
943 988
947 980
948 988
958 988
961 982
965 984
966 978
967 973
983 986
985 991
988 995
