0 69
0 611
0 652
0 775
0 809
0 824
1 323
1 398
1 418
1 426
1 435
1 437
1 562
1 593
1 623
1 875
2 156
2 255
2 335
2 337
2 658
2 747
3 158
3 384
3 412
3 482
4 10
4 40
4 141
4 279
4 432
4 753
4 782
4 835
4 894
5 173
5 221
5 409
5 439
5 707
5 757
6 210
6 256
6 656
6 837
6 964
7 219
7 237
7 242
7 300
7 630
7 738
7 844
7 960
7 997
8 39
8 41
8 915
8 929
9 129
9 211
9 227
9 444
9 455
9 539
9 617
9 770
9 881
9 982
10 83
10 299
10 316
10 329
10 622
10 940
10 948
10 971
11 22
11 217
11 262
11 348
11 523
11 617
11 970
12 243
12 305
12 335
12 408
12 522
12 637
12 716
13 104
13 373
13 446
13 817
13 980
13 995
14 189
14 370
14 650
14 674
14 904
15 48
15 166
15 224
15 264
15 471
15 723
15 860
16 470
16 624
16 912
17 539
17 623
17 694
17 729
17 836
18 488
18 499
18 586
18 595
18 792
18 802
18 948
19 122
19 206
19 217
19 368
19 601
19 643
19 672
19 891
19 922
20 143
20 313
20 459
20 619
20 676
20 742
20 840
20 849
20 975
21 205
21 270
21 562
21 631
21 675
22 277
22 379
22 563
22 709
22 717
22 794
23 242
23 510
23 969
24 169
24 181
24 226
24 316
24 585
24 894
24 957
25 63
25 136
25 298
25 740
25 814
26 80
26 444
26 463
26 933
27 377
27 382
27 673
27 685
27 822
27 900
28 29
28 123
28 400
28 474
28 645
28 886
29 171
29 282
29 386
29 736
29 961
30 62
30 141
30 200
30 452
30 468
30 519
30 561
30 594
30 656
30 862
30 886
31 54
31 243
31 620
31 901
32 99
32 103
32 201
32 242
32 595
32 756
32 858
33 62
33 147
33 252
33 484
33 506
33 753
33 832
33 873
34 51
34 109
34 203
34 337
34 475
34 660
34 868
35 41
35 165
35 203
35 393
35 513
35 595
35 648
35 972
36 92
36 117
36 145
36 479
36 944
37 42
37 130
37 192
37 355
37 543
38 47
38 242
38 449
38 855
38 914
39 164
39 311
39 329
39 431
39 562
39 622
39 689
39 805
39 809
39 941
40 102
40 295
40 386
40 429
40 737
40 856
41 171
41 477
41 542
41 658
41 887
41 900
41 972
42 52
42 172
42 329
42 346
42 382
42 860
42 996
43 408
43 563
43 886
43 987
44 50
44 412
44 544
44 607
44 790
44 871
45 76
45 558
45 568
45 636
45 894
45 971
46 232
46 586
46 762
46 828
47 120
47 191
47 210
47 411
47 477
47 783
47 887
47 915
48 182
48 201
48 405
48 478
48 512
49 468
49 491
49 625
49 636
49 641
49 788
49 910
50 130
50 415
50 475
50 562
50 711
50 771
50 830
50 918
50 959
51 198
51 199
51 375
51 579
51 655
51 895
51 985
52 63
52 741
53 190
53 194
53 233
53 235
53 456
53 754
53 791
54 59
54 118
54 129
54 287
54 315
54 528
54 997
55 360
55 593
55 961
56 333
56 348
56 355
56 359
56 856
56 921
56 968
57 363
57 365
57 374
57 570
57 684
58 295
58 846
59 539
59 752
59 775
59 974
60 749
60 870
60 919
60 981
61 146
61 346
61 347
61 511
61 674
61 678
61 778
61 844
61 910
62 182
62 183
62 393
62 420
62 681
63 185
63 264
63 457
63 477
63 534
63 811
64 555
65 101
65 239
65 356
65 432
65 703
65 771
65 882
65 913
66 72
66 123
66 124
66 321
66 492
66 646
66 773
66 856
66 988
67 174
67 507
67 633
67 781
67 906
68 200
68 256
68 260
68 274
68 437
68 479
68 525
68 592
68 668
68 842
68 882
68 892
69 429
69 511
70 371
70 482
70 550
70 801
71 100
71 115
71 688
71 829
72 120
72 167
72 219
72 407
72 554
72 668
72 709
73 95
73 289
73 644
73 656
73 751
73 949
73 986
74 449
74 547
74 579
74 671
74 746
74 882
74 947
75 149
75 306
75 565
75 626
75 793
75 928
76 206
76 452
76 483
76 806
76 959
77 91
77 135
77 181
77 475
77 842
78 399
78 486
78 550
78 582
78 835
79 262
79 698
79 716
79 800
79 808
79 861
79 996
80 204
80 275
80 501
80 635
80 852
80 875
80 935
81 88
81 156
81 372
81 405
81 478
81 792
81 875
81 878
82 127
82 195
82 366
82 397
82 505
82 909
82 923
82 946
83 169
83 202
83 637
84 211
84 277
84 336
84 414
84 456
84 659
84 944
85 338
85 457
85 954
86 230
86 275
86 374
86 407
86 499
86 597
86 601
86 809
87 378
87 453
87 517
87 548
87 637
87 984
88 352
88 928
89 96
89 106
89 245
89 313
89 372
89 413
89 610
89 660
89 686
89 748
89 888
89 951
90 129
90 146
90 284
90 387
90 462
91 484
91 571
91 675
91 688
91 704
92 128
92 404
92 661
93 224
93 326
93 441
93 522
93 681
93 705
93 793
94 125
94 284
94 602
94 783
95 103
95 448
95 452
95 525
95 589
95 667
95 722
95 796
95 976
96 131
96 745
96 936
97 613
97 881
97 919
97 984
98 273
98 276
98 411
98 412
98 977
99 421
100 137
100 271
100 351
100 456
100 600
101 198
101 968
102 223
102 384
102 441
102 491
102 717
102 904
103 496
103 512
103 515
103 577
103 634
103 787
103 797
103 929
104 845
104 886
104 914
105 330
105 663
105 750
105 992
106 127
106 153
106 191
106 213
106 398
106 479
106 590
106 904
107 405
107 850
108 210
108 341
108 454
108 650
108 676
108 709
108 989
109 294
109 434
109 537
109 600
110 162
110 712
110 727
110 768
111 301
111 399
111 459
111 754
111 785
111 927
111 959
112 191
112 361
112 496
113 169
113 290
113 558
113 700
113 703
113 706
113 891
114 208
114 363
114 471
114 665
114 857
115 124
115 265
115 290
115 322
115 450
115 536
115 546
115 620
115 637
115 661
116 204
116 261
116 373
116 488
116 502
116 564
116 622
116 761
117 122
117 161
117 307
117 636
117 822
118 404
118 805
119 309
119 704
119 952
120 260
120 502
120 720
120 844
120 881
120 931
121 475
121 662
121 806
121 854
121 923
122 168
122 180
122 282
122 805
122 811
122 977
123 348
123 438
123 577
123 606
123 696
123 747
123 920
124 126
124 318
124 485
124 533
124 873
125 199
125 239
125 341
125 663
125 991
126 661
126 676
126 693
126 815
126 983
126 993
127 279
127 398
127 478
127 493
127 656
127 968
127 996
128 339
128 469
128 713
128 792
128 835
129 196
129 223
129 322
129 431
129 683
129 749
129 984
130 303
130 406
130 441
130 491
130 973
131 276
131 541
132 195
132 305
132 338
132 571
132 664
132 780
133 316
133 331
133 695
133 892
134 208
134 237
134 551
134 673
134 983
135 157
135 189
135 352
135 430
135 529
135 558
135 614
135 628
136 140
136 170
136 173
136 221
136 281
136 387
136 735
136 848
136 900
137 174
137 311
137 543
137 865
138 151
138 535
138 771
138 828
139 723
139 921
140 200
140 285
140 478
140 577
140 584
140 664
140 760
140 841
140 874
140 980
141 501
141 882
141 889
141 913
141 940
141 965
142 302
142 538
142 737
143 173
143 232
143 560
143 711
143 819
143 900
143 958
144 153
144 180
144 394
144 618
144 790
145 328
145 453
145 633
145 670
145 971
146 510
146 561
146 670
146 737
147 200
147 217
147 280
147 394
147 795
148 853
148 854
148 859
148 875
149 370
149 395
149 691
149 739
149 843
149 850
150 276
150 608
150 873
150 993
151 271
151 326
151 551
151 695
151 726
151 996
152 347
152 391
152 863
152 865
152 950
153 405
153 574
153 797
153 954
154 174
154 721
154 953
155 174
155 470
155 633
155 670
155 702
155 765
155 785
155 966
156 170
156 205
156 737
157 387
157 802
157 830
157 875
157 934
157 984
158 545
158 636
158 728
158 798
159 221
159 304
159 521
159 540
159 605
160 221
160 514
160 613
160 796
160 872
161 328
161 372
161 435
161 483
161 881
162 163
162 291
162 354
162 418
162 890
162 915
163 352
163 892
164 166
164 224
164 521
164 539
164 645
165 377
165 442
165 522
165 638
165 785
166 250
166 285
166 350
166 431
166 697
166 747
167 278
167 779
168 182
168 345
168 768
168 996
169 467
169 618
169 656
169 685
170 266
170 322
170 595
170 804
171 206
171 217
171 296
171 308
171 463
172 199
172 367
172 510
173 485
173 509
173 513
173 528
173 773
173 855
174 335
174 554
174 700
174 932
174 964
175 385
175 410
175 424
175 682
176 238
176 274
176 738
176 969
177 504
177 686
177 960
178 184
178 185
178 506
178 582
178 919
178 987
178 990
179 184
179 366
179 747
180 379
180 754
181 211
181 328
181 715
181 734
181 909
182 376
182 730
182 739
182 825
182 876
182 885
183 461
183 760
184 340
184 370
184 560
184 816
184 840
184 974
185 712
185 740
185 744
185 885
186 286
186 317
186 378
186 425
186 520
186 629
186 639
186 849
186 964
186 999
187 332
187 338
187 486
187 501
187 970
188 280
188 344
188 701
188 850
189 241
189 326
189 360
189 460
189 577
189 683
189 904
189 962
189 965
190 210
190 984
191 375
191 430
191 510
191 784
192 227
192 251
192 302
192 488
192 948
193 229
193 292
193 365
193 584
193 621
193 708
194 494
195 252
195 625
195 810
195 964
196 206
196 210
196 397
196 459
196 601
196 835
197 236
197 307
197 322
197 965
198 254
198 300
198 514
198 549
198 810
199 320
199 348
199 351
199 559
199 607
199 619
199 756
200 288
200 348
200 482
200 492
200 505
200 592
200 744
200 803
200 913
200 963
200 966
201 375
201 543
201 772
201 873
201 896
201 942
202 422
202 431
202 434
202 691
202 713
203 645
203 841
203 924
203 945
204 328
204 353
204 408
204 536
204 655
204 684
204 733
205 321
205 401
205 477
205 866
205 957
205 980
205 998
206 840
207 714
207 889
207 913
207 920
207 996
208 221
208 309
208 353
208 586
208 732
208 754
208 876
208 887
209 225
209 868
209 912
210 345
210 527
210 774
210 849
211 429
211 471
211 472
211 604
211 633
211 816
211 854
212 274
212 469
212 653
212 880
212 992
213 530
213 681
213 746
213 761
213 911
214 286
214 622
214 777
214 895
215 233
215 290
215 349
215 434
215 492
215 766
216 261
216 302
216 328
216 991
217 261
217 540
217 560
217 712
217 810
217 849
217 993
218 236
218 602
218 605
218 774
218 985
219 725
219 816
219 856
219 947
220 583
220 648
220 771
220 814
221 259
221 496
221 545
221 630
221 640
221 690
221 768
221 869
221 916
221 921
221 969
222 261
222 316
222 658
222 798
222 956
222 993
223 502
223 542
223 613
224 286
224 429
224 543
225 697
226 273
226 548
226 705
226 896
227 412
227 603
227 632
228 585
228 600
228 915
228 972
229 289
229 414
229 641
230 370
230 652
230 964
231 349
231 356
231 673
231 900
231 975
232 291
232 380
233 519
233 842
233 893
234 520
234 852
234 976
235 447
235 775
235 822
235 827
235 855
236 624
236 726
236 731
237 344
237 409
238 337
238 594
238 614
238 658
238 671
238 674
238 688
238 732
238 858
238 984
238 997
239 340
239 383
239 513
239 592
239 818
240 400
240 684
240 734
240 790
240 805
240 820
241 243
241 253
241 255
242 329
242 564
242 748
242 913
243 413
243 497
243 531
243 809
243 884
244 413
244 427
244 433
244 718
244 751
245 609
245 746
245 833
246 315
246 368
246 415
246 424
246 828
246 918
246 960
247 369
247 629
247 700
247 715
247 885
247 911
248 387
248 581
248 812
249 349
249 363
249 399
249 725
249 881
250 288
250 451
250 462
250 664
251 329
251 408
251 610
251 817
251 851
252 324
252 489
252 494
252 644
252 792
252 900
252 906
252 931
253 513
253 977
254 271
254 492
254 545
254 743
255 362
255 529
255 660
255 752
255 797
255 903
255 906
256 380
256 409
256 461
256 699
256 893
256 985
257 377
257 761
258 945
259 399
259 505
259 969
260 266
260 270
260 416
260 468
260 490
260 600
261 448
261 463
261 859
261 866
261 884
262 273
262 358
262 451
262 476
262 616
262 904
263 322
263 448
263 525
263 623
263 663
263 820
263 842
264 346
264 377
264 399
264 515
265 621
265 658
265 676
265 694
265 779
266 379
266 577
267 391
267 554
267 571
267 659
268 389
268 596
268 646
268 958
269 522
269 685
269 910
269 959
270 748
270 980
271 345
271 364
271 512
271 516
272 459
272 585
272 736
272 816
272 843
272 865
273 361
273 620
273 756
274 291
274 619
274 770
274 838
274 982
275 313
275 750
275 925
276 289
276 457
276 503
276 767
277 405
277 503
277 506
277 547
277 863
278 456
278 524
278 566
278 624
278 648
278 666
278 724
278 788
278 969
279 527
279 595
279 803
279 979
280 586
280 713
280 801
280 834
280 907
281 303
281 641
281 740
281 812
282 355
282 453
282 794
282 831
282 876
283 291
283 353
283 404
283 468
283 867
283 918
284 498
284 561
284 708
285 390
285 517
285 551
285 801
286 292
286 308
286 394
286 487
286 513
286 782
286 845
286 856
286 886
286 915
287 375
287 471
287 916
287 956
287 959
287 978
288 715
288 970
289 630
289 941
290 345
290 351
290 525
290 820
290 880
290 950
291 303
291 324
291 558
291 617
291 847
291 948
292 443
293 513
293 544
293 747
293 946
294 301
294 453
294 482
294 617
295 329
295 385
295 396
295 722
295 996
296 335
296 473
296 503
296 809
297 475
297 527
297 910
298 320
298 328
298 460
298 536
299 407
299 415
299 594
299 767
299 817
299 905
299 937
300 733
300 735
300 841
300 992
301 341
301 359
301 678
301 959
302 660
302 768
302 813
302 945
302 982
303 591
304 537
304 566
304 852
304 930
305 700
305 714
305 765
305 939
306 386
306 731
306 915
307 366
307 419
307 423
307 716
307 937
308 334
308 421
308 482
308 616
308 737
308 974
308 989
309 477
309 596
309 780
309 883
310 411
310 460
310 576
310 627
310 675
310 787
310 830
311 643
311 953
311 961
312 331
312 476
312 521
312 578
312 660
313 408
313 637
313 669
314 342
314 653
314 770
314 871
314 960
314 998
315 351
315 654
316 351
316 388
316 508
316 757
316 852
316 896
316 958
317 650
318 505
318 627
318 656
318 709
318 805
318 840
319 576
319 581
319 715
319 947
320 713
321 414
321 554
321 647
321 794
322 333
322 417
322 689
322 733
322 956
323 390
323 471
323 628
323 819
324 415
324 469
324 535
324 558
324 790
324 800
324 821
324 841
325 362
325 370
325 393
325 625
325 768
325 927
325 950
326 426
326 554
326 591
326 608
326 643
326 905
327 585
327 632
327 801
328 664
328 679
328 929
329 848
329 971
330 530
330 882
331 337
331 338
331 341
331 374
331 529
331 533
331 887
332 445
332 698
332 992
333 642
333 681
333 690
333 762
333 873
334 437
334 639
334 683
334 817
335 363
335 559
335 643
335 729
336 584
336 596
336 628
336 699
336 709
336 819
336 974
337 406
337 460
337 775
338 677
338 783
338 802
339 398
339 496
339 578
339 584
339 672
340 419
340 500
340 785
340 937
341 486
341 495
341 613
341 659
341 794
341 896
342 417
342 445
342 748
342 819
343 479
343 908
343 912
343 915
343 946
343 963
344 418
344 628
344 668
345 394
345 494
345 956
345 957
346 431
346 492
346 645
346 802
346 820
346 933
347 558
347 778
348 717
348 734
348 762
349 435
349 438
349 536
349 562
349 672
349 908
350 397
351 398
351 433
351 435
351 442
351 688
351 906
352 357
352 361
352 650
352 728
352 841
353 574
353 609
353 882
354 409
354 500
354 765
354 829
355 625
355 714
355 735
355 839
356 361
356 466
356 522
356 525
356 670
356 771
356 980
357 416
357 518
357 571
357 726
358 605
358 719
359 618
359 690
359 769
359 908
359 913
360 474
360 751
360 768
360 867
360 909
361 441
361 459
361 560
361 879
361 939
362 897
362 919
362 936
363 456
363 638
363 991
364 582
364 597
364 612
364 652
364 868
364 909
365 591
365 659
365 805
366 903
367 414
367 622
367 635
368 590
368 725
369 939
370 416
370 429
370 476
370 529
370 569
370 810
370 915
370 955
371 807
371 992
371 996
372 615
372 846
373 389
373 434
373 458
373 539
373 939
374 618
374 640
374 644
375 473
375 518
375 710
375 789
375 821
376 423
376 510
376 548
377 516
377 577
378 745
378 979
379 471
379 521
379 688
379 882
379 943
380 389
380 747
380 775
380 928
381 477
381 545
381 706
381 795
382 455
382 463
382 630
382 716
382 721
382 814
382 821
382 835
383 786
383 811
383 823
383 869
384 445
384 596
384 597
384 726
384 742
385 446
385 465
385 490
385 597
385 640
385 779
386 453
386 787
388 584
388 670
389 730
389 766
389 958
390 583
390 786
391 890
392 629
392 698
392 711
392 713
392 827
392 892
393 401
393 840
394 459
394 695
394 782
395 427
395 575
395 869
396 732
396 842
396 890
397 522
397 533
397 562
398 456
398 669
398 798
399 409
399 442
399 637
399 747
400 482
400 561
400 897
400 949
401 455
401 464
401 540
401 551
401 563
401 738
402 436
402 766
402 823
402 982
402 999
403 638
403 971
404 480
405 542
405 880
405 932
405 990
406 436
406 489
406 563
406 714
407 595
407 681
407 721
408 656
409 439
410 567
410 803
411 474
411 711
412 540
412 777
412 916
413 421
413 434
413 443
413 530
413 614
413 618
413 648
413 726
413 778
414 420
414 462
414 556
414 761
414 764
414 804
415 701
415 992
416 878
416 948
417 483
417 580
417 652
417 821
417 894
418 507
418 626
419 539
419 668
419 824
419 832
420 464
420 790
420 896
421 587
421 837
421 896
421 913
422 478
422 588
422 643
422 669
422 818
422 832
422 882
422 986
423 495
423 736
423 778
423 867
424 919
424 931
425 478
425 654
426 516
426 533
426 624
426 719
426 787
427 431
427 508
427 766
427 835
427 901
428 499
428 522
428 537
428 586
428 786
428 835
429 791
430 793
431 902
432 473
432 609
432 624
432 774
432 778
432 801
432 887
433 439
433 512
433 737
433 856
434 527
434 718
434 990
436 533
436 621
436 677
436 714
436 756
436 943
436 970
437 674
438 488
438 725
438 778
439 603
439 691
439 909
439 940
440 455
441 452
441 454
441 516
441 938
442 565
442 733
442 780
442 920
443 501
443 590
443 701
443 978
444 709
444 937
445 474
445 565
445 958
446 469
446 486
446 500
446 510
446 672
447 976
448 645
448 789
448 811
449 821
450 493
450 620
450 639
450 674
450 864
450 878
451 600
451 617
452 644
452 653
452 786
452 942
452 978
453 459
453 850
453 966
454 565
454 804
454 838
454 860
455 672
455 799
455 865
455 958
457 813
458 854
458 874
458 913
459 546
459 732
459 815
459 911
459 942
459 977
460 464
461 604
461 759
461 806
462 530
462 554
463 541
463 561
463 779
463 863
463 925
463 978
464 651
464 905
464 910
465 583
465 671
466 592
466 756
466 809
466 839
466 845
467 484
467 742
467 978
467 987
468 574
468 862
468 991
469 544
469 612
469 740
469 878
470 988
471 477
471 625
471 687
472 624
472 627
472 963
473 506
474 517
474 583
474 765
474 769
474 796
474 823
474 935
474 939
475 477
475 490
475 775
475 809
475 813
476 979
477 534
477 909
478 651
478 876
478 892
478 895
479 840
479 889
480 600
480 676
480 750
480 877
481 592
481 713
481 754
481 950
482 603
482 698
483 501
483 591
483 678
483 903
483 994
484 631
484 656
484 734
485 895
486 545
486 799
486 954
487 604
487 668
487 931
487 951
488 571
488 656
488 754
488 758
488 782
488 870
489 731
489 734
490 627
490 950
491 506
491 705
491 758
492 552
492 566
492 652
492 723
492 976
493 622
493 771
493 939
495 626
495 665
495 780
495 912
497 618
497 761
497 923
498 584
498 655
498 899
498 943
499 850
500 967
501 521
501 540
501 840
501 876
501 880
501 887
502 565
502 811
502 812
503 554
503 713
504 702
505 591
505 617
505 662
505 797
505 829
505 914
506 893
506 987
507 512
507 844
509 532
509 662
509 820
510 565
510 727
510 834
511 572
511 702
511 988
512 578
512 680
512 794
513 757
513 909
513 965
514 595
515 529
515 664
515 719
515 720
515 829
515 932
515 958
516 637
516 938
517 539
517 593
517 918
518 599
518 622
518 777
519 749
519 859
519 882
519 897
519 900
520 757
520 996
521 624
522 845
522 912
523 553
523 745
523 818
523 885
523 904
523 988
524 715
524 835
524 862
525 682
525 936
526 663
526 727
526 978
527 885
528 641
528 662
528 847
528 984
529 901
529 921
530 661
531 603
531 760
531 882
533 750
533 959
535 617
535 701
535 725
536 690
536 712
536 999
537 552
537 629
537 986
538 736
538 773
538 874
539 817
539 964
540 557
540 598
540 606
540 612
540 752
541 631
541 901
541 907
541 963
541 977
542 546
542 770
543 593
543 675
543 714
544 569
544 643
544 650
544 976
544 996
545 552
545 804
545 846
546 701
546 878
546 969
546 995
547 571
547 585
547 718
547 724
548 657
548 938
548 980
549 649
549 691
549 819
549 926
549 948
550 932
551 795
551 943
553 642
553 698
553 715
553 754
553 760
553 783
553 899
554 971
556 622
556 686
556 764
556 847
557 560
557 635
557 666
557 786
558 613
558 898
559 694
559 994
560 706
561 956
562 647
562 801
562 857
563 612
563 615
563 700
563 755
563 813
563 927
563 962
564 650
564 705
566 608
566 740
566 828
566 940
567 662
567 748
568 677
568 996
569 706
569 852
569 962
570 709
570 900
570 997
571 649
572 599
572 606
572 954
573 838
574 914
575 914
576 727
578 614
578 883
579 583
579 774
579 877
579 892
579 902
579 920
579 976
580 794
581 659
581 715
581 915
582 720
582 784
583 700
583 732
583 773
583 832
583 986
584 724
584 815
584 880
585 807
586 738
586 755
586 757
586 900
586 902
587 897
587 931
588 695
588 947
589 733
590 635
591 725
592 594
592 633
592 876
592 877
593 830
593 930
595 626
595 685
595 771
595 799
595 912
596 715
596 835
596 907
597 789
597 833
598 606
598 664
598 744
598 813
598 895
598 904
599 694
599 783
599 981
600 840
601 670
601 999
602 670
602 891
603 704
603 884
603 930
606 881
607 862
607 866
607 910
608 711
609 619
609 631
609 726
610 680
611 675
612 663
612 700
612 802
613 741
613 879
614 619
615 757
616 753
616 903
617 786
617 862
617 940
618 629
618 692
618 822
618 824
618 961
619 636
619 802
619 984
620 723
620 875
620 902
620 923
622 802
622 870
623 728
626 660
626 740
626 861
627 659
627 804
628 749
628 935
629 799
629 871
630 780
631 691
631 787
631 909
632 638
632 714
632 783
632 943
632 962
632 971
633 874
634 850
634 861
634 927
634 943
634 950
635 679
635 750
636 762
637 822
637 954
638 829
638 864
639 838
639 929
640 708
640 718
641 667
642 842
643 733
643 830
643 888
644 859
644 901
645 923
646 916
647 776
648 685
648 760
649 661
649 915
649 961
649 973
650 753
650 778
650 826
650 988
651 698
651 728
651 781
651 792
651 868
651 889
652 725
652 938
653 767
654 671
654 765
654 881
654 897
654 943
656 753
656 974
657 683
657 775
658 794
658 816
659 840
659 859
659 952
660 670
660 778
660 914
661 855
662 704
664 949
664 998
665 878
666 711
667 919
667 959
667 961
668 749
668 908
669 706
669 804
670 696
670 738
670 981
670 988
671 815
671 897
671 977
672 686
672 951
673 695
674 710
674 765
674 897
674 978
675 792
675 856
675 926
676 762
676 863
677 888
678 790
678 948
679 889
680 801
680 808
680 964
680 988
681 811
681 951
682 999
683 784
685 876
686 710
686 811
686 870
687 717
687 956
688 805
689 876
690 810
691 716
691 743
691 810
691 848
692 961
693 779
695 763
695 938
695 976
696 726
696 854
696 896
697 886
697 919
697 961
698 747
699 814
700 910
700 952
700 964
701 926
701 993
702 824
702 927
703 785
703 820
703 872
704 946
706 746
706 750
706 819
706 884
706 949
706 962
707 833
707 910
707 941
707 999
708 719
708 840
711 983
712 809
712 875
712 921
712 946
712 948
713 899
713 937
713 946
714 750
715 981
716 762
716 777
716 810
717 785
717 822
717 849
718 784
718 807
718 844
718 898
722 937
725 748
725 819
725 868
726 924
728 780
728 786
728 806
729 923
731 896
731 922
733 736
733 854
734 758
734 850
735 941
736 809
736 835
736 868
736 946
737 744
737 951
738 816
738 853
739 806
741 765
741 892
743 971
744 789
744 939
745 866
745 867
746 817
746 961
746 966
747 898
748 957
748 981
749 853
750 751
750 793
751 888
752 843
752 971
753 792
754 806
755 876
755 990
756 822
756 889
756 891
756 919
757 784
757 903
758 796
758 860
759 906
760 941
760 947
761 777
761 821
761 921
761 922
762 926
767 806
767 809
768 804
768 830
769 786
769 938
770 947
772 871
774 802
775 802
775 943
776 937
777 882
778 849
778 888
780 800
781 832
781 878
781 885
781 911
785 877
786 922
786 963
787 907
787 948
787 956
789 969
790 798
790 940
790 998
791 842
791 950
792 856
792 857
793 910
794 899
794 906
796 803
796 816
796 959
796 981
797 833
797 917
797 929
798 922
798 994
799 848
799 912
799 963
800 850
800 986
801 808
801 822
803 817
804 848
805 813
805 887
806 991
807 813
809 812
809 936
810 884
812 980
813 998
814 833
814 981
815 926
816 824
816 836
817 935
817 946
817 995
819 913
820 941
821 953
822 888
824 880
825 914
826 881
826 950
827 941
828 925
828 969
828 992
830 922
834 862
834 928
835 873
836 899
836 915
836 927
836 989
838 862
842 915
845 906
845 948
848 929
848 973
849 916
849 980
850 948
852 888
852 936
852 990
853 911
853 962
854 877
854 951
855 873
856 987
858 924
858 978
860 920
861 959
863 928
864 949
864 955
866 917
866 942
867 911
867 972
868 879
870 920
870 933
871 994
871 999
872 918
873 882
873 961
874 936
874 969
875 878
875 919
875 922
878 971
881 922
881 997
884 958
886 999
887 976
888 991
889 951
889 975
889 983
891 954
897 933
899 972
900 984
901 921
905 907
909 934
910 913
916 956
916 959
918 952
923 935
929 937
931 941
933 970
933 986
940 997
941 942
942 990
943 957
943 960
944 974
945 958
945 969
948 972
949 959
951 967
955 973
961 967
966 999
975 982
979 991
980 999
989 996
