0 198
0 423
0 593
0 751
1 99
1 116
1 276
1 308
1 373
1 750
1 972
2 413
2 433
2 500
2 924
3 192
3 297
3 364
3 603
3 627
3 851
4 15
4 155
4 844
5 80
5 133
5 135
5 520
5 720
5 815
6 175
6 196
6 407
6 425
6 474
6 499
6 999
7 175
7 219
7 347
7 362
7 725
7 782
7 920
8 405
8 684
8 763
9 329
9 485
9 489
9 869
9 914
9 943
10 17
10 50
10 228
10 321
10 349
10 435
10 472
10 477
10 545
10 661
10 722
10 826
11 332
11 364
11 576
11 610
12 41
12 176
12 346
12 736
12 838
12 874
13 64
13 67
13 72
13 276
13 319
13 422
13 609
14 88
14 228
14 385
14 612
15 207
15 247
15 435
15 458
15 464
15 679
15 860
15 931
15 966
15 976
16 113
16 649
16 803
16 889
16 939
16 947
17 655
17 698
18 212
18 313
18 800
18 904
18 931
19 350
19 384
19 456
19 494
20 313
20 411
20 792
21 71
21 464
21 530
21 949
22 135
22 246
22 460
22 923
23 413
23 466
23 608
23 649
23 950
24 77
24 447
24 978
24 987
25 186
25 334
25 477
25 636
25 740
25 748
25 922
26 187
26 213
26 364
26 460
26 508
26 794
27 71
27 214
27 245
27 286
27 327
27 689
27 711
27 768
27 775
27 870
27 990
28 269
28 290
28 987
29 208
29 235
29 253
29 534
29 670
29 736
29 975
30 144
30 189
30 517
31 65
31 199
31 608
31 626
31 661
31 675
31 819
32 54
32 90
32 180
32 474
32 475
32 556
32 664
32 735
32 784
32 856
32 914
33 281
33 741
33 817
34 173
34 301
34 622
34 768
34 900
35 808
35 959
36 208
36 213
36 511
36 553
36 852
37 180
37 397
37 686
37 900
38 261
38 277
38 341
38 364
38 401
38 424
38 483
38 491
38 606
38 714
38 775
38 810
39 852
39 918
39 984
40 241
40 291
40 505
40 544
40 753
40 936
41 247
41 255
41 263
41 594
41 607
41 697
42 113
42 303
43 85
43 278
43 302
43 402
43 502
43 898
44 289
44 327
44 335
44 387
44 391
44 446
44 491
44 572
45 193
45 232
45 469
45 558
45 634
45 652
45 967
45 979
46 155
46 271
46 475
46 567
46 676
46 791
47 132
47 467
47 588
47 993
48 178
48 196
48 599
48 763
48 960
48 995
49 426
49 474
49 722
49 925
50 206
50 340
50 563
50 685
50 698
51 291
51 485
51 491
51 686
51 885
52 140
52 272
52 302
52 377
52 571
52 734
52 934
53 59
53 137
53 442
53 752
54 250
54 525
54 582
54 790
54 905
54 917
54 971
54 983
55 364
55 498
55 580
55 782
56 63
56 174
56 339
56 398
56 502
56 741
57 111
57 153
57 164
57 570
57 676
57 866
58 59
58 69
58 158
58 749
58 764
59 80
59 218
59 832
59 852
59 863
60 94
60 183
60 218
60 242
60 526
60 702
60 705
61 67
61 492
61 816
61 996
62 73
62 395
62 455
62 560
62 665
62 875
63 192
63 233
63 376
63 598
63 937
63 984
64 144
64 798
64 805
64 885
65 340
65 494
65 644
65 666
65 845
65 871
65 874
66 413
67 206
67 404
67 914
68 243
68 353
68 746
68 931
69 151
69 396
69 475
70 208
70 427
70 552
70 591
71 121
71 456
71 667
71 808
71 906
72 174
72 506
72 947
72 995
73 244
73 477
73 512
73 589
73 767
73 919
74 130
74 475
74 511
74 568
74 600
74 680
74 737
75 161
75 236
75 638
75 850
75 959
76 162
76 256
76 296
76 312
76 494
76 984
77 318
77 321
77 330
77 585
77 648
77 673
77 846
77 859
77 895
77 949
77 991
78 220
78 522
78 775
79 276
79 291
79 505
79 663
80 174
80 187
80 411
80 432
80 583
81 99
81 174
81 611
81 685
81 760
81 764
82 138
82 313
82 624
82 723
82 825
83 90
83 550
83 609
83 772
83 865
83 997
84 155
84 234
84 321
84 512
84 552
84 733
84 889
84 976
85 212
86 129
86 131
86 327
86 354
86 468
86 682
86 707
86 838
86 874
86 974
87 153
87 270
87 451
87 821
87 861
87 942
88 288
88 318
88 487
88 540
88 601
88 923
88 991
89 143
89 229
89 628
89 699
89 939
90 101
90 332
90 459
90 617
90 663
91 174
91 254
91 256
91 304
91 512
91 535
91 680
91 742
91 917
92 495
92 565
92 977
93 193
93 199
93 349
93 483
93 742
94 109
94 132
94 227
94 464
94 719
94 780
94 835
94 857
95 131
95 135
95 239
95 261
95 670
95 717
95 776
96 338
96 406
96 560
96 945
97 288
97 421
97 455
97 473
97 814
97 886
98 184
98 363
98 489
98 512
98 730
99 105
99 141
99 557
100 117
100 429
100 542
100 563
100 624
100 885
100 984
101 249
101 426
101 749
102 730
102 780
103 563
103 647
103 940
104 195
104 345
104 413
104 560
104 764
104 883
104 889
105 167
105 661
105 781
105 952
106 118
106 252
106 451
106 613
106 932
106 941
106 995
107 182
107 184
107 205
107 235
107 387
108 517
108 850
108 863
109 355
109 382
109 491
110 586
110 607
110 740
110 950
111 327
111 895
111 901
112 172
112 360
112 374
112 946
112 971
112 990
113 123
113 485
113 498
113 683
113 745
113 957
114 337
114 431
114 487
114 798
114 892
114 942
115 146
115 160
115 176
115 392
115 428
115 682
115 871
116 387
116 472
116 575
116 638
116 900
117 231
117 240
117 343
117 545
117 580
117 823
117 898
117 905
117 941
118 263
118 417
118 421
118 594
118 620
119 132
119 149
119 452
119 663
120 240
120 465
120 751
120 794
120 815
120 825
121 321
121 550
121 686
121 801
121 830
121 863
122 439
122 528
122 777
122 868
122 978
123 127
123 249
123 417
123 515
123 791
123 941
123 990
124 136
124 300
124 462
124 613
124 651
124 694
124 737
124 945
124 955
124 977
125 231
125 457
125 987
126 336
126 664
126 780
126 897
127 260
127 387
127 537
127 614
127 731
127 769
127 801
127 881
127 983
128 476
128 602
128 707
128 734
128 915
129 345
129 423
129 557
129 595
129 856
129 953
130 146
130 313
130 404
130 542
130 670
131 138
131 416
131 452
131 499
131 563
131 587
131 672
132 310
132 315
132 584
132 607
132 615
132 657
132 761
133 286
133 391
133 974
134 580
134 591
134 601
134 636
134 677
134 702
135 294
135 445
135 625
135 648
135 793
135 940
136 260
136 442
136 443
136 693
136 742
136 809
137 253
137 336
137 391
137 395
137 551
137 621
138 164
138 278
138 489
138 959
139 154
139 396
139 450
139 495
139 589
139 620
139 819
139 966
140 226
140 244
140 274
140 458
140 748
140 794
140 863
141 259
141 373
141 403
141 410
141 657
141 706
141 756
142 144
142 186
142 273
142 306
142 425
142 431
142 728
143 169
143 552
143 697
143 736
143 823
144 199
144 211
144 270
144 284
144 498
144 503
144 611
144 752
144 759
144 794
144 887
145 263
145 480
145 704
145 728
146 163
146 633
146 638
146 699
146 839
147 646
147 677
147 750
147 765
147 788
147 895
147 937
148 211
148 244
148 285
148 317
148 389
148 434
148 660
148 861
149 167
149 233
149 448
149 458
149 776
149 801
149 936
149 953
150 159
150 190
150 249
150 373
150 878
151 167
151 407
151 778
152 254
152 624
152 665
152 715
152 810
152 836
153 258
153 316
153 622
154 396
154 489
154 533
155 223
155 267
155 417
155 456
155 568
155 710
155 781
155 790
155 875
155 903
156 184
156 569
156 840
157 293
157 336
157 568
157 793
158 257
158 358
158 703
159 306
159 409
159 590
159 839
160 176
160 187
160 505
160 999
161 345
161 524
161 575
161 784
161 867
161 881
162 290
162 360
162 473
162 614
162 636
162 754
162 838
162 859
162 955
163 178
163 447
163 467
163 749
163 864
163 880
164 249
164 309
164 371
164 544
164 628
164 744
165 616
165 817
166 750
166 832
166 983
167 360
167 414
167 776
168 928
168 975
169 251
169 498
169 656
169 995
170 180
170 282
170 522
170 771
171 234
171 273
171 539
171 540
171 773
171 886
171 990
172 509
172 687
172 798
173 198
173 503
173 623
173 700
173 741
173 813
173 915
173 923
173 994
173 997
174 456
175 354
175 419
175 611
175 735
176 502
176 514
176 591
176 813
176 852
176 901
176 939
177 894
178 217
178 364
178 430
178 588
178 773
179 243
179 436
179 553
180 255
180 538
180 646
180 842
180 885
180 933
181 315
182 838
183 228
183 274
183 296
183 652
183 738
183 834
184 518
184 754
184 962
184 967
185 385
185 544
185 569
185 820
186 206
186 418
186 541
187 278
187 867
187 941
187 973
188 403
188 430
188 575
188 614
189 381
189 601
189 719
189 849
189 871
189 916
190 228
190 265
190 480
190 605
190 689
191 496
191 710
191 741
191 869
192 200
192 370
192 418
192 605
192 619
192 699
193 276
193 290
193 425
193 507
193 528
194 767
195 209
195 265
195 360
196 282
196 579
196 736
196 954
197 239
197 263
197 762
198 211
198 547
198 664
198 734
198 999
199 730
199 786
200 509
200 559
200 722
200 733
200 743
200 930
200 955
200 968
201 400
201 944
201 951
202 227
202 416
202 744
202 778
203 388
203 468
203 862
203 865
203 980
204 264
204 463
204 850
204 929
205 297
205 561
205 574
205 647
205 870
205 979
206 211
206 485
206 494
206 523
206 587
206 791
206 956
207 224
207 579
207 616
207 711
207 832
208 242
209 223
209 476
209 881
210 297
210 378
210 487
210 587
211 431
211 492
211 504
211 695
211 791
211 856
212 273
212 333
212 853
212 891
212 896
212 907
212 920
213 295
213 524
213 576
213 732
213 841
213 867
213 886
213 900
213 927
214 270
214 332
214 354
214 448
214 463
214 734
215 234
215 387
215 488
215 995
216 447
217 308
217 330
217 390
217 447
217 809
217 902
218 443
218 457
218 694
218 886
219 294
219 297
219 920
220 225
220 607
220 921
220 970
221 443
221 720
222 354
222 427
222 489
222 883
223 228
223 245
223 687
223 696
223 751
223 764
223 810
223 855
224 256
224 756
224 964
225 524
225 642
225 777
226 374
226 511
226 568
226 696
226 877
227 243
227 480
227 614
227 634
227 917
227 928
228 359
228 647
228 676
228 721
229 318
229 498
230 527
230 733
230 770
230 829
230 896
231 257
231 688
231 722
232 246
232 316
232 348
232 370
232 667
232 731
232 774
233 388
233 605
233 690
233 697
234 448
234 541
234 843
234 921
234 928
234 950
234 952
235 276
235 337
235 341
235 395
235 505
235 537
235 679
235 792
235 860
236 301
236 557
236 575
236 737
236 757
236 962
237 279
237 348
237 379
237 926
238 373
238 391
238 467
239 468
239 681
239 873
240 467
240 548
240 710
240 800
240 836
240 905
241 342
241 353
241 791
241 838
242 355
242 386
242 522
242 526
242 618
242 643
242 767
242 825
242 930
243 473
244 247
244 258
244 677
244 971
245 601
245 681
245 706
245 875
245 934
246 495
246 572
246 747
246 905
246 916
247 256
247 273
247 331
247 557
247 583
247 615
247 749
247 922
247 932
247 965
248 256
248 298
248 405
248 450
248 833
248 923
248 982
249 337
249 353
249 729
249 808
249 823
249 837
249 879
250 264
250 443
250 454
250 470
250 571
250 587
250 606
251 284
251 292
251 912
251 957
252 552
252 707
252 823
252 993
253 376
253 976
254 873
255 362
255 387
255 924
255 956
256 420
256 738
257 285
257 368
257 441
257 473
257 486
257 533
257 784
257 845
257 874
257 919
258 712
258 715
259 401
259 759
259 871
260 277
260 308
260 346
260 542
260 550
260 893
260 997
261 535
262 271
262 479
262 665
262 720
262 736
262 817
263 391
263 686
263 972
264 267
264 530
264 538
264 642
264 729
264 746
265 274
265 916
266 483
266 729
266 778
266 891
267 398
267 677
267 764
267 937
268 550
268 603
268 608
268 699
268 977
269 493
269 643
269 856
269 967
270 276
270 772
270 802
271 563
271 630
271 990
272 309
272 474
272 504
272 506
272 523
273 462
273 466
273 581
273 752
273 777
273 848
273 925
274 380
274 545
274 773
275 290
275 402
275 704
275 772
276 369
276 461
276 811
277 288
277 326
277 463
277 510
277 587
277 749
277 833
278 325
278 333
278 416
278 542
278 951
279 413
279 446
279 524
279 525
279 526
279 628
279 777
279 850
279 908
280 338
280 375
280 712
280 765
280 980
281 337
281 459
281 539
281 754
281 768
281 782
282 382
282 587
282 915
283 363
283 547
283 609
283 873
284 366
284 442
284 564
284 664
284 935
285 334
285 548
286 509
286 693
286 865
286 945
287 376
287 470
287 502
287 656
287 837
288 298
288 322
288 388
288 420
288 512
288 582
288 905
288 918
289 437
289 572
289 587
289 932
289 998
290 400
290 409
290 589
290 659
290 796
290 975
291 345
291 665
291 764
291 885
291 992
292 446
292 711
292 788
292 800
293 396
293 552
293 679
293 777
293 904
294 312
294 367
294 576
294 598
294 799
294 881
295 348
295 792
295 860
295 908
295 949
296 436
296 486
296 704
296 711
296 970
297 392
297 523
297 699
297 756
297 944
298 542
298 548
298 584
298 630
298 672
298 685
298 694
298 736
298 848
299 602
299 736
299 774
299 875
299 918
299 977
300 400
300 574
300 576
300 644
300 932
301 622
301 904
302 377
302 402
302 530
302 591
302 616
302 968
303 506
303 527
303 721
304 324
304 403
304 473
304 664
304 812
304 866
304 873
305 336
305 434
305 956
306 472
306 790
307 466
307 633
307 666
307 965
308 421
308 621
308 622
308 815
308 956
309 469
309 571
309 701
309 721
309 813
309 909
309 949
310 466
310 530
310 602
310 944
311 325
311 349
311 627
311 794
311 922
311 934
312 958
313 609
313 713
313 925
313 934
314 559
314 595
314 666
314 868
314 922
314 998
315 362
315 437
315 879
316 330
316 332
316 367
316 591
316 634
316 840
317 390
317 628
317 634
317 758
317 884
318 338
318 533
318 702
318 730
318 772
319 401
319 483
319 559
319 594
319 950
320 345
320 354
320 599
320 623
320 775
321 706
321 985
322 421
322 553
322 750
322 793
322 929
323 465
323 669
323 693
323 785
323 870
323 905
324 654
324 701
324 766
324 805
324 899
324 924
324 937
325 374
325 428
325 502
325 576
325 680
325 693
325 828
325 876
325 983
326 410
326 833
327 341
327 686
327 736
328 435
328 502
328 605
328 634
329 453
329 585
329 788
330 457
330 677
330 687
330 699
330 725
330 880
331 336
331 437
331 847
332 440
332 720
332 842
332 860
332 919
333 570
334 583
334 590
334 603
334 621
334 655
334 927
334 929
335 766
335 870
336 388
337 574
337 584
337 840
338 431
338 590
338 766
338 882
339 646
339 701
339 903
340 353
340 461
340 626
340 643
340 771
341 397
341 466
341 512
341 830
342 427
342 708
342 732
343 459
343 855
343 987
344 392
344 625
344 829
345 403
345 856
345 948
346 555
347 480
347 649
347 747
348 567
348 694
348 753
348 832
348 877
349 400
349 524
349 724
350 361
350 495
350 608
350 700
350 947
351 677
352 400
352 506
353 594
353 810
353 947
354 579
354 881
354 887
355 473
355 511
355 518
355 584
355 650
355 694
356 365
356 411
356 518
356 700
356 777
356 817
356 948
357 363
357 390
357 392
357 486
357 512
357 689
357 987
358 598
358 676
358 795
358 800
358 867
359 461
359 751
359 932
360 364
360 388
360 496
360 547
360 631
360 841
361 425
361 482
361 678
361 781
361 820
361 993
362 415
362 551
362 845
363 813
363 841
363 885
364 436
364 451
364 656
364 668
364 917
365 609
365 783
365 808
365 813
365 848
366 754
367 502
367 548
367 738
367 774
367 801
368 502
368 551
368 780
368 798
369 401
369 600
369 617
369 648
369 778
369 841
369 925
369 939
369 979
370 476
370 535
370 663
370 699
370 774
371 572
371 948
372 461
372 475
372 556
372 736
373 533
374 609
375 460
375 543
375 607
375 672
375 736
375 837
375 867
376 428
376 546
376 773
376 884
376 894
378 689
378 936
379 687
379 876
380 670
380 975
381 441
381 611
381 929
382 461
382 667
382 864
382 878
383 513
383 620
383 665
383 713
384 794
384 927
385 525
385 584
385 772
385 818
386 532
386 654
386 848
387 673
387 826
387 907
387 972
388 474
388 613
388 777
388 989
389 550
390 559
390 800
390 813
391 574
391 583
392 644
392 794
392 841
392 925
393 486
393 571
393 961
394 617
394 654
394 687
394 806
394 809
394 876
395 547
395 934
395 953
395 995
396 431
396 504
396 562
396 819
396 882
397 416
397 417
397 518
397 629
397 754
397 893
398 487
398 539
398 548
398 725
398 969
399 415
399 512
399 648
399 702
399 753
399 774
399 819
399 853
400 445
400 731
400 908
400 963
401 946
401 992
402 747
402 920
403 417
403 489
403 492
403 498
403 560
403 634
403 678
403 759
403 849
404 428
404 523
404 613
404 633
404 777
404 864
405 512
405 647
405 911
405 984
406 407
406 733
406 770
406 953
407 606
407 609
407 799
407 944
408 539
408 580
408 627
408 642
408 737
408 823
408 868
409 443
409 445
409 636
409 837
410 511
410 649
410 986
411 650
411 887
412 768
412 822
413 422
413 575
414 449
414 772
414 808
414 846
414 968
415 568
415 717
415 724
415 861
416 617
416 904
417 542
417 622
417 756
417 784
418 724
419 532
419 806
419 878
420 571
420 587
420 840
420 917
421 512
421 906
421 939
422 536
422 664
422 718
422 728
422 759
422 932
422 941
423 564
424 927
425 441
425 460
425 622
425 697
425 794
426 446
426 458
426 891
426 994
427 497
427 532
427 766
427 894
427 955
427 970
428 521
428 878
429 682
430 617
431 721
431 882
432 602
432 710
432 711
433 472
433 611
433 617
433 870
434 475
435 469
435 479
435 592
435 728
435 735
435 771
436 855
437 656
437 753
437 776
437 879
438 493
438 495
438 515
438 602
438 982
439 446
439 797
440 872
440 893
440 987
441 937
441 944
441 956
442 732
442 733
442 883
442 905
443 545
443 964
444 579
444 722
444 911
444 955
445 512
445 626
445 948
446 451
446 512
446 598
446 626
446 647
446 805
446 990
447 599
447 849
447 934
448 774
451 580
451 585
451 626
451 978
452 535
452 726
452 859
453 614
453 765
453 795
453 834
453 902
454 527
454 829
454 876
454 900
454 958
455 566
455 733
455 868
455 911
456 521
456 574
456 604
456 693
456 785
456 791
457 485
457 665
457 944
457 996
458 855
458 870
459 625
459 674
459 982
460 743
460 778
461 549
461 636
461 702
461 751
461 773
462 524
462 631
462 932
463 572
464 576
464 852
465 555
465 556
465 576
465 717
465 823
465 890
465 937
467 593
467 679
467 697
467 997
468 658
468 679
468 869
468 992
469 492
469 539
469 685
469 758
471 510
471 714
471 756
471 907
472 641
472 876
473 476
474 583
474 599
475 489
475 549
475 551
475 692
476 493
476 560
477 507
477 579
477 788
477 894
478 945
479 832
479 962
480 552
480 595
480 725
480 747
480 812
480 971
481 547
481 570
481 675
481 730
481 795
481 871
482 545
482 903
483 595
483 641
483 676
483 879
483 886
484 577
484 604
484 633
484 849
486 551
486 936
487 659
487 694
487 953
488 552
488 560
489 495
489 659
489 968
490 511
492 819
493 716
495 504
495 581
495 751
495 799
496 650
496 750
496 757
497 704
499 724
500 735
500 904
500 996
501 811
501 863
501 925
502 508
502 539
502 612
502 633
502 717
502 781
502 913
502 988
505 798
506 656
506 664
506 792
506 811
506 868
507 525
507 985
508 512
509 780
509 988
511 642
512 558
512 649
513 935
514 554
514 838
514 910
514 921
515 818
515 986
516 528
516 557
516 739
516 998
517 595
517 653
518 614
518 653
519 593
519 644
520 581
520 746
520 754
520 758
520 789
520 795
521 616
521 645
521 660
521 682
521 962
522 803
523 578
523 861
524 574
524 786
524 878
525 975
526 939
527 680
528 547
528 598
528 834
528 867
529 666
529 693
529 854
530 536
530 815
531 540
531 577
531 629
531 721
531 832
531 882
532 567
532 767
532 931
533 810
533 813
533 907
533 994
534 584
534 635
534 655
534 985
535 574
535 600
535 671
535 900
535 949
536 585
536 901
536 964
537 893
538 632
538 634
538 897
539 558
539 581
539 681
539 707
539 761
539 996
540 644
541 609
541 764
542 712
542 771
543 575
543 793
543 883
543 889
543 984
544 570
544 588
544 660
544 691
544 704
544 875
545 687
545 843
545 860
545 989
546 595
547 923
548 555
548 638
548 743
548 928
548 939
549 649
549 783
549 859
549 977
550 596
550 729
550 986
551 741
551 923
553 967
554 848
554 971
555 648
555 707
556 746
557 986
558 585
558 640
558 944
558 977
559 711
560 655
560 868
560 962
562 748
562 916
563 592
563 691
563 778
563 801
563 815
563 985
564 635
564 814
564 900
565 667
565 686
565 688
565 720
565 917
566 901
566 967
567 785
567 994
568 708
568 710
568 732
568 919
569 630
569 929
571 661
571 666
571 732
571 818
571 937
572 609
572 933
573 641
573 858
573 899
574 950
575 598
575 818
576 749
576 898
577 744
577 895
577 907
578 601
578 658
578 736
578 877
578 999
579 712
579 767
579 857
580 851
580 890
580 912
581 709
581 963
582 590
582 851
582 881
582 887
582 957
583 659
583 720
583 759
583 879
583 897
584 693
584 745
585 653
586 627
586 699
586 935
587 616
587 647
587 671
587 709
587 735
587 978
588 934
590 931
592 759
592 948
593 630
593 670
593 754
593 917
594 884
594 964
594 977
595 724
595 754
595 954
596 645
596 684
596 821
596 905
596 963
596 996
597 631
597 656
597 869
598 814
598 819
599 962
601 623
601 629
601 640
601 646
601 701
601 710
601 761
601 948
603 676
603 944
603 983
604 928
605 615
605 663
607 766
607 939
607 948
607 985
608 642
608 645
608 920
609 976
610 740
610 769
611 698
611 733
611 784
611 813
611 836
612 615
612 991
613 860
613 912
613 996
614 892
615 629
615 708
615 724
615 934
615 967
616 667
616 725
616 938
617 641
617 658
617 662
617 721
617 944
617 969
618 829
618 831
619 877
619 926
620 812
622 648
624 660
626 635
626 763
626 873
627 948
628 908
628 996
629 649
629 652
629 674
629 678
629 785
631 842
632 697
632 812
632 870
632 953
634 709
634 789
635 731
635 930
636 708
636 753
636 942
637 703
638 815
639 789
639 933
640 668
641 681
642 861
642 930
643 664
643 691
643 890
643 996
644 835
645 833
646 718
646 834
647 758
647 778
647 886
648 768
648 777
648 946
648 971
648 996
650 820
650 905
651 728
651 807
651 814
652 961
653 808
653 841
653 922
653 954
655 698
655 735
655 772
657 908
658 740
658 801
658 905
659 727
659 747
659 793
660 783
660 893
660 902
661 762
661 903
662 913
663 748
663 759
663 823
663 827
663 877
663 944
665 671
665 796
665 891
665 895
665 917
666 694
667 711
667 715
667 745
667 854
668 670
668 681
668 935
669 723
669 731
669 778
670 879
671 973
671 995
672 946
673 805
673 920
673 985
674 726
674 754
674 781
676 708
677 917
678 828
681 754
682 703
682 716
682 821
683 784
683 847
684 710
684 938
685 909
685 965
686 714
686 776
686 811
687 879
687 957
687 975
688 761
689 741
689 825
690 731
690 997
691 961
692 893
693 823
693 846
693 957
694 721
694 853
694 876
695 868
696 822
696 840
696 852
697 967
698 887
698 934
699 880
699 901
700 735
700 936
701 897
701 925
702 718
703 811
703 827
704 786
706 735
706 742
706 804
706 849
707 754
707 792
707 897
707 917
708 741
709 782
709 872
709 917
710 719
710 835
710 878
711 717
711 748
711 811
711 871
711 894
711 907
712 771
713 838
713 853
715 740
716 730
716 768
716 865
717 916
717 921
717 924
718 728
718 778
718 822
718 949
719 981
719 993
720 766
721 979
723 830
723 934
723 996
725 784
725 865
726 754
726 758
727 817
727 965
728 748
728 759
728 766
728 875
729 939
730 733
732 889
733 856
733 894
733 985
734 981
734 986
735 910
736 949
737 955
740 784
741 796
742 764
742 954
745 852
746 813
746 947
747 866
747 902
749 828
749 859
750 782
750 926
751 796
751 847
752 934
753 819
754 920
755 784
755 788
756 833
757 847
758 931
758 966
759 765
759 772
759 790
759 991
760 786
761 781
761 786
762 912
762 914
762 965
763 834
763 855
764 851
764 882
765 886
767 861
768 847
769 835
770 994
772 798
773 795
773 926
774 776
774 839
775 785
775 850
775 966
776 849
776 864
776 918
777 803
778 797
778 879
779 935
779 992
780 818
781 783
781 868
781 885
783 868
784 807
784 990
785 897
785 911
785 978
787 987
788 971
789 851
789 868
789 887
790 880
790 923
791 814
791 982
792 822
792 841
793 838
795 831
796 821
798 845
798 895
798 933
799 920
800 969
801 913
803 892
804 997
805 841
806 868
808 963
809 815
810 815
810 940
810 984
812 872
812 939
813 899
813 979
814 930
816 899
817 909
819 905
820 904
822 840
822 896
824 837
825 922
827 863
828 986
829 866
830 868
831 892
832 925
832 933
832 952
834 958
836 901
836 953
839 853
839 889
839 909
839 945
842 947
843 912
844 855
846 879
847 923
848 860
850 851
854 943
854 984
855 983
856 929
857 908
857 993
859 997
861 967
862 975
866 901
867 886
867 894
868 893
871 963
872 877
872 935
874 897
877 965
878 954
880 891
881 974
881 980
882 914
883 893
883 913
883 959
886 948
887 976
887 999
889 940
893 924
895 897
895 911
897 925
897 947
897 971
897 985
897 991
903 989
906 951
907 951
908 962
915 998
917 950
922 946
925 959
927 935
927 992
928 958
928 992
930 998
938 973
941 951
941 964
941 996
944 958
957 986
959 985
975 978
989 990
