0 92
0 144
0 205
0 579
0 719
0 907
1 86
1 113
1 667
1 670
1 816
1 920
1 996
1 998
2 403
2 470
2 590
2 738
2 826
3 169
3 301
3 461
3 502
3 574
3 778
4 450
4 963
4 983
5 279
5 545
5 651
5 658
5 745
5 811
6 17
6 92
6 106
6 416
6 469
6 753
6 789
7 159
7 324
7 487
7 531
7 786
8 35
8 128
8 448
8 482
8 645
8 691
8 760
8 827
9 104
9 213
9 567
9 852
9 933
9 955
10 76
10 168
10 194
10 303
10 480
10 736
10 747
10 963
11 27
11 601
11 667
11 685
11 723
11 896
12 373
12 550
12 929
12 930
13 148
13 595
13 702
13 732
13 764
13 812
13 846
13 853
13 874
13 959
13 993
14 23
14 60
14 123
14 223
14 309
14 725
15 361
15 442
15 473
15 585
15 708
15 766
15 964
15 980
16 274
16 433
16 908
17 64
17 298
17 484
17 576
17 590
17 605
17 665
17 788
17 833
18 38
18 78
18 181
18 189
18 286
18 411
18 507
18 711
18 729
18 789
18 841
19 95
19 166
19 469
19 514
19 595
19 930
20 122
20 180
20 227
20 407
20 645
20 682
20 733
20 793
20 921
20 962
21 223
21 237
21 406
21 602
21 725
21 771
21 846
22 195
22 209
22 406
22 528
22 605
22 830
22 879
23 237
23 242
23 431
23 432
23 617
23 747
23 771
23 913
23 943
23 956
23 963
24 105
24 144
24 237
24 266
24 417
24 682
24 959
25 361
25 874
26 447
26 551
26 865
27 79
27 260
27 264
27 990
28 363
28 578
28 901
28 935
29 37
29 42
29 432
29 433
29 887
29 967
29 982
30 89
30 379
30 523
30 527
30 528
30 546
31 109
31 315
31 367
31 379
31 540
31 660
31 685
32 351
32 566
32 620
32 871
32 887
32 912
33 464
33 493
33 581
33 676
33 705
33 942
34 63
34 135
34 295
34 298
34 488
34 541
34 792
34 931
35 128
35 697
35 706
35 713
36 388
36 479
37 42
37 128
37 141
37 700
38 605
39 453
39 691
39 735
40 248
40 454
40 791
40 961
41 117
41 178
41 940
41 984
42 319
42 440
42 459
42 474
42 607
42 643
43 63
43 376
43 585
43 773
44 157
44 367
44 485
44 541
44 590
44 659
45 291
45 309
45 367
45 372
45 393
45 591
45 648
45 790
45 985
46 282
46 537
46 751
46 916
47 72
47 184
47 714
47 846
48 186
48 337
48 478
48 567
48 784
48 785
49 383
50 469
50 507
50 992
51 115
51 510
51 516
51 636
51 640
51 672
51 778
51 922
51 943
52 117
52 323
52 446
52 693
53 574
53 711
54 316
54 700
54 718
54 988
55 318
55 765
55 814
55 895
56 157
56 376
56 405
56 500
56 676
56 785
56 807
56 914
56 918
56 946
56 953
57 166
57 269
57 280
57 417
57 501
57 691
57 812
57 976
57 983
58 308
58 610
58 740
58 751
58 756
58 760
59 249
59 407
59 569
59 686
59 829
60 341
60 485
60 490
60 760
60 769
60 791
61 526
61 612
61 632
61 645
61 864
61 877
61 918
62 105
62 297
62 601
62 627
62 915
62 927
63 118
63 197
63 201
63 330
63 600
63 752
63 950
63 966
64 175
64 319
64 470
64 483
64 702
64 916
65 136
65 331
65 664
65 843
65 935
66 198
66 221
66 524
66 628
66 756
66 783
67 122
67 156
67 720
67 845
67 955
68 88
68 401
68 904
68 971
69 173
69 720
69 804
69 848
69 850
69 871
69 903
70 82
70 286
70 414
70 542
70 586
70 695
70 710
70 856
70 871
70 937
70 942
71 216
71 320
71 455
71 564
71 709
71 716
71 897
72 140
72 213
72 266
72 319
72 433
72 535
72 998
73 85
73 522
73 708
73 796
73 891
74 154
74 386
74 935
75 119
75 130
75 560
75 706
75 714
76 165
76 249
76 269
76 764
77 188
77 218
77 294
77 307
77 395
77 493
77 656
77 721
77 883
77 901
77 912
78 267
78 411
78 462
78 812
79 259
79 454
79 482
79 517
79 607
79 720
79 737
79 879
80 94
80 119
80 294
80 338
80 652
80 664
80 752
80 772
80 864
81 295
81 489
81 723
81 726
81 855
82 143
82 220
82 282
82 478
82 600
82 611
82 724
83 141
83 471
83 559
84 260
84 404
84 721
84 800
84 876
84 879
84 894
85 178
85 539
85 695
85 773
85 836
85 939
86 120
86 389
86 441
86 539
86 962
87 310
87 553
87 572
87 625
87 793
88 577
88 617
88 733
88 914
89 210
89 240
89 243
89 275
89 824
89 853
90 202
90 311
90 440
90 599
90 726
90 778
90 834
91 130
91 224
91 440
91 520
91 674
92 245
92 388
92 410
92 633
92 898
93 98
93 150
93 181
93 363
93 398
93 434
93 575
93 764
94 249
94 601
94 773
94 863
94 933
94 942
95 220
95 284
95 285
95 432
95 453
95 540
95 556
95 620
95 746
96 314
96 414
96 438
96 566
96 675
96 712
97 293
97 334
97 454
97 582
97 634
97 885
98 229
98 259
98 468
98 652
98 685
98 933
99 129
99 280
99 348
99 534
99 591
99 660
99 844
100 296
100 335
100 359
100 639
101 170
101 213
101 477
101 536
101 777
102 115
102 136
102 446
103 215
103 410
103 645
103 942
104 243
104 254
104 286
104 443
104 569
104 718
104 976
105 264
105 317
105 416
105 618
105 668
105 700
105 846
106 110
106 234
106 289
106 346
106 693
106 704
106 774
106 785
107 336
107 390
107 430
107 865
107 907
108 356
108 614
108 663
108 705
108 833
108 900
109 262
109 286
109 344
110 124
110 144
110 231
110 617
110 852
110 916
111 262
111 291
111 442
111 623
111 657
111 789
112 259
112 501
112 608
112 652
112 683
112 702
113 364
113 419
114 153
114 420
114 421
114 440
114 476
114 646
114 753
114 988
115 353
115 505
116 169
116 280
116 383
116 455
116 499
116 668
116 921
116 934
117 380
117 430
117 477
117 646
117 718
117 960
118 450
118 501
118 529
118 537
118 680
119 175
119 432
119 646
121 189
121 245
121 582
121 610
121 645
121 758
121 834
121 932
121 949
121 976
122 431
122 652
122 656
122 705
122 712
122 754
123 160
123 267
123 272
123 289
123 395
123 518
123 642
123 852
124 423
124 799
124 983
125 134
125 169
125 189
125 512
125 871
126 705
126 952
127 545
127 591
127 635
127 666
127 780
127 819
127 998
128 426
129 248
129 288
129 487
129 742
129 983
130 348
130 351
130 496
130 800
131 260
131 341
131 412
131 654
131 944
131 964
132 292
132 767
132 777
132 835
132 862
132 923
133 147
133 342
133 404
133 433
133 974
134 361
134 540
134 548
134 579
134 856
134 889
134 975
135 170
135 207
135 280
135 299
135 520
135 608
135 945
135 950
136 149
136 429
136 498
136 545
136 851
137 748
137 752
137 810
137 912
137 970
138 197
138 224
138 348
138 592
138 712
138 886
139 200
139 268
139 614
139 759
139 888
139 941
139 944
140 172
140 409
140 789
141 215
141 247
141 376
141 570
141 586
141 844
142 308
142 311
142 424
142 445
143 270
143 334
143 348
143 485
144 209
144 246
144 300
144 361
144 373
144 775
144 806
144 841
145 467
145 546
146 192
146 266
146 351
146 488
146 558
147 212
147 268
147 549
147 633
148 154
148 267
148 452
148 475
148 529
148 625
148 712
148 877
148 944
149 196
149 227
149 253
149 428
149 817
149 868
150 172
150 265
150 274
150 510
151 645
151 756
152 465
152 476
152 536
152 695
153 769
153 988
154 388
154 426
154 649
154 657
154 929
155 439
155 596
155 600
155 685
155 858
155 976
155 987
156 162
156 280
156 332
156 430
156 617
156 648
156 679
157 168
157 347
157 433
157 455
157 652
157 673
157 953
158 203
158 631
158 675
158 844
158 902
159 208
159 217
159 227
159 549
159 607
159 874
160 246
160 301
160 497
160 913
160 996
161 581
161 656
161 872
161 965
162 261
162 602
162 777
163 300
164 245
164 532
164 537
164 631
164 704
164 770
165 329
165 561
166 344
166 657
166 693
166 906
167 762
167 842
167 863
167 868
167 875
167 924
167 942
168 258
168 682
168 916
169 218
169 406
169 720
169 892
169 909
170 171
170 314
170 323
170 630
170 674
170 788
170 850
171 578
171 671
171 678
171 990
172 403
172 465
172 468
172 994
173 243
173 459
173 638
174 406
174 517
174 536
174 560
174 734
175 291
175 328
175 389
175 564
175 610
175 658
176 186
176 211
176 289
176 614
176 684
177 432
177 445
177 573
177 677
177 804
177 951
178 208
178 316
178 442
178 461
178 505
178 510
178 735
178 957
179 210
179 268
179 357
179 509
179 596
179 781
179 852
179 916
180 259
180 281
180 282
180 444
180 656
180 731
180 828
180 864
180 865
181 220
181 589
181 594
181 644
182 246
182 609
182 988
183 192
183 252
184 348
184 859
184 897
186 619
186 620
186 857
186 908
187 285
187 596
187 629
187 664
188 193
188 231
188 430
188 556
188 664
189 263
189 375
189 445
189 495
189 699
189 817
189 944
190 303
190 599
190 713
190 883
190 909
191 258
191 262
191 545
191 639
191 660
192 270
192 337
192 479
192 580
192 815
192 867
193 376
193 542
193 677
193 816
193 853
194 530
194 761
194 797
194 847
195 300
195 399
195 463
195 740
195 910
196 336
196 368
196 419
196 841
196 909
197 322
197 346
197 613
198 492
198 506
198 530
198 681
198 689
198 870
199 420
199 610
199 674
199 676
199 854
200 304
200 348
200 429
200 531
200 694
200 889
200 908
201 273
201 340
201 367
201 576
201 857
202 285
202 296
202 427
202 483
202 529
203 375
203 562
203 850
203 980
204 353
204 433
204 689
204 838
204 903
204 942
204 965
205 495
205 835
206 226
206 395
206 479
206 528
207 238
207 281
207 354
207 374
207 397
207 604
207 719
207 751
207 909
207 934
208 284
208 804
209 258
209 478
209 656
210 328
210 908
211 314
211 406
211 930
212 243
212 250
212 620
212 626
212 690
212 911
212 918
213 274
213 277
213 435
213 524
213 634
213 825
214 567
214 670
214 689
214 862
215 268
215 332
215 697
215 792
215 888
216 295
216 342
216 490
216 506
216 803
216 962
217 303
217 384
217 520
217 541
217 716
217 760
217 855
218 234
218 316
218 332
218 408
218 479
218 481
218 484
218 551
219 827
220 336
220 349
220 368
220 844
220 898
220 962
221 739
221 744
221 826
221 913
221 958
222 233
222 313
222 509
222 628
222 836
222 846
222 994
223 422
223 430
223 799
223 874
223 973
224 415
224 638
224 780
224 961
225 263
225 275
225 456
225 543
225 670
225 904
225 944
226 476
226 482
226 681
226 948
227 902
227 912
227 982
228 448
228 505
228 535
228 856
229 371
229 420
229 441
229 674
229 722
230 404
230 440
231 301
231 507
232 244
232 910
232 968
233 542
233 589
234 399
234 401
234 596
234 664
235 497
235 555
235 711
236 320
236 872
237 324
237 808
237 858
237 897
237 986
238 260
238 671
239 254
239 309
239 337
239 365
239 481
239 639
239 805
239 993
240 346
240 506
240 633
240 731
240 783
240 890
240 913
241 906
242 350
242 359
242 446
242 466
242 685
242 747
242 916
242 920
243 271
243 658
243 739
243 766
244 370
244 709
244 966
245 299
245 384
245 551
245 861
245 878
245 917
246 344
246 393
246 449
246 512
246 608
246 810
247 588
247 649
247 695
247 753
247 764
247 856
248 435
248 594
248 697
249 414
249 426
249 709
249 736
249 791
249 916
250 559
250 800
250 805
251 482
251 597
251 721
251 731
251 822
251 883
251 966
252 263
252 607
252 664
253 385
253 421
253 493
253 634
253 732
254 340
254 460
254 901
254 969
255 696
255 727
256 382
256 583
256 598
256 635
257 485
257 490
257 560
257 677
257 679
258 357
258 438
258 729
259 555
259 640
260 297
260 350
260 368
260 789
261 360
261 410
261 717
262 281
262 313
262 894
262 922
263 789
263 797
264 382
264 458
264 616
264 688
264 783
264 856
265 735
265 959
266 748
266 881
266 900
267 311
267 467
267 624
267 851
267 864
267 987
268 430
268 464
268 736
268 776
268 797
269 540
269 796
269 990
270 409
270 847
271 852
272 286
272 635
272 664
272 734
272 737
272 920
273 315
273 327
273 356
273 429
273 556
273 561
273 726
273 911
274 464
274 522
274 816
274 881
274 894
274 898
274 908
274 980
275 503
276 307
276 314
276 355
276 410
276 498
276 769
276 909
277 301
277 545
277 618
277 686
277 709
277 871
277 938
278 884
278 984
279 603
279 894
280 373
280 388
280 650
280 655
280 945
282 911
282 921
282 972
283 384
284 809
284 937
285 317
285 389
285 446
285 506
285 758
285 867
286 362
286 451
286 642
286 727
287 289
287 530
287 783
288 459
288 511
288 514
288 820
288 890
288 967
288 987
289 497
289 630
289 684
289 858
289 919
290 592
290 618
291 469
291 734
291 829
291 884
291 925
292 360
292 760
292 839
292 845
293 803
293 932
293 975
294 502
294 557
294 579
294 723
294 835
294 852
295 380
295 387
295 512
295 624
295 853
296 495
296 697
296 717
296 731
296 836
296 902
296 961
297 421
297 514
297 547
297 693
297 984
298 315
298 582
298 606
298 762
298 997
299 428
299 505
299 615
299 689
300 467
300 634
300 765
301 602
301 684
301 843
301 977
302 487
302 624
302 916
303 363
303 455
303 457
303 595
303 713
303 788
303 859
304 592
304 647
305 312
305 376
305 407
305 611
305 656
305 755
305 904
306 592
306 786
306 888
306 984
307 386
307 400
307 495
307 732
307 774
307 943
308 366
308 490
308 491
309 370
309 425
309 638
309 764
309 812
309 939
309 971
310 403
310 440
310 797
310 858
310 901
310 909
311 477
311 575
311 711
312 371
312 398
312 624
312 739
312 753
312 789
312 888
312 902
313 755
314 358
314 697
315 430
315 459
315 753
315 864
315 900
316 334
316 357
316 438
316 684
316 718
316 770
317 498
317 649
318 712
318 852
318 913
319 345
319 399
319 456
319 540
319 800
319 903
319 989
320 872
320 983
321 609
321 837
321 869
322 714
322 719
322 763
322 815
322 846
322 973
322 989
323 713
323 842
324 621
324 645
324 847
324 923
324 968
325 443
325 638
325 770
326 397
326 679
327 415
327 462
327 913
327 991
328 565
328 580
328 692
328 947
328 968
329 556
329 839
329 895
329 988
330 499
330 749
330 907
331 419
331 532
331 553
331 585
331 622
332 589
334 434
334 462
334 582
334 849
335 351
335 478
335 561
335 769
335 895
335 994
336 370
336 389
336 446
336 637
337 530
337 729
337 781
337 857
338 422
338 536
338 899
339 866
339 928
339 996
340 505
340 980
340 996
341 517
341 672
341 699
341 853
342 562
342 611
342 670
342 852
342 987
343 431
343 556
343 769
343 812
344 553
344 832
344 838
344 847
344 848
344 863
344 929
345 455
345 467
345 548
345 801
345 901
345 966
346 404
346 443
346 609
346 707
346 856
346 896
347 443
347 457
347 559
347 627
347 984
349 636
349 715
349 820
349 853
350 668
350 749
351 495
352 380
352 554
352 592
352 715
352 921
353 701
353 710
353 972
354 688
354 828
354 883
354 904
354 986
355 564
355 627
355 884
355 917
356 374
356 393
356 423
356 630
356 711
356 735
356 980
357 413
357 414
357 425
357 535
357 999
358 715
358 787
358 901
358 956
359 603
359 616
359 750
359 889
360 370
360 517
360 865
361 442
361 507
362 585
362 676
362 744
362 796
362 897
363 637
363 873
363 937
364 538
365 380
365 438
365 462
365 598
365 637
365 645
365 690
365 816
366 382
366 466
367 409
367 636
367 926
368 397
368 659
368 856
368 895
368 896
368 924
368 986
369 453
369 540
369 626
369 734
369 816
369 887
370 446
370 781
370 917
371 531
371 586
372 399
372 608
372 734
372 757
372 913
373 396
373 919
373 984
374 549
374 592
374 711
374 803
374 813
374 863
374 974
375 602
375 671
375 684
375 713
375 755
375 849
376 656
377 409
377 766
377 990
378 493
378 664
378 909
379 396
379 471
380 444
380 524
380 564
380 622
380 777
380 792
380 857
382 635
382 675
382 681
382 683
382 718
382 720
382 841
382 935
383 519
383 548
383 614
383 659
383 727
383 763
383 804
383 904
384 421
384 528
384 583
385 497
385 569
385 597
386 502
386 564
386 605
386 636
386 688
386 778
386 788
387 441
387 518
387 554
387 793
387 849
387 919
387 928
388 586
388 652
388 789
389 625
390 397
391 488
391 624
391 735
391 945
391 952
391 971
392 611
392 812
392 819
392 849
393 413
393 462
393 573
393 627
393 728
393 981
394 628
394 644
394 659
394 661
394 778
395 676
396 456
396 940
396 969
397 404
397 420
397 758
397 810
397 845
398 824
398 898
399 420
399 534
399 792
399 899
400 704
400 782
400 804
400 912
401 447
401 494
401 553
402 419
402 883
403 457
403 547
403 828
404 588
405 446
405 529
405 646
405 863
405 975
406 434
406 501
407 665
407 731
407 837
407 927
407 972
408 484
409 430
409 483
409 512
409 707
410 688
410 991
411 452
411 479
411 761
411 816
412 475
412 483
413 429
413 570
413 577
413 583
413 631
413 689
413 814
413 818
414 458
414 512
414 538
414 546
414 565
414 590
414 821
415 481
415 913
416 479
416 654
416 736
416 800
417 860
417 926
418 483
418 664
418 703
418 795
418 867
419 628
419 868
420 809
420 825
420 894
421 452
421 702
421 727
421 826
421 915
422 429
422 434
422 688
422 797
422 942
423 432
423 492
423 533
423 568
423 580
423 740
423 824
423 840
424 549
424 561
424 734
424 822
424 981
425 513
426 466
426 580
426 845
427 500
427 714
427 990
427 995
428 430
428 488
428 588
428 790
428 882
428 922
429 488
429 578
429 626
429 697
430 581
430 779
430 874
430 903
430 919
431 578
431 638
432 488
432 625
432 664
433 600
433 886
434 699
434 898
434 909
435 767
435 998
436 575
436 620
436 707
436 835
437 656
437 714
438 854
438 996
439 563
439 585
439 588
439 604
439 659
439 677
439 743
439 789
439 862
439 901
440 639
440 651
440 740
441 448
441 657
441 883
441 961
442 542
442 619
442 721
442 735
442 908
443 603
443 613
443 896
443 939
444 527
444 560
444 999
445 952
446 920
446 953
447 741
447 759
447 784
448 584
448 616
448 626
448 660
449 548
449 593
449 632
449 974
449 978
449 982
450 786
451 689
451 848
451 876
452 535
452 582
452 660
452 669
452 670
452 941
453 504
453 573
453 739
453 941
454 548
454 875
455 456
455 579
455 592
455 718
455 735
455 827
456 459
456 562
456 576
456 692
456 731
456 937
457 458
457 463
457 560
457 597
457 746
457 838
457 910
457 971
458 564
458 742
458 959
460 492
460 694
461 871
462 620
462 727
462 837
463 535
463 763
464 628
464 693
464 930
465 698
466 600
466 648
466 803
467 610
467 659
467 921
468 716
469 613
470 600
470 636
470 648
470 850
471 493
471 804
471 850
471 963
472 501
472 545
472 849
473 525
473 926
474 717
474 820
474 917
475 782
476 580
477 546
477 587
477 684
477 946
478 659
478 904
479 521
479 723
479 756
479 798
479 888
480 663
480 672
481 632
481 841
482 663
483 702
483 934
483 941
484 553
484 942
485 544
485 555
485 648
485 773
485 900
486 594
486 664
486 833
486 880
486 900
487 578
487 601
487 761
487 880
487 928
488 582
489 625
489 692
490 501
490 747
491 620
491 714
491 872
492 511
492 857
493 494
493 625
493 747
494 649
494 723
494 795
494 890
495 679
495 686
495 865
495 964
496 498
496 573
496 939
498 599
498 887
498 914
498 961
499 567
499 776
499 928
500 935
501 584
501 788
501 876
501 926
501 929
502 656
502 720
502 776
502 781
502 790
503 724
503 824
504 891
505 524
505 792
505 815
505 948
506 877
507 698
508 566
508 585
508 670
510 524
510 711
510 763
511 514
511 726
511 756
511 870
512 630
512 709
513 611
513 756
514 633
515 621
515 729
515 927
516 770
516 902
516 956
516 977
517 900
517 949
518 667
518 711
518 968
520 931
520 963
521 637
521 765
522 660
522 715
523 618
523 774
523 919
524 613
524 614
524 692
524 798
524 831
524 856
525 937
526 592
526 872
527 641
527 665
527 847
527 933
528 757
528 776
528 852
528 930
528 955
530 561
530 842
531 539
531 676
531 803
532 675
533 745
533 787
534 564
534 669
534 863
535 700
536 665
536 699
536 739
536 863
536 892
537 541
537 732
537 759
538 588
539 604
539 616
539 727
539 825
539 848
540 598
540 921
541 576
542 607
542 632
542 639
542 646
542 804
542 853
542 877
543 877
543 953
543 967
543 992
544 697
544 780
545 623
545 946
546 558
546 732
546 838
546 957
547 565
547 581
547 965
548 636
548 842
549 681
549 756
549 759
550 655
550 911
551 655
551 744
551 823
553 667
553 742
554 829
555 587
555 689
555 806
555 895
556 947
557 771
557 851
557 871
558 990
559 565
559 726
559 864
560 588
560 698
560 965
561 643
561 720
561 899
562 628
562 643
562 909
563 567
563 623
564 720
564 981
564 993
565 583
565 981
565 993
566 763
567 708
568 831
568 849
569 598
569 689
569 857
570 665
570 687
571 679
571 745
572 591
572 697
572 709
572 792
572 810
573 637
573 667
573 829
574 616
574 653
574 750
574 852
575 577
575 670
575 746
575 912
576 593
576 625
576 654
576 723
576 728
576 852
577 651
577 679
577 746
577 758
577 878
578 776
578 777
579 991
580 662
580 681
580 844
581 593
581 775
582 694
583 795
583 959
583 962
583 967
583 986
584 670
584 949
584 950
585 708
585 798
585 974
586 780
587 778
588 823
588 927
588 953
589 729
590 995
591 703
592 625
592 791
593 749
593 919
594 685
595 890
596 732
596 770
596 992
597 761
597 900
597 918
597 994
598 631
600 800
600 967
601 692
601 816
601 939
602 754
603 686
603 719
603 843
604 669
604 819
604 832
604 988
605 610
605 679
605 723
605 780
605 787
605 818
605 897
606 669
606 874
607 644
607 703
607 786
607 970
607 991
608 809
609 755
609 777
609 848
610 808
610 966
610 974
611 705
611 779
611 801
612 927
613 705
613 993
614 684
614 860
614 942
614 945
615 844
616 708
616 724
617 852
618 687
619 699
619 708
619 821
619 876
619 947
620 779
621 641
621 682
622 629
622 705
622 730
622 789
623 678
623 695
623 710
623 837
623 843
623 929
623 955
624 747
625 726
625 751
625 800
626 752
626 908
627 684
627 930
628 721
628 805
628 868
628 998
629 712
629 762
629 876
630 641
631 694
631 700
631 732
631 839
631 890
632 787
632 816
632 861
633 665
633 934
634 712
634 791
634 832
634 887
635 866
636 734
636 896
637 663
637 843
638 729
638 796
639 660
639 787
639 846
639 855
639 888
639 978
640 663
640 802
640 823
640 958
642 892
644 730
644 861
644 965
645 785
646 672
646 782
648 659
649 717
649 783
649 900
650 691
650 787
650 847
650 928
651 766
651 779
651 828
651 997
652 934
652 975
653 689
653 795
654 839
654 930
654 999
655 722
656 657
656 689
656 729
656 783
657 777
657 803
658 756
658 805
658 852
658 973
659 853
659 871
659 992
660 719
660 838
660 845
660 912
662 818
662 955
662 971
663 734
663 739
663 784
664 710
664 782
664 795
664 829
664 926
665 747
665 950
665 970
666 689
667 759
667 899
667 955
668 693
668 729
669 694
669 884
669 950
669 996
670 708
670 911
670 940
670 991
671 895
672 817
672 844
674 881
676 683
676 800
676 868
676 875
677 812
678 695
678 807
678 856
679 995
680 770
680 798
681 886
681 945
682 907
682 941
683 790
683 857
684 758
684 846
687 691
688 913
689 823
690 904
690 963
691 839
691 853
692 805
692 937
692 996
693 866
693 879
693 956
693 990
694 721
694 735
694 843
695 771
696 776
696 874
696 900
696 965
697 919
697 965
698 742
698 743
698 971
699 736
699 776
699 846
699 866
699 991
700 875
701 705
701 833
702 714
702 863
703 761
703 877
704 759
704 864
704 909
704 948
704 978
705 758
705 767
705 936
705 975
706 930
707 709
708 975
709 769
710 965
711 754
711 792
711 843
711 957
712 806
713 798
713 884
715 958
716 882
716 955
716 969
717 809
717 940
718 954
719 789
719 829
721 722
721 917
721 953
722 836
723 904
724 911
724 966
725 798
725 961
727 870
728 932
729 863
730 898
731 974
732 821
732 822
732 942
733 833
733 853
735 766
735 999
736 918
736 983
737 873
738 872
739 828
740 930
741 811
741 884
741 945
746 767
746 771
747 772
747 943
747 960
748 825
748 887
749 794
749 827
749 918
750 782
750 921
750 978
751 998
752 797
752 934
752 953
753 780
753 839
753 873
753 972
754 852
754 986
755 768
755 871
757 944
757 960
757 973
758 773
758 784
761 996
762 955
765 827
767 955
769 898
769 968
770 874
770 942
771 815
771 970
772 778
772 815
772 835
772 843
772 856
772 862
772 948
773 827
773 871
776 842
776 879
777 987
779 872
779 938
780 805
782 953
783 930
784 973
786 791
786 893
786 921
787 863
787 960
788 848
788 862
790 910
791 920
791 940
791 951
792 982
793 830
793 899
793 986
794 959
797 798
797 858
797 861
798 834
798 884
799 898
799 931
799 961
799 963
802 845
804 810
806 833
806 860
806 952
806 956
808 839
809 810
810 877
810 941
810 980
812 985
814 947
816 965
817 878
818 831
818 950
818 987
821 837
821 996
822 861
822 894
823 951
823 954
824 901
825 894
825 904
830 862
830 912
831 860
831 981
832 938
832 956
835 873
837 956
838 962
839 981
840 892
840 904
841 914
842 949
843 847
843 901
844 865
844 971
845 962
846 891
848 993
851 854
851 928
852 989
853 882
855 934
857 858
857 916
860 884
861 988
864 897
864 958
864 973
865 910
866 998
868 907
869 880
869 898
872 910
874 960
874 980
878 980
881 908
881 951
884 922
884 969
885 923
889 967
890 985
891 967
892 939
893 926
894 907
894 979
895 994
900 917
901 990
904 990
911 917
916 956
916 965
918 973
919 932
919 967
925 999
929 969
936 972
938 948
947 949
949 995
956 963
963 971
969 997
973 982
974 988
976 994
