0 251
0 325
0 337
0 525
0 638
0 773
0 828
0 947
0 969
0 977
1 107
1 231
1 389
1 402
1 528
2 5
2 58
2 325
2 665
2 836
3 205
3 250
3 254
3 582
3 647
4 158
4 375
4 462
4 470
4 709
4 779
4 785
4 837
4 876
5 249
5 379
5 406
5 639
5 788
5 831
5 858
5 876
6 60
6 350
6 367
6 427
7 594
7 596
7 821
8 433
8 508
8 600
8 620
8 669
8 722
9 14
9 42
9 135
9 293
9 428
9 478
9 667
9 929
10 128
10 461
10 633
10 646
10 870
10 975
11 43
11 139
11 151
11 354
11 370
11 423
11 602
11 905
12 162
12 334
12 355
12 451
12 664
12 963
13 108
13 440
13 615
13 950
14 186
14 223
14 234
14 333
14 434
14 714
14 839
14 980
15 76
15 102
16 231
16 359
16 454
17 241
17 265
17 506
17 554
17 572
17 733
17 930
18 391
18 524
19 93
19 177
19 208
19 302
19 349
19 414
19 428
19 461
19 580
19 628
20 443
20 517
20 707
21 106
21 154
21 217
21 360
21 979
21 987
22 158
22 383
22 456
22 629
22 939
22 991
23 415
23 479
23 531
23 561
23 652
23 762
24 473
24 666
24 739
25 460
25 730
25 732
25 749
26 114
26 374
26 636
26 722
26 952
26 978
27 200
27 523
27 561
27 722
27 759
27 858
27 951
27 984
28 141
28 250
28 254
28 390
28 607
28 761
29 147
29 260
29 431
29 590
29 849
29 922
30 90
30 361
30 384
30 662
30 854
31 85
31 118
31 228
31 386
31 703
31 746
32 239
32 269
32 296
32 456
32 557
32 611
32 963
33 106
33 135
33 288
33 640
33 777
33 844
33 871
34 222
34 763
34 843
35 297
35 388
35 404
35 429
35 616
35 763
35 919
36 175
36 592
36 597
36 920
36 992
37 516
37 557
37 685
37 936
38 118
38 510
38 850
39 105
39 239
39 390
39 546
39 589
39 649
39 749
39 825
40 44
40 294
40 708
41 68
41 105
41 373
41 650
41 803
41 954
42 401
42 407
42 433
42 625
42 680
42 972
43 115
43 215
43 218
43 388
43 391
43 413
43 472
43 530
43 968
43 988
44 270
44 280
44 322
44 623
44 848
44 897
45 159
45 592
45 618
45 780
45 806
46 74
46 235
46 252
46 281
46 575
46 690
46 717
47 50
47 357
47 383
47 488
47 518
47 634
47 676
47 896
48 239
48 311
49 371
49 412
49 890
50 108
50 171
50 195
50 494
50 615
50 853
50 974
51 240
51 280
51 484
51 493
51 701
51 867
51 911
51 986
52 195
52 200
52 908
53 167
53 203
53 522
53 615
53 694
53 728
53 828
53 862
54 388
54 426
54 548
54 910
55 139
55 262
55 385
55 452
55 473
55 733
55 863
55 924
56 578
57 85
57 197
57 325
57 351
57 517
57 925
57 993
58 120
58 128
58 203
58 491
59 165
59 251
59 411
59 649
59 688
59 977
60 318
60 804
61 77
61 116
61 480
61 515
61 763
61 864
61 938
61 986
62 77
62 131
62 613
62 629
63 195
63 328
63 473
63 646
63 674
63 721
63 798
64 96
64 359
64 402
64 531
64 594
65 199
65 306
65 385
65 417
65 455
65 640
65 702
65 705
65 763
65 955
66 456
66 493
66 625
66 639
66 663
66 671
66 726
66 805
66 889
67 72
67 77
67 612
67 751
67 815
67 864
68 493
68 558
68 874
69 551
69 684
70 159
70 286
70 495
70 570
70 757
70 825
71 74
71 315
71 355
71 851
72 403
72 745
73 265
73 408
73 492
73 854
73 882
74 125
74 358
74 404
74 414
74 604
74 769
75 182
75 438
75 452
75 453
75 962
76 120
76 304
76 505
76 946
77 121
77 258
77 502
77 598
77 671
77 824
78 845
79 104
79 231
79 458
79 499
79 584
79 639
79 666
79 938
80 404
80 577
80 693
80 705
80 736
81 187
81 226
81 261
81 348
81 453
81 523
81 825
82 141
82 221
82 227
82 342
82 561
82 685
82 694
82 709
82 872
83 980
84 536
84 957
85 143
85 273
85 697
85 769
85 952
86 89
86 354
86 481
86 505
86 731
87 470
87 671
87 758
87 845
87 858
88 576
89 171
89 296
90 771
90 857
91 479
91 740
91 820
91 854
91 892
92 148
92 183
92 417
92 585
92 720
93 151
93 212
93 360
93 408
93 903
93 973
94 109
94 246
94 335
94 504
94 514
94 534
94 675
94 744
94 869
94 955
95 203
95 539
95 682
95 984
96 198
96 543
96 570
96 614
96 908
96 928
97 231
97 239
97 505
97 641
98 223
98 333
98 356
98 416
98 570
98 663
98 785
98 824
99 195
99 353
99 388
99 449
99 633
99 690
99 897
99 903
100 177
100 189
100 383
100 643
100 700
100 827
100 995
101 469
101 632
101 818
102 217
102 783
102 858
102 974
103 209
103 442
103 607
103 677
103 682
104 253
104 670
104 787
104 835
104 969
105 467
105 544
105 668
105 672
105 787
106 268
106 429
106 868
106 937
107 240
107 434
107 532
107 550
107 640
107 907
108 366
108 450
108 632
108 755
108 874
108 885
108 943
109 123
109 145
109 710
109 748
110 123
110 208
110 306
110 419
110 520
110 543
110 627
110 757
111 222
111 319
111 343
111 921
112 192
112 346
112 518
112 714
112 808
112 926
112 956
113 143
113 477
113 634
113 872
114 336
114 669
114 729
114 752
114 954
115 172
115 320
115 446
115 835
115 946
116 205
116 304
116 357
116 956
116 964
117 173
117 189
117 248
117 351
117 358
117 523
117 604
117 630
118 248
118 708
119 335
119 567
119 675
119 717
119 802
119 883
120 175
120 323
120 466
120 849
120 961
121 142
121 445
121 533
121 563
121 572
121 737
121 767
121 895
121 992
122 184
122 418
122 468
122 509
122 562
122 618
122 682
122 697
122 836
123 388
123 433
123 953
124 231
124 234
124 348
124 401
124 506
124 616
125 136
125 259
125 396
125 661
125 664
126 286
126 799
126 877
126 885
126 922
127 418
127 499
127 500
127 531
127 622
128 477
128 513
128 787
128 818
129 284
129 410
129 412
129 639
129 722
129 913
129 954
129 967
130 184
130 305
130 344
131 882
132 347
132 378
132 437
132 478
132 552
132 587
132 662
132 672
132 763
132 836
133 291
133 303
133 339
133 376
133 810
133 893
133 972
134 157
134 239
135 262
135 476
136 314
136 340
136 442
136 570
136 891
136 942
137 453
137 609
138 391
138 485
138 522
138 679
139 243
139 360
139 789
139 924
140 279
140 415
140 473
140 737
141 401
141 578
141 669
141 701
141 800
141 918
142 246
142 282
142 291
142 306
142 405
142 587
142 637
142 949
142 989
143 154
143 278
143 300
143 538
143 586
144 276
144 621
144 674
144 733
144 869
144 963
145 361
145 607
145 829
145 907
146 310
146 550
146 827
147 209
147 675
147 717
148 282
148 751
148 752
149 442
149 492
149 632
149 635
149 663
149 728
149 861
150 213
150 252
150 256
150 390
150 421
150 636
150 886
150 932
151 172
151 245
151 502
151 560
151 575
151 721
151 765
151 899
152 276
152 346
152 355
152 505
152 644
152 700
152 823
152 980
153 240
153 412
153 682
153 729
153 867
153 913
153 988
154 206
154 299
154 560
154 833
155 177
155 309
155 433
155 598
155 704
155 839
155 956
156 278
156 279
156 323
156 413
156 694
157 160
157 270
157 409
157 436
157 489
157 610
157 642
157 673
157 791
157 947
158 193
158 330
158 403
158 563
158 928
158 991
159 395
159 434
159 513
160 269
160 350
160 381
160 519
160 970
160 998
161 162
161 193
161 345
161 463
161 637
161 693
161 709
161 894
161 951
162 215
163 164
163 666
163 695
163 826
164 501
164 510
164 521
164 827
164 965
165 328
165 391
165 964
166 222
166 226
166 307
167 294
167 644
167 735
167 746
168 400
168 958
169 612
169 832
170 308
170 630
170 691
170 949
171 261
171 359
171 522
171 676
171 678
171 781
171 906
172 235
172 456
172 537
172 640
172 781
173 328
173 359
173 386
173 473
173 677
174 374
174 477
174 623
174 692
174 880
175 794
175 808
175 924
176 181
176 241
176 453
176 583
176 645
176 679
177 295
177 386
177 438
177 740
177 741
177 920
178 189
178 355
178 457
178 975
179 280
179 407
179 524
179 567
179 607
179 729
179 769
180 194
180 206
180 216
180 319
180 364
180 457
180 671
180 828
180 831
180 925
180 935
181 384
181 588
181 643
181 787
181 832
182 217
182 426
182 521
182 807
182 927
183 652
184 323
184 402
184 476
184 655
184 759
185 246
185 419
185 614
185 710
185 802
186 242
186 725
186 755
187 309
187 343
187 393
187 619
187 637
187 730
188 197
188 208
188 381
188 415
188 486
188 536
188 790
189 384
189 420
189 647
189 771
189 984
190 232
190 292
190 362
190 495
190 883
190 893
190 992
191 292
191 401
191 700
191 863
192 265
192 277
192 375
192 392
192 447
192 603
192 784
192 788
192 865
192 895
193 289
193 351
193 517
193 965
194 204
194 434
194 435
194 480
194 884
195 261
195 395
195 399
195 781
195 947
196 384
196 395
196 582
196 818
197 285
197 537
197 678
197 802
197 941
197 952
198 423
198 576
198 593
198 599
198 622
198 729
198 784
198 870
199 271
199 295
199 370
199 512
199 534
199 581
199 669
199 889
199 917
200 443
200 478
200 580
200 582
200 697
200 872
201 228
201 409
201 593
201 806
201 923
201 999
202 280
202 302
202 346
202 866
202 875
202 896
203 522
203 580
203 589
203 819
204 238
204 293
204 336
204 370
204 462
204 531
204 643
204 851
205 489
205 507
205 514
205 755
206 709
206 852
207 209
207 386
207 616
207 735
207 865
208 335
208 336
209 532
209 581
209 752
209 777
209 998
210 273
210 402
210 494
210 658
210 664
211 550
211 556
211 982
212 213
212 299
212 313
212 485
212 840
213 303
213 316
213 338
213 397
213 578
213 682
213 797
213 826
213 863
214 297
214 623
214 683
214 771
214 825
214 836
214 841
214 999
215 248
215 398
215 470
215 782
216 707
216 715
216 757
217 314
217 474
217 654
217 720
217 786
217 953
218 248
218 355
218 365
218 464
218 713
218 731
218 941
219 496
219 631
219 732
219 942
219 971
220 299
220 643
220 873
220 880
220 966
221 324
221 410
221 545
221 558
221 559
222 238
222 272
222 306
222 425
222 506
222 632
222 731
223 336
223 787
223 824
224 314
224 468
224 818
224 842
225 368
225 482
225 650
225 720
226 537
226 967
227 380
227 590
227 664
227 679
227 899
228 270
228 659
228 712
228 817
229 340
229 420
229 803
229 826
229 904
229 948
229 964
230 355
230 379
230 432
230 466
230 828
231 646
231 653
231 863
232 718
233 351
233 377
233 425
233 458
233 532
233 549
233 620
233 630
233 782
233 807
233 841
233 853
234 308
234 353
234 359
234 747
234 991
235 490
235 600
235 886
236 318
236 440
236 498
236 869
236 911
237 252
237 617
237 731
237 834
237 928
238 243
238 351
238 390
238 548
238 781
238 867
238 946
239 361
239 574
239 650
239 985
240 636
240 701
240 770
240 923
241 361
241 632
241 893
242 295
242 517
242 528
242 604
242 942
242 984
243 244
243 448
243 488
243 541
243 574
243 610
243 671
243 784
243 854
243 919
243 986
244 636
244 702
244 753
244 791
244 860
244 918
244 989
245 482
245 519
245 567
245 839
245 884
246 276
246 358
246 490
246 511
246 625
247 602
247 607
247 734
247 846
248 425
248 889
248 950
249 679
249 770
249 857
250 402
250 463
250 484
250 593
250 648
250 732
250 941
251 650
251 698
252 508
252 528
252 556
252 690
252 819
252 969
253 275
253 394
253 431
253 443
253 499
253 671
253 743
253 902
253 906
254 265
254 653
255 306
255 344
255 525
255 656
255 678
256 305
257 341
257 360
257 721
257 742
257 846
257 911
257 945
257 965
258 416
258 755
259 403
259 410
259 433
259 557
259 618
259 858
260 284
260 295
260 483
260 764
260 813
260 908
261 411
261 447
261 505
261 616
261 678
261 739
262 480
262 576
263 270
263 421
263 434
263 482
263 627
263 774
263 821
263 907
263 935
263 975
264 502
264 810
264 819
264 823
264 837
265 434
265 586
265 643
265 870
266 364
266 588
266 608
266 731
266 771
266 833
267 520
267 570
267 795
267 798
267 803
267 822
268 275
268 550
268 672
268 813
268 814
269 270
269 293
269 638
269 713
269 779
270 353
270 713
270 822
270 850
270 910
270 966
271 584
271 718
271 722
272 522
272 530
272 835
272 879
272 930
273 463
273 472
273 624
273 680
273 729
274 544
274 660
274 907
274 934
275 336
275 387
275 784
276 339
276 414
276 603
276 950
277 496
277 558
277 652
277 707
277 841
278 464
278 673
278 705
278 722
279 415
279 484
279 510
279 583
279 711
279 744
279 918
280 321
280 342
280 456
280 461
280 525
280 551
280 911
281 292
281 538
281 658
282 405
282 888
282 932
283 309
283 499
283 541
284 535
284 584
284 614
284 925
284 970
285 369
285 626
285 817
285 898
286 587
286 726
286 864
287 713
287 815
287 878
287 894
287 922
288 410
288 573
288 690
288 849
289 335
289 372
289 435
289 610
289 797
289 909
289 974
290 709
290 819
290 830
291 392
291 467
291 523
291 725
291 759
291 772
292 379
292 502
292 555
292 740
293 368
293 409
293 502
293 606
293 783
294 565
294 686
294 767
295 362
295 385
295 410
295 434
295 444
295 516
295 670
295 678
295 713
295 772
295 987
296 324
296 384
296 725
297 356
297 570
297 646
297 823
298 419
298 592
298 598
298 720
299 366
299 739
299 740
299 793
299 994
300 729
300 964
301 548
301 649
301 803
301 967
302 359
302 422
302 702
302 933
303 530
303 730
303 770
304 318
304 434
304 457
304 507
304 688
304 896
305 931
305 952
306 771
306 783
306 795
306 865
307 562
307 564
307 717
307 770
307 980
308 834
308 851
309 446
309 810
309 998
310 350
310 717
310 901
311 785
311 877
312 783
312 964
313 430
313 491
313 618
313 904
314 334
314 335
314 542
314 687
314 924
314 942
315 486
315 605
315 829
315 945
315 976
316 320
316 419
316 431
316 513
316 598
316 904
317 393
317 427
317 613
318 362
318 477
318 550
318 803
318 829
319 504
319 580
319 724
319 731
320 411
320 480
320 589
320 641
320 699
321 656
321 819
321 844
321 898
321 957
322 813
322 847
322 911
323 512
323 558
323 614
323 691
324 334
324 633
324 697
324 698
324 874
324 971
325 517
325 557
325 931
326 730
326 818
326 891
326 947
326 956
327 413
327 642
327 644
327 812
328 520
328 611
328 630
328 921
329 396
329 466
329 551
329 754
329 788
330 515
330 688
331 669
331 778
332 366
332 424
332 473
332 547
332 553
332 683
332 992
333 758
333 817
333 974
334 411
334 610
334 668
334 688
335 418
335 604
335 677
336 499
336 600
337 388
337 399
337 575
337 591
337 647
337 654
337 711
338 592
338 609
338 708
338 736
338 749
339 927
340 373
340 879
341 346
341 537
341 597
342 373
342 377
342 387
342 540
342 641
342 683
342 719
344 525
344 758
344 918
344 973
344 994
345 737
345 790
345 793
345 800
346 486
346 538
346 547
346 723
347 363
347 573
347 718
348 624
348 686
349 694
349 730
350 596
350 672
350 689
350 709
350 761
350 817
350 978
351 381
351 386
351 636
351 708
351 774
351 825
351 836
351 909
352 382
352 548
352 610
352 801
352 862
352 892
353 413
353 440
353 609
353 707
354 407
354 857
354 863
355 409
355 458
355 532
355 749
355 942
355 979
356 502
356 669
356 707
356 828
356 835
356 885
357 385
357 394
357 475
357 496
357 538
357 913
357 969
357 984
358 365
358 418
358 567
358 648
358 726
358 896
359 512
359 570
359 725
359 815
359 960
360 369
360 554
360 636
360 654
360 733
360 751
360 780
360 906
361 381
361 405
361 626
361 804
361 943
362 370
362 632
363 615
363 617
363 696
364 418
364 452
364 488
364 852
364 983
365 589
365 685
365 709
365 904
366 639
366 670
366 938
367 739
367 752
368 373
368 856
369 415
369 622
369 661
369 875
369 964
370 461
370 840
370 908
370 949
371 637
371 724
371 920
372 858
373 564
373 570
373 951
374 401
374 449
374 458
374 466
374 635
374 758
374 848
375 399
375 544
375 553
375 613
375 645
375 873
375 876
376 872
377 406
377 735
377 806
377 856
378 738
378 833
379 415
379 426
379 737
379 846
379 999
380 546
380 765
380 770
380 822
381 440
381 500
381 689
381 922
382 746
382 762
382 801
382 815
383 418
383 696
383 856
383 979
384 389
384 934
385 592
385 834
385 889
385 958
386 537
387 505
387 583
387 785
387 821
388 434
388 508
388 566
388 816
388 891
388 924
388 927
388 940
390 479
390 544
390 601
390 684
390 700
390 708
390 714
390 720
390 844
390 891
390 893
390 997
391 504
391 650
391 816
391 874
391 918
391 982
392 514
392 517
392 682
392 799
392 809
392 837
393 550
393 665
393 694
393 866
393 899
394 514
394 602
394 914
395 439
395 512
395 591
395 604
395 611
395 808
396 525
397 790
397 825
397 877
398 503
399 434
399 576
399 644
399 827
400 438
400 571
400 605
400 776
401 498
401 506
401 795
401 855
401 856
402 429
402 458
402 596
402 625
402 879
402 901
402 912
403 545
403 569
403 603
403 756
404 546
404 614
404 751
405 761
405 800
406 639
406 666
406 885
407 540
407 621
407 638
407 890
407 942
407 991
408 687
409 463
409 573
409 590
409 665
409 822
410 563
410 671
410 703
410 893
411 446
411 465
411 553
411 687
411 930
411 963
412 547
412 857
412 938
413 539
413 598
413 657
414 420
414 441
414 600
414 795
414 914
414 930
414 933
415 452
415 765
415 878
416 469
417 584
417 828
417 926
417 948
418 684
418 730
418 776
418 831
419 523
419 837
420 492
420 997
421 437
421 547
421 660
421 836
421 924
422 449
422 689
422 709
422 732
422 786
422 968
424 469
424 706
424 811
425 579
425 662
425 772
426 535
426 674
426 712
426 833
427 834
428 855
429 557
429 659
429 715
429 742
429 838
430 791
430 800
431 664
431 690
431 843
431 902
431 928
431 933
431 946
432 443
432 504
433 530
433 595
433 747
434 528
434 617
434 673
434 842
434 946
435 472
435 557
435 732
435 763
435 962
436 693
436 780
436 828
437 686
437 711
439 616
439 678
439 726
439 956
439 983
440 831
440 847
441 468
441 831
441 883
442 589
442 592
442 711
442 805
442 866
444 655
445 485
445 656
445 708
447 448
447 648
447 767
447 857
448 809
448 918
449 497
449 869
449 879
450 659
450 859
451 688
451 757
451 776
452 711
452 764
452 773
452 930
452 967
453 545
453 739
453 985
454 465
454 511
454 705
455 540
455 587
455 801
455 827
456 529
456 552
456 560
456 767
456 826
456 851
457 697
457 814
458 483
458 589
458 739
459 491
459 649
459 798
459 971
460 481
460 638
460 652
460 686
460 871
461 839
462 644
462 937
462 994
463 485
463 719
463 790
464 471
464 533
465 502
465 519
465 536
465 614
465 679
465 780
466 467
466 618
466 637
467 626
467 644
467 867
468 508
468 538
468 553
468 682
468 820
468 886
469 495
469 697
470 505
470 553
471 493
471 496
471 527
471 711
471 836
471 930
472 505
472 817
473 518
473 554
473 657
473 754
473 846
474 847
474 888
475 842
475 985
475 994
476 505
476 613
476 705
476 809
476 913
477 548
477 607
477 643
477 762
477 834
477 940
478 637
478 708
478 726
478 753
478 793
478 794
479 551
479 875
479 967
480 717
480 881
481 515
481 662
481 891
482 522
482 586
482 635
482 641
482 671
482 914
483 674
483 758
484 851
485 510
485 588
485 802
486 501
487 647
488 613
488 622
488 957
489 494
489 565
489 606
489 612
489 824
490 531
490 564
491 494
492 574
492 939
492 976
493 672
493 775
494 687
494 789
495 581
495 636
495 798
495 952
496 764
496 994
497 519
497 587
497 709
498 960
498 964
499 537
500 840
500 914
500 999
501 613
501 659
501 739
501 960
502 819
502 823
502 931
503 706
503 825
503 843
503 926
503 991
504 659
504 802
504 898
504 918
505 512
505 673
505 709
505 835
505 923
506 652
506 666
506 871
506 960
507 559
507 563
507 743
507 932
507 952
507 992
508 760
509 721
509 754
509 756
509 762
509 805
510 991
511 703
512 651
514 684
514 755
514 777
515 731
515 740
516 530
516 584
516 740
516 949
516 974
517 566
517 777
518 542
518 620
518 666
518 901
519 607
519 799
519 901
520 624
520 645
520 876
520 990
522 578
522 892
522 910
522 922
523 893
524 593
524 731
524 934
525 582
525 809
526 900
526 910
527 717
527 924
528 915
529 908
530 669
530 921
530 996
532 880
532 991
533 758
533 870
534 731
534 772
534 909
535 673
535 687
535 740
535 808
535 852
535 891
536 932
536 954
537 606
537 756
538 651
538 841
538 982
539 744
539 747
539 927
540 850
540 943
541 554
541 620
542 737
542 745
542 852
542 888
542 924
543 645
543 842
543 899
544 826
545 579
545 856
545 987
546 564
547 682
547 796
548 552
548 581
548 603
548 934
549 613
549 633
549 682
549 899
550 648
550 869
551 709
551 895
552 923
553 592
553 829
553 868
553 903
553 947
554 850
555 655
555 662
555 914
556 688
556 867
557 764
557 835
557 885
557 936
558 584
558 714
558 728
558 908
558 964
559 640
559 656
559 792
559 844
560 709
561 585
561 783
561 952
562 600
562 617
562 827
563 604
563 695
563 924
564 646
564 703
565 631
565 889
565 943
566 609
566 623
566 629
566 713
566 896
566 985
567 732
568 833
568 861
568 875
569 668
569 830
570 673
570 883
571 580
571 690
571 914
572 639
572 690
572 844
572 924
573 746
573 783
573 812
574 779
574 789
574 914
575 745
575 798
575 865
576 617
576 686
576 749
576 957
577 730
577 922
578 946
579 650
579 743
579 810
579 836
579 885
580 624
580 689
580 699
580 952
581 739
582 690
582 753
583 746
583 857
584 815
584 984
585 766
585 923
586 830
587 800
587 975
588 698
588 732
588 821
589 960
589 963
590 911
590 922
591 617
591 622
591 707
591 896
591 948
592 869
593 873
593 988
593 995
594 696
594 729
594 992
595 643
595 717
595 779
595 869
595 928
596 750
596 791
596 961
597 737
599 601
600 652
600 757
601 743
601 878
601 973
601 983
602 698
602 806
602 923
603 620
603 684
603 705
604 644
604 709
604 793
604 813
604 819
604 833
605 678
605 918
606 688
607 627
608 921
609 946
610 652
610 883
610 961
611 665
611 789
612 796
613 772
614 622
614 770
614 808
614 816
614 847
615 679
615 878
616 893
619 710
619 999
620 703
620 746
620 769
620 819
620 927
621 637
621 979
621 988
622 662
622 713
622 833
622 951
623 778
623 800
623 983
625 841
625 880
626 682
626 693
626 877
626 880
626 889
626 940
627 967
627 986
629 645
630 688
630 870
631 971
632 677
632 720
632 771
632 813
632 856
633 836
633 911
633 959
634 821
634 890
634 891
634 937
635 896
635 936
636 641
636 804
636 846
636 853
637 992
638 755
638 859
638 889
638 925
639 715
639 816
640 684
640 732
640 889
641 729
641 875
642 771
643 796
645 663
645 938
646 700
647 860
647 882
647 983
647 991
648 854
648 863
648 959
649 840
649 853
649 959
651 737
651 818
652 778
653 856
653 903
654 663
654 921
654 996
656 799
656 847
657 733
657 842
657 848
658 682
658 683
658 829
659 795
659 842
660 860
660 914
661 733
661 852
661 881
662 770
663 705
664 766
668 676
668 737
668 748
668 847
669 786
669 800
669 865
671 860
672 927
672 941
674 711
674 954
674 974
675 916
675 989
676 789
677 714
677 732
677 756
677 944
678 693
678 764
678 823
679 801
679 817
679 975
680 765
681 762
681 808
681 894
682 780
682 839
682 891
683 841
683 894
683 925
683 986
684 733
684 880
685 735
685 758
685 774
685 799
685 922
685 972
686 982
688 821
688 841
688 903
688 948
688 977
689 788
689 919
690 757
690 766
690 946
691 729
691 746
692 714
692 813
694 780
694 799
695 808
695 966
696 912
697 878
697 925
697 975
698 815
698 932
699 836
699 872
699 888
700 714
700 776
700 804
701 849
702 865
702 896
703 883
703 931
704 849
704 974
704 976
706 854
706 932
707 741
707 912
708 720
708 832
708 856
709 732
709 849
711 800
713 735
713 798
714 741
714 910
714 949
715 832
716 891
716 899
717 878
717 938
718 806
718 817
718 919
719 841
719 846
719 923
720 823
722 749
722 861
723 759
723 956
723 974
723 990
724 997
725 795
725 864
726 747
726 944
727 736
728 802
728 837
728 855
728 923
728 935
730 922
730 935
731 781
732 747
732 762
732 772
733 751
733 794
733 897
733 992
734 767
734 784
736 982
737 760
738 850
739 870
739 957
740 746
740 788
740 797
741 751
742 796
742 822
743 822
743 913
744 766
744 912
745 967
746 826
748 811
748 829
748 834
748 872
748 901
749 842
750 887
751 925
752 829
755 822
755 831
755 836
755 944
756 966
757 840
758 795
758 812
758 881
758 907
759 876
763 878
763 882
764 899
764 946
765 926
765 987
766 787
767 907
768 804
768 865
769 816
769 847
770 927
771 830
771 935
773 866
773 892
773 960
774 781
774 825
774 835
774 987
775 788
775 867
776 879
777 781
777 805
779 820
780 855
780 994
781 937
781 941
781 950
782 870
784 838
784 840
785 820
785 852
785 950
787 908
787 982
788 855
788 936
789 856
790 814
790 957
792 887
796 820
796 924
796 942
797 986
800 980
801 871
802 819
803 963
804 913
805 989
806 904
806 930
806 983
807 895
808 854
808 966
808 981
810 905
812 853
813 985
816 969
817 824
817 855
818 996
819 957
822 972
823 996
825 948
827 983
829 852
829 999
830 860
831 841
831 958
832 937
834 916
834 955
834 986
836 840
838 966
838 997
839 927
840 987
842 995
843 994
844 909
845 878
846 855
846 984
847 890
847 934
848 869
849 919
849 961
851 930
852 868
852 957
853 907
854 916
854 942
855 886
856 924
857 914
857 960
858 914
858 934
860 964
861 884
861 922
864 909
865 973
866 905
866 970
868 879
868 963
870 958
870 976
871 992
873 899
874 967
876 913
877 907
882 989
884 892
885 995
886 960
890 918
892 929
894 983
897 917
900 946
901 990
901 995
903 980
903 987
904 971
907 916
907 984
908 934
910 945
911 989
917 984
919 931
923 956
926 975
927 930
928 987
929 985
930 965
931 977
934 965
939 998
942 990
946 958
946 969
947 968
950 970
951 972
954 978
964 987
966 996
974 983
978 984
979 985
981 996
985 994
990 995
