0 348
0 459
0 598
0 627
0 725
0 885
1 63
1 64
1 229
1 232
1 408
1 665
1 707
2 102
2 142
2 321
2 582
2 716
2 823
3 6
3 116
3 132
3 307
3 466
3 474
3 572
3 879
3 934
4 42
4 86
4 111
4 271
4 471
5 205
5 391
5 556
6 263
6 278
6 395
6 426
6 822
7 117
7 521
7 581
7 609
7 877
8 819
9 94
9 312
9 515
9 796
9 963
10 21
10 273
10 362
10 953
11 196
11 227
11 596
11 635
11 677
11 904
12 349
12 587
12 638
12 682
12 881
13 49
13 229
13 402
13 453
13 655
13 878
14 295
14 353
14 467
14 530
14 536
14 587
14 659
14 730
14 996
15 43
15 609
15 667
15 847
16 93
16 149
16 214
16 402
16 488
16 525
16 679
16 696
16 892
16 922
16 993
17 198
17 480
17 586
17 875
17 959
18 28
18 82
18 514
18 654
18 932
19 207
19 286
19 383
19 405
19 593
19 738
19 803
19 976
20 828
21 151
21 310
21 323
21 393
21 558
21 630
21 778
22 44
22 63
22 192
22 591
22 702
22 787
22 794
22 799
22 962
22 972
23 155
23 174
23 210
23 237
23 297
23 636
23 805
23 970
24 57
24 233
24 701
24 737
24 847
24 977
25 75
25 369
25 656
25 703
26 271
26 385
26 442
26 549
26 569
26 623
27 118
27 158
27 308
27 724
27 752
27 820
27 937
28 345
28 377
28 812
28 903
29 84
29 124
29 859
29 901
29 927
29 945
29 992
30 150
30 167
30 234
30 741
30 797
30 964
31 154
31 284
31 356
31 864
31 955
32 249
33 131
33 156
33 157
33 445
33 456
33 624
33 706
34 332
34 869
34 930
35 130
35 170
35 261
35 307
35 579
35 586
35 782
35 911
36 85
36 167
36 182
36 193
36 201
36 268
36 514
36 649
36 718
37 374
37 551
38 251
38 492
38 506
38 938
39 510
39 622
40 77
40 285
40 348
40 557
40 715
40 802
41 310
41 597
41 732
41 751
42 52
42 410
42 566
42 603
42 785
42 890
42 894
43 71
43 117
43 180
43 286
43 344
43 595
43 725
43 841
44 211
44 276
44 673
44 714
44 827
45 124
45 448
45 543
45 601
45 664
45 824
45 928
46 79
46 321
46 540
46 549
46 691
46 733
46 943
47 224
47 230
47 630
47 646
47 873
48 308
48 825
48 913
49 104
49 278
49 736
49 885
49 912
50 53
50 366
50 445
50 636
50 883
51 58
51 84
51 85
51 163
51 327
51 339
51 501
51 531
51 652
51 825
51 851
52 219
52 533
52 618
52 638
52 790
53 184
53 375
53 531
53 722
53 857
54 202
54 209
54 370
54 393
54 794
54 850
55 109
55 309
55 334
55 384
55 572
55 613
55 988
56 492
56 677
57 69
57 138
57 370
57 793
57 964
57 994
58 221
58 460
58 842
58 991
59 188
59 646
59 721
59 996
60 112
60 144
60 372
60 449
60 467
60 485
60 828
61 393
61 474
61 628
61 751
62 70
62 143
62 359
62 561
62 848
62 988
63 167
63 253
63 440
63 651
63 946
64 144
64 518
64 864
64 921
64 979
65 529
65 844
65 971
65 987
66 162
66 485
66 735
66 925
67 77
67 171
67 198
67 403
67 423
67 427
67 554
67 734
67 767
67 953
68 118
68 253
68 271
68 282
68 317
68 523
68 733
68 956
69 81
69 219
69 381
69 564
69 741
69 755
69 945
69 955
70 270
70 497
70 533
70 540
70 643
70 682
70 689
70 807
70 903
70 921
70 968
71 413
71 834
71 848
71 881
71 929
72 274
72 307
72 347
72 403
72 712
72 807
73 166
73 257
73 265
73 351
73 366
73 382
73 472
73 575
73 611
73 646
73 774
73 871
73 929
73 982
74 411
74 680
75 109
75 298
75 305
75 311
75 614
75 819
75 829
76 392
76 476
76 544
76 565
76 830
76 917
77 107
77 202
77 289
77 300
77 683
78 133
78 415
78 730
78 732
78 861
78 862
78 876
79 341
79 440
79 573
79 610
79 682
79 719
79 810
79 833
79 967
80 196
80 611
80 745
80 801
80 891
80 938
81 126
81 287
81 360
81 591
82 154
82 497
82 566
82 926
82 999
83 170
83 538
83 561
83 587
84 491
84 564
84 689
84 728
84 967
85 400
85 487
85 510
85 513
85 677
85 916
85 972
86 135
86 201
86 280
86 331
86 426
86 671
86 717
86 751
87 430
87 491
87 669
87 746
87 881
87 935
88 175
88 345
88 643
88 997
89 234
89 331
89 348
89 403
89 673
89 825
90 536
90 588
90 983
90 984
91 535
91 691
91 805
92 317
92 452
92 485
92 623
92 671
93 121
93 253
93 315
93 678
93 766
94 112
94 347
94 470
94 526
95 566
95 824
95 841
95 897
96 134
96 211
96 501
96 762
96 816
97 120
97 523
97 811
98 102
98 309
98 460
98 516
98 663
98 727
99 128
99 181
99 199
99 420
99 533
100 124
100 127
100 167
100 195
100 331
100 612
100 636
100 774
100 825
100 954
100 983
101 434
101 447
101 834
101 935
102 126
102 177
102 263
102 285
102 485
102 602
103 323
103 482
103 968
104 768
104 883
104 919
104 940
105 124
105 141
105 250
105 289
105 532
105 638
105 818
106 318
106 363
106 786
107 163
107 255
107 456
107 474
108 149
108 230
108 412
108 554
109 251
109 297
109 579
109 689
109 835
109 845
110 426
110 630
110 648
110 916
111 112
111 121
111 322
111 733
112 368
112 452
112 820
112 998
113 134
113 271
113 962
113 975
114 132
114 187
114 281
114 495
114 612
114 803
114 961
115 157
115 323
115 351
115 404
115 504
115 597
116 612
116 627
116 949
117 127
117 141
117 540
117 811
117 879
117 953
118 189
118 401
118 596
118 603
118 611
118 800
118 992
119 202
119 291
120 216
120 280
120 327
120 393
120 443
120 544
121 157
121 542
121 669
121 673
121 697
121 925
122 374
122 754
123 145
123 783
123 858
124 444
124 446
124 589
124 631
124 635
124 748
124 995
125 256
125 645
125 731
126 275
126 383
126 482
126 567
126 837
127 176
127 268
127 283
127 370
127 480
127 839
127 879
127 919
128 414
128 581
128 661
128 833
129 473
129 540
129 648
129 674
129 960
130 259
130 290
130 322
130 465
130 481
130 515
131 135
131 196
131 231
131 384
131 418
131 468
131 642
132 231
132 242
132 315
132 410
132 418
132 461
132 676
132 878
133 230
133 261
133 335
133 844
133 874
134 184
134 215
134 301
134 348
134 404
134 504
134 717
134 758
135 285
135 287
135 345
135 384
135 570
135 913
136 348
136 487
136 630
136 848
136 940
137 717
137 914
138 173
138 233
138 377
138 795
139 156
139 337
139 516
139 589
139 632
139 747
140 218
140 385
140 429
140 572
140 611
140 661
140 860
141 347
141 677
141 897
142 154
142 247
142 330
142 625
142 745
142 834
142 955
143 544
143 799
143 862
143 868
144 167
144 443
144 530
144 574
144 592
144 892
144 986
145 215
145 293
145 498
145 616
145 673
145 768
146 202
146 402
146 753
146 832
146 915
147 166
147 298
147 541
147 726
147 776
148 637
148 641
148 710
148 769
148 800
149 238
149 464
149 642
149 692
150 196
150 238
150 294
150 300
150 402
150 566
150 569
150 743
150 941
150 944
151 810
151 878
151 968
151 983
152 169
152 206
152 270
152 493
152 591
152 663
152 727
152 926
153 527
153 847
154 294
154 369
154 571
154 603
154 996
155 406
155 770
155 974
156 445
156 447
156 559
156 606
156 652
156 769
156 840
156 847
156 872
157 388
157 496
157 520
157 619
157 681
157 717
158 372
158 619
158 822
159 203
159 210
159 792
160 183
160 357
160 824
161 855
162 271
162 279
162 295
162 520
162 749
163 201
164 268
164 487
164 547
164 707
164 798
164 882
164 903
164 934
164 999
165 175
165 561
165 642
165 666
165 855
166 198
166 428
166 743
166 774
166 805
166 969
167 204
167 210
167 374
167 863
167 900
167 984
168 225
168 515
168 524
168 660
169 703
169 732
170 268
170 305
170 320
170 394
170 553
170 715
171 455
171 761
171 777
171 932
172 375
172 468
172 481
172 682
173 305
173 344
173 437
173 569
173 611
173 788
174 327
174 484
175 282
175 370
175 462
175 543
176 454
176 631
176 669
176 897
177 242
177 293
177 394
177 450
177 502
177 610
177 676
177 718
177 945
177 960
178 316
178 368
178 687
178 920
178 957
179 199
179 205
179 331
179 355
179 916
180 192
180 309
180 376
180 474
180 650
180 777
181 189
181 477
181 616
181 690
181 859
182 462
182 511
182 644
182 706
182 795
183 403
183 561
183 886
184 684
184 791
184 877
184 975
185 220
185 859
186 203
186 320
186 413
186 460
186 461
186 472
186 481
186 643
186 674
186 899
187 398
187 652
187 661
187 833
187 940
188 196
188 197
188 773
188 802
188 853
188 922
188 953
189 525
189 655
190 250
190 398
190 537
190 661
190 776
191 277
191 349
191 564
191 569
191 623
191 872
192 457
192 653
192 818
193 668
193 784
193 913
194 345
194 441
194 844
194 869
194 917
195 245
195 281
195 426
195 776
195 835
195 998
196 291
196 414
196 425
196 427
196 529
196 654
196 669
196 741
196 774
196 801
197 604
197 792
197 912
198 280
198 807
198 887
198 994
199 283
199 404
199 659
199 772
200 364
201 452
201 598
201 599
201 617
201 928
202 211
202 388
202 513
202 609
202 684
202 988
203 415
203 714
203 734
204 538
204 954
205 435
205 448
205 708
205 717
205 745
205 819
205 827
205 896
206 418
206 577
206 955
207 404
207 770
207 829
208 274
208 546
208 597
208 968
209 491
209 554
209 562
209 617
209 781
209 929
210 563
210 727
210 838
210 889
211 236
211 494
211 931
211 944
212 314
212 671
212 701
212 859
212 885
212 955
213 230
213 237
213 274
213 827
214 584
214 643
214 789
214 816
214 964
215 476
215 625
215 989
215 999
216 608
216 682
216 938
217 297
217 426
217 631
218 272
218 340
218 420
218 527
218 707
218 978
219 276
219 298
219 329
219 354
219 487
219 502
219 566
219 619
219 693
219 712
219 763
219 928
220 354
220 406
220 447
220 455
220 644
220 732
220 880
220 927
220 941
220 977
220 988
221 576
221 697
221 854
222 422
222 635
222 700
222 893
223 342
223 606
223 681
223 805
223 823
224 517
224 650
224 695
225 345
225 591
225 995
226 331
226 335
226 428
226 471
227 422
227 476
227 532
227 533
227 605
227 663
228 289
228 412
228 688
228 755
229 539
229 932
230 414
230 422
230 575
230 634
230 745
231 269
231 337
231 476
231 538
231 567
231 635
231 920
232 398
232 619
232 685
232 894
232 906
233 452
233 515
233 618
233 708
233 801
233 884
233 981
234 305
234 501
234 829
235 441
235 729
235 992
236 583
236 664
236 812
237 322
237 489
237 652
238 288
238 430
238 487
238 490
238 829
239 313
239 413
240 653
240 804
241 290
241 299
241 422
241 649
241 875
242 494
242 668
242 861
243 366
243 394
243 697
243 723
244 768
244 817
244 919
245 263
245 264
245 331
245 663
245 786
245 810
246 325
246 496
246 547
246 702
246 756
247 319
247 373
247 876
247 881
247 991
248 366
248 719
249 312
249 692
250 577
251 342
251 436
251 489
251 644
251 648
251 666
251 672
251 675
251 945
252 435
252 440
252 702
252 849
252 872
252 892
252 962
253 338
253 349
253 511
253 668
253 730
254 259
254 389
254 441
254 561
254 619
254 652
254 824
255 422
255 543
255 649
255 713
255 751
255 933
255 935
255 970
256 262
256 617
256 868
257 296
257 316
257 502
257 572
257 586
257 714
258 314
258 442
258 685
259 335
259 378
259 496
260 357
260 467
260 563
260 678
260 769
260 848
260 929
261 315
261 319
261 627
261 672
261 793
262 581
262 770
262 912
262 973
263 265
263 312
263 411
263 639
263 676
263 978
263 987
264 389
264 471
264 609
264 814
265 616
265 717
265 840
266 272
266 460
266 495
266 524
266 535
266 603
266 734
266 856
267 386
267 415
267 459
267 759
267 922
268 406
268 520
269 359
269 722
269 793
269 851
269 875
270 318
270 355
270 368
270 535
270 653
270 660
270 904
271 567
271 571
271 769
271 985
272 294
272 795
273 576
273 601
273 786
273 869
274 872
275 327
275 399
275 427
275 638
275 658
275 706
275 821
275 898
276 278
276 481
277 457
277 605
277 737
277 818
277 867
278 381
278 416
278 501
278 784
279 596
280 468
280 700
280 794
281 443
281 531
281 867
282 655
282 902
282 922
282 991
283 408
283 826
284 294
284 451
284 515
284 643
284 718
284 767
284 779
284 844
284 845
284 960
285 453
285 499
285 633
285 725
285 897
285 971
286 350
286 943
287 496
287 533
287 608
287 620
287 641
287 748
287 774
287 795
288 332
288 498
288 564
288 598
288 740
288 758
288 806
288 825
288 898
288 947
288 987
289 310
289 438
289 915
290 353
290 462
290 502
290 631
291 531
291 706
291 875
292 528
292 537
292 620
292 760
292 796
292 892
293 464
294 470
294 756
294 763
294 870
295 440
295 638
295 854
297 722
297 984
298 323
298 543
298 654
298 871
299 594
299 773
300 459
300 656
300 677
300 754
300 860
301 337
301 498
301 576
301 686
301 774
301 833
302 451
302 681
302 729
302 953
303 450
303 501
303 732
303 767
303 965
304 693
304 870
305 679
305 806
306 357
306 474
306 574
306 889
306 947
306 966
307 854
307 978
308 347
308 506
308 600
308 605
308 609
308 671
308 983
309 330
309 519
309 557
309 603
309 753
309 776
310 572
310 762
310 793
310 878
310 926
310 965
311 610
311 836
311 854
311 923
312 879
312 952
313 375
313 442
313 552
313 662
313 666
313 705
314 462
314 496
314 560
314 633
314 767
314 906
315 357
315 405
315 529
315 748
315 849
315 882
316 330
316 391
316 456
316 783
316 795
316 815
316 842
317 364
317 501
317 884
317 986
318 444
318 614
318 815
318 844
318 919
319 358
319 452
319 542
319 614
319 820
320 398
320 835
321 325
321 694
321 748
322 352
322 490
322 591
322 859
322 877
322 980
323 665
323 681
324 417
324 599
324 726
324 751
325 452
325 758
325 938
326 827
327 448
327 588
327 939
328 368
328 709
328 869
328 938
329 373
329 503
329 519
329 798
329 876
329 893
329 932
330 850
330 871
330 905
331 741
331 868
331 952
332 482
332 516
332 775
334 371
334 462
335 649
336 697
336 840
336 954
336 965
337 767
337 995
338 809
338 815
339 561
339 574
339 855
340 832
340 918
340 968
342 437
342 525
343 399
343 598
344 831
345 403
345 605
346 468
346 502
346 573
346 702
346 705
346 734
347 395
347 413
347 764
347 954
348 403
348 519
348 577
348 794
348 892
349 518
349 820
349 972
350 519
351 425
351 429
352 630
353 384
353 389
353 458
353 522
353 658
353 694
354 365
354 413
355 385
355 626
355 644
355 649
355 937
355 940
355 990
356 383
356 651
357 400
357 695
357 917
357 981
358 448
358 450
358 614
358 802
359 541
359 894
359 898
359 922
360 746
360 818
360 946
361 394
361 550
361 832
361 938
362 437
362 495
362 518
362 524
362 589
362 659
362 692
362 735
362 753
362 816
363 387
363 431
363 707
363 771
363 795
364 663
364 670
364 682
364 811
364 854
365 441
365 601
365 832
366 379
366 395
366 476
366 477
366 685
366 878
367 700
367 766
368 444
368 532
368 561
368 921
369 438
369 476
369 503
370 374
370 986
371 442
371 650
371 904
371 912
372 636
372 653
372 734
372 895
373 471
373 660
373 800
373 929
373 962
374 599
374 736
374 784
374 786
374 878
374 903
375 583
376 462
376 526
376 809
376 877
376 996
377 544
377 622
377 770
377 777
377 856
378 637
378 774
379 381
379 625
380 581
380 613
380 630
380 693
380 959
381 395
381 424
381 473
381 577
381 758
381 844
382 832
383 572
383 718
383 889
383 968
384 505
384 515
384 676
384 835
384 854
385 550
385 877
385 959
385 976
386 643
386 901
386 927
387 599
387 838
387 939
387 996
388 597
388 636
388 718
388 720
388 780
388 957
389 507
389 838
389 996
390 482
390 562
390 800
390 970
391 547
391 784
392 483
392 621
392 785
392 819
393 470
393 558
393 620
393 893
394 445
394 510
394 526
394 678
394 680
394 724
394 853
394 862
394 936
394 937
395 445
395 448
395 573
395 807
395 811
396 449
396 463
396 529
396 563
396 588
396 676
396 912
396 929
397 645
397 728
397 900
397 924
398 433
398 657
398 696
398 706
398 744
398 864
399 806
399 822
400 463
401 494
401 510
401 584
401 659
402 481
402 629
402 657
402 747
402 816
403 467
403 503
403 553
403 828
404 533
404 582
405 430
405 754
405 811
406 740
406 783
406 995
407 489
407 729
408 564
408 859
409 530
409 652
409 739
409 749
409 769
410 447
410 635
410 820
411 924
411 935
412 688
412 718
412 723
412 839
412 948
413 503
413 644
413 814
414 470
414 653
414 927
415 638
415 657
415 693
416 417
416 739
416 850
416 970
417 520
417 655
417 826
418 475
418 645
418 769
418 854
419 504
419 539
419 642
419 650
419 808
419 967
420 506
420 756
421 484
421 673
421 753
421 787
421 814
422 456
422 641
422 688
422 781
422 887
422 902
423 469
423 668
424 680
424 843
424 874
425 542
425 558
425 654
425 674
426 591
426 609
426 737
426 836
426 952
426 988
427 920
428 771
428 791
429 442
429 484
429 556
429 835
429 919
429 975
430 493
430 660
430 897
430 906
430 964
431 470
431 475
431 729
431 853
432 466
432 563
432 830
433 712
433 959
434 449
434 451
434 528
434 786
434 799
434 914
434 922
435 491
435 850
435 886
435 904
436 538
436 657
436 781
437 438
437 623
437 668
437 671
437 727
437 925
437 939
438 505
438 849
438 891
438 931
439 447
439 652
439 697
439 732
439 879
440 484
440 796
440 808
440 914
441 814
441 904
442 643
442 946
442 964
443 471
443 617
443 733
443 753
443 761
443 924
444 488
444 543
444 579
444 895
445 592
445 841
445 874
445 965
446 465
446 484
446 550
446 964
447 450
447 634
447 669
447 767
447 776
447 953
447 963
448 460
448 564
448 789
448 905
448 956
448 957
449 515
449 940
450 513
450 532
450 562
451 535
451 693
451 790
451 793
451 962
451 982
451 983
452 554
452 684
452 907
453 648
453 670
454 871
454 909
454 931
454 934
455 602
455 616
455 627
455 641
455 676
455 737
455 745
456 571
456 637
456 762
456 846
457 517
457 817
457 924
458 466
458 644
458 680
458 836
459 886
460 917
460 961
461 640
461 828
461 950
462 591
463 711
463 745
463 889
463 890
464 553
464 567
464 692
464 698
464 749
464 817
464 904
464 906
465 536
465 661
465 711
465 790
465 944
465 950
465 956
466 486
466 512
466 681
466 755
466 770
466 775
466 792
466 933
467 471
467 475
467 523
467 658
467 765
468 621
468 811
469 619
470 541
470 718
470 830
470 875
470 892
471 477
471 512
471 528
471 561
471 973
472 517
472 553
472 562
472 887
473 839
473 848
473 873
473 944
474 513
474 542
474 556
474 676
474 875
475 733
476 738
476 929
476 955
477 539
477 790
477 853
478 583
478 705
479 530
479 754
479 847
479 999
480 669
481 630
481 640
481 855
481 865
481 920
482 882
483 745
483 774
483 788
484 506
484 737
484 894
484 904
485 513
485 577
485 697
485 767
486 493
486 644
486 962
487 628
487 729
487 801
487 819
489 752
489 927
490 628
490 762
490 774
490 885
491 524
491 630
491 928
492 562
492 781
492 932
492 974
493 594
493 736
493 807
494 547
494 628
494 760
494 871
495 546
495 745
496 570
496 589
496 650
497 672
497 858
498 557
498 722
498 851
499 571
499 823
499 881
499 887
499 914
500 677
500 905
500 991
501 670
501 744
501 895
501 947
501 960
502 719
503 770
503 842
504 776
504 799
505 522
505 618
505 849
506 522
506 987
507 908
508 883
509 599
509 951
509 970
510 512
510 523
510 671
511 592
511 669
511 735
511 805
511 822
511 879
511 907
511 930
512 551
512 606
512 643
512 817
512 833
512 882
512 955
512 962
513 655
513 659
513 705
513 922
513 960
514 780
514 789
515 535
516 602
516 788
516 972
517 844
518 533
518 624
518 660
518 838
518 932
519 811
519 982
519 985
519 989
520 769
521 651
521 801
523 998
524 770
524 977
524 999
525 586
525 672
525 697
525 761
525 782
525 826
525 858
526 732
526 769
526 940
527 639
527 840
528 771
528 852
529 727
529 752
529 897
530 954
531 641
531 650
531 719
531 722
532 838
533 571
533 573
533 670
533 706
533 776
533 941
535 545
535 663
535 672
535 776
535 903
535 933
535 953
536 758
536 850
536 935
536 958
537 555
537 922
537 973
538 633
540 636
540 813
542 752
542 896
542 920
543 946
543 950
544 803
544 873
544 958
545 613
545 656
545 662
545 750
545 939
546 707
546 842
546 843
548 567
548 610
548 614
548 633
548 844
549 804
549 901
549 940
550 612
550 702
550 975
551 552
551 566
551 576
551 619
552 573
552 701
552 764
553 568
553 672
553 711
553 768
553 817
553 821
554 682
554 689
554 795
555 684
555 689
555 795
555 846
555 906
555 917
556 947
557 566
557 771
557 817
557 984
558 715
558 846
559 661
559 980
559 995
560 887
560 894
560 963
561 591
561 678
561 738
561 821
561 869
561 966
562 578
562 665
562 686
562 725
562 743
562 874
563 623
563 738
563 857
563 867
563 873
565 566
565 610
565 788
565 957
565 973
566 641
566 823
567 649
567 658
567 730
567 976
567 995
568 624
568 696
568 705
568 952
570 641
570 711
570 774
570 807
570 859
571 591
571 701
571 759
571 842
571 936
571 974
572 927
573 629
573 944
573 963
575 630
577 677
578 724
578 768
578 971
579 788
579 928
579 954
580 635
580 764
580 822
583 694
583 699
584 687
584 779
584 969
585 663
585 669
585 732
585 869
586 960
587 598
587 829
588 904
589 909
589 915
590 593
590 629
590 897
590 987
591 751
591 921
592 735
592 736
593 662
594 778
594 801
594 815
594 866
594 955
595 645
595 941
596 608
596 611
596 756
596 805
597 616
597 689
598 650
598 876
599 693
600 611
600 660
600 721
601 770
601 852
601 971
602 692
603 753
604 780
605 707
606 672
606 925
607 669
607 868
607 968
608 638
608 674
608 748
608 944
609 950
611 633
611 973
611 982
612 731
612 774
613 883
614 625
614 643
614 699
614 744
614 918
615 638
615 974
616 697
617 849
617 899
617 991
619 844
620 669
620 732
620 861
621 764
621 990
622 652
622 829
622 929
623 638
623 803
623 885
623 959
624 692
624 764
624 766
624 800
624 803
624 981
625 630
625 746
626 650
626 800
626 850
626 917
627 652
627 734
627 828
627 838
627 941
628 774
628 827
628 898
629 650
629 730
629 779
629 841
629 865
630 994
631 727
631 762
631 767
632 980
635 660
635 799
635 827
635 935
635 997
636 820
636 919
637 794
637 836
637 850
637 900
638 679
638 729
639 661
639 765
639 813
639 933
640 848
640 952
641 745
641 779
642 867
642 984
643 788
644 688
644 851
645 712
645 726
645 772
645 963
646 682
646 867
646 885
646 954
647 726
648 712
648 798
649 667
649 800
649 850
649 917
650 853
651 903
652 947
654 862
655 742
655 745
655 835
657 677
657 910
657 977
658 803
660 663
661 725
661 732
661 757
661 868
662 887
662 999
663 677
663 845
663 943
663 975
664 675
664 958
665 824
665 876
666 725
666 768
666 806
667 963
668 914
671 843
671 869
672 797
673 716
673 876
673 984
674 717
674 860
674 880
674 979
676 755
676 769
676 800
677 940
679 681
679 734
679 742
679 772
679 847
680 683
680 741
680 761
681 701
683 691
683 720
684 745
685 803
686 755
686 967
687 762
688 749
688 753
688 807
689 817
690 744
691 785
692 849
692 879
692 965
693 966
694 774
694 837
697 758
697 857
698 842
698 844
698 974
699 717
699 862
699 967
700 802
701 941
702 885
703 765
703 948
703 966
704 815
704 881
705 870
706 921
707 780
708 721
709 850
710 786
710 893
710 926
714 772
714 776
714 780
714 882
714 901
715 730
715 884
715 939
715 940
716 762
717 748
717 880
718 977
718 985
719 749
719 966
720 922
720 970
721 779
721 838
722 725
723 886
723 937
723 938
724 792
724 951
725 802
725 830
725 936
726 821
726 825
727 822
727 840
727 939
730 799
730 875
730 993
731 845
731 866
732 771
732 828
732 831
733 736
733 846
734 777
734 799
736 784
737 930
738 826
738 927
738 952
738 996
739 747
739 850
740 779
740 888
741 798
742 832
742 857
742 932
743 753
744 902
744 925
745 774
745 920
746 870
747 810
747 924
747 927
748 925
749 872
749 933
749 947
749 969
750 964
751 834
752 763
753 852
753 992
754 815
755 928
756 772
756 785
756 886
757 814
757 914
758 877
759 993
760 801
760 925
762 815
762 943
763 856
763 969
764 869
765 851
766 916
767 930
767 957
768 822
768 863
768 946
770 772
770 849
772 993
773 795
773 838
773 926
775 786
776 990
778 918
780 898
781 824
782 972
782 998
784 879
784 934
785 793
785 985
786 829
789 806
789 827
789 951
789 955
792 886
793 823
793 869
793 914
793 929
793 968
793 973
796 899
796 901
799 850
802 948
803 821
803 909
803 933
803 959
803 963
804 961
806 834
806 949
806 968
810 851
810 921
811 925
812 837
812 845
813 856
813 877
813 937
821 973
823 834
824 825
824 848
825 826
825 857
825 998
826 848
826 850
826 914
827 831
827 902
827 969
828 862
829 884
832 931
834 973
834 996
836 855
836 933
836 986
837 844
837 996
838 847
838 973
839 840
840 963
842 955
843 853
843 972
844 968
847 853
847 904
847 921
848 873
848 978
849 876
850 907
850 960
851 881
852 914
853 891
857 996
859 975
860 977
863 933
864 929
866 872
866 976
869 899
869 980
871 896
872 874
872 901
874 875
876 922
877 905
878 934
881 984
881 987
882 917
883 924
883 938
883 989
884 979
885 945
886 890
888 968
888 969
888 997
889 963
893 964
894 906
896 989
901 980
906 958
906 964
911 956
912 932
917 930
921 971
925 986
926 988
927 941
928 933
929 968
929 985
931 950
931 962
933 940
933 983
936 947
936 956
939 977
941 988
945 990
947 979
949 972
950 956
959 988
984 989
994 996
