0 82
0 143
0 176
0 458
0 530
0 545
0 663
0 832
0 991
1 16
1 179
1 247
1 281
1 391
1 539
1 591
1 917
1 978
2 37
2 112
2 253
2 515
2 599
2 787
2 806
3 53
3 77
3 265
3 483
3 509
3 767
3 834
4 28
4 156
4 203
4 427
4 849
4 883
4 995
5 549
5 613
5 699
5 712
5 716
5 759
5 978
6 69
6 165
6 303
6 367
6 586
6 689
6 766
6 811
7 16
7 621
7 719
7 906
7 968
8 45
8 721
8 736
8 782
8 947
8 977
9 29
9 78
9 254
9 332
9 393
9 474
9 517
9 744
9 778
10 112
10 116
10 591
10 882
11 219
11 438
11 449
11 487
11 777
11 949
12 70
12 142
12 425
12 735
12 982
13 380
13 783
13 856
14 97
14 285
14 390
14 754
14 833
15 410
15 553
15 696
15 759
15 889
15 968
16 361
16 468
16 478
16 663
17 113
17 228
17 263
17 358
17 727
17 845
18 85
18 337
18 566
18 837
18 918
19 35
19 65
19 196
19 482
19 618
19 679
19 702
20 35
20 126
20 238
20 254
20 368
20 370
20 516
20 767
20 949
21 249
21 371
21 592
21 954
21 976
21 998
22 329
22 344
22 449
22 591
23 120
23 176
23 212
23 237
23 393
23 399
23 655
23 742
23 760
24 803
25 40
25 117
25 510
25 843
25 911
26 400
26 688
26 722
26 876
27 251
27 347
27 406
27 709
27 731
28 76
28 185
28 873
28 998
29 328
29 460
29 830
29 936
30 120
30 133
30 538
30 576
30 585
30 746
30 881
30 975
31 241
31 549
31 595
31 656
31 733
32 538
33 351
33 494
33 560
33 615
33 891
33 915
34 147
34 374
34 534
34 620
34 675
34 837
34 840
35 109
35 177
35 609
35 884
36 269
36 780
37 55
37 509
37 752
37 820
38 201
38 319
38 546
38 898
39 54
39 219
39 340
39 675
39 937
39 964
39 991
40 206
40 707
40 880
41 286
41 321
41 386
41 392
41 416
41 650
41 969
42 177
42 318
42 648
42 686
42 754
42 916
43 91
43 464
43 577
43 734
43 751
43 943
44 96
44 191
44 324
44 403
44 413
44 763
44 837
45 529
46 303
46 344
46 457
46 687
47 74
47 323
47 441
47 451
47 520
47 550
47 688
47 727
47 730
47 743
47 747
47 786
47 836
47 884
47 997
48 650
48 671
48 854
49 280
49 318
49 428
49 453
49 516
49 687
49 762
50 60
50 234
50 425
50 609
50 821
51 104
51 149
51 253
51 303
51 432
51 464
51 565
51 612
51 670
52 229
52 418
52 761
52 838
52 909
52 977
53 65
53 280
53 688
53 734
53 795
53 799
53 815
54 56
54 581
54 819
54 837
54 850
54 880
54 968
55 70
55 205
55 318
55 334
55 393
55 429
55 528
55 542
55 959
55 996
56 77
56 255
56 275
56 417
56 462
56 532
56 747
57 582
57 651
57 942
57 989
58 301
58 346
58 354
58 383
58 809
58 869
59 471
59 647
60 536
60 542
60 702
60 719
60 818
61 268
61 293
61 321
61 658
61 696
61 832
62 174
62 353
62 464
62 483
62 541
62 604
63 94
63 114
63 201
63 277
63 374
63 632
63 647
63 854
64 118
64 210
64 439
64 627
64 675
65 95
65 373
65 648
65 689
65 734
65 986
66 175
66 321
66 449
66 525
66 547
66 798
67 215
67 422
67 456
67 595
67 920
67 949
68 173
68 388
68 710
68 775
69 367
69 439
69 551
69 595
70 432
70 624
70 628
70 673
70 837
70 940
71 73
71 123
71 158
71 522
71 550
71 659
71 685
71 911
72 173
72 261
72 664
72 990
73 107
73 124
73 152
73 376
73 439
73 463
73 546
73 802
73 818
74 112
74 116
74 153
74 740
75 176
75 274
75 314
75 357
75 438
75 681
76 189
76 584
76 818
77 112
77 173
77 188
77 244
77 358
77 484
77 626
77 760
77 764
78 334
78 403
78 596
79 103
79 356
79 783
80 87
80 92
80 257
80 408
80 416
80 489
80 523
80 789
80 792
80 857
80 869
80 903
81 98
81 158
81 517
81 771
81 956
82 142
82 373
82 494
82 496
82 653
82 687
83 95
83 250
83 423
83 567
83 653
84 410
84 588
84 745
84 838
85 205
85 441
85 554
85 684
85 927
85 986
86 407
86 494
86 604
86 702
86 888
86 909
87 147
87 209
87 229
87 278
87 526
87 947
87 962
87 964
87 966
88 89
88 263
88 465
88 874
88 908
89 247
89 318
89 445
89 879
90 105
90 127
90 408
90 476
90 962
91 108
91 432
91 544
92 101
92 183
92 505
92 606
92 710
93 165
93 276
93 506
93 745
94 184
94 199
94 409
94 414
95 233
95 264
95 366
95 475
95 478
95 625
95 950
95 989
96 102
96 482
96 522
96 529
96 586
96 594
96 686
97 403
97 414
97 458
98 122
98 269
98 510
98 536
98 713
98 868
98 947
98 986
99 251
99 252
99 374
99 393
99 614
100 200
100 276
100 455
100 625
100 632
101 146
101 376
101 537
101 717
101 800
101 829
101 871
102 349
102 680
102 917
103 153
103 204
103 480
103 485
103 845
103 863
103 955
104 191
104 252
104 325
104 378
104 510
104 629
104 753
104 763
104 765
104 856
104 872
104 921
105 290
105 386
105 654
105 912
106 218
106 257
106 430
106 568
106 874
106 898
106 902
106 958
107 124
107 396
107 397
107 683
107 881
107 966
107 997
108 391
108 408
108 715
108 846
109 246
109 447
109 487
109 611
109 825
109 859
109 890
109 955
110 319
110 585
110 848
110 903
111 133
111 229
111 503
111 927
112 174
112 419
112 551
112 572
112 591
112 601
112 691
112 831
113 121
113 277
113 617
113 702
113 730
113 783
113 976
114 213
114 361
114 585
114 926
115 175
115 378
115 587
115 683
115 767
115 828
115 867
115 994
116 179
116 363
116 601
116 780
116 871
116 904
117 423
118 364
118 401
118 551
118 603
118 769
118 816
119 591
119 663
119 703
119 705
119 809
120 125
120 138
120 170
120 191
120 322
120 334
120 583
120 874
120 915
120 960
121 244
121 509
121 591
121 901
122 316
122 406
122 419
122 678
122 734
122 868
123 232
123 264
123 301
123 648
123 711
123 913
124 303
124 409
124 469
124 491
124 583
125 278
125 738
126 140
126 225
126 247
126 318
126 339
126 437
126 683
126 879
126 916
127 135
127 188
127 230
127 392
127 494
127 989
128 131
128 226
128 239
128 308
128 495
128 640
128 727
128 787
128 842
129 312
129 556
129 566
129 707
129 822
129 930
130 347
130 594
130 703
130 826
131 265
131 466
132 562
132 806
133 574
133 645
133 890
133 901
133 951
134 203
134 358
134 739
134 780
134 910
134 986
135 210
135 253
135 522
135 525
135 595
135 759
135 873
135 914
136 148
136 233
136 472
136 637
136 830
137 227
137 267
137 268
137 290
137 368
137 397
137 615
137 849
137 867
138 156
138 226
138 237
138 488
138 527
138 794
138 871
138 962
139 226
139 357
139 445
139 671
140 206
140 356
140 763
140 890
141 323
141 396
141 429
141 503
141 523
141 838
141 987
142 221
142 359
142 676
142 827
142 835
143 154
143 394
143 418
143 583
143 683
143 703
143 734
143 792
143 872
144 182
145 155
145 228
145 365
145 473
145 584
145 719
145 724
146 398
146 622
146 795
147 351
147 474
147 538
147 563
147 568
147 761
147 835
147 884
148 668
148 777
148 907
148 966
149 300
149 566
149 788
150 320
150 369
150 527
150 923
151 219
151 280
151 651
151 692
151 886
152 214
152 259
152 396
152 409
152 622
152 697
152 791
152 832
152 889
152 909
153 213
153 257
153 373
153 502
153 637
153 877
153 963
153 998
154 162
154 333
154 404
154 467
154 563
154 679
154 766
154 965
155 402
155 621
155 706
155 902
156 275
156 289
156 357
156 506
156 628
156 657
157 188
157 204
157 216
157 543
157 588
157 641
157 880
157 932
158 226
158 298
158 314
158 834
158 920
158 969
159 341
159 374
159 456
159 473
159 662
159 786
160 322
160 416
160 446
160 764
160 821
160 823
160 883
160 979
161 517
161 814
162 315
162 381
162 402
162 411
162 828
163 535
163 574
163 796
164 449
164 628
164 769
164 884
165 795
165 910
166 243
166 397
166 522
167 302
168 206
168 299
168 660
168 675
168 733
169 493
169 700
169 765
170 384
170 391
170 576
170 765
170 784
170 919
171 301
171 752
171 941
171 955
172 331
172 422
172 425
172 937
173 247
173 608
173 773
173 779
174 176
174 190
174 219
174 389
174 629
174 949
175 226
175 298
175 308
175 629
175 707
175 849
176 276
176 512
176 598
176 620
176 894
177 252
177 336
177 364
177 372
177 567
177 622
177 805
178 310
178 782
178 929
179 976
180 184
180 274
180 301
180 367
180 393
180 583
180 593
180 671
180 866
180 871
180 948
181 343
181 429
181 679
181 885
182 391
182 634
182 837
182 933
183 285
183 569
183 699
183 749
184 336
184 441
184 657
184 869
184 903
185 322
185 483
185 825
186 214
186 656
186 660
186 786
186 933
187 222
187 413
187 474
188 270
188 286
188 535
188 607
188 699
188 773
188 784
188 988
189 204
189 359
189 526
189 580
189 611
189 779
189 954
189 967
190 648
190 727
190 842
190 846
191 660
191 765
191 906
192 294
192 477
192 484
192 553
192 811
193 207
193 466
193 550
193 721
193 993
194 606
194 799
194 935
195 277
195 399
195 469
195 537
195 694
195 925
195 982
196 353
196 653
196 709
197 257
197 685
197 802
198 370
198 419
198 681
198 857
198 879
199 228
199 231
199 468
199 572
199 576
199 749
199 768
200 230
200 252
200 440
200 489
200 977
201 228
201 502
201 599
201 672
201 755
202 654
202 806
203 521
204 614
204 652
204 826
204 933
205 575
205 701
205 961
206 266
206 339
206 393
206 597
206 712
206 980
207 441
207 543
207 790
208 322
208 588
209 250
209 391
209 457
209 828
210 562
211 231
211 416
212 345
212 710
212 712
212 772
212 851
212 860
213 225
213 477
213 761
213 842
213 883
214 256
214 397
214 673
215 240
215 338
215 353
215 506
216 490
216 860
217 244
217 326
217 396
217 544
218 387
218 607
219 349
219 409
219 492
219 651
219 967
220 482
220 519
220 716
221 475
221 539
221 708
221 827
221 925
222 614
222 618
223 352
223 516
223 527
223 645
223 975
224 235
224 751
224 832
224 948
225 414
225 555
225 559
225 594
225 827
226 232
226 441
226 525
227 482
227 666
227 867
228 421
228 732
228 844
228 908
229 384
229 430
229 527
229 915
230 428
230 871
231 497
231 533
231 698
231 741
231 744
232 586
232 614
232 846
232 992
233 974
234 266
234 510
234 851
234 976
235 398
235 680
235 795
235 935
235 957
236 288
236 527
237 417
237 652
237 741
237 896
238 240
238 241
238 275
238 304
238 467
238 498
238 834
238 867
239 302
239 407
239 433
239 510
239 519
239 588
239 691
239 788
239 907
240 792
240 838
240 875
240 979
241 257
241 581
241 686
241 879
242 485
242 645
242 871
242 911
242 913
242 933
243 264
243 573
243 574
243 578
243 654
243 667
243 810
244 510
244 603
244 610
244 684
244 776
244 857
245 390
245 398
245 484
245 517
246 326
246 368
246 442
246 698
247 443
247 481
247 736
247 743
247 868
247 983
248 344
249 295
249 506
249 836
249 845
249 930
250 284
250 330
250 351
250 368
250 428
250 749
250 766
251 340
251 632
251 649
252 308
252 578
252 842
253 753
253 805
254 417
254 711
254 751
254 902
254 930
254 975
255 335
255 677
255 723
256 950
256 969
257 400
257 411
257 426
257 459
257 786
257 814
257 909
258 364
258 392
258 730
258 906
258 923
259 308
259 310
259 635
259 761
259 828
260 614
260 718
261 358
261 651
262 329
262 499
262 822
262 925
262 984
263 910
263 929
264 306
264 326
264 369
265 366
265 384
266 355
266 418
266 548
266 619
266 623
266 830
267 620
268 411
268 582
268 645
268 860
268 883
269 285
269 367
269 545
269 710
270 546
270 935
270 952
270 986
271 361
271 386
271 508
271 839
271 954
271 963
272 321
272 376
272 516
272 574
272 962
273 323
273 347
273 511
274 867
274 891
275 471
276 366
276 791
276 886
276 908
277 291
277 450
277 493
277 833
278 325
278 362
278 807
279 371
279 376
279 628
279 629
279 780
279 939
280 316
280 408
280 585
280 855
280 924
281 637
281 854
281 886
282 341
282 377
282 398
282 589
282 640
282 736
282 827
282 926
282 928
283 341
283 512
283 569
283 952
284 515
284 621
284 748
285 303
285 349
285 778
285 780
285 876
285 909
285 959
286 504
286 689
286 819
286 876
286 911
287 296
287 367
287 822
287 966
288 308
288 432
288 609
288 843
288 859
288 952
289 382
289 471
289 748
289 883
290 725
290 770
290 848
290 860
290 983
291 508
292 294
292 322
292 714
292 880
293 307
293 628
293 715
294 310
294 389
294 423
294 770
294 896
295 957
296 314
296 318
296 815
297 532
297 547
297 638
297 892
298 666
299 332
299 409
299 426
300 316
300 377
300 403
300 446
300 501
300 691
300 733
300 817
300 865
301 683
301 892
302 528
302 729
303 420
303 435
303 654
303 738
303 778
303 951
303 991
304 325
304 515
304 686
305 347
305 440
305 488
305 579
305 714
305 809
306 349
306 708
306 932
307 927
308 734
308 911
309 455
309 626
309 647
309 732
309 960
310 316
310 519
310 671
310 749
310 870
310 964
311 328
311 354
311 605
311 704
311 856
311 865
312 508
312 578
313 400
313 646
313 920
313 962
314 322
314 619
314 714
314 797
315 452
315 535
315 549
315 732
316 786
316 819
317 714
317 727
317 751
317 829
318 510
318 562
318 582
318 848
319 380
319 422
319 584
319 704
319 998
320 645
320 857
320 965
321 339
321 349
321 567
321 687
321 726
321 756
321 812
321 831
321 885
322 582
323 541
323 772
324 515
324 590
324 721
324 777
324 785
325 428
325 480
325 536
325 756
325 813
326 526
326 744
327 394
327 488
327 673
328 340
328 448
328 511
328 589
328 595
328 646
328 711
329 332
329 404
329 464
329 583
329 772
329 843
330 747
330 769
330 880
331 509
331 557
331 626
331 844
331 890
331 917
332 566
332 641
332 654
332 918
332 923
332 925
332 955
333 345
333 602
333 614
333 617
333 875
333 914
334 833
335 441
335 809
336 360
336 426
336 453
336 503
336 516
336 816
336 968
337 479
337 674
337 712
337 726
337 863
337 913
338 479
338 777
338 981
340 747
341 359
341 933
342 445
342 447
342 455
342 554
342 766
343 364
343 533
343 744
343 787
343 792
344 361
344 400
344 449
344 552
344 586
345 497
346 548
346 672
346 733
346 824
346 935
347 627
348 624
348 757
349 398
349 627
349 752
349 787
349 881
350 612
350 780
350 975
351 398
351 544
351 642
351 983
352 870
352 923
353 399
353 460
353 528
353 624
353 793
354 381
354 410
354 604
354 706
354 767
354 910
355 559
355 958
356 589
356 681
356 686
356 929
357 480
357 657
357 834
357 949
358 480
358 515
358 926
359 408
359 737
359 884
359 938
359 983
360 460
360 522
360 617
360 716
360 790
361 419
361 720
361 812
361 901
361 968
363 429
363 435
363 554
363 786
363 888
363 946
365 446
365 787
366 481
366 737
366 909
367 545
367 623
367 978
368 437
368 452
368 701
368 884
368 945
369 507
369 605
369 664
369 824
369 912
370 564
370 651
370 797
370 926
371 382
371 603
371 906
372 428
372 479
372 657
372 906
372 913
373 724
373 844
374 545
374 736
374 857
375 914
375 980
376 446
376 759
376 840
377 564
377 585
377 591
377 599
377 742
377 856
378 435
378 465
379 447
379 675
379 718
379 799
379 886
379 919
380 520
380 547
380 688
380 945
381 464
381 497
381 538
381 649
381 861
381 882
381 897
382 474
382 477
382 539
382 681
382 888
382 928
383 417
383 455
383 602
383 728
383 746
383 824
383 866
384 404
384 457
384 963
385 576
385 709
385 726
385 734
385 886
385 892
385 914
385 941
385 977
385 991
386 575
386 619
386 660
386 756
387 606
387 611
387 680
387 732
387 786
387 990
388 647
388 807
388 855
389 511
389 708
389 759
389 884
389 935
390 536
390 700
390 996
391 544
391 559
391 723
391 907
392 399
393 416
393 500
393 692
394 495
394 533
394 558
394 645
394 696
395 513
395 789
395 898
395 941
395 967
396 640
396 742
397 768
397 868
397 948
398 417
398 760
398 853
399 405
399 698
399 791
399 984
400 511
400 539
400 669
400 671
400 845
400 888
400 920
400 937
401 565
401 595
401 612
401 916
402 444
402 594
402 908
403 791
404 760
404 786
405 590
406 415
406 498
406 718
406 770
407 414
407 542
407 753
408 966
409 411
409 502
410 813
411 419
411 670
411 756
411 782
411 924
412 444
412 565
412 700
412 771
412 988
413 620
413 915
414 440
414 462
414 680
414 712
414 886
414 981
415 461
415 531
415 533
415 557
415 914
415 943
415 969
416 514
416 585
416 601
416 744
416 769
416 811
417 482
417 697
417 744
417 834
417 857
417 910
417 940
418 684
418 735
418 783
418 883
418 970
419 431
419 443
420 550
420 620
420 731
421 471
422 850
423 601
423 889
423 898
423 921
424 455
424 465
424 549
424 897
424 917
425 446
425 629
425 887
425 969
426 559
426 640
426 989
427 695
427 727
427 861
428 511
429 601
429 629
429 741
430 552
430 602
430 733
430 990
431 636
431 649
431 693
431 922
432 763
433 806
433 961
434 439
434 610
434 686
435 470
435 553
435 724
435 782
435 923
436 838
437 499
437 517
438 717
438 791
438 817
439 713
439 773
439 894
440 513
440 662
441 515
441 785
441 812
441 966
442 618
442 706
442 761
442 766
442 814
443 738
443 853
443 928
443 964
443 975
444 458
444 480
444 516
444 731
444 797
444 976
445 671
445 683
445 756
445 885
445 921
446 644
446 699
446 763
446 881
447 539
447 657
447 760
447 763
448 585
448 650
448 701
448 746
448 751
448 877
448 894
448 900
448 907
449 700
449 716
449 941
450 536
450 665
450 672
450 911
451 635
451 637
451 725
451 751
451 778
452 613
452 755
452 887
453 698
453 702
453 893
454 541
454 567
454 618
454 634
454 747
454 754
454 782
454 784
455 625
455 674
455 848
456 581
456 716
456 769
456 796
457 846
458 485
458 531
458 595
458 724
458 778
459 534
459 787
460 461
460 558
460 887
460 908
460 938
460 983
461 540
461 674
461 910
461 957
461 965
462 647
462 752
462 816
462 902
463 653
463 980
464 473
464 795
464 872
464 913
465 514
465 550
465 952
466 477
467 501
467 554
467 565
467 594
467 858
467 939
468 477
468 494
468 517
468 882
469 575
469 658
469 770
469 856
469 956
469 971
470 476
470 647
470 829
471 743
471 996
472 700
472 798
473 550
473 652
473 658
473 759
473 905
474 647
474 884
475 691
475 867
475 874
476 531
476 553
476 900
476 979
477 717
477 773
477 864
477 974
478 567
478 620
478 700
479 631
479 681
479 906
480 728
480 761
480 764
480 821
480 874
481 556
481 611
481 630
481 834
481 909
482 721
483 514
483 601
483 834
483 882
484 699
484 909
485 602
485 702
485 738
485 824
485 989
486 783
486 851
486 871
486 897
487 498
487 637
487 877
488 631
488 687
488 832
488 960
489 508
489 552
489 589
489 803
489 814
489 844
489 881
490 608
490 622
490 673
490 687
491 927
492 561
492 855
492 863
493 525
493 586
493 595
493 742
493 894
493 916
494 701
494 864
494 958
494 962
495 498
495 551
495 566
495 687
495 941
496 715
496 970
497 524
497 620
497 697
497 813
497 818
498 536
498 699
498 776
498 860
498 869
498 890
499 658
499 804
500 547
500 864
500 927
500 991
501 515
501 642
501 871
501 895
502 504
503 792
503 908
503 967
504 702
504 782
504 857
504 946
505 565
505 845
506 715
507 619
507 773
507 800
507 901
509 578
509 654
509 775
509 829
509 931
510 866
511 789
511 833
512 629
512 837
513 671
513 685
513 753
513 962
515 987
516 529
516 573
516 917
517 633
517 674
517 746
517 769
518 801
518 857
518 884
519 661
519 813
519 907
519 971
519 986
521 619
521 758
521 789
521 821
522 686
524 814
524 913
524 954
525 910
526 622
526 657
526 692
526 713
526 846
526 902
527 624
527 826
527 900
527 902
527 990
528 532
528 631
528 816
528 935
528 973
529 535
529 570
529 750
530 600
530 627
530 723
531 880
532 732
532 882
532 903
533 822
533 837
534 945
535 613
535 692
535 743
535 814
536 785
536 891
536 909
537 849
537 986
538 613
538 628
538 637
538 655
538 696
539 589
539 590
539 665
539 907
539 948
540 657
540 843
541 607
541 851
542 722
542 928
543 892
544 736
544 879
544 951
545 840
545 886
546 651
547 578
547 593
547 638
547 699
547 815
548 554
548 720
549 707
549 735
550 611
550 698
551 622
551 684
552 757
552 903
553 700
553 891
553 971
554 884
555 706
555 818
555 955
557 745
557 761
557 991
558 562
558 610
559 966
560 610
560 652
560 659
560 824
562 912
564 598
564 703
564 939
565 598
565 855
565 871
565 915
566 635
566 928
566 933
566 990
567 866
567 888
567 923
568 652
568 685
568 830
569 841
569 847
570 884
570 987
571 806
571 822
572 608
572 619
572 689
573 643
573 652
573 688
573 804
573 880
573 975
574 684
574 811
575 753
575 785
576 586
576 687
576 785
576 969
577 584
577 723
577 756
577 870
577 989
578 586
579 737
579 933
580 734
580 947
581 786
581 911
582 973
583 705
583 957
584 634
584 780
584 792
584 846
584 940
585 596
585 787
586 984
587 606
587 989
588 770
588 989
589 609
589 725
589 752
589 864
590 594
590 873
590 931
590 974
591 615
591 629
591 641
591 676
591 768
591 803
591 889
591 995
592 666
592 755
592 794
592 887
593 765
595 665
595 708
596 720
596 856
596 913
596 991
597 619
597 708
597 807
597 832
597 872
597 890
598 673
599 680
599 748
600 895
600 905
601 774
601 899
601 974
602 795
602 838
602 873
602 945
603 854
603 895
604 735
605 884
606 714
606 776
606 858
606 875
606 926
606 990
607 725
607 779
607 990
608 737
608 894
608 931
608 967
609 759
610 972
612 672
612 760
612 959
613 697
613 877
614 636
614 867
616 882
616 935
616 965
617 669
617 758
617 768
617 911
618 621
618 847
618 863
619 654
619 778
619 982
620 632
620 873
621 624
621 880
622 807
622 867
622 927
622 928
623 631
623 778
623 785
623 912
623 935
624 780
624 782
624 829
625 639
625 721
625 774
625 950
626 632
626 646
626 805
626 867
627 803
627 848
628 662
628 680
628 827
629 738
629 823
630 789
630 956
631 708
631 752
631 834
631 935
632 966
633 861
633 875
633 925
634 730
634 766
634 965
635 869
636 952
638 685
638 718
638 822
638 969
639 677
639 803
639 979
640 909
640 961
641 658
641 674
641 797
642 686
642 797
642 840
642 910
642 953
643 672
643 779
643 791
643 908
644 917
644 984
645 887
646 817
646 861
648 916
650 816
650 886
651 889
651 892
651 993
652 828
652 842
652 877
652 987
654 857
655 796
655 803
655 817
656 707
657 761
657 992
658 779
658 793
658 841
658 870
658 909
659 755
659 915
660 790
661 791
662 702
662 842
663 771
663 891
663 933
663 952
663 953
663 994
664 737
664 779
664 922
665 705
665 722
665 791
665 838
665 981
666 957
667 692
667 924
667 951
668 687
668 698
668 729
671 765
671 850
673 791
673 818
673 979
674 676
674 838
675 865
675 986
676 714
676 852
676 930
677 757
677 832
677 886
678 776
678 973
679 926
680 723
680 726
680 736
680 891
681 734
681 745
682 737
683 752
683 799
683 945
685 841
686 893
686 931
687 883
689 860
690 703
690 784
690 997
691 807
691 862
692 794
692 893
692 912
692 955
692 967
693 771
695 899
696 715
697 916
699 766
699 812
699 999
700 845
701 837
701 988
702 846
702 896
702 975
703 716
703 925
704 852
705 827
706 842
707 826
708 737
708 773
710 720
710 726
710 823
711 922
712 764
712 977
713 749
713 810
714 824
715 750
715 817
716 870
717 950
718 791
720 748
721 801
723 962
724 821
724 825
724 954
725 933
726 766
727 766
727 927
728 903
728 949
728 961
729 804
729 811
730 740
730 810
730 850
732 915
733 812
733 905
733 943
734 765
734 819
735 807
735 899
736 984
737 782
738 968
740 927
741 753
742 972
743 876
743 949
744 878
744 896
745 771
745 956
745 999
746 765
746 859
747 921
747 960
748 755
748 976
749 791
749 801
749 916
751 881
752 932
753 855
754 782
754 795
757 872
760 893
761 984
762 828
762 883
763 767
763 797
763 961
763 963
763 982
764 986
765 869
766 843
766 924
766 959
767 768
768 794
768 827
768 923
768 945
769 796
770 777
771 787
771 877
772 838
773 791
773 855
773 940
773 968
775 799
776 803
778 958
779 780
779 792
780 810
780 976
781 926
782 815
782 897
782 931
783 991
784 847
784 870
785 872
785 911
785 985
786 942
787 826
787 959
789 817
790 935
791 891
792 865
793 874
795 875
796 879
800 821
801 849
801 944
802 876
805 870
805 894
806 826
808 809
810 850
810 880
812 853
813 883
814 858
817 938
818 868
819 884
819 906
820 898
820 939
822 872
822 919
825 861
827 932
829 851
829 982
830 878
830 977
832 920
834 948
834 956
835 841
835 907
835 914
837 973
838 927
840 954
841 867
841 917
842 885
842 946
843 999
844 904
844 920
845 907
847 853
850 928
851 867
851 901
852 987
853 921
854 890
855 863
856 932
858 888
858 906
859 914
862 923
862 931
862 992
863 997
865 925
866 905
867 911
867 955
868 896
868 918
873 915
873 938
873 987
874 927
876 892
877 889
879 969
881 957
883 958
884 971
885 927
885 964
887 945
891 949
892 928
896 930
897 972
900 939
900 956
902 917
902 957
903 930
905 912
905 952
908 992
912 986
913 973
920 948
924 953
931 950
931 973
932 949
938 951
939 966
939 980
941 952
944 953
949 960
950 959
952 987
954 957
968 989
969 997
977 978
