0 265
0 406
0 591
0 655
0 860
0 935
1 152
1 510
1 759
1 975
2 213
2 696
3 200
3 698
4 153
4 279
4 298
4 361
4 678
4 682
4 778
4 791
4 837
4 975
4 991
5 66
5 484
5 510
5 658
5 823
6 159
6 616
6 624
6 635
6 715
6 743
7 38
7 186
7 642
7 766
7 997
8 133
8 271
8 371
8 402
8 543
8 587
8 746
8 996
9 51
9 487
9 639
9 680
9 845
9 917
10 122
10 176
10 188
10 384
10 430
10 478
10 582
11 110
11 347
11 545
11 601
11 659
11 875
12 88
12 451
12 665
13 243
13 496
13 872
13 990
14 48
14 121
14 213
14 488
14 498
14 722
14 733
14 789
15 28
15 38
15 132
15 533
15 631
15 676
16 609
16 816
16 826
17 58
17 95
17 123
17 403
17 467
17 960
18 137
18 404
18 530
18 773
18 910
18 979
19 263
19 349
19 378
19 664
19 692
19 766
19 850
20 39
20 76
20 190
20 262
20 413
20 940
21 123
21 266
21 324
21 417
21 428
22 132
22 342
22 352
22 386
22 484
22 663
22 756
22 814
22 855
22 948
22 968
22 996
23 63
23 122
23 528
23 676
23 782
23 908
24 289
24 442
24 479
24 695
24 791
24 803
24 873
24 877
24 962
25 92
25 546
25 748
25 857
26 293
26 387
26 440
26 484
26 501
26 621
26 923
26 967
27 132
27 187
27 287
27 356
27 378
27 678
27 717
27 991
28 40
28 89
28 193
28 364
28 960
29 297
29 344
29 797
29 817
30 114
30 191
30 516
30 641
30 698
30 708
30 829
31 378
31 838
31 905
31 968
32 90
32 161
32 487
32 576
33 104
33 307
33 420
33 540
33 638
33 765
33 881
34 202
34 213
34 491
34 530
34 542
34 582
34 671
34 876
35 93
35 603
36 208
36 282
36 444
37 169
37 200
37 299
37 682
37 918
38 45
38 55
38 291
38 392
38 450
38 643
38 686
38 818
39 120
39 174
39 234
39 354
39 489
39 720
39 735
39 814
40 112
40 196
40 293
40 413
40 624
40 790
41 63
41 87
41 380
41 715
41 919
42 98
42 122
42 288
42 319
42 536
42 662
43 80
43 219
43 333
43 400
43 597
43 612
44 102
44 720
44 824
44 911
44 984
45 584
45 597
45 823
46 442
47 226
47 432
47 535
47 715
48 105
48 305
48 348
48 449
48 720
48 894
48 947
49 90
49 252
49 640
49 745
50 205
50 243
50 477
50 666
50 694
51 337
51 382
51 510
51 740
52 73
52 242
52 312
52 337
52 430
52 606
52 808
52 865
52 888
54 244
54 645
54 793
54 798
54 814
54 987
55 223
55 323
55 342
55 352
55 446
55 665
55 856
55 895
56 148
56 526
56 644
56 702
57 148
57 515
57 539
57 611
57 822
57 877
57 918
58 506
58 537
58 955
59 258
59 264
59 574
59 745
59 819
59 901
60 183
60 428
60 518
60 591
61 199
61 434
61 643
61 723
61 823
61 829
62 291
62 304
62 390
62 434
62 654
62 867
63 144
63 368
63 418
63 458
63 954
63 955
64 185
64 242
64 401
64 745
65 118
65 301
65 394
65 551
65 842
66 233
66 281
66 384
66 436
66 468
66 579
66 660
66 804
67 234
67 355
67 718
68 152
68 213
68 217
68 308
68 473
68 763
68 785
68 850
68 876
68 973
69 205
69 357
69 387
69 853
69 917
69 931
70 113
70 125
70 516
70 564
70 866
70 909
71 334
71 412
71 489
71 620
71 693
71 912
72 315
72 396
72 784
72 847
73 172
73 203
73 566
73 651
73 927
73 947
73 952
74 75
74 129
74 162
74 259
74 336
74 365
74 620
74 621
74 714
74 777
75 374
75 545
75 664
75 730
76 196
76 270
76 359
76 366
76 374
76 736
76 790
76 804
77 232
77 411
77 701
77 966
78 220
78 238
78 294
78 455
78 529
78 757
78 856
78 897
78 929
78 964
79 223
79 456
79 469
79 646
79 700
79 704
79 757
79 872
79 890
80 332
80 463
80 593
80 618
80 639
80 779
81 114
81 323
81 428
81 647
81 668
81 769
81 822
81 895
82 170
82 714
82 826
82 852
83 328
83 645
83 782
83 922
84 200
84 307
84 342
84 367
84 833
84 969
85 599
85 816
85 959
85 969
86 232
86 379
86 404
86 406
86 415
86 423
86 447
86 514
86 608
86 769
86 862
87 130
87 341
87 741
87 988
88 396
88 444
88 474
88 752
89 232
89 345
89 723
89 759
90 92
90 313
90 348
90 364
90 741
90 867
90 890
90 946
90 948
90 980
91 130
91 184
91 187
91 414
91 636
91 877
92 449
92 486
92 634
92 775
92 984
93 143
93 380
93 617
93 944
94 321
94 449
94 575
94 964
95 237
95 294
95 335
95 443
95 640
95 885
95 941
95 974
96 99
96 225
96 227
96 346
96 362
96 449
96 489
96 701
96 883
96 976
96 999
97 243
97 479
97 664
97 754
97 758
97 782
98 174
98 267
98 279
98 946
99 125
99 186
99 309
99 604
99 759
99 798
99 896
100 448
100 476
100 767
100 861
100 883
101 356
101 384
101 663
101 791
101 926
102 235
102 447
102 534
102 631
102 844
103 384
103 487
103 568
103 627
103 642
103 656
103 863
103 871
103 874
103 907
103 979
103 987
103 989
104 446
104 482
104 537
104 550
104 580
105 139
105 142
105 151
105 581
105 749
105 802
105 876
106 474
106 625
107 502
107 568
107 632
107 735
107 738
107 773
107 813
107 928
108 699
108 803
109 227
109 456
109 943
110 120
110 188
110 535
111 361
111 667
112 462
112 792
112 820
112 857
113 296
113 606
113 755
113 861
113 921
113 943
114 136
114 195
114 444
114 501
114 768
114 791
114 797
114 830
114 999
115 580
115 732
115 836
116 137
116 203
116 253
116 641
116 780
117 167
117 657
117 726
117 809
117 845
117 926
118 400
118 586
118 714
118 729
118 736
118 854
119 467
119 665
120 222
120 514
120 760
120 809
121 386
121 412
121 566
121 638
121 654
121 753
121 757
121 784
121 986
122 383
122 462
122 979
123 252
123 343
123 595
123 737
123 799
124 274
124 663
124 805
124 965
125 181
125 654
125 822
126 343
126 627
126 848
127 149
127 276
127 574
127 851
128 266
128 490
128 832
129 133
129 134
129 185
129 187
129 361
129 467
129 522
129 542
129 682
129 978
130 159
130 459
130 663
131 531
131 683
131 796
131 922
132 218
132 236
132 396
132 533
132 673
132 794
132 924
132 968
132 996
133 224
133 225
133 259
133 893
134 162
134 316
134 400
134 688
135 199
135 269
135 337
135 620
136 306
136 386
136 502
136 587
136 965
137 207
137 251
137 274
137 328
137 426
137 518
137 802
137 839
138 244
138 291
138 543
138 631
138 663
138 958
140 166
140 553
140 568
141 467
141 473
141 580
141 612
141 746
142 482
142 587
142 902
142 955
143 372
143 432
143 541
143 612
143 705
143 744
143 792
143 925
144 299
144 336
144 506
144 624
144 837
144 845
145 172
145 505
145 570
145 584
145 901
146 452
146 757
146 834
146 895
147 322
147 491
147 602
147 874
147 911
148 151
148 446
148 699
148 760
148 789
149 198
149 341
149 792
149 965
150 484
150 554
150 683
150 795
150 826
151 159
151 400
151 430
151 601
152 393
152 410
152 433
152 450
152 478
152 488
152 595
152 614
152 769
152 886
153 316
153 481
153 620
153 789
154 272
154 565
154 985
155 160
155 527
155 703
155 738
155 806
155 811
155 830
156 207
156 361
156 483
156 550
156 902
156 970
157 201
157 512
157 902
157 972
158 178
158 262
158 330
158 447
158 553
158 558
158 592
159 168
159 341
159 438
159 907
159 931
160 206
160 270
160 302
160 533
160 612
160 716
160 750
160 767
160 803
161 558
161 596
161 714
161 815
161 904
162 528
162 695
162 813
163 172
163 200
163 432
163 436
163 550
163 612
163 912
164 322
164 383
164 516
164 549
164 564
164 845
164 856
165 320
165 388
165 576
166 356
166 501
166 626
166 793
166 833
167 301
167 386
167 675
167 699
168 249
168 338
168 505
168 552
168 554
169 217
169 352
169 523
169 566
169 602
169 700
169 741
169 752
169 842
170 563
170 611
170 884
171 236
171 351
171 729
171 731
171 833
172 439
172 554
172 662
172 671
172 900
173 197
173 280
173 550
173 727
173 753
173 908
173 926
173 969
174 189
174 648
174 681
174 859
174 873
175 342
175 519
175 802
175 850
175 920
176 244
176 330
176 398
176 746
176 796
176 823
176 856
176 908
176 932
177 379
177 490
177 604
177 675
177 717
177 787
178 202
178 366
178 520
178 537
178 678
179 235
179 404
179 426
179 739
179 799
180 619
180 808
180 959
181 357
181 689
181 725
181 754
181 797
182 322
182 402
182 716
182 986
183 906
184 616
184 777
185 387
185 424
185 798
185 817
186 335
186 353
186 798
186 829
186 894
186 979
187 210
187 439
187 940
188 200
188 480
188 629
188 795
189 223
189 367
189 387
189 405
189 450
189 459
189 798
190 312
190 327
190 496
190 935
191 610
191 957
191 998
192 215
192 261
192 587
192 686
192 995
193 297
193 410
193 810
194 199
194 495
194 900
195 821
195 884
196 223
196 259
196 904
197 226
197 379
197 756
197 904
197 922
198 271
198 476
198 558
198 640
198 692
198 696
198 882
199 372
199 583
199 720
199 861
199 865
199 927
199 972
200 244
200 260
200 283
200 410
200 896
201 635
201 671
201 677
201 832
201 948
201 994
202 227
202 552
202 574
202 584
202 747
203 444
203 516
203 676
203 869
204 329
204 336
204 672
205 276
205 589
205 959
206 212
206 243
206 394
206 565
206 971
207 519
207 542
207 564
207 844
208 272
208 330
208 611
208 680
208 681
208 872
208 905
209 266
209 603
209 852
209 896
210 465
210 744
210 836
210 853
210 950
211 450
211 534
211 614
211 925
212 408
212 437
212 545
212 755
212 797
212 865
212 912
213 268
213 294
213 823
214 274
214 467
214 579
214 616
214 856
214 858
214 870
215 229
215 458
215 675
216 875
216 972
217 230
217 238
217 289
217 551
217 601
217 659
217 868
217 901
218 315
218 421
218 475
218 878
219 228
219 317
219 401
219 586
219 859
220 269
220 473
220 657
220 867
221 318
221 650
222 380
222 532
222 548
222 725
222 774
222 801
222 969
223 292
223 463
223 681
223 725
223 955
224 230
224 257
224 420
224 437
224 725
224 811
225 233
225 326
225 390
225 470
225 652
225 895
225 902
226 241
226 364
226 777
226 824
226 889
227 255
227 267
227 331
227 479
227 824
228 246
228 551
228 562
228 572
228 646
228 648
228 702
228 760
228 792
229 418
229 485
229 494
229 528
229 739
229 958
230 284
230 318
230 460
230 511
230 592
230 808
231 271
231 592
231 824
231 846
232 587
232 609
232 614
232 675
232 741
232 935
233 634
233 741
233 881
234 249
234 275
234 617
234 834
235 248
235 293
235 624
235 921
237 472
237 615
237 626
237 909
237 918
238 651
238 665
238 831
239 437
239 782
240 280
240 360
241 298
241 699
241 771
241 900
242 386
242 631
243 399
243 400
243 478
243 564
243 806
243 848
244 359
244 393
244 428
244 509
244 562
244 571
244 873
244 897
245 432
245 818
246 254
246 258
246 378
246 570
246 746
247 405
247 481
247 537
247 632
247 659
247 838
248 359
248 695
248 706
248 742
249 314
249 358
249 361
250 478
250 571
250 600
250 916
251 257
251 553
251 896
252 374
252 511
252 517
252 618
252 736
253 385
254 529
255 259
255 266
255 884
256 467
256 596
256 670
256 704
256 923
256 924
257 364
257 465
257 548
257 592
257 678
257 863
257 896
257 992
258 422
258 435
258 674
259 319
259 518
259 569
259 652
259 835
259 900
259 920
259 973
260 284
260 772
260 940
261 498
262 295
262 311
262 327
262 369
262 744
262 846
262 919
262 999
263 491
263 521
263 533
263 551
263 732
264 388
264 702
265 266
265 432
265 607
265 825
265 988
266 487
266 574
266 664
267 359
267 519
267 522
267 600
267 871
268 281
268 342
268 391
268 449
268 507
268 730
268 832
269 288
269 711
269 760
269 783
270 385
270 693
270 791
270 994
271 426
271 581
271 592
271 612
271 851
271 901
272 325
272 688
272 939
273 612
273 625
273 893
274 429
274 556
274 747
275 734
275 847
276 460
276 833
276 876
277 308
277 384
277 451
277 659
277 807
278 795
278 980
279 446
279 535
279 621
279 678
279 746
279 783
279 860
280 281
280 423
280 430
280 445
280 758
281 425
281 602
281 713
281 820
281 957
281 975
282 429
282 534
282 629
282 689
282 866
283 443
283 482
283 562
283 563
283 636
283 712
284 624
284 863
284 883
284 884
285 334
285 696
286 469
286 682
287 378
287 497
287 926
287 961
288 704
288 744
288 808
288 821
288 896
288 972
289 325
289 458
289 655
289 680
289 711
289 716
289 810
289 892
289 919
290 314
290 762
290 811
290 970
291 448
291 735
291 842
291 846
291 975
292 416
292 449
292 469
292 496
292 572
293 304
293 963
294 369
294 456
294 537
294 719
294 965
295 299
295 638
295 693
295 917
296 325
296 682
296 714
296 724
296 936
297 303
297 376
297 832
297 865
298 383
298 408
298 423
298 530
298 999
299 454
299 502
300 349
300 373
300 822
300 927
301 389
301 444
301 880
302 445
303 995
304 455
304 463
304 471
304 553
304 832
304 931
305 486
305 740
305 752
305 777
305 834
305 884
306 317
306 550
306 591
307 319
307 325
307 356
307 562
307 593
307 660
307 665
307 752
307 758
308 585
308 772
308 887
309 357
309 358
309 404
309 472
309 914
309 919
310 647
310 810
311 384
311 410
311 549
311 672
311 796
312 394
312 618
313 369
313 376
313 560
313 664
313 667
313 673
313 945
313 991
314 363
314 415
314 461
314 467
314 560
314 775
314 786
314 995
315 448
315 827
315 950
316 436
316 513
316 723
316 733
316 846
316 922
317 356
317 366
317 405
317 518
317 532
317 770
318 368
318 627
318 693
318 731
318 834
318 875
318 889
318 905
319 623
319 691
319 732
319 808
320 386
320 411
320 541
320 612
320 710
320 794
320 804
320 946
321 435
321 487
321 496
322 500
322 519
322 574
322 844
322 875
322 938
323 983
323 987
324 364
324 670
324 709
324 886
324 931
324 993
325 401
325 480
325 493
325 604
325 813
325 842
325 933
325 982
326 626
326 674
326 797
326 826
327 686
327 707
327 916
328 487
328 500
328 970
330 354
330 537
331 662
331 771
331 893
331 928
331 975
332 704
332 777
333 408
333 427
333 586
333 730
333 850
334 417
334 723
334 908
335 621
335 809
335 867
335 932
336 344
336 525
336 543
336 582
336 654
336 911
337 587
337 903
337 908
337 929
338 561
338 743
338 797
338 899
339 480
339 612
339 677
339 774
340 361
340 535
340 540
340 576
340 697
340 801
340 874
340 887
341 561
341 843
342 761
342 900
343 733
344 366
344 554
344 690
344 707
344 866
344 983
345 417
345 597
345 758
345 910
346 472
346 602
346 700
346 916
346 947
346 974
346 981
347 501
347 552
348 602
348 747
348 797
348 918
348 978
349 363
349 397
349 571
349 578
349 647
349 661
349 902
350 669
351 639
351 659
351 953
352 427
352 772
352 807
352 990
353 355
353 468
353 511
353 638
353 705
353 881
353 960
355 648
355 935
355 968
356 537
356 558
356 603
356 888
357 673
357 716
359 486
359 524
359 736
360 987
361 375
361 825
362 708
362 903
362 933
363 776
364 795
364 810
364 843
364 984
365 414
365 447
365 581
365 882
365 938
366 754
366 776
367 414
367 539
367 745
368 634
368 830
369 471
369 678
369 843
369 987
370 513
371 415
371 549
371 583
371 709
371 896
372 714
372 989
373 409
373 659
373 691
373 766
373 780
374 413
374 665
374 724
374 744
374 754
374 853
375 379
375 414
375 440
375 705
376 625
376 704
376 827
377 715
377 858
378 401
378 665
379 479
379 763
380 510
380 621
381 533
383 477
383 677
383 802
383 866
384 499
384 550
384 664
385 468
385 642
385 732
386 451
386 547
386 581
386 799
386 802
386 803
386 871
386 903
387 484
387 547
387 549
387 551
387 682
387 727
388 605
388 690
388 847
388 848
389 836
389 940
390 656
391 438
391 857
391 950
392 552
392 722
392 833
392 897
392 958
393 589
393 921
394 498
394 585
394 921
395 920
396 464
396 601
396 796
396 856
396 990
397 565
398 677
398 818
398 836
398 843
398 886
398 889
398 944
399 440
399 670
399 818
399 876
400 461
400 522
400 967
401 413
401 490
401 794
402 434
402 621
402 694
402 813
402 885
403 417
403 569
403 693
403 758
403 817
403 859
403 898
403 919
403 947
404 573
404 998
405 484
405 606
405 665
405 684
405 990
406 408
406 485
406 505
406 723
407 637
407 891
409 640
409 691
410 555
410 796
410 962
411 437
411 809
412 557
412 931
413 450
413 476
413 823
413 992
414 739
414 844
415 523
415 945
416 453
416 479
416 782
416 974
418 517
418 533
418 799
418 964
419 467
419 640
419 725
419 968
420 728
420 758
420 875
421 692
422 447
422 697
423 483
423 868
424 662
424 680
424 907
425 487
425 535
425 734
426 575
426 884
427 697
427 791
427 890
428 452
428 547
428 590
428 724
429 645
429 653
429 697
429 698
429 793
429 919
429 965
429 972
430 484
431 456
431 464
431 480
431 844
432 478
432 612
432 667
432 683
432 801
433 630
433 662
433 713
433 776
433 925
433 984
434 447
434 492
434 633
434 650
434 700
434 726
434 740
435 493
435 602
435 926
436 479
437 613
437 679
437 684
437 716
438 477
438 561
438 576
438 740
439 495
439 521
439 560
439 615
439 680
439 724
439 988
440 507
440 733
440 827
440 896
441 453
441 512
441 519
441 532
441 671
441 817
441 996
442 533
442 767
443 783
443 792
443 941
444 458
444 523
444 549
444 670
445 622
445 818
445 961
446 576
446 653
446 794
446 808
447 553
447 830
448 504
448 558
448 736
449 461
449 501
449 599
449 714
449 872
450 470
450 829
451 688
451 909
452 600
452 698
453 524
453 577
453 588
453 709
453 825
453 976
454 674
454 870
454 917
455 759
455 824
455 860
455 973
456 547
456 782
456 785
456 886
457 858
457 870
457 974
457 994
458 624
458 953
459 547
459 707
459 798
459 978
459 997
460 594
460 601
460 697
461 556
461 768
461 804
461 980
462 504
462 526
462 719
462 730
464 604
464 815
464 883
465 607
465 816
465 819
465 828
466 752
467 622
467 754
467 862
467 995
468 731
468 850
469 685
469 972
470 531
471 890
471 977
472 632
472 684
472 939
472 957
472 962
472 965
473 809
473 841
473 970
474 478
474 642
475 642
475 757
475 801
475 963
475 985
476 742
477 885
477 909
478 492
478 798
478 820
479 518
480 486
480 604
481 762
481 831
482 896
483 586
483 791
484 610
484 699
484 755
484 902
485 863
485 928
486 724
486 802
486 994
487 496
487 772
487 846
487 869
487 904
488 761
488 842
488 923
489 563
489 695
489 817
490 576
490 772
490 929
490 964
491 543
491 546
492 753
493 816
494 620
495 547
495 583
495 589
495 629
495 797
495 908
496 573
496 843
497 542
497 627
497 706
497 814
497 840
498 646
498 668
498 983
499 676
499 738
500 579
500 781
501 577
501 889
501 954
501 963
502 570
504 778
504 927
504 931
505 611
505 798
505 841
505 845
506 655
506 722
508 759
508 992
509 809
510 730
511 790
511 901
511 989
512 515
512 709
512 942
513 714
513 732
513 766
514 821
514 992
515 662
515 786
516 885
516 959
517 546
517 626
517 859
517 863
517 869
517 895
518 571
518 631
518 950
519 765
519 805
519 909
519 928
520 751
521 664
521 675
521 735
521 816
521 975
521 990
522 652
523 800
523 962
524 670
524 802
524 885
525 826
525 884
525 937
526 640
527 726
527 917
528 664
528 792
528 889
528 972
529 689
529 715
529 781
530 550
530 592
530 811
530 889
531 617
532 573
532 580
532 587
532 745
532 795
532 948
532 977
533 694
533 878
533 962
534 560
534 570
535 571
535 734
536 587
536 621
536 643
536 730
536 895
536 966
536 973
537 588
537 787
537 845
538 542
538 659
538 736
539 596
539 848
540 655
540 744
540 754
540 826
540 927
541 663
541 712
542 731
542 756
542 803
542 969
543 548
543 555
543 561
543 834
544 636
544 655
544 663
544 898
545 824
546 625
546 683
546 760
546 761
546 826
546 973
548 876
549 694
549 925
550 844
550 868
551 620
551 663
551 869
552 653
552 775
552 934
552 967
552 984
552 992
553 589
554 616
554 854
555 983
556 711
557 740
557 829
558 574
558 624
559 826
559 931
560 600
560 996
561 651
561 673
562 592
562 817
562 991
563 788
563 876
564 750
564 786
564 887
565 568
565 638
565 728
565 779
565 817
566 730
566 761
567 922
567 971
568 622
568 640
568 819
568 910
569 900
570 649
570 840
570 928
571 876
572 609
572 628
572 668
572 915
573 644
573 770
573 894
573 956
573 991
574 676
574 798
576 639
576 854
576 929
577 628
577 654
577 872
577 974
578 698
579 805
580 656
581 754
581 814
581 927
581 974
582 596
582 917
584 958
585 629
585 683
585 688
585 705
585 712
585 901
585 974
586 738
587 775
587 785
587 910
587 927
588 604
588 737
589 751
589 809
589 973
590 766
590 809
591 801
591 847
591 992
593 877
594 612
594 631
594 820
594 862
595 801
595 915
596 621
596 735
596 768
596 803
596 968
597 611
597 946
598 959
599 611
599 776
599 930
600 680
600 967
601 752
601 789
601 888
601 950
602 675
603 692
603 878
604 732
605 642
605 677
605 689
605 778
606 738
606 892
607 674
608 668
608 698
608 869
611 977
612 814
613 997
614 692
614 807
617 641
617 651
617 762
617 857
619 750
619 752
619 944
620 764
620 855
621 908
621 969
622 790
622 941
623 673
623 958
624 769
625 875
626 692
626 875
627 932
628 667
629 646
629 792
630 938
631 686
631 844
632 659
632 866
632 911
633 996
634 880
634 920
635 708
635 879
635 934
636 737
637 664
638 766
638 818
639 849
639 883
639 976
640 799
640 996
641 803
641 891
641 988
642 807
642 817
643 649
643 998
644 706
644 802
644 956
645 703
645 947
646 699
646 786
646 845
646 946
647 930
648 674
648 819
648 845
648 863
649 891
650 740
650 754
650 824
652 697
652 836
652 999
655 693
655 862
656 911
656 989
657 759
657 822
657 902
658 660
658 680
658 886
659 812
661 855
661 916
662 802
662 844
662 925
663 672
663 772
663 921
664 939
665 762
665 778
665 786
665 834
666 768
666 952
667 877
667 906
667 917
668 879
669 766
669 800
669 812
671 761
672 692
672 839
672 938
673 750
673 834
673 872
674 718
674 807
674 958
675 730
675 851
676 796
676 866
677 847
678 834
678 858
678 861
678 910
678 944
678 956
679 761
680 926
680 934
681 974
682 812
682 856
682 893
683 712
683 802
685 789
685 838
686 959
687 935
687 978
688 775
690 776
690 817
690 879
692 789
692 919
693 857
693 858
694 756
694 821
695 908
697 711
697 759
697 808
697 933
698 703
698 723
698 789
698 929
699 989
700 756
700 777
700 935
700 951
701 716
701 778
701 816
701 836
701 968
702 782
702 818
702 993
703 714
703 832
704 898
704 919
706 802
707 840
709 746
709 810
709 891
710 889
710 959
711 868
711 935
713 884
714 855
715 886
715 913
716 942
719 739
719 768
719 872
720 818
720 946
721 764
721 811
722 944
723 758
723 795
723 803
723 838
724 871
724 875
724 981
725 787
725 798
725 819
725 837
726 753
726 772
726 903
727 924
727 958
727 976
728 758
728 829
728 855
728 939
729 750
729 765
730 986
731 844
732 891
732 998
734 817
734 904
734 928
735 831
735 864
735 931
736 739
736 919
736 984
738 805
738 891
738 897
740 994
741 787
742 750
742 840
742 897
744 941
745 815
746 933
748 893
749 792
749 815
749 874
749 957
749 992
750 816
750 945
750 955
752 878
753 886
754 819
754 897
756 986
757 771
757 856
757 873
757 977
757 995
760 898
761 976
763 822
764 781
765 982
766 833
766 994
769 896
769 926
771 781
771 875
772 939
772 957
773 991
775 927
776 851
777 952
778 818
778 839
779 990
780 913
782 928
783 886
785 865
786 817
786 831
788 872
790 886
792 890
793 888
795 986
796 851
796 875
797 954
798 829
798 982
799 973
800 808
802 880
803 808
803 956
804 874
804 881
804 934
806 886
806 969
807 870
807 896
809 987
809 989
814 896
815 914
818 916
819 965
821 978
822 850
823 968
824 828
825 839
826 931
826 967
830 969
832 846
835 962
836 879
836 986
838 867
838 883
838 912
838 982
839 941
840 950
840 976
842 878
842 917
844 925
844 994
845 860
846 855
847 864
848 922
850 998
854 946
854 953
854 972
855 925
860 944
861 940
862 923
863 884
865 993
866 868
866 940
867 967
870 974
871 926
872 959
873 932
875 889
875 923
879 973
880 905
881 895
882 885
883 893
883 904
887 935
888 906
889 952
890 992
894 928
895 932
899 900
904 931
905 965
906 908
909 926
911 951
911 967
912 982
914 979
914 998
915 984
916 991
919 983
920 945
922 965
924 978
924 986
925 933
927 986
929 976
934 957
935 964
936 966
939 978
943 995
945 946
957 969
960 975
961 999
967 982
967 997
971 998
978 997
979 999
981 997
