0 879
0 882
0 978
0 997
1 259
1 740
1 921
2 7
2 304
2 418
2 601
2 895
2 958
3 174
3 308
3 387
3 667
3 703
4 691
4 886
5 97
5 569
5 590
5 634
6 46
6 106
6 262
6 275
6 450
6 474
6 733
6 756
6 793
6 923
7 292
7 516
7 574
7 683
7 693
7 869
7 893
8 397
9 196
9 274
9 495
9 699
9 851
10 30
10 461
10 469
10 563
11 318
11 463
11 499
11 612
11 623
11 823
11 909
11 969
12 265
12 271
12 346
12 667
12 878
12 976
13 632
13 703
13 868
13 976
13 990
14 175
14 178
14 462
14 612
14 721
14 887
14 919
14 959
15 19
15 83
15 132
15 436
15 497
15 502
15 505
15 822
16 88
16 368
16 621
17 44
17 311
17 480
17 787
17 950
17 995
18 190
18 612
18 937
19 263
19 519
19 544
19 896
20 149
20 334
20 422
20 624
20 640
21 308
21 627
21 767
21 964
22 34
22 163
22 361
22 453
22 511
22 659
22 734
22 851
23 313
23 372
23 472
23 932
23 994
24 155
24 161
24 419
24 637
24 714
24 849
24 944
25 68
25 253
25 421
25 468
25 693
25 769
25 912
25 995
26 89
26 409
26 440
26 737
27 29
27 382
27 449
27 481
27 653
27 718
28 77
28 83
28 105
28 165
28 217
28 218
28 319
28 398
28 399
28 560
28 653
28 697
28 769
28 889
29 903
30 59
30 162
30 186
30 601
30 641
30 979
31 442
31 451
31 646
31 783
32 89
32 179
32 213
32 584
32 593
32 687
32 750
33 580
33 702
33 949
33 995
34 179
34 211
34 591
34 653
34 671
34 736
34 819
34 900
35 83
35 404
36 363
36 386
36 413
36 432
36 533
36 646
36 772
36 795
37 252
37 549
37 635
37 748
37 814
38 127
38 498
38 499
39 268
39 538
39 786
39 800
40 101
40 125
40 129
40 244
40 337
40 408
40 439
40 542
40 622
40 928
42 262
42 487
42 674
43 599
43 664
43 753
43 950
43 960
44 45
44 374
44 448
44 784
44 800
44 813
44 850
45 152
45 557
45 605
45 749
45 773
45 822
46 352
46 371
46 467
46 636
46 647
46 659
47 365
47 490
47 581
47 829
47 904
48 171
48 269
48 339
48 346
48 370
48 704
49 206
49 220
49 658
49 721
50 261
50 262
50 377
50 395
50 413
50 461
50 600
50 753
50 756
50 787
51 136
51 337
51 463
52 63
52 472
52 517
52 578
52 632
52 822
52 883
52 970
53 135
53 458
53 568
53 632
54 201
54 259
54 272
54 340
54 437
54 509
54 665
54 712
54 713
54 787
54 801
55 241
55 337
55 501
55 571
56 57
56 147
56 261
56 423
56 449
56 846
57 339
57 371
57 482
57 520
57 688
57 855
58 127
58 371
58 400
58 776
58 793
58 798
59 99
59 209
59 323
59 481
59 663
59 913
60 154
60 593
61 204
61 218
61 272
61 645
61 678
61 764
62 381
62 610
62 951
62 989
63 478
63 491
63 588
63 709
63 718
63 874
63 955
64 129
64 138
64 335
64 396
64 583
64 651
64 840
65 66
65 214
65 408
65 519
65 765
65 890
66 135
66 403
66 452
66 584
66 666
66 679
66 924
67 108
67 145
67 493
67 567
67 700
67 719
67 730
67 825
67 973
67 995
68 165
68 297
68 523
68 810
68 874
68 884
69 469
69 506
69 819
69 902
70 231
70 263
70 369
70 587
70 602
71 546
71 749
71 794
71 872
71 874
71 876
71 943
72 147
72 294
72 713
73 198
73 247
73 312
73 336
73 622
73 664
73 723
74 107
74 351
74 428
74 429
74 628
74 727
74 856
74 965
75 168
75 296
75 329
75 691
75 781
76 94
76 536
76 688
76 915
77 272
77 688
77 755
78 322
78 397
78 463
78 681
78 830
78 872
78 933
79 245
79 523
79 618
79 623
79 625
79 737
79 767
79 790
79 989
79 996
80 466
80 666
80 747
81 187
81 385
81 490
81 797
81 901
82 101
82 285
82 477
82 576
82 770
82 780
82 893
82 990
83 420
83 422
83 475
83 649
83 995
84 189
84 382
84 418
84 919
85 151
85 183
85 222
85 340
85 368
85 382
85 628
85 708
85 975
86 378
86 431
86 458
86 504
86 681
86 974
87 173
87 218
87 251
87 344
87 919
88 174
88 257
88 287
88 359
88 443
88 575
88 619
88 760
88 895
89 127
89 322
89 411
89 491
89 530
89 562
89 740
89 841
89 851
89 908
89 919
90 135
90 166
90 276
90 414
90 474
90 572
90 673
90 712
90 759
90 818
91 193
91 922
92 480
92 526
92 671
93 128
93 303
93 507
94 134
94 239
94 313
94 397
94 733
94 910
95 99
95 385
95 439
95 810
95 887
95 970
96 330
96 353
96 513
96 655
96 988
97 201
97 337
97 374
97 451
97 620
97 716
97 976
98 137
98 170
98 354
98 704
99 311
99 413
99 616
100 288
100 370
100 461
100 527
101 283
101 342
101 532
101 573
101 713
101 755
101 915
101 918
102 357
102 406
103 274
103 393
103 461
103 728
103 950
104 311
104 344
104 470
104 476
104 891
105 121
105 319
105 840
105 897
105 955
106 117
106 132
106 312
106 765
106 775
106 937
107 323
107 527
107 647
107 737
107 971
108 142
108 198
108 286
108 380
108 631
108 901
108 942
109 250
109 304
109 387
109 410
109 836
110 125
110 764
110 928
110 967
111 120
111 132
111 293
111 539
111 604
111 628
111 633
111 718
111 879
112 730
112 738
112 757
112 965
112 992
113 537
113 663
113 788
113 943
113 947
114 160
114 203
114 728
114 816
114 912
115 224
115 282
115 519
115 550
115 562
115 684
115 725
115 752
115 931
115 968
116 216
116 313
116 589
116 663
116 874
117 143
117 431
117 508
117 779
117 931
118 146
118 158
118 296
118 520
118 573
119 161
119 569
119 746
119 870
119 965
120 376
120 391
120 638
120 901
120 910
121 127
121 223
121 411
121 608
121 804
121 907
121 994
122 401
122 463
122 519
122 697
123 358
123 379
123 965
124 280
124 365
124 369
124 530
124 646
124 698
124 742
125 472
125 605
125 702
125 737
125 987
126 297
126 302
126 368
126 682
126 912
127 223
127 554
127 613
127 805
128 278
128 359
128 604
128 635
129 433
129 789
130 193
130 212
130 337
130 378
130 400
130 565
130 700
131 545
131 676
131 991
132 363
132 502
132 969
133 221
133 589
133 890
134 556
134 622
134 786
134 957
135 174
135 240
135 324
135 484
135 681
135 981
136 145
136 290
136 455
136 644
137 171
137 309
137 346
137 349
137 445
137 604
137 624
137 796
138 173
138 506
139 706
139 863
140 146
140 254
140 263
140 300
140 454
140 463
140 573
140 588
140 631
140 712
140 903
140 950
141 362
141 481
141 809
142 217
142 620
142 852
142 892
143 606
143 772
143 873
143 893
144 263
144 293
144 474
144 705
144 763
144 843
145 242
145 288
145 695
145 726
145 746
145 911
146 150
146 327
146 340
146 452
146 490
146 867
147 357
147 382
147 464
147 689
147 735
147 875
147 961
147 981
148 226
148 235
148 398
148 632
148 762
148 907
149 196
149 659
149 800
150 155
150 176
150 454
150 476
150 982
151 400
151 565
151 700
151 788
152 195
152 272
152 490
152 637
152 709
152 718
152 885
152 890
153 435
153 502
153 617
153 780
153 976
154 164
154 246
154 276
154 711
155 163
155 182
155 455
155 782
155 982
156 273
156 860
157 400
157 527
157 827
157 870
157 935
158 274
158 302
158 428
158 506
158 534
158 708
159 160
159 453
159 530
159 771
159 978
160 262
160 421
160 865
161 193
161 195
161 211
161 228
161 302
161 366
161 404
161 468
161 478
161 528
161 570
161 611
161 822
161 952
162 256
162 920
163 174
163 208
163 244
163 884
163 899
164 254
164 297
164 313
164 441
164 481
164 531
164 579
164 705
164 722
165 304
165 638
165 732
166 206
166 865
166 882
167 252
167 275
167 313
167 441
167 453
167 577
167 802
168 432
168 511
169 619
170 552
170 557
170 756
170 761
170 810
170 879
171 386
171 503
171 556
171 797
171 872
172 215
172 219
172 316
172 326
172 410
172 491
172 675
172 782
172 870
173 310
173 813
173 957
174 219
174 257
174 564
174 999
175 304
175 407
175 453
175 802
175 871
176 240
176 259
176 294
176 547
176 729
176 877
177 214
177 297
177 447
177 450
177 528
177 682
178 375
178 502
178 515
178 700
178 907
179 187
179 809
179 827
179 983
179 994
180 220
180 614
180 630
180 637
180 703
180 833
180 880
180 963
181 210
181 494
181 594
181 657
182 354
182 501
182 834
182 994
182 998
183 219
183 232
183 404
183 694
184 333
184 505
184 627
184 681
184 749
185 235
185 817
186 483
186 607
187 241
187 269
187 359
187 827
187 858
187 875
188 682
188 803
188 958
189 584
189 840
189 922
190 195
190 514
190 606
190 780
191 213
191 356
191 583
191 609
191 930
192 202
192 381
192 854
193 655
194 195
194 211
194 246
194 823
194 905
194 936
194 955
195 235
195 256
195 392
195 474
195 513
197 198
197 498
197 520
197 777
197 868
197 967
197 987
198 411
198 444
198 453
198 470
198 834
198 870
199 285
199 501
199 565
199 589
199 981
200 279
200 396
200 495
200 531
200 547
200 783
200 889
201 449
201 608
201 739
201 787
201 833
202 354
202 545
202 574
202 798
202 939
202 959
203 448
203 482
203 836
203 873
203 914
204 249
204 630
204 638
204 725
205 366
205 412
205 476
205 748
205 815
205 838
206 334
206 344
206 436
206 722
206 792
206 925
206 983
207 223
207 242
207 457
207 806
207 813
207 848
207 895
208 534
209 629
209 657
209 664
209 671
209 696
209 698
209 852
209 946
210 248
210 408
210 530
210 553
210 582
210 740
210 774
211 261
211 609
211 783
211 800
211 814
212 395
212 689
213 315
213 423
213 480
213 606
213 708
214 801
214 846
214 856
215 415
215 467
216 290
216 300
216 857
217 298
217 310
217 356
217 559
217 600
217 989
218 272
218 329
218 430
218 586
218 677
218 742
219 293
219 314
219 403
219 591
219 634
219 861
219 890
220 557
221 362
221 404
221 593
221 595
221 653
222 343
222 388
222 527
222 558
222 748
222 785
222 926
223 256
223 395
223 452
223 510
225 233
225 468
225 626
226 343
226 346
226 357
226 381
226 389
226 564
226 998
227 298
227 393
227 846
227 880
227 937
228 271
228 434
228 496
228 544
228 555
228 585
228 699
228 777
229 248
229 321
229 402
229 461
229 471
229 480
229 720
229 788
229 972
230 465
230 841
230 957
231 472
231 724
231 811
231 996
232 302
232 322
232 339
233 275
233 291
233 500
233 792
233 846
234 275
234 320
234 375
234 389
234 664
235 436
235 597
235 706
235 741
235 765
235 993
236 317
236 871
236 884
236 899
236 942
237 251
237 268
237 286
237 573
237 783
237 830
237 915
237 980
238 664
238 877
239 831
240 263
240 282
240 345
240 346
240 428
240 432
240 539
240 796
240 888
240 930
241 327
241 334
241 565
241 797
242 627
242 759
242 870
243 395
243 451
243 640
243 703
243 920
244 647
244 801
245 258
245 405
245 465
245 848
245 950
246 463
246 530
246 715
246 846
246 894
247 549
247 772
247 869
247 944
248 399
248 439
248 476
248 481
248 748
248 790
248 845
248 932
250 369
250 471
250 643
250 675
250 723
251 353
251 537
251 925
252 294
252 415
252 421
252 628
252 944
253 377
253 610
253 714
254 441
254 641
254 879
255 289
255 312
255 364
255 721
256 310
256 372
256 498
256 878
256 962
257 336
257 356
257 535
257 564
257 720
258 559
258 660
258 870
258 873
258 910
259 269
259 275
259 487
259 516
259 849
260 328
260 363
260 841
260 979
261 408
261 576
261 911
261 930
261 932
262 431
262 633
263 422
263 457
263 574
263 607
263 746
264 289
264 407
264 528
264 581
264 583
265 403
265 621
265 672
265 778
266 274
266 289
266 439
266 557
266 728
266 853
267 323
267 337
267 434
267 881
267 929
268 520
268 564
268 680
268 702
269 324
269 353
269 365
269 539
269 843
270 288
270 513
270 659
270 686
271 495
271 510
271 804
271 902
272 354
272 478
272 573
272 594
272 770
272 904
273 412
273 415
273 459
273 534
274 336
274 470
274 487
274 491
274 529
274 821
275 600
275 782
276 512
276 805
276 988
277 429
277 779
277 881
277 949
278 402
278 619
278 993
279 352
279 471
279 829
279 895
279 963
280 412
280 501
280 814
281 402
281 435
281 450
281 504
281 531
281 846
281 901
282 420
282 594
282 890
282 924
283 409
284 471
284 658
284 747
284 809
284 908
284 989
285 607
285 657
285 739
285 807
285 878
286 292
286 305
286 397
286 435
286 590
286 810
286 813
287 372
287 587
287 649
287 881
288 573
289 760
289 880
290 432
290 553
290 736
291 402
291 453
291 536
291 580
291 945
292 343
292 415
292 486
292 611
292 638
292 893
293 301
293 563
293 661
293 720
293 790
294 384
294 521
295 362
295 485
295 521
295 676
295 738
295 922
296 381
296 414
296 513
296 523
296 564
296 602
296 662
296 759
296 909
297 389
297 509
297 692
299 462
299 481
299 534
299 956
300 866
301 625
301 866
302 890
302 906
302 918
302 921
302 943
302 958
303 524
303 525
303 531
303 718
303 821
303 829
304 577
305 314
305 420
305 670
306 323
306 469
306 972
307 328
307 368
307 716
307 942
308 786
308 913
309 446
309 551
309 645
309 710
309 744
309 803
309 835
309 879
310 421
310 573
310 675
310 745
310 952
311 348
311 403
311 868
311 958
312 399
312 402
312 412
312 434
312 751
312 836
312 982
313 410
313 417
313 429
313 520
313 787
313 802
314 387
314 554
314 785
314 808
314 942
314 953
315 707
315 876
315 941
316 321
316 361
316 451
316 477
316 595
316 660
316 853
316 879
316 951
317 612
317 696
317 780
317 889
318 405
318 492
318 502
318 541
318 858
318 859
318 978
319 756
319 761
320 368
320 507
320 534
320 937
320 980
320 981
321 349
321 378
321 392
321 466
321 470
321 544
321 597
322 860
323 360
323 515
323 530
323 637
323 847
324 474
324 509
324 712
324 899
325 535
326 348
326 481
326 609
326 718
326 723
326 731
326 833
326 869
327 617
327 694
327 704
327 717
327 873
327 947
328 590
328 752
329 847
329 857
330 671
330 796
330 971
330 974
332 385
332 477
332 541
332 640
332 720
332 801
332 810
332 894
332 961
333 383
333 453
333 541
333 657
333 749
334 403
334 579
334 769
335 373
335 374
335 574
335 701
335 966
336 540
337 520
337 681
337 788
337 796
337 833
337 842
337 844
337 888
337 945
338 401
338 402
338 448
338 667
338 682
338 712
339 737
339 825
339 833
340 364
340 428
340 446
340 572
340 659
340 972
341 348
341 757
341 951
342 543
342 779
342 814
342 951
343 845
344 388
344 484
344 492
344 690
344 820
345 386
345 724
345 789
345 901
346 675
347 522
347 830
347 908
348 409
348 670
348 778
349 370
349 772
349 874
349 913
350 679
350 760
350 792
350 978
351 662
351 726
351 867
351 933
352 384
352 411
352 467
352 708
352 934
353 356
353 357
353 441
353 649
353 798
353 906
354 493
354 545
355 359
355 408
355 779
355 921
357 595
357 604
357 695
357 944
358 492
358 529
358 591
358 732
358 745
358 785
358 894
358 907
359 592
359 814
359 878
360 520
360 744
360 779
360 930
361 634
361 708
361 788
361 843
361 854
361 858
361 901
361 935
361 949
362 375
362 452
362 514
362 534
362 587
362 702
362 864
363 579
363 667
363 957
364 433
364 688
364 828
364 907
364 922
365 452
365 982
366 424
366 533
366 768
366 814
366 949
367 437
367 522
367 864
368 513
368 636
369 636
369 762
369 924
370 520
370 583
370 612
371 998
372 463
372 585
372 989
373 715
373 800
373 951
373 953
374 429
374 577
374 817
375 826
375 827
376 460
376 473
376 730
377 512
377 813
377 834
378 391
378 400
378 869
378 882
379 402
379 581
379 706
379 824
379 922
380 489
380 543
380 662
380 806
381 586
381 611
381 941
382 592
382 636
382 684
382 718
382 742
382 831
382 986
383 462
383 505
383 815
383 990
384 393
384 466
384 690
384 732
384 775
384 983
385 507
385 517
386 609
386 933
387 421
387 536
387 652
387 687
387 825
388 517
388 526
388 782
388 915
388 994
389 446
389 451
389 473
389 503
389 761
389 796
389 998
390 898
391 477
391 553
391 868
392 413
392 688
392 762
392 794
392 817
392 954
392 997
393 481
393 622
394 549
394 723
394 759
395 693
395 742
395 997
396 482
396 642
396 723
397 467
397 974
398 625
399 438
399 448
399 660
399 747
399 768
400 423
400 844
400 961
401 406
401 520
401 540
401 719
401 826
401 933
402 533
402 794
403 763
404 469
404 561
404 687
404 875
405 859
406 642
406 644
406 863
406 894
407 442
407 583
407 600
407 838
408 451
408 550
408 601
408 643
408 659
408 764
409 436
409 537
409 827
410 497
410 506
410 518
410 573
410 595
410 649
410 700
410 719
410 890
410 903
410 924
411 736
411 794
411 832
411 903
412 568
412 683
412 690
412 945
413 591
413 810
413 961
414 499
414 805
414 896
415 682
415 693
415 838
415 947
415 948
416 426
416 578
416 837
416 908
417 512
417 556
417 570
417 798
418 440
418 573
418 590
418 782
418 887
418 951
419 621
419 634
419 790
420 791
420 824
420 892
420 922
421 477
421 648
421 681
421 723
421 794
421 932
422 625
422 652
422 742
423 876
423 889
423 978
424 773
424 780
425 854
426 466
426 657
426 704
426 756
427 608
427 642
428 698
428 856
428 955
429 705
429 756
429 773
429 857
429 977
430 890
430 951
431 551
431 579
431 800
431 870
431 975
432 497
432 712
433 618
433 778
434 461
434 594
434 629
434 657
434 922
435 472
435 525
435 568
435 621
435 747
435 853
435 861
436 629
437 507
437 748
438 445
438 450
438 458
438 630
438 883
438 889
439 610
439 668
439 904
439 963
440 455
440 506
440 991
441 538
441 561
441 580
441 688
441 764
442 536
442 769
442 833
442 981
443 848
444 935
445 752
445 811
445 914
446 643
446 910
446 921
447 458
447 470
447 578
447 751
447 848
448 916
448 985
449 522
449 537
449 672
449 757
449 977
450 698
450 748
450 790
450 885
451 475
451 668
451 677
451 858
451 945
452 513
452 596
452 695
452 789
452 791
452 940
453 497
453 545
453 814
453 990
454 640
454 883
454 905
455 501
455 688
455 794
455 977
456 605
456 714
456 884
456 929
457 464
457 692
458 638
458 676
458 741
458 968
459 641
459 740
460 507
460 601
460 680
460 826
461 658
461 958
462 507
462 740
462 864
462 894
463 633
463 684
465 546
465 587
465 629
465 725
465 758
465 800
465 942
466 590
466 667
466 736
466 867
466 898
466 906
467 810
467 829
468 628
468 642
468 832
468 991
469 541
469 738
470 710
470 725
470 785
470 953
471 604
471 619
471 767
472 638
472 770
472 840
473 477
473 730
474 899
475 483
475 751
475 857
475 865
476 501
476 627
476 904
476 932
477 541
477 607
477 670
477 776
477 812
477 833
477 856
477 942
477 969
478 851
478 922
479 674
479 684
480 787
480 956
481 853
482 696
483 509
483 909
484 654
484 777
485 590
485 609
485 638
485 899
486 657
486 700
486 721
486 873
486 896
487 697
487 835
487 974
488 520
488 523
488 676
488 761
488 784
488 869
488 961
488 990
489 617
490 574
490 664
490 677
491 624
492 694
492 738
492 917
492 981
492 996
493 589
493 837
493 929
493 973
494 602
494 631
494 936
495 758
495 920
496 712
496 789
497 570
497 954
499 507
499 857
500 793
500 992
501 870
501 949
502 597
502 794
502 832
503 554
503 614
503 725
503 804
503 893
503 944
503 949
504 566
504 601
504 790
505 537
505 628
505 636
505 773
505 778
505 983
506 905
506 973
507 897
507 967
507 994
508 752
508 822
508 932
509 550
509 578
509 758
509 967
510 989
511 629
511 668
512 589
512 725
513 566
513 575
513 637
513 656
513 737
513 862
513 882
514 699
515 759
515 763
515 766
515 791
515 840
516 559
516 768
516 816
516 931
517 530
517 602
517 840
517 902
517 978
518 720
518 853
519 540
519 871
520 658
520 767
520 950
521 555
521 653
521 989
522 552
522 649
522 715
522 822
523 809
524 654
525 902
526 553
526 665
526 694
526 940
526 993
527 543
527 546
527 645
527 679
528 694
528 824
528 941
529 568
529 587
529 757
530 687
530 736
530 859
530 970
531 558
531 562
531 612
531 958
532 741
532 804
532 959
534 604
534 607
534 904
535 696
535 935
535 997
536 556
536 649
536 794
536 895
536 952
537 555
537 610
537 643
537 682
537 868
537 884
538 648
538 842
538 853
538 925
539 695
539 893
539 926
540 844
541 554
541 581
542 647
542 796
542 841
542 921
544 742
544 919
544 927
545 602
545 625
545 637
545 705
546 872
547 708
547 746
547 779
548 579
548 714
548 987
549 652
549 871
549 999
550 634
551 665
551 800
551 929
552 614
552 700
552 777
553 889
553 906
555 932
555 968
556 753
556 882
557 622
557 922
558 648
558 864
559 575
559 825
560 797
560 897
561 618
561 649
561 692
561 932
562 700
562 729
562 751
562 841
562 848
562 956
563 692
563 713
563 762
564 677
564 856
564 891
564 959
565 615
566 600
566 718
566 808
566 941
567 711
567 916
567 944
568 655
568 680
568 740
568 754
568 899
569 721
570 580
571 628
571 636
571 669
571 858
572 599
572 671
572 716
572 840
573 865
574 847
574 872
575 641
575 963
576 738
576 777
576 983
577 718
579 585
579 829
579 888
579 928
580 803
580 873
580 893
580 997
581 633
582 707
582 722
582 836
582 922
583 727
583 875
583 936
584 710
585 712
585 720
585 925
585 962
586 717
586 793
586 796
587 680
587 928
588 747
589 907
590 611
590 743
590 953
590 988
591 804
591 893
592 609
593 623
593 916
593 952
594 733
594 805
594 829
594 881
595 770
595 813
595 842
595 910
595 992
596 715
596 898
597 629
597 785
597 839
598 715
598 771
598 856
598 958
599 641
599 954
599 976
600 810
600 952
602 806
603 841
603 965
605 719
606 986
608 739
608 767
608 819
608 970
609 623
609 664
609 919
610 619
610 750
610 755
610 847
610 959
611 641
611 900
612 637
612 828
613 913
613 967
614 709
615 616
616 736
616 847
617 781
617 865
617 871
617 902
618 798
618 822
619 671
619 741
619 890
619 928
620 637
620 704
620 708
620 800
620 904
621 650
621 872
622 762
622 791
623 687
623 945
623 994
624 634
624 882
624 908
624 917
625 860
626 736
626 886
627 833
627 841
628 759
630 862
630 879
630 934
631 897
633 771
634 931
634 982
635 656
635 885
637 731
637 867
637 888
638 645
638 649
638 811
638 827
638 927
639 782
639 994
640 684
640 844
641 655
641 665
641 692
641 734
641 769
641 774
641 984
642 784
642 849
642 957
642 998
643 806
643 942
643 993
644 738
644 752
644 768
644 795
645 706
645 770
645 981
646 808
646 923
649 786
649 835
649 963
650 652
650 817
650 861
651 694
652 908
653 680
654 926
654 945
655 814
655 939
655 978
656 883
656 979
656 999
657 913
657 963
658 783
658 926
659 734
659 947
660 681
661 781
662 837
664 698
664 800
664 974
666 733
666 889
666 925
667 703
667 825
667 834
667 889
667 907
669 743
671 962
672 926
673 787
673 863
675 788
675 827
676 794
676 968
676 980
677 804
677 883
677 890
677 952
678 709
678 784
680 770
680 989
681 800
681 821
682 777
683 812
683 897
684 816
684 928
685 774
685 775
685 805
685 870
686 898
687 748
687 750
687 918
688 741
688 898
689 696
689 711
689 991
690 739
690 812
690 845
690 886
692 782
693 836
695 951
696 865
696 935
697 713
697 916
697 999
698 831
699 814
699 932
699 955
700 993
701 763
701 787
701 849
701 897
701 944
702 782
703 969
703 972
705 767
706 730
706 913
708 843
708 845
708 887
708 954
709 736
709 832
709 956
710 821
711 780
712 862
713 733
713 761
714 884
714 996
715 870
716 870
717 809
718 862
719 844
719 891
720 863
720 957
721 923
721 936
723 781
723 833
723 928
725 741
726 792
726 908
727 801
727 822
728 948
729 849
729 887
729 917
729 929
730 894
730 989
731 867
732 764
732 825
732 840
733 969
735 963
736 868
736 907
737 757
738 917
739 754
739 758
740 966
741 746
741 917
741 966
742 850
743 953
744 875
745 946
745 963
746 952
747 801
748 797
748 818
748 929
748 975
749 809
749 981
749 986
750 819
750 998
751 777
751 802
751 846
752 933
753 760
753 887
753 911
753 927
754 864
755 855
755 953
756 886
756 903
757 808
757 912
757 990
758 954
759 838
759 852
759 901
759 984
759 989
759 999
760 797
761 857
762 764
763 925
766 925
766 974
767 776
767 926
767 973
768 808
768 944
770 797
770 830
771 806
771 890
771 904
772 930
775 947
776 804
777 796
777 833
778 800
779 844
781 967
782 835
782 938
783 941
784 836
784 925
785 908
785 959
786 822
786 927
789 804
789 916
790 864
790 997
791 936
792 925
793 880
793 960
794 919
795 878
795 956
797 985
798 807
801 834
802 886
805 932
806 850
806 869
806 881
806 893
806 899
806 969
807 854
807 928
809 996
811 856
811 878
813 927
813 972
814 871
814 894
814 973
815 824
815 881
816 934
819 896
820 826
821 967
823 917
823 923
825 910
825 942
826 884
830 834
831 992
836 838
836 890
836 998
837 986
844 930
848 890
848 923
848 965
850 894
851 876
853 889
855 918
855 955
855 970
857 900
857 938
858 879
858 899
858 916
858 955
860 913
861 901
861 917
862 863
862 991
864 897
865 900
867 871
867 891
869 949
870 901
872 921
873 920
873 990
873 999
875 896
876 997
878 993
879 940
880 954
881 943
882 998
883 912
883 926
884 928
886 897
887 936
889 906
889 907
889 983
890 971
890 974
892 956
896 958
897 943
899 904
907 966
907 976
908 941
910 912
914 946
917 982
921 957
927 929
927 982
928 959
931 958
931 982
932 976
933 991
935 969
939 959
939 965
952 989
987 993
989 996
