0 62
0 77
0 106
0 165
0 216
0 404
0 741
0 961
1 18
1 795
1 938
2 103
2 147
2 178
2 520
2 892
2 932
3 179
3 281
3 575
3 679
3 696
3 973
4 222
4 272
4 450
4 500
4 562
4 609
4 781
4 876
4 973
5 140
5 324
5 517
5 607
5 672
5 923
6 78
6 272
6 437
6 532
6 816
7 125
7 160
7 303
7 390
7 511
7 818
8 188
8 196
8 361
8 441
8 599
8 805
9 176
9 375
9 427
9 441
9 533
9 965
10 19
10 91
10 130
10 326
10 512
10 528
10 551
11 137
12 89
12 94
12 232
12 236
12 348
12 387
12 478
12 512
12 585
13 109
13 448
13 461
13 513
13 648
13 969
14 242
14 310
14 416
14 540
14 546
14 761
14 773
14 800
15 365
15 476
15 635
15 646
15 872
15 899
16 202
16 473
16 731
16 762
16 921
17 78
17 340
17 430
17 550
17 611
17 693
18 244
18 254
18 318
18 492
18 527
18 991
18 996
19 39
19 104
19 146
19 432
19 557
19 662
20 50
20 152
20 246
20 493
20 571
20 747
20 796
21 361
21 393
21 577
21 972
22 81
22 337
22 517
22 723
22 949
22 962
23 345
23 367
23 377
23 392
23 884
24 771
24 889
25 473
25 770
25 786
26 249
26 290
26 291
26 366
26 523
26 897
26 974
27 201
27 215
27 314
27 510
27 514
27 672
27 682
27 721
27 856
27 915
28 84
28 106
28 116
28 237
28 267
28 677
28 743
28 793
29 245
29 409
29 456
29 484
29 641
30 55
30 71
30 300
30 333
30 346
30 414
30 442
30 466
30 783
30 811
31 152
31 278
31 338
31 526
31 688
31 703
31 896
31 928
31 976
32 396
33 36
33 45
33 441
33 647
34 216
34 484
34 779
34 804
35 132
35 134
35 203
35 268
35 575
35 840
36 219
36 361
36 547
36 636
36 985
37 255
37 684
37 812
37 864
37 908
37 957
38 77
38 150
38 217
38 846
39 41
39 206
39 226
39 328
39 368
39 419
39 490
39 631
39 666
39 708
40 90
40 287
40 740
40 856
41 243
41 284
41 306
41 493
42 71
42 119
42 177
42 269
42 577
42 800
42 867
42 994
43 517
43 687
44 692
44 793
44 834
45 145
45 632
45 903
45 943
46 178
46 260
46 266
46 308
46 435
46 526
46 610
46 802
46 917
47 94
47 131
47 175
47 240
47 369
48 322
48 505
48 560
48 685
48 772
48 858
48 877
48 898
48 913
48 988
49 105
49 263
49 434
49 589
49 756
50 236
50 249
50 567
50 755
50 803
51 282
51 331
51 405
51 417
51 428
51 466
51 619
52 256
52 266
52 416
52 604
52 614
52 807
52 900
53 370
53 504
53 705
53 804
53 831
54 446
54 492
54 693
54 947
54 949
55 66
55 91
55 97
55 472
55 780
55 879
55 990
56 148
56 182
56 183
56 274
56 971
57 74
57 149
57 176
57 202
57 546
57 584
57 870
58 60
58 248
58 731
58 831
58 850
58 868
59 163
59 406
59 412
59 508
59 584
59 663
59 924
60 124
60 189
60 208
60 372
60 704
61 73
61 295
61 456
61 523
62 72
62 141
62 225
62 239
62 813
62 902
62 951
62 976
63 384
63 764
64 104
64 383
64 427
64 490
64 599
64 812
65 69
65 388
65 453
65 574
65 644
65 912
66 186
66 688
66 743
66 745
66 940
67 111
67 356
67 389
67 443
67 476
68 157
68 340
68 518
69 337
69 424
69 595
69 626
69 743
70 142
70 146
70 158
70 161
70 189
70 476
70 667
70 790
71 148
71 231
71 415
71 425
71 601
72 115
72 243
72 697
72 764
73 150
73 184
73 502
73 514
73 546
73 813
73 977
74 107
74 272
74 644
74 802
74 829
74 871
74 953
75 122
75 203
75 234
75 264
75 372
75 927
76 221
76 244
76 469
76 498
76 777
76 865
76 967
77 175
77 215
77 290
77 472
77 492
77 937
78 273
78 372
78 390
78 444
78 640
78 657
78 665
78 672
78 924
79 227
79 464
79 629
79 652
79 676
79 888
80 419
80 459
80 576
80 724
80 848
81 197
81 627
81 733
82 224
82 323
82 541
82 582
82 852
82 904
83 100
83 324
83 636
83 687
83 791
84 119
84 992
85 171
85 320
85 338
85 360
85 503
85 785
86 107
86 133
86 153
86 231
86 450
86 609
86 678
86 807
86 881
86 997
87 198
87 257
87 491
87 743
87 854
88 148
88 184
88 618
88 699
88 774
88 796
89 105
89 178
89 274
89 357
89 567
89 604
89 650
89 747
89 935
89 940
90 175
90 185
90 227
90 231
90 373
90 621
90 682
91 311
91 593
91 604
91 735
92 145
92 164
92 297
92 438
92 861
92 863
93 122
93 264
93 887
93 973
94 185
94 423
94 455
94 592
94 675
94 734
95 99
95 197
95 239
95 457
96 342
96 591
96 699
96 905
97 228
97 332
97 373
97 418
97 635
97 903
97 918
97 962
97 973
98 151
98 476
98 647
98 656
98 830
99 154
99 182
99 278
99 445
99 969
99 989
100 496
100 511
100 517
100 530
100 684
100 836
101 202
101 239
101 562
101 952
101 965
101 969
102 423
102 651
102 786
102 913
102 958
103 162
103 531
103 615
103 682
103 805
103 938
103 947
104 174
104 238
104 373
104 414
104 472
104 609
104 741
104 996
105 178
105 373
105 425
105 448
105 670
105 897
105 930
105 962
106 164
106 392
106 569
106 604
106 647
106 677
106 966
107 877
107 918
108 366
108 739
108 950
109 142
109 164
109 347
109 391
109 566
109 709
110 242
110 253
110 297
110 369
110 479
110 545
110 598
110 618
110 849
110 934
110 995
111 153
111 163
111 279
111 307
111 500
111 519
111 762
111 938
112 155
112 192
112 414
112 548
112 738
112 821
112 846
113 129
113 143
113 189
113 398
113 661
113 977
114 135
114 218
114 362
114 457
114 525
114 613
114 684
114 915
114 953
114 975
115 132
115 225
115 291
115 375
115 397
115 423
115 489
116 127
116 149
116 378
116 469
116 481
116 543
116 759
117 249
117 489
117 592
117 714
117 800
117 872
118 551
118 759
118 765
119 513
119 842
120 220
120 303
120 377
120 461
120 938
121 246
121 340
121 528
121 885
121 944
122 237
122 347
122 368
122 678
122 776
122 929
123 176
123 219
123 794
123 901
124 141
124 347
124 655
124 663
125 343
125 418
125 847
126 315
126 505
126 512
126 666
126 738
127 248
127 266
127 384
127 433
127 455
127 465
127 503
127 515
128 238
128 432
128 493
128 521
128 587
128 774
128 792
128 821
129 139
129 146
129 252
129 317
129 670
129 728
129 834
129 840
130 157
130 514
130 970
130 994
131 245
131 328
131 497
131 628
131 731
131 991
132 138
132 152
132 176
132 307
132 680
132 984
133 153
133 179
133 733
133 750
133 760
134 329
134 703
135 177
135 426
135 535
135 567
135 756
135 766
135 975
136 188
136 271
136 308
136 742
136 861
136 881
137 295
137 393
137 526
137 748
137 871
138 492
138 609
138 691
138 719
138 787
138 790
138 837
139 149
139 234
139 535
139 553
139 595
139 669
139 790
139 808
139 855
139 869
140 396
140 538
140 586
140 606
140 642
140 721
140 775
140 863
140 865
141 170
141 261
141 586
141 708
141 758
141 920
142 344
142 384
142 558
142 580
143 384
144 214
144 410
144 844
145 525
145 955
146 229
146 372
146 410
146 550
146 560
146 629
146 660
146 694
146 874
146 927
146 945
146 952
146 966
146 986
147 383
147 511
147 599
147 849
148 454
148 913
148 927
149 426
149 804
150 673
150 800
150 952
151 562
151 579
151 703
151 908
152 244
152 312
152 317
152 512
152 803
152 813
152 995
153 438
153 722
153 933
153 975
154 179
154 211
154 255
154 390
154 571
154 612
154 632
154 708
154 827
154 836
155 163
155 381
155 527
155 621
155 743
155 860
155 891
156 166
156 524
156 663
156 703
156 954
157 350
157 359
157 518
157 608
157 612
157 689
157 696
157 976
157 991
158 397
158 428
158 466
158 515
158 609
158 661
158 792
158 842
158 859
158 964
158 975
159 215
159 242
159 370
159 378
159 407
159 413
159 619
159 747
159 810
159 829
160 191
160 891
160 982
161 399
162 352
162 440
162 514
162 567
162 725
162 929
163 527
163 548
163 573
164 265
164 294
164 543
165 375
165 447
165 813
165 864
165 908
166 199
166 214
166 825
167 245
167 271
167 460
167 538
167 760
168 414
168 581
168 602
168 660
168 772
168 813
168 870
168 937
169 423
169 461
169 611
169 836
170 228
170 644
170 846
170 927
171 261
171 533
171 587
171 684
171 780
171 990
172 188
172 642
172 698
173 186
173 574
173 860
173 869
173 999
174 242
174 263
174 386
174 930
175 571
175 627
175 696
175 851
176 419
176 549
176 613
176 833
177 236
177 320
177 385
177 441
177 476
177 556
178 221
178 315
178 454
178 491
178 638
179 213
179 268
179 535
179 882
180 355
180 390
180 502
180 506
180 580
180 996
181 264
181 546
181 597
181 686
182 291
182 320
182 523
182 559
182 873
183 247
183 265
183 338
183 987
184 376
184 382
184 427
184 472
184 515
185 235
185 517
185 699
185 933
186 455
186 685
186 710
186 956
186 959
187 360
187 589
187 776
187 832
187 866
188 253
188 305
188 312
188 424
188 430
188 627
188 755
188 886
189 311
189 567
189 697
189 722
189 775
189 874
189 937
190 331
190 392
190 432
190 752
190 884
190 909
190 977
191 534
191 552
191 697
191 778
191 805
191 957
191 996
192 307
192 328
192 822
192 838
192 958
194 420
194 465
194 523
194 529
194 548
194 833
194 908
194 911
194 939
195 386
195 455
195 535
195 624
195 750
195 849
195 867
195 972
196 533
196 764
197 293
197 506
197 551
197 768
197 802
197 823
197 855
197 938
197 949
198 217
198 367
198 586
198 676
198 757
198 895
199 463
199 530
199 658
199 674
199 700
199 706
200 332
200 403
200 648
200 685
201 234
201 487
201 738
201 826
201 830
201 854
201 894
202 505
202 558
203 615
203 803
203 902
204 442
204 594
204 683
204 759
204 771
204 777
204 939
205 258
205 388
205 688
205 720
205 859
205 889
205 892
205 987
206 208
206 217
206 261
206 578
207 362
207 418
207 449
207 623
207 659
207 725
207 812
207 986
209 497
209 607
209 744
209 842
210 566
210 666
210 676
211 516
211 583
211 961
211 973
212 438
212 882
213 266
213 616
214 249
214 255
214 432
214 693
214 882
215 470
215 520
215 532
215 729
215 846
215 860
215 862
216 217
216 378
216 454
216 471
216 740
216 759
217 394
217 469
217 568
217 623
217 677
217 772
217 859
217 990
218 296
218 498
218 719
218 762
218 958
219 336
219 641
219 715
219 880
219 966
220 693
220 888
221 264
221 285
221 379
221 406
221 520
221 550
221 753
222 334
222 412
222 442
223 298
223 726
223 844
223 886
223 904
223 946
224 274
224 371
224 514
224 527
224 620
225 573
225 623
225 857
225 868
225 901
225 935
226 507
226 527
226 918
227 265
227 458
227 962
228 231
228 287
228 495
228 767
228 946
229 360
229 517
229 540
230 345
230 407
230 454
230 455
230 960
230 990
231 322
231 327
231 370
231 571
231 745
232 353
232 945
233 331
233 384
233 412
233 896
234 448
234 810
235 274
235 318
235 555
235 578
235 594
235 699
235 955
236 579
236 906
237 541
237 682
238 386
238 587
238 689
238 718
238 794
238 847
239 586
239 618
239 832
239 876
240 354
240 458
240 648
240 718
240 750
240 761
240 883
241 410
241 444
241 470
241 515
241 887
242 259
242 475
242 491
242 666
242 686
242 702
242 731
242 984
243 289
243 354
243 543
243 898
244 320
244 347
244 788
244 858
244 954
245 379
245 510
245 516
245 683
245 736
245 740
245 879
245 947
246 301
246 328
246 403
246 473
246 589
246 792
246 881
246 939
246 978
247 379
247 380
247 612
247 632
248 423
248 458
248 485
248 492
249 329
249 559
249 578
249 777
249 951
250 419
250 714
250 906
251 352
251 459
251 468
251 506
251 520
251 707
252 264
252 307
252 400
252 445
252 546
252 680
252 696
252 829
252 840
252 916
253 270
253 654
253 674
253 696
253 775
254 427
255 301
255 453
255 612
255 662
255 969
255 992
256 372
256 411
256 598
256 636
257 557
257 594
257 756
257 837
258 259
258 406
258 538
258 735
258 791
258 994
259 348
259 475
259 604
259 639
259 818
259 825
259 832
259 889
260 369
260 427
260 566
261 634
261 804
261 816
261 878
261 948
261 961
261 996
262 364
262 403
262 718
262 935
263 542
263 604
264 616
264 720
264 963
264 969
265 473
265 490
265 518
265 562
265 671
265 729
265 851
265 901
266 427
266 517
266 735
266 769
266 955
267 460
267 854
268 279
268 314
268 370
268 397
268 421
268 565
269 325
269 443
269 741
269 774
269 783
269 790
269 853
269 969
270 324
270 539
270 624
270 907
270 974
270 994
271 297
271 329
271 957
272 667
272 875
273 358
273 368
273 411
273 447
273 555
274 411
274 457
274 654
274 704
274 810
275 755
276 330
276 374
276 375
276 619
277 586
277 603
277 767
278 475
278 505
278 585
278 682
278 729
278 859
279 785
280 407
280 470
280 648
280 802
281 305
281 391
281 501
282 349
282 595
283 706
283 735
283 745
284 450
284 461
284 508
284 641
284 645
284 676
284 681
284 727
284 781
284 822
284 966
285 298
285 336
285 774
285 855
286 352
286 712
286 732
286 786
287 337
287 365
287 576
287 637
287 981
288 433
288 719
288 783
289 546
289 935
290 359
290 723
290 765
290 882
290 942
291 306
291 414
291 446
291 456
291 496
291 689
291 823
292 494
292 609
292 627
292 745
293 928
294 556
294 680
294 686
294 733
295 390
295 646
295 711
295 790
295 877
295 883
296 302
296 666
296 813
296 905
297 337
297 932
298 496
298 630
298 737
298 798
298 897
299 316
299 354
299 579
299 706
299 745
299 842
299 858
300 311
300 365
300 388
300 465
300 559
300 807
300 824
300 834
301 453
301 466
301 471
301 977
302 368
302 783
302 851
302 868
302 879
302 886
303 396
303 574
303 934
303 937
304 450
304 775
304 917
305 553
305 863
305 882
305 910
306 345
306 387
306 622
306 671
306 740
306 789
306 886
307 459
307 670
307 686
307 898
307 900
308 603
309 411
309 433
309 652
309 670
309 721
309 862
309 925
310 322
310 368
310 402
310 876
310 881
310 938
311 844
312 431
312 567
312 824
313 341
313 495
313 612
313 769
313 785
313 938
314 352
314 433
314 454
314 607
314 878
315 685
315 703
315 767
316 684
317 571
317 585
318 489
318 750
318 856
318 975
319 348
319 421
319 462
319 518
319 796
319 830
320 493
320 630
321 345
321 360
321 487
321 514
321 546
321 733
321 947
321 958
321 994
322 432
322 527
322 657
322 786
323 452
323 710
323 900
324 330
324 862
324 927
324 954
325 586
325 911
325 992
326 395
326 429
326 481
326 494
326 651
326 812
326 958
327 533
328 589
328 817
328 833
329 612
330 340
330 554
330 758
330 860
331 425
332 410
332 629
333 537
333 598
333 687
333 812
333 992
334 369
334 478
334 626
334 663
334 928
335 488
335 607
335 611
335 676
335 843
335 890
335 981
336 340
336 364
336 461
336 579
336 584
336 673
337 402
337 866
338 460
338 829
338 904
338 944
338 990
339 409
339 592
340 659
340 667
340 725
341 567
341 712
341 763
342 379
342 724
342 738
342 909
343 885
344 618
344 678
344 824
345 381
345 384
345 640
346 600
346 604
346 744
346 859
346 871
346 938
347 377
347 844
347 863
347 939
347 966
348 413
348 472
348 719
348 780
348 799
348 922
349 542
349 544
349 691
350 558
350 798
351 421
351 557
351 602
351 770
351 894
352 361
352 513
352 855
352 972
353 616
353 683
354 758
355 425
355 552
355 802
355 956
356 445
356 447
356 654
356 790
358 371
358 491
358 524
358 538
358 647
359 408
359 571
359 723
359 835
360 404
360 564
360 695
360 919
361 642
361 728
362 599
362 740
362 768
362 819
362 862
362 888
363 391
363 555
363 882
363 926
364 482
364 695
364 882
364 929
365 424
365 818
366 401
366 504
366 655
366 931
367 405
367 425
367 883
368 586
368 651
369 376
369 500
369 674
369 786
369 827
370 465
370 494
370 567
370 741
370 781
370 792
371 398
371 568
371 710
371 893
372 424
372 580
372 856
372 880
372 970
373 641
373 665
374 392
374 470
374 703
374 838
375 701
375 759
375 903
375 950
376 635
376 677
376 949
376 970
376 975
377 557
377 723
377 963
378 647
378 812
378 886
379 416
379 478
379 578
379 650
380 505
380 544
380 582
380 792
380 834
380 905
381 518
381 627
381 696
381 755
382 530
382 620
382 781
384 887
384 949
385 491
385 503
385 728
385 922
385 981
386 440
386 772
386 877
387 576
387 594
387 672
387 788
387 858
387 998
389 517
389 563
389 750
389 844
390 592
390 696
390 882
391 479
391 532
391 608
391 839
392 512
392 522
392 646
392 792
392 874
392 952
393 598
393 705
393 851
393 896
394 434
395 807
395 920
396 983
397 826
398 782
399 440
399 473
399 565
399 881
399 937
400 403
400 456
400 518
400 524
400 895
400 910
400 987
401 682
401 803
401 859
401 945
402 403
402 508
402 547
402 943
403 414
403 454
403 583
403 818
403 979
404 525
404 547
404 902
405 817
406 430
406 712
406 787
407 659
407 720
407 927
408 524
408 702
408 722
408 893
408 934
409 716
409 888
409 955
410 678
410 748
410 751
410 811
410 855
411 523
411 636
411 753
412 608
412 820
412 951
412 955
413 646
413 918
414 608
414 795
414 813
414 908
414 928
415 559
415 745
415 753
415 769
415 886
417 547
417 609
417 618
417 875
417 978
418 426
418 654
418 781
418 955
419 463
419 524
419 654
419 661
419 666
420 521
420 754
420 840
421 437
421 816
422 443
422 454
422 753
422 954
422 976
423 465
423 499
423 594
423 660
423 727
424 460
424 587
424 597
424 876
425 436
425 523
426 606
426 641
426 858
427 715
427 740
427 819
428 526
428 530
428 844
428 924
429 521
429 845
429 976
429 993
430 466
430 788
430 881
431 511
431 629
431 713
431 784
431 893
431 934
432 952
433 721
433 728
433 911
434 653
434 798
434 954
435 481
435 525
435 536
435 897
435 949
435 986
435 991
436 510
436 611
436 987
437 468
438 551
438 666
438 766
438 821
438 905
439 528
439 977
439 979
440 823
440 950
441 614
441 723
441 744
441 877
441 886
442 598
442 807
443 577
443 832
444 509
444 555
444 592
444 733
444 786
444 824
445 653
445 700
446 502
446 815
446 917
447 832
447 924
447 951
448 761
448 904
449 608
450 458
450 461
450 543
450 560
450 778
450 806
450 832
451 837
451 872
451 911
451 912
451 974
452 559
452 680
452 761
453 565
453 949
454 507
454 588
454 662
454 676
454 884
454 890
455 716
456 471
456 486
456 587
456 663
456 899
456 949
456 951
456 968
457 496
457 547
457 568
457 697
457 859
457 949
457 952
458 476
458 483
458 594
458 630
458 844
459 690
459 750
460 577
460 624
460 685
461 507
461 765
462 594
462 631
462 703
462 801
463 493
463 765
463 952
464 702
464 842
464 907
464 934
464 967
464 982
464 987
465 474
465 554
465 986
466 597
466 650
467 501
467 665
467 804
467 970
468 552
468 696
468 806
468 890
468 923
469 610
469 785
470 665
470 969
471 688
471 723
472 494
472 649
472 683
472 700
472 802
472 884
473 692
474 713
474 797
475 764
476 866
476 944
477 669
477 754
477 809
477 877
478 546
478 898
479 602
479 644
479 767
479 848
479 907
480 815
480 874
480 979
481 641
481 954
482 599
482 664
483 669
483 754
483 807
483 985
484 542
484 609
484 744
484 758
484 873
485 647
485 678
485 979
486 776
486 880
487 872
487 928
488 673
489 597
490 502
490 708
490 985
490 986
490 993
491 749
492 621
492 729
492 811
493 787
493 809
493 899
493 910
495 630
495 727
496 668
496 711
497 557
497 569
497 586
498 685
498 993
499 696
499 778
500 711
501 916
501 947
502 590
502 747
503 724
503 799
503 857
504 678
504 701
505 587
505 595
505 903
506 531
506 578
506 891
506 957
507 698
507 863
508 525
508 760
508 812
508 920
508 957
508 970
509 643
509 832
510 642
510 664
510 680
510 746
510 922
510 968
511 617
512 751
512 841
512 923
512 956
512 961
512 963
513 543
513 626
513 659
513 699
514 666
514 686
514 693
514 783
514 966
515 519
515 629
515 851
515 885
515 903
515 964
516 598
516 615
516 855
517 571
517 636
517 676
517 849
517 934
518 744
518 885
518 993
519 822
520 859
520 930
521 573
521 668
521 762
521 771
521 797
522 841
522 958
523 525
523 607
523 987
524 559
524 663
524 722
525 655
525 766
525 774
525 863
526 653
526 675
526 707
526 732
526 839
527 617
527 677
527 832
527 841
527 934
527 956
528 951
528 989
529 637
529 652
531 589
532 803
532 885
532 927
533 945
534 701
534 831
534 834
534 961
535 538
535 549
536 684
537 637
537 766
537 816
538 740
539 621
539 856
541 778
541 930
542 746
542 796
542 815
542 817
543 747
543 840
543 993
544 614
544 786
544 994
545 748
545 821
545 833
545 886
545 936
546 566
546 771
547 767
547 836
547 949
547 965
549 725
549 850
550 557
550 741
550 748
550 851
551 730
551 868
552 642
554 568
554 774
554 991
555 770
555 809
555 943
556 557
556 771
557 646
557 672
558 643
558 988
559 726
560 607
561 583
561 679
561 855
562 818
562 918
563 710
563 754
563 864
563 967
564 670
564 850
565 612
565 852
565 903
565 933
565 972
565 978
567 578
567 684
567 793
568 638
569 587
570 736
570 927
570 945
571 725
571 950
572 661
572 685
572 741
572 868
572 971
573 580
573 648
573 768
573 793
573 870
573 917
574 589
574 649
575 842
577 648
577 949
577 973
578 866
578 973
579 780
579 817
580 605
581 628
582 627
582 668
582 720
582 798
582 836
582 882
582 887
582 992
583 652
583 713
583 800
584 602
584 772
584 828
585 966
586 713
586 766
587 690
587 837
588 630
588 709
588 731
589 743
589 745
589 768
589 817
589 906
589 925
590 930
590 932
590 953
591 666
591 732
591 835
591 994
592 710
592 742
592 758
592 999
593 689
593 981
595 665
595 737
595 984
596 772
596 993
597 882
598 837
599 705
599 764
599 775
599 847
600 784
600 811
603 742
603 775
603 782
603 836
603 880
603 955
603 976
603 996
604 649
604 730
604 741
604 892
605 835
605 995
606 947
607 708
608 706
608 869
608 935
609 621
609 766
609 945
610 885
610 956
611 680
611 729
611 738
611 845
612 616
612 630
612 664
613 721
613 982
614 643
614 776
615 654
615 952
617 671
617 937
617 964
618 637
618 835
618 871
618 919
619 753
619 976
620 751
621 775
622 813
622 952
623 949
624 770
624 859
624 966
625 679
625 923
627 633
627 701
627 947
628 757
628 996
629 808
629 955
630 636
630 649
630 655
630 761
630 778
631 974
633 657
634 840
634 859
635 781
635 817
635 838
635 868
635 919
636 798
636 893
636 896
637 805
638 724
638 916
639 800
639 801
639 892
640 675
640 912
641 867
642 813
643 923
643 935
645 749
645 934
646 830
646 956
647 742
647 832
647 896
647 904
648 657
648 689
649 719
649 892
650 730
650 747
651 730
651 825
652 747
652 764
653 707
653 806
654 701
654 737
654 847
655 692
655 726
655 735
655 760
655 852
655 994
656 764
656 970
656 996
657 744
658 703
658 960
659 689
659 900
659 980
661 793
662 885
662 938
662 963
663 712
663 762
664 816
664 955
665 873
665 963
665 987
666 735
666 858
666 884
666 951
667 756
667 860
667 893
668 831
669 859
672 721
672 820
672 889
673 762
673 835
673 844
673 999
674 688
674 842
675 696
675 800
676 904
677 682
677 783
677 833
677 960
678 866
679 713
679 725
679 869
679 918
680 796
680 928
681 907
682 716
683 963
684 721
684 756
684 817
684 877
685 734
685 890
685 929
686 910
686 962
689 787
691 834
692 745
692 823
693 832
693 969
695 789
695 848
696 706
696 712
696 776
696 790
697 774
699 814
699 870
699 984
700 813
700 881
701 834
701 869
701 944
701 947
702 975
704 771
704 832
704 942
705 881
705 955
706 725
706 953
707 876
707 976
709 830
709 855
710 801
714 781
714 908
715 910
715 942
716 748
716 791
716 867
716 940
717 836
717 885
717 913
719 936
720 863
721 725
721 890
721 942
722 745
722 857
722 948
723 879
723 981
725 765
725 861
725 997
728 745
728 768
728 848
728 985
729 857
729 887
731 754
732 761
733 860
733 961
736 761
737 828
737 858
738 801
738 990
740 748
740 774
740 789
741 950
742 843
742 900
743 835
743 880
744 764
744 791
745 768
745 794
745 831
745 896
746 808
747 955
747 996
748 797
748 846
748 859
749 980
751 796
751 926
753 938
754 937
755 945
756 903
757 859
757 860
758 778
758 791
759 987
760 934
761 813
761 958
762 798
763 994
764 973
765 935
765 950
766 780
766 840
767 781
767 828
767 885
767 922
767 995
769 851
771 885
771 917
771 993
772 866
772 933
773 797
774 956
775 819
775 822
777 968
778 848
779 817
779 856
779 874
779 891
779 981
780 798
780 958
780 976
781 963
781 986
782 871
782 935
782 991
783 938
783 961
785 809
785 952
785 967
786 823
786 975
787 953
788 838
788 872
788 976
789 882
792 902
792 986
793 848
794 866
794 966
794 978
794 987
795 825
795 866
796 803
797 830
798 877
799 892
799 904
801 853
801 990
803 849
804 832
805 852
806 930
807 837
808 819
809 915
809 993
810 885
811 861
811 943
812 929
812 947
813 843
814 912
815 828
816 856
816 877
816 975
816 983
817 841
817 950
818 957
818 997
819 893
819 953
821 919
821 963
822 908
822 909
823 877
823 965
823 993
825 904
825 964
826 954
827 836
831 854
834 917
834 937
835 968
836 920
836 963
837 896
838 904
839 954
839 978
841 938
841 994
845 896
845 907
846 918
847 893
848 873
848 959
849 925
849 957
851 864
853 898
853 940
854 952
860 865
860 896
860 897
860 906
862 928
863 928
864 968
868 880
868 887
870 996
872 940
874 972
876 926
878 990
881 905
881 940
883 935
886 955
887 972
889 931
892 992
894 937
896 921
896 977
899 962
900 922
900 923
902 952
902 957
904 977
907 932
907 959
907 971
911 972
913 966
917 979
922 926
923 930
923 949
923 952
924 943
925 958
926 935
937 945
937 999
938 994
943 975
945 975
948 967
950 966
951 966
958 972
959 988
974 983
