0 23
0 244
0 343
0 432
1 540
1 810
1 975
2 261
2 421
2 775
2 811
2 833
3 292
3 508
3 520
3 703
3 866
3 870
3 962
4 282
4 286
4 322
4 346
4 742
4 804
5 150
5 202
5 213
5 341
5 388
5 457
5 502
5 639
6 360
6 578
6 669
6 674
6 812
6 887
6 922
7 13
7 380
7 587
7 690
7 798
8 156
8 313
8 361
8 488
9 517
9 578
9 605
9 635
9 645
9 894
10 123
10 290
10 298
10 529
10 580
10 710
10 741
10 757
10 880
11 252
11 680
11 687
11 699
11 777
11 801
12 624
12 712
12 720
12 785
12 994
12 997
13 180
13 338
13 434
13 695
13 974
14 59
14 91
14 219
14 413
14 515
14 864
15 280
15 296
15 363
15 488
15 842
16 58
16 141
16 290
16 335
16 422
16 788
17 157
17 226
17 386
17 438
17 661
17 689
17 737
17 827
18 41
18 140
18 433
18 469
18 512
18 574
18 736
18 767
18 815
19 237
19 326
19 508
19 635
20 209
20 394
20 491
20 502
20 511
20 958
21 160
21 191
21 657
21 660
21 759
21 789
21 816
22 229
22 465
22 853
22 870
23 149
23 225
23 297
23 701
23 707
23 789
23 958
24 284
24 313
24 682
24 912
24 966
25 41
25 325
25 541
25 857
25 890
26 230
26 396
26 595
26 852
26 871
27 763
27 939
28 219
28 323
28 367
28 738
29 61
29 78
29 330
29 392
29 453
29 457
29 759
29 831
29 999
30 238
30 270
30 296
30 328
30 485
30 598
30 899
31 62
31 207
31 252
31 389
31 411
31 412
31 741
31 809
31 908
31 990
32 72
32 335
32 493
32 529
33 59
33 314
33 397
33 532
33 554
33 815
33 877
34 78
34 120
34 639
34 679
34 801
34 932
34 967
35 318
35 420
35 489
35 658
35 689
35 734
35 931
35 964
35 989
36 393
36 537
36 585
36 913
37 145
37 165
37 315
37 930
38 192
38 220
38 281
38 358
38 439
38 539
38 731
38 901
39 229
39 390
39 414
39 435
39 886
39 956
40 168
40 524
40 627
40 818
41 69
41 92
41 376
41 383
41 608
41 641
41 820
41 919
41 922
42 114
42 460
42 521
42 628
43 61
43 627
43 727
43 728
44 45
44 363
44 461
44 621
44 858
45 239
45 333
45 357
45 413
45 750
45 895
46 171
46 468
46 481
46 507
46 609
46 670
46 743
46 839
47 884
47 891
48 131
48 266
48 283
48 320
48 473
48 563
48 568
48 732
48 779
48 824
48 917
49 73
49 318
49 385
49 522
49 695
50 540
50 600
50 727
50 922
50 982
51 113
51 200
51 236
51 429
51 563
51 608
51 867
52 356
52 414
52 420
52 921
52 942
53 247
53 647
53 670
53 771
53 827
53 978
54 448
54 454
54 511
54 809
54 916
54 987
55 89
55 126
55 294
55 369
55 649
55 739
55 795
55 878
56 256
56 268
56 354
56 371
56 623
56 672
56 862
56 983
57 123
57 280
57 306
57 559
57 639
57 701
57 803
58 659
59 323
59 756
59 760
59 957
60 351
60 417
60 710
60 768
60 812
60 845
61 525
61 939
62 75
62 148
62 160
62 214
62 454
62 529
62 808
63 66
63 109
63 178
64 74
64 225
64 229
64 493
65 114
65 210
65 584
65 788
65 988
66 177
66 229
66 230
66 420
66 732
66 762
66 924
66 933
66 996
67 74
67 207
67 391
67 402
67 676
67 762
67 822
68 214
68 430
68 642
68 646
68 946
69 159
69 250
69 984
70 345
70 373
70 530
70 535
70 673
70 855
71 217
71 376
71 387
71 431
71 812
71 947
71 970
72 407
72 460
72 734
72 967
72 968
73 776
73 867
74 115
74 287
74 530
74 541
74 736
74 845
74 912
75 100
75 132
75 344
75 752
75 822
75 947
75 968
75 985
76 118
76 129
76 154
76 232
76 351
76 509
76 648
76 948
77 108
77 273
77 590
77 600
77 620
77 765
77 854
78 385
78 641
78 779
78 889
78 972
79 288
80 81
80 87
80 221
80 387
80 459
80 692
80 725
80 864
80 925
81 193
81 257
81 496
81 772
81 881
81 922
82 386
82 583
82 662
82 870
82 909
82 953
83 183
83 548
83 573
83 637
83 737
84 177
84 191
84 540
84 554
84 900
85 438
85 804
85 822
85 870
86 341
86 507
86 571
86 627
86 853
87 633
87 768
88 119
88 145
88 156
88 361
88 366
88 550
88 667
88 876
89 107
89 232
89 309
89 356
89 518
89 544
89 765
89 834
89 992
90 145
90 575
90 765
90 804
90 947
91 220
91 497
92 192
92 249
92 427
92 440
93 476
93 563
93 627
94 256
94 378
94 547
94 581
94 668
94 858
94 933
95 408
95 492
95 494
95 711
95 765
95 993
96 371
96 395
96 439
96 670
97 327
97 455
97 782
97 917
98 182
98 221
98 340
98 976
99 229
99 296
99 691
100 184
100 232
100 259
100 337
100 400
100 697
101 251
101 363
101 500
101 588
101 646
101 684
101 853
101 892
101 925
102 484
102 579
102 644
102 688
102 862
103 131
103 248
103 712
104 139
104 176
104 381
104 563
104 669
104 882
104 921
104 959
105 453
105 459
105 614
105 871
105 932
106 281
106 481
106 731
106 825
106 860
107 628
107 703
107 950
108 438
109 414
109 428
109 494
109 499
109 594
109 695
109 846
110 124
110 398
110 606
110 643
110 713
110 796
110 865
110 899
110 912
110 984
111 230
111 233
111 347
111 565
111 746
111 810
111 876
111 929
112 309
112 374
112 518
112 785
112 941
113 170
113 267
113 654
113 889
113 981
114 192
114 367
114 561
114 714
114 811
114 913
115 121
115 247
115 340
115 507
115 831
115 852
116 157
116 246
116 308
116 495
116 566
116 600
116 637
116 681
116 697
117 324
118 264
118 446
118 543
118 791
120 140
120 218
120 279
120 949
121 639
121 875
122 291
122 450
122 515
122 569
123 321
123 481
123 539
123 616
123 747
123 942
124 302
124 489
124 515
124 536
124 545
124 557
124 642
124 758
125 144
125 166
125 215
125 530
125 577
125 663
125 678
125 856
126 394
126 506
126 520
126 606
126 650
126 773
127 202
127 899
127 977
128 237
128 264
128 357
128 559
128 889
129 363
129 414
129 815
129 845
130 186
130 395
130 627
131 135
131 378
131 496
131 733
131 842
131 933
132 238
132 315
132 522
132 524
132 594
132 803
133 259
133 313
133 429
133 439
133 520
133 581
133 638
133 714
133 965
133 987
133 989
134 251
134 297
134 837
134 995
135 269
135 318
135 321
135 353
135 375
135 763
135 808
135 822
136 210
136 519
136 554
136 730
136 812
136 870
136 880
136 957
136 989
137 200
137 247
137 311
137 833
137 841
138 233
138 251
138 262
138 361
138 403
138 801
138 886
139 484
139 909
139 992
140 152
140 264
141 328
141 345
141 378
141 382
141 996
141 998
142 202
142 210
142 265
142 272
142 454
142 505
142 543
142 883
142 925
143 177
143 183
143 685
143 728
143 862
143 866
143 958
144 366
144 435
144 506
144 629
144 780
144 790
144 898
145 682
145 852
145 882
146 267
146 419
146 536
146 634
146 699
146 882
146 959
147 207
147 444
147 480
147 557
147 941
148 168
148 240
148 340
148 418
148 522
149 238
149 535
150 173
150 359
150 386
150 414
150 510
150 577
150 591
150 616
150 720
150 882
150 936
150 939
151 236
151 267
151 435
151 601
151 648
152 370
152 433
152 690
152 880
152 947
152 964
153 407
153 627
153 637
153 670
153 942
153 988
154 332
154 849
154 944
155 623
155 959
156 835
156 981
157 505
157 557
157 716
157 793
158 507
158 520
158 547
158 550
158 557
158 719
158 912
158 940
159 298
159 558
160 452
160 762
160 954
161 162
161 517
161 873
161 876
161 881
161 910
161 987
162 209
162 224
163 211
163 935
164 338
164 709
165 176
165 331
165 364
165 380
165 732
165 750
165 845
166 525
166 894
167 233
167 289
167 432
167 687
167 715
167 737
167 749
167 927
167 958
167 979
168 207
168 282
168 484
168 502
168 547
168 699
168 794
169 385
169 657
169 669
169 742
169 814
170 172
170 297
170 365
170 430
170 894
171 308
171 433
171 637
171 849
171 863
171 875
172 262
173 250
173 425
173 683
174 230
174 332
174 391
174 407
174 455
174 516
174 535
174 710
174 785
174 797
174 835
175 217
175 221
175 343
175 420
175 655
175 938
175 950
176 262
176 452
176 611
176 665
176 772
176 915
176 969
177 484
177 492
177 965
177 977
178 228
178 252
178 256
178 293
178 353
178 591
178 597
179 198
179 243
179 643
179 856
179 883
180 323
180 759
180 982
181 273
181 480
181 633
181 666
181 739
181 889
182 466
182 590
182 622
182 813
182 899
182 919
183 794
183 921
183 993
184 322
184 513
184 521
184 751
185 919
185 929
186 337
186 590
186 687
187 233
187 335
187 363
187 522
187 605
187 969
188 453
188 701
189 743
189 976
190 456
190 556
190 572
190 639
190 725
190 759
190 855
190 913
190 992
191 216
191 570
191 583
191 942
192 767
192 837
192 923
192 986
193 194
193 356
193 374
193 449
193 647
193 785
193 930
194 284
194 354
194 546
194 582
194 940
195 665
195 698
195 699
195 844
195 857
195 881
196 342
196 375
196 391
196 430
196 514
196 862
196 909
197 508
197 737
197 743
197 890
197 923
198 475
198 569
198 775
199 250
199 290
199 541
199 914
199 926
199 940
200 249
200 456
200 546
200 593
200 598
200 650
200 673
200 935
201 342
201 666
202 216
202 266
202 413
202 446
202 589
202 624
202 905
203 362
203 408
203 559
203 599
203 698
203 967
204 210
204 234
204 366
204 411
204 498
204 790
205 239
205 331
205 404
205 460
205 556
205 595
205 602
205 783
205 896
205 918
206 243
206 749
206 797
206 946
207 484
208 209
208 236
208 498
208 550
208 792
208 932
209 262
209 403
209 462
209 543
209 554
209 562
209 590
209 679
209 713
209 862
210 231
210 415
210 481
210 583
210 707
210 716
210 833
211 255
211 493
211 530
211 620
211 647
211 829
212 376
212 633
212 646
212 895
213 295
213 543
213 726
213 992
214 768
214 788
214 807
215 453
215 638
215 770
215 777
215 923
215 958
216 261
216 324
216 424
216 578
216 691
216 726
216 806
216 932
216 940
217 353
217 390
217 513
217 517
217 554
217 689
217 779
217 871
217 876
217 926
217 959
218 233
218 333
218 518
218 525
218 607
218 615
218 745
219 254
219 318
219 547
219 593
219 778
220 250
220 532
220 592
220 891
220 942
221 415
221 579
221 728
222 415
223 492
223 611
223 778
223 787
223 791
223 874
223 952
224 441
224 535
224 638
224 900
225 301
225 654
225 714
225 974
226 442
226 475
226 540
226 675
227 267
227 369
227 554
227 695
228 303
228 384
228 475
228 505
228 750
229 433
229 602
230 423
230 428
230 672
230 724
230 852
232 309
232 401
232 442
232 716
232 757
232 799
233 290
233 340
233 428
233 548
233 569
233 584
233 941
234 372
234 625
234 677
234 682
234 758
234 856
235 257
235 620
235 735
235 856
235 872
236 255
236 410
236 519
236 632
236 641
236 676
236 747
237 533
237 567
237 638
237 700
237 814
238 271
238 392
238 714
238 803
238 852
239 336
239 748
239 758
240 644
241 296
241 374
241 612
242 268
242 284
242 484
242 857
242 921
242 967
243 955
244 505
244 697
244 806
245 423
245 887
245 946
246 360
246 401
246 519
246 903
246 998
247 290
247 311
247 358
247 443
247 568
247 630
247 770
247 941
248 479
248 662
249 276
249 535
250 367
250 531
250 536
250 551
250 566
250 932
250 942
250 972
251 295
251 335
251 500
251 566
251 684
251 743
251 813
252 386
252 912
253 270
253 295
253 407
253 433
253 543
253 558
254 614
254 734
254 863
254 914
254 922
255 496
255 612
255 782
256 273
256 419
256 504
256 534
256 550
256 600
256 990
257 439
257 542
257 744
257 985
258 288
258 408
258 693
258 972
259 542
259 738
259 826
259 834
259 885
259 928
259 959
260 290
260 521
261 566
261 728
261 815
261 816
261 928
262 473
262 486
262 636
262 689
262 697
262 749
262 861
263 398
263 651
263 668
263 688
263 785
264 408
264 428
264 676
265 451
265 641
265 724
265 772
265 793
265 905
266 303
266 332
266 426
266 507
266 553
266 706
266 799
267 295
267 350
267 367
267 475
267 522
267 604
267 802
267 805
267 905
268 341
268 343
268 617
268 637
268 794
268 823
269 617
269 900
269 993
270 493
270 505
270 645
270 664
270 733
270 824
270 898
271 575
271 841
271 979
272 334
272 601
273 277
273 309
273 369
273 377
273 491
273 783
273 932
275 416
275 451
275 828
275 866
275 878
275 999
276 350
277 321
277 456
277 565
277 638
277 719
278 305
278 461
278 889
278 988
279 341
279 425
279 588
279 724
279 774
280 298
280 717
280 996
281 515
281 519
281 803
281 867
282 893
283 385
283 460
283 462
283 915
284 509
284 886
285 367
285 396
285 465
285 477
285 538
285 611
286 363
286 540
286 675
286 752
286 753
287 323
287 722
287 941
288 462
288 561
288 580
288 593
288 646
288 899
289 290
289 310
289 492
289 625
289 679
289 761
289 848
290 397
290 513
290 672
290 807
291 355
291 555
292 321
292 423
292 560
292 567
292 572
292 938
293 331
293 410
293 560
293 685
293 886
294 382
294 410
294 557
294 716
294 755
295 310
295 354
295 687
295 746
295 926
296 332
296 701
296 737
296 962
297 360
297 721
297 828
298 400
298 450
298 639
298 668
298 682
298 993
299 346
299 759
299 844
300 313
300 394
300 422
300 511
300 552
300 632
300 640
300 901
301 729
301 783
301 859
302 367
302 408
302 613
302 632
302 750
302 895
303 344
303 459
304 405
304 535
304 636
304 683
304 746
304 751
304 972
305 343
305 418
305 463
306 484
306 616
306 730
306 798
307 666
307 696
308 310
308 329
308 474
308 833
308 997
309 322
309 347
309 493
310 375
310 429
310 469
310 664
310 946
311 356
311 364
311 569
311 709
311 980
312 354
312 357
312 571
312 628
312 708
312 717
312 758
312 888
313 345
313 399
313 407
313 413
313 508
313 524
313 531
314 670
314 692
314 748
314 754
315 322
315 448
316 340
316 628
316 660
316 792
316 983
317 457
317 467
317 713
317 786
317 825
317 922
318 482
318 517
318 745
318 920
318 946
318 974
319 427
319 828
319 882
319 956
320 348
320 746
320 795
320 860
321 381
321 565
321 665
321 668
321 718
321 763
321 830
322 396
322 608
322 664
322 843
323 554
323 577
323 930
325 626
325 678
326 699
327 469
327 922
327 935
327 974
328 448
328 722
328 821
328 844
328 859
328 927
328 934
328 948
329 379
329 823
329 997
330 406
330 610
330 785
330 796
330 999
331 381
331 457
331 758
332 373
332 382
332 865
333 403
333 429
333 592
333 595
333 647
333 753
333 807
333 848
333 901
333 904
333 999
334 716
334 776
334 807
335 341
335 781
335 883
336 390
336 600
336 715
337 377
337 973
338 381
338 625
338 667
338 718
339 358
339 588
339 650
340 790
341 469
341 600
341 634
341 760
341 813
342 379
342 390
342 427
343 876
343 921
343 932
343 977
344 403
344 478
344 798
345 508
345 534
345 698
345 890
345 938
346 388
346 428
346 582
346 861
346 943
346 971
347 949
348 382
348 436
348 540
348 656
348 674
348 764
348 784
349 352
349 409
349 437
349 486
349 567
349 803
349 860
349 962
349 980
350 535
350 541
351 590
351 697
351 774
351 847
352 566
352 744
352 809
352 885
353 462
353 774
353 821
354 478
354 750
354 910
354 982
355 374
355 573
355 585
355 753
355 760
355 831
355 943
356 994
357 474
357 630
357 676
357 809
357 815
358 456
358 791
359 441
359 653
359 762
359 803
359 918
360 383
360 453
360 483
360 546
360 563
360 764
360 790
361 464
361 634
361 765
361 859
362 469
362 802
362 852
363 875
363 896
364 467
364 562
364 697
364 836
365 722
366 461
366 579
366 737
366 739
366 807
367 812
368 747
368 804
369 461
369 579
369 872
369 974
370 407
370 431
370 727
370 755
371 373
371 583
371 754
371 769
371 910
372 431
372 567
373 519
373 640
374 537
374 681
374 700
374 908
375 533
375 534
375 558
375 680
375 976
376 417
376 458
376 583
376 866
376 980
377 973
378 577
379 463
379 588
379 789
379 944
380 454
380 516
380 529
380 566
380 587
380 776
380 810
380 913
380 914
381 668
381 759
381 772
382 476
382 494
382 633
382 990
383 633
383 780
383 804
383 885
384 478
384 591
384 719
384 969
385 727
385 732
385 838
386 485
386 897
387 424
387 570
388 477
388 544
388 589
389 474
389 584
390 509
390 519
390 796
390 805
390 830
390 863
390 927
390 949
391 435
391 568
391 607
391 698
392 562
392 585
392 602
392 662
392 918
392 988
393 485
393 541
393 686
393 918
393 930
394 456
394 897
394 993
395 995
396 540
396 676
396 956
397 685
398 749
399 596
399 619
399 719
399 720
399 957
399 962
399 984
400 522
400 698
400 780
400 945
401 440
401 478
401 522
401 624
401 775
402 618
402 676
402 686
403 619
403 893
404 557
404 620
404 645
404 687
404 771
404 954
405 538
405 553
405 829
405 836
405 887
406 473
406 787
407 575
407 630
407 696
407 757
408 435
408 646
408 742
408 743
408 963
409 659
409 808
409 895
409 900
409 919
410 448
411 703
411 908
412 619
412 887
413 415
413 690
413 912
413 913
414 549
414 687
414 774
415 454
416 545
416 819
416 999
417 614
417 705
417 754
417 851
417 876
418 697
418 900
418 934
418 953
419 616
420 464
420 799
420 804
420 843
420 868
421 474
421 726
422 698
422 736
422 751
423 494
423 682
424 480
424 704
424 947
425 527
425 719
425 885
426 489
426 544
426 564
426 712
427 479
428 475
428 821
429 486
429 634
429 676
429 739
430 581
430 611
430 650
430 798
430 983
431 551
431 571
431 593
431 645
431 781
431 966
432 560
432 601
432 943
433 668
433 732
433 755
433 876
433 975
434 546
435 450
435 618
435 666
435 881
435 915
436 824
437 584
437 760
437 944
438 604
438 697
439 716
440 909
440 990
441 507
441 636
441 866
441 881
442 561
442 710
442 750
442 757
443 608
443 738
444 762
444 825
444 826
445 485
445 758
445 843
445 914
445 924
446 722
446 776
446 856
446 871
447 656
447 850
447 870
447 918
448 964
449 638
449 981
450 776
450 851
450 974
451 889
451 959
451 966
452 568
452 733
453 511
453 615
453 620
453 727
453 740
453 776
454 512
454 552
454 573
454 681
454 731
454 946
455 660
455 719
456 883
456 974
457 476
457 560
457 643
457 661
457 747
457 994
458 756
459 640
459 680
459 816
459 872
459 981
459 999
460 637
460 759
460 772
460 830
460 886
460 893
461 481
461 514
461 602
461 710
461 734
461 897
461 935
461 981
462 956
463 506
463 689
463 698
463 797
463 889
463 911
464 478
464 495
464 882
466 778
467 651
468 641
468 945
469 502
469 728
469 814
470 497
470 839
470 948
471 608
471 724
472 509
472 745
473 621
473 905
474 480
474 871
474 968
474 974
475 515
475 699
476 503
476 801
476 855
478 541
478 714
478 799
478 871
479 556
479 652
480 845
480 940
480 982
481 520
481 696
481 860
482 569
482 629
482 900
483 505
483 535
483 689
483 706
485 681
485 774
485 867
486 740
486 892
486 912
486 943
486 959
487 572
487 698
487 929
488 525
488 893
488 945
488 999
489 762
489 951
490 686
491 640
491 797
491 808
491 847
492 506
492 724
492 846
493 554
493 955
494 822
494 981
495 521
495 567
495 629
495 690
495 966
496 593
496 617
496 747
496 794
497 563
498 616
498 941
499 589
499 676
499 712
499 909
500 949
500 999
501 570
501 685
501 891
502 598
502 740
502 776
502 949
503 792
504 572
504 575
504 687
504 799
504 951
504 977
505 826
505 910
505 937
505 995
506 599
506 736
506 965
507 653
507 671
507 691
507 949
508 812
508 960
509 605
509 607
509 805
509 866
510 786
510 867
511 686
512 754
512 788
512 789
513 853
514 573
515 573
515 636
515 742
515 922
515 945
516 518
516 871
517 559
518 706
518 745
518 763
518 853
519 744
519 831
519 932
520 633
520 683
520 862
520 985
521 570
521 873
522 656
522 688
522 748
522 752
522 778
523 783
523 811
523 850
523 888
523 895
523 939
524 605
524 670
524 764
524 799
525 903
527 627
527 844
527 888
527 931
528 690
531 581
531 889
531 954
532 639
533 802
533 992
534 667
534 684
534 845
535 806
536 701
536 760
536 785
536 969
537 816
537 924
537 994
539 727
539 894
540 715
541 550
541 559
541 694
541 771
542 698
542 716
542 750
542 781
542 843
542 908
542 979
543 572
543 748
543 863
543 913
544 563
544 653
544 680
544 801
544 874
544 890
546 847
547 595
547 623
547 642
547 645
547 700
548 685
548 767
548 826
548 885
548 955
548 961
548 984
549 695
549 872
550 577
550 691
551 558
551 836
552 764
552 897
554 660
554 679
554 720
554 796
555 556
555 571
555 576
555 705
556 558
556 612
556 949
557 746
557 747
558 991
559 837
560 636
560 728
560 729
560 738
560 742
560 892
560 923
561 647
561 668
561 824
561 878
562 841
562 963
564 567
564 628
564 723
564 748
564 789
565 642
565 714
565 741
566 726
566 757
567 606
567 838
567 933
568 667
568 964
569 856
569 967
570 731
571 736
572 694
572 717
572 742
572 821
573 773
573 881
575 594
575 622
575 742
575 861
576 602
576 721
577 641
577 676
577 837
579 656
579 661
579 767
579 841
579 906
580 862
580 899
581 582
582 903
583 614
583 706
584 798
585 842
586 860
586 915
587 692
587 724
587 800
587 801
587 864
588 660
589 604
589 837
590 599
590 621
590 736
591 710
591 831
591 860
591 898
591 959
591 989
592 740
592 930
593 675
593 895
593 896
594 834
595 895
596 998
597 621
598 676
598 747
598 836
600 675
600 719
600 776
600 782
600 930
600 951
601 633
601 855
602 670
602 786
603 878
603 938
604 647
604 742
605 963
606 918
606 926
607 681
607 926
607 953
608 890
609 631
609 668
609 858
609 961
610 980
611 818
611 855
612 738
612 789
612 893
613 782
615 644
615 702
615 809
615 872
615 875
615 989
616 687
617 622
617 785
617 828
618 762
618 897
618 917
619 655
619 687
619 792
620 661
620 687
620 829
620 953
621 787
621 826
622 689
622 711
622 765
623 709
623 928
624 628
624 722
624 939
625 997
626 638
627 918
627 964
628 895
629 738
629 779
629 997
630 764
630 905
631 727
631 900
631 931
632 645
633 717
633 943
634 703
635 640
636 871
636 939
636 961
637 686
637 894
637 989
638 731
638 803
638 929
639 643
639 696
639 802
640 803
640 869
641 897
642 937
643 831
644 656
644 725
644 776
644 837
644 919
644 996
645 721
646 800
646 865
647 699
647 930
648 677
648 680
648 955
650 701
650 703
650 905
651 948
652 920
653 678
653 751
653 883
654 770
654 997
655 663
655 677
655 841
656 705
656 962
657 939
658 856
659 692
659 748
659 917
659 948
661 685
661 830
661 918
662 836
662 844
663 921
664 748
665 708
666 879
667 780
668 700
668 778
668 901
669 782
669 913
670 730
670 989
671 694
671 988
672 739
672 779
672 789
672 819
673 721
673 923
674 703
674 809
674 864
675 844
676 700
676 815
677 826
677 827
677 891
678 900
678 911
679 726
679 956
679 978
680 796
680 938
681 702
682 846
684 709
684 889
684 914
684 993
685 841
685 934
686 841
687 864
687 960
688 797
688 888
688 928
688 963
688 980
689 808
689 826
689 846
689 865
689 894
691 764
693 804
694 703
694 759
694 966
695 723
695 857
696 708
696 923
697 864
697 894
699 941
699 973
700 900
700 961
701 981
702 937
703 880
703 946
704 925
704 930
705 734
705 837
705 916
705 955
706 947
706 990
709 723
711 765
712 812
714 747
716 719
716 795
716 988
717 789
717 903
718 777
718 886
718 983
718 987
719 732
719 782
719 811
719 831
719 892
719 915
720 912
721 730
721 800
721 977
722 900
722 901
722 956
723 754
723 911
725 905
727 889
727 955
727 970
730 811
731 938
731 974
731 978
732 762
732 984
733 995
734 796
737 799
738 809
739 904
741 763
742 775
742 797
742 824
742 953
742 957
743 908
745 905
745 970
746 859
746 960
748 886
748 896
748 898
750 836
750 947
752 834
752 868
754 918
755 869
755 897
756 856
756 876
757 883
758 951
760 785
760 805
760 879
760 905
760 920
761 952
762 763
762 802
763 909
764 771
764 879
764 945
765 866
765 941
768 817
768 887
769 924
770 796
770 909
771 795
771 889
771 988
773 840
773 879
774 887
776 852
777 806
777 838
777 875
778 923
779 818
779 860
779 887
779 939
780 874
782 837
782 955
784 964
785 953
785 982
786 799
786 958
789 791
791 831
791 949
794 881
797 935
797 963
799 835
799 992
802 865
803 886
803 971
804 894
804 936
805 975
809 860
809 972
810 947
811 995
812 868
813 814
813 855
813 964
815 840
815 887
815 932
817 860
820 874
821 824
824 907
826 939
826 957
828 936
829 848
830 868
830 911
830 963
833 962
834 900
836 914
838 867
841 884
841 891
841 924
844 982
845 893
847 929
847 996
851 856
851 887
853 951
854 973
855 886
855 912
858 958
860 934
860 990
861 869
862 951
862 955
864 876
866 873
866 884
866 956
868 967
868 969
870 966
870 981
871 899
871 905
875 926
876 906
880 955
881 966
881 980
881 982
882 883
882 884
886 916
886 944
889 957
891 983
893 910
893 953
895 901
896 924
897 932
899 994
900 951
902 933
903 988
905 908
905 998
906 913
906 974
907 919
908 996
909 930
914 919
916 970
917 936
922 927
922 968
924 941
926 931
930 991
932 973
934 941
934 990
937 981
940 997
961 965
964 966
965 967
