0 77
0 176
0 228
0 373
0 849
1 35
1 253
1 546
1 565
1 962
2 5
2 211
2 282
2 401
2 526
2 555
2 784
2 897
2 936
2 969
3 142
3 196
3 272
3 498
4 76
4 259
4 286
4 347
4 380
4 395
4 449
4 566
4 632
4 657
4 744
4 840
4 987
5 14
5 130
5 906
6 11
6 152
6 589
6 639
6 664
6 832
7 251
7 273
7 282
7 345
7 416
7 467
7 585
7 648
7 809
7 890
7 970
8 13
8 471
8 676
8 697
8 779
9 48
9 169
9 195
9 902
9 933
9 966
10 197
10 571
10 710
10 751
10 835
11 94
11 132
11 318
11 373
11 515
11 865
11 893
11 948
12 35
12 43
12 235
12 286
12 316
12 345
12 476
12 696
12 848
12 880
12 948
13 351
13 455
14 150
14 153
14 265
14 312
14 452
14 552
14 756
15 32
15 46
15 536
15 619
16 27
16 308
16 629
16 963
17 376
17 437
17 684
17 711
17 797
18 184
18 223
18 267
18 309
18 345
18 370
18 449
18 507
18 582
18 617
18 639
18 660
18 758
18 928
19 42
19 50
19 91
19 227
19 474
19 781
20 122
20 153
20 338
20 356
20 630
20 939
21 337
21 407
21 509
21 599
21 722
21 917
21 984
22 554
22 838
23 426
23 487
23 731
23 982
24 299
24 470
24 638
24 816
24 845
24 970
24 998
25 81
25 255
25 494
25 521
25 532
25 989
26 88
26 136
26 471
26 614
26 622
26 861
27 156
27 183
27 415
27 540
27 790
27 805
28 119
28 241
28 342
28 385
28 500
28 565
28 609
28 907
29 192
29 230
29 249
29 264
29 419
29 644
29 697
30 61
30 97
30 284
30 330
30 419
30 864
30 869
30 915
30 942
31 45
31 169
31 836
31 915
32 578
32 719
32 805
32 985
33 131
33 206
33 219
33 418
33 827
33 984
34 391
34 505
34 672
34 913
34 953
35 110
35 273
35 471
35 650
35 657
35 904
36 140
36 769
36 871
36 898
36 905
36 985
37 43
37 65
37 527
37 532
37 820
37 930
38 103
38 252
38 343
38 360
38 499
38 632
38 644
38 695
38 739
38 893
39 102
39 366
39 821
40 76
40 351
40 380
40 502
40 660
40 728
41 324
41 388
41 601
41 623
41 659
41 854
41 876
41 987
42 79
42 140
42 361
42 852
42 944
43 119
43 243
43 245
43 280
43 343
43 460
43 530
43 588
43 598
43 630
44 561
44 834
44 844
45 598
45 664
45 706
45 707
46 235
46 294
46 308
46 335
46 404
46 679
46 706
46 838
47 146
47 255
47 351
47 371
47 454
47 514
47 612
47 647
47 705
48 425
48 677
48 755
48 827
48 902
49 201
49 689
50 86
50 237
50 240
50 283
50 682
50 769
50 798
50 919
50 988
51 405
51 484
51 613
51 768
52 343
52 351
52 569
52 668
52 766
52 917
52 952
53 255
53 279
53 307
53 604
53 823
53 897
54 566
54 637
54 841
55 66
55 81
55 179
55 748
56 87
56 88
56 126
56 858
57 62
57 244
57 497
57 610
57 643
57 662
57 732
57 825
58 93
58 123
58 374
58 445
58 522
58 666
58 674
58 718
58 964
59 167
59 191
59 290
59 393
59 405
59 416
59 505
59 874
60 149
60 207
60 208
60 432
60 447
60 602
60 694
60 860
60 940
61 127
61 213
61 946
62 330
62 408
62 528
63 404
63 599
63 906
64 65
64 67
64 436
64 717
65 366
65 445
65 459
65 762
65 922
66 148
66 266
66 272
66 303
66 478
66 587
66 689
67 84
67 122
67 246
67 351
67 514
67 518
67 924
68 214
68 290
68 369
68 436
68 789
68 853
68 912
69 99
69 131
69 175
69 196
69 807
70 253
70 972
71 211
71 238
71 266
71 346
71 442
71 992
72 113
72 161
72 253
72 396
72 538
72 640
72 801
72 897
72 901
72 987
73 462
73 663
74 91
74 116
74 489
74 613
74 840
74 964
75 77
75 88
75 181
75 218
75 340
75 528
75 809
75 860
75 921
76 170
76 350
76 557
76 778
76 786
77 99
77 145
77 629
77 739
77 775
77 947
78 148
78 212
78 228
78 825
79 83
79 409
79 520
79 633
79 691
79 795
79 832
79 965
79 966
80 196
80 217
80 232
80 267
80 360
80 390
80 461
80 514
80 545
80 561
80 592
80 603
80 873
81 348
81 381
81 677
81 775
81 825
81 898
82 172
82 267
82 517
82 520
82 630
82 870
82 902
83 477
83 546
83 603
83 759
84 184
84 392
84 532
84 610
84 682
84 751
85 502
85 536
85 604
85 743
85 817
86 202
86 316
86 322
86 589
86 605
86 855
87 133
87 254
87 312
88 252
88 403
88 640
88 929
89 251
89 331
89 409
89 860
89 880
89 962
90 169
90 259
90 429
90 441
90 615
90 835
90 906
91 749
91 770
91 774
91 872
91 927
92 237
92 318
92 511
92 633
92 853
92 867
93 174
93 504
93 784
94 153
94 199
94 268
94 492
94 515
94 548
94 667
94 714
94 869
94 995
95 107
95 646
95 820
95 879
96 142
96 420
96 474
96 502
96 598
96 768
96 781
96 888
97 343
97 435
97 440
97 450
97 476
97 570
97 623
97 976
98 268
98 284
98 526
98 722
98 884
99 318
99 701
99 735
99 822
100 305
100 421
100 433
100 509
100 666
100 685
101 250
101 566
102 118
102 544
102 696
102 869
102 960
102 965
103 203
103 226
103 610
103 668
103 869
103 933
103 956
104 399
104 739
104 860
104 947
105 733
106 109
106 172
106 471
106 860
107 595
107 832
107 885
107 927
107 954
108 235
108 648
108 702
108 733
108 789
108 803
109 340
109 358
109 539
109 597
109 889
109 912
110 211
110 636
110 713
110 805
110 968
111 394
111 458
112 435
112 658
112 860
112 884
113 240
113 382
113 393
113 459
113 674
113 753
113 783
114 413
114 644
114 650
115 143
115 158
115 768
116 194
116 536
116 564
116 751
116 810
116 935
117 373
117 374
117 581
118 191
118 290
118 339
118 556
118 997
119 120
119 143
119 343
119 794
120 149
120 204
120 350
120 761
120 976
121 396
121 635
121 721
121 968
122 151
122 213
122 398
122 799
123 211
123 524
123 778
123 873
124 271
124 311
124 810
124 828
124 866
125 603
126 156
126 199
126 535
127 928
128 524
128 680
128 749
128 846
129 340
129 883
129 890
130 535
130 565
130 829
130 975
131 440
131 450
131 556
131 807
131 919
132 428
133 193
133 308
133 436
133 584
133 589
133 856
134 212
134 431
134 543
134 585
134 678
134 741
134 969
135 412
135 419
135 450
135 568
136 186
136 323
136 439
136 994
136 999
137 175
137 187
137 740
137 857
137 955
138 477
138 835
139 241
139 514
139 602
139 697
139 728
139 888
139 969
140 425
140 743
140 768
142 220
142 736
142 739
142 774
142 826
142 836
142 876
142 928
142 996
143 404
143 480
143 526
143 610
143 649
143 675
144 185
145 321
145 492
145 610
145 836
146 277
146 307
146 827
147 203
147 501
147 971
148 198
148 253
148 364
148 671
148 809
148 822
148 884
148 916
149 274
149 598
149 656
149 667
150 297
150 388
150 389
150 432
150 598
150 994
151 512
151 886
152 494
152 750
152 944
153 165
153 328
153 333
153 351
153 434
153 494
153 562
153 593
153 656
153 790
154 297
154 409
154 700
155 233
155 431
155 444
155 459
155 539
155 567
155 595
155 630
156 251
156 429
156 553
156 605
156 774
156 856
156 881
157 165
157 202
157 283
157 309
157 364
157 634
157 780
158 199
158 511
158 570
158 966
159 179
159 650
159 695
159 782
159 835
159 907
160 495
160 530
160 554
160 790
161 445
161 861
162 334
162 553
162 632
162 775
163 326
164 226
164 693
164 714
164 775
164 829
164 973
165 172
165 404
165 414
165 543
165 639
166 193
166 653
166 776
166 830
166 940
167 239
167 312
167 522
167 829
167 850
168 699
168 864
168 931
169 382
169 735
169 892
170 374
170 403
170 616
170 619
170 921
170 984
171 240
171 558
171 907
171 940
171 996
172 303
172 339
172 405
172 646
172 836
172 909
172 933
173 174
173 210
173 732
173 780
173 825
173 934
174 200
174 387
174 491
174 627
174 651
174 758
174 952
175 458
175 815
175 843
176 193
176 350
176 387
176 514
177 462
177 537
177 603
177 764
178 359
178 426
178 473
178 586
178 849
178 995
179 292
179 336
179 480
179 666
179 713
179 803
179 824
180 217
180 496
180 506
180 863
180 874
181 303
181 331
181 332
181 498
181 639
181 719
181 794
181 911
182 223
182 251
182 375
182 504
182 582
182 672
182 944
183 588
183 691
183 720
183 801
184 187
184 211
184 497
184 651
185 230
185 264
185 471
185 628
185 682
185 834
186 292
186 313
186 369
186 806
186 934
187 585
187 638
187 844
188 299
188 508
188 592
188 594
188 977
189 206
189 369
189 831
189 832
189 884
190 290
190 318
190 322
190 393
190 485
190 524
190 588
190 603
191 225
191 358
191 407
191 447
191 451
192 271
192 594
192 803
192 967
192 988
193 248
193 258
193 320
193 518
193 687
193 981
193 983
194 196
194 350
194 512
194 513
194 573
195 268
195 343
195 683
195 794
196 247
196 283
196 348
196 803
196 910
197 644
197 655
197 656
198 483
198 586
198 630
198 917
199 384
199 441
199 845
199 872
200 301
200 385
200 584
200 621
200 796
200 815
201 202
201 734
201 930
202 470
202 583
202 608
202 717
202 852
202 861
202 867
202 878
202 946
202 999
203 260
203 710
203 862
203 879
203 888
204 209
204 535
204 650
204 695
204 842
204 865
204 978
204 987
206 240
206 623
206 729
206 740
206 935
207 343
207 451
207 566
207 590
207 657
207 749
207 899
207 935
208 344
208 633
208 660
208 753
209 236
209 280
209 312
209 477
209 642
209 764
209 856
210 507
210 525
210 836
210 904
211 333
211 355
211 601
211 612
212 233
212 371
212 436
212 977
213 580
213 623
213 839
214 238
214 302
214 544
214 563
214 574
214 580
214 603
214 699
215 451
215 750
215 897
216 222
216 267
216 587
216 995
217 246
217 363
217 508
217 696
218 768
219 355
219 389
219 817
219 839
219 877
220 338
220 528
220 605
220 728
220 762
220 903
221 242
221 313
221 337
221 359
221 516
221 562
221 617
221 710
221 842
222 395
222 734
222 952
223 228
223 599
223 638
224 460
224 518
224 625
224 996
225 518
225 647
225 734
226 397
226 497
226 878
227 376
227 981
228 357
228 372
228 378
228 390
228 542
228 734
229 258
229 274
229 763
229 995
230 350
230 578
230 903
231 297
231 442
231 721
231 807
231 822
232 348
232 392
232 455
232 637
232 689
232 737
232 907
232 959
233 441
233 458
233 647
233 727
233 762
234 443
235 236
235 702
235 851
235 938
236 269
236 474
236 551
236 601
236 678
236 759
237 264
237 298
237 666
237 722
237 925
238 509
238 559
238 963
239 309
239 443
239 462
239 554
239 628
239 702
239 714
239 795
240 306
240 480
241 328
241 718
241 961
241 978
243 362
243 483
243 484
243 533
243 852
244 289
244 334
244 520
244 794
244 834
244 873
245 420
245 435
246 288
246 539
246 731
247 256
247 294
247 336
247 401
247 600
247 661
247 690
247 723
247 898
247 926
248 486
248 612
249 285
249 453
249 621
249 728
249 797
250 343
250 367
250 387
250 605
250 827
250 878
251 312
251 498
251 542
251 937
251 975
251 998
252 366
252 777
252 944
253 452
253 837
253 847
253 850
254 814
254 842
254 941
255 299
255 315
255 401
255 427
255 588
255 593
255 937
256 411
256 532
256 842
256 862
256 924
256 971
257 275
257 427
257 529
257 604
257 640
257 758
257 820
258 260
258 302
258 322
258 728
258 737
259 500
260 380
260 429
260 459
260 813
261 506
262 336
262 731
262 764
263 323
263 636
263 719
263 874
264 266
264 311
264 325
264 552
264 576
264 793
264 872
265 284
265 343
265 474
265 921
265 941
265 962
266 457
266 773
266 976
267 270
267 300
267 343
267 365
267 454
267 591
267 732
267 751
267 899
267 937
268 429
268 496
268 510
269 501
269 653
270 420
270 457
270 473
270 512
270 644
271 325
271 482
271 790
272 773
272 841
272 845
273 420
273 440
273 575
273 933
273 971
274 369
274 402
274 530
274 922
275 331
275 553
275 640
275 990
276 395
276 462
276 650
276 671
277 355
277 475
277 993
278 550
278 564
278 585
278 591
278 649
278 652
278 864
278 900
279 312
279 612
279 718
279 895
280 303
280 364
280 369
280 429
280 639
280 703
281 287
281 338
281 409
281 503
281 589
281 866
281 964
282 395
282 577
282 653
282 818
283 533
283 610
283 737
283 880
284 331
284 511
284 646
284 760
284 782
284 795
285 406
285 526
285 593
285 963
286 365
286 393
286 563
286 620
287 494
287 571
287 597
287 829
288 455
288 951
289 483
289 578
289 691
289 743
290 408
290 587
290 715
290 861
290 918
291 795
291 959
291 969
293 346
293 549
293 575
293 591
293 841
293 999
294 301
294 475
294 515
294 748
294 762
294 941
295 311
295 551
295 737
295 840
295 870
296 361
296 412
296 440
296 506
296 685
296 710
296 740
296 780
296 864
296 984
297 527
297 595
297 655
297 835
298 466
298 500
298 609
298 925
298 956
299 614
299 634
300 396
300 615
301 396
301 401
301 634
301 991
302 432
302 517
302 646
302 765
302 814
303 356
303 467
303 601
303 617
303 728
303 830
303 831
303 838
304 313
304 320
304 444
304 491
304 536
304 720
304 744
305 360
305 396
305 496
305 512
305 613
305 651
305 982
306 312
306 438
306 515
306 586
306 672
306 960
306 969
307 368
307 653
307 984
308 976
309 342
309 367
309 417
309 562
309 725
309 737
310 339
310 723
310 798
311 313
311 485
311 875
312 979
312 990
313 593
314 551
314 652
314 660
314 795
315 316
315 485
315 693
315 936
316 493
316 499
316 598
316 780
316 786
316 841
316 843
316 973
316 988
317 347
317 721
317 871
317 947
318 550
318 747
318 790
319 429
319 473
320 394
320 662
320 740
320 832
320 842
320 859
320 927
320 983
321 398
321 940
322 538
322 601
322 883
322 917
322 949
323 452
323 508
323 571
323 644
323 889
323 994
324 414
324 894
325 511
325 516
325 655
325 690
325 793
325 885
326 384
326 386
326 427
326 620
326 746
327 363
327 476
327 480
327 625
327 840
327 866
327 923
327 935
328 441
328 509
328 529
328 548
329 400
329 515
329 671
329 744
330 350
330 700
331 337
331 353
331 789
331 870
331 926
332 503
332 670
332 722
332 811
332 987
333 430
334 546
334 697
334 708
334 720
334 920
335 411
335 903
336 417
336 556
336 572
336 811
336 947
336 962
337 608
338 414
338 575
338 576
338 595
338 825
339 447
339 660
340 520
341 385
341 458
341 577
341 763
341 805
342 345
342 375
342 658
342 704
343 522
343 596
343 696
344 442
344 443
344 450
344 469
344 481
344 813
344 827
345 366
345 369
345 551
346 368
346 408
346 422
346 529
346 534
347 444
347 466
347 787
347 793
347 810
347 943
348 478
348 507
349 455
349 637
349 958
350 592
350 617
350 655
350 884
350 994
351 630
351 667
351 871
351 933
352 470
352 633
352 771
352 955
353 400
353 433
353 484
353 535
353 537
353 708
353 979
354 489
354 593
354 637
354 699
354 833
355 361
355 541
355 677
355 731
355 773
356 361
356 403
356 473
356 779
356 824
357 415
357 522
357 603
357 874
358 597
358 890
359 724
359 858
360 665
360 895
360 952
361 373
361 476
361 554
362 432
362 438
362 613
362 810
363 810
363 867
364 389
364 526
364 583
364 938
365 526
365 774
366 421
366 575
366 583
366 929
367 382
367 447
367 467
367 537
367 680
367 692
367 724
367 961
367 976
368 578
368 639
368 850
368 932
369 469
369 481
369 543
369 620
369 657
369 735
370 742
371 500
371 544
371 889
371 894
371 952
372 403
372 697
372 767
373 570
373 608
373 685
374 527
374 628
374 684
375 924
375 997
376 451
376 496
376 545
376 946
377 450
377 851
378 475
378 713
378 845
379 415
379 455
379 753
379 904
380 416
380 457
380 459
380 520
380 708
380 718
381 675
381 965
382 472
382 845
382 968
382 979
382 990
382 996
383 396
383 413
383 482
383 504
383 605
383 905
383 954
384 439
384 466
384 561
384 808
384 884
385 472
385 764
385 776
385 807
385 812
385 816
386 498
386 500
386 520
386 538
386 571
386 591
386 597
386 933
387 420
387 439
387 597
387 670
387 787
388 404
389 650
389 937
390 462
390 471
390 600
391 430
391 680
391 963
392 393
392 447
392 464
392 557
392 969
393 414
393 618
393 926
393 934
394 656
394 661
394 809
395 737
395 785
395 846
395 920
395 967
396 534
396 615
396 675
396 870
397 406
397 453
398 454
398 823
398 870
399 561
399 750
400 591
400 969
401 465
401 488
401 665
402 422
403 672
404 441
405 460
405 543
405 666
405 741
405 757
405 854
405 950
405 983
406 696
406 832
407 606
407 655
407 813
407 970
407 994
408 441
408 497
408 745
408 848
408 869
408 955
409 453
409 753
409 778
409 814
409 885
410 606
410 614
410 618
410 656
410 790
410 819
410 837
410 873
410 946
410 960
411 509
411 570
411 761
411 825
411 873
411 890
412 418
412 493
412 644
412 687
413 423
413 605
413 689
413 932
413 942
414 870
414 996
415 428
415 615
415 631
415 664
415 731
415 900
415 956
415 994
416 561
416 624
417 501
417 580
417 791
418 439
418 982
419 509
419 589
419 612
419 914
419 918
420 452
420 624
420 881
421 632
421 821
422 529
422 557
423 645
423 719
423 754
424 451
424 619
425 817
425 910
425 977
426 466
426 503
426 600
426 658
426 710
427 512
427 523
427 602
427 752
427 968
428 454
428 709
428 844
429 524
429 681
429 888
429 965
430 639
431 434
431 449
431 812
431 818
431 938
431 978
432 476
432 501
432 697
432 770
432 880
433 915
434 474
434 490
434 737
435 615
435 742
435 753
435 755
435 959
436 657
436 792
436 907
437 465
437 543
437 565
437 652
437 656
438 442
438 682
438 819
438 919
438 936
439 489
439 675
439 827
440 451
440 473
440 888
442 482
442 485
442 559
442 615
442 751
442 766
443 512
443 593
443 603
443 683
443 900
443 952
444 493
444 526
444 867
445 520
445 693
445 907
446 464
446 551
447 692
447 724
447 816
447 848
448 540
448 570
448 679
448 768
448 771
448 797
449 529
449 544
449 568
449 884
449 974
449 975
450 638
450 952
451 709
451 753
451 755
451 835
451 939
451 964
452 518
452 623
452 635
452 880
453 528
453 682
453 736
453 893
454 574
454 904
454 905
455 658
455 742
455 783
456 599
456 600
456 818
456 977
457 470
457 474
457 558
457 584
457 832
458 559
458 855
459 587
459 594
459 660
459 710
459 816
459 857
459 865
459 919
460 746
460 916
460 972
461 595
461 606
461 607
461 642
461 683
461 728
461 819
462 520
462 820
462 983
463 528
463 649
463 682
463 708
463 783
463 888
464 712
464 853
464 884
465 643
465 810
465 910
465 954
466 671
466 698
466 785
466 797
467 652
468 567
468 589
468 804
468 864
468 902
469 713
469 722
469 779
469 939
469 987
470 505
470 556
470 615
470 854
471 475
471 533
471 681
471 813
471 852
471 924
471 951
472 493
472 589
472 731
472 762
473 878
473 886
473 984
474 548
475 505
475 579
476 693
476 854
477 488
477 852
477 863
478 663
478 743
478 961
479 485
479 548
479 601
479 742
479 918
480 643
480 742
481 560
481 710
481 797
481 877
481 895
481 983
482 503
482 647
482 839
482 880
482 924
483 957
484 574
484 766
484 910
484 964
485 494
485 666
485 676
486 583
486 817
486 848
487 572
487 738
488 510
488 818
488 888
489 538
489 943
489 956
489 998
491 695
491 708
491 857
492 696
492 980
493 502
493 584
493 691
493 973
494 921
495 727
495 775
495 850
496 828
497 730
497 816
499 616
500 514
500 551
500 595
500 712
500 806
501 960
501 983
502 615
502 722
503 989
504 529
504 621
504 783
505 551
505 620
505 683
505 751
505 772
505 810
505 915
506 698
507 669
508 555
508 603
509 870
509 885
510 579
510 632
510 775
510 958
511 769
512 679
512 706
512 875
513 523
513 701
513 768
514 578
514 629
514 765
514 829
515 520
515 579
515 765
515 772
515 925
515 952
516 532
516 569
516 669
516 774
516 790
517 641
517 689
517 808
517 992
518 571
518 756
518 835
518 910
518 984
519 575
519 662
519 692
519 733
519 829
519 969
520 789
521 584
521 611
521 704
521 847
521 883
521 943
522 599
522 620
522 689
522 693
522 702
522 935
523 709
523 859
523 869
524 684
524 918
525 606
525 756
525 922
526 630
526 640
527 585
527 680
527 853
527 898
527 996
528 544
528 759
528 914
528 973
528 983
529 676
529 820
529 949
530 650
530 711
531 577
531 665
531 702
531 720
531 866
532 581
532 755
532 886
533 782
534 737
534 981
535 580
535 704
535 786
536 655
537 625
538 740
538 805
539 701
539 723
539 829
540 931
541 734
541 960
541 981
542 653
542 795
542 858
542 902
543 701
544 557
544 742
544 746
544 764
545 583
545 990
546 633
546 933
547 800
548 676
548 755
548 789
549 646
549 772
550 635
550 708
550 838
551 631
551 724
551 901
551 969
552 566
552 914
554 564
554 688
554 822
554 832
554 962
555 657
555 679
555 736
555 808
555 896
555 967
556 635
556 746
556 753
556 994
557 760
558 766
558 794
559 611
559 749
560 699
560 759
563 595
563 608
563 656
563 688
563 867
564 571
564 684
564 824
565 822
565 959
566 867
567 968
569 808
569 918
570 576
570 639
570 654
570 763
571 828
571 997
572 592
572 601
572 623
572 812
573 596
574 812
575 663
575 910
576 681
576 888
577 711
577 821
578 663
578 839
578 902
579 795
579 976
580 602
580 630
580 668
580 709
580 824
580 992
581 656
582 661
582 864
583 738
583 932
584 720
584 767
584 900
585 855
586 598
587 990
588 621
588 773
588 908
588 935
589 802
590 744
590 756
590 787
591 920
591 947
592 603
592 805
592 890
593 690
593 830
594 696
594 886
596 786
597 638
597 687
597 750
597 855
598 772
598 845
600 629
600 636
600 761
600 805
601 634
601 709
601 727
601 931
601 963
602 829
602 975
603 875
604 636
604 730
604 912
604 919
606 613
607 684
609 664
609 809
609 844
609 864
609 905
609 945
610 759
611 740
611 931
612 798
612 888
612 970
613 644
613 682
613 856
613 879
614 710
614 777
614 797
615 700
616 697
616 812
617 825
617 880
618 775
618 828
618 831
618 848
618 902
619 731
619 818
619 879
620 801
621 728
621 755
621 934
621 984
622 699
622 979
622 993
623 642
623 776
624 791
624 914
624 919
624 972
626 700
626 763
626 922
627 779
627 901
628 645
628 779
628 895
629 633
629 680
629 757
629 875
629 886
630 652
630 763
630 862
631 920
632 935
632 979
634 650
635 701
635 779
635 786
636 695
637 813
637 896
637 931
639 757
639 884
640 868
640 898
640 982
641 665
641 948
643 654
645 825
645 835
645 848
646 930
647 932
648 796
648 797
649 831
650 656
650 712
650 817
651 874
651 891
652 941
652 957
654 791
654 879
655 683
655 734
655 783
655 906
656 844
656 858
657 904
657 907
657 915
657 937
657 964
658 818
659 914
660 702
660 749
660 900
661 774
661 953
662 758
664 820
664 847
664 965
665 978
667 669
667 691
668 821
669 702
670 807
670 958
671 878
671 902
672 726
672 805
672 901
673 762
673 798
673 812
673 843
674 787
674 837
674 922
675 688
675 760
675 763
675 771
675 777
675 974
676 853
676 878
676 983
677 975
679 828
679 943
680 768
681 758
681 834
681 839
681 975
682 727
682 765
682 811
682 819
682 910
683 785
683 826
684 823
684 828
684 885
684 935
685 687
685 717
685 848
685 923
686 796
686 895
687 807
688 801
688 944
689 780
689 971
690 764
690 803
690 826
691 893
691 952
692 827
693 712
693 820
693 903
693 998
694 830
695 839
696 793
696 973
696 999
697 965
699 833
700 997
701 838
702 881
702 927
703 780
703 908
703 910
704 834
704 988
708 765
708 789
708 878
708 907
708 953
708 983
709 764
709 836
709 850
709 966
710 790
710 821
710 867
712 786
712 875
713 810
713 959
714 949
714 987
715 829
715 903
716 912
717 798
719 726
720 857
720 862
721 799
721 827
721 842
721 964
723 856
723 932
723 977
724 736
725 750
725 789
726 817
726 932
728 849
729 870
729 898
729 914
729 950
730 977
731 782
731 865
734 779
734 823
734 988
735 762
735 911
735 996
737 888
737 889
738 758
738 800
738 985
739 747
740 788
741 819
742 755
742 890
743 827
743 846
745 947
745 979
746 839
746 975
747 793
747 859
747 880
747 955
747 956
747 969
748 852
748 898
748 938
749 999
750 828
751 941
751 976
752 865
752 930
754 966
756 849
756 852
756 948
757 856
757 865
758 797
759 833
759 924
759 990
760 834
761 816
761 902
761 946
762 774
762 873
762 878
762 999
763 830
764 887
764 973
765 774
765 968
766 891
766 940
766 964
767 806
767 915
769 945
770 893
770 934
770 971
771 855
771 955
772 844
772 934
773 813
773 886
773 980
773 989
774 953
775 862
775 884
776 803
776 880
776 943
777 882
778 793
778 933
778 940
781 862
782 833
782 937
784 889
784 961
785 951
786 979
787 794
787 799
787 889
789 839
789 846
789 934
790 976
794 915
795 864
795 902
796 941
797 845
797 921
797 947
800 803
800 987
801 960
803 826
803 875
804 895
804 899
804 988
807 836
807 891
808 906
810 866
811 930
812 956
815 819
815 953
817 838
817 870
817 911
818 874
818 939
819 856
819 886
819 914
820 857
820 867
820 874
820 904
822 861
823 913
823 926
824 831
824 894
824 991
825 874
828 842
828 996
832 974
833 853
833 893
833 900
833 955
834 835
834 877
834 913
835 836
835 935
835 937
836 900
837 889
838 934
838 966
839 964
839 976
841 906
843 866
844 989
846 847
846 854
847 883
848 944
848 984
851 853
852 881
852 944
853 925
854 910
855 912
855 935
858 997
859 977
860 873
860 956
861 998
862 866
863 897
865 884
866 987
866 993
867 881
867 894
868 939
870 969
872 890
873 910
877 887
878 905
878 928
882 888
883 906
884 966
887 958
888 989
889 982
889 997
890 931
891 955
892 926
893 958
894 921
895 918
899 904
899 911
901 947
901 950
903 975
904 964
909 967
912 944
912 968
915 951
919 954
920 982
921 944
923 970
924 999
926 931
927 958
927 998
929 960
933 964
939 976
941 998
946 967
946 980
947 999
948 969
953 992
954 974
955 998
957 961
957 980
960 998
967 979
968 972
975 994
978 993
984 989
987 991
988 999
