0 39
0 406
0 531
0 776
0 821
1 36
1 92
1 130
1 168
1 191
1 233
1 319
2 166
2 217
2 315
2 608
2 672
2 760
2 793
2 876
2 907
2 925
3 72
3 184
3 599
3 647
4 57
4 379
4 514
4 608
4 790
4 894
4 900
5 122
5 165
5 407
5 493
5 757
5 796
6 831
6 926
7 52
7 66
7 145
7 416
7 617
7 670
7 688
7 830
8 363
8 524
8 695
9 79
9 346
9 622
9 737
9 743
9 918
9 946
10 134
10 543
11 38
11 167
11 240
11 410
11 438
11 914
11 952
12 74
12 227
12 515
12 530
12 545
12 821
12 939
12 947
12 959
13 114
13 142
13 197
13 271
13 558
13 575
13 595
13 848
13 929
14 89
14 218
14 281
14 381
14 443
14 463
14 520
14 617
14 640
14 696
14 872
15 605
15 722
16 226
16 279
16 389
16 771
17 170
17 321
17 622
17 778
17 967
18 126
18 471
18 651
18 655
18 748
18 942
18 994
19 95
19 116
19 214
19 238
19 332
19 546
19 659
19 678
19 811
20 128
20 141
20 478
20 670
21 255
21 410
21 670
21 761
22 588
22 895
22 979
23 371
23 566
23 751
23 760
23 856
24 180
24 252
24 417
24 459
24 601
25 91
25 155
25 239
25 279
25 289
25 589
25 654
25 667
25 780
26 228
26 615
26 620
26 851
27 337
27 452
27 614
27 737
27 813
27 817
27 819
27 959
28 329
28 644
28 848
28 957
29 107
29 348
29 396
29 594
29 728
29 798
29 899
29 900
29 984
30 119
30 141
30 379
30 641
30 751
30 815
31 91
31 335
31 383
31 431
31 822
31 825
32 245
32 921
32 963
33 160
33 167
33 384
33 730
34 139
34 296
34 667
34 931
34 954
35 114
35 277
35 489
35 530
36 231
36 302
36 353
36 376
36 518
36 659
36 784
36 795
36 878
36 979
37 199
37 219
37 404
37 483
37 971
37 981
38 68
38 177
38 422
38 470
38 491
38 496
38 538
38 910
39 106
39 282
39 599
39 742
40 78
40 228
40 288
40 816
40 902
41 474
41 981
42 183
42 312
42 429
42 435
42 445
42 635
43 68
43 156
43 428
43 616
43 749
43 847
43 993
44 155
44 305
44 366
44 543
44 700
44 995
45 206
45 362
45 415
45 750
45 981
46 184
46 327
46 687
46 703
46 715
46 751
47 114
47 277
47 313
47 548
47 766
48 94
48 151
48 212
48 386
48 452
48 543
48 545
48 756
48 794
48 895
48 900
49 333
49 408
49 536
49 888
50 273
50 852
51 217
51 399
51 520
52 59
52 368
52 629
52 887
52 914
53 249
53 379
53 905
53 967
54 200
54 208
54 388
54 750
54 769
54 979
55 116
55 722
55 741
55 879
56 100
56 156
56 361
56 439
56 648
56 663
56 708
56 752
56 822
56 882
57 322
57 360
57 373
57 609
57 660
57 838
57 919
58 104
58 392
58 410
58 740
58 754
58 860
59 154
59 926
60 193
60 321
60 514
60 659
61 86
61 332
61 915
62 115
62 159
62 195
62 300
62 555
62 605
62 758
62 884
63 163
63 465
63 546
63 748
63 909
64 181
64 396
64 565
64 695
64 806
64 836
65 225
65 570
65 804
65 919
66 129
66 660
67 256
67 441
67 486
67 512
67 519
67 685
67 826
68 673
68 826
68 891
69 802
70 421
70 472
70 476
70 506
71 237
71 343
71 389
71 554
71 684
72 89
72 119
72 278
72 437
72 502
72 515
72 815
72 827
73 206
73 413
73 460
73 523
73 567
73 603
73 609
73 734
73 774
73 974
74 385
74 730
74 950
74 954
75 371
75 458
75 470
75 542
75 577
75 636
75 690
75 997
76 295
76 315
76 465
76 499
76 732
76 996
77 184
77 441
77 454
77 496
77 521
77 631
77 870
78 601
78 850
78 866
78 965
79 268
79 388
79 420
79 514
79 521
79 605
79 746
79 933
79 943
80 330
80 411
80 728
80 746
80 867
80 917
81 114
81 383
81 411
81 449
81 762
81 919
81 975
82 127
82 141
82 345
82 363
82 456
82 530
82 546
82 921
82 924
82 929
83 218
83 232
83 289
83 703
84 242
84 498
84 595
84 630
84 832
84 983
85 95
85 219
85 519
85 609
85 851
85 871
86 465
86 521
86 600
86 650
86 807
86 841
86 886
86 895
86 965
87 224
87 579
87 651
87 734
87 752
88 379
88 682
88 733
88 797
89 174
89 226
89 450
89 457
89 644
89 856
90 226
90 594
90 727
90 932
90 961
90 991
90 992
91 121
91 177
91 213
91 368
91 447
91 598
91 713
91 776
92 335
92 340
92 508
92 574
92 651
93 124
93 315
93 431
93 782
94 438
94 883
95 405
95 415
95 594
95 664
95 710
95 789
96 138
96 436
96 440
96 450
96 535
96 622
96 654
97 273
97 339
97 815
98 202
98 278
98 443
98 602
98 703
98 756
99 133
99 176
99 428
99 713
99 720
99 898
99 932
99 967
99 974
99 995
100 109
100 424
100 681
100 711
100 750
100 782
100 963
100 968
100 990
101 364
101 511
101 550
101 598
101 955
101 960
102 244
102 283
102 422
102 638
102 752
103 170
103 339
103 485
104 240
104 252
104 274
104 341
104 498
104 503
104 526
104 605
104 687
104 833
104 853
104 939
105 490
105 531
105 569
105 778
106 401
106 607
106 690
107 325
107 524
107 596
107 766
107 831
108 196
108 429
108 437
108 502
108 649
109 520
109 604
109 997
110 113
110 238
110 319
110 408
110 537
110 806
111 386
111 588
111 592
111 620
112 123
112 462
112 903
112 938
113 362
113 374
113 384
113 403
113 602
113 647
113 770
113 984
114 263
114 268
114 494
114 506
114 550
114 586
114 740
114 765
114 787
115 228
115 321
115 606
115 950
115 979
116 154
116 268
116 315
116 456
116 653
116 863
117 183
117 567
117 658
117 850
118 226
118 299
118 338
118 449
118 789
118 886
118 952
119 197
119 263
119 289
119 368
119 450
119 509
119 570
119 587
119 616
119 780
119 924
120 328
120 583
120 719
120 787
120 882
121 169
121 191
121 272
121 305
121 560
121 689
121 749
121 755
121 766
122 517
122 923
122 981
123 362
123 541
123 552
124 231
124 444
124 526
124 534
124 540
124 591
124 618
124 833
124 848
125 443
125 453
125 656
125 658
125 682
125 724
125 750
125 799
125 883
125 975
126 276
126 463
126 675
127 224
127 301
127 406
127 484
128 386
128 499
128 549
128 551
128 656
128 782
129 281
129 344
129 475
130 189
130 303
130 340
130 852
130 940
130 982
131 202
131 303
131 484
131 519
131 601
131 653
131 812
132 183
132 480
132 503
132 548
132 669
132 724
132 750
133 619
133 626
133 767
133 847
134 314
134 427
134 531
134 592
134 617
134 879
134 945
135 167
135 400
135 530
135 587
135 916
136 147
136 255
136 268
136 319
136 327
136 503
136 841
137 395
137 447
137 490
137 861
137 913
137 942
138 375
138 378
138 464
139 293
139 906
140 240
140 846
140 903
141 186
141 256
141 373
141 418
141 469
141 530
141 569
141 603
141 668
141 719
141 836
142 146
142 533
142 547
142 690
142 781
142 862
143 335
143 371
143 684
143 755
143 792
143 941
144 168
144 243
144 397
144 532
145 363
145 463
145 557
145 772
145 941
146 541
147 197
147 279
147 486
147 529
147 543
147 599
147 672
147 687
147 802
148 202
148 221
148 348
148 749
148 797
148 862
148 937
149 290
149 308
149 605
149 621
149 777
149 778
150 159
150 415
150 582
150 790
150 904
151 375
151 380
151 499
151 514
152 530
152 586
152 859
152 951
153 349
153 385
153 489
153 587
153 609
153 705
153 719
153 792
153 829
153 928
154 291
154 534
154 557
154 619
154 701
154 791
155 384
155 492
155 836
155 952
156 173
156 472
156 712
156 796
156 865
157 168
157 230
157 519
157 541
158 341
158 467
158 470
159 486
159 972
160 190
160 500
160 763
161 317
161 454
161 554
161 624
161 647
161 795
161 972
162 199
162 341
162 388
162 822
163 381
163 521
163 703
163 709
164 570
164 586
164 699
164 932
164 951
164 998
165 175
165 214
165 422
165 463
165 595
165 705
165 927
166 188
166 332
166 393
166 426
166 537
166 564
166 623
166 854
167 354
167 626
167 655
167 740
168 175
168 694
168 725
168 727
168 815
168 956
168 985
169 744
169 851
169 901
169 935
169 984
169 988
170 373
170 789
170 836
170 853
170 962
170 964
170 999
171 235
171 405
171 671
171 808
171 938
171 960
171 978
172 478
172 615
172 712
172 721
172 762
172 765
172 863
173 188
173 191
173 695
174 304
174 490
174 538
174 608
174 704
174 931
174 946
175 220
175 317
175 337
176 303
176 443
176 555
176 618
176 788
177 456
177 956
178 670
178 676
178 776
178 791
178 824
179 421
179 440
179 497
179 509
179 891
180 291
180 684
180 842
181 284
181 364
182 766
183 434
183 447
183 491
183 989
184 661
185 385
185 475
185 684
185 876
185 938
186 216
186 271
186 356
186 373
186 710
186 869
187 218
187 391
187 600
187 687
187 804
187 953
188 265
188 392
188 793
189 232
189 426
189 518
189 711
189 854
189 904
190 397
190 607
190 681
190 871
191 200
191 399
191 732
191 781
191 876
191 991
192 242
192 421
192 642
192 739
192 758
192 866
193 372
193 431
193 518
193 623
193 828
194 481
194 887
194 926
195 197
195 433
195 578
195 924
196 235
196 380
196 712
197 360
197 390
197 474
197 524
197 595
197 692
197 821
197 899
198 222
198 421
198 434
198 606
199 261
199 271
199 290
199 408
200 655
200 788
200 799
200 934
201 728
201 810
201 947
202 300
203 296
203 361
203 586
203 663
203 852
204 656
204 674
204 700
204 803
205 355
205 435
205 532
205 766
206 468
206 795
206 891
207 217
207 318
207 416
207 478
207 495
207 518
207 824
207 845
207 868
207 891
208 381
208 509
208 513
208 575
209 239
209 277
209 409
209 674
209 682
210 223
210 248
210 377
210 634
210 730
210 736
210 769
211 494
211 506
211 646
211 794
211 830
211 904
212 488
212 600
212 606
212 699
212 917
213 520
214 234
214 303
214 612
214 615
214 652
214 997
215 455
215 596
215 604
215 900
215 974
216 416
216 437
216 597
216 875
216 978
217 303
217 568
217 670
217 754
217 769
217 806
217 855
217 880
218 296
218 471
218 475
218 502
218 532
218 634
218 749
218 807
218 860
218 872
219 291
219 408
219 599
219 770
220 246
220 272
220 321
220 342
220 501
220 915
220 978
221 356
221 519
221 525
221 650
221 778
221 833
221 864
222 256
222 442
222 471
222 538
222 720
222 740
223 263
223 526
223 633
223 864
224 459
224 484
224 556
224 761
224 961
225 282
225 313
225 341
225 610
225 660
225 664
225 716
226 280
226 325
226 472
226 746
226 834
226 989
227 234
227 856
228 591
228 641
228 709
228 733
228 739
228 979
229 327
229 715
230 276
230 504
230 605
231 264
231 314
231 458
231 625
231 655
231 788
231 947
232 513
232 878
233 413
233 587
233 747
233 763
233 885
233 892
233 947
233 999
234 241
234 415
234 988
235 282
235 320
235 330
235 459
235 523
235 737
236 538
236 568
236 778
237 328
237 425
237 608
237 854
237 917
238 302
239 329
239 363
239 390
239 474
239 584
239 710
239 725
239 764
240 311
240 348
240 473
241 430
241 661
241 785
241 839
241 938
242 649
242 784
243 475
243 729
243 805
243 835
244 349
244 459
244 499
244 728
244 854
245 382
245 886
245 920
246 324
246 403
246 437
246 483
246 496
246 686
247 274
247 518
247 869
248 251
248 259
248 388
248 667
248 918
249 265
249 688
250 362
250 402
250 451
250 654
251 309
251 672
251 739
251 993
252 367
253 401
253 418
253 452
253 534
253 981
254 521
254 660
254 691
254 750
255 266
255 571
255 615
255 642
255 779
255 857
255 871
256 343
256 368
257 572
257 581
257 688
257 938
258 263
258 601
258 772
259 395
259 445
259 499
259 812
260 395
260 580
260 633
260 746
260 928
260 951
260 999
261 670
261 678
261 936
262 459
262 517
262 530
263 346
263 372
263 592
263 620
263 772
263 895
264 595
264 970
265 335
265 741
266 352
266 430
266 438
266 517
266 859
267 322
267 404
267 534
268 303
268 458
268 704
268 837
268 939
268 962
269 653
269 676
269 823
269 934
270 519
270 533
270 610
270 897
270 964
271 290
271 557
271 634
271 997
272 457
272 489
272 554
272 745
273 448
273 500
273 581
273 762
273 763
273 877
274 382
274 532
274 594
275 330
275 405
275 531
275 657
276 488
276 673
276 686
276 698
276 753
276 884
276 895
277 324
277 531
277 830
277 924
278 664
278 728
279 297
279 578
280 605
280 756
280 845
280 853
280 875
280 988
281 395
281 416
281 440
281 481
281 555
281 633
282 835
282 907
283 575
283 596
283 689
283 755
283 757
284 342
284 770
284 804
284 883
284 971
284 984
285 287
285 396
285 409
285 477
285 564
286 449
286 627
286 760
286 763
286 787
287 476
287 711
287 747
287 792
287 797
287 922
287 934
287 995
288 347
288 510
288 524
288 551
288 945
289 368
289 632
290 400
290 422
290 482
290 646
291 488
292 368
292 560
293 426
293 519
293 547
293 574
293 672
293 743
293 904
294 745
294 825
294 862
294 969
295 433
295 561
295 601
296 402
296 465
296 559
296 752
296 988
297 693
297 903
298 462
298 477
298 617
298 914
299 335
299 614
299 649
299 713
299 724
299 741
299 824
300 374
300 474
300 580
300 850
300 873
301 437
301 603
302 394
302 539
302 606
302 663
302 697
302 935
303 310
303 316
303 460
303 465
303 631
304 437
304 744
304 770
305 984
306 611
306 781
306 818
306 895
307 412
307 631
307 664
307 771
307 816
307 846
307 927
308 869
308 956
309 560
309 632
309 859
309 919
309 924
310 482
310 696
310 967
311 321
311 503
311 716
311 965
312 497
312 546
313 715
314 324
314 455
314 576
314 722
314 806
314 853
315 469
315 801
315 836
315 887
316 487
316 707
317 332
317 439
317 771
317 916
318 472
318 487
318 660
318 789
318 790
318 959
318 965
319 338
319 450
319 561
319 767
319 881
320 390
320 440
320 534
320 697
320 939
321 729
321 782
321 895
322 691
323 433
323 552
323 804
323 985
324 398
324 589
324 755
325 332
325 534
325 649
325 754
326 419
326 599
326 807
326 950
327 372
327 482
327 548
328 391
328 459
328 536
328 560
328 576
328 842
328 874
330 656
330 746
330 873
331 355
331 371
331 798
331 799
333 499
333 507
333 626
333 658
334 371
334 409
334 778
334 884
334 887
335 383
335 520
335 811
335 812
336 401
336 563
337 906
338 351
338 608
338 687
338 782
339 376
339 529
339 630
339 641
339 803
340 471
340 616
340 761
340 762
340 785
340 790
341 417
341 422
341 535
341 835
341 859
341 897
342 434
342 555
342 907
342 999
343 653
344 613
344 746
345 751
345 759
346 405
346 639
346 647
346 791
346 874
346 990
347 731
347 952
348 395
349 448
349 542
349 653
349 770
349 879
349 940
350 760
350 798
350 862
350 909
351 459
351 493
351 531
351 594
351 905
351 949
352 722
352 809
352 828
352 867
352 983
353 767
354 377
354 490
354 534
354 813
354 892
354 922
354 968
355 427
355 471
355 673
356 388
356 502
356 702
356 712
356 721
356 811
357 509
358 371
358 798
358 805
358 848
358 905
359 668
359 689
359 718
359 919
359 973
360 609
360 787
360 905
360 913
361 412
361 757
363 585
363 847
363 883
363 937
363 979
364 890
365 500
365 615
365 636
365 682
365 946
366 654
366 752
367 449
367 549
367 596
367 762
367 831
368 620
368 675
369 537
369 631
369 828
370 467
370 694
370 757
370 797
370 915
370 919
371 391
371 583
371 650
371 797
371 836
371 840
372 426
372 515
372 558
372 653
372 714
373 783
373 864
374 735
374 903
375 821
375 897
376 705
377 437
377 842
378 606
378 702
378 743
378 855
379 514
379 621
379 678
379 839
379 851
379 881
380 547
380 598
380 633
381 398
381 469
381 503
381 803
381 911
381 923
383 570
383 765
383 835
384 508
384 780
384 828
385 549
385 792
385 836
386 531
386 587
386 620
386 660
386 711
386 977
387 757
388 511
388 895
389 489
389 793
390 793
390 849
390 851
391 471
391 565
391 582
391 641
392 428
392 460
392 480
392 693
392 698
392 811
393 863
393 865
393 884
394 725
394 923
395 396
395 678
395 716
395 863
397 442
397 455
397 632
397 652
397 679
397 746
397 826
398 603
398 685
398 765
398 950
398 977
399 695
399 787
399 875
399 965
400 563
400 577
400 704
400 990
401 475
401 757
401 895
402 562
402 590
402 671
402 685
402 793
402 845
402 928
403 554
403 572
403 655
403 804
404 649
404 733
404 938
405 413
405 771
405 949
406 479
406 513
406 632
406 686
406 985
407 653
407 912
408 413
408 649
409 474
409 614
409 948
410 516
411 532
411 744
411 869
412 430
412 453
412 520
412 594
412 742
412 974
412 988
413 530
413 539
413 611
413 844
413 999
414 428
414 663
414 789
414 802
414 850
414 999
415 850
415 909
416 423
416 594
416 812
417 471
417 597
417 636
417 660
418 672
418 774
419 568
419 589
419 701
419 814
419 875
420 511
420 794
420 859
421 441
421 554
421 581
421 599
421 691
421 722
421 731
421 805
421 834
421 896
422 613
423 427
423 649
423 806
423 947
424 679
424 777
425 503
425 563
425 753
425 927
426 765
426 799
427 436
427 598
428 673
428 723
429 650
429 752
429 784
429 952
430 504
430 539
430 583
430 829
431 571
431 884
431 951
432 592
432 847
432 884
433 608
434 456
434 484
434 527
434 773
436 473
436 508
437 500
437 543
437 982
438 513
438 742
438 955
439 567
439 579
439 873
439 948
440 578
440 770
441 743
441 750
442 790
443 646
443 738
443 960
444 508
444 571
444 850
445 545
445 607
445 694
445 725
445 762
445 769
445 994
446 652
446 813
447 496
447 508
447 560
447 656
447 996
448 639
448 728
448 734
448 760
448 773
448 998
449 640
449 744
449 926
450 672
450 834
450 901
451 591
451 656
451 717
452 573
452 683
452 755
452 809
452 834
454 567
454 684
454 733
455 859
456 501
456 935
458 657
458 786
458 866
458 921
458 975
459 609
459 873
460 640
460 781
460 853
461 518
461 645
462 472
462 519
462 601
462 907
462 989
463 516
463 659
463 917
464 894
464 946
465 467
465 530
465 825
465 866
465 909
466 691
466 719
466 789
466 891
467 473
467 806
467 915
467 919
467 929
467 973
468 505
468 588
469 569
469 960
469 967
470 495
470 592
470 973
471 912
472 521
472 836
472 837
473 567
473 618
473 716
474 532
474 955
475 586
475 666
475 857
475 915
475 957
476 557
476 611
476 630
476 812
476 816
476 819
476 882
477 481
477 647
477 790
477 914
478 537
478 570
478 589
478 738
478 930
478 977
479 553
479 596
479 710
479 727
479 823
479 884
479 915
480 741
480 906
482 525
482 541
483 762
483 819
483 913
484 667
484 738
484 831
485 500
485 687
485 951
486 581
486 626
486 696
486 865
487 517
487 703
487 833
488 523
488 731
489 587
490 758
490 880
491 613
491 993
492 718
492 817
493 609
493 717
494 525
494 626
494 835
494 969
494 992
495 572
495 804
496 745
496 935
496 964
497 853
498 520
498 607
498 630
498 733
498 795
498 819
498 903
498 905
498 942
499 691
499 803
499 837
500 744
501 588
501 671
501 695
501 782
501 966
502 610
503 558
503 697
503 860
503 940
504 664
504 870
504 979
504 984
505 529
505 537
505 781
505 999
506 574
506 640
507 545
507 851
507 882
507 883
507 914
507 976
508 746
509 553
509 959
510 531
511 714
511 828
512 549
512 635
512 724
513 514
513 561
513 597
513 779
513 827
513 939
514 633
514 663
514 773
514 947
515 680
515 696
515 733
515 797
515 857
516 603
516 748
516 802
516 950
516 987
517 526
517 952
518 519
518 617
518 637
518 656
518 837
518 913
518 955
519 795
519 871
520 531
520 653
520 851
520 866
520 896
520 960
520 982
521 569
521 599
521 602
521 864
521 869
522 660
522 751
522 791
522 979
523 530
523 564
524 652
524 802
524 841
524 898
524 914
524 923
524 961
525 608
525 657
525 749
526 590
526 651
526 770
526 819
526 886
527 546
527 574
527 882
527 894
528 562
528 714
528 753
528 990
529 926
529 996
530 670
530 717
530 756
530 764
530 954
530 982
531 722
532 712
533 861
534 712
534 988
535 698
536 560
536 582
536 627
536 723
536 889
536 899
536 909
536 924
538 572
538 885
538 919
538 941
539 745
540 807
540 809
541 549
541 552
542 723
542 733
542 801
543 547
544 598
544 704
544 722
544 908
544 938
545 770
545 823
545 869
546 867
547 561
547 678
547 732
547 835
547 878
548 682
549 593
549 769
549 899
550 553
550 620
550 625
550 726
550 774
551 756
553 970
554 727
554 808
554 929
554 993
555 702
555 835
555 869
555 956
556 585
556 619
556 907
557 639
557 665
557 894
557 948
557 975
558 737
558 869
558 934
558 993
559 767
560 631
560 780
560 787
560 799
560 908
561 756
562 591
563 758
563 834
563 940
564 711
564 944
565 628
565 742
565 770
565 823
565 828
565 861
566 801
566 818
567 579
567 855
567 972
568 744
568 893
568 904
569 648
569 690
569 729
569 904
569 907
570 677
570 984
571 620
571 995
572 867
573 636
573 953
573 960
574 649
574 784
574 815
574 849
575 719
575 749
575 984
576 766
576 914
576 966
577 882
577 921
577 938
578 602
578 661
578 819
578 848
578 889
579 824
579 961
580 760
580 923
580 966
581 795
581 924
581 976
582 694
582 738
582 916
582 982
583 950
583 967
584 602
584 733
585 597
585 760
586 590
586 967
587 870
587 891
588 815
588 876
588 953
588 977
590 748
590 832
590 955
591 876
592 927
592 963
593 664
593 829
593 931
593 971
594 692
594 781
594 830
594 991
595 620
595 710
596 684
596 723
596 780
597 738
597 804
598 603
598 666
598 784
598 823
599 635
599 857
600 696
600 741
600 918
601 858
601 880
601 927
601 948
601 961
601 981
602 730
602 820
602 880
602 896
602 920
602 926
603 618
603 913
603 997
604 829
605 707
605 949
606 951
607 988
608 691
608 969
609 703
609 756
609 853
610 832
611 892
611 903
612 967
613 628
613 715
615 803
616 660
616 694
616 820
616 932
616 988
617 641
617 735
617 915
617 938
617 941
618 755
618 920
619 652
619 733
620 628
620 844
621 629
621 723
622 788
622 858
622 931
622 944
623 690
624 732
624 807
625 963
628 740
628 856
628 857
629 744
629 893
629 951
629 958
630 744
630 771
630 775
630 783
630 818
630 976
630 991
631 823
632 633
632 952
632 983
633 653
633 760
634 754
634 906
635 807
635 926
636 880
637 758
638 695
638 730
638 858
639 768
641 660
641 737
641 780
641 867
642 661
642 697
643 950
644 696
644 767
644 810
644 837
645 749
645 750
647 817
647 883
648 778
648 805
648 878
649 876
649 987
650 733
650 886
650 971
651 953
651 972
652 698
652 744
654 817
654 832
654 903
655 732
655 883
655 970
656 719
656 939
657 739
658 671
658 863
658 889
658 942
660 670
661 670
662 766
662 818
663 714
663 814
663 830
663 927
664 679
664 687
664 706
664 718
664 841
664 877
664 942
665 794
665 976
666 706
666 764
666 973
666 994
667 868
667 929
668 979
669 838
669 856
669 943
669 965
670 959
670 974
671 710
671 711
671 842
672 954
673 966
673 988
674 789
674 986
675 709
675 731
675 761
676 730
676 999
677 811
677 918
677 986
678 966
680 858
680 872
681 755
682 713
682 835
682 925
683 708
683 873
684 838
684 901
685 698
686 903
687 919
687 955
688 943
689 733
689 784
689 919
689 930
690 749
690 940
691 882
691 950
691 958
692 827
692 939
692 947
693 736
693 890
693 980
694 747
695 834
697 706
697 944
698 761
698 933
698 945
699 701
699 929
700 875
702 744
702 749
702 920
702 956
702 993
703 705
704 757
704 792
706 881
706 943
706 960
706 968
707 733
707 745
707 843
707 957
707 966
708 806
709 815
710 729
710 752
710 828
711 836
711 989
712 717
712 908
712 955
713 775
713 986
714 726
714 804
715 726
715 735
715 989
716 734
716 790
717 807
718 924
718 943
718 952
718 996
719 779
719 860
719 952
719 977
720 750
720 855
720 916
722 819
724 739
724 927
725 889
726 855
726 869
727 763
730 913
730 920
730 934
731 771
731 871
733 871
733 968
734 858
734 868
735 745
735 749
735 807
735 888
735 985
736 815
737 838
738 937
738 999
739 829
739 833
739 869
741 882
741 896
742 843
742 905
742 966
743 986
744 756
744 772
744 775
744 879
745 960
747 973
748 770
748 825
748 978
749 867
749 883
749 984
750 772
750 857
751 757
751 792
751 892
751 977
754 798
754 846
754 868
754 957
755 900
755 961
756 981
756 991
760 884
760 898
760 927
761 772
761 950
762 914
762 938
762 996
763 778
763 920
764 870
764 961
764 978
765 879
765 982
766 999
767 967
768 869
769 978
770 795
770 865
771 838
771 971
772 888
775 901
775 976
776 917
777 954
777 979
779 860
780 969
781 837
782 808
782 841
782 865
782 933
783 808
783 950
785 982
788 893
789 869
792 908
794 837
794 884
794 915
794 939
795 800
797 898
797 942
798 857
798 991
799 929
799 932
801 840
801 935
801 936
801 996
803 855
803 883
803 960
805 865
806 879
807 953
811 965
812 833
812 909
813 932
813 963
814 819
815 886
815 908
815 960
815 991
817 848
817 989
821 933
822 890
822 941
823 999
824 875
827 831
828 874
828 992
830 906
830 969
831 866
832 870
832 960
833 954
834 978
835 860
835 966
838 841
838 935
839 855
839 895
839 988
842 932
843 858
844 887
845 860
845 919
845 937
846 953
846 978
847 923
847 954
848 873
848 874
850 951
852 855
852 868
852 897
853 963
853 975
854 889
854 947
856 937
856 987
858 950
859 957
860 952
863 971
865 984
868 873
869 978
872 933
874 954
875 913
876 977
877 924
879 989
880 980
881 937
882 894
882 895
882 999
885 944
886 944
886 959
887 987
888 933
890 979
891 900
891 949
893 938
894 955
895 924
896 929
896 983
897 900
898 950
901 949
903 928
904 969
906 979
907 970
908 967
911 963
913 979
920 942
923 975
932 935
932 996
934 949
934 950
941 990
942 947
948 974
950 976
954 957
957 974
975 977
979 980
983 991
987 996
990 991
