0 393
0 409
0 546
0 670
0 772
0 830
1 9
1 46
1 380
1 528
1 579
1 953
1 987
2 152
2 517
2 575
2 642
2 774
2 832
2 915
3 160
3 333
3 447
3 698
3 751
3 773
3 823
3 969
4 321
4 444
4 801
4 879
4 999
5 63
5 462
5 500
5 670
5 711
5 892
5 980
6 354
6 377
6 401
6 427
6 559
6 624
6 681
6 846
7 59
7 160
7 181
7 190
7 554
7 609
7 701
7 755
8 70
8 192
8 232
8 266
8 282
8 332
8 344
8 837
8 937
9 53
9 86
9 101
9 829
10 97
10 125
10 268
10 336
10 390
10 411
10 706
10 736
10 883
10 993
11 167
11 204
11 286
11 287
11 414
11 472
11 631
11 649
12 199
12 243
12 328
12 403
12 626
12 677
13 33
13 115
13 335
13 359
13 429
13 901
13 925
13 946
14 89
14 229
14 469
14 650
14 866
14 904
14 950
15 305
15 316
15 901
16 78
16 477
16 684
16 800
16 885
16 918
16 928
16 994
17 41
17 512
17 842
18 76
18 633
18 691
18 784
18 785
19 51
19 271
19 374
19 405
19 813
19 905
20 243
20 394
20 609
20 695
20 984
21 89
21 93
21 185
21 514
22 350
22 534
22 720
23 56
23 243
23 744
23 776
23 800
23 884
23 909
24 313
24 491
25 564
25 755
25 913
26 376
26 808
26 888
26 920
26 925
27 30
27 509
27 658
27 688
27 936
27 961
28 86
28 154
28 295
28 578
28 794
28 856
29 376
29 495
29 611
29 770
29 858
29 925
30 96
30 145
30 406
30 490
30 883
30 955
31 290
31 346
31 429
31 676
31 793
31 833
31 915
31 974
32 43
32 266
32 506
32 716
33 43
33 99
33 217
33 392
33 663
34 565
34 616
34 674
34 689
34 777
34 880
35 83
35 122
35 167
35 396
35 481
35 868
36 248
36 339
36 602
37 175
37 188
37 422
37 514
37 544
37 571
37 663
37 706
37 795
38 339
38 577
39 397
39 427
39 460
39 537
39 659
39 786
40 96
40 152
40 272
40 322
40 677
41 64
41 197
41 316
41 345
41 365
41 893
41 999
42 226
42 815
42 816
43 145
43 194
43 387
43 971
44 82
44 232
44 279
44 357
44 384
44 903
45 176
45 293
45 631
45 652
45 857
45 904
46 266
46 666
46 761
46 818
46 834
46 836
46 870
46 978
46 985
47 124
47 292
47 528
47 958
48 79
48 98
48 108
48 946
49 161
49 183
49 549
49 589
49 616
49 800
49 832
49 838
50 265
50 282
50 300
50 394
50 505
50 884
51 133
51 188
51 246
51 414
51 557
51 571
51 642
51 785
51 838
51 849
51 969
52 68
52 99
52 206
52 462
52 529
52 722
53 90
53 110
53 349
53 420
53 593
53 928
54 410
54 459
54 556
55 337
55 342
55 381
55 518
55 545
55 730
55 904
55 999
56 58
56 241
56 244
56 321
56 419
56 442
57 431
57 505
58 272
58 329
58 457
58 475
58 503
58 881
58 935
58 959
59 465
59 621
59 646
60 415
60 441
60 606
60 617
60 937
60 960
61 74
61 501
61 650
61 813
61 851
61 865
61 885
61 999
62 144
62 220
62 308
62 550
62 561
62 621
62 892
62 940
63 68
63 163
63 395
63 444
63 457
63 554
63 577
63 592
63 601
63 695
63 989
64 251
64 353
64 654
65 274
65 381
65 444
65 577
65 668
65 692
65 858
66 239
66 409
66 599
66 809
66 957
67 78
67 112
67 191
67 316
67 691
67 808
68 71
68 141
68 277
68 325
68 821
68 859
69 433
69 582
69 784
69 873
70 177
70 199
70 302
70 501
70 548
70 698
70 700
70 758
70 882
71 193
71 411
72 148
72 218
72 370
72 372
72 549
72 638
72 673
72 678
72 991
73 169
73 225
73 333
73 388
73 678
73 714
73 809
74 216
74 473
74 564
74 855
74 950
75 139
75 343
75 354
75 579
75 626
75 632
76 265
76 382
76 520
76 774
76 908
76 948
77 205
78 219
78 533
78 579
79 87
79 106
79 196
79 461
79 480
79 620
79 817
80 290
80 328
80 427
80 498
81 122
81 262
81 615
81 786
82 183
82 454
82 727
82 737
82 793
83 215
83 243
83 347
83 450
84 343
84 372
84 728
84 742
84 833
84 884
85 337
85 378
85 541
85 716
85 801
86 203
86 318
86 445
86 474
86 493
86 583
86 667
86 676
86 839
86 941
87 135
87 386
87 508
88 323
88 337
88 435
88 753
88 880
88 917
89 290
89 384
89 479
90 99
90 115
90 179
90 199
90 326
90 500
90 892
91 196
91 253
91 593
91 686
91 733
91 761
91 779
92 167
92 654
92 710
92 737
92 778
93 559
93 570
93 616
93 872
93 966
95 244
96 206
96 284
96 596
96 888
96 908
97 252
97 477
97 820
98 268
98 505
98 583
98 604
98 918
99 122
99 164
99 306
99 349
99 607
99 715
99 742
99 815
99 865
100 154
100 505
100 910
100 962
101 162
101 164
101 206
101 321
101 551
101 592
101 897
102 234
102 269
102 296
102 524
102 713
102 913
103 328
103 372
103 375
103 381
103 872
104 485
104 492
104 520
104 710
104 988
105 431
105 905
105 918
106 179
106 342
106 352
106 496
106 564
106 891
107 344
107 892
108 217
108 390
108 413
108 717
108 749
108 850
109 227
109 252
109 256
109 279
109 377
109 550
109 572
109 574
110 223
110 224
110 432
110 472
110 566
110 699
110 971
111 129
111 363
111 607
112 248
112 311
112 946
113 543
113 954
114 415
114 516
114 592
115 147
115 611
115 873
115 915
116 128
116 159
116 478
116 513
116 530
116 596
116 925
117 173
117 193
117 225
117 392
117 604
117 620
117 910
117 981
118 131
118 824
119 139
119 174
119 261
119 672
119 981
120 478
120 554
120 791
121 219
121 263
121 286
121 698
122 736
123 410
123 427
123 508
123 543
124 156
124 253
124 263
124 347
124 490
124 517
124 533
124 538
124 628
124 715
124 751
124 958
125 148
125 254
125 259
125 344
125 405
125 445
125 502
125 644
125 831
125 958
126 180
126 237
126 608
126 799
126 955
127 205
127 271
127 428
127 486
127 653
127 876
127 911
128 509
128 763
128 859
128 936
129 547
129 563
129 737
130 254
130 528
130 530
130 547
130 549
130 594
130 818
130 880
131 590
131 847
131 949
132 164
132 415
132 452
132 569
132 672
132 765
132 814
132 930
132 953
133 224
133 252
133 374
133 400
133 724
133 775
133 899
133 965
134 214
134 413
134 758
134 981
135 408
135 512
135 527
135 585
135 697
135 968
136 298
136 417
136 513
136 608
136 660
136 848
136 921
137 594
137 872
137 918
138 243
138 457
138 604
138 646
138 872
138 923
138 934
138 991
139 772
139 905
139 974
140 267
140 397
140 602
140 691
141 446
141 547
141 596
141 662
141 693
141 855
141 898
142 178
142 260
142 327
142 329
142 372
142 559
142 757
142 847
142 960
143 148
143 210
143 446
143 696
143 703
143 747
144 245
144 739
144 872
145 160
145 380
145 657
145 709
145 785
145 917
146 168
146 180
146 410
146 411
146 800
146 995
147 163
147 399
147 854
147 967
148 237
148 376
148 487
148 567
148 701
148 740
149 154
149 205
149 234
149 731
149 860
150 258
150 586
150 872
151 227
151 393
151 503
151 532
151 687
151 728
152 158
152 182
152 211
152 362
152 655
152 867
152 909
153 175
153 227
153 230
153 384
153 665
153 971
154 156
154 171
154 495
154 499
154 705
154 757
154 931
155 318
155 621
155 674
155 742
155 810
155 822
155 952
156 415
156 420
156 426
156 575
156 632
156 826
157 488
157 522
157 648
158 216
158 589
158 590
158 643
158 742
158 763
158 834
158 895
159 398
159 591
159 793
159 828
159 873
159 876
159 911
159 923
160 227
160 491
160 790
160 824
161 390
161 507
161 597
161 938
161 980
162 226
162 410
162 473
162 543
162 544
162 641
162 716
162 803
162 850
162 860
162 898
162 988
163 168
163 380
163 411
163 653
163 925
164 178
164 270
164 528
164 535
165 201
165 466
165 619
165 622
165 871
166 348
166 389
166 507
166 767
166 788
166 937
167 277
167 301
167 361
167 412
167 489
167 568
167 774
167 856
167 934
168 402
168 688
169 654
169 774
169 777
169 830
170 251
170 252
170 540
170 644
170 652
170 905
171 254
171 529
171 721
172 390
172 555
172 572
172 596
172 729
173 180
173 342
173 427
173 584
173 603
173 635
173 679
173 971
174 231
174 254
174 636
174 756
175 269
175 379
175 606
175 797
175 880
176 470
176 485
176 947
176 950
176 958
177 250
177 301
177 760
177 920
178 410
178 592
178 982
179 331
179 455
179 560
179 566
179 650
179 681
180 650
180 755
181 229
181 312
181 355
181 640
181 895
181 923
182 238
182 269
182 305
182 544
182 774
182 802
182 922
183 597
183 714
183 735
184 327
184 344
184 634
184 689
184 840
184 844
185 206
185 424
185 908
186 202
186 216
186 349
186 375
186 574
186 639
186 722
186 833
186 850
186 896
187 323
187 588
187 591
187 857
187 903
187 916
188 325
188 588
188 820
188 907
189 354
189 586
189 704
190 401
190 721
190 816
190 976
191 290
192 272
192 656
192 794
192 808
192 855
193 257
193 581
193 693
193 862
193 907
193 939
194 340
194 566
194 722
194 993
195 300
195 388
195 397
195 403
195 452
195 577
195 795
195 885
195 915
195 937
196 411
196 525
196 549
196 583
196 742
196 777
196 877
196 939
196 943
197 366
197 497
197 506
197 626
198 671
198 778
198 988
199 310
199 348
199 547
199 587
199 703
199 923
200 285
200 321
200 361
200 420
200 633
200 910
200 932
201 490
201 614
201 633
201 689
201 829
202 368
202 617
203 439
203 459
203 477
203 821
203 832
203 943
204 257
204 258
204 346
204 371
204 408
204 429
204 498
204 576
204 893
205 235
205 417
205 795
205 851
205 878
206 304
206 312
206 384
206 589
206 929
207 430
207 497
207 734
207 963
208 298
208 617
208 745
208 822
208 947
208 976
209 217
209 316
209 464
209 542
209 928
210 990
211 358
211 381
211 441
212 229
212 380
212 422
212 606
212 824
212 989
213 289
213 342
213 540
213 566
213 577
213 789
213 847
213 990
214 392
214 528
214 687
214 746
215 264
215 274
215 372
215 697
215 762
216 451
216 469
216 505
216 580
216 769
217 579
217 614
217 703
217 775
217 865
217 866
217 990
217 994
218 399
218 528
218 622
218 707
218 752
218 907
218 918
218 992
219 258
219 777
219 841
219 966
220 227
220 335
220 472
220 524
220 941
221 510
221 720
221 759
222 541
222 746
222 779
222 837
223 268
223 299
223 333
223 362
223 439
223 553
223 655
223 725
223 837
224 253
224 264
224 537
224 552
224 588
224 747
225 280
225 683
225 823
225 966
226 320
226 344
226 628
226 772
226 785
227 256
227 668
227 794
227 972
228 270
228 296
228 444
228 653
228 692
229 334
229 397
229 565
229 842
230 445
230 491
230 518
230 590
231 321
231 414
231 444
231 507
231 519
232 326
232 480
232 830
232 835
233 317
233 707
233 710
233 720
233 798
233 812
234 463
234 591
234 681
234 729
234 749
234 819
235 338
235 354
235 485
235 543
235 829
235 875
235 955
236 291
236 363
236 365
236 368
236 597
236 686
237 280
237 423
237 709
237 937
237 981
238 636
238 735
238 751
238 841
239 333
239 422
239 465
239 613
239 643
239 911
240 358
240 485
240 600
240 820
241 529
241 558
241 653
241 804
241 855
241 932
242 439
242 460
242 561
242 563
242 676
243 627
243 706
243 817
244 275
244 484
244 510
244 549
244 658
244 813
244 958
245 382
245 516
246 296
246 368
246 425
246 910
247 643
247 806
247 903
247 915
247 979
248 690
248 831
249 286
249 349
249 615
249 671
249 802
249 853
250 387
250 405
250 582
250 804
251 480
251 527
251 828
251 927
252 341
252 397
252 704
252 767
253 461
253 617
253 935
253 984
254 576
254 857
254 898
254 920
255 405
255 431
255 733
255 744
255 893
255 921
256 279
256 698
256 709
256 732
257 273
257 456
257 830
258 508
258 563
258 611
258 617
258 648
258 935
258 975
259 300
259 322
259 482
259 694
259 760
259 819
260 463
261 273
261 341
261 584
261 778
261 955
262 310
262 386
262 517
262 901
262 912
263 440
263 497
263 603
263 649
263 849
264 523
265 413
265 427
265 486
265 645
266 323
266 500
266 677
266 730
266 895
267 668
267 838
267 925
268 508
268 625
268 635
268 753
268 772
269 337
269 478
269 536
269 577
269 666
269 903
270 349
270 503
270 567
270 586
270 782
270 861
271 491
271 577
271 603
271 616
271 720
271 849
271 876
271 915
271 955
272 279
272 460
272 598
272 730
272 899
272 940
272 966
273 719
273 907
273 929
274 486
274 688
274 719
274 837
274 838
275 355
275 368
275 446
275 584
275 618
275 673
275 696
275 753
275 772
275 971
276 455
276 918
277 432
277 549
277 604
277 618
277 987
278 580
278 670
278 716
279 366
279 436
279 566
279 617
279 671
279 765
280 385
280 482
280 511
280 724
281 339
281 394
281 572
281 602
281 720
281 736
282 624
282 659
282 731
282 800
282 868
283 339
283 488
283 571
283 631
283 636
283 705
283 926
284 430
284 449
284 716
284 766
284 924
284 989
285 392
285 489
286 311
286 508
286 550
286 616
286 631
286 732
287 312
287 489
287 793
287 892
288 321
288 421
288 443
288 859
288 909
289 352
289 496
289 609
289 632
289 681
289 888
290 305
290 579
291 635
291 719
291 740
291 779
292 356
292 575
292 812
292 914
293 377
293 509
293 941
293 955
294 504
294 630
294 892
295 402
295 557
295 675
295 742
295 808
296 305
296 444
296 670
297 554
297 576
297 589
297 660
297 737
297 907
298 564
298 596
298 751
298 925
298 941
299 384
299 544
299 740
299 773
299 911
299 977
300 308
300 580
300 842
301 435
301 559
301 664
301 673
302 437
302 442
302 528
302 708
302 718
302 824
303 351
303 445
303 666
303 710
303 785
303 836
303 971
304 746
304 966
305 399
305 469
305 837
306 984
307 520
307 625
307 969
308 337
308 348
308 468
308 582
308 650
308 812
309 540
309 914
310 396
310 803
310 816
310 863
311 523
311 741
311 774
311 779
311 844
312 365
312 372
312 433
312 661
312 692
312 844
312 938
313 345
313 359
313 537
314 474
314 578
314 698
314 787
314 956
315 510
315 578
315 671
316 349
316 465
316 746
317 325
317 500
317 582
317 632
317 748
318 467
318 663
318 909
319 325
319 640
319 798
320 324
320 538
320 563
320 574
321 708
321 800
322 332
322 427
322 486
322 546
322 619
322 940
323 394
323 841
323 860
324 477
324 487
324 525
324 738
324 763
324 863
325 456
325 730
325 783
326 576
326 581
326 587
326 978
327 335
327 617
327 674
328 342
328 736
328 942
329 579
329 581
330 700
330 819
331 381
331 444
331 471
331 673
331 911
331 922
332 469
332 541
332 751
332 922
332 953
333 365
333 475
333 613
333 705
333 733
333 841
334 460
334 670
334 734
334 763
334 848
335 762
336 699
336 778
336 851
336 874
337 579
337 915
337 985
338 554
338 588
338 687
338 697
339 385
339 452
339 625
339 712
339 919
339 956
340 537
340 771
340 817
340 842
341 374
341 437
341 475
341 702
341 719
341 770
341 833
343 448
343 646
343 735
343 952
344 370
344 934
345 370
345 502
345 559
345 646
345 746
345 789
345 852
345 856
346 396
346 397
346 429
346 611
346 744
346 745
346 894
347 413
347 469
347 629
347 634
347 700
347 761
347 922
347 925
348 628
348 655
350 385
350 405
350 569
350 613
350 672
350 751
350 865
351 390
351 777
352 451
352 495
352 721
352 732
352 781
352 830
353 390
353 490
353 686
353 843
354 444
354 482
354 768
354 858
355 778
355 956
356 596
356 905
357 538
357 580
357 638
357 925
358 449
358 628
358 657
358 938
358 961
358 984
359 429
359 439
359 802
360 497
360 631
360 745
360 756
360 768
360 874
360 930
361 394
361 535
361 615
361 616
361 768
361 846
361 940
361 988
362 688
363 410
363 450
363 610
364 432
364 543
364 949
365 542
365 581
365 962
366 376
366 679
366 953
366 981
367 406
367 501
367 705
367 792
367 889
367 903
368 925
369 397
369 489
369 523
369 567
369 621
369 623
369 680
369 996
370 411
370 436
370 438
370 546
370 624
370 917
371 447
371 449
371 720
371 998
372 523
373 618
373 775
373 950
374 392
374 571
374 748
374 776
374 800
374 971
375 417
375 474
375 483
375 716
376 635
376 725
377 526
377 579
377 706
377 784
378 562
378 659
378 780
378 881
378 986
379 909
380 466
380 599
380 644
380 760
380 808
380 886
380 932
381 427
381 757
381 803
381 990
382 395
382 719
382 809
382 867
382 890
382 944
382 972
382 990
383 529
383 699
383 760
384 591
384 768
384 937
384 995
385 498
385 604
385 866
386 477
386 777
387 550
387 608
387 620
387 870
388 653
388 894
388 910
388 961
389 611
390 414
390 757
391 520
391 736
392 421
392 578
392 663
392 696
392 937
392 959
393 405
393 625
393 682
393 719
394 532
394 730
394 982
396 400
396 418
396 840
396 985
397 721
397 723
397 874
397 883
397 914
397 997
398 661
398 707
398 750
398 937
399 911
399 955
400 533
400 603
400 754
401 929
402 529
402 643
402 659
402 686
402 879
402 932
402 975
403 453
403 774
403 793
404 559
404 753
405 595
405 752
405 846
406 484
406 851
407 437
407 441
407 463
407 704
407 920
407 941
408 572
408 697
410 454
411 638
411 705
411 980
412 441
412 484
412 614
413 463
413 531
413 627
413 874
415 621
415 725
415 779
415 850
415 873
415 977
416 433
416 541
416 621
416 894
416 972
417 429
417 442
417 523
418 789
418 835
418 871
419 624
419 806
419 889
419 963
420 527
420 642
420 678
420 818
421 905
422 628
422 630
422 633
422 813
422 852
422 882
422 929
423 491
423 551
423 629
423 940
424 779
424 836
424 989
425 524
425 841
425 874
425 929
425 933
426 430
426 548
426 581
426 644
426 891
426 979
427 428
427 760
427 801
427 943
428 727
429 593
429 787
430 898
431 453
431 482
431 687
432 727
432 954
434 755
434 804
434 807
434 896
435 596
436 529
436 828
437 558
437 667
437 724
437 796
437 844
438 534
438 746
438 785
438 805
439 627
439 680
439 767
439 798
439 990
440 610
440 669
440 778
440 930
441 770
441 848
441 898
442 600
442 634
442 644
442 866
442 963
443 491
444 461
444 512
444 551
444 575
444 794
445 540
445 573
445 866
445 923
445 970
446 597
446 893
447 744
447 789
447 908
448 456
448 506
448 559
448 681
448 894
448 929
449 621
449 816
449 920
450 571
450 692
450 717
450 757
450 834
450 943
451 611
451 633
451 868
451 954
452 489
452 689
453 613
453 816
454 477
454 653
454 701
454 872
455 546
455 616
455 624
456 774
457 623
457 657
457 708
457 749
457 807
457 820
457 966
459 724
459 739
459 755
459 834
459 950
459 985
460 651
460 757
460 792
460 804
460 873
460 899
461 545
461 888
463 990
464 663
464 718
465 824
465 845
465 851
465 889
466 480
466 621
466 887
466 889
466 948
467 551
468 840
468 915
468 991
469 502
469 516
469 550
469 565
469 586
470 708
470 983
471 578
471 897
471 986
472 565
472 792
472 961
473 591
473 598
473 629
473 645
473 856
474 640
474 815
474 893
474 917
474 946
475 783
475 792
476 575
476 671
476 800
477 557
477 577
477 599
477 690
477 967
478 494
478 539
478 948
478 994
479 515
479 738
480 646
480 710
481 682
481 756
482 756
483 532
483 623
483 858
483 860
483 906
484 531
484 639
484 801
486 649
486 660
486 777
486 883
486 931
487 648
487 741
487 930
487 988
488 792
488 807
488 884
489 570
489 652
489 707
489 757
490 666
491 534
491 577
491 776
491 790
491 801
491 914
492 811
492 829
493 496
493 512
493 701
493 748
493 994
494 831
494 852
495 960
496 553
496 969
497 519
497 639
497 744
498 521
498 564
498 686
498 856
498 955
499 548
500 718
500 746
500 909
501 663
501 992
502 736
502 887
502 973
503 788
503 918
503 935
504 567
504 629
504 641
504 716
505 574
505 841
506 906
506 931
506 951
507 556
507 835
507 885
508 813
508 851
508 901
509 688
509 808
509 848
510 515
510 581
510 703
511 524
511 526
511 662
511 667
511 737
511 918
511 944
512 921
513 738
513 867
514 527
515 665
515 693
515 719
515 976
516 783
516 968
517 684
517 819
517 903
518 759
519 536
519 563
519 849
519 866
519 980
520 733
520 786
520 892
521 536
521 820
521 892
522 608
522 625
522 898
522 937
523 560
523 562
523 606
523 755
523 793
523 811
523 957
524 993
525 555
525 600
525 634
526 864
526 882
527 721
527 757
528 680
528 939
530 683
530 710
531 724
531 849
531 920
531 924
531 928
532 688
533 656
533 840
534 564
534 753
534 775
534 874
534 876
535 626
535 715
535 757
535 986
536 575
536 587
536 620
536 944
536 945
537 578
537 794
537 841
537 935
538 933
539 560
539 703
539 750
539 796
540 920
540 924
540 933
541 609
542 775
542 831
542 835
542 952
543 990
544 662
544 713
545 607
546 619
546 645
546 857
547 593
547 740
547 842
547 861
547 926
548 689
548 721
548 838
549 588
550 602
550 812
550 830
551 560
551 566
551 595
551 698
551 757
551 907
551 921
553 785
554 634
554 660
554 843
554 888
555 769
555 783
555 978
556 809
556 870
557 563
557 693
557 817
557 858
558 966
559 705
559 716
559 783
559 972
560 596
560 796
560 843
560 921
560 947
561 568
561 724
562 597
562 759
562 960
562 968
563 633
563 751
563 868
564 570
564 767
564 936
565 639
565 676
566 622
566 727
566 897
566 998
567 805
567 867
567 893
569 605
569 625
569 819
570 669
570 748
570 854
571 640
572 651
572 655
572 994
573 733
574 741
574 799
574 815
574 851
574 871
574 872
575 610
575 654
575 890
576 906
577 625
577 871
577 899
578 657
579 945
579 968
580 632
580 667
580 710
580 765
580 846
581 780
581 888
582 697
582 772
582 835
582 929
583 632
583 635
583 748
583 869
583 887
583 939
583 969
584 698
585 631
585 830
585 963
586 637
586 703
586 765
587 975
587 981
588 589
588 595
588 879
588 880
589 840
590 752
590 846
591 599
591 615
591 734
591 942
592 733
592 920
592 997
593 659
593 729
593 987
594 892
595 683
595 707
596 711
596 722
596 816
596 822
596 956
596 989
597 618
597 789
597 956
597 964
598 665
598 758
598 788
598 892
598 917
599 867
599 927
600 844
600 924
601 678
601 740
601 854
602 622
602 949
603 830
603 898
603 938
604 909
604 911
605 744
605 787
605 954
606 756
606 916
607 660
607 752
607 842
607 896
607 983
608 960
609 616
609 660
609 700
610 651
611 703
611 731
611 920
612 643
612 792
612 804
613 923
614 803
614 929
615 617
615 742
616 654
619 844
619 948
619 977
620 632
620 800
620 964
620 977
621 800
621 992
622 996
623 854
623 905
624 691
624 720
624 793
624 819
625 667
625 683
625 717
625 792
625 916
626 639
626 746
626 991
629 773
629 836
629 881
629 886
629 938
630 673
631 677
632 719
632 906
632 960
633 636
636 786
637 646
637 706
637 793
637 829
638 732
639 686
639 943
639 954
640 833
640 864
640 969
640 979
641 715
641 895
641 926
641 995
642 673
643 888
644 979
645 825
646 801
646 852
646 867
647 709
648 702
648 876
648 880
648 980
649 812
650 950
651 674
651 830
652 704
652 708
652 710
652 890
652 977
653 712
653 885
655 668
655 782
655 833
655 947
656 731
656 953
657 772
657 773
657 925
657 946
658 665
658 977
659 944
660 841
662 751
662 918
663 748
663 804
663 868
663 916
664 672
664 763
664 787
664 807
665 793
665 869
665 942
666 842
667 900
668 673
668 681
668 842
669 685
669 844
669 891
670 807
670 997
671 775
671 919
672 755
672 756
673 696
673 709
673 733
674 835
674 839
675 760
675 779
675 868
675 954
677 804
678 702
678 901
678 910
679 763
680 773
680 828
680 883
681 693
681 964
682 851
683 757
684 817
684 841
685 935
686 688
686 959
687 899
687 975
688 737
688 788
688 941
689 779
689 859
690 778
690 790
690 964
691 757
692 777
692 904
692 986
693 954
694 960
695 795
696 792
697 970
698 798
698 874
698 899
699 841
699 851
699 855
699 987
700 715
700 843
700 899
701 844
703 908
704 777
704 836
704 942
706 805
706 938
707 723
708 749
710 859
710 899
710 926
712 764
712 924
713 896
713 900
713 939
714 766
714 847
714 870
714 979
715 825
715 951
716 751
717 852
717 908
717 991
718 764
718 842
719 752
720 920
720 979
720 986
721 778
721 808
721 843
721 873
721 919
722 761
722 810
723 843
723 886
723 933
724 842
724 863
724 874
724 891
727 729
727 775
727 779
727 840
728 781
728 802
728 847
728 960
729 741
729 952
729 957
730 747
730 907
731 741
731 801
731 853
731 881
732 746
732 839
732 859
732 886
732 977
733 881
733 994
735 757
735 917
736 749
736 854
737 828
738 810
739 961
740 837
740 849
740 856
740 957
743 830
743 865
745 761
745 923
745 950
745 975
747 995
748 910
749 770
749 835
749 879
750 990
751 758
751 812
751 843
751 878
753 840
754 766
755 783
755 787
755 858
755 922
755 994
756 880
757 893
758 759
758 783
758 852
759 794
760 795
760 967
760 987
762 786
762 864
763 809
763 818
763 886
764 827
765 831
765 845
765 931
766 814
766 972
766 988
767 947
768 800
768 987
771 806
772 821
772 822
772 869
773 900
774 969
775 785
775 817
775 922
776 883
776 982
777 866
777 939
777 964
780 847
780 855
781 880
782 855
782 923
782 947
786 816
787 882
787 898
791 806
791 854
791 900
791 946
792 989
794 963
795 882
795 973
796 817
796 884
797 872
799 809
799 909
799 915
800 859
800 981
801 854
804 876
806 873
806 951
807 826
808 987
808 996
809 946
809 956
818 851
818 956
819 847
819 900
819 913
820 884
823 847
823 932
825 871
825 921
826 829
826 895
828 865
828 886
828 924
828 952
829 858
830 865
830 892
831 906
834 949
836 882
836 958
838 863
838 882
838 963
839 853
839 893
840 960
841 870
841 906
842 924
844 965
846 900
847 977
847 998
853 871
853 893
855 974
856 909
857 866
858 959
859 866
859 965
860 861
860 920
860 940
863 890
865 995
867 973
867 997
869 962
869 996
870 886
873 969
874 946
875 934
877 964
879 954
880 993
881 940
883 940
884 929
884 930
887 890
887 896
888 960
896 952
897 981
898 921
902 911
903 980
904 916
908 947
911 956
912 979
914 917
914 990
915 925
917 981
918 966
920 950
921 947
921 959
922 986
929 964
936 999
943 976
944 999
946 959
949 950
952 965
956 963
957 961
958 964
959 993
959 998
960 992
963 992
967 980
