0 495
0 517
0 860
0 960
0 987
1 16
1 23
1 65
1 497
1 922
2 249
2 573
2 661
2 715
3 267
3 371
3 391
3 649
3 844
3 881
4 110
4 301
4 344
4 485
4 551
4 673
4 996
5 166
5 255
5 256
5 569
6 69
6 183
6 607
6 754
6 777
6 986
7 155
7 396
8 142
8 275
8 397
8 461
8 511
8 579
8 605
8 821
9 137
9 171
9 530
9 541
9 629
9 960
10 167
10 325
10 550
10 585
10 599
11 215
11 345
11 502
11 769
11 824
12 44
12 352
12 837
12 974
12 979
13 152
13 404
13 614
13 675
13 699
14 37
14 107
14 297
14 745
15 53
15 275
15 739
15 884
15 912
16 49
16 109
16 205
16 759
16 833
16 860
16 881
16 921
17 152
17 175
17 242
17 360
17 473
17 511
17 540
17 566
17 826
18 104
18 161
18 485
18 522
18 548
18 600
18 683
18 790
19 69
19 226
19 499
19 612
19 658
19 864
20 268
20 598
20 789
20 854
21 79
21 321
21 330
21 436
21 936
22 24
22 245
22 523
22 701
23 95
23 200
23 431
23 555
24 340
24 413
24 590
24 840
24 942
25 136
25 231
25 671
25 698
25 841
25 847
25 915
25 938
25 944
26 105
26 123
26 253
26 322
26 431
26 477
26 487
26 531
26 534
26 560
26 677
26 771
27 143
27 258
28 170
28 222
28 404
28 739
28 845
28 851
28 939
29 41
29 154
29 316
29 933
30 151
30 175
30 250
30 359
30 556
30 819
30 920
30 958
31 74
31 184
31 185
31 198
31 476
31 589
31 590
31 693
31 712
31 746
31 775
31 811
31 822
32 452
32 648
32 865
33 117
33 374
33 488
33 784
33 818
33 989
34 108
34 579
34 616
34 727
34 737
34 774
34 873
34 886
35 61
35 87
35 103
35 142
35 146
35 258
35 301
35 618
36 495
36 561
36 603
36 792
36 800
36 892
37 463
37 771
38 526
38 756
38 934
38 998
39 203
39 219
39 222
39 503
39 680
39 730
39 760
40 299
40 556
40 767
40 781
41 117
41 135
41 187
41 247
41 608
41 708
41 758
41 941
42 59
42 688
42 692
42 854
43 147
43 196
43 230
43 475
43 558
43 791
43 854
44 61
44 390
44 780
44 830
44 927
45 66
45 539
46 99
46 160
46 529
46 696
46 783
46 828
47 247
47 319
47 668
47 690
47 805
47 845
48 477
48 484
48 541
48 637
48 660
48 749
48 928
49 268
49 376
49 391
49 515
49 600
49 613
49 695
50 152
50 236
50 446
50 762
50 807
50 884
51 124
51 339
51 480
51 952
52 528
52 718
53 251
53 298
53 423
53 444
53 673
53 901
53 908
55 137
55 224
55 257
55 427
55 809
55 820
55 849
55 861
55 900
56 243
56 646
57 70
57 273
57 289
57 552
57 593
57 601
57 622
57 809
57 947
57 983
57 992
58 104
58 313
58 555
58 573
58 711
58 762
58 815
58 876
59 632
59 825
59 855
59 904
59 925
59 965
60 269
60 455
60 519
60 759
60 811
61 113
61 223
61 257
61 489
61 533
61 602
62 366
62 473
63 112
63 279
63 345
63 527
63 539
64 545
64 645
65 495
65 574
65 584
65 674
66 499
66 502
66 821
67 261
67 337
67 472
67 661
67 664
67 710
68 218
68 374
68 442
68 448
68 602
68 994
69 292
69 577
70 191
70 292
70 375
70 679
70 734
70 869
71 218
71 220
71 316
71 343
71 365
71 407
71 411
71 698
71 970
72 158
72 496
72 602
72 670
72 958
73 311
73 349
73 696
73 883
74 206
74 233
74 246
74 318
74 740
74 746
75 121
75 286
75 469
75 695
75 787
75 902
75 935
76 347
76 516
76 745
76 823
77 82
77 264
77 341
77 566
77 807
78 192
78 194
78 487
78 538
78 690
78 719
78 913
78 992
79 330
79 590
79 600
79 680
80 196
80 401
80 762
80 795
81 85
81 417
81 561
81 639
81 908
82 308
82 458
82 481
82 832
82 946
83 115
83 261
83 367
83 554
83 724
83 740
83 763
83 950
84 518
84 700
84 783
84 830
84 923
85 340
85 381
85 447
85 470
85 598
85 672
86 398
86 448
86 576
86 754
86 861
87 195
87 545
87 691
87 718
88 160
88 763
88 772
88 777
89 334
89 366
89 813
89 821
90 255
90 348
90 369
91 888
91 985
92 239
92 247
92 339
92 647
92 752
92 837
93 112
93 117
93 299
93 789
93 829
93 878
93 981
94 360
94 380
94 565
94 679
94 847
94 871
94 933
94 945
95 171
95 260
95 463
95 599
96 262
96 724
97 259
97 300
97 822
98 190
98 355
98 523
98 694
98 720
98 776
98 801
99 481
99 566
99 579
99 673
100 645
100 664
100 735
100 792
100 821
101 378
101 620
101 658
101 774
102 813
102 825
102 852
103 567
103 584
103 808
103 837
103 950
104 298
104 320
104 421
104 738
104 756
104 828
105 326
105 355
105 372
105 856
105 944
106 122
106 126
106 153
106 163
106 326
106 982
107 526
107 805
107 904
108 262
108 317
108 540
108 596
109 296
109 365
109 401
109 458
109 567
109 609
109 628
109 763
109 781
109 812
109 906
109 963
110 187
110 534
110 696
110 775
110 986
111 224
111 400
111 861
112 360
112 461
112 898
112 912
112 947
113 130
113 132
113 339
113 374
113 410
113 416
113 476
113 632
113 987
114 184
114 229
114 234
114 389
114 399
114 439
114 747
115 876
115 922
115 973
116 312
116 463
116 484
116 671
116 805
116 946
117 691
117 725
117 770
117 855
118 157
118 265
118 445
118 670
118 932
118 953
118 985
119 413
120 137
120 282
120 332
120 361
120 486
120 564
120 583
120 657
120 740
120 950
121 613
121 664
122 184
122 802
122 935
122 954
123 635
123 880
124 174
124 352
124 497
124 899
124 933
124 976
124 994
125 246
125 410
125 847
126 170
126 419
126 519
126 558
126 887
126 972
127 326
127 589
127 616
127 649
127 929
128 233
128 345
128 540
128 704
128 978
129 258
129 263
129 685
129 876
129 890
129 992
130 294
130 443
130 827
130 971
131 245
131 254
131 459
131 671
131 716
132 173
132 248
132 467
132 723
132 818
132 844
132 930
133 407
133 717
133 783
133 858
134 276
134 560
134 657
134 677
134 714
134 771
134 797
134 976
135 591
135 601
135 608
135 781
135 896
135 900
136 574
136 943
137 155
137 445
137 469
137 599
137 600
137 661
137 671
137 834
137 930
137 987
138 492
138 561
138 788
138 830
139 276
139 323
139 486
139 633
139 680
139 721
139 748
139 769
139 789
139 936
139 950
140 454
140 701
141 265
141 364
141 568
141 576
141 685
141 800
141 869
142 249
142 354
142 497
142 553
142 598
142 638
142 971
143 175
143 423
143 600
143 716
143 770
143 882
143 923
144 497
144 712
144 824
145 925
146 637
146 896
146 966
147 165
147 249
148 315
148 540
148 905
149 285
149 310
149 327
149 405
149 498
149 547
149 800
150 172
150 517
150 551
150 817
150 932
151 161
151 439
151 535
151 583
152 188
152 203
152 615
152 802
152 875
152 919
153 179
153 186
153 351
153 408
153 410
153 657
153 793
153 809
154 187
154 272
154 285
154 916
154 927
155 242
155 355
155 417
155 424
155 824
155 959
155 986
156 173
156 280
156 587
156 605
156 637
156 665
156 867
157 169
157 240
157 324
157 521
157 832
157 979
158 362
158 718
158 900
159 206
159 328
159 731
159 887
160 269
160 317
160 459
160 465
160 674
160 779
161 374
161 671
161 721
162 225
162 706
163 546
163 588
163 739
163 821
163 904
163 964
164 212
164 260
164 382
164 468
164 702
164 858
165 194
165 400
165 468
165 782
165 809
165 851
165 856
165 866
166 224
166 370
166 422
166 482
166 488
166 560
166 602
166 821
166 887
167 227
167 258
167 275
167 335
167 617
168 243
168 320
168 545
168 572
169 171
169 218
169 539
169 622
169 638
170 195
170 380
170 849
171 499
171 992
172 564
172 708
172 814
172 823
173 300
173 444
173 909
173 930
173 938
174 305
174 356
174 655
175 238
175 632
175 796
175 843
175 919
175 976
176 233
176 271
176 469
176 513
176 711
176 775
176 776
177 477
177 640
177 645
177 956
178 188
178 222
178 511
178 660
178 679
178 698
179 377
179 541
179 598
179 803
179 818
179 834
179 851
179 946
180 238
180 350
180 398
180 481
180 772
180 782
180 872
181 219
181 861
181 930
182 343
182 419
182 439
183 246
183 474
183 575
183 664
183 742
183 781
183 950
183 953
184 270
184 313
184 852
184 954
185 437
185 546
185 868
185 967
186 369
186 390
186 575
187 252
187 501
187 551
187 559
187 561
188 550
188 766
188 891
189 359
189 669
190 226
190 529
190 582
190 721
190 917
191 211
191 298
191 300
191 373
191 633
191 673
191 760
191 822
192 710
193 195
193 643
193 832
193 840
193 924
194 303
194 347
194 659
194 744
194 778
194 808
195 234
195 253
195 289
195 491
195 708
195 803
196 251
196 328
196 467
196 679
197 217
197 359
197 413
197 488
197 527
197 648
197 771
197 893
197 895
197 906
198 302
198 408
198 478
198 867
199 282
199 376
199 543
199 697
199 705
199 718
199 791
199 887
199 933
200 242
200 337
200 708
201 211
201 239
201 347
201 437
201 644
202 353
202 418
202 618
202 621
202 931
203 537
203 578
203 793
204 343
204 369
204 442
204 501
204 697
204 853
204 947
205 210
205 827
205 961
205 998
206 351
206 367
206 594
206 803
207 411
207 562
208 514
208 665
208 666
208 855
209 249
209 693
209 770
209 826
209 833
210 689
210 853
210 857
210 938
211 435
211 474
211 663
211 861
211 871
211 916
211 985
212 267
212 413
212 501
212 592
212 877
212 957
212 976
213 365
213 456
213 912
214 289
214 333
214 350
214 452
214 456
214 952
215 228
215 483
215 605
215 803
215 814
215 824
216 239
216 301
216 394
216 568
216 748
217 571
217 678
217 697
217 912
217 927
217 966
218 290
218 578
218 851
219 253
219 377
219 510
219 980
219 988
220 524
220 789
221 353
221 382
221 425
221 442
221 725
222 328
222 594
222 678
223 253
223 255
223 340
223 452
223 541
223 591
223 973
223 981
224 536
224 817
225 334
225 353
225 586
225 621
225 676
225 880
225 939
226 364
226 748
226 796
227 300
227 304
227 447
227 528
227 645
227 668
228 302
228 340
228 437
228 454
228 467
228 799
228 832
228 861
228 897
228 908
229 265
229 641
229 736
229 785
229 890
230 791
230 847
231 591
232 509
232 510
232 830
232 908
233 408
234 290
234 411
234 623
234 822
235 434
235 476
235 516
235 866
235 911
236 248
236 383
236 678
236 877
236 978
236 999
237 730
238 251
238 351
238 711
238 882
238 920
239 349
239 960
240 241
240 267
240 509
240 617
240 718
241 319
241 767
241 945
242 281
242 496
242 590
242 630
242 740
242 801
242 892
242 895
242 899
243 545
243 615
243 781
243 829
243 884
243 959
244 283
244 613
244 989
245 387
245 578
245 616
245 840
245 924
245 933
246 268
246 875
247 482
247 555
247 726
248 296
248 357
248 507
248 705
248 900
249 348
249 488
249 630
249 638
249 738
250 260
250 981
251 796
252 307
252 630
253 273
253 773
254 590
254 778
254 973
255 264
255 318
255 464
255 616
255 635
255 821
255 839
256 573
256 746
256 757
256 848
256 982
257 625
257 628
257 650
257 712
257 802
257 930
258 484
258 894
258 939
258 950
259 355
259 359
259 430
259 452
259 606
259 793
259 938
260 362
260 376
260 386
260 423
260 619
260 673
260 834
261 321
261 560
261 591
261 658
261 715
261 750
261 846
262 389
262 437
262 569
262 630
262 750
263 339
263 350
263 548
263 567
263 579
264 331
264 666
264 693
264 777
265 331
265 430
265 620
265 750
265 980
266 732
266 948
266 977
267 517
267 548
267 556
267 584
267 748
267 763
267 832
267 994
268 372
268 402
268 491
268 670
268 857
268 988
269 312
269 364
269 640
270 317
270 425
270 483
270 604
270 706
270 722
271 379
271 389
271 479
271 730
271 771
272 377
273 309
273 330
273 768
273 778
273 802
273 854
273 917
274 706
274 912
275 437
275 621
275 668
275 954
276 473
276 692
276 757
277 469
277 591
277 709
277 874
278 691
279 474
280 489
280 607
280 682
281 624
281 746
282 709
282 985
283 362
283 901
284 375
284 408
284 475
284 932
285 550
285 567
285 625
286 452
286 744
286 881
287 401
287 498
287 536
287 546
287 892
288 330
289 360
289 493
289 494
289 620
289 737
290 429
290 610
290 619
290 719
291 453
291 736
291 904
292 469
292 568
292 600
292 647
293 451
293 459
293 578
293 728
293 731
293 778
294 383
294 393
294 397
294 442
294 446
294 867
294 978
295 505
295 554
295 903
296 442
296 530
296 604
296 608
296 692
296 718
297 477
297 530
297 624
297 823
297 988
298 329
298 730
299 772
299 798
300 356
300 409
300 490
300 545
300 914
300 965
301 407
301 583
301 675
301 783
301 819
302 356
302 763
303 633
304 456
304 478
304 587
304 609
304 915
304 932
305 416
305 445
305 571
305 771
306 374
306 557
306 696
306 709
306 954
307 841
307 948
308 314
308 594
309 422
309 576
309 839
309 955
310 708
310 890
311 312
311 379
311 623
311 698
311 795
312 497
312 621
312 718
313 325
313 497
313 518
314 804
314 992
315 577
315 620
315 687
315 722
316 403
316 469
316 922
317 367
317 388
317 390
317 893
318 420
318 456
318 663
318 935
318 949
319 341
319 657
319 659
319 826
320 564
320 690
320 909
320 984
321 578
321 721
321 745
321 857
321 928
322 410
322 730
322 788
322 981
323 423
323 596
323 650
323 774
323 777
324 687
324 949
325 413
325 427
325 585
325 920
326 667
327 504
327 539
327 845
327 951
328 563
329 396
329 495
329 787
330 335
330 336
330 373
330 614
330 866
330 948
331 499
331 985
332 622
332 778
332 909
333 871
333 877
333 923
334 401
334 565
334 917
335 432
335 901
336 592
336 705
337 691
337 839
337 910
337 962
338 399
338 467
338 699
338 874
339 597
339 774
340 846
340 932
341 717
341 766
341 771
341 954
341 979
342 360
342 483
342 657
342 700
343 579
343 660
343 690
343 819
344 422
344 589
344 745
345 412
345 441
345 603
345 759
345 827
346 353
346 382
346 479
346 711
346 714
346 746
346 791
347 435
347 449
347 519
347 794
347 837
347 903
348 364
348 457
348 475
348 527
348 608
348 727
348 934
349 712
349 824
349 956
349 961
350 511
350 530
350 804
350 860
351 464
351 473
351 724
351 816
352 377
352 875
352 955
353 598
353 763
354 926
355 363
355 649
355 664
355 843
356 417
356 867
356 875
356 942
356 952
357 379
357 453
357 530
357 639
357 902
357 978
358 489
358 590
358 664
358 841
358 965
359 544
359 865
359 941
360 411
360 466
360 497
360 599
361 392
361 492
361 615
361 987
362 599
362 817
362 930
363 650
364 385
364 425
364 488
364 554
364 838
365 670
365 701
365 761
365 876
365 955
366 589
366 685
366 917
366 932
368 369
368 715
368 787
368 933
368 983
369 562
369 725
369 883
369 887
370 585
370 648
370 882
370 967
371 732
372 381
372 384
372 446
372 616
372 652
372 907
372 922
372 956
373 428
373 547
373 553
373 803
373 837
374 609
375 572
375 592
375 660
375 678
375 813
375 966
376 433
376 527
376 569
377 635
377 826
377 839
378 398
378 553
378 780
378 829
378 878
379 494
379 580
380 482
380 549
380 806
380 815
380 930
380 966
381 383
381 411
382 629
382 677
382 858
382 928
382 977
383 582
383 592
383 642
384 588
384 716
384 824
385 696
385 786
385 853
385 887
386 558
386 903
387 542
387 569
387 584
387 598
387 754
387 809
388 962
389 548
389 666
389 914
389 925
389 939
389 941
390 454
390 537
390 666
390 955
391 397
391 575
391 684
391 772
391 858
391 888
391 943
392 550
392 753
392 942
393 537
393 631
393 640
393 746
393 879
394 530
394 566
394 716
394 832
394 935
394 953
395 480
395 639
395 850
395 965
396 844
397 458
397 551
397 583
397 609
397 637
397 718
398 476
398 646
398 729
399 479
399 618
399 659
399 839
400 451
400 470
400 484
400 656
402 429
403 469
404 592
404 622
404 950
405 539
405 564
405 651
405 675
405 677
405 903
405 929
406 446
406 936
406 966
407 693
407 900
408 506
408 528
408 648
408 807
409 928
410 530
410 623
410 640
410 729
410 793
410 862
410 927
411 493
411 500
411 919
411 940
411 961
412 729
413 527
413 587
413 596
413 899
413 910
413 968
413 990
414 415
414 746
414 776
414 812
414 979
414 995
415 513
415 591
415 645
415 820
415 886
415 915
415 935
415 975
416 758
416 767
417 526
417 800
417 876
417 943
417 964
418 557
418 886
418 953
418 997
419 940
420 427
420 478
420 836
420 981
421 535
421 545
421 580
421 713
421 741
421 773
421 832
422 488
422 561
423 516
423 912
423 915
424 823
424 845
425 519
425 630
426 466
426 520
426 771
426 881
426 956
427 428
427 455
427 533
427 578
427 582
427 610
427 725
427 754
427 974
428 504
428 556
428 771
428 798
428 860
428 915
428 919
429 558
429 706
429 731
429 763
430 757
430 786
430 894
430 922
431 639
431 719
431 739
432 721
433 628
433 869
433 880
433 895
433 974
434 596
434 796
434 902
435 583
435 664
435 677
435 945
436 501
436 660
436 780
436 871
437 553
437 614
437 623
437 663
437 741
437 896
437 964
437 977
438 522
438 546
439 534
439 639
439 767
440 656
440 670
440 756
440 785
441 469
441 600
441 994
442 628
442 685
443 471
443 620
443 652
443 818
443 883
444 539
444 554
444 722
445 516
445 933
445 957
446 471
446 901
447 689
447 975
449 501
449 698
449 840
450 587
450 618
450 753
450 793
451 453
452 772
452 911
452 932
452 964
453 539
454 491
454 493
454 553
454 598
454 746
454 883
455 766
455 862
455 944
456 480
456 530
456 662
456 774
457 493
457 651
457 689
457 838
457 851
458 925
459 488
459 490
459 513
459 578
459 764
460 618
460 653
460 680
460 828
460 833
461 521
461 764
461 900
462 463
462 476
463 720
463 944
464 478
464 659
464 785
464 980
465 505
465 513
465 630
465 699
465 706
466 772
466 785
467 680
467 750
467 862
468 647
468 705
468 923
469 490
469 632
470 880
471 688
471 776
472 871
473 564
473 597
473 631
473 691
473 797
473 862
474 526
474 599
474 751
474 852
474 987
475 580
476 774
477 506
478 499
478 547
478 580
478 617
479 550
479 591
479 724
479 738
479 752
479 761
480 670
480 873
481 570
481 601
481 743
481 929
482 914
483 496
483 593
483 696
485 589
485 731
486 658
486 970
487 656
488 501
488 644
489 562
490 599
490 655
491 813
491 838
491 868
492 593
492 750
492 859
493 604
493 630
493 640
493 736
493 797
493 969
495 529
495 638
495 727
496 656
496 878
496 987
497 618
497 733
497 858
497 859
497 869
498 755
498 775
498 924
498 981
499 807
499 932
500 784
500 800
502 901
503 538
503 572
503 577
503 717
503 807
505 740
505 786
505 836
505 854
506 695
506 726
506 792
506 856
506 956
506 982
507 798
508 757
508 864
509 813
509 990
511 582
511 599
512 580
515 663
515 693
516 670
516 819
516 884
516 937
519 560
519 570
519 674
519 888
519 987
521 913
521 998
522 650
523 653
523 890
524 580
524 739
525 574
525 584
525 654
525 794
526 643
526 797
527 638
527 888
527 890
527 906
527 940
527 955
528 552
528 691
528 715
528 905
529 548
529 814
532 558
532 564
532 591
532 651
532 756
532 978
532 982
533 940
534 614
534 988
535 786
536 583
536 743
536 891
537 915
537 931
538 619
539 628
539 639
539 823
539 825
540 544
540 848
541 668
541 937
542 561
542 568
542 620
542 679
542 730
542 862
542 968
543 577
543 774
543 894
543 918
543 985
544 647
544 705
544 710
544 716
544 959
546 591
546 668
546 787
546 953
546 979
547 667
547 674
547 753
547 858
547 941
548 550
548 774
548 833
548 871
548 979
549 973
549 984
550 566
550 588
550 669
550 713
550 847
552 610
552 837
553 568
553 584
554 682
554 846
554 970
555 623
555 641
556 981
557 624
557 638
557 905
557 991
558 621
558 792
558 866
559 594
559 640
559 675
559 789
561 748
561 890
561 995
562 601
562 953
563 665
564 586
564 702
564 878
564 943
565 670
565 860
566 737
566 854
566 879
566 929
567 794
568 680
568 834
568 872
568 886
568 984
569 719
570 907
570 922
570 941
571 576
571 967
572 647
572 676
572 806
572 819
572 848
572 914
575 891
575 971
576 649
577 623
577 678
577 727
577 890
579 725
580 671
580 919
581 772
581 807
581 959
581 987
582 591
582 627
582 671
582 679
583 882
584 627
584 729
584 742
585 612
585 644
585 685
585 883
585 967
586 595
588 637
588 650
588 909
589 640
589 644
591 614
591 732
591 787
591 957
592 689
592 914
592 991
593 644
595 596
595 804
595 837
596 675
596 766
598 639
598 644
598 862
598 905
598 981
599 926
600 604
600 611
600 654
600 688
601 623
601 933
602 749
602 896
602 913
603 794
603 956
603 995
604 888
605 620
605 749
606 697
606 845
606 966
607 814
608 723
608 733
608 827
608 920
609 616
609 617
609 776
610 830
610 884
610 888
610 934
611 918
612 796
614 641
614 892
615 701
615 849
616 758
618 772
619 631
619 808
619 820
620 656
620 698
620 734
620 886
620 936
620 963
621 692
621 710
621 925
622 854
622 961
623 747
623 976
624 723
624 812
624 816
625 663
625 871
625 914
625 993
626 873
626 893
627 919
628 773
628 903
628 957
629 742
629 841
629 923
630 653
630 916
630 981
631 994
632 825
632 908
632 925
632 937
633 663
633 664
634 640
634 788
635 793
635 940
636 932
637 650
638 676
638 961
639 662
639 728
639 750
640 678
640 941
642 840
643 644
643 800
644 649
644 766
644 872
644 946
644 954
646 957
647 787
648 749
648 756
648 862
649 668
649 780
649 952
649 989
650 939
651 912
653 675
653 910
654 855
654 994
655 796
655 839
656 855
656 876
657 689
657 718
657 977
658 826
658 907
659 845
660 788
660 797
661 676
661 700
663 844
663 856
663 961
665 694
665 781
665 855
666 851
666 867
667 804
667 843
667 911
667 931
668 892
669 784
669 915
670 831
672 707
673 715
673 749
673 773
673 945
673 957
674 702
674 724
674 916
675 867
675 921
677 680
678 784
678 849
679 812
681 804
681 999
682 760
682 839
683 837
683 982
684 881
684 998
685 774
685 778
685 811
685 890
685 930
685 980
686 804
686 819
686 985
687 710
687 718
688 919
689 961
690 951
691 761
691 941
692 758
692 992
693 887
693 890
693 992
694 702
694 797
694 888
694 945
695 714
695 817
695 922
695 927
696 724
696 732
697 704
697 782
700 716
700 792
701 853
701 857
701 985
702 705
702 846
703 772
703 794
703 833
703 966
704 789
704 847
705 834
705 905
705 921
705 985
706 902
709 794
709 824
709 910
709 932
710 737
710 908
710 966
711 786
713 847
714 769
715 798
716 721
716 920
716 983
717 872
717 960
718 790
718 837
718 877
719 898
720 752
720 986
721 815
721 839
722 745
722 826
722 927
724 834
724 877
725 767
725 819
725 886
726 962
727 850
727 878
729 801
729 902
731 762
731 967
733 763
734 909
735 805
735 835
735 888
735 981
736 933
736 981
737 782
738 791
738 981
739 894
739 955
739 956
740 800
741 850
743 857
743 984
744 775
744 790
745 942
746 762
747 792
748 933
749 959
750 918
751 830
752 869
753 772
754 788
755 959
756 938
757 767
758 873
759 863
759 887
761 995
762 811
762 821
763 806
763 850
763 857
763 900
765 801
765 946
766 846
766 869
766 918
767 776
767 885
768 820
768 936
768 961
768 966
769 921
769 970
771 819
771 824
774 780
774 797
775 955
776 790
776 816
777 871
779 805
779 830
781 953
781 980
782 815
782 860
782 891
784 820
785 804
786 881
786 890
787 895
789 814
789 975
791 990
791 995
792 848
793 888
794 872
794 925
795 800
795 841
795 890
798 862
798 949
799 814
799 905
802 818
803 995
805 967
805 970
807 969
808 941
808 993
809 866
811 885
812 862
813 839
813 889
813 990
815 982
822 943
826 859
826 975
827 886
827 971
828 941
831 841
831 952
831 976
833 873
833 930
834 996
837 851
837 860
837 972
837 990
838 909
839 893
839 902
841 896
842 925
843 849
843 996
845 917
845 934
846 991
847 900
848 858
848 978
849 929
850 990
851 903
851 925
852 857
852 919
852 986
854 961
855 865
855 957
857 888
858 932
863 927
864 933
866 879
866 953
867 916
867 944
867 985
868 957
869 871
870 886
870 967
871 873
873 975
874 989
874 995
876 892
876 966
878 957
882 989
883 901
883 925
884 964
886 900
886 926
886 937
887 892
888 898
888 942
889 950
890 923
890 991
895 955
895 983
897 972
898 911
899 930
900 954
901 964
902 922
902 930
905 984
906 994
907 975
908 946
910 953
913 995
914 960
916 931
916 967
917 947
918 932
918 975
921 941
922 965
922 983
924 999
927 943
928 935
928 942
935 998
936 989
939 980
939 989
940 987
947 998
950 986
953 964
956 968
958 990
961 970
966 993
968 993
979 985
