0 121
0 316
0 330
1 30
1 56
1 62
1 144
1 250
1 320
1 456
1 461
1 502
1 949
2 189
2 399
2 674
2 691
2 709
2 916
2 981
3 4
3 527
3 750
3 834
3 945
4 57
4 124
4 284
4 486
4 961
5 285
5 322
5 416
5 612
5 648
5 694
5 717
5 809
5 814
6 39
6 104
6 643
6 876
6 925
7 179
7 345
7 653
7 699
7 774
7 930
8 178
8 259
8 437
8 507
8 532
8 977
9 31
9 384
9 467
9 809
9 905
9 924
10 255
10 352
10 709
10 787
10 859
11 325
11 626
11 678
11 856
12 360
12 643
12 669
12 731
12 753
12 836
12 908
12 972
13 68
13 357
13 385
13 698
13 713
13 723
13 830
14 358
14 388
14 422
14 661
14 807
14 849
14 859
15 76
15 148
15 378
15 940
16 294
16 542
16 562
16 860
16 906
17 555
17 687
17 694
18 423
18 759
18 783
19 28
19 105
19 342
19 646
19 665
19 765
19 797
20 77
20 158
20 306
20 449
20 524
20 565
20 761
21 172
21 279
21 479
21 717
21 831
22 482
22 557
22 703
23 126
23 130
23 181
23 718
23 828
24 68
24 207
24 461
24 540
24 726
24 777
24 788
25 155
25 243
25 396
25 538
25 968
25 985
26 59
26 508
26 539
26 785
27 629
27 824
29 34
29 92
29 157
29 211
29 212
29 273
29 483
29 502
29 637
29 717
29 781
29 849
30 70
30 298
30 512
30 558
30 808
30 874
30 943
31 211
31 273
31 550
31 683
31 760
32 338
32 428
32 443
32 915
33 418
33 495
33 657
33 772
33 968
34 614
34 878
35 112
35 161
35 280
35 300
35 660
35 683
36 251
36 296
36 307
36 858
37 270
37 285
37 398
37 501
37 550
37 678
37 775
37 824
37 858
37 886
37 915
38 178
38 227
38 512
38 658
38 781
38 939
39 195
39 229
39 251
39 256
39 531
39 663
39 697
39 842
39 889
40 223
40 390
41 204
41 263
41 365
41 373
41 632
41 810
41 853
41 965
42 222
42 532
43 234
43 351
43 398
43 617
43 701
43 759
43 893
44 641
44 828
45 170
45 633
45 781
45 837
46 78
46 88
46 193
46 437
46 541
46 768
46 782
46 906
46 944
47 111
47 147
47 278
47 768
47 839
47 918
48 137
48 350
48 755
48 902
49 622
49 664
49 933
50 58
50 140
50 305
50 445
50 748
51 289
51 321
51 649
51 659
51 662
51 671
51 783
52 121
52 151
52 305
52 411
52 439
52 666
52 675
52 707
52 824
52 929
52 952
52 966
52 984
53 305
53 503
53 512
53 719
53 748
54 137
54 152
54 209
54 505
54 957
54 970
54 976
55 131
55 208
55 231
55 331
55 533
55 677
55 707
55 767
56 311
56 344
56 366
56 469
56 488
56 718
56 984
57 133
57 171
57 243
57 274
57 282
57 311
57 368
57 678
57 799
58 60
58 568
58 580
58 645
58 832
59 289
59 321
59 617
59 619
59 990
60 131
60 361
60 376
60 384
60 555
61 411
61 585
61 760
61 794
62 469
62 550
62 581
62 643
62 647
62 787
62 971
63 220
63 365
63 443
63 593
63 895
63 912
63 960
64 72
64 96
64 199
64 320
64 358
64 402
64 905
64 990
65 345
65 638
65 639
65 792
66 492
66 618
66 764
66 941
66 958
67 268
67 457
67 522
67 727
67 767
68 282
68 522
68 629
68 748
69 76
69 153
69 206
69 479
69 769
69 927
70 437
70 536
71 385
72 120
72 421
72 922
72 930
73 282
73 571
73 752
73 774
73 824
73 879
73 892
73 936
74 181
74 204
74 270
74 636
74 666
74 989
75 149
75 358
76 125
76 264
76 436
76 482
76 758
76 836
77 170
77 463
77 563
77 652
77 796
77 804
77 995
77 999
78 193
78 233
78 631
79 259
79 350
79 396
79 514
79 567
79 670
79 831
79 835
80 351
80 435
80 604
80 644
81 240
81 559
82 118
82 316
82 481
82 746
83 442
83 465
83 488
83 498
83 509
83 623
83 871
83 960
84 112
84 357
84 474
84 601
84 676
84 826
84 868
85 275
85 414
85 415
85 656
85 823
86 182
86 225
86 236
86 272
86 826
87 121
87 452
87 560
87 646
87 740
87 803
87 861
88 733
88 787
88 844
89 300
89 386
89 648
89 701
89 710
89 793
89 804
89 906
90 433
90 590
90 757
90 791
90 834
91 101
91 287
91 472
91 826
91 979
92 128
92 268
92 509
92 892
93 843
94 201
94 391
94 674
94 716
94 995
95 269
95 685
95 864
96 254
96 523
96 591
96 833
96 868
96 926
97 137
97 201
97 369
97 474
98 340
98 352
98 566
98 940
98 973
99 299
99 896
99 930
99 976
100 327
100 402
100 458
100 551
100 950
101 620
102 426
102 528
102 634
103 109
103 258
103 260
103 261
103 502
103 684
103 786
103 846
104 591
104 616
104 625
104 685
104 873
104 933
105 239
105 253
105 297
105 385
105 506
105 558
105 689
105 912
106 336
106 342
106 418
106 467
106 832
107 589
107 875
108 573
108 710
109 113
109 176
109 352
109 383
109 476
109 479
109 704
109 723
109 805
109 870
110 160
110 633
110 812
111 222
111 259
111 711
111 995
112 144
112 209
112 376
112 588
112 799
112 938
112 953
113 117
113 271
113 348
113 366
113 432
113 532
113 595
113 606
113 931
114 420
114 466
114 583
114 604
114 637
114 643
114 732
114 914
115 174
115 219
115 232
115 304
115 444
115 604
115 686
115 708
115 714
115 772
115 907
115 940
115 958
116 528
116 588
117 443
117 499
117 685
117 751
117 900
118 397
118 485
118 578
118 591
118 771
118 919
118 930
118 946
119 295
119 316
119 576
119 702
119 724
119 784
119 810
119 828
119 836
119 887
119 922
119 975
120 326
120 405
121 158
121 189
121 485
121 592
121 640
121 750
121 796
121 848
122 166
122 208
122 425
122 575
123 149
123 250
123 534
123 802
124 544
125 476
125 518
125 519
125 673
125 744
125 992
126 186
126 264
126 304
126 438
126 511
126 591
126 831
126 879
127 226
127 278
127 305
127 509
127 865
127 871
127 906
127 999
128 274
128 375
128 580
128 919
129 294
129 326
129 364
129 574
129 667
130 138
130 461
130 817
130 839
131 220
131 367
131 650
131 770
131 860
131 868
132 142
132 268
132 693
133 152
133 328
133 731
133 819
134 620
134 644
134 832
135 297
135 732
135 796
135 919
136 356
136 393
136 404
136 415
136 546
136 550
136 829
136 879
136 974
136 980
136 994
136 999
137 186
138 183
138 366
138 589
138 681
138 793
139 316
139 777
139 901
140 231
140 554
140 730
140 732
140 866
140 961
140 976
141 191
141 336
141 337
141 819
142 307
142 409
142 865
143 211
143 367
143 378
143 436
143 493
143 531
143 536
143 663
144 397
144 447
144 588
144 846
144 885
144 972
145 312
145 845
145 988
146 404
146 568
146 604
146 624
146 633
146 691
146 918
147 219
147 224
147 361
147 451
147 455
147 626
147 719
147 939
147 967
148 335
148 405
148 443
148 532
149 270
149 281
149 382
149 631
149 854
150 318
150 443
150 799
150 991
151 370
151 637
151 728
152 176
152 234
152 346
152 408
152 519
152 636
152 838
152 853
152 925
152 946
153 758
154 158
154 394
154 718
154 732
154 848
154 943
154 997
155 250
155 371
155 643
156 195
156 235
156 461
156 477
156 562
156 839
157 295
157 361
157 518
157 740
157 960
157 976
158 295
158 875
158 886
158 986
158 996
159 265
159 698
159 735
159 916
160 218
160 351
160 454
160 765
161 187
161 188
161 261
161 391
161 396
161 584
161 663
161 836
162 212
162 240
162 283
162 330
163 233
163 262
163 583
163 827
163 927
164 365
164 421
164 622
164 665
164 952
165 435
165 577
165 594
165 979
166 193
166 342
166 750
166 888
166 941
167 198
167 279
167 316
167 587
167 603
167 688
168 305
168 416
168 725
169 408
169 496
169 512
169 598
169 730
170 695
170 734
170 850
170 991
171 874
171 941
171 954
172 680
173 462
174 341
174 414
174 478
174 595
174 701
174 733
175 420
175 676
175 716
175 736
176 269
176 429
176 618
176 970
177 415
177 676
177 821
177 839
177 936
178 181
178 371
178 411
178 658
178 770
178 831
178 957
178 980
179 214
179 255
179 578
180 297
180 349
180 475
180 497
180 555
181 468
181 508
182 652
182 765
182 894
183 250
183 475
183 666
183 737
183 785
184 409
184 756
184 803
185 193
185 317
185 346
185 864
186 316
186 564
186 770
186 781
187 260
187 386
187 450
187 738
187 779
187 956
188 239
188 298
188 351
188 480
188 502
188 511
188 528
188 734
188 917
189 295
189 383
189 816
189 850
190 230
190 287
191 237
191 259
191 467
191 653
191 688
191 923
192 238
192 315
192 354
192 704
192 816
192 955
193 270
193 368
193 502
193 540
193 625
193 641
193 815
193 973
194 324
194 629
194 760
194 942
194 990
195 391
195 469
195 746
195 790
195 892
196 381
196 790
197 285
197 475
197 769
197 780
197 790
197 841
197 914
197 951
198 437
198 470
198 544
198 595
198 644
198 787
198 937
199 443
199 642
199 766
200 309
200 942
201 305
201 883
201 899
202 352
202 354
202 473
202 500
202 510
202 576
202 617
202 689
202 694
202 809
202 913
202 918
202 963
203 212
203 332
203 443
203 481
203 699
204 540
204 576
204 836
204 839
204 939
205 501
205 613
205 815
205 867
205 962
205 965
205 983
206 706
206 720
207 245
207 564
207 674
207 822
208 586
208 633
208 918
208 942
209 345
209 786
210 302
210 738
210 785
210 815
210 870
211 220
211 266
211 466
211 505
211 711
212 298
212 317
212 428
212 745
213 291
213 326
213 363
213 506
214 219
214 313
214 560
214 691
215 704
215 730
215 877
215 985
216 414
217 303
217 313
217 830
217 982
218 387
218 435
218 813
219 334
219 464
219 512
219 778
219 895
220 974
221 556
222 407
222 432
222 480
222 669
223 284
223 607
223 616
223 719
224 264
224 286
224 427
224 716
225 704
225 932
225 968
226 266
226 477
227 278
227 317
227 320
227 698
227 803
227 827
228 946
229 274
229 345
229 599
229 711
230 791
231 412
231 578
231 724
231 963
232 294
232 533
232 745
232 779
232 857
233 304
233 531
233 534
233 888
234 477
234 659
234 696
234 732
234 850
234 892
234 962
235 639
235 742
235 925
235 933
235 940
235 985
236 399
236 451
236 626
236 647
236 651
236 869
237 431
237 638
237 747
237 775
237 885
238 506
238 511
238 538
238 544
238 729
238 908
238 926
238 996
239 262
239 439
239 705
239 822
240 297
240 324
240 364
240 629
240 674
240 748
240 851
240 924
241 361
242 523
242 534
242 612
242 776
242 847
242 911
243 459
243 534
243 570
243 607
243 744
243 964
244 285
244 398
244 583
244 676
244 838
245 393
245 472
245 556
245 906
245 922
246 372
246 547
246 604
246 777
246 896
247 416
247 611
247 925
248 284
248 332
248 336
248 525
248 803
248 894
249 253
249 290
249 371
249 531
249 551
249 969
249 996
250 403
250 480
250 542
250 658
250 937
251 338
251 387
251 420
251 771
251 866
252 334
252 387
252 389
252 398
252 582
252 684
252 691
252 880
253 260
253 341
253 611
253 654
253 741
253 796
253 815
253 962
254 304
254 375
254 401
254 430
254 583
254 933
254 939
254 951
255 638
255 804
255 822
256 592
257 328
257 511
257 967
258 325
258 404
258 450
258 612
258 656
259 420
259 582
259 879
260 537
260 684
260 760
261 354
261 356
261 362
261 850
261 955
262 309
262 527
262 909
263 271
263 506
263 867
263 873
263 888
263 988
264 798
264 862
265 278
265 520
265 559
265 807
265 847
266 275
266 717
266 900
266 958
267 302
267 826
267 854
268 888
269 300
269 444
269 500
269 554
269 988
270 473
270 679
270 922
271 433
271 612
271 840
272 447
272 942
272 952
273 313
273 480
273 549
273 902
273 970
274 418
274 542
274 760
274 789
274 915
274 945
275 522
275 749
275 757
275 898
276 410
276 872
276 876
276 939
277 334
277 471
277 923
278 319
278 536
279 383
279 596
279 850
280 359
280 364
280 522
280 781
280 922
281 296
281 367
281 432
281 450
281 880
281 925
282 434
282 452
282 708
282 744
283 301
283 396
283 442
283 477
283 525
283 577
283 630
283 640
283 696
283 725
283 836
283 935
284 385
284 599
284 722
284 899
284 988
285 659
285 780
285 887
286 887
286 948
287 946
287 981
288 400
288 563
288 632
288 644
288 891
289 318
289 469
289 584
289 898
290 917
291 324
291 483
291 606
291 613
291 804
291 819
291 955
292 401
292 416
292 449
292 452
292 609
292 866
292 871
294 796
294 800
294 857
295 341
295 515
295 932
296 416
296 531
296 538
296 701
296 772
296 811
296 835
296 967
297 597
297 717
297 767
298 431
298 646
299 657
299 861
299 869
299 880
300 376
300 468
300 731
300 840
301 773
301 946
301 953
301 987
302 651
303 513
303 607
303 704
304 326
304 353
304 575
304 624
304 868
304 950
305 443
305 649
305 809
305 887
306 307
306 310
306 351
306 481
306 483
306 487
306 498
306 719
307 575
307 652
307 701
307 963
308 342
308 585
308 886
309 482
309 506
309 529
309 755
309 834
309 847
309 853
310 558
310 637
310 730
311 317
311 544
311 700
312 421
312 452
312 509
312 512
312 895
313 485
313 570
313 709
313 878
314 404
314 464
314 580
314 597
314 624
314 626
314 720
314 740
314 874
314 921
315 343
315 507
315 589
315 649
315 725
316 573
316 601
316 968
317 708
317 967
317 972
318 534
318 579
318 599
318 616
319 524
319 994
320 512
320 964
321 606
321 650
321 913
321 970
322 773
322 829
322 866
323 329
323 724
323 761
324 805
324 871
324 905
325 361
325 576
325 718
325 828
326 491
326 834
327 435
327 619
327 772
327 782
327 837
327 921
328 353
328 447
328 642
328 666
328 727
328 896
329 337
329 631
329 655
330 403
330 549
330 557
330 770
331 343
331 721
331 964
332 581
332 590
332 605
332 672
332 869
333 365
333 371
333 432
333 706
333 831
334 614
334 702
334 704
334 893
335 458
335 525
335 743
335 780
335 817
336 527
336 545
336 658
336 764
336 861
336 919
336 957
337 424
337 515
337 955
339 483
340 429
340 445
340 734
340 790
341 592
341 628
341 778
342 390
342 468
342 598
343 344
343 546
343 750
343 757
344 676
344 967
344 969
345 390
345 568
345 588
345 620
345 699
346 610
346 813
347 356
347 713
348 687
348 982
349 403
349 784
349 829
349 919
349 937
350 470
350 526
350 585
350 586
350 866
351 563
351 731
351 762
351 959
352 523
352 660
352 911
352 952
353 439
353 440
353 621
353 702
353 727
353 998
354 418
354 546
354 649
354 725
354 834
355 368
355 496
355 838
355 915
356 391
356 595
356 819
356 899
356 958
357 952
358 402
358 482
358 611
358 622
358 737
359 523
359 798
359 949
359 981
360 781
360 892
361 646
361 647
361 675
361 713
361 802
361 869
361 886
362 423
362 638
362 652
363 391
363 491
363 672
363 680
363 990
364 441
364 612
364 733
365 824
366 367
366 393
366 410
366 685
366 894
367 502
367 584
367 782
367 882
367 900
367 926
368 549
368 655
368 664
368 710
369 542
369 629
369 683
369 696
369 883
370 385
370 390
370 425
370 434
370 555
370 647
370 688
370 779
370 816
371 376
371 541
371 705
371 986
372 390
372 501
372 549
372 792
372 827
373 386
373 435
373 493
373 648
373 817
374 407
374 433
374 529
374 903
374 955
375 552
375 944
375 976
376 583
376 624
376 817
377 391
377 512
379 480
380 425
380 759
380 800
380 849
381 922
381 999
382 502
382 626
382 876
383 441
383 463
383 471
383 485
383 503
383 512
383 561
383 870
383 898
383 949
383 983
384 537
384 720
384 757
385 640
385 741
386 458
386 584
386 731
387 414
387 978
388 643
388 659
389 408
389 678
389 686
389 708
389 758
389 788
389 956
389 979
390 422
390 496
390 643
390 825
390 828
391 444
391 522
391 545
392 401
392 784
392 887
392 962
392 978
393 512
394 583
394 614
394 666
394 882
395 737
395 918
396 487
396 636
396 968
397 616
397 663
397 988
398 464
398 659
398 702
399 574
399 590
400 451
400 645
400 864
400 938
401 554
401 709
401 858
402 789
402 822
402 868
402 989
403 858
404 678
404 850
404 870
405 743
405 825
406 481
406 601
406 630
406 716
406 770
407 552
407 721
407 932
408 438
408 570
409 508
410 461
410 736
410 880
410 914
411 524
411 844
411 848
412 437
412 446
412 521
412 577
412 842
413 559
413 568
413 609
413 635
413 890
414 676
414 721
414 748
414 814
415 429
415 505
415 642
415 777
415 795
415 798
415 840
415 843
415 924
415 988
416 482
416 593
416 659
416 844
416 995
417 932
417 962
418 496
419 507
419 895
421 564
421 583
421 850
421 886
422 561
422 635
422 666
422 720
422 878
423 867
424 442
424 554
424 657
425 998
426 432
426 693
427 435
427 506
427 784
427 861
427 901
428 429
429 545
429 595
429 738
429 868
430 456
430 741
430 755
430 873
430 914
431 542
431 646
431 650
431 711
431 837
431 840
431 996
432 465
432 892
432 929
432 977
434 709
434 789
434 918
435 616
436 475
436 550
436 597
436 639
436 662
436 728
436 831
436 865
436 911
436 945
437 789
439 463
439 529
439 739
439 884
440 578
440 821
441 473
441 607
441 911
442 474
442 521
442 592
442 874
442 897
442 932
443 505
443 544
443 654
443 728
443 836
444 528
444 608
444 823
445 475
445 514
445 687
445 755
446 477
446 571
446 724
446 759
446 820
446 877
447 456
447 539
447 677
447 711
447 845
447 865
447 902
447 937
448 793
448 850
448 965
449 479
449 553
449 622
449 730
449 881
450 722
450 764
450 987
451 504
451 616
451 701
452 651
452 661
452 662
452 824
453 465
453 482
453 835
453 877
454 485
454 791
455 567
455 755
456 478
456 921
457 519
457 989
458 931
458 965
459 527
459 705
459 794
460 517
460 523
460 575
460 606
460 774
460 994
461 568
461 574
461 831
462 624
462 694
462 727
462 772
462 957
463 518
463 556
463 791
463 974
464 524
464 745
464 750
464 780
465 528
465 607
465 686
465 709
465 765
465 952
465 990
466 790
466 835
467 714
467 892
467 986
467 991
468 562
468 616
469 623
470 870
471 673
471 729
472 711
472 828
473 521
474 723
474 769
474 795
474 801
475 567
475 811
475 818
476 589
476 632
476 694
476 862
477 485
477 767
477 982
478 718
478 834
478 846
479 646
479 648
480 605
480 737
480 913
481 531
481 577
481 722
482 866
482 941
483 667
483 698
483 746
483 783
483 827
484 592
484 881
484 918
485 586
485 736
485 747
485 753
486 492
486 534
486 565
486 702
487 618
487 755
487 816
487 848
487 940
488 574
488 748
488 836
488 849
488 908
488 917
488 983
489 834
490 696
490 885
490 895
490 935
491 595
491 906
492 556
492 717
492 727
492 933
492 939
493 560
493 856
493 907
494 600
494 758
494 853
494 943
495 929
496 544
496 554
496 739
496 753
496 933
497 520
497 553
497 559
497 672
497 843
498 713
498 768
498 847
498 882
499 782
500 573
500 739
500 743
501 506
501 570
501 695
502 609
502 996
503 904
503 971
503 982
504 516
504 909
505 834
505 846
506 532
506 608
506 824
507 746
508 534
508 784
508 809
508 863
509 768
509 953
510 747
510 855
510 902
510 972
511 697
512 566
512 723
512 725
512 733
513 548
513 559
513 608
513 819
514 529
514 953
515 784
515 927
516 682
516 684
517 541
517 556
517 601
517 874
518 592
518 706
518 729
519 821
519 844
519 885
520 647
520 744
521 736
521 753
521 759
522 555
522 562
523 561
524 666
524 831
525 623
525 706
525 736
525 831
526 572
526 618
527 558
527 593
528 942
529 540
529 562
529 595
529 636
530 550
530 730
530 739
530 813
531 743
531 952
532 792
532 907
532 947
533 554
533 569
533 678
533 704
533 734
534 746
534 967
534 970
534 994
535 547
535 655
535 661
536 623
537 616
537 849
538 582
538 672
539 603
539 687
539 812
540 793
540 858
541 578
541 603
541 640
541 774
541 811
542 602
542 743
542 819
543 584
543 588
543 606
543 749
543 890
543 892
544 616
544 737
544 836
544 932
545 587
545 721
545 886
546 979
547 596
547 798
548 857
548 948
548 961
549 597
549 826
549 886
551 586
551 676
552 698
552 886
552 968
553 661
553 785
553 849
553 908
554 657
554 820
555 617
555 680
555 737
555 740
556 766
556 925
556 987
557 707
557 712
557 791
557 892
557 920
558 622
558 707
558 752
558 772
558 930
559 708
559 979
560 586
560 689
560 734
560 931
561 690
561 879
561 973
561 983
562 583
562 727
563 592
563 724
563 865
564 721
564 734
566 792
567 570
567 847
567 988
568 672
568 932
569 581
569 628
570 581
570 627
570 651
570 677
570 942
572 618
572 661
572 766
572 840
573 650
573 758
574 683
574 708
574 926
574 983
574 995
575 637
575 650
575 819
575 833
575 873
575 979
576 706
577 593
577 822
577 913
578 683
578 975
579 766
579 833
579 925
580 968
581 626
581 844
581 893
582 705
582 915
582 975
583 958
583 959
584 752
584 902
585 650
585 791
586 769
587 603
587 720
587 891
588 780
588 870
588 949
589 607
589 762
589 768
589 780
590 616
590 641
590 973
591 618
591 680
591 777
592 634
592 732
593 771
593 966
594 723
594 827
594 838
595 778
596 664
596 811
596 948
597 697
597 842
597 881
597 960
598 713
598 966
599 757
599 774
599 781
599 811
600 881
600 895
600 946
601 655
601 761
601 980
602 605
602 653
602 931
603 673
603 717
603 920
603 969
604 641
604 685
605 681
605 785
606 697
606 800
606 844
606 927
607 726
607 794
607 828
607 867
607 881
607 945
608 918
609 624
609 640
609 857
610 801
610 819
610 825
610 861
610 956
611 701
611 831
612 752
613 836
613 957
614 675
614 678
614 686
614 858
614 957
615 710
615 947
617 622
617 731
617 773
618 661
618 827
618 926
619 747
620 702
620 708
621 698
621 714
621 980
622 786
623 647
623 933
624 673
624 813
624 951
625 897
626 681
626 901
626 918
626 921
626 967
627 847
628 630
628 656
629 632
629 671
630 702
630 762
630 787
630 853
630 931
630 963
631 712
631 855
631 973
631 978
632 719
632 884
632 907
633 649
634 781
634 889
634 894
635 644
635 834
635 892
636 675
636 713
636 962
637 810
637 869
638 708
638 863
639 646
639 795
640 774
640 830
640 838
641 700
641 786
642 681
642 836
642 881
642 935
643 656
644 879
644 885
645 721
645 990
646 804
646 855
646 990
647 784
648 761
648 876
648 992
649 666
650 773
651 883
652 776
652 863
653 768
653 831
654 998
655 750
655 762
656 920
658 692
658 849
659 707
659 754
659 799
659 977
660 667
660 671
660 732
660 811
661 811
661 914
662 865
662 945
663 980
664 701
664 828
664 870
665 726
665 974
667 686
667 703
667 807
668 771
668 864
669 744
669 755
669 997
670 804
670 883
671 695
671 720
671 987
672 676
672 682
672 689
673 999
674 810
674 907
675 892
675 906
675 944
676 862
676 875
676 984
677 727
677 772
678 797
679 798
679 944
680 788
680 852
680 869
680 937
680 992
681 980
682 759
684 958
686 742
687 696
687 886
687 967
688 744
689 819
689 831
691 881
691 898
692 777
692 825
692 894
693 786
693 812
693 862
693 867
693 903
693 906
693 929
694 951
695 711
695 801
695 869
695 963
697 715
697 823
697 914
698 793
699 751
700 866
701 714
702 765
703 725
703 763
703 895
703 926
703 967
703 978
703 982
704 796
704 813
705 729
705 752
705 840
706 947
707 767
707 810
707 884
709 748
711 757
711 903
711 908
711 941
713 783
713 977
715 847
715 978
716 797
716 984
717 852
717 886
717 994
718 783
718 912
719 791
719 869
719 891
720 904
720 947
721 912
721 944
722 753
722 766
722 845
722 875
723 968
724 989
725 874
725 910
725 953
725 998
726 795
726 968
727 758
728 834
729 744
729 850
729 873
731 944
731 956
732 847
734 831
735 761
735 812
735 926
736 913
736 937
737 823
739 751
739 867
740 948
742 972
743 810
743 830
744 787
744 882
744 898
744 913
745 768
745 817
745 972
746 837
746 878
746 880
746 984
747 895
747 945
749 753
750 900
751 906
752 769
753 787
754 869
755 938
755 999
757 960
758 800
758 953
759 812
759 857
759 919
762 990
763 824
763 969
765 805
765 869
766 926
766 941
766 980
766 981
767 891
767 953
768 842
768 965
770 771
770 991
771 836
771 919
773 875
773 882
775 792
775 910
775 935
776 810
777 830
777 953
778 878
779 806
779 954
780 794
782 810
784 882
784 927
785 965
786 811
786 830
786 978
787 863
787 916
793 943
794 807
794 848
795 907
795 916
796 884
800 986
802 891
803 931
804 943
804 951
805 932
805 937
807 858
807 859
807 882
809 891
811 871
811 915
811 925
815 955
817 890
817 906
818 819
819 830
822 837
823 837
823 865
824 993
825 998
826 996
827 943
830 858
831 845
831 846
831 868
831 888
831 932
832 861
832 875
834 885
837 971
838 938
839 847
839 896
839 995
840 940
840 963
841 910
841 962
842 864
843 880
843 981
846 880
847 964
847 971
848 908
849 882
849 886
850 886
854 917
857 869
857 979
858 957
859 975
861 905
863 926
866 897
866 898
867 912
870 871
870 970
871 952
872 897
872 903
872 920
872 949
873 890
874 875
874 897
874 970
876 922
877 995
878 886
878 957
879 902
879 941
880 983
881 978
883 952
884 995
886 978
888 981
888 982
889 899
889 965
890 928
892 908
893 959
893 962
895 900
895 999
896 985
897 902
899 938
899 953
899 969
902 908
903 956
905 972
907 973
907 996
909 975
910 986
913 983
913 995
914 942
915 969
915 978
916 975
921 949
925 996
927 940
933 934
933 974
935 998
936 949
937 974
937 988
939 983
940 943
940 965
941 971
941 987
954 985
955 977
961 996
963 993
966 977
968 987
971 986
972 996
994 997
