0 53
0 71
0 483
0 594
0 646
0 894
0 949
1 2
1 237
1 294
1 402
1 882
2 433
2 460
2 588
2 605
2 872
3 247
3 394
3 460
3 625
3 756
3 954
4 182
4 222
4 257
4 279
4 506
4 514
4 857
5 87
5 430
5 628
5 708
6 176
6 412
6 543
6 562
6 819
6 941
6 962
7 572
8 67
8 137
8 263
8 650
8 675
8 889
8 996
9 85
9 145
9 278
9 320
9 782
9 943
10 551
10 609
11 551
11 655
11 675
11 685
11 864
11 986
12 43
12 166
12 351
12 580
12 857
13 124
13 221
13 229
13 238
13 271
13 294
13 649
13 654
13 691
14 201
14 546
14 573
14 636
14 965
14 988
15 243
15 297
15 394
15 752
15 912
16 45
16 64
16 294
16 401
16 551
16 614
16 752
17 33
17 311
17 603
17 945
18 278
18 361
18 367
18 485
18 525
18 563
18 685
18 849
18 936
19 75
19 543
19 557
19 890
20 104
20 292
20 339
20 344
20 442
20 589
20 718
20 994
21 438
21 455
21 544
22 141
22 238
22 240
22 288
22 291
22 585
22 985
23 71
23 698
23 869
23 961
23 979
24 56
24 87
24 312
24 313
24 946
25 43
25 201
25 306
25 411
25 565
25 972
26 59
26 319
26 341
26 501
26 635
26 710
26 785
26 929
27 44
27 93
27 588
27 728
27 815
28 536
28 664
28 743
28 871
29 231
29 510
29 565
29 627
29 821
30 89
30 161
30 192
30 627
30 784
30 940
30 944
30 994
31 57
31 82
31 235
31 403
31 428
31 444
31 531
31 542
31 843
32 131
32 159
32 307
33 281
33 385
33 589
33 882
34 96
34 116
34 117
34 215
34 352
34 734
35 500
35 506
35 642
35 666
35 766
36 485
36 632
36 712
37 257
37 279
37 315
37 569
37 630
37 786
38 109
38 390
38 411
38 773
39 384
39 477
39 570
39 740
40 82
40 122
40 217
40 225
40 248
40 283
40 434
40 547
40 672
40 687
40 843
40 947
40 996
41 116
41 216
41 232
41 351
41 697
41 838
41 868
42 63
42 143
42 170
42 203
42 248
42 320
42 493
43 538
43 630
43 631
43 659
43 798
43 834
43 940
44 99
44 154
44 327
44 510
44 598
44 732
44 797
45 213
45 343
45 497
45 779
45 859
46 459
46 626
46 884
46 975
47 95
47 703
48 110
48 283
48 419
49 111
49 252
49 364
49 385
49 462
49 597
49 604
49 621
49 657
49 714
49 887
49 893
49 919
49 978
50 247
50 272
50 725
50 731
50 989
51 122
51 143
51 205
51 961
52 83
52 455
52 846
52 862
53 153
53 212
53 553
53 572
53 632
53 653
53 731
53 797
54 161
54 166
54 292
54 384
54 927
55 842
55 858
55 972
56 159
56 369
56 482
56 486
56 643
56 751
56 815
57 399
57 744
57 834
57 987
58 262
58 651
58 760
58 923
58 941
59 326
59 462
60 504
60 514
61 149
61 430
61 740
61 918
62 366
62 559
62 783
62 814
63 131
63 637
63 789
63 915
64 306
64 397
64 423
64 496
64 577
64 608
64 685
64 846
65 172
65 190
65 227
65 388
65 441
65 780
66 126
66 153
66 330
66 384
66 411
66 621
66 644
66 948
66 990
67 386
67 417
67 815
67 908
67 961
68 150
68 323
68 456
68 706
68 825
68 850
68 986
69 218
69 342
69 564
69 868
70 111
70 153
70 345
70 853
71 138
71 178
71 332
71 667
71 894
71 968
72 249
72 417
72 443
72 588
73 392
74 95
74 116
74 286
74 463
74 638
74 664
74 829
74 894
74 930
74 994
75 110
75 192
75 334
75 690
75 921
76 140
76 503
76 779
77 232
77 626
78 109
78 210
78 313
78 778
78 925
79 118
79 158
79 505
79 519
79 680
79 834
80 516
80 535
81 123
81 164
81 209
81 475
81 492
81 501
81 563
81 635
81 667
81 778
81 927
82 157
83 198
83 256
83 335
83 417
83 574
83 642
84 174
84 207
84 384
84 430
85 244
85 893
86 272
86 456
86 486
86 492
86 636
86 667
86 670
86 705
86 853
86 858
86 952
87 278
87 493
88 103
88 415
88 791
88 955
89 94
89 271
89 418
89 427
89 449
89 463
89 732
89 963
90 249
90 455
90 682
90 753
90 812
90 948
90 967
91 119
91 133
91 243
91 341
91 574
91 936
91 959
92 145
92 187
92 241
92 436
92 516
92 519
92 579
92 679
93 112
93 117
93 445
93 506
93 658
93 688
93 762
93 829
93 866
94 349
94 367
94 573
94 683
94 752
94 781
94 922
95 267
95 362
95 376
95 963
96 168
96 197
96 280
96 347
96 362
96 787
96 930
96 991
97 107
97 483
97 601
97 752
97 880
97 998
98 181
98 210
98 237
98 415
98 597
98 838
99 489
99 627
99 898
100 344
100 362
100 425
100 820
100 998
101 138
101 223
101 254
101 271
101 295
101 744
101 810
101 862
102 200
102 515
102 517
102 763
103 219
103 341
103 528
103 744
103 839
103 908
104 310
104 465
104 467
104 473
104 564
105 176
105 274
105 705
105 886
106 377
106 408
106 468
106 716
106 887
107 333
107 564
107 591
107 843
107 850
107 870
107 966
108 346
108 645
108 786
109 269
109 576
110 488
110 786
110 840
110 857
110 913
111 120
111 155
111 404
111 467
111 477
111 500
111 502
111 577
111 665
111 717
111 954
112 230
112 267
112 441
112 583
112 900
112 908
112 920
113 194
113 323
113 367
113 449
113 707
114 328
114 473
114 490
114 494
114 829
115 116
115 411
115 439
115 896
116 159
116 162
116 450
116 492
116 744
116 980
117 162
117 344
117 483
117 753
118 177
118 310
118 662
118 720
118 754
118 770
119 657
119 954
120 170
120 314
120 457
120 686
120 931
121 162
121 363
122 369
122 537
122 643
123 156
123 194
123 353
123 399
123 435
123 661
123 670
123 736
123 920
124 201
124 724
124 970
125 233
125 672
125 746
125 934
125 997
126 297
126 342
126 372
126 411
126 433
126 488
126 733
127 377
127 483
127 724
127 819
127 841
127 884
127 951
128 217
128 267
128 375
128 682
128 947
128 993
129 283
129 340
129 344
129 524
129 758
129 771
129 818
129 857
130 156
130 814
130 970
131 317
131 332
131 435
131 491
131 719
131 877
132 492
132 503
132 966
133 158
133 491
133 925
134 178
134 481
134 568
134 740
134 807
135 187
135 500
135 856
136 635
136 946
137 353
137 386
137 458
137 586
137 920
138 175
138 271
138 411
139 144
139 249
139 444
140 366
140 403
140 467
140 592
140 807
140 902
140 959
141 152
141 347
141 419
141 458
141 578
141 633
141 654
141 791
141 957
142 375
142 549
142 573
142 846
142 953
143 398
143 399
143 467
143 499
143 542
144 152
144 668
144 775
144 828
144 905
145 213
145 461
145 495
145 506
145 562
145 794
146 166
146 522
146 688
146 803
146 896
147 463
147 482
147 500
148 387
148 396
148 600
148 759
148 763
148 803
148 831
148 873
148 928
148 936
148 941
149 224
149 299
149 522
149 524
149 827
149 921
149 975
150 325
150 608
150 749
150 761
150 898
151 501
151 572
151 882
152 327
152 513
152 744
152 765
152 805
152 920
152 942
153 648
153 662
153 774
154 417
154 629
154 649
155 247
155 286
155 380
155 457
155 605
155 710
155 771
155 781
155 862
156 380
156 401
156 520
156 778
156 982
157 187
157 352
157 993
158 258
158 380
158 429
158 499
158 552
158 924
159 494
159 631
159 837
160 241
160 242
160 306
160 580
160 647
160 655
160 659
160 807
160 829
161 315
161 617
161 725
161 778
162 484
162 770
162 809
162 863
163 459
163 505
163 527
163 719
163 805
163 840
163 942
163 988
164 221
164 461
164 543
164 579
165 191
165 608
165 679
165 683
166 214
166 357
166 506
166 629
166 799
167 439
167 580
167 745
167 825
167 893
168 545
168 610
168 889
169 368
169 377
169 400
169 460
169 470
169 600
169 752
170 669
170 676
170 992
171 187
171 310
171 313
171 351
171 398
171 400
171 504
171 783
172 402
172 442
172 590
172 893
173 430
173 763
173 781
173 909
174 182
174 255
174 419
174 421
174 769
174 815
174 835
175 277
175 699
175 884
175 896
175 926
175 951
176 209
176 217
176 299
176 390
176 420
176 640
176 718
176 987
177 207
177 247
177 445
177 873
177 883
178 199
178 527
178 541
178 729
179 489
179 608
179 701
179 980
180 652
180 798
181 349
181 421
181 502
181 690
181 921
181 968
181 971
182 221
182 337
182 359
182 394
182 539
182 687
183 294
183 408
183 412
183 494
183 763
183 821
184 258
184 634
184 716
184 876
185 200
185 332
185 480
185 916
186 366
186 429
186 446
186 604
186 639
187 263
187 370
187 432
187 885
187 910
188 387
188 436
188 564
188 737
188 865
188 872
189 357
189 390
189 616
189 688
190 222
190 460
190 758
190 852
190 898
190 902
191 481
191 491
191 563
191 793
191 918
192 246
192 340
192 380
192 420
192 548
192 557
192 861
193 527
193 717
193 744
193 746
193 982
193 995
194 443
194 477
194 665
194 803
194 817
194 844
195 329
195 585
195 664
195 706
195 761
196 612
196 747
196 889
198 219
198 906
198 936
199 380
199 451
199 487
199 694
199 765
200 229
201 392
201 669
201 837
201 894
201 979
202 367
202 524
202 931
203 251
203 561
203 875
203 981
204 314
204 974
205 276
205 776
205 852
205 872
206 382
206 615
206 659
207 546
207 574
208 465
208 765
208 962
209 234
209 720
210 773
211 233
211 268
211 280
211 477
211 598
212 247
212 298
212 348
212 367
212 382
212 410
212 502
212 527
212 644
212 715
212 939
213 287
213 288
213 525
213 749
213 768
213 877
214 530
214 726
214 902
215 295
215 504
215 529
215 755
215 773
215 912
216 429
216 458
216 600
216 795
216 827
217 363
217 384
217 447
217 476
217 983
217 984
218 388
218 552
218 762
219 224
219 320
219 618
219 737
219 823
220 525
220 876
221 703
221 950
222 348
222 357
222 467
222 480
222 624
222 728
222 779
222 930
223 253
223 416
223 996
224 308
224 557
224 614
224 819
225 261
225 307
225 687
225 827
225 858
226 360
226 482
226 494
226 811
227 229
227 241
227 320
227 477
227 516
227 598
227 728
227 761
228 351
228 430
228 579
228 750
229 257
229 570
229 607
229 659
229 891
230 323
230 570
230 836
230 951
231 271
231 506
231 901
231 977
232 246
232 365
232 430
232 921
233 442
233 568
234 687
234 792
234 998
235 836
236 438
236 460
236 669
236 683
236 911
237 470
237 551
237 792
237 893
237 903
237 940
238 450
238 463
238 609
238 661
238 736
238 886
238 967
239 333
239 437
239 512
239 572
239 781
239 798
240 484
240 502
240 592
240 643
240 646
240 656
240 991
241 395
241 486
241 970
242 571
243 399
243 825
243 949
244 359
244 626
244 658
244 822
245 510
245 607
245 624
245 785
246 408
246 782
247 344
247 541
247 581
247 619
247 898
248 804
249 268
249 321
249 506
249 620
249 755
249 960
250 510
250 589
250 602
250 714
250 732
250 879
251 407
251 540
251 548
252 324
252 402
252 721
252 980
253 316
253 562
253 671
253 783
254 558
254 624
254 631
254 712
254 734
254 807
255 452
255 477
255 567
255 579
255 647
255 752
255 832
255 939
256 634
256 903
256 910
256 930
257 384
257 442
257 698
257 700
257 729
257 732
257 985
258 602
258 639
258 736
258 797
258 846
258 911
258 950
260 382
260 409
260 443
260 615
260 755
260 849
260 924
261 450
261 580
261 661
261 761
262 505
262 555
262 614
262 660
263 336
263 423
263 452
263 555
263 609
263 754
263 761
263 787
263 795
263 967
263 973
264 325
264 343
265 577
265 586
265 670
265 797
265 958
266 356
266 725
267 824
268 505
268 582
268 856
268 957
269 503
269 723
270 307
270 504
270 656
270 752
270 864
271 497
271 782
271 836
271 848
272 320
272 696
272 938
273 393
273 682
273 979
274 454
274 596
274 632
274 952
274 966
275 288
275 390
276 628
276 814
276 911
277 279
277 290
277 537
277 963
278 385
278 386
278 676
278 780
279 397
279 496
279 564
279 712
279 831
280 282
280 404
280 793
280 982
281 692
281 700
281 736
281 869
281 982
282 330
282 347
282 831
282 853
283 287
283 446
283 554
283 622
283 672
283 899
284 286
284 356
284 362
284 363
284 509
284 574
284 772
285 437
285 466
285 696
285 789
286 812
287 688
287 730
287 974
288 626
288 989
289 374
289 603
289 610
289 662
289 829
289 955
290 386
290 553
290 854
290 959
291 383
291 561
291 574
291 789
291 897
292 640
293 673
293 752
293 756
293 821
294 378
294 445
294 705
295 303
295 346
295 550
295 638
295 698
295 905
295 937
296 315
296 352
296 377
296 490
296 829
296 834
296 968
297 365
297 395
297 565
297 567
297 676
297 954
298 319
298 450
298 625
298 654
298 693
298 920
299 512
299 544
299 574
299 615
299 794
299 941
299 951
300 350
301 501
301 517
301 629
301 634
301 665
301 711
301 972
302 613
302 636
302 923
302 963
303 381
303 587
303 984
304 613
304 614
304 624
305 516
305 608
305 809
305 921
305 952
306 382
306 500
306 508
306 616
307 381
307 593
307 781
307 837
307 973
308 506
308 635
308 755
308 886
308 944
309 318
309 699
309 878
309 925
310 642
310 649
310 904
310 927
310 971
311 617
311 770
311 885
311 987
312 572
312 662
312 750
312 987
313 616
313 708
314 518
314 793
314 899
315 401
315 587
315 868
315 878
316 770
316 939
317 619
317 646
318 390
318 612
318 688
319 394
319 419
320 367
320 602
320 667
320 972
321 652
321 655
321 733
321 917
322 464
322 739
322 799
322 800
322 820
323 506
323 522
323 731
324 435
324 457
324 638
324 752
324 900
324 997
325 393
325 491
325 524
325 563
325 681
326 620
326 700
326 772
326 900
326 908
327 363
327 552
327 557
327 606
328 527
328 852
328 960
329 409
329 721
329 733
329 865
330 349
330 365
330 455
330 536
330 670
330 722
331 367
331 745
332 445
332 768
332 958
332 975
333 469
333 648
333 858
333 961
333 962
334 699
334 710
334 869
335 564
335 776
335 794
335 827
336 344
336 498
336 550
336 556
336 664
336 682
336 736
336 971
337 556
337 592
337 703
337 760
338 427
338 480
338 540
338 597
338 683
338 885
338 892
339 494
339 555
339 743
340 427
340 527
340 546
340 602
340 629
340 682
340 904
341 469
341 503
341 560
341 777
341 901
342 559
342 835
342 887
342 950
342 957
342 966
343 458
343 557
343 607
343 659
343 707
344 346
344 386
344 656
344 670
344 782
344 787
345 391
345 418
345 479
345 733
345 971
346 387
346 438
346 490
346 513
346 645
346 658
346 741
346 941
346 995
346 996
347 397
347 404
347 478
347 674
347 868
347 920
348 396
348 463
348 486
348 640
349 518
349 543
349 887
349 944
349 971
350 669
350 944
351 533
351 948
352 391
352 404
352 450
352 548
352 560
352 645
352 874
352 993
353 636
353 839
354 542
354 618
354 948
355 502
355 578
355 798
355 892
356 403
356 456
356 507
356 618
356 640
357 560
357 756
357 857
357 872
357 997
358 374
358 618
358 954
359 425
359 546
359 645
359 754
359 921
360 448
360 478
360 588
360 660
361 416
361 440
361 441
361 944
362 451
362 599
362 701
362 726
363 440
363 564
363 579
363 680
364 407
364 560
364 954
365 371
365 412
365 766
366 582
367 489
367 523
367 670
367 671
367 916
368 787
368 812
368 905
368 933
369 494
369 502
369 551
369 727
369 889
369 989
370 630
370 710
371 644
371 662
371 883
372 612
372 646
372 890
372 947
373 885
373 955
374 740
375 541
375 547
375 789
375 847
375 966
376 433
376 438
376 462
376 947
376 963
376 984
377 436
377 821
378 903
379 447
379 486
379 501
379 669
379 791
380 391
380 987
381 625
381 628
381 659
381 908
382 778
382 813
382 911
383 491
383 510
383 558
383 628
383 725
383 871
383 956
384 522
385 419
385 452
385 603
385 637
385 849
385 857
385 892
385 895
385 944
386 534
386 595
386 633
386 645
386 675
386 789
386 798
386 968
387 410
387 476
387 616
387 695
387 700
387 706
387 771
387 870
387 973
388 461
388 630
388 702
388 836
389 625
389 838
389 866
389 928
389 999
390 575
390 770
390 839
390 858
391 425
391 876
392 589
392 666
392 952
393 442
393 527
393 655
393 892
395 466
395 798
395 831
395 891
396 852
397 624
397 738
397 995
398 526
398 554
398 986
399 722
399 768
399 947
400 444
400 466
400 676
401 522
401 622
401 714
401 738
401 866
402 791
402 883
402 947
403 596
404 832
405 463
405 482
405 647
405 787
405 961
406 886
407 469
407 549
407 670
407 716
407 844
407 963
409 482
409 496
409 517
409 680
409 699
410 931
411 810
411 888
412 767
412 873
412 899
412 911
413 536
413 610
413 706
413 973
414 567
414 574
414 814
415 545
415 602
416 987
416 997
417 888
418 477
418 551
418 644
418 842
418 844
418 958
418 993
419 422
419 492
420 493
420 560
420 627
420 717
420 770
420 803
420 847
421 574
421 889
422 463
422 504
422 579
422 585
422 712
422 892
422 921
422 935
423 481
423 540
423 598
423 832
423 900
424 842
424 876
424 908
424 969
425 652
425 927
425 991
427 520
427 634
427 704
427 747
427 760
428 439
428 456
428 526
428 843
428 962
428 966
429 435
429 908
430 668
430 800
431 700
431 885
432 534
432 568
432 630
433 618
433 900
434 437
434 447
434 489
434 641
434 667
434 684
434 807
434 939
435 480
435 488
435 512
435 607
435 688
435 744
435 850
435 996
436 580
437 480
437 616
437 632
437 856
437 997
438 489
438 549
438 605
438 662
438 742
438 850
438 966
439 483
439 845
439 997
440 760
441 570
441 664
441 759
442 745
443 553
443 717
444 545
444 601
444 676
444 757
444 901
445 739
445 766
445 829
445 852
445 978
446 765
446 906
446 920
447 583
447 789
447 888
448 668
448 759
448 846
449 649
449 861
449 956
449 960
450 467
450 504
450 515
450 827
450 841
451 519
451 639
451 986
452 847
452 964
453 485
453 876
454 536
454 604
455 474
455 664
455 806
455 865
455 876
455 883
456 721
456 843
456 979
457 628
457 645
457 713
457 781
458 771
459 688
459 817
459 841
460 528
460 592
460 891
461 543
461 674
461 738
461 938
462 523
462 741
462 793
462 876
463 524
463 614
463 670
463 727
463 841
463 874
464 625
464 626
464 654
464 766
464 818
465 602
465 658
465 966
465 987
466 656
466 838
466 883
467 582
467 622
467 694
467 748
467 925
468 609
468 633
468 677
468 918
469 490
469 650
469 692
469 774
469 832
469 855
470 511
470 730
470 979
471 585
471 599
471 874
472 661
472 663
472 706
472 774
472 972
473 491
473 519
473 532
473 566
473 622
473 787
473 841
473 905
474 574
474 738
474 798
474 833
474 916
474 920
475 542
475 651
475 665
475 851
477 555
477 574
477 617
478 584
478 586
479 505
479 529
480 999
481 784
481 862
481 867
482 566
482 670
483 610
483 851
485 597
486 524
486 525
486 723
486 898
487 517
487 603
487 692
487 748
487 819
488 543
488 654
488 702
488 728
488 779
488 791
488 854
488 924
490 612
490 613
490 739
491 567
492 923
493 516
494 656
494 904
495 519
495 932
496 507
496 517
496 581
496 665
497 560
497 624
497 744
497 970
498 738
498 769
498 884
499 710
499 758
499 789
499 965
500 631
500 691
500 762
500 768
500 912
500 974
501 699
501 711
503 563
503 574
504 550
504 552
504 583
504 742
505 598
505 665
505 850
505 928
506 551
506 612
506 649
506 944
508 737
508 814
508 825
508 900
509 697
509 707
509 718
509 809
510 937
510 999
511 954
512 756
512 829
513 767
514 597
514 792
514 853
515 521
515 720
515 954
517 659
517 771
517 877
518 696
518 932
519 544
519 664
519 696
519 771
519 798
519 810
519 913
520 652
520 707
520 984
521 573
521 652
521 906
522 739
522 967
522 972
523 638
523 652
523 737
523 780
523 804
524 957
525 687
525 702
525 722
525 809
526 717
526 763
526 780
526 836
526 914
527 654
527 749
527 755
528 555
528 724
529 841
530 617
530 673
530 683
530 721
530 808
531 692
532 877
533 812
533 887
534 831
534 863
535 809
535 819
536 558
536 568
536 609
536 677
536 741
537 600
537 688
537 709
537 711
537 725
537 827
537 847
537 942
538 787
539 622
539 838
540 625
540 648
540 908
541 573
541 668
541 748
541 880
541 910
542 671
542 992
543 907
544 587
544 836
545 588
545 707
545 711
546 610
546 673
546 823
546 830
547 557
547 804
548 899
548 902
549 567
549 798
549 810
549 917
550 554
550 798
551 571
551 797
551 895
552 814
552 841
553 581
553 726
554 711
554 758
554 836
554 921
555 635
555 864
555 985
556 623
556 811
557 693
557 937
557 939
559 587
559 597
559 813
560 654
560 720
560 944
561 935
561 976
563 689
563 981
564 716
564 790
565 843
565 848
566 640
566 806
566 852
567 900
567 960
567 999
568 602
568 723
569 673
569 697
569 711
569 797
569 936
569 947
570 574
570 747
571 611
571 856
571 948
572 685
572 994
573 734
573 919
574 584
574 644
574 684
576 722
576 738
576 747
576 757
576 837
576 892
576 952
577 585
577 828
577 882
578 621
578 722
579 607
579 613
579 836
580 627
580 865
580 945
584 658
584 722
584 778
584 802
584 902
584 992
585 663
585 739
585 898
587 793
587 874
588 666
588 766
588 924
588 960
589 872
589 947
589 956
589 994
590 639
590 676
590 776
591 664
591 775
591 837
592 664
592 732
592 822
593 720
593 789
593 818
594 813
594 829
595 735
595 748
595 841
595 870
595 943
596 718
596 831
597 984
598 627
598 928
599 641
599 726
599 735
599 739
599 856
599 978
600 917
600 991
601 662
602 676
602 749
602 803
603 907
604 798
604 835
604 956
605 897
605 910
606 695
606 733
606 765
606 868
606 946
608 655
608 857
608 868
609 629
609 714
610 746
610 859
610 877
611 631
611 836
612 796
613 951
615 874
615 915
616 713
616 753
617 678
617 972
618 703
618 760
618 870
618 875
619 980
620 723
620 798
621 861
621 916
622 807
623 767
623 985
624 645
624 789
624 830
624 846
624 886
625 662
625 717
625 953
625 966
626 659
626 752
626 770
626 846
626 861
626 930
627 655
627 687
627 696
627 699
627 756
628 753
628 772
628 785
628 929
629 810
630 748
630 907
631 753
632 735
632 848
633 823
634 671
634 811
634 921
634 984
635 668
635 682
635 763
636 751
636 802
636 828
636 919
637 692
637 763
637 771
637 932
638 757
638 932
639 739
639 798
639 828
639 924
639 982
640 970
641 897
642 806
642 844
642 982
643 818
644 889
645 725
645 748
645 848
645 890
645 992
646 758
646 851
647 711
647 839
648 745
648 818
649 788
649 876
650 969
651 974
652 712
652 856
652 887
653 724
653 866
654 766
654 837
656 870
657 950
658 737
658 868
658 905
659 907
660 681
660 906
661 983
662 683
663 800
664 690
664 869
664 945
665 872
668 794
668 833
668 882
668 911
670 926
671 742
671 810
671 972
672 876
674 766
675 692
675 760
675 784
675 827
677 693
677 885
678 755
678 971
679 782
680 950
681 882
681 951
682 694
682 796
682 849
683 688
683 880
684 801
684 899
684 983
685 783
685 896
685 964
685 990
686 956
687 964
689 962
689 973
690 963
691 709
691 805
691 867
692 960
693 904
695 767
695 778
695 892
695 931
696 796
696 851
696 903
698 845
698 980
699 730
699 763
699 791
701 861
703 776
703 868
704 987
705 712
706 750
706 846
707 873
710 724
710 808
710 925
711 882
712 834
712 846
713 757
713 884
713 974
714 952
714 985
715 797
715 974
719 899
719 923
719 946
720 820
721 813
723 755
723 780
723 933
725 736
725 788
726 859
728 814
728 944
728 973
728 975
729 737
729 898
730 791
730 907
731 779
732 840
734 747
734 753
734 888
735 767
735 920
736 988
737 953
740 879
740 978
741 802
741 821
742 753
742 795
742 928
742 996
743 815
743 824
743 921
745 749
745 866
745 960
746 773
746 999
747 935
747 972
748 759
748 804
748 854
749 760
749 778
749 855
750 878
751 815
751 959
752 935
753 821
754 942
755 764
755 789
757 923
757 962
758 805
758 888
758 905
760 820
760 940
760 983
760 998
761 791
761 836
762 824
762 934
763 878
764 812
765 832
765 910
766 893
766 933
767 768
767 936
771 791
771 919
772 786
773 994
774 779
774 930
774 932
775 790
776 826
777 911
777 937
779 849
779 987
779 996
780 804
780 902
781 862
782 983
783 790
783 887
785 901
785 931
786 901
788 926
788 939
788 983
789 849
789 874
791 966
792 815
792 949
795 848
795 871
795 913
796 938
796 968
801 933
802 853
802 931
802 938
802 953
803 810
803 868
803 987
805 941
805 965
806 974
807 858
808 890
809 835
811 857
811 931
813 861
813 899
815 850
816 991
817 992
819 898
819 908
819 982
821 973
823 845
823 879
823 902
823 924
823 952
824 831
824 917
825 940
827 849
827 851
827 863
827 962
831 837
831 931
832 849
832 862
834 891
834 976
835 842
835 937
835 976
835 998
836 867
840 919
842 908
842 979
843 966
844 901
844 957
844 990
845 871
845 990
846 870
848 872
849 892
850 881
852 858
854 937
855 997
857 926
857 956
858 892
860 927
864 917
866 886
867 985
868 903
868 980
868 999
870 998
871 902
871 966
872 977
873 881
875 898
876 879
876 897
876 968
877 913
880 988
882 975
883 924
883 926
887 974
888 891
888 979
891 981
893 903
893 981
894 895
897 967
897 998
898 977
899 975
901 933
904 955
904 993
906 995
909 943
911 913
911 959
914 921
916 941
917 981
919 995
922 933
926 970
927 932
930 987
931 949
941 959
942 955
961 967
962 964
964 993
970 971
978 985
987 991
