0 283
0 507
0 517
0 854
1 222
1 247
1 406
1 408
1 499
1 515
1 632
1 748
2 21
2 194
2 293
2 360
2 682
2 894
2 922
2 948
3 99
3 167
3 196
3 630
3 682
3 698
3 702
4 10
4 82
4 142
4 286
4 354
4 361
4 404
4 425
4 460
4 463
4 477
4 536
4 555
4 776
4 879
5 87
5 330
5 434
5 915
5 973
6 239
6 261
6 681
6 823
6 911
6 972
7 61
7 127
7 863
7 898
7 915
7 937
8 308
8 502
8 656
8 751
9 234
9 349
9 356
9 431
9 555
9 696
9 755
9 761
10 67
10 109
10 198
10 270
10 365
10 613
10 885
10 979
10 988
10 991
11 205
11 329
11 587
11 697
12 290
12 564
12 828
12 896
12 935
12 982
13 83
13 177
13 436
13 752
13 793
13 803
13 875
14 190
14 273
14 772
15 220
15 499
15 706
15 759
16 66
16 118
16 288
16 325
16 428
16 964
16 997
17 130
17 278
17 629
17 788
17 928
17 999
18 27
18 67
18 74
18 104
18 195
18 748
18 918
18 953
19 267
19 520
19 668
19 720
19 911
19 952
20 221
20 409
20 546
20 925
20 936
20 992
21 72
21 365
21 538
21 550
21 644
21 671
21 893
22 26
22 164
22 301
22 324
22 371
22 573
22 789
22 936
23 60
23 78
23 79
23 117
23 802
23 818
24 315
24 417
24 672
25 75
25 101
25 177
25 506
25 564
25 670
25 694
25 722
25 831
25 871
26 309
26 501
26 516
26 572
26 674
27 429
27 549
27 577
27 582
27 799
27 997
28 270
28 433
28 441
28 543
28 748
28 791
29 43
29 109
29 110
29 180
29 219
29 417
29 820
31 56
31 230
31 413
31 494
31 563
32 86
32 198
32 244
32 608
32 612
32 752
32 950
32 970
33 61
33 343
33 357
33 403
33 493
33 664
33 774
34 35
34 37
34 116
34 415
34 579
34 679
35 168
35 231
35 627
36 689
36 705
36 821
36 853
37 503
37 611
37 661
37 754
37 820
38 163
38 758
38 817
39 44
39 53
39 169
39 312
39 443
39 504
39 752
39 792
39 934
39 974
40 85
40 90
40 463
40 485
40 690
40 844
40 849
41 260
41 701
41 913
42 65
42 165
42 367
42 390
43 47
43 127
43 552
43 572
43 666
43 990
44 193
44 237
44 436
44 488
44 738
44 978
45 112
45 415
45 453
45 548
45 642
45 729
45 823
45 830
45 868
45 907
46 211
46 242
46 434
46 630
46 659
46 916
46 938
47 183
47 420
48 110
48 138
48 272
48 605
48 751
49 90
49 465
49 731
49 778
49 926
50 118
50 119
50 188
50 216
50 870
50 970
51 203
51 240
51 397
51 579
51 663
51 757
51 857
51 953
52 76
52 83
53 189
53 229
53 428
53 793
54 56
54 105
54 136
54 545
54 549
54 603
54 653
54 801
55 168
55 291
55 409
55 621
55 729
55 952
56 213
56 553
56 615
56 666
56 689
56 806
56 924
56 962
57 524
57 750
57 953
58 126
58 336
58 540
58 646
58 650
59 236
59 395
59 684
59 738
59 795
60 691
60 707
60 765
60 854
60 890
61 148
61 277
61 599
61 617
61 697
61 778
61 790
61 809
61 947
62 300
62 415
62 452
62 785
63 143
63 242
63 316
63 397
63 638
63 799
63 956
63 987
64 700
64 960
65 415
65 471
65 548
66 183
66 487
66 544
66 743
66 782
67 311
67 337
67 341
67 346
67 773
67 776
67 890
67 911
67 923
68 86
68 155
68 343
68 888
68 891
68 977
68 998
69 151
69 356
69 508
69 820
69 854
69 869
69 918
70 843
71 534
71 548
71 587
71 828
72 96
72 667
72 758
72 767
72 788
73 266
73 351
73 397
73 406
73 448
74 184
74 540
74 972
75 279
75 385
75 456
75 680
75 723
75 823
76 277
76 350
76 409
76 410
76 451
76 748
77 280
77 302
77 379
77 755
77 843
78 196
78 233
78 475
78 778
79 104
79 400
79 907
80 112
80 228
80 252
80 326
80 339
80 605
80 651
81 106
81 161
81 543
81 682
81 715
81 775
82 125
82 178
82 599
82 840
83 165
83 285
83 425
83 882
84 257
84 352
84 421
84 477
84 556
84 798
84 842
84 877
84 897
84 898
85 147
85 197
85 320
85 364
85 508
85 738
85 779
85 914
86 663
86 793
86 902
87 434
87 738
87 746
87 875
87 940
88 481
88 608
88 946
89 201
89 209
89 406
89 792
89 833
90 134
90 292
90 323
90 353
90 638
90 750
90 938
90 988
91 423
91 445
91 590
91 651
91 714
91 844
92 393
93 357
93 379
93 623
93 658
94 333
94 480
94 539
94 774
94 947
95 133
95 473
95 517
95 645
95 903
95 969
96 264
96 365
96 511
96 887
97 248
97 750
97 852
97 931
98 349
98 587
98 589
98 658
98 703
98 978
99 331
99 426
99 571
99 881
100 444
100 548
100 562
100 704
101 131
101 465
101 625
101 853
102 405
102 692
102 838
102 993
103 199
103 312
103 414
103 835
103 850
103 929
103 937
104 203
104 414
104 415
104 679
104 746
104 902
105 267
105 437
105 455
105 656
105 679
105 738
105 854
105 951
106 165
106 664
106 728
106 731
106 796
106 862
106 887
106 891
107 256
107 414
107 419
107 658
107 664
107 694
107 748
107 804
107 918
108 173
108 226
108 627
108 989
108 994
109 323
109 514
109 696
110 287
110 289
110 370
110 608
110 800
111 189
111 486
111 754
112 362
112 524
112 553
112 611
112 786
113 407
113 565
113 596
113 798
113 843
113 859
113 998
113 999
114 290
114 307
114 813
115 148
115 151
115 395
115 643
115 685
115 824
115 849
116 560
116 647
116 882
117 151
117 176
117 224
117 322
117 374
117 754
117 929
118 155
118 235
118 408
118 517
119 122
119 222
119 758
119 886
120 193
120 265
120 422
120 553
120 740
120 777
120 913
121 382
121 441
121 700
121 715
122 168
122 489
122 564
122 621
122 690
122 739
122 798
123 236
123 498
123 609
123 904
124 180
124 633
124 917
125 429
125 562
125 565
125 614
125 704
125 786
125 811
126 155
126 346
126 663
126 687
126 788
127 142
127 176
127 555
127 642
127 752
127 973
127 984
129 218
129 494
129 677
129 830
129 932
129 994
130 625
131 165
131 524
131 564
131 654
131 792
131 975
132 285
132 441
132 488
132 700
133 189
133 259
133 500
133 571
133 823
133 924
134 636
134 675
134 689
134 797
134 988
135 464
135 736
135 908
136 185
136 239
136 607
136 920
136 986
137 213
137 353
137 447
137 494
137 518
137 848
138 321
138 420
138 475
138 477
138 730
139 269
139 307
139 346
139 495
139 511
139 555
139 590
139 925
139 987
140 413
140 527
141 226
141 350
141 551
141 591
141 688
142 239
142 374
142 714
142 840
143 167
143 289
143 432
143 564
143 627
143 683
143 693
144 412
144 680
144 767
144 813
145 217
145 436
145 510
145 669
145 672
145 756
146 211
146 289
146 414
146 929
147 159
147 680
147 698
148 150
148 777
148 778
148 998
149 334
149 436
149 867
149 898
149 986
150 631
150 783
150 992
151 185
151 760
151 772
152 230
152 376
152 591
152 639
152 663
152 827
153 164
153 338
153 675
154 328
154 488
154 575
154 625
154 645
154 808
155 161
155 354
155 930
156 219
156 335
156 524
156 587
156 696
156 976
157 192
157 390
157 411
157 474
157 647
157 824
157 917
158 198
158 253
158 329
158 669
158 677
158 944
159 285
159 288
159 733
159 997
160 183
160 301
160 432
160 435
160 625
160 762
161 218
161 227
161 246
161 331
161 435
161 469
161 476
161 565
161 566
161 928
161 985
162 177
162 911
162 974
162 993
163 208
163 210
163 286
163 509
164 300
164 308
164 333
164 393
164 772
165 540
165 709
165 793
165 812
166 285
166 308
166 579
166 996
167 191
167 224
167 247
167 367
167 406
167 660
167 794
167 972
168 268
168 329
168 482
168 718
168 735
168 760
168 874
169 278
169 333
169 408
169 457
169 530
169 572
169 662
169 731
169 768
169 794
170 175
170 247
170 255
170 284
170 451
170 734
170 810
170 833
170 854
171 352
171 878
171 948
172 302
172 539
172 700
172 703
172 764
173 337
173 388
173 608
173 620
173 624
173 665
173 670
173 673
173 875
174 469
174 588
174 591
174 649
175 230
175 440
175 499
176 528
176 639
177 625
178 181
178 566
178 646
178 724
178 907
179 218
179 790
179 886
179 911
180 247
180 384
180 392
180 638
180 829
181 458
181 726
181 808
181 928
181 975
182 366
182 515
182 639
182 824
183 254
183 271
183 284
183 339
183 710
183 941
184 604
184 926
184 946
185 186
185 203
185 458
185 609
185 621
185 835
185 892
186 307
186 641
186 759
186 803
186 815
186 983
187 399
187 649
188 533
188 697
188 890
189 292
189 419
189 508
189 693
189 729
190 252
190 334
190 407
190 431
190 533
190 558
190 939
191 250
191 291
191 592
191 627
191 704
191 998
192 316
192 336
192 622
192 807
193 374
193 395
193 559
193 745
193 885
193 896
193 900
193 978
194 329
194 417
194 642
194 764
195 287
195 427
195 463
195 595
195 714
195 906
196 225
196 276
196 357
196 392
196 635
196 651
196 795
197 394
197 481
197 660
198 376
198 463
198 597
198 781
198 799
198 856
199 252
199 625
199 863
199 913
199 995
200 284
200 355
200 393
200 818
200 980
201 218
201 577
202 316
202 826
202 960
203 269
203 502
203 552
203 749
204 401
204 632
204 786
205 208
205 308
205 617
205 840
206 239
206 908
207 367
207 580
207 665
207 666
207 836
208 323
208 324
208 346
208 485
208 528
209 535
209 675
209 746
209 779
209 797
209 881
209 963
210 477
210 663
210 868
211 235
211 343
211 444
211 459
211 564
211 709
211 768
211 955
212 230
212 360
212 458
212 480
212 626
212 813
213 374
213 406
213 504
213 535
213 665
213 730
214 490
214 774
215 465
215 489
215 622
215 638
215 819
215 988
216 634
216 732
216 998
217 368
217 403
217 667
217 780
217 874
218 388
219 247
219 440
219 446
220 432
220 500
220 570
220 634
221 292
221 423
221 597
221 858
222 437
222 459
222 487
222 807
222 812
223 426
223 565
223 579
223 723
224 495
224 663
224 875
225 252
225 273
225 377
225 390
225 904
226 363
226 534
226 731
226 837
227 333
227 352
227 629
227 829
227 843
227 844
227 936
228 293
228 457
228 459
228 823
229 404
229 627
229 674
229 708
230 345
230 429
230 445
230 555
230 634
230 664
230 672
230 927
231 639
232 406
232 592
232 619
232 723
232 880
233 289
233 405
233 655
233 695
233 765
233 925
234 377
234 654
234 681
234 750
235 453
235 463
235 478
235 487
235 516
235 536
235 551
235 563
235 651
235 654
235 766
235 785
235 941
236 250
236 297
236 408
236 409
236 493
236 860
237 368
237 398
237 648
237 840
238 362
238 368
238 420
238 543
238 718
238 993
239 340
239 410
239 430
239 433
239 827
240 258
240 357
241 334
241 358
241 944
241 974
242 327
242 711
242 750
242 916
242 945
243 350
243 406
243 475
243 620
243 860
243 897
243 957
244 266
244 364
244 370
244 608
244 697
244 938
245 300
245 361
245 800
245 899
246 327
246 639
246 693
246 842
246 912
247 711
247 777
247 984
248 377
248 790
248 842
248 936
249 270
249 364
249 393
249 397
249 694
249 767
249 782
250 275
250 654
250 672
250 724
250 833
250 855
251 428
251 476
251 604
251 892
252 398
252 447
252 633
252 676
252 925
253 297
253 383
253 538
253 674
253 945
254 589
255 271
255 486
255 589
255 645
255 669
255 672
256 318
256 387
256 594
256 666
256 794
256 981
257 258
257 602
257 610
258 290
258 349
258 435
258 564
258 663
258 795
258 876
259 322
259 475
259 787
259 998
260 496
260 624
260 718
260 741
260 778
260 789
260 871
260 985
261 283
261 518
261 815
262 466
262 919
263 265
263 334
263 423
263 796
264 303
264 525
264 704
264 792
265 294
265 299
265 677
265 950
266 335
266 374
266 574
266 676
266 794
266 855
266 866
266 935
267 535
267 797
267 809
268 475
268 505
268 772
268 779
268 829
269 420
269 791
269 869
269 924
270 499
270 688
270 772
271 349
271 367
271 546
271 547
271 721
271 722
271 788
272 291
272 464
272 486
272 601
272 633
272 669
272 780
272 798
272 803
272 965
273 294
273 496
273 642
273 871
273 872
274 459
274 472
275 412
275 845
276 394
276 474
276 599
276 668
276 802
276 943
277 495
277 788
277 932
278 547
278 680
278 785
278 904
278 993
279 681
279 775
279 873
280 321
280 450
280 647
280 688
280 777
280 993
281 293
281 659
281 806
282 420
282 537
282 651
282 767
282 931
282 971
282 980
283 627
283 724
283 798
283 813
283 961
283 977
284 390
284 407
284 548
284 785
284 879
284 930
285 730
285 805
286 412
286 562
286 705
287 683
287 950
287 968
287 980
288 416
288 698
288 835
288 968
289 627
289 646
289 681
289 730
289 880
289 938
290 609
290 614
291 384
291 698
291 888
291 984
292 314
292 412
292 647
292 675
292 738
292 939
293 324
293 559
293 743
293 922
293 985
293 987
294 727
294 732
294 989
295 315
295 566
295 637
295 988
296 386
296 466
296 474
296 575
296 679
297 826
297 845
297 860
297 886
297 939
298 461
298 705
298 839
299 473
299 477
299 561
299 628
299 980
300 388
300 450
300 857
301 382
301 495
301 782
302 320
302 728
302 813
302 884
302 940
303 483
303 496
303 713
303 775
304 312
304 499
304 548
304 656
304 669
304 793
304 815
305 484
305 834
306 487
306 568
306 657
307 852
308 432
308 439
308 501
308 565
308 719
308 724
308 777
309 592
309 847
309 999
310 413
310 480
310 848
310 932
310 944
311 449
311 608
311 640
311 745
311 840
311 935
311 936
312 365
312 376
312 437
312 756
312 903
312 986
313 666
313 712
313 849
313 945
313 959
314 958
314 968
315 498
315 899
316 422
316 624
317 463
317 474
317 507
317 516
317 531
317 704
317 748
317 857
317 910
317 973
318 435
318 737
319 341
319 375
319 455
319 463
319 634
319 654
319 720
319 815
320 743
320 841
320 847
320 990
321 460
321 549
321 670
321 784
321 800
321 813
321 842
321 859
322 385
322 611
322 781
322 820
322 933
323 659
323 915
324 425
324 484
324 632
324 646
324 684
324 753
324 973
325 690
325 771
325 798
325 831
325 896
326 420
326 573
327 514
327 733
327 892
328 479
328 807
328 940
329 608
329 793
329 996
330 379
330 496
330 534
330 642
330 816
331 339
331 400
331 408
331 436
331 559
331 737
331 869
332 408
332 630
332 968
333 913
334 773
334 877
334 918
335 492
336 379
336 718
336 806
336 915
336 938
337 400
337 643
338 426
338 442
338 612
338 639
338 725
338 807
338 840
338 865
338 948
338 954
339 503
339 556
339 737
339 745
339 856
339 910
340 963
340 979
341 390
341 671
341 834
342 423
342 549
342 760
342 843
343 455
343 507
343 555
343 579
343 645
343 698
343 784
343 786
344 394
344 556
344 700
344 728
345 478
345 487
345 677
345 849
346 356
346 375
346 464
346 665
346 972
347 427
347 488
347 540
347 756
347 957
348 466
348 500
348 820
349 424
349 431
349 895
349 960
349 977
350 466
350 779
350 926
350 970
351 379
351 753
352 415
352 478
352 602
352 707
352 880
352 947
353 551
353 676
353 678
353 775
353 908
354 355
354 614
354 693
354 793
354 817
354 939
355 607
355 661
355 702
355 795
355 839
355 961
356 358
356 492
356 727
357 773
357 843
357 921
357 966
358 405
358 409
358 410
358 425
358 434
358 457
358 463
358 782
358 843
359 582
359 738
359 835
359 978
360 662
360 878
361 365
361 521
361 572
361 848
362 769
362 797
362 840
363 422
363 723
363 775
364 566
364 648
365 464
365 680
366 703
366 749
366 848
366 849
367 491
367 544
367 545
367 675
367 759
367 782
367 846
367 881
367 994
368 388
368 469
368 674
368 772
368 806
368 847
368 853
369 438
369 499
369 766
370 462
370 659
370 694
370 758
371 395
371 459
371 500
371 587
371 595
371 628
371 702
371 711
371 779
371 883
371 944
372 495
372 746
372 893
373 500
373 820
374 400
374 758
374 815
374 837
374 883
374 903
374 917
374 955
374 984
376 545
376 719
377 667
377 706
377 811
377 828
378 460
379 471
379 581
379 691
379 931
380 444
380 920
380 994
381 676
381 722
381 758
381 899
381 932
381 955
382 536
382 601
382 678
382 978
383 516
383 565
383 610
383 701
383 841
384 428
384 516
384 577
384 646
384 953
385 498
385 584
385 813
385 876
385 888
386 430
386 512
386 637
386 756
386 935
387 487
387 729
387 870
387 874
388 530
388 540
388 564
388 715
388 758
389 550
389 551
389 572
389 700
389 720
389 803
389 872
389 973
390 420
390 584
390 615
390 696
390 905
391 617
391 845
391 851
391 852
391 886
391 945
391 986
392 529
392 645
392 749
392 832
393 803
393 944
394 475
394 520
394 522
394 560
395 403
395 472
395 505
395 708
395 792
396 609
396 682
396 824
397 417
397 636
397 849
398 509
398 815
398 839
399 415
399 465
399 559
399 692
399 893
399 904
399 935
399 956
400 504
400 607
400 802
401 445
401 572
401 628
401 759
402 704
402 709
403 724
403 748
403 775
403 946
404 407
404 737
404 742
405 652
406 643
407 762
407 934
407 956
408 496
408 560
409 442
409 526
409 541
409 645
409 701
409 971
410 465
410 533
411 642
411 878
412 464
412 660
412 677
412 680
412 706
412 742
412 894
413 782
413 884
413 976
414 730
414 847
415 836
415 939
416 523
416 823
416 919
417 687
418 447
418 619
419 454
419 477
419 778
419 880
420 610
420 795
420 977
421 499
421 512
421 968
422 474
422 742
422 854
422 875
423 707
423 799
423 873
423 962
423 973
424 528
424 766
424 829
425 565
425 798
425 961
425 971
426 476
426 504
426 664
426 758
426 931
427 808
428 494
428 592
428 729
428 775
428 799
428 903
428 925
429 512
429 549
429 626
429 656
429 734
429 960
430 438
430 537
430 702
430 758
430 902
431 634
431 768
431 871
432 552
432 905
432 940
433 644
434 441
434 496
434 567
434 653
434 778
435 500
435 616
435 700
435 736
435 874
435 883
435 888
436 690
436 833
436 933
437 449
438 745
438 782
439 705
439 725
439 799
439 860
440 681
440 840
440 922
440 933
440 951
441 752
441 952
441 974
442 446
442 517
442 775
443 501
443 639
443 647
444 595
444 747
444 885
445 612
445 660
445 756
446 623
446 700
446 852
446 867
446 962
446 997
447 474
447 481
447 678
447 819
447 864
447 929
447 997
448 491
448 510
448 754
448 772
448 822
449 576
449 632
450 492
450 538
450 576
450 712
450 721
451 453
451 793
451 997
452 510
452 600
452 666
452 966
453 464
453 646
453 780
453 807
453 965
453 984
453 993
454 642
454 775
455 499
455 576
455 856
457 552
457 754
457 845
458 514
458 738
458 989
459 694
459 898
459 921
460 877
460 984
462 578
463 538
463 722
464 737
464 923
465 601
465 689
466 487
466 819
466 860
467 863
468 499
468 555
468 836
469 546
469 817
469 976
470 979
471 742
471 819
471 870
472 491
472 613
472 941
473 516
473 899
473 923
473 970
474 653
474 697
474 907
474 930
475 527
475 754
475 957
475 975
476 512
476 655
476 694
476 884
477 478
477 881
477 966
478 546
478 612
478 792
478 906
479 823
479 941
480 802
480 950
481 548
481 780
482 516
483 568
483 598
483 884
484 841
484 971
485 752
485 847
486 859
487 577
487 591
487 601
487 603
487 726
487 790
487 900
487 928
489 785
490 706
491 585
491 847
491 897
492 528
493 719
493 930
495 613
495 619
495 859
495 936
496 750
496 926
497 642
497 898
497 926
498 894
498 965
499 677
499 744
500 625
500 692
500 715
500 877
501 544
501 655
501 731
501 736
501 832
501 863
502 629
503 813
503 855
503 889
505 931
505 951
506 611
506 701
506 992
508 752
508 763
508 944
509 513
509 618
509 880
510 527
510 572
510 773
510 945
511 569
511 581
511 772
512 565
512 613
512 891
512 928
513 538
513 586
513 595
513 641
513 951
514 519
515 823
515 841
515 859
515 904
516 655
516 677
516 853
517 585
517 677
517 694
517 980
518 756
519 588
519 652
519 951
520 630
520 877
520 958
521 654
521 733
521 855
521 901
521 983
522 585
522 644
522 659
522 680
522 774
522 798
522 905
523 624
523 673
523 697
524 685
524 686
525 554
525 561
525 944
526 593
526 687
526 901
527 718
528 776
528 844
529 558
529 595
529 602
529 616
529 856
530 721
531 713
531 848
532 577
532 620
532 787
533 634
533 728
533 788
534 540
534 716
534 752
535 663
536 659
536 841
537 872
537 986
538 561
538 628
538 974
539 658
539 898
540 665
540 795
540 910
541 760
542 657
543 816
544 562
544 600
544 690
544 948
544 980
545 677
545 804
545 947
546 591
546 945
547 751
547 796
548 824
550 588
550 884
550 910
551 795
551 897
551 918
551 945
552 571
552 594
552 784
553 555
553 590
553 931
554 666
554 723
555 606
555 707
555 750
556 684
556 785
556 982
557 809
557 866
557 878
557 898
559 858
559 867
559 964
560 707
560 765
560 784
560 786
561 825
561 860
561 863
562 629
562 982
563 738
563 749
563 818
563 874
563 896
563 937
564 570
564 896
564 945
564 998
565 637
565 749
566 620
567 665
568 807
569 773
569 804
570 669
570 879
571 734
572 581
572 773
572 825
572 860
572 951
573 618
573 713
573 767
573 893
573 915
574 812
575 703
576 954
576 976
577 709
578 730
578 731
578 745
579 702
579 775
581 588
581 828
581 882
581 919
582 604
582 649
582 678
582 758
582 927
584 946
584 965
585 729
585 756
585 787
585 843
586 626
586 645
586 696
586 723
588 942
589 641
589 708
589 824
589 831
589 925
589 965
589 988
590 598
590 796
590 920
592 620
592 722
592 862
593 706
593 829
593 898
593 977
594 958
595 903
595 962
595 996
595 997
596 897
597 682
597 800
598 781
598 908
598 917
598 955
601 606
601 625
601 753
601 944
601 959
602 868
602 907
603 942
603 961
604 695
604 896
604 956
605 606
605 653
605 787
605 797
605 901
606 634
606 717
606 841
606 903
607 748
607 812
608 838
609 718
609 740
609 925
610 794
611 799
611 890
611 933
611 974
612 711
612 892
612 958
613 795
614 629
615 709
616 655
616 694
618 656
618 881
618 895
619 884
619 909
619 924
620 651
620 914
621 674
621 932
621 968
622 656
623 658
623 965
625 850
625 941
626 635
626 875
627 633
628 735
628 977
629 666
629 680
630 832
630 884
630 986
631 832
632 669
632 743
633 674
633 832
634 822
634 832
634 887
635 672
635 698
635 768
635 946
637 677
637 800
639 653
639 655
639 657
639 876
639 917
639 995
640 887
641 892
641 906
642 696
642 742
642 920
642 936
643 656
643 859
644 714
645 836
646 855
646 960
647 903
649 749
651 760
653 797
653 879
654 731
655 659
656 746
656 832
656 856
656 865
657 916
657 981
658 823
658 831
658 855
658 901
659 781
659 882
660 668
660 740
660 758
660 840
660 932
661 857
661 958
662 820
663 859
664 819
665 674
665 713
665 760
665 778
665 791
665 804
666 798
667 819
667 955
668 696
668 813
668 818
668 856
669 706
669 763
670 989
671 720
672 803
672 885
672 980
673 877
675 775
675 988
676 834
677 886
678 764
678 766
678 776
679 878
679 905
681 907
682 750
682 896
682 954
682 997
683 700
683 813
683 846
683 968
683 979
684 736
684 929
684 972
684 998
685 711
685 723
685 894
685 978
686 750
686 910
686 964
687 836
688 717
688 887
688 913
688 922
689 918
690 800
691 919
692 732
692 825
692 905
693 850
693 930
694 742
694 848
694 881
695 756
695 901
696 804
696 896
697 803
697 915
698 789
700 739
700 907
701 721
701 971
702 831
703 759
704 907
704 993
705 846
706 841
706 870
707 836
707 964
708 890
710 808
710 918
711 795
711 818
711 923
713 891
713 965
714 745
714 791
714 956
716 997
717 730
717 740
717 748
717 949
718 822
718 952
720 856
720 874
720 928
721 787
722 778
722 872
722 908
724 904
725 757
725 786
725 869
725 960
726 789
726 965
727 751
727 847
728 794
728 858
728 915
730 817
731 863
731 874
731 928
731 943
732 922
732 978
734 749
734 848
735 798
735 844
736 877
736 907
737 797
737 952
738 792
738 925
738 980
739 819
740 842
740 922
740 965
742 839
742 965
743 895
743 909
745 948
746 815
746 849
746 851
746 879
747 856
747 937
750 846
750 981
751 885
751 897
752 945
752 954
753 929
753 946
754 825
754 989
757 913
758 990
761 882
762 984
763 897
763 936
763 983
764 828
765 778
765 980
766 859
767 801
767 974
767 999
768 938
769 868
770 804
770 986
771 922
772 852
772 915
772 942
773 779
773 852
775 861
775 950
776 779
776 843
776 896
777 792
777 904
777 960
778 852
780 849
781 812
781 990
782 987
783 847
783 971
784 805
785 832
785 836
785 845
785 904
786 872
787 820
787 883
788 942
788 960
789 842
789 886
789 889
789 928
789 998
790 812
790 983
791 850
792 804
795 814
795 855
796 945
797 800
797 807
797 938
797 963
798 832
798 974
800 986
802 949
802 959
804 963
805 998
806 889
806 926
809 963
811 934
812 814
812 992
813 884
817 973
819 945
820 821
820 918
820 997
822 967
823 900
823 963
824 855
824 968
828 873
829 867
829 913
831 919
833 877
833 900
834 916
836 960
837 870
839 995
840 925
841 876
842 961
845 879
847 925
847 941
848 888
848 889
849 924
849 948
850 892
850 993
851 873
852 929
853 916
853 924
853 951
853 969
853 979
855 954
858 986
861 937
861 978
862 947
866 946
867 981
868 907
868 933
868 986
869 889
870 954
872 949
873 918
873 942
874 933
875 908
876 965
876 983
877 974
878 954
878 977
879 978
884 925
888 890
889 960
890 924
890 971
891 994
894 914
894 984
896 969
897 919
897 921
898 945
898 951
898 975
903 980
903 989
904 998
905 957
905 991
907 962
908 916
910 977
916 987
922 997
924 940
925 959
926 932
931 956
935 960
936 991
939 966
941 981
945 968
947 973
957 975
957 980
960 992
967 981
979 986
