0 140
0 361
0 596
0 954
1 59
1 129
1 247
1 321
1 548
1 766
1 859
2 170
2 339
2 813
2 987
3 790
3 872
3 888
3 941
4 23
4 80
4 81
4 127
4 249
4 552
4 690
5 119
5 159
5 458
5 475
5 495
5 528
5 688
5 692
5 809
6 42
6 126
6 765
7 94
7 532
7 587
7 689
7 846
8 191
8 195
8 448
8 586
8 808
8 831
8 864
8 982
9 219
9 389
9 442
9 692
9 793
9 870
10 75
10 95
10 150
10 193
10 384
10 767
10 779
10 856
10 939
11 43
11 166
11 610
11 724
11 729
11 810
11 855
12 65
12 333
12 628
12 653
12 683
12 684
12 754
12 989
13 75
13 108
13 246
13 416
13 609
13 610
13 708
14 65
14 351
14 415
14 425
14 533
14 605
14 784
14 846
15 146
15 177
15 564
15 576
15 701
15 767
15 891
15 976
16 308
16 486
16 864
16 957
17 103
17 119
17 308
17 353
17 676
17 679
17 834
18 211
18 323
18 330
18 351
18 575
18 696
18 786
18 825
18 907
19 78
19 153
19 264
19 378
19 474
19 666
19 762
20 44
20 280
20 744
20 988
21 150
21 376
21 463
21 521
21 544
21 870
21 893
22 235
22 379
22 665
23 226
23 286
23 351
23 572
23 706
23 809
23 975
24 40
24 154
24 411
24 433
24 459
24 469
24 545
24 621
24 861
25 204
25 208
25 314
25 338
25 409
25 473
25 542
26 73
26 236
26 468
26 474
26 518
26 689
26 757
26 847
26 887
26 998
27 36
27 242
27 315
27 365
27 449
27 463
27 692
27 786
27 985
28 50
28 127
28 143
28 213
28 345
28 495
28 633
28 689
28 762
28 794
29 197
29 298
29 460
29 532
29 826
29 934
30 370
30 400
30 453
30 501
30 522
31 50
31 98
31 104
31 117
31 584
31 959
32 71
32 215
32 409
32 651
33 205
33 306
33 418
33 708
33 713
33 814
33 864
34 132
34 193
34 236
34 626
34 630
34 759
35 69
35 158
35 220
35 327
35 793
35 863
35 874
35 894
35 958
36 190
36 191
36 239
36 343
36 405
36 424
36 480
36 911
37 160
37 217
37 259
37 405
37 618
37 628
37 692
37 822
37 900
37 914
37 960
37 989
38 222
38 394
38 554
38 817
39 286
39 476
39 544
39 657
39 922
39 978
40 136
40 226
40 256
40 607
40 942
40 967
41 76
41 94
41 313
41 365
41 433
41 564
41 914
41 992
42 44
42 137
42 585
42 744
42 925
42 928
43 97
43 109
43 270
43 624
44 109
44 711
45 96
45 218
45 257
45 451
45 586
45 843
45 868
46 380
46 642
46 694
46 798
46 863
47 235
47 247
47 295
47 350
47 482
47 822
48 294
48 432
48 507
48 531
48 727
49 82
49 279
49 329
49 356
49 960
50 202
50 241
50 354
50 459
50 495
50 786
51 148
51 209
51 381
51 787
52 82
52 195
52 368
52 503
52 587
52 884
53 84
53 307
53 485
53 533
53 803
53 920
53 940
54 83
54 113
54 136
54 378
54 413
54 561
54 606
55 57
55 128
55 376
55 379
55 410
55 626
55 713
55 748
55 812
56 277
56 588
56 603
56 652
56 739
56 981
57 60
57 261
57 487
57 491
57 516
57 606
57 788
57 984
58 62
58 73
58 139
58 153
58 186
58 293
58 646
58 690
58 843
58 895
59 73
59 153
59 199
59 277
59 287
59 456
59 621
60 258
60 449
60 474
60 567
60 587
60 694
61 102
61 128
61 306
61 333
61 425
61 447
61 521
61 634
61 666
61 708
61 735
61 760
61 864
61 963
62 98
62 130
62 337
63 180
63 185
63 259
63 298
63 465
63 866
64 168
64 196
64 661
64 766
65 72
65 454
65 615
65 722
65 964
66 83
66 91
66 255
66 282
66 487
66 734
66 739
67 655
67 836
67 910
68 125
68 139
68 188
68 898
68 932
69 70
69 235
69 345
69 511
69 515
69 556
69 629
69 873
69 984
70 308
70 588
70 910
71 96
71 286
71 535
71 801
71 895
71 951
72 277
72 536
72 537
72 538
72 541
72 558
72 730
72 846
73 159
73 334
73 692
74 105
74 489
74 601
74 934
75 169
75 435
75 491
75 560
75 939
75 958
76 283
76 353
76 381
76 413
76 641
76 741
77 80
77 144
77 363
77 367
77 403
77 456
77 520
77 604
77 940
78 152
78 329
78 350
78 890
78 951
78 999
79 182
79 420
79 699
79 852
80 182
80 421
80 703
81 91
81 125
81 130
81 235
81 398
81 725
81 759
81 881
82 280
83 170
83 532
83 654
83 905
84 160
84 315
84 334
84 539
84 685
85 259
85 314
85 491
85 523
85 657
85 683
85 870
86 302
86 374
86 505
86 732
86 795
86 836
87 362
87 412
87 625
87 636
88 215
88 814
88 897
89 271
89 447
89 514
89 594
89 776
90 633
90 788
90 866
90 898
91 200
91 306
92 145
92 204
92 302
92 667
92 714
92 822
93 272
93 418
93 445
93 563
94 228
94 248
94 274
94 434
94 588
94 910
94 958
95 519
95 595
96 217
96 418
96 438
96 602
96 614
96 772
97 175
97 465
97 509
97 578
97 601
97 973
97 986
98 120
98 199
98 380
98 524
98 718
98 768
98 922
99 241
99 455
99 542
99 579
99 773
100 323
100 668
100 809
100 889
100 894
101 149
101 167
101 433
101 582
101 691
101 710
101 949
102 156
102 232
102 299
102 419
102 668
102 977
103 151
103 181
103 771
103 931
104 249
104 591
104 627
104 637
104 640
105 156
105 328
105 354
105 820
105 966
106 167
106 214
106 950
107 164
107 390
107 472
107 481
107 606
107 679
107 747
107 879
107 933
108 408
108 509
108 725
109 412
109 604
109 620
109 709
110 160
110 365
110 392
110 525
111 317
111 775
111 798
112 176
112 212
112 438
112 580
112 797
112 811
112 853
112 965
113 183
113 555
113 666
113 688
113 842
113 877
113 916
113 931
114 162
114 294
114 398
114 461
114 542
114 867
114 887
115 741
115 909
115 976
116 248
116 475
116 967
117 624
117 666
118 142
118 145
118 612
118 696
118 791
118 929
119 120
119 167
119 242
119 772
119 871
120 223
120 504
120 510
120 978
121 584
121 817
122 130
122 317
122 416
122 609
122 613
122 749
122 829
122 938
123 162
123 430
123 564
123 574
123 710
123 942
124 308
124 400
124 433
124 667
124 792
125 165
125 450
125 521
125 945
126 283
126 285
126 421
126 430
126 539
126 598
127 319
127 551
127 879
128 327
129 162
129 258
129 272
129 469
129 579
129 845
129 850
130 598
130 845
130 959
130 964
131 281
131 322
131 390
131 495
131 766
132 350
132 355
132 475
132 638
132 726
132 867
132 979
133 308
133 323
133 530
133 679
133 795
133 855
134 372
134 634
134 759
134 809
135 256
135 374
135 632
135 682
135 859
136 173
136 222
136 305
136 384
136 608
136 921
136 923
137 226
137 430
137 456
137 666
137 694
137 739
137 830
137 840
137 883
137 889
137 985
138 538
139 215
139 229
139 252
139 299
139 434
139 731
139 758
140 185
140 287
140 671
140 717
141 145
141 383
141 493
141 614
141 825
142 174
142 185
142 187
142 435
142 533
142 570
142 593
142 792
142 820
142 880
142 966
144 335
144 608
144 770
144 853
144 975
144 991
145 297
145 535
145 760
146 258
146 281
146 709
146 974
147 263
147 425
147 663
147 669
148 240
148 344
148 425
148 507
148 672
149 166
149 211
149 487
149 637
149 913
150 164
150 204
150 265
150 536
150 850
150 979
151 167
151 279
151 502
151 512
151 579
151 632
151 673
151 775
151 920
151 934
152 436
152 452
152 726
152 759
153 156
153 160
153 222
153 372
153 698
153 907
154 205
154 322
154 345
154 395
154 500
155 353
155 830
155 839
156 165
156 389
156 454
156 630
156 812
157 216
157 266
157 761
157 839
158 256
158 292
158 293
158 396
158 688
158 693
159 336
159 495
159 497
159 510
159 774
159 813
159 829
159 994
160 392
160 493
160 703
160 884
161 242
161 336
161 667
161 842
161 940
162 681
163 166
163 296
163 398
163 447
163 633
163 761
164 410
164 570
164 893
164 959
165 248
165 513
165 701
165 713
165 809
165 853
166 266
166 481
166 518
166 764
166 940
167 218
167 544
167 658
168 748
168 826
168 986
169 669
169 727
170 365
170 639
170 809
171 260
171 465
171 638
171 742
171 772
171 783
171 966
172 181
172 669
172 859
173 261
173 302
173 525
173 698
173 713
173 916
173 924
173 939
174 496
174 889
175 359
175 647
175 659
175 683
175 804
175 999
176 398
176 572
176 698
176 847
177 469
177 614
177 828
177 855
177 925
177 936
177 960
178 455
178 703
178 819
179 591
179 912
180 530
180 823
180 859
180 902
181 649
181 660
181 768
181 773
182 447
182 448
182 586
182 814
183 205
183 368
183 434
183 525
183 648
183 649
183 773
183 839
183 998
184 530
184 828
185 686
185 790
185 881
185 903
185 979
186 228
186 452
186 786
186 872
187 191
187 231
187 273
187 438
187 474
187 713
187 809
187 906
187 964
188 364
188 769
188 793
189 195
189 724
189 927
190 222
190 333
190 348
190 462
190 586
190 645
191 670
191 753
191 858
192 359
192 438
192 822
193 710
193 799
193 805
193 916
193 993
194 223
194 339
194 411
194 523
194 655
194 807
194 870
194 876
195 262
195 484
195 507
195 916
196 362
196 445
196 506
196 784
197 320
197 488
197 636
197 788
197 908
197 936
198 226
198 563
198 627
198 855
198 892
199 219
199 641
199 846
199 935
200 616
200 788
200 819
201 319
201 408
201 573
202 245
202 360
202 472
202 527
202 578
202 633
202 850
203 382
203 609
203 711
203 824
203 831
204 242
205 421
205 759
206 482
206 631
206 640
206 848
206 998
207 686
207 780
207 884
207 919
208 325
208 427
208 720
208 746
208 805
209 247
209 260
209 435
209 607
209 616
210 339
210 366
210 382
210 721
211 386
211 544
211 564
211 820
212 415
212 683
212 687
212 790
213 672
214 353
214 476
214 620
214 803
214 843
214 910
215 225
215 528
215 564
215 861
216 226
216 363
216 650
216 838
216 966
217 296
217 307
217 397
217 465
217 603
217 637
217 759
217 791
217 979
218 383
218 605
218 778
218 850
218 867
218 932
219 563
219 603
219 902
219 987
220 301
220 344
220 807
220 897
220 917
221 229
221 299
221 399
221 904
222 586
222 694
222 752
222 787
223 285
223 338
223 852
223 950
224 244
224 315
224 329
224 654
224 866
225 391
225 638
225 952
225 969
226 350
226 834
226 915
226 971
227 325
227 540
227 681
227 764
228 444
228 451
228 630
229 575
229 591
229 645
229 680
229 686
229 833
230 403
230 625
230 789
230 945
231 284
231 490
231 653
231 872
232 360
232 659
232 819
233 313
233 466
233 689
233 714
233 770
233 844
233 880
233 999
234 497
234 653
234 743
234 856
235 421
235 592
236 430
237 399
237 619
237 714
238 265
238 290
238 682
238 865
238 985
239 280
239 394
239 785
239 868
239 927
240 506
240 624
240 722
240 834
240 980
241 332
241 361
241 391
241 394
241 439
241 635
241 702
241 730
241 813
243 279
243 283
243 322
243 385
243 625
243 707
243 727
243 958
244 396
244 711
244 903
245 889
246 304
246 417
246 659
246 958
246 969
247 285
247 315
247 419
247 447
247 688
247 833
247 962
248 361
248 637
248 702
249 458
249 647
249 700
249 720
250 945
250 948
251 760
251 765
252 304
252 344
252 482
252 572
252 602
252 674
253 290
253 852
254 617
255 689
256 258
256 479
256 576
256 615
256 698
256 904
256 926
257 415
257 500
257 615
257 700
258 532
258 644
258 956
258 987
258 998
259 330
259 713
260 279
260 539
260 907
261 669
261 770
261 795
261 798
261 836
261 986
262 310
262 601
262 801
262 803
262 850
262 866
262 985
263 427
263 705
263 775
265 852
266 529
266 895
266 964
267 394
267 648
267 673
267 878
268 291
269 435
269 454
269 495
269 650
270 311
270 370
270 395
270 518
270 654
270 781
270 809
271 372
271 382
271 595
271 639
271 681
271 733
271 898
272 599
273 417
273 435
273 464
274 683
274 694
275 525
275 547
275 646
275 674
275 761
275 885
276 583
276 783
276 896
277 731
277 969
278 308
278 441
278 807
278 901
278 928
279 440
279 910
280 326
280 464
280 501
280 928
281 362
281 441
281 477
281 817
281 828
282 522
282 525
282 848
283 285
283 318
283 363
283 566
284 477
284 518
284 575
284 652
284 662
284 670
285 309
285 395
285 468
285 746
286 300
286 397
286 488
286 508
286 836
287 626
287 833
288 307
288 797
288 802
289 399
289 460
289 587
289 616
289 630
290 698
290 719
290 951
291 309
293 330
293 722
293 870
294 300
294 314
294 392
294 532
294 705
294 749
294 862
294 918
295 297
295 302
295 508
295 711
296 330
296 422
296 642
296 976
297 442
297 461
297 540
297 607
297 804
297 974
298 379
298 528
298 555
298 843
298 982
298 999
299 323
299 339
299 873
299 919
300 381
301 417
301 476
301 624
301 899
302 358
302 626
303 565
303 708
303 859
303 888
303 945
304 486
304 585
304 598
304 616
304 740
304 809
304 928
304 985
305 516
305 702
305 710
306 530
306 677
307 461
307 588
307 784
307 924
308 540
308 623
308 711
308 761
309 346
310 531
310 746
311 326
311 380
311 632
311 799
312 417
312 526
312 540
312 553
312 795
312 967
313 316
313 325
313 607
313 793
313 942
314 399
314 415
314 526
315 321
315 363
315 566
315 912
315 944
316 498
316 649
316 820
316 861
316 964
317 345
317 547
317 567
317 602
317 631
317 912
317 916
317 968
318 545
318 574
319 385
319 721
319 745
319 902
320 344
320 692
320 761
321 557
321 742
321 758
321 937
322 802
322 866
322 885
322 887
323 394
323 419
323 465
323 786
323 903
323 998
324 375
324 403
324 621
324 628
324 686
324 919
324 966
324 977
325 449
325 472
325 505
325 681
325 706
325 748
325 798
325 848
325 949
326 352
326 540
326 678
326 764
326 824
326 922
326 995
327 347
327 415
327 428
327 825
328 336
328 542
328 543
328 567
329 360
329 372
329 508
330 349
330 685
330 710
330 765
330 784
331 441
331 857
331 886
331 901
331 948
331 969
332 529
332 979
332 980
333 750
334 584
334 694
334 716
334 847
335 372
335 473
335 493
335 616
335 617
335 625
335 817
335 873
335 990
336 535
336 629
336 698
336 701
336 711
337 377
337 447
337 554
337 977
338 722
339 347
339 621
339 815
339 956
340 551
340 848
340 924
342 385
342 416
342 693
343 350
343 356
343 442
343 534
343 602
343 940
344 504
344 766
344 843
344 847
345 467
345 601
345 645
345 889
345 911
345 980
346 897
347 873
348 743
348 963
348 993
349 548
349 593
349 887
349 917
349 992
350 633
350 966
351 826
352 391
352 580
352 919
354 483
354 729
354 731
354 804
354 817
354 841
355 374
355 486
355 581
355 691
355 719
355 852
355 970
356 850
356 892
356 908
358 404
358 406
358 416
358 623
358 794
358 863
359 843
360 476
360 552
360 956
361 610
361 708
362 477
362 576
362 635
362 919
363 506
363 631
363 637
363 712
363 763
363 778
364 481
364 578
364 693
364 889
365 618
365 625
365 729
365 910
367 438
367 727
367 788
367 789
367 892
367 899
368 487
368 514
368 517
368 960
369 698
369 849
370 379
370 790
370 803
370 858
371 723
372 443
372 745
372 786
372 805
372 906
373 553
374 617
374 748
374 832
375 407
375 503
375 882
375 905
376 453
376 532
376 762
377 421
377 474
377 729
378 444
378 497
378 939
379 430
379 509
379 545
379 565
379 754
380 482
380 676
380 961
381 394
381 414
381 447
381 988
382 405
382 664
382 960
383 623
383 740
383 938
385 423
385 626
385 829
385 976
386 409
386 553
386 589
386 650
386 730
387 442
387 505
387 604
387 617
388 609
388 690
388 710
388 933
388 948
389 474
389 639
389 872
389 945
389 959
390 449
390 542
390 556
390 970
391 504
391 785
391 825
391 967
392 440
392 563
392 618
392 749
392 784
392 800
392 940
393 625
393 789
394 622
394 732
394 806
395 486
395 509
395 575
395 586
395 702
395 974
396 442
396 652
396 990
396 996
397 827
397 861
397 952
398 557
398 640
398 642
398 684
399 469
399 506
399 918
400 651
400 655
400 758
400 805
401 423
401 535
401 566
401 569
401 663
401 743
401 887
402 453
402 590
402 878
403 524
403 781
404 428
404 564
405 406
405 634
405 686
405 688
405 719
405 772
405 778
405 862
405 942
405 967
406 832
407 660
407 833
407 971
408 675
409 597
409 602
409 889
410 421
410 709
410 902
410 968
411 517
411 596
411 660
411 766
411 828
412 442
412 763
412 805
413 674
413 710
414 453
414 558
414 579
414 692
415 425
415 545
415 588
415 619
415 622
416 473
416 483
416 768
417 504
417 696
417 723
418 487
418 641
419 505
419 540
419 568
419 591
419 997
420 775
420 818
420 901
421 496
421 553
421 982
422 683
423 424
423 529
423 615
423 773
423 872
423 945
423 993
424 589
424 691
424 899
425 527
425 585
425 982
426 737
426 752
426 777
427 813
427 824
427 974
428 514
428 675
429 532
429 625
430 444
430 574
430 757
430 800
431 495
431 499
431 616
431 686
431 728
432 597
432 814
433 502
433 706
433 745
433 846
434 532
434 584
434 624
434 677
434 686
435 469
435 593
435 605
435 934
435 939
436 554
436 656
436 752
436 873
436 899
436 982
436 996
438 496
439 525
439 693
439 786
439 804
439 825
439 977
440 616
440 864
440 876
440 928
441 452
441 616
441 620
441 637
441 663
441 683
441 722
441 723
441 931
442 536
442 746
442 815
442 859
442 910
443 530
443 610
443 689
443 969
444 497
444 562
444 593
444 836
445 544
445 615
445 696
445 728
445 885
445 908
446 452
446 581
446 853
446 873
447 449
447 667
447 823
447 830
448 499
448 586
448 637
448 688
449 466
449 589
449 651
450 470
450 678
450 996
451 832
451 934
451 973
452 809
453 860
453 900
454 484
454 686
454 838
455 461
455 583
455 616
455 754
455 757
455 908
456 537
456 843
456 997
457 595
457 989
458 585
458 970
459 620
459 915
460 522
460 583
460 638
460 802
460 949
461 520
461 711
461 812
461 827
461 950
462 787
463 484
463 722
464 541
464 650
464 743
465 541
465 590
466 870
467 477
467 491
467 602
467 814
467 878
468 758
468 766
468 861
469 506
469 624
469 693
469 747
469 839
469 859
470 594
470 627
470 657
470 661
470 790
470 859
470 996
471 484
471 530
471 585
471 707
471 841
471 926
471 964
471 968
472 544
472 599
472 619
472 674
472 911
473 571
473 585
473 588
473 643
473 648
473 755
473 846
474 492
474 611
474 625
474 932
474 996
475 941
475 981
476 521
476 535
476 563
476 573
476 643
477 480
477 494
477 604
477 669
477 729
477 761
477 926
478 529
478 629
478 976
479 901
479 998
480 637
480 673
480 754
480 950
481 616
481 805
481 815
481 894
483 576
483 665
483 715
483 818
483 932
484 584
484 718
484 807
486 743
486 767
486 808
486 899
486 998
487 517
487 588
487 590
487 628
487 642
487 911
488 678
488 821
488 934
489 966
490 627
490 928
491 651
491 718
491 826
492 507
492 763
492 790
492 910
494 596
494 717
494 867
496 702
496 734
496 943
497 843
497 890
497 893
498 634
498 673
498 832
498 893
499 521
499 539
499 958
499 985
500 555
500 847
500 863
500 865
500 946
501 568
501 669
501 736
501 792
502 552
502 718
502 841
503 754
503 965
504 573
504 587
504 590
504 874
504 922
505 548
505 719
505 892
505 929
506 570
506 665
506 755
506 852
507 761
507 767
507 800
508 612
509 751
509 755
510 725
511 724
511 821
511 824
511 920
511 958
512 898
512 921
513 549
513 754
513 834
513 885
514 533
514 642
514 794
514 926
515 739
515 882
515 939
517 701
517 873
517 898
518 733
518 843
519 883
520 936
521 683
521 796
521 822
521 881
521 987
522 629
522 867
522 905
522 938
522 963
522 999
523 568
523 707
523 833
523 918
523 991
524 619
524 853
524 864
524 989
525 566
525 577
525 945
525 962
527 615
528 605
528 666
528 689
528 692
528 736
528 995
529 581
529 597
529 816
529 852
529 918
530 727
530 739
530 797
530 802
530 878
531 734
531 948
532 625
532 661
532 908
533 630
534 758
534 872
535 696
535 914
536 543
537 549
537 677
537 762
537 773
537 900
538 690
538 729
538 843
538 903
539 636
539 808
540 943
541 591
542 561
542 827
543 763
543 874
544 874
545 635
545 689
545 697
545 713
545 893
545 933
546 602
546 724
547 583
547 865
547 972
548 879
548 894
549 579
549 783
549 805
549 820
549 920
551 621
551 644
551 727
552 560
552 971
553 710
553 711
553 768
553 809
553 831
553 974
554 698
554 719
554 733
555 603
555 811
555 854
555 999
556 685
557 724
558 765
558 775
558 891
559 560
559 569
559 601
559 733
559 735
559 803
559 963
560 583
560 598
560 664
560 981
561 659
561 661
561 839
562 615
562 832
562 874
562 915
563 575
563 907
564 684
564 713
564 977
565 688
565 711
565 862
565 866
565 905
565 939
565 940
565 998
566 724
566 791
567 681
567 711
567 929
569 637
569 849
569 887
570 571
570 706
570 995
571 623
571 703
571 868
571 878
571 961
572 706
572 761
572 828
573 652
574 633
574 739
575 636
575 781
576 699
576 983
576 988
577 779
577 936
580 626
581 639
581 687
583 587
583 745
583 920
585 654
585 743
585 853
586 714
586 861
586 878
586 890
587 602
587 630
587 701
587 749
587 761
587 763
587 826
587 953
587 996
588 613
589 869
589 901
589 951
590 797
591 636
591 667
592 916
593 601
593 730
593 817
593 916
594 879
595 913
595 925
595 994
596 662
596 750
596 817
596 952
596 959
597 612
597 621
597 732
597 953
598 755
598 945
598 950
599 618
599 670
599 799
599 881
600 659
600 665
600 933
600 954
601 722
601 879
603 635
603 801
603 868
604 808
604 816
604 965
604 994
605 617
605 760
605 792
605 830
605 906
607 789
607 920
608 774
608 954
608 961
609 725
609 747
609 776
610 624
610 688
610 743
610 861
610 993
611 740
611 789
611 829
612 822
613 762
613 829
613 876
613 905
614 752
614 771
615 717
615 965
616 883
616 888
616 990
617 857
618 848
618 871
619 844
619 851
619 908
620 756
620 814
622 659
622 760
622 806
623 641
623 808
624 816
624 900
625 835
626 757
627 872
627 916
627 993
628 791
629 750
629 824
630 698
630 835
630 882
631 865
632 741
632 750
632 826
632 864
633 863
633 970
634 678
634 890
634 995
635 777
635 909
636 850
636 894
638 658
640 712
640 755
641 783
644 888
644 904
644 963
645 845
645 889
646 679
646 685
646 776
646 785
646 829
647 766
647 779
647 890
647 949
649 882
650 747
651 727
651 785
651 808
651 833
652 707
652 868
652 912
652 941
652 955
653 712
653 714
653 800
653 832
655 716
655 870
655 962
656 792
657 674
657 912
657 970
659 677
659 679
659 758
659 896
659 978
660 667
660 716
661 749
661 761
661 797
661 834
661 967
662 739
662 886
663 746
664 821
664 842
664 958
665 782
665 957
666 742
666 927
667 791
668 865
668 934
669 954
670 734
670 779
670 937
671 708
671 725
671 811
672 881
672 909
674 690
674 716
674 779
674 822
675 874
675 888
676 677
676 710
676 919
677 768
678 747
679 683
681 720
681 758
681 777
681 807
682 702
683 811
683 882
683 915
685 964
688 716
688 799
688 893
689 877
689 912
689 920
689 962
690 699
690 877
691 780
691 913
691 955
693 841
695 765
695 844
695 908
697 775
697 801
697 956
699 916
700 786
700 878
701 740
701 904
702 729
702 751
703 918
703 984
705 720
705 797
706 734
706 905
707 754
707 782
707 907
707 926
707 939
708 724
708 928
709 973
711 818
711 940
711 944
712 842
712 849
712 851
713 789
713 919
713 926
714 822
714 918
715 782
715 813
715 872
718 828
718 893
719 847
719 984
720 781
720 869
721 783
721 847
721 878
721 894
721 971
722 778
722 891
722 992
723 762
723 772
723 784
723 802
723 832
723 837
724 780
724 921
727 965
729 860
729 919
730 757
730 769
731 801
731 913
731 975
733 926
734 917
735 768
736 745
736 768
737 743
737 987
740 799
740 957
741 930
741 951
742 759
742 781
742 823
743 791
744 893
744 955
744 985
745 761
745 894
745 942
746 799
746 819
748 824
749 754
749 843
750 865
751 926
752 758
754 859
754 876
754 973
757 823
757 887
757 901
757 945
757 992
758 923
759 838
761 947
763 769
764 856
765 777
765 824
766 830
766 898
767 827
767 996
768 786
768 861
768 917
770 943
770 956
770 990
771 777
771 838
771 911
772 780
772 836
772 994
773 967
774 837
774 969
774 992
775 798
775 803
776 998
782 854
783 860
785 825
786 803
786 899
788 826
789 841
789 865
789 885
789 994
791 879
791 979
792 931
793 977
793 990
794 819
794 912
794 958
794 983
795 853
796 884
796 894
796 909
800 823
800 828
801 826
801 891
802 884
802 959
803 916
804 953
805 858
806 998
809 840
809 961
810 811
810 849
810 915
811 906
811 972
812 826
813 881
814 827
816 944
817 913
817 996
818 986
819 876
819 979
820 929
820 977
821 833
822 966
823 914
823 987
824 826
827 897
828 931
830 851
830 917
830 957
832 878
833 932
833 989
835 900
837 935
837 964
838 845
838 849
838 896
838 965
840 927
844 899
845 969
848 985
850 875
850 900
851 932
851 982
853 897
854 880
856 940
856 946
856 960
860 942
860 968
861 884
862 925
867 952
870 974
870 986
873 971
873 976
874 892
875 885
878 914
881 891
882 972
883 901
885 989
885 991
889 971
889 979
889 985
890 940
891 893
891 918
891 953
892 901
895 976
899 979
901 980
902 936
902 955
903 994
904 934
905 932
905 978
907 962
907 971
912 943
913 927
917 950
918 937
918 959
922 923
924 951
924 973
926 989
927 974
930 983
934 950
935 961
936 961
938 963
941 973
942 998
943 969
948 998
952 974
961 998
962 977
962 980
963 988
963 993
969 985
970 997
972 977
982 999
