0 127
0 156
0 281
0 448
0 537
1 530
1 598
1 650
1 708
1 760
1 820
2 156
2 273
2 872
2 903
3 256
3 266
3 325
3 347
3 638
3 750
4 639
4 796
4 823
5 47
5 126
5 463
5 546
5 655
5 868
5 906
6 194
6 238
6 276
6 337
6 524
6 779
6 804
7 495
7 607
7 655
7 780
7 789
7 830
7 833
7 883
8 103
8 186
8 201
8 271
8 293
8 387
8 400
8 455
8 458
8 471
8 556
8 610
8 672
8 879
8 923
8 962
9 210
9 232
9 405
9 489
10 50
10 172
10 382
10 582
10 593
10 745
10 762
10 945
11 172
11 187
11 409
11 444
11 668
11 879
11 978
12 28
12 78
12 243
12 363
12 485
12 593
12 607
12 628
12 750
12 773
12 810
13 190
13 815
13 959
14 101
14 171
14 254
14 385
14 998
15 170
15 191
15 375
15 473
15 765
15 913
16 283
16 325
16 417
16 572
17 238
17 268
17 621
17 649
17 709
17 794
18 191
18 333
19 295
19 531
19 638
20 124
20 318
20 324
20 407
21 22
21 178
21 217
21 315
21 695
21 782
21 903
22 223
22 288
22 383
22 663
22 722
22 737
22 742
22 835
22 838
22 891
23 402
23 484
23 514
23 526
23 606
24 206
24 504
24 523
25 250
25 461
25 473
25 679
25 704
26 370
26 485
26 756
26 790
26 972
27 65
27 103
27 193
27 344
27 487
27 613
27 686
27 738
27 831
28 128
28 376
28 536
28 664
28 700
28 728
28 780
29 151
29 603
29 813
29 878
29 985
30 46
30 109
30 409
30 493
30 602
31 79
31 350
31 821
32 261
32 301
32 412
32 794
32 819
32 975
33 421
33 512
33 615
34 172
34 243
34 311
34 493
34 645
35 355
35 973
35 993
36 440
36 789
36 920
37 236
37 373
37 406
37 430
37 444
37 708
37 761
37 884
37 928
37 995
38 103
38 207
38 461
38 538
38 728
38 790
38 848
38 857
39 165
39 289
39 328
39 490
39 528
39 533
39 777
39 946
40 118
40 503
40 537
40 574
40 596
40 709
40 744
40 750
40 787
40 861
41 324
41 366
41 386
41 489
41 549
41 907
42 127
42 142
42 293
42 570
43 990
44 219
44 232
44 347
44 386
44 836
44 886
45 375
45 584
45 633
45 910
45 944
46 140
46 586
46 604
46 738
46 780
46 970
47 113
48 495
48 630
48 701
48 735
49 117
49 222
49 336
49 374
49 569
49 604
49 667
49 931
50 233
50 694
50 774
50 795
50 992
51 57
51 176
51 418
51 861
51 897
51 948
52 163
52 698
52 870
53 214
53 488
53 625
53 871
53 971
54 323
54 780
55 381
55 439
55 463
55 491
55 526
55 541
55 564
55 734
55 929
56 79
56 437
56 676
56 830
56 846
56 850
57 376
57 427
57 472
57 561
57 677
57 827
58 88
58 95
58 268
58 836
58 895
59 64
59 534
59 914
59 957
59 968
60 322
60 533
60 826
60 842
60 977
61 135
61 729
61 787
62 324
62 551
62 821
63 137
63 281
63 292
63 363
63 492
63 569
63 730
63 825
64 150
64 181
64 206
64 509
64 533
64 972
65 139
65 176
65 239
65 405
65 447
65 525
65 574
65 846
66 110
66 228
66 359
67 212
67 357
67 708
68 84
68 251
68 293
68 577
68 617
68 853
68 934
68 974
69 185
69 456
69 462
69 704
70 98
70 249
70 295
70 476
70 676
70 709
71 230
71 365
71 392
71 487
71 648
71 743
71 767
72 104
72 169
72 357
72 381
72 422
72 495
72 850
73 115
73 350
73 404
73 826
73 862
74 102
74 108
74 185
74 197
74 240
74 659
74 728
74 735
74 818
75 167
75 191
75 300
75 325
75 510
75 597
75 980
76 189
76 321
76 352
76 364
76 577
76 916
77 78
77 288
77 423
77 548
77 582
77 687
77 726
77 759
77 861
77 976
78 382
78 407
78 453
78 487
78 556
78 590
78 834
79 263
79 287
79 348
79 741
79 747
79 799
79 838
79 942
80 321
80 374
80 601
80 675
80 817
80 827
80 954
81 702
81 868
81 884
81 997
82 296
82 401
82 437
82 513
82 537
82 606
82 610
83 161
83 254
83 559
84 241
84 302
84 360
84 383
84 465
84 481
84 528
84 593
84 826
84 892
85 148
85 684
85 944
86 170
86 330
86 520
86 547
86 578
86 696
86 775
86 944
87 361
87 481
87 604
87 609
87 679
87 830
88 210
88 254
88 273
88 339
88 391
88 679
88 735
88 859
89 426
89 515
89 566
89 837
89 907
89 918
89 921
89 922
90 257
90 349
90 376
91 376
91 599
91 783
91 795
91 952
92 336
92 721
92 961
92 997
93 518
93 561
93 803
93 963
94 146
94 358
94 401
94 571
94 717
94 794
95 119
95 462
95 523
95 582
95 817
95 919
96 190
96 730
96 818
96 946
96 949
97 126
97 159
97 338
97 367
97 405
97 414
97 474
97 669
97 676
97 719
97 905
98 312
98 323
98 517
98 573
98 720
98 795
98 927
99 120
99 337
99 398
99 436
99 571
99 631
99 702
99 705
99 844
100 302
100 455
100 469
100 499
100 558
100 591
100 963
101 180
101 182
101 224
101 546
101 804
102 156
102 269
102 301
102 347
102 888
103 149
103 484
104 303
104 492
104 728
105 128
105 244
105 315
105 452
105 738
105 802
105 805
105 849
105 948
106 501
106 728
107 224
107 398
107 417
107 960
108 358
108 411
108 819
108 973
108 996
109 129
109 167
109 546
109 685
109 818
109 869
110 154
110 245
110 277
110 532
110 702
110 974
111 160
111 388
112 193
112 407
112 519
112 534
112 565
112 719
112 737
113 138
113 320
113 426
113 572
113 777
114 249
114 369
114 529
114 793
115 124
115 324
115 471
115 484
115 566
115 657
116 128
116 190
116 219
116 572
116 833
116 874
116 917
117 352
117 473
118 146
118 457
118 595
119 303
119 488
119 671
120 246
120 350
120 353
120 622
120 746
120 964
121 219
121 262
121 310
121 319
121 334
121 491
121 540
121 918
122 285
122 535
122 724
122 848
123 137
123 392
123 748
123 985
124 320
124 450
124 676
124 762
124 892
125 174
125 285
125 294
125 603
125 618
125 677
125 721
125 845
125 924
125 947
126 272
126 358
126 685
126 707
126 725
126 830
126 853
127 161
127 453
127 462
127 485
127 488
127 604
127 819
128 180
128 422
128 703
128 745
128 781
128 944
129 150
129 178
129 400
129 563
129 600
129 875
129 958
129 968
130 473
130 610
131 277
131 649
131 766
131 888
131 996
132 309
132 386
132 551
132 742
132 828
132 871
132 973
133 454
133 550
133 570
133 625
133 853
133 945
133 949
133 968
134 140
134 203
134 269
134 502
134 573
134 769
134 818
135 157
135 203
135 254
135 316
135 386
135 947
136 341
136 670
136 976
136 992
137 151
137 358
137 359
137 929
137 985
138 417
138 757
138 832
138 875
139 166
139 410
139 491
139 906
139 973
140 145
140 153
140 562
140 621
140 800
140 992
141 501
141 537
141 743
141 802
142 208
142 246
142 451
142 518
142 647
142 753
142 808
143 279
143 476
143 481
143 683
144 157
144 239
144 629
144 647
144 665
145 240
145 409
145 469
145 475
145 698
145 890
145 989
146 284
146 396
146 503
146 533
146 991
147 236
147 599
147 600
147 659
147 787
148 212
148 366
148 551
148 725
149 326
149 369
149 495
149 538
149 543
149 547
149 878
150 165
150 554
150 643
150 658
150 685
151 186
151 273
151 331
152 326
152 363
152 598
152 608
152 800
152 970
153 218
153 241
153 242
153 265
153 347
153 617
153 630
153 683
153 706
153 974
154 157
154 287
154 402
154 495
154 669
154 792
154 941
155 175
155 337
155 536
155 630
155 658
155 679
155 693
155 701
155 731
155 767
155 838
156 181
156 342
156 480
156 636
157 272
157 520
157 539
157 551
157 602
157 625
157 663
157 837
157 946
158 239
158 378
158 381
158 401
158 489
158 551
159 363
159 760
159 786
159 897
159 941
160 181
160 897
160 926
160 927
160 976
161 178
161 340
161 464
161 477
162 222
162 268
162 360
162 492
162 607
162 815
162 993
163 411
163 423
163 602
163 643
163 674
163 875
164 321
164 399
164 475
164 498
164 796
164 827
165 251
165 338
165 460
165 538
165 547
165 583
165 728
165 978
166 514
166 671
166 825
167 244
167 600
167 717
168 613
168 961
169 318
169 326
169 429
169 849
169 904
169 932
170 282
170 464
170 695
170 704
170 757
171 266
171 541
171 598
171 754
172 191
172 465
172 683
172 735
172 869
173 201
173 212
173 266
173 276
173 406
173 584
173 660
174 347
174 349
174 462
174 751
175 192
175 259
175 379
175 467
175 559
175 934
176 527
176 647
176 764
176 847
177 189
177 519
177 520
177 690
178 306
178 624
178 724
178 800
179 282
179 336
179 557
179 605
179 784
179 990
180 209
180 370
180 732
181 247
181 347
181 542
181 626
181 727
181 874
182 203
182 222
182 326
182 384
182 510
182 717
182 889
183 663
183 725
183 766
183 804
184 390
184 467
184 613
185 766
185 996
186 209
187 222
187 565
187 606
188 489
188 514
188 622
188 757
188 800
188 876
189 228
189 563
190 455
190 507
190 585
190 689
190 879
190 989
191 210
191 571
191 670
191 723
191 899
192 202
192 426
192 452
192 489
192 545
192 671
192 757
192 980
193 200
193 548
193 695
193 706
193 798
193 904
193 989
194 201
194 394
194 484
194 504
194 522
194 689
194 752
194 866
195 247
195 279
195 332
195 579
195 658
195 725
195 764
195 791
195 827
195 999
196 210
196 290
196 334
196 725
197 277
197 348
197 822
197 908
197 961
198 601
198 618
198 779
199 239
199 249
199 422
199 526
199 617
199 657
200 212
200 262
200 330
200 606
200 690
200 901
200 959
201 504
201 627
201 766
202 250
202 269
202 384
202 401
202 448
202 499
202 808
202 991
203 284
203 428
203 732
203 824
204 311
204 359
204 569
204 791
204 966
205 300
205 423
205 442
205 531
205 698
206 445
206 509
206 510
206 539
206 824
206 971
207 280
207 543
207 561
207 662
207 779
208 326
208 360
208 625
208 668
208 909
209 328
209 547
209 695
210 271
210 431
210 648
210 752
210 873
211 230
211 333
211 363
211 790
211 909
211 929
212 511
212 527
212 649
212 768
212 831
212 836
213 617
213 852
214 300
214 674
214 786
215 320
216 370
216 748
216 761
216 889
216 940
216 944
216 967
217 459
217 888
218 300
218 391
218 464
218 518
218 624
218 746
218 826
219 477
219 515
220 292
220 556
220 604
220 682
220 687
220 894
221 244
221 304
221 332
221 421
221 532
221 676
221 762
221 774
221 812
221 874
222 290
222 532
222 724
222 998
223 470
223 497
223 582
223 597
223 986
224 270
224 285
224 301
224 534
224 596
224 844
225 416
225 490
225 805
225 887
225 926
226 324
226 675
226 758
226 861
226 996
227 299
227 343
227 349
227 414
227 707
227 880
228 971
229 689
229 937
230 496
230 536
230 619
230 859
230 984
231 580
231 659
231 793
231 840
232 436
232 457
232 632
232 714
232 863
232 995
233 328
233 349
233 365
233 445
233 550
233 558
233 661
233 749
233 752
233 763
234 241
234 253
234 359
234 380
234 416
234 456
234 673
234 782
234 824
235 257
235 487
235 494
235 558
235 585
235 647
235 895
235 914
235 946
236 649
236 948
237 333
237 375
237 478
237 521
237 677
238 296
238 946
239 248
239 393
239 936
240 628
240 817
240 862
240 882
241 302
241 493
241 584
242 278
242 584
242 624
243 323
243 532
243 582
244 469
244 503
244 553
244 648
244 942
245 259
245 271
245 327
245 376
245 670
245 906
246 371
246 571
246 864
247 885
247 934
248 305
248 345
248 410
248 581
248 886
249 275
249 411
249 505
249 546
249 697
249 887
249 891
250 261
250 500
250 891
250 913
251 287
251 298
251 383
251 757
251 961
251 996
252 622
252 838
253 296
253 426
253 552
253 793
253 820
254 428
254 581
254 606
254 651
254 782
254 809
254 828
255 444
255 465
255 728
255 730
255 828
255 830
255 857
255 981
256 342
256 347
256 497
256 821
257 356
257 418
257 632
257 666
257 670
257 730
258 507
258 593
258 912
259 460
259 536
259 548
259 740
259 776
259 923
260 398
260 619
260 965
260 984
261 366
261 623
262 361
262 468
262 605
262 881
262 926
263 614
263 679
263 786
264 709
265 279
265 353
265 505
265 728
266 420
266 429
266 480
266 521
266 554
266 821
266 925
267 271
267 456
267 516
267 534
267 732
267 862
268 334
268 346
268 540
268 669
268 907
269 329
269 340
269 374
270 375
270 401
270 785
270 940
271 411
271 419
271 436
271 438
271 518
271 809
271 922
272 364
272 519
272 635
272 928
273 669
273 983
274 993
274 997
275 306
275 471
275 629
276 371
276 382
276 608
276 637
276 653
276 772
276 814
276 882
277 736
277 886
278 412
278 416
278 441
278 503
278 548
278 561
279 468
279 684
279 687
279 862
280 589
281 292
281 334
281 540
281 565
281 783
281 817
281 854
282 366
282 441
282 499
282 501
282 887
282 921
283 673
283 728
284 669
284 800
284 962
284 971
285 382
285 421
285 475
285 485
285 564
285 853
285 968
286 555
286 592
286 661
286 669
286 767
286 957
287 483
287 537
287 761
287 977
287 996
288 337
288 387
288 433
288 456
288 635
288 869
289 496
289 547
289 616
290 597
290 722
290 824
290 851
290 863
291 345
291 652
291 831
291 865
292 716
292 987
293 303
293 384
293 793
293 830
294 346
294 694
294 979
295 307
295 776
295 956
296 363
296 600
296 628
296 766
297 381
297 568
297 607
297 741
297 922
298 316
298 530
298 759
298 993
299 404
299 444
299 733
299 874
299 955
300 305
300 316
300 542
301 503
301 709
301 863
301 939
302 769
302 824
302 853
303 555
303 766
303 946
304 360
304 627
304 853
305 601
305 627
305 652
305 764
305 842
305 850
305 917
305 956
306 531
306 563
307 485
307 655
307 693
307 748
308 434
308 466
308 469
308 545
308 562
308 780
308 801
309 519
309 860
309 878
310 528
310 532
310 591
310 782
311 314
311 443
311 518
311 551
311 653
311 706
311 865
312 480
312 939
312 977
313 459
313 656
313 749
313 807
314 625
314 644
314 679
314 774
314 824
315 528
315 624
315 936
315 997
316 468
316 536
317 323
317 484
318 361
318 756
319 426
319 469
319 496
319 544
319 576
319 578
319 830
319 844
319 943
319 982
319 992
320 710
320 770
320 841
320 984
321 531
322 372
322 405
322 444
322 567
322 847
322 976
323 361
323 542
323 598
323 626
324 512
324 684
325 357
325 405
325 476
325 790
325 979
326 464
326 487
326 733
326 943
327 589
327 696
327 984
328 470
328 724
329 379
329 581
329 746
329 783
329 796
330 428
330 659
330 697
330 742
330 987
331 585
331 809
331 932
332 932
333 440
333 479
333 633
333 642
333 645
333 781
333 812
333 940
334 458
334 493
334 698
335 514
335 702
335 929
335 947
335 987
336 887
336 914
337 384
337 388
337 425
337 490
337 496
337 562
338 421
338 753
338 762
338 824
339 387
339 450
339 650
339 683
340 566
340 603
340 680
340 703
340 711
340 713
341 606
341 967
342 394
342 439
342 580
342 593
342 813
342 830
342 887
343 400
343 468
343 574
343 902
344 438
344 495
344 622
344 767
344 848
345 615
345 659
345 710
345 746
345 961
346 394
347 672
347 886
347 910
347 975
348 536
348 557
348 792
348 936
349 451
349 458
349 475
349 580
349 752
349 810
350 361
350 886
351 514
351 824
352 903
353 395
353 796
353 925
353 974
353 986
353 997
354 415
354 537
354 577
354 772
354 781
354 850
355 457
355 609
355 747
355 754
355 757
355 978
356 625
356 800
356 869
356 942
356 971
357 587
357 678
357 713
357 752
357 780
358 407
358 759
358 993
359 451
359 464
359 517
359 538
360 414
360 595
360 613
361 383
361 404
361 455
361 541
362 824
362 999
363 401
363 772
363 957
363 987
364 429
364 640
364 650
364 692
364 711
364 723
364 820
365 411
365 422
365 520
365 581
365 934
366 619
366 837
366 890
367 758
367 887
368 479
369 381
369 671
369 747
369 800
369 865
370 471
370 552
370 763
370 789
370 836
370 905
370 906
371 381
371 498
371 769
371 779
372 597
372 772
372 945
373 520
373 534
373 992
374 688
374 725
374 810
374 931
375 635
375 653
376 427
376 866
377 403
377 442
377 661
377 696
377 708
377 738
377 870
378 398
378 507
378 702
379 503
379 841
379 983
379 997
380 444
380 571
380 659
380 833
381 582
381 810
382 666
383 478
383 479
383 530
383 658
383 665
383 873
384 648
384 694
384 697
384 756
384 792
384 827
385 403
385 575
385 891
386 397
386 726
386 892
386 921
386 958
387 652
387 773
387 825
387 867
388 452
388 598
388 877
388 924
389 483
389 711
389 791
389 869
390 661
390 688
390 839
390 906
390 965
391 566
391 933
392 588
393 583
393 607
393 657
394 417
394 791
394 872
394 939
394 947
395 481
395 545
395 550
395 576
395 633
395 637
395 801
396 468
396 603
397 521
397 615
397 713
398 779
398 917
399 434
399 796
399 979
400 783
400 952
401 465
401 503
401 627
401 672
401 717
402 424
402 522
402 698
402 873
402 966
403 468
403 501
403 509
403 723
404 710
405 779
405 818
405 882
406 473
406 940
407 491
407 627
407 630
407 711
407 750
407 757
408 519
408 723
409 423
409 890
410 446
410 501
410 633
410 670
410 776
410 961
411 752
412 491
412 965
412 980
413 482
413 676
413 745
413 952
414 695
414 957
415 490
415 497
415 768
417 484
417 487
417 639
417 980
418 493
418 553
418 800
420 904
420 981
421 437
421 468
421 511
421 740
421 769
421 868
421 869
422 614
423 630
423 926
424 456
424 493
424 697
424 771
424 783
424 883
424 907
424 946
424 983
425 544
425 619
425 733
425 796
425 949
426 602
426 707
426 754
426 894
426 926
426 979
427 734
427 861
427 868
427 900
428 621
428 737
428 794
428 934
429 579
429 672
430 532
430 816
430 897
431 692
431 826
432 640
432 955
433 838
433 995
434 577
434 675
434 887
434 927
434 953
435 459
435 630
435 668
435 712
435 817
435 848
435 862
435 952
436 545
437 485
437 802
437 822
437 944
438 650
438 973
439 558
439 639
439 678
439 961
440 621
440 826
440 959
441 503
441 507
441 574
441 681
441 689
442 477
442 516
442 721
442 869
442 891
443 457
443 511
443 678
443 799
443 843
443 854
445 680
445 980
446 515
446 553
446 657
446 733
446 991
447 505
447 592
447 888
448 526
448 755
448 822
449 803
449 985
450 754
452 485
452 678
452 952
452 954
453 531
453 538
453 630
454 524
454 677
454 855
454 884
455 722
456 477
456 520
456 607
456 635
457 538
457 740
457 832
458 575
458 599
458 878
459 857
459 878
459 880
459 907
460 713
460 853
461 930
463 973
464 465
464 519
464 629
464 825
464 920
465 496
465 814
466 605
466 610
466 673
466 747
466 799
469 534
469 615
469 715
469 887
470 930
471 733
471 824
471 833
471 859
471 916
472 582
472 697
472 792
473 479
473 617
473 785
473 835
474 626
474 718
474 766
474 921
474 977
475 516
475 549
475 734
476 595
476 670
476 801
477 915
478 560
478 613
478 653
478 688
479 618
479 667
479 953
480 554
480 557
480 676
480 821
480 888
481 620
481 753
481 841
481 853
481 931
482 781
482 934
483 733
484 651
484 674
484 708
484 873
485 688
486 505
486 530
486 637
486 722
486 830
486 946
487 585
487 769
487 920
488 495
488 528
488 613
488 771
488 776
489 528
490 595
490 937
491 524
491 537
491 729
491 736
491 814
491 996
492 608
492 678
492 696
492 782
492 812
493 515
493 529
493 532
493 699
494 632
494 838
495 647
495 687
495 713
495 933
496 558
497 762
497 927
498 533
498 605
498 784
498 934
498 975
499 735
499 902
499 947
499 984
500 667
500 793
500 900
501 574
502 603
502 667
502 951
503 694
504 556
504 721
504 952
505 597
505 681
505 830
505 926
506 697
506 759
506 852
506 864
506 967
507 645
507 760
507 863
507 866
508 540
508 597
508 799
508 805
508 854
509 715
509 750
509 851
510 650
510 739
510 810
510 824
510 872
511 577
511 972
512 516
512 874
513 577
514 530
514 582
514 672
514 755
514 764
514 971
515 650
515 678
515 758
515 918
516 533
516 938
517 618
517 889
518 614
519 582
519 788
520 868
521 559
521 815
522 766
522 931
522 934
522 937
523 726
524 611
524 977
524 996
525 623
526 835
528 822
528 850
529 551
529 562
529 591
529 713
529 879
531 575
531 640
531 821
532 901
532 932
533 599
533 874
534 965
535 790
536 704
537 728
537 789
537 971
538 567
538 716
538 883
538 887
539 586
539 693
539 806
539 933
541 777
542 865
543 592
543 655
543 843
544 603
544 725
544 783
544 853
544 857
545 616
545 784
546 672
546 679
546 965
547 859
547 890
547 913
547 946
548 586
548 830
548 918
549 917
549 976
550 587
550 740
551 729
551 895
551 923
552 612
552 949
554 639
554 717
554 832
554 905
554 951
555 593
555 661
555 782
555 844
556 939
556 977
557 644
558 743
558 996
559 762
559 978
561 648
561 667
561 680
562 641
562 832
563 650
564 808
564 910
564 921
564 951
565 790
565 918
566 646
566 776
566 810
568 839
569 575
569 583
569 778
569 933
570 767
570 843
570 844
570 847
572 740
572 784
572 911
572 931
572 938
572 984
573 725
573 829
574 630
574 943
574 985
575 722
575 839
576 958
576 963
576 997
577 677
577 750
577 769
577 842
577 882
577 901
578 685
578 762
578 832
579 633
579 710
579 887
579 982
580 658
580 708
581 892
581 930
581 984
582 645
582 997
583 640
583 713
583 804
584 704
584 729
584 836
584 994
585 627
585 657
585 686
586 913
587 855
589 610
589 907
590 660
590 807
590 980
591 913
591 937
592 654
592 881
593 625
593 640
593 847
593 887
594 659
594 772
594 851
594 921
594 927
594 977
595 633
595 652
595 920
596 804
596 955
597 694
597 990
598 704
598 820
598 843
599 617
599 824
599 847
600 683
600 907
601 905
602 728
602 772
602 943
603 908
603 953
604 654
604 668
604 722
606 736
606 813
606 822
606 850
606 989
607 627
607 882
607 887
607 897
609 933
610 626
610 689
610 782
611 809
611 868
611 951
611 981
612 704
613 724
613 778
614 624
614 651
614 652
614 718
614 733
614 736
614 763
616 731
616 779
617 671
617 977
618 632
618 636
618 722
619 815
620 845
620 878
620 932
622 837
624 656
624 732
624 766
624 838
624 896
624 929
625 637
625 715
625 827
626 708
626 877
626 959
627 928
628 789
628 896
629 649
629 686
629 827
629 995
630 711
630 936
630 957
631 633
631 979
632 643
632 796
633 758
633 780
633 862
633 907
633 923
634 860
634 925
635 655
636 895
636 897
638 830
639 685
640 723
640 946
640 974
643 739
643 809
644 653
645 966
645 986
646 900
646 948
647 741
647 845
647 940
650 723
650 844
651 708
651 710
651 810
652 810
653 940
653 969
653 991
654 811
654 862
655 793
656 717
656 908
656 933
657 790
657 812
658 797
658 830
658 845
659 677
659 872
659 924
660 903
660 967
661 695
661 717
661 725
661 732
662 867
662 885
663 752
663 830
664 756
665 743
666 818
667 702
667 735
668 672
668 742
668 757
668 923
669 849
670 738
670 828
670 852
670 901
671 812
672 683
672 855
673 704
673 706
673 758
673 775
673 783
673 870
673 947
674 843
674 853
675 754
675 757
675 881
676 903
676 969
676 992
677 761
677 793
678 842
678 843
680 689
680 739
680 812
680 844
680 852
680 880
680 896
680 976
680 990
680 996
681 820
681 969
682 894
682 981
683 775
684 937
684 975
686 757
686 767
687 765
687 774
687 823
687 988
688 757
689 753
689 875
689 950
690 733
690 800
690 805
690 916
691 886
691 910
692 767
693 853
694 849
694 936
695 780
695 787
696 715
696 875
697 777
697 857
697 889
697 949
698 764
698 837
698 856
698 908
698 945
699 829
699 901
700 990
701 750
702 914
702 958
703 740
703 746
704 713
704 858
705 961
706 860
706 980
707 807
709 724
710 999
711 916
712 822
712 871
712 970
713 953
714 885
716 824
716 947
717 797
717 814
718 779
718 849
718 952
720 975
720 996
721 762
721 811
723 836
723 945
724 809
724 854
724 884
725 879
726 736
727 776
727 782
728 960
729 748
729 818
730 771
730 813
731 763
731 784
731 865
731 925
732 914
733 779
733 962
734 736
735 758
735 900
737 913
737 976
737 998
739 932
740 799
740 934
740 965
740 996
742 984
743 922
743 940
744 834
744 967
745 961
746 892
746 906
747 813
747 890
748 797
749 812
750 874
750 972
752 914
753 788
754 776
754 974
755 897
756 830
756 851
757 782
757 913
757 987
758 774
758 894
759 764
759 898
759 966
760 771
760 921
760 967
762 848
763 962
764 766
764 814
764 926
764 966
768 996
770 874
770 880
770 981
770 990
772 910
772 972
774 812
774 869
774 997
775 779
775 803
775 903
776 984
777 814
778 991
779 944
782 784
782 944
783 937
783 952
785 859
785 882
785 895
785 932
785 969
786 950
787 931
788 939
791 991
792 987
794 870
795 878
795 903
795 906
795 984
797 888
798 811
798 958
800 945
803 844
805 947
805 998
807 823
807 829
807 843
807 992
808 829
809 839
810 857
810 873
810 952
811 888
812 834
812 880
812 953
814 981
815 874
815 960
819 851
819 891
820 899
822 838
822 852
822 981
825 984
828 840
828 856
828 961
831 917
834 997
834 998
835 909
835 966
836 865
836 882
836 990
837 935
839 999
840 888
841 938
844 997
845 963
848 981
849 970
849 973
852 855
852 988
854 859
855 899
855 966
857 959
857 996
858 895
859 898
859 963
860 879
861 870
864 878
864 914
865 930
865 984
867 890
871 885
871 904
871 925
871 960
873 901
875 969
876 975
877 881
883 890
883 936
885 886
886 968
887 919
888 955
889 903
894 955
896 902
897 947
897 974
898 911
899 938
901 924
903 914
904 998
906 995
908 920
914 967
915 927
915 942
915 964
922 966
925 996
928 964
930 953
933 971
934 956
938 948
938 949
938 964
938 991
941 986
945 983
947 967
949 962
965 976
966 969
969 988
973 978
