0 254
0 353
0 409
0 442
0 620
0 673
0 686
1 400
1 478
1 551
1 605
1 769
1 796
2 230
2 456
2 555
2 577
2 598
2 665
2 712
2 794
2 889
3 146
3 439
3 571
3 620
3 880
3 904
4 461
4 709
4 748
4 785
4 815
4 853
4 864
4 918
4 952
5 419
5 565
5 713
5 786
5 899
5 924
6 226
6 377
6 808
7 219
7 334
7 506
7 781
7 892
8 53
8 462
8 520
8 527
8 646
8 731
8 978
9 75
9 86
9 106
9 168
9 379
9 898
9 935
9 960
10 184
10 416
10 692
11 212
11 351
11 493
11 694
11 887
11 922
12 134
12 142
12 280
12 619
12 718
12 725
12 761
12 773
13 470
13 874
14 281
14 364
14 526
14 606
14 670
14 905
15 122
15 286
15 373
15 393
15 528
15 595
15 696
15 745
15 758
15 795
15 977
16 864
16 937
17 418
17 586
17 782
17 933
18 56
18 150
18 317
18 665
18 960
19 103
19 166
19 414
19 959
20 142
20 277
20 390
20 457
20 543
20 590
20 712
20 738
20 950
20 983
21 124
21 186
21 436
21 641
21 769
21 870
21 909
22 60
22 668
22 826
23 99
23 101
23 281
23 421
23 556
23 703
24 45
24 162
24 235
24 334
24 370
24 417
24 429
24 553
25 128
25 187
25 256
25 364
25 640
25 673
25 718
25 937
25 992
26 141
26 251
26 415
26 882
26 965
27 271
27 322
27 340
27 631
27 677
27 796
28 31
28 280
28 389
28 462
28 685
29 168
29 442
29 542
30 294
30 302
30 483
30 494
30 508
30 518
30 624
30 748
30 985
30 999
31 61
31 208
31 247
31 865
32 93
32 148
32 377
32 404
32 477
32 493
32 689
32 696
32 837
32 853
33 135
33 317
33 376
33 471
34 112
34 163
34 187
34 354
34 668
34 851
34 902
34 936
36 189
36 265
36 387
36 409
36 603
36 641
36 659
36 753
36 882
36 924
37 412
37 514
37 552
38 161
38 410
38 473
38 728
38 947
39 105
40 219
40 422
40 774
40 997
41 220
41 237
41 343
41 785
41 940
42 100
42 212
42 305
42 444
42 453
42 646
42 650
42 671
42 775
42 895
42 898
43 380
43 434
43 577
43 668
43 710
43 942
43 972
43 987
43 992
44 75
44 101
44 174
44 231
44 685
44 998
45 345
45 545
45 816
45 857
45 901
45 907
45 946
46 132
46 224
47 451
47 668
47 792
48 85
48 160
48 209
48 254
48 294
48 332
48 588
48 681
48 948
48 956
49 94
49 288
49 306
49 371
49 769
49 860
49 892
49 918
50 463
50 627
50 654
51 86
52 234
52 761
52 787
52 846
53 364
53 381
53 405
53 716
53 832
53 846
54 131
54 338
54 374
54 385
54 698
54 820
55 237
55 325
55 470
55 689
56 343
56 574
56 827
57 328
57 490
57 575
57 711
57 894
58 302
58 308
58 411
58 560
58 755
59 109
59 200
59 284
59 334
59 664
59 816
59 910
60 105
60 460
60 531
60 684
60 880
61 358
61 396
61 463
61 598
61 636
61 929
62 406
62 438
62 930
62 944
62 997
63 64
63 231
63 599
63 690
63 908
63 956
64 191
64 925
65 214
65 438
65 469
65 546
65 642
65 721
65 942
66 81
66 381
66 416
66 463
66 731
66 838
67 118
67 367
67 374
67 557
67 891
68 149
68 429
68 439
68 518
68 633
68 776
68 949
68 975
69 113
69 145
69 246
69 415
69 431
69 515
69 534
69 556
69 918
69 997
70 132
70 398
70 669
70 699
70 828
71 201
71 258
71 458
71 658
71 705
71 790
71 999
72 436
72 699
72 742
72 851
73 792
73 921
74 181
74 243
74 246
74 547
74 724
74 784
74 850
74 974
75 748
75 872
76 121
76 294
76 476
76 798
76 970
77 107
77 214
77 259
77 275
77 308
77 468
77 564
77 666
77 834
77 922
77 941
77 979
78 320
78 427
78 480
78 552
78 560
78 849
78 856
78 877
79 125
79 392
79 563
79 596
79 609
79 680
79 821
79 901
79 935
80 107
80 162
80 248
80 311
80 365
80 529
81 187
81 248
81 486
81 502
82 184
82 258
82 492
82 500
82 736
82 984
83 475
83 534
83 588
83 697
84 110
84 289
84 446
84 678
84 686
84 718
85 157
85 282
85 377
85 822
86 167
86 370
86 492
86 497
86 736
86 938
87 118
88 264
88 309
88 411
88 584
88 781
88 858
88 880
88 896
89 221
89 975
90 98
90 219
90 222
90 402
90 499
90 656
90 718
90 807
90 894
90 982
91 180
91 851
92 177
92 180
92 284
92 618
92 787
93 210
93 342
93 363
93 732
93 784
93 982
94 292
94 475
94 524
94 572
94 790
94 965
95 137
95 297
95 342
95 581
96 111
96 164
96 184
96 327
96 357
96 403
96 816
97 169
97 260
97 586
97 948
98 324
98 625
98 758
98 776
98 916
99 293
99 373
99 425
99 679
99 872
99 992
100 263
100 578
100 855
101 182
101 253
101 626
101 727
101 762
101 764
101 977
102 227
102 752
102 790
102 876
103 623
103 628
104 261
104 334
104 370
104 425
105 411
105 447
105 564
105 695
105 726
105 770
105 910
106 130
106 228
106 292
106 359
106 456
106 593
106 799
107 237
107 369
107 480
107 544
107 775
108 442
108 651
108 686
108 809
108 831
108 923
109 117
109 624
109 869
110 207
110 254
110 358
110 422
110 459
110 470
110 519
110 662
110 769
111 201
111 245
111 479
111 745
111 822
111 845
112 445
112 473
112 576
112 716
112 994
113 149
113 200
113 410
113 469
114 163
114 756
114 913
115 208
115 468
115 826
116 326
116 423
116 430
116 500
116 611
117 121
117 288
117 367
117 463
117 743
117 785
117 800
117 987
118 355
118 564
118 649
118 671
118 831
118 976
119 218
119 220
119 222
119 455
119 605
119 804
119 857
120 305
120 370
120 419
120 543
120 660
120 723
120 825
120 969
121 364
121 388
121 435
121 701
122 527
122 590
122 697
123 303
123 377
123 833
124 733
124 800
125 241
125 361
125 485
125 595
125 780
126 501
126 511
126 565
126 787
126 960
127 386
127 577
127 704
127 765
127 769
127 842
127 931
127 952
128 232
128 265
128 312
128 442
128 639
128 643
128 645
128 685
129 278
129 293
129 490
129 737
129 761
129 809
130 275
130 454
130 949
131 176
131 296
131 633
131 681
131 744
131 925
132 210
132 261
132 301
132 710
132 801
132 912
133 274
133 319
133 409
133 474
133 491
133 693
134 219
134 381
134 394
134 616
134 922
134 955
135 794
135 850
135 915
136 359
136 380
136 414
136 936
137 297
137 352
137 498
137 555
137 583
137 772
137 775
137 780
137 949
138 406
138 706
138 725
138 768
139 146
139 334
139 351
139 744
140 225
140 352
140 389
140 536
140 538
140 625
140 781
141 867
142 179
142 257
142 303
142 440
142 516
142 679
142 825
142 827
142 844
143 191
143 494
143 572
143 709
143 948
144 455
144 623
144 640
144 644
144 899
144 976
145 586
145 834
145 946
146 217
146 256
146 262
146 316
146 538
146 585
146 771
146 779
146 913
147 259
147 453
147 861
148 750
148 837
149 480
149 551
149 760
150 435
150 818
150 825
150 830
150 994
151 192
151 389
151 401
151 485
151 599
151 860
151 991
152 449
152 897
153 586
153 659
153 662
153 943
153 953
154 368
154 379
154 384
154 446
154 516
154 631
154 943
155 450
155 601
155 717
155 739
155 785
155 858
155 930
156 220
156 260
156 262
156 278
156 393
156 540
156 697
156 790
156 807
157 808
158 359
158 681
158 739
158 905
158 993
159 188
159 226
159 658
159 804
159 967
159 994
160 192
160 198
160 205
160 221
160 385
160 424
160 431
160 627
160 644
161 200
161 416
161 576
161 647
161 830
161 847
161 929
161 938
162 291
162 484
162 576
162 612
162 628
163 292
163 309
163 432
163 444
163 669
164 515
165 357
165 495
165 649
165 704
165 821
165 874
165 931
166 182
166 343
166 367
166 386
166 527
166 529
166 632
166 638
166 643
166 734
167 197
167 280
167 439
167 619
167 891
168 197
168 275
168 311
168 829
168 992
169 187
169 298
169 554
169 602
169 669
169 700
169 786
169 961
170 612
170 798
170 851
171 284
171 295
171 414
171 492
171 523
171 617
171 623
172 370
172 461
172 555
172 646
172 647
172 834
172 875
173 283
173 290
173 302
173 393
173 394
173 401
173 725
174 972
174 979
175 227
175 364
175 394
175 887
175 912
175 961
176 538
176 607
176 630
176 680
176 771
176 944
177 202
177 424
177 426
177 435
177 547
177 693
178 313
178 427
178 463
178 731
178 805
179 772
180 471
180 522
180 526
180 553
180 588
180 662
181 483
181 684
181 909
181 977
182 263
182 324
182 438
182 698
182 745
182 856
183 616
183 833
183 875
184 240
184 372
184 492
184 528
184 694
184 704
184 764
184 908
184 909
185 196
185 484
185 695
185 750
185 946
185 996
186 843
187 407
187 709
187 778
188 749
188 996
189 242
189 409
189 646
190 191
190 757
190 870
190 878
191 231
191 262
191 558
191 700
191 739
191 796
192 463
192 751
192 755
192 813
193 356
193 419
193 636
193 789
194 962
195 393
195 634
195 789
195 836
196 441
196 517
196 597
196 600
196 688
196 950
197 415
197 466
197 511
198 234
198 288
198 635
198 670
198 707
198 757
199 338
199 594
199 692
199 715
199 746
199 900
199 940
199 941
199 972
200 392
200 419
200 524
200 651
200 812
201 331
201 392
201 532
201 553
201 999
202 489
202 763
202 804
203 236
203 237
203 445
203 559
203 758
203 814
204 652
204 677
204 915
204 924
205 283
205 483
205 519
205 695
205 956
206 377
206 415
207 231
207 244
207 453
207 818
207 825
207 861
207 926
207 978
208 618
208 679
208 735
208 773
209 325
209 362
209 417
209 431
209 631
210 602
210 712
210 819
210 826
211 395
211 508
212 280
212 370
212 443
212 829
212 954
213 465
213 656
213 898
214 700
214 834
215 306
215 394
215 508
215 746
215 748
215 777
215 921
216 341
216 367
216 792
216 813
216 834
216 891
217 393
217 683
217 689
217 831
217 844
218 299
218 315
218 360
218 392
218 498
218 523
218 817
218 828
218 867
219 276
219 278
219 353
219 506
219 823
219 847
219 858
219 921
219 935
220 271
220 386
220 632
220 676
220 925
221 620
221 712
222 463
222 791
222 854
223 248
223 271
223 312
223 348
223 508
223 662
223 663
223 803
224 660
224 832
225 442
225 443
225 640
225 873
225 884
225 941
226 486
226 795
227 231
227 779
227 883
227 886
228 483
228 614
228 640
228 836
228 948
229 491
229 500
229 706
229 869
230 503
230 561
230 576
231 262
231 408
231 476
231 666
232 520
232 656
232 670
232 761
232 812
232 867
232 874
232 886
232 917
233 272
233 489
233 905
234 364
234 935
234 971
235 267
235 426
235 450
235 821
236 245
236 307
236 336
236 374
236 381
236 622
236 751
236 808
237 411
237 453
237 647
237 769
237 807
237 920
238 510
239 597
239 646
240 435
240 660
240 664
240 712
240 945
241 405
241 573
241 605
241 760
241 903
241 984
242 550
242 661
242 915
243 394
243 442
243 473
243 531
243 543
243 767
243 807
244 399
244 503
245 730
246 521
246 914
247 257
247 372
247 608
247 667
248 767
248 917
249 324
249 477
249 753
249 876
250 497
250 618
250 629
250 638
250 729
251 271
251 317
251 562
251 859
251 912
251 942
252 652
252 670
252 776
253 360
254 273
254 661
254 718
254 815
255 399
255 524
255 723
255 765
255 871
255 956
256 357
256 388
256 857
257 458
257 732
257 881
258 458
258 493
258 807
258 949
259 634
259 689
259 938
260 490
260 556
260 807
261 468
261 656
262 357
263 355
263 398
263 575
263 801
263 849
263 880
263 945
264 326
264 349
264 504
264 584
264 602
265 340
265 371
265 562
265 581
265 594
265 906
266 794
266 912
267 649
267 737
268 421
268 476
268 575
268 928
269 456
269 497
269 538
269 587
269 751
270 347
270 523
270 545
270 631
270 709
270 759
270 782
271 383
271 618
271 665
271 978
272 424
272 483
272 505
272 625
272 629
272 753
272 840
273 294
273 330
273 408
273 524
273 611
274 454
274 733
274 783
274 869
275 336
275 814
276 388
276 844
276 865
276 977
277 378
277 847
277 886
278 458
279 302
279 324
279 411
279 469
279 477
279 617
279 711
280 313
280 398
280 655
280 696
280 898
281 358
281 688
281 710
281 865
281 985
282 498
283 618
284 365
284 665
285 361
285 391
285 488
285 619
285 701
285 746
285 814
285 822
285 945
286 389
286 504
286 506
286 596
286 754
286 895
286 958
287 351
287 731
287 785
287 979
288 612
288 744
288 780
288 808
289 299
289 345
289 446
289 495
289 563
291 309
291 449
291 581
291 725
291 956
292 642
292 709
292 747
292 980
293 306
293 328
293 663
293 743
294 406
294 550
294 587
294 837
294 983
295 415
295 437
295 472
295 696
296 321
296 614
296 885
296 981
297 344
297 399
297 580
297 829
298 354
298 719
298 784
298 984
299 725
300 316
300 336
300 441
300 505
300 519
300 807
300 964
301 329
301 481
301 674
301 769
301 838
301 990
302 343
302 519
302 525
302 624
302 781
302 896
303 361
304 365
304 536
305 533
305 545
305 993
306 682
306 840
306 846
306 966
307 313
307 466
307 540
307 619
307 853
308 330
308 348
308 459
308 530
308 574
308 772
308 777
309 377
309 515
309 786
309 845
309 879
309 997
310 380
310 507
310 552
310 845
310 853
310 870
311 393
311 479
311 487
311 575
311 778
311 942
312 320
312 646
312 723
312 840
312 919
312 932
313 373
313 453
313 559
314 503
314 507
315 463
315 479
315 492
315 685
315 772
316 414
316 502
316 510
316 763
316 897
316 986
316 991
317 763
317 777
317 875
318 825
318 955
319 410
319 619
319 653
319 891
319 959
320 629
320 652
320 676
320 713
320 886
321 528
321 589
321 956
322 336
322 376
322 496
322 758
322 762
322 833
323 436
323 468
323 512
323 564
324 428
324 535
324 816
324 818
325 389
325 425
325 522
325 650
325 807
326 356
326 584
326 719
326 940
326 959
327 441
327 675
327 928
328 712
328 785
328 908
328 913
328 983
329 457
329 480
329 486
329 993
330 335
330 369
330 722
330 786
330 817
330 861
330 914
331 448
331 521
331 570
331 828
332 480
332 576
332 800
332 840
332 893
333 703
333 786
333 872
333 956
334 449
334 617
335 403
335 468
335 606
335 799
335 866
335 921
335 924
336 378
336 615
336 880
337 390
337 656
337 682
337 856
337 929
338 360
338 672
338 754
339 404
339 618
340 432
340 579
340 697
340 879
340 999
341 463
341 722
341 837
341 911
341 984
341 992
342 819
342 830
342 872
342 994
343 354
343 464
343 466
343 560
343 594
343 893
344 429
344 437
344 511
344 838
344 888
345 399
345 549
345 881
345 902
346 473
346 781
346 877
346 978
346 993
347 389
347 660
347 693
347 762
347 897
349 554
350 397
350 644
351 387
351 471
351 558
351 587
351 640
351 877
351 878
352 377
353 368
353 374
353 451
353 681
353 754
353 848
353 869
353 949
354 417
354 570
354 761
355 485
356 748
356 757
356 761
356 864
357 493
357 634
357 865
357 908
357 996
358 441
358 707
358 720
358 778
359 673
360 422
360 616
360 906
361 371
362 522
362 533
362 563
362 700
362 774
362 990
363 718
363 725
364 736
364 790
365 460
365 656
365 758
365 926
366 487
366 691
366 810
366 948
366 998
367 577
367 581
367 612
367 665
367 789
367 975
368 643
368 803
368 953
369 383
369 460
369 565
369 578
369 729
369 867
369 905
369 942
370 441
370 585
371 558
371 611
371 620
371 803
371 813
371 835
371 941
371 992
372 498
372 918
373 833
374 460
374 623
374 709
375 481
375 765
375 824
375 867
375 928
376 649
376 655
376 785
376 842
376 956
377 527
377 763
378 419
378 659
378 714
378 842
379 410
379 452
379 924
380 643
380 900
381 464
381 492
381 594
381 628
381 775
381 820
381 998
382 609
382 987
383 469
383 488
383 556
383 750
383 871
384 780
384 800
384 862
384 918
385 513
385 530
385 552
385 769
385 802
386 464
386 490
386 633
386 655
386 762
386 960
386 980
387 605
387 737
387 895
388 449
388 588
389 685
389 994
390 418
390 723
390 824
390 972
391 565
391 804
391 938
392 727
392 931
394 442
394 447
394 462
394 611
394 621
394 862
394 884
394 978
396 483
396 570
396 949
397 786
398 579
398 594
398 892
399 533
399 534
399 704
399 948
400 419
400 478
400 576
400 901
401 412
401 968
402 935
402 996
403 521
403 638
403 897
404 593
404 607
404 717
404 948
405 435
405 546
405 559
405 829
406 448
406 528
406 584
406 595
407 757
407 967
407 982
408 492
408 919
409 455
409 807
409 833
410 435
410 607
410 902
410 926
411 494
411 698
411 727
412 575
412 628
412 664
412 938
413 534
413 684
413 814
413 877
413 963
414 476
414 606
414 876
415 551
415 598
415 637
415 768
415 841
415 941
416 428
416 507
416 565
416 695
416 718
417 788
417 873
418 423
418 677
418 698
418 947
419 647
419 705
419 943
420 548
420 631
421 554
421 856
421 881
422 597
423 587
423 598
424 506
424 537
424 635
424 924
425 636
425 998
426 471
426 538
426 752
426 797
427 428
427 544
427 627
427 708
427 981
428 749
429 546
429 793
430 602
430 747
430 806
430 897
431 627
431 700
432 869
432 971
432 980
433 624
433 731
433 856
433 916
433 922
434 552
434 577
434 757
434 963
435 679
435 774
436 922
437 578
437 690
437 804
437 905
437 977
438 443
438 524
438 701
438 786
438 994
439 458
439 478
439 485
439 768
439 827
439 918
439 924
440 514
441 640
441 804
441 929
443 459
443 522
443 553
444 642
444 657
444 883
444 936
445 574
445 582
445 596
445 980
446 661
446 690
446 791
446 841
447 537
447 592
447 860
447 879
448 631
448 643
449 531
449 560
449 703
449 875
449 887
450 557
450 853
450 903
451 495
451 551
451 653
451 911
451 919
452 472
452 480
452 486
452 768
452 783
452 895
452 907
453 943
453 985
454 644
454 660
455 756
455 815
457 819
458 465
458 557
458 853
459 571
459 600
459 775
459 817
459 880
460 692
460 752
460 890
460 970
460 985
461 819
461 917
461 958
463 770
463 782
464 511
464 595
464 784
464 901
464 936
465 750
465 788
465 983
466 487
466 752
466 974
467 486
467 595
468 653
468 727
468 768
468 835
469 482
469 589
469 915
470 692
471 603
471 656
471 679
471 694
471 719
471 848
471 889
472 654
472 774
472 925
473 748
473 803
473 819
474 489
474 630
474 776
474 926
475 477
475 564
475 606
475 725
475 819
475 835
475 893
475 939
476 653
476 867
476 876
477 548
477 565
477 617
477 634
477 689
477 907
478 488
478 546
478 682
478 708
478 871
479 481
479 517
479 518
479 531
479 558
479 841
479 878
480 653
480 699
480 989
481 671
481 835
482 677
482 805
482 853
482 894
483 530
483 692
484 531
484 573
484 790
484 832
485 543
485 656
485 905
485 913
486 609
486 640
486 705
486 877
486 889
486 911
486 943
487 745
487 751
487 783
488 537
488 600
488 645
488 802
489 748
490 776
491 544
491 674
491 691
491 746
491 839
491 906
492 969
493 545
493 572
494 570
494 812
495 591
495 599
495 756
496 518
496 533
496 665
496 934
497 714
497 725
497 839
497 848
498 879
498 935
499 670
499 776
499 881
499 882
500 650
500 662
500 668
500 841
500 894
500 898
500 912
501 824
501 872
502 679
502 852
503 687
503 693
503 727
503 909
503 954
503 957
503 976
504 684
504 796
504 862
504 868
504 904
505 625
505 862
506 609
506 747
506 796
506 954
507 940
508 749
508 754
508 797
508 866
508 871
508 926
508 953
509 588
509 699
509 707
510 597
511 544
511 600
511 854
512 845
513 530
514 771
514 922
515 672
515 837
515 990
516 624
516 864
517 733
517 807
517 842
518 584
518 610
518 647
518 673
519 859
519 930
520 692
520 790
521 611
521 665
522 561
523 654
524 820
525 643
525 782
525 972
526 565
526 586
526 755
526 821
526 828
526 876
527 676
527 706
527 800
527 869
528 649
529 537
529 561
529 790
529 935
529 983
530 590
530 923
531 555
531 563
531 728
531 800
531 803
532 542
533 769
533 806
534 989
534 993
535 582
535 644
535 900
535 919
536 811
536 922
537 599
537 703
539 850
539 862
539 959
539 960
540 647
540 717
540 791
540 830
540 931
541 685
541 729
542 647
542 733
542 754
542 813
543 591
543 653
543 825
543 904
543 910
544 693
546 578
546 934
547 660
547 735
547 882
547 984
548 566
548 743
548 821
549 729
549 755
550 858
551 698
551 894
552 661
553 711
553 840
554 971
555 676
555 876
556 729
556 821
557 740
558 569
559 620
559 630
559 683
559 760
559 801
560 852
561 644
561 684
561 829
562 881
563 700
563 931
564 820
565 640
565 681
565 713
565 832
565 965
565 981
566 575
566 576
566 579
566 583
566 594
566 637
566 714
566 749
566 790
566 852
567 869
567 894
567 926
567 939
568 786
568 879
568 920
568 960
569 680
570 778
570 965
571 662
571 862
572 605
572 666
572 681
572 880
572 952
574 762
574 800
574 892
574 908
574 999
575 811
577 692
578 800
578 949
579 628
579 760
580 735
580 856
581 926
582 603
582 628
582 742
582 928
582 969
583 933
583 998
584 708
584 895
585 597
586 615
586 720
587 827
587 957
588 640
588 968
588 976
589 851
589 859
589 884
591 883
591 976
592 808
592 966
593 804
593 903
593 961
594 648
595 962
595 983
597 622
597 625
597 626
597 834
597 853
598 726
600 771
601 655
602 767
602 800
602 898
602 923
603 694
603 875
604 738
604 811
604 885
604 987
605 880
605 974
606 647
606 832
606 876
606 895
607 662
608 654
608 671
608 713
608 763
608 776
608 793
608 871
610 768
611 614
611 617
611 787
611 854
611 903
611 954
612 613
612 732
612 911
613 832
614 773
614 976
615 661
615 917
616 618
616 771
617 647
617 972
618 849
620 754
620 890
621 757
621 827
621 943
622 637
622 798
623 716
623 746
623 929
624 824
625 781
626 878
626 972
627 687
627 840
627 854
627 860
627 885
629 890
629 941
630 663
631 633
631 755
631 807
632 816
633 828
633 978
634 983
636 707
636 763
637 943
637 989
638 649
638 734
640 941
640 993
641 700
641 801
641 932
642 664
642 708
642 772
642 830
642 899
642 925
643 816
643 936
645 733
645 819
646 702
646 876
646 888
646 960
647 765
647 880
648 874
648 960
649 895
650 701
650 922
651 753
651 764
652 868
652 935
653 879
653 931
653 932
654 669
654 690
654 696
654 768
654 868
654 978
654 980
654 995
655 718
655 758
655 865
655 871
655 891
655 933
656 883
657 932
657 985
658 704
658 768
658 936
659 739
659 801
659 805
659 885
660 720
660 739
661 766
661 823
661 898
661 933
662 770
662 806
663 844
663 866
663 998
664 800
664 905
665 676
665 859
665 875
665 964
665 985
667 910
668 669
668 696
668 792
671 715
671 774
671 828
672 872
672 903
672 905
673 802
673 936
673 959
674 679
674 935
675 786
675 963
676 684
676 731
676 785
677 854
677 943
678 682
678 741
678 750
678 759
678 856
679 864
679 900
679 991
680 716
680 891
680 913
681 843
682 728
682 802
682 982
683 756
683 771
683 934
684 781
685 912
685 921
686 929
686 932
687 801
688 763
690 907
690 936
691 692
691 697
691 713
691 888
691 990
692 728
692 810
692 864
693 988
694 751
694 972
695 814
695 990
696 754
698 720
698 926
700 981
702 813
702 893
702 945
703 779
703 810
706 982
707 896
707 983
709 958
710 727
711 920
712 969
713 776
713 955
713 958
714 722
714 866
714 884
715 747
715 852
715 878
715 934
716 798
716 840
717 794
718 802
718 924
719 774
719 861
720 893
720 919
722 814
723 739
723 905
723 976
723 999
725 750
725 823
725 902
725 950
726 810
728 776
729 746
729 831
729 922
730 850
730 966
731 743
731 799
732 783
732 817
732 906
734 748
734 966
735 765
735 924
736 820
736 954
738 821
739 774
739 929
740 973
741 988
742 888
745 996
746 783
746 972
748 961
749 875
749 888
750 825
750 964
752 854
752 905
752 923
752 942
753 795
753 807
754 899
755 822
755 859
756 915
759 820
760 962
761 919
761 924
761 963
762 952
762 997
763 798
763 861
764 819
764 877
764 880
764 894
764 900
764 916
764 940
764 971
765 844
766 772
766 929
767 981
768 833
768 847
768 912
770 797
770 936
773 820
773 854
774 922
774 928
776 820
777 950
777 994
778 875
779 991
780 813
780 882
780 982
782 800
782 832
782 904
782 930
783 851
784 839
787 804
787 820
787 846
787 853
788 874
788 912
789 918
791 859
791 972
792 827
792 912
796 799
797 866
797 892
798 874
798 949
799 826
799 917
801 975
802 896
803 892
803 893
803 999
805 838
805 900
806 823
806 919
806 953
807 834
807 941
808 827
808 965
809 862
809 928
811 815
811 867
811 903
812 977
813 894
814 885
814 928
814 999
815 896
816 850
817 889
818 843
818 881
819 883
821 825
821 837
822 989
823 984
825 949
826 850
827 862
827 987
828 986
830 875
830 968
831 972
831 990
832 844
832 950
834 857
834 990
835 881
836 852
836 887
836 967
837 933
838 857
839 857
839 877
840 869
841 940
841 999
842 875
843 866
844 944
844 993
845 849
846 919
847 861
847 907
848 870
850 860
851 863
851 907
851 954
853 960
853 972
854 867
854 898
854 916
854 987
857 968
858 898
858 939
861 966
862 870
863 889
863 972
865 990
867 893
867 922
867 937
868 918
868 960
870 910
870 999
872 881
873 927
873 977
874 924
875 912
875 970
876 943
877 894
879 921
880 922
880 925
882 936
884 919
885 935
885 951
885 979
885 991
888 926
889 997
890 959
893 940
894 973
898 937
899 943
901 981
902 992
903 983
905 960
906 912
907 933
907 990
909 934
911 969
915 937
917 941
923 934
928 963
928 970
931 941
933 965
938 984
942 946
942 948
945 978
946 975
949 981
954 968
965 968
968 976
973 981
977 999
993 996
