0 246
0 337
0 460
0 624
0 810
0 952
1 228
1 263
1 276
1 396
1 420
1 777
2 50
2 260
2 339
2 541
2 860
2 894
3 132
3 395
3 492
3 751
3 931
4 153
4 369
4 802
4 852
5 44
5 70
5 279
5 603
5 657
5 730
5 741
5 984
6 80
6 171
6 278
6 713
6 742
7 28
7 157
7 327
7 425
7 505
7 739
7 911
7 959
8 89
8 577
8 618
8 698
8 842
8 981
9 38
9 96
9 258
9 433
9 504
9 537
9 591
9 929
10 226
10 251
10 465
10 598
10 617
10 801
10 930
11 360
11 429
12 128
12 160
12 226
12 245
12 377
12 601
12 614
12 641
12 729
12 919
13 418
13 510
13 690
13 918
13 978
14 466
14 500
14 577
14 603
14 613
14 880
14 956
15 109
15 267
15 313
15 417
15 472
15 517
15 571
15 689
15 732
15 825
16 29
16 105
16 132
16 179
16 353
16 720
16 738
16 872
16 950
17 89
17 166
17 175
17 257
17 318
17 360
17 952
18 79
18 706
18 710
18 904
19 744
19 747
19 831
19 888
20 38
20 132
20 476
20 479
21 149
21 245
21 642
21 702
21 768
21 831
21 862
21 891
21 904
22 370
22 557
22 572
22 881
23 96
23 277
23 343
23 380
23 596
24 41
24 199
24 409
24 436
24 445
24 512
24 688
25 75
25 77
25 180
25 338
25 354
25 601
26 100
26 543
26 629
26 684
26 767
27 166
27 174
27 306
27 390
27 424
27 530
27 568
27 639
27 721
27 771
27 798
28 70
28 146
28 159
28 192
28 258
28 269
28 423
28 434
28 720
29 158
29 163
29 277
29 595
29 700
29 828
29 978
30 130
30 198
30 420
30 500
30 748
30 908
31 216
31 349
31 447
31 554
31 818
31 879
31 963
32 105
32 185
32 186
32 247
32 256
32 482
32 789
32 825
32 911
32 984
33 153
33 168
33 525
33 680
33 775
33 917
33 931
34 150
34 341
34 435
34 463
34 613
34 630
34 805
34 812
34 891
35 107
35 265
35 343
35 418
35 728
35 874
36 706
36 755
37 169
37 338
37 524
37 542
37 682
37 718
37 804
37 811
38 172
38 263
38 306
38 420
38 500
38 563
38 631
38 661
38 802
38 823
38 966
38 985
39 43
39 91
39 166
39 408
39 461
39 538
39 547
39 598
39 796
39 846
39 915
39 954
40 119
40 346
40 381
40 401
40 681
40 809
40 832
41 61
41 416
41 503
41 724
41 805
42 445
42 468
42 523
42 614
43 258
43 385
43 415
43 425
43 489
43 506
43 776
44 135
44 491
44 773
45 372
45 479
45 710
45 863
46 177
46 236
46 571
46 585
46 811
47 241
47 289
47 342
47 866
47 884
48 115
48 218
48 237
48 366
48 404
49 79
49 234
49 291
49 448
49 555
49 625
49 915
49 997
50 214
50 683
50 874
50 881
51 352
51 512
51 639
52 340
52 469
52 695
52 765
52 832
52 881
53 179
53 200
53 211
53 244
53 285
53 296
54 64
54 86
54 123
54 291
54 326
54 803
54 960
55 334
55 664
55 856
55 932
56 219
56 883
56 980
57 63
57 66
57 117
57 251
57 806
57 825
57 841
57 879
58 161
58 208
58 216
58 355
58 425
58 432
58 687
58 708
58 714
58 854
58 857
59 60
59 118
59 125
59 234
59 240
59 366
59 445
59 520
59 731
59 768
59 855
59 885
60 291
60 301
60 449
60 527
60 684
60 720
60 774
60 856
60 932
61 107
61 196
61 385
61 534
61 544
61 577
61 671
61 691
61 796
62 97
62 352
62 488
62 626
62 645
62 894
63 192
63 291
63 347
63 426
63 837
63 912
63 914
63 928
64 121
64 209
64 322
64 609
64 866
64 882
65 106
65 341
65 595
65 607
65 985
66 83
66 415
66 417
66 550
66 728
66 761
67 80
67 215
67 535
67 641
67 742
67 870
67 924
67 930
68 260
68 284
68 289
68 481
68 673
68 792
69 239
69 269
69 514
69 664
69 713
69 819
69 904
69 918
70 277
70 296
70 398
70 736
70 987
71 274
71 385
71 548
71 765
71 813
72 255
72 440
72 479
72 481
72 842
72 963
73 86
73 143
73 571
73 599
73 700
74 157
74 207
74 208
74 335
74 462
74 465
74 476
74 569
74 773
74 960
75 175
75 410
75 508
75 581
75 779
75 883
75 968
76 390
76 393
76 419
76 532
76 615
76 839
76 850
76 990
77 227
77 235
77 257
77 302
77 327
77 335
77 369
77 516
77 721
77 841
77 904
77 908
78 125
78 206
78 216
78 368
78 494
79 120
79 248
79 382
79 587
79 662
79 820
79 981
80 154
80 166
80 364
80 552
81 261
81 590
81 611
81 667
81 724
82 92
82 190
82 270
82 650
82 928
83 176
83 230
83 270
83 295
83 359
83 362
83 436
83 568
84 155
84 594
84 665
84 912
84 933
85 853
85 881
86 391
86 811
86 933
87 92
87 217
87 218
87 245
87 403
87 437
87 562
88 382
88 452
89 116
89 205
89 407
89 559
89 692
89 781
89 800
89 905
90 314
90 457
90 866
90 946
91 374
91 496
91 514
91 824
92 333
92 380
92 534
92 576
92 735
92 741
93 511
93 827
93 864
94 479
94 489
94 502
94 632
94 640
94 697
94 700
94 764
95 195
95 479
95 544
95 559
95 579
95 599
95 646
95 653
95 732
95 802
95 854
95 860
95 881
96 163
96 527
96 588
96 801
97 106
97 112
97 140
97 160
97 297
98 197
98 377
98 470
98 613
98 813
98 825
98 914
98 980
99 332
99 366
99 439
99 641
100 137
100 361
100 482
100 797
100 955
100 975
101 146
101 206
101 738
102 213
102 348
103 548
103 577
103 773
103 819
103 892
104 150
104 160
104 169
104 222
104 603
104 619
104 751
104 810
104 829
104 919
104 976
105 256
105 402
105 471
105 476
105 689
105 836
106 113
106 182
106 238
106 284
106 305
106 400
106 590
106 795
106 893
106 949
107 394
107 448
107 701
107 795
107 833
107 892
107 930
108 267
108 326
108 450
108 487
108 701
108 884
109 245
109 321
109 354
109 434
109 524
109 742
109 789
109 866
109 985
110 157
110 312
110 364
110 705
110 823
110 940
111 154
111 402
111 672
111 781
111 804
111 830
112 252
112 378
112 479
112 554
113 259
113 484
113 578
113 735
113 994
114 164
114 274
114 430
114 592
114 757
114 781
114 827
115 547
115 641
115 899
116 476
116 511
116 753
116 784
116 817
116 852
116 863
117 166
117 190
117 263
117 639
117 698
117 746
117 758
117 931
118 400
118 448
118 477
118 552
118 652
118 796
118 858
118 982
119 161
119 765
120 161
120 336
120 400
120 476
120 488
120 540
120 633
120 704
120 726
120 747
120 829
120 925
121 275
121 530
121 751
121 920
121 938
122 356
122 471
122 582
122 712
122 835
122 911
123 290
123 340
123 504
123 872
123 886
124 250
124 316
124 328
124 696
124 710
124 789
125 426
125 448
125 673
125 788
125 961
126 145
126 317
126 415
126 736
127 129
127 204
127 274
127 281
127 363
127 706
127 865
127 969
128 383
128 430
128 641
128 827
129 199
129 527
129 804
130 302
130 619
130 646
130 677
131 181
131 337
131 781
131 934
131 944
132 209
132 236
132 602
132 842
133 223
133 265
133 270
133 714
134 274
134 484
134 554
134 903
135 251
135 313
135 501
135 699
135 712
135 992
136 351
136 487
136 639
136 732
137 693
137 737
137 745
138 258
138 731
138 922
138 951
139 323
139 405
139 484
139 781
140 245
140 393
140 522
140 576
140 634
140 663
140 688
140 822
140 830
141 323
141 357
141 478
141 592
141 712
141 853
141 890
142 292
142 357
142 635
142 826
143 151
143 160
143 250
143 330
143 367
143 479
143 485
143 509
143 513
143 532
143 580
144 146
144 215
144 580
144 693
144 767
144 868
144 933
145 222
145 787
145 950
146 147
146 173
146 266
146 643
146 726
146 742
146 764
146 802
147 361
147 588
147 669
147 725
148 341
148 428
148 654
148 660
149 211
149 641
149 710
150 157
150 540
150 614
150 769
151 304
151 422
151 672
151 730
151 931
152 176
152 400
152 512
152 542
152 730
152 752
152 853
152 913
152 945
152 965
152 982
153 164
153 238
153 331
153 400
153 565
153 608
153 648
153 703
153 887
153 918
154 588
154 629
154 675
154 922
155 299
155 381
155 682
155 780
155 844
155 907
155 944
156 343
156 513
157 391
157 450
157 454
157 533
157 708
157 743
157 926
158 204
158 751
158 875
159 385
159 502
159 543
160 193
160 223
160 236
160 527
160 568
160 882
160 894
161 388
161 404
161 514
161 553
162 516
162 676
162 728
162 841
163 445
163 450
163 459
164 177
164 180
164 228
164 812
164 946
165 171
165 226
165 534
165 857
165 859
165 974
166 341
166 451
166 573
166 685
166 732
167 445
167 680
167 885
168 186
168 921
168 962
169 310
169 557
169 566
170 364
170 547
171 418
171 512
171 622
172 395
172 478
172 693
172 709
172 711
172 837
173 251
173 273
173 340
173 513
173 555
173 713
173 775
173 947
174 211
174 278
174 363
174 674
174 710
174 845
174 924
175 404
175 405
175 424
175 446
175 511
175 532
175 607
175 779
175 931
176 342
176 352
176 855
177 213
177 411
178 266
178 657
178 684
178 686
178 918
178 954
179 336
179 344
179 349
179 428
179 615
179 745
180 201
180 294
180 425
180 469
180 497
180 532
180 651
180 848
180 874
181 286
181 749
181 784
181 809
181 906
182 370
182 424
182 581
182 606
183 313
183 323
183 459
183 838
183 935
183 983
184 311
184 636
184 694
184 942
185 192
185 774
186 203
186 310
186 336
186 340
186 925
186 944
187 202
187 296
187 322
187 638
187 650
187 710
187 781
187 784
188 515
189 527
189 717
189 796
190 819
191 241
191 335
191 487
191 513
191 537
191 735
191 903
192 262
192 300
192 937
193 236
193 454
193 800
193 871
194 221
194 354
194 475
194 546
194 876
195 504
195 545
195 624
195 829
195 879
195 883
196 410
196 528
196 568
196 963
196 973
197 299
198 249
198 381
198 383
198 494
198 510
198 847
198 920
199 421
199 491
199 561
199 664
199 669
199 925
200 659
201 429
201 430
201 453
201 592
201 640
201 844
201 910
202 305
202 529
203 478
203 893
204 255
204 756
205 240
205 383
205 429
205 543
205 980
206 208
206 281
206 349
206 506
206 708
206 721
206 902
206 910
207 309
207 459
207 503
207 578
207 613
207 678
207 723
207 915
208 382
208 494
209 250
209 609
209 986
210 255
210 283
210 436
210 603
210 698
210 730
210 749
210 813
212 219
212 267
212 372
212 407
212 558
212 701
212 779
212 810
212 995
213 298
213 337
213 402
213 406
213 586
213 734
214 241
214 406
214 633
214 830
214 843
215 345
215 849
216 234
216 378
216 412
216 631
216 752
216 838
216 959
216 961
217 326
217 348
217 578
217 607
218 317
218 670
218 870
218 910
219 261
219 319
219 646
220 338
220 371
220 480
220 652
221 234
221 283
221 540
221 974
222 384
222 506
222 719
222 814
222 878
223 330
223 807
224 521
224 535
224 570
224 857
225 446
225 753
225 799
226 330
226 541
226 579
226 610
226 935
227 286
227 608
227 925
228 342
228 728
228 749
228 780
228 898
228 984
229 453
229 507
229 546
229 594
230 422
230 732
230 830
230 916
230 969
230 983
231 262
231 500
231 636
231 721
232 241
232 302
232 449
232 592
232 831
232 949
233 494
233 579
233 724
233 942
234 305
234 371
234 471
234 513
234 515
234 745
234 784
234 883
234 904
235 242
235 284
235 629
235 669
235 684
235 905
235 988
236 274
236 387
236 390
236 573
236 643
236 675
236 801
236 923
236 935
237 256
237 357
237 786
238 747
238 780
238 809
238 860
239 316
239 524
239 589
239 673
239 976
240 483
240 562
240 720
240 772
240 968
241 251
241 404
241 543
241 665
241 785
241 874
241 913
241 986
242 446
242 537
242 538
242 625
242 883
243 338
243 623
243 686
243 802
244 330
244 633
244 718
244 736
245 262
245 358
245 396
245 406
245 515
245 573
245 785
245 931
246 681
247 330
247 440
247 544
248 255
248 270
248 321
248 518
248 733
248 745
248 952
249 343
249 356
249 387
249 454
249 508
249 560
249 734
249 759
249 924
250 344
250 523
250 748
250 763
250 783
250 907
250 965
251 297
251 450
251 619
251 789
251 994
252 595
252 943
253 302
253 431
253 715
253 929
253 946
254 263
254 355
254 501
254 639
254 724
254 874
254 944
254 945
254 991
255 398
255 536
255 632
255 652
255 653
255 703
255 767
255 904
255 934
256 577
256 637
257 275
257 427
257 645
257 703
257 713
257 954
257 987
259 319
259 579
259 964
260 470
260 676
260 716
260 727
260 976
261 496
261 650
262 464
262 966
263 313
263 514
263 913
264 288
264 375
264 457
264 653
264 877
265 512
265 571
265 624
265 846
265 956
266 397
266 408
266 718
266 962
267 286
267 693
267 756
267 779
267 933
268 296
268 782
268 866
268 977
269 324
269 410
269 542
269 564
269 990
270 427
270 527
270 562
270 654
270 781
270 872
270 944
270 958
270 969
270 992
271 325
271 367
271 462
271 616
271 780
271 949
272 483
272 488
273 603
273 769
274 340
274 405
274 470
274 841
274 980
276 420
276 451
276 456
276 497
276 550
276 564
276 678
276 753
276 779
276 832
276 893
276 921
277 483
277 743
277 879
277 965
278 309
278 396
278 442
278 659
278 774
278 916
278 968
279 432
279 814
279 952
280 383
280 925
280 987
281 336
281 536
281 796
282 709
282 793
282 955
283 549
283 811
283 967
284 350
284 355
284 512
284 775
284 958
285 699
285 903
285 969
285 992
286 335
286 471
286 529
286 555
286 588
287 407
287 451
287 490
287 577
287 834
287 851
288 298
288 306
288 500
288 936
289 413
289 472
289 528
289 540
289 617
290 308
290 352
290 370
290 497
290 896
291 346
291 392
291 396
291 401
291 638
291 664
291 774
292 299
292 617
292 827
292 861
292 947
293 576
293 633
293 710
293 828
294 354
294 599
294 627
294 825
294 887
294 916
295 528
295 564
295 778
295 802
295 971
296 468
296 827
297 313
297 590
297 929
298 657
298 869
298 974
299 461
299 605
299 616
299 630
300 315
300 321
300 427
300 509
300 709
301 732
301 933
302 367
302 501
302 521
302 579
302 711
302 745
303 402
303 430
303 697
303 867
303 974
304 307
304 318
304 438
304 891
304 925
305 771
305 952
306 315
306 429
306 481
306 536
306 560
306 701
307 409
307 487
307 539
307 602
307 634
307 981
308 509
308 641
308 823
308 870
308 872
308 975
309 369
309 426
309 476
309 774
309 931
310 340
310 674
311 449
311 560
311 587
311 666
311 669
311 744
311 758
311 882
311 984
312 491
312 656
313 479
313 672
313 735
313 744
313 994
314 448
314 574
314 619
314 786
315 517
315 595
315 831
315 835
315 945
316 419
316 739
316 842
316 936
316 996
317 432
317 785
317 828
318 400
318 692
318 793
318 805
318 898
318 902
319 404
319 712
319 943
320 469
320 590
320 696
320 804
321 455
321 486
321 551
322 339
322 630
322 648
322 657
322 737
322 755
322 938
322 959
323 326
323 379
323 399
323 689
324 440
324 584
324 780
324 872
325 439
325 484
325 557
325 604
325 737
325 881
325 947
325 991
326 406
326 433
326 768
326 883
326 892
327 528
327 598
327 802
328 464
328 469
329 499
329 545
329 950
329 996
330 518
330 695
330 794
330 843
330 917
330 936
330 993
331 517
331 696
331 732
331 736
332 498
332 547
333 573
333 714
333 944
333 959
334 838
334 966
335 395
335 619
336 550
336 627
336 801
336 861
336 944
336 946
337 711
337 785
338 627
338 629
339 452
339 462
339 478
339 659
339 748
339 751
339 832
340 388
340 581
341 348
341 395
341 438
341 554
341 860
341 988
342 485
342 673
342 800
343 356
343 435
343 839
343 916
344 360
344 462
344 658
344 785
344 835
345 397
345 404
345 483
345 509
345 511
345 639
345 675
345 932
345 954
346 466
346 519
346 536
346 812
346 907
347 354
347 627
347 752
347 830
347 843
348 466
348 519
348 737
348 850
348 861
348 997
349 431
349 491
349 528
349 608
349 863
349 925
350 403
350 648
350 980
350 988
351 427
351 454
352 411
352 572
352 730
353 821
353 862
353 881
353 882
353 935
354 416
354 435
354 519
354 751
354 819
354 880
354 959
354 977
355 416
355 437
355 659
355 865
356 649
356 701
356 769
356 793
357 491
357 646
357 655
357 934
358 487
358 787
359 662
359 964
360 501
360 561
360 648
360 803
360 865
361 510
361 560
361 754
361 820
362 483
362 540
362 691
362 890
363 501
363 546
363 676
363 694
363 895
364 366
365 446
365 785
366 489
366 543
366 643
366 762
366 948
367 378
367 431
367 543
367 582
367 591
367 717
367 835
367 848
367 941
368 758
368 790
368 816
368 979
369 982
370 500
370 503
370 597
370 793
370 864
371 486
371 528
371 631
371 895
372 411
372 433
372 446
372 586
372 747
373 400
373 445
373 599
373 767
373 862
373 969
374 470
374 758
374 863
374 907
375 401
375 800
375 805
376 413
376 433
376 592
376 742
376 833
376 930
376 935
377 563
377 568
377 578
377 786
377 850
377 859
377 994
378 494
378 634
378 689
378 690
378 713
378 841
378 848
379 473
379 486
379 628
379 659
380 454
380 524
380 535
381 530
381 641
381 693
381 812
381 886
381 938
382 635
382 683
382 720
382 740
382 879
382 981
383 502
383 706
384 537
384 546
384 644
384 723
385 642
385 658
385 989
386 571
386 950
387 720
388 623
388 677
388 757
388 845
389 649
389 684
389 686
389 699
389 833
390 497
390 687
390 863
390 899
391 611
391 693
391 716
391 780
392 436
392 489
392 712
392 752
392 820
393 524
393 533
393 949
394 625
394 725
395 489
395 614
396 581
396 957
397 799
398 512
398 922
399 409
399 672
400 574
400 575
400 675
400 699
400 862
401 412
401 435
401 454
401 767
401 817
401 823
401 898
402 450
402 912
403 429
403 461
403 930
403 931
404 495
404 642
404 825
404 855
405 517
405 627
405 846
406 481
406 650
406 721
406 953
406 979
407 561
407 702
408 595
408 928
408 959
409 522
409 634
409 771
409 823
410 594
410 755
411 489
411 546
411 598
411 890
412 469
412 474
412 510
412 564
412 626
412 797
412 830
413 447
413 467
413 507
413 552
413 630
413 714
413 857
413 964
414 474
414 506
414 541
414 590
414 841
415 550
415 654
415 775
416 496
416 539
416 550
416 713
416 716
416 817
417 885
417 887
418 465
418 661
418 732
419 465
419 969
420 532
420 959
421 712
421 797
421 879
422 471
422 566
422 601
422 816
423 432
423 749
423 994
424 666
424 804
424 842
424 965
425 522
425 687
425 825
426 448
426 630
426 944
427 623
427 696
427 786
428 470
428 634
428 644
428 673
428 743
428 790
428 934
429 667
429 769
429 871
429 873
429 877
430 817
431 488
431 626
431 734
431 759
431 762
431 816
431 873
432 472
432 806
432 911
432 939
432 988
433 525
434 558
434 666
434 761
434 929
434 934
434 990
435 551
435 594
435 962
436 595
436 680
437 684
437 736
437 751
437 760
437 952
437 954
438 443
438 555
438 772
438 998
439 545
439 843
440 451
440 612
440 870
440 918
441 470
441 747
441 751
442 575
442 610
442 671
442 860
442 947
443 941
444 832
445 592
445 828
445 913
446 466
446 556
446 574
446 614
446 628
446 688
447 501
447 561
447 717
447 807
447 844
448 852
448 868
448 980
448 983
449 561
449 570
449 764
449 854
450 634
450 653
450 724
450 870
451 738
451 995
452 690
452 744
452 765
452 820
452 901
453 473
453 522
453 542
453 706
453 805
453 836
454 496
454 725
454 779
455 574
455 760
456 499
456 582
456 787
457 555
457 651
457 716
457 772
457 909
458 503
458 886
458 967
459 534
459 806
459 924
459 978
460 570
460 648
460 899
460 967
461 678
462 547
462 649
462 925
463 474
463 481
463 758
463 844
464 960
466 513
466 519
466 645
466 676
467 486
467 913
467 919
468 469
468 516
468 533
468 627
468 765
468 797
469 545
469 775
469 814
469 984
470 737
470 774
471 735
472 764
472 919
474 539
474 652
474 796
474 829
474 840
475 808
476 914
476 990
477 523
477 578
477 632
477 731
477 765
477 886
477 895
478 514
478 583
478 589
478 740
479 496
479 500
479 566
479 573
479 578
480 645
481 524
481 637
481 685
481 714
481 787
481 796
481 885
481 891
481 945
482 774
482 872
482 914
483 513
483 535
484 579
484 806
484 816
484 962
485 502
485 836
485 874
486 633
486 699
486 796
486 890
486 900
487 637
487 661
487 704
487 874
488 945
489 807
489 874
491 512
491 649
491 696
491 706
492 495
492 833
492 900
493 683
493 696
493 944
494 858
495 516
495 826
496 577
497 699
497 797
497 852
498 956
500 610
500 699
500 703
500 767
500 779
500 866
501 878
501 889
501 890
501 974
502 543
502 939
503 661
503 772
503 861
503 946
503 989
504 581
504 857
504 881
505 589
505 688
505 703
505 726
505 739
507 743
508 727
509 510
509 587
509 643
509 737
509 837
509 998
510 572
510 672
510 765
510 917
511 674
511 817
511 945
511 991
512 614
512 667
512 843
513 659
514 547
514 596
515 590
515 941
516 526
516 588
516 803
516 971
517 905
517 983
518 800
518 831
519 631
519 638
519 646
519 718
519 869
520 530
520 619
521 863
522 925
523 570
523 982
524 565
524 767
524 815
524 981
525 587
525 608
525 633
527 665
527 701
527 851
528 545
528 699
528 749
528 836
528 854
529 590
529 688
529 727
529 808
529 850
530 700
530 726
531 630
531 676
531 715
531 780
531 786
532 548
532 563
532 663
532 769
533 629
533 871
534 956
534 981
535 590
535 663
535 699
535 936
536 916
537 546
538 603
538 646
539 618
539 927
540 656
540 733
541 904
542 647
542 833
542 982
543 615
543 647
543 693
543 739
543 806
543 932
543 964
545 638
545 808
545 813
545 829
546 835
546 931
546 993
547 660
547 812
548 555
548 751
548 971
549 587
549 636
550 949
551 650
552 627
552 972
553 590
553 615
553 695
555 624
555 850
556 624
556 766
556 782
556 831
557 684
557 715
557 735
558 736
559 780
559 900
560 587
560 826
560 827
561 574
561 664
561 695
561 789
561 804
561 826
561 899
562 608
562 760
562 793
562 886
562 918
564 796
564 988
565 694
565 863
565 944
566 765
569 603
569 651
570 798
570 807
571 618
571 882
572 645
572 972
572 978
573 779
573 848
574 664
574 782
574 827
574 852
575 728
575 825
575 844
575 939
577 612
577 685
577 781
577 840
577 855
577 999
578 610
578 884
578 925
579 779
579 866
580 702
580 912
580 952
581 734
582 781
582 931
583 653
583 760
583 806
583 958
584 674
584 796
584 856
585 929
586 678
586 841
587 855
587 881
587 902
587 925
587 987
588 591
589 698
589 753
589 781
589 984
590 900
591 649
591 658
591 686
591 949
592 654
592 729
592 874
592 987
592 988
593 685
593 831
593 883
594 878
595 614
595 692
595 825
595 836
596 840
596 929
596 990
598 627
598 831
600 646
600 711
600 721
600 787
600 879
600 972
601 691
602 762
602 976
603 774
603 931
604 626
604 695
605 765
605 778
605 847
605 905
606 607
607 930
607 957
608 840
609 648
609 697
609 804
610 685
610 730
610 893
610 925
611 614
611 673
611 691
611 969
612 652
613 644
613 730
613 747
614 672
615 828
616 639
616 725
616 735
616 770
616 824
616 924
617 687
617 758
617 790
617 847
617 889
618 776
620 640
621 831
621 879
621 899
622 842
623 636
623 906
623 943
625 726
626 719
626 749
628 738
628 816
628 817
629 759
629 973
630 773
630 996
631 638
633 636
633 956
634 729
634 825
635 637
635 648
635 777
636 684
636 816
637 740
637 858
637 952
637 957
637 959
638 663
638 769
638 787
639 674
640 680
640 749
640 756
641 741
641 743
641 794
641 935
642 686
642 751
642 835
643 656
643 691
643 997
645 677
645 776
645 798
646 894
647 684
647 790
647 960
648 905
650 697
650 737
651 702
651 781
652 757
652 819
653 742
653 816
653 896
653 982
653 993
654 774
654 805
654 974
655 999
656 873
656 973
657 745
657 862
657 884
658 811
658 815
658 824
659 909
659 937
661 791
661 849
661 956
661 963
662 666
662 900
663 671
663 978
665 715
665 731
665 795
666 876
666 900
666 986
669 735
669 764
669 862
670 782
670 821
670 853
671 757
671 977
671 992
673 807
673 926
674 787
674 903
675 886
675 932
676 823
677 960
679 959
679 970
681 709
681 748
681 924
681 984
682 770
682 814
682 873
683 898
683 909
684 735
685 950
685 954
686 985
687 700
687 723
687 733
687 950
688 845
689 757
689 996
690 772
690 890
690 945
691 930
691 996
692 808
693 710
693 830
693 844
693 982
694 899
695 786
695 896
696 805
697 787
697 839
697 917
698 781
698 783
698 979
699 784
699 895
699 908
701 724
702 866
703 839
703 872
703 877
703 996
704 807
704 933
705 751
705 772
705 867
707 839
708 891
708 946
709 807
710 713
710 904
712 777
712 869
712 881
712 898
713 978
714 740
714 840
714 949
715 797
716 721
717 745
717 830
720 737
720 945
722 747
723 825
723 888
724 990
726 732
726 862
726 965
727 945
731 853
731 871
733 923
733 965
733 971
734 853
734 925
735 969
736 784
736 992
737 741
737 793
737 848
738 985
739 972
739 993
740 818
740 977
741 915
741 958
743 932
744 926
745 936
746 988
747 854
749 794
750 935
751 780
751 950
751 999
752 867
753 791
753 942
754 987
755 814
755 864
756 777
756 807
758 855
758 859
758 875
758 876
758 892
758 912
759 830
759 890
760 772
760 836
761 854
761 941
762 839
762 903
762 914
762 928
762 941
762 980
763 949
764 971
765 929
766 873
766 889
767 823
768 787
768 791
768 825
768 999
769 920
771 961
771 964
772 989
773 834
773 980
774 896
775 849
776 902
776 976
777 900
777 988
778 983
780 946
781 792
781 854
782 856
782 861
783 794
783 972
785 844
785 931
786 920
786 946
787 791
787 802
787 994
790 999
791 806
791 994
792 827
794 809
794 970
794 978
796 905
797 822
797 920
798 890
798 976
799 924
799 949
800 861
800 862
800 893
800 923
800 974
801 923
802 829
802 893
802 902
803 951
804 931
804 940
805 843
805 863
806 840
808 849
810 901
810 934
810 958
811 927
811 953
812 915
812 917
812 955
813 854
814 928
816 818
817 831
817 965
818 924
820 981
821 950
823 916
823 922
823 933
825 875
825 922
825 949
826 963
827 953
828 943
829 931
830 848
831 976
831 998
835 865
835 955
836 880
836 975
841 931
842 846
842 931
843 908
845 882
845 924
846 982
847 883
847 958
847 967
848 868
848 988
849 895
849 957
851 861
851 881
851 981
853 886
855 875
857 997
859 962
861 909
861 984
864 956
865 875
866 878
867 902
867 964
869 894
870 969
873 925
873 937
874 915
874 974
876 891
877 963
877 987
882 947
883 981
884 982
886 895
887 944
887 948
888 967
889 890
889 898
889 912
893 984
894 930
896 963
896 970
897 925
898 977
898 986
903 917
903 947
906 939
908 927
912 946
912 991
914 991
916 990
917 930
918 923
918 976
924 984
931 981
936 949
936 998
939 992
940 958
941 982
942 968
944 997
946 975
948 974
948 991
952 989
953 993
960 985
969 972
973 974
973 990
975 985
978 987
