0 34
0 602
0 624
0 932
1 122
1 130
1 135
1 149
1 175
1 361
1 684
1 927
2 21
2 56
2 114
2 523
2 717
2 729
2 876
2 897
2 953
3 46
3 76
3 409
3 566
3 578
3 800
3 883
4 7
4 78
4 161
4 260
4 302
4 479
4 674
4 750
4 929
5 207
5 785
6 123
6 243
6 299
6 570
7 34
7 344
7 398
7 631
8 409
8 655
8 863
9 343
9 461
9 638
9 860
9 936
10 40
10 202
10 206
10 294
10 441
10 487
10 554
10 668
10 939
10 958
10 959
11 216
11 274
11 304
11 473
11 548
11 610
11 955
12 343
12 344
12 411
12 500
12 645
12 868
13 149
13 847
13 848
13 851
13 876
13 989
14 74
14 554
14 928
14 992
15 79
15 248
15 312
15 713
15 743
15 777
16 233
16 453
16 521
16 523
16 712
16 884
16 982
17 28
17 32
17 284
17 592
17 595
17 735
17 877
17 971
18 78
18 324
18 449
18 668
19 122
19 357
19 445
19 560
19 838
20 104
20 220
21 54
21 63
21 77
21 354
21 544
21 788
22 27
22 455
22 502
22 585
22 602
22 934
23 132
23 189
23 590
24 39
24 41
24 139
24 192
24 495
24 534
24 678
24 904
25 225
25 305
25 930
26 60
26 86
26 196
26 538
26 551
26 626
26 648
27 152
27 192
27 221
27 405
27 455
27 937
27 958
28 43
28 391
28 501
28 645
29 34
29 169
29 180
29 214
29 559
29 667
29 732
29 741
30 40
30 254
30 646
30 902
31 185
31 229
31 355
31 485
31 643
31 969
32 164
32 190
32 313
32 353
32 677
32 706
32 748
32 940
33 218
33 803
33 875
33 894
34 194
34 609
34 650
34 684
34 726
34 820
35 441
35 586
35 854
35 880
35 921
36 421
37 60
37 422
37 522
37 958
38 49
38 93
38 365
38 396
38 438
38 471
38 639
38 729
38 754
38 792
38 911
38 938
39 580
39 767
39 849
40 476
40 527
40 822
41 136
41 472
41 602
42 72
42 197
42 245
42 861
43 54
43 60
43 109
43 197
43 264
43 634
43 713
43 746
44 93
44 102
44 116
44 403
44 478
44 591
44 595
44 737
44 882
45 273
45 283
45 308
45 420
45 697
46 280
46 288
46 307
46 317
46 445
46 621
46 742
46 790
47 97
47 324
47 527
47 901
48 154
48 459
48 608
48 655
48 973
49 229
49 626
49 837
49 932
50 80
50 234
50 387
50 613
50 801
51 174
51 499
51 529
51 857
52 166
52 319
52 346
52 699
53 95
53 362
53 481
53 490
53 852
53 864
54 162
54 661
54 847
54 873
54 886
54 937
55 558
55 613
55 782
55 830
55 834
56 723
56 783
56 786
56 839
57 79
58 129
58 196
58 463
58 466
58 591
58 612
59 205
59 419
59 449
59 779
60 101
60 114
60 132
61 68
61 103
61 154
61 305
61 552
61 642
61 910
62 211
62 706
62 823
62 962
63 130
63 215
63 412
63 556
63 864
63 917
64 304
64 346
64 414
64 436
64 514
64 594
64 607
64 777
64 967
65 319
65 402
65 622
65 648
65 793
66 220
66 235
66 307
66 435
66 568
66 652
66 918
67 323
67 503
67 630
67 794
67 886
68 144
68 870
69 121
69 342
69 347
69 498
69 623
69 627
69 637
69 911
69 925
69 979
70 265
70 454
70 540
70 607
70 756
70 814
71 86
71 198
71 212
71 406
71 611
71 646
71 771
71 798
72 153
72 484
72 518
72 541
72 549
72 622
72 704
73 236
73 527
73 781
73 795
73 982
74 228
74 276
74 472
74 698
74 826
75 640
75 795
76 164
76 628
76 700
77 83
77 370
77 413
77 437
77 510
77 527
77 964
77 997
78 346
78 610
78 658
78 746
78 852
78 973
79 471
79 484
79 620
79 773
79 798
79 900
80 144
80 363
80 461
80 590
80 840
80 905
81 249
81 427
81 657
81 739
81 753
81 788
81 853
81 952
82 255
82 271
82 274
82 367
82 418
82 510
82 694
82 773
82 848
82 954
83 291
83 955
83 967
84 102
84 104
84 182
84 221
84 484
84 502
84 559
84 582
85 184
85 631
86 292
86 371
86 698
86 764
86 784
86 949
87 325
87 379
87 591
87 928
87 973
88 635
88 659
88 802
88 910
88 951
88 981
89 182
89 430
89 549
89 760
90 105
90 307
90 398
90 483
90 823
91 275
91 616
91 617
91 654
91 737
91 769
91 849
92 209
92 281
92 323
92 376
92 556
92 858
92 904
93 186
93 274
93 367
93 385
93 744
93 901
94 112
94 278
94 330
94 531
94 548
94 695
94 924
94 945
95 164
95 345
95 348
95 608
95 763
95 979
96 189
96 775
96 792
96 935
96 949
96 977
97 179
97 532
98 172
98 348
98 435
98 474
98 588
98 931
99 214
99 222
99 334
99 486
99 617
99 804
100 221
100 285
100 352
100 363
100 639
100 677
101 160
101 258
101 297
101 434
101 440
101 765
101 811
101 823
102 169
102 316
102 321
102 862
102 894
103 383
103 582
103 625
103 920
104 219
104 686
104 951
105 464
105 598
105 961
106 639
106 687
106 716
106 724
106 820
106 914
106 973
107 163
107 727
107 928
108 214
108 474
108 653
108 743
109 127
109 160
109 233
109 279
109 545
110 268
110 579
110 645
111 300
111 408
111 502
111 555
111 593
111 632
111 812
112 197
112 224
112 258
112 385
112 541
113 193
113 310
113 784
113 958
114 604
114 639
115 171
115 200
115 300
115 383
115 752
116 141
116 263
116 593
116 717
116 984
117 220
117 262
117 345
117 417
117 436
117 837
118 337
118 697
118 808
119 158
119 182
119 502
119 550
119 555
119 612
119 658
119 739
120 340
120 375
120 445
120 619
120 704
120 843
120 976
120 985
121 174
121 452
121 471
121 534
121 554
121 824
121 924
122 378
122 398
122 576
123 162
123 334
123 389
123 472
123 629
123 654
123 757
123 902
123 919
124 218
124 584
124 686
124 921
124 992
125 511
126 201
126 291
126 354
126 407
126 890
126 998
127 338
127 374
127 388
127 397
127 412
127 786
128 436
128 470
128 601
128 706
128 916
128 995
129 134
129 343
129 486
129 594
129 598
129 924
129 987
130 141
130 161
130 195
130 607
130 851
130 935
130 988
131 222
131 229
131 262
131 401
131 437
131 581
131 664
131 813
131 869
131 957
132 654
132 861
133 137
133 230
133 478
133 798
133 940
134 152
134 275
134 513
134 889
135 146
135 194
135 276
135 301
135 398
135 533
136 176
136 656
136 829
137 309
137 382
137 467
137 547
137 590
137 664
137 843
138 320
138 530
138 555
138 701
138 787
139 448
139 552
140 164
140 195
140 269
140 728
140 772
140 930
141 212
141 258
141 903
142 326
142 450
142 905
143 176
143 264
143 512
143 856
143 952
143 962
144 435
144 608
144 858
144 991
145 288
145 373
145 432
145 581
145 657
145 718
145 875
145 884
146 181
146 248
146 376
146 396
146 607
146 873
146 898
146 925
147 196
147 427
147 546
147 788
147 796
148 248
148 258
148 294
148 506
148 556
148 821
148 881
149 293
149 392
149 654
149 801
150 217
150 474
150 752
151 180
151 331
151 334
151 459
151 712
151 888
151 938
152 232
152 244
152 643
153 194
153 358
153 371
153 412
153 482
153 535
153 588
153 592
153 677
153 928
154 156
154 202
154 292
154 562
154 825
154 894
155 513
155 964
156 340
156 416
156 421
156 813
157 206
157 425
157 478
157 595
157 794
158 439
158 624
158 688
158 712
158 897
159 165
159 348
159 354
159 367
159 462
159 600
159 950
160 636
160 815
161 407
161 542
161 610
161 699
161 931
162 524
162 738
162 861
162 886
162 944
163 289
163 342
163 351
163 378
163 816
163 910
163 988
164 362
164 370
164 443
164 514
164 646
164 678
164 730
165 233
165 236
165 774
165 910
166 242
166 263
166 309
166 443
166 450
166 580
166 585
166 723
167 406
167 607
168 240
168 257
168 606
168 646
168 733
168 934
169 447
169 497
169 533
169 808
170 172
170 399
170 460
170 720
170 748
170 757
171 202
171 238
171 297
171 358
171 705
172 307
172 398
172 525
172 600
172 603
172 686
172 687
172 716
172 909
172 938
173 241
173 805
173 885
173 983
174 270
174 297
174 377
174 510
174 678
175 190
175 431
176 959
177 413
177 459
177 551
177 795
177 924
178 223
178 385
178 448
178 731
178 961
178 990
179 246
179 593
179 636
179 769
179 819
180 374
180 411
180 818
181 252
181 479
181 891
181 977
182 205
182 310
182 720
183 310
183 743
184 444
184 570
184 586
184 592
184 758
184 785
184 812
184 913
185 266
185 728
186 202
186 452
186 610
186 626
186 661
186 778
187 364
187 486
187 574
187 604
188 366
188 566
188 647
188 889
189 248
189 381
189 674
189 774
189 866
190 397
190 417
190 839
191 291
191 457
191 675
192 401
192 434
192 831
193 492
193 669
193 681
194 295
194 395
194 495
194 617
194 752
194 825
194 853
194 884
194 968
194 994
195 376
195 596
195 599
195 741
195 852
196 325
196 464
196 573
197 199
197 575
197 615
197 706
197 785
197 914
198 226
198 247
198 420
198 534
198 821
199 255
199 579
201 258
201 322
201 587
201 762
201 800
201 801
202 324
202 335
202 400
202 465
202 578
202 768
202 844
203 350
203 552
203 854
203 855
203 901
203 989
204 289
204 440
204 467
204 570
204 653
204 855
204 945
204 962
205 525
205 712
205 880
205 926
205 941
206 320
206 357
206 415
206 861
207 241
207 632
207 939
208 230
208 293
208 317
208 468
208 575
208 595
208 721
208 766
208 833
208 894
208 998
209 292
209 388
209 672
210 260
210 283
210 325
210 334
210 349
210 358
210 514
210 704
210 849
210 920
210 947
210 999
211 221
211 264
212 229
212 363
212 768
212 959
213 324
213 379
213 623
213 659
213 833
213 844
214 604
214 724
214 769
214 793
214 998
215 286
215 419
215 466
215 638
215 787
215 855
215 932
216 454
216 714
216 720
217 525
217 782
217 816
217 858
217 869
218 277
218 566
218 584
218 778
219 846
219 893
219 992
220 338
220 454
220 486
220 566
220 573
220 729
221 551
221 762
221 916
222 512
222 721
222 802
223 249
223 859
224 357
224 601
224 706
224 978
225 458
225 488
225 601
225 638
225 685
226 804
226 818
226 819
226 885
226 978
227 272
227 392
227 634
227 783
227 925
228 260
228 357
228 420
228 541
228 591
228 820
229 299
229 548
229 677
229 727
229 758
229 828
230 371
230 472
230 613
231 259
231 477
231 709
231 766
231 808
231 932
231 956
231 959
232 240
232 322
232 445
232 564
232 786
232 974
233 241
233 264
233 501
234 238
234 260
234 264
234 418
234 500
234 784
234 897
234 965
235 279
235 521
235 528
235 540
235 862
236 480
236 609
236 643
236 662
236 666
236 829
236 998
237 302
237 598
237 910
238 246
238 395
238 474
238 564
238 580
238 760
239 443
239 595
239 787
239 793
239 844
240 590
240 790
241 299
241 562
241 640
242 352
242 408
242 581
242 635
243 553
243 750
243 870
244 496
244 668
244 794
244 914
244 995
245 351
245 838
246 560
246 574
246 577
246 610
246 635
246 663
246 858
247 320
247 436
247 491
247 812
248 330
248 522
248 531
248 558
248 601
248 673
248 817
249 358
249 360
249 424
249 838
249 932
250 727
250 798
251 344
251 407
251 464
251 589
251 652
251 679
251 720
251 739
252 336
252 496
252 812
252 987
253 399
253 892
253 897
254 257
254 272
254 356
254 368
254 496
254 518
254 533
254 627
254 675
254 763
255 364
255 486
255 853
256 262
256 408
256 495
256 738
256 806
257 310
257 382
257 440
257 605
257 718
257 725
258 523
258 744
258 845
258 852
258 863
259 354
259 361
259 434
259 440
259 540
259 586
259 642
259 725
259 860
259 882
259 891
259 970
260 316
260 573
260 764
260 914
260 950
261 330
261 339
261 343
261 440
261 793
261 978
262 348
262 454
262 539
262 596
262 636
262 758
262 847
262 867
262 890
262 909
262 932
263 838
264 362
264 412
264 453
264 703
264 728
264 742
264 828
264 953
265 299
265 453
265 582
265 690
265 804
265 828
266 293
266 327
266 395
266 798
266 812
267 329
267 481
267 905
267 917
268 360
268 453
268 492
268 584
268 741
268 907
269 686
269 708
269 935
270 311
270 515
270 715
270 769
270 836
270 949
271 708
272 516
272 692
272 801
272 876
272 928
273 364
273 585
273 650
273 681
273 730
273 969
274 496
274 861
274 987
275 509
275 540
275 692
275 814
275 883
275 901
275 902
276 735
276 870
277 456
277 499
277 615
277 974
278 422
278 487
278 859
278 987
279 949
280 352
280 384
280 849
281 285
281 659
281 920
282 289
282 375
282 433
283 317
283 374
283 465
283 633
283 845
284 338
284 357
284 578
284 775
284 898
284 957
285 508
285 527
285 751
285 960
286 532
286 958
287 476
287 894
288 531
288 621
288 716
288 721
288 749
288 758
288 965
288 997
289 539
289 545
290 563
290 639
290 650
290 687
290 788
291 554
291 663
291 770
291 862
291 959
292 695
292 885
292 943
293 423
293 716
293 735
294 605
294 688
294 875
294 979
294 988
295 435
295 820
296 362
297 625
297 791
298 311
298 337
298 353
298 822
299 400
299 661
299 720
300 313
300 404
300 696
300 754
300 776
300 904
301 515
301 654
301 876
301 909
301 924
302 405
302 456
302 572
302 738
302 887
302 947
302 962
303 306
303 318
303 344
304 320
304 447
305 351
305 919
306 531
306 572
306 573
307 551
307 687
307 802
307 872
308 349
308 468
308 524
308 557
308 701
308 744
308 814
308 855
309 605
310 405
310 534
310 667
310 722
310 736
311 365
311 505
312 571
312 609
312 613
312 621
312 675
312 712
312 967
313 460
313 495
313 840
314 851
314 928
314 998
315 714
315 857
315 986
316 365
316 452
316 478
316 488
316 523
316 689
316 756
316 864
317 389
317 565
317 630
317 738
318 353
318 756
318 950
319 408
319 611
319 675
319 682
319 996
320 362
320 365
320 595
320 729
321 409
321 416
321 751
321 854
321 932
322 331
322 689
323 385
323 486
323 491
323 648
323 968
323 970
324 356
324 369
324 440
324 446
324 480
324 545
324 711
324 908
325 427
325 502
325 931
326 649
326 960
327 449
327 467
327 477
327 567
327 648
327 784
327 788
328 338
328 469
328 560
328 838
329 362
329 367
329 401
329 782
329 933
330 399
330 773
330 952
331 336
331 375
331 416
331 541
331 695
331 696
331 728
331 926
333 346
333 551
333 695
333 938
334 479
335 564
335 746
335 846
335 961
336 455
336 959
337 375
337 594
337 600
337 657
338 431
338 874
338 993
339 524
339 594
339 651
339 736
340 420
340 583
340 892
341 532
341 599
341 701
341 714
341 872
342 476
343 417
343 481
343 654
343 664
343 845
343 965
344 346
344 365
344 412
344 532
344 920
344 935
345 500
345 636
345 669
345 678
346 843
346 907
347 414
347 510
347 543
347 649
347 720
348 590
349 666
349 715
349 736
349 779
349 895
350 353
350 550
350 674
350 745
350 759
350 937
350 963
351 875
351 949
352 473
352 517
352 678
352 995
353 832
353 951
355 697
356 526
356 569
356 808
357 467
357 506
357 530
357 878
358 387
358 622
358 652
358 674
358 697
358 857
358 972
359 379
360 489
360 896
361 367
361 800
361 926
361 978
362 666
362 674
362 913
362 967
363 421
363 533
363 649
363 823
363 955
363 980
364 518
364 580
364 782
364 838
364 918
365 411
365 512
365 854
365 895
366 459
366 575
366 581
366 749
366 802
366 972
367 386
367 605
367 619
367 706
367 748
367 791
368 571
368 597
368 692
368 753
370 386
370 620
370 758
371 449
371 450
372 562
372 847
373 477
373 670
373 730
373 731
373 739
373 782
373 902
374 399
374 493
374 600
374 710
374 874
375 730
375 961
376 781
377 382
377 748
377 842
378 393
378 450
378 530
378 646
378 788
378 843
379 494
379 611
379 954
379 997
380 476
380 608
380 658
380 921
380 936
381 421
381 578
381 716
381 770
382 440
382 613
382 622
382 928
382 979
383 428
384 638
384 715
385 917
386 832
386 857
386 878
386 927
387 552
387 606
387 617
387 792
387 865
387 908
387 959
388 407
388 422
388 946
389 941
390 644
391 481
391 618
391 630
391 912
392 518
392 677
392 709
392 780
392 791
392 901
392 971
393 648
393 702
393 800
393 828
393 867
393 968
394 475
394 687
394 872
394 892
394 964
395 611
395 715
395 770
396 498
396 533
396 543
396 578
396 747
396 901
396 915
397 450
397 500
397 517
397 784
397 874
398 479
398 492
398 572
398 721
399 480
399 497
399 694
399 723
399 952
400 468
400 826
400 871
401 577
401 669
401 968
402 410
402 551
402 635
402 836
403 599
403 705
403 755
404 475
404 941
405 443
406 412
406 514
406 541
406 691
406 699
406 979
407 705
407 840
408 464
408 482
408 785
408 813
409 413
409 505
409 615
409 736
409 812
410 498
410 640
411 492
411 552
411 682
411 714
411 763
411 774
411 914
412 463
412 492
413 467
414 500
414 607
414 997
415 428
415 443
415 915
415 939
416 493
416 710
416 944
417 478
417 652
417 933
418 926
419 877
419 907
420 542
420 998
421 569
421 659
422 576
422 744
422 973
423 503
423 705
424 476
425 564
425 815
425 985
426 486
426 511
426 635
426 655
426 972
427 575
428 435
428 474
428 503
428 777
428 807
428 838
429 579
429 716
429 832
429 868
429 945
430 435
430 462
430 678
430 689
430 786
431 514
431 923
431 958
432 771
433 677
433 681
433 698
433 796
433 797
433 824
433 866
433 974
434 775
434 812
434 905
434 958
435 479
435 600
435 808
435 940
436 637
438 651
438 859
438 893
438 987
439 452
439 919
440 949
440 986
441 463
441 774
441 851
442 622
442 934
443 564
443 727
443 947
444 748
444 908
445 539
445 917
445 966
447 667
447 710
447 738
447 910
448 596
448 821
448 833
448 848
448 872
448 916
449 589
449 803
449 910
449 950
450 659
450 761
450 831
451 457
451 500
451 863
451 919
451 948
451 975
452 577
452 629
452 952
453 655
453 728
453 853
454 553
454 747
454 838
454 839
454 993
455 567
455 992
456 557
457 687
457 701
457 781
458 566
459 475
459 489
459 551
459 611
459 932
460 507
460 606
460 650
460 796
461 464
461 504
461 582
461 801
461 921
462 475
462 514
462 642
462 822
462 878
463 847
463 860
463 928
464 495
464 551
464 655
464 665
464 698
464 894
465 547
465 810
465 873
466 475
466 838
466 894
466 914
466 979
467 584
467 771
467 917
468 698
468 702
469 496
469 672
469 787
469 879
469 883
469 915
470 572
470 621
470 878
470 999
472 555
472 569
472 759
472 806
472 900
473 523
474 556
474 720
474 793
475 487
475 561
475 656
475 789
475 834
475 940
475 981
475 992
476 568
476 870
476 957
477 527
477 761
477 812
477 845
477 921
478 790
478 838
478 854
479 528
479 767
479 952
480 652
480 742
480 907
480 983
481 635
481 638
481 816
481 976
482 526
482 566
482 627
482 644
482 657
483 534
483 611
483 727
483 793
483 813
483 847
485 646
486 835
486 862
486 949
487 516
487 727
487 936
487 992
488 773
488 942
489 578
489 716
489 824
489 846
491 713
491 732
491 754
491 761
491 785
491 958
492 560
492 635
492 640
492 663
492 758
493 798
494 705
495 571
495 581
496 610
496 707
496 891
497 809
499 509
499 586
500 570
500 682
500 708
500 885
501 959
502 596
502 664
502 802
502 959
503 603
503 759
503 946
504 691
504 943
504 957
505 615
505 750
505 896
505 953
507 991
508 892
508 933
509 751
510 521
510 576
510 766
511 612
511 844
511 962
512 673
512 708
512 752
513 674
513 700
513 770
513 848
513 878
514 531
514 622
514 727
514 860
515 896
515 905
515 995
516 781
516 901
517 574
517 710
517 907
518 843
519 869
520 564
520 874
520 940
521 584
521 687
521 725
522 655
522 739
522 903
523 690
523 851
523 865
524 546
524 591
524 966
525 965
526 627
526 951
527 715
527 992
528 658
528 739
528 740
528 789
528 873
529 535
530 784
530 790
530 802
530 909
531 724
531 764
532 598
532 662
533 543
533 985
534 748
534 795
535 604
535 690
536 576
536 764
536 919
537 638
537 872
537 905
538 661
538 955
538 981
539 608
539 829
539 838
539 846
540 629
540 799
540 956
541 672
545 617
545 791
546 992
546 998
547 558
547 585
547 732
547 906
548 592
548 828
548 953
548 959
549 647
549 841
549 857
550 624
550 796
551 556
551 812
552 933
552 968
553 678
553 937
554 650
554 707
555 616
555 966
556 560
556 677
556 834
556 919
556 989
557 624
557 659
557 796
558 606
559 679
561 609
561 656
562 627
562 721
562 731
562 886
562 912
563 628
563 643
563 768
565 598
565 691
565 695
565 753
565 883
566 691
566 758
566 814
567 584
567 811
567 898
568 652
569 643
569 678
569 713
569 729
569 889
570 663
570 959
571 585
571 593
571 624
571 702
571 797
571 817
572 753
572 874
572 937
573 647
573 665
573 722
573 776
574 642
574 683
574 782
575 761
576 678
576 934
577 652
577 806
577 923
577 998
578 671
578 820
578 910
579 837
579 887
579 923
580 677
580 840
581 587
581 867
582 948
583 622
583 775
583 784
583 909
584 905
584 937
584 969
585 607
585 904
586 590
586 668
586 899
587 714
587 847
587 863
587 958
588 648
588 762
588 811
588 814
588 908
589 655
589 671
589 722
590 692
591 665
591 714
591 740
592 973
593 757
594 753
594 792
594 914
595 832
597 698
597 854
597 976
598 633
598 803
598 942
599 645
599 816
600 727
600 968
601 833
602 677
602 796
603 923
604 627
604 806
604 980
606 614
606 925
606 930
606 952
607 751
607 801
607 848
609 721
609 855
610 764
610 788
610 999
611 646
611 733
611 847
611 995
612 800
613 790
613 979
614 690
614 912
614 993
615 959
616 686
617 749
618 790
618 862
619 757
619 813
621 677
621 939
621 947
622 746
622 910
622 943
623 724
623 759
623 815
623 834
623 949
624 642
624 771
624 940
625 692
626 679
626 866
627 751
627 983
628 998
630 703
630 962
630 964
631 668
631 862
631 865
632 674
632 796
635 921
637 910
638 653
638 761
638 768
640 797
641 760
641 771
641 777
642 653
642 887
643 673
643 698
643 937
644 675
644 690
644 743
644 913
645 705
645 829
645 906
646 692
647 695
647 709
647 762
647 841
647 863
648 759
648 942
648 993
650 827
650 885
650 906
650 912
650 936
651 662
651 944
652 715
652 786
652 907
653 680
653 682
653 736
653 855
653 919
653 920
653 985
654 672
654 682
654 957
655 669
655 831
656 926
656 931
656 986
657 767
657 887
657 890
658 813
658 944
659 750
660 820
660 845
660 938
660 951
662 859
663 962
664 728
664 740
664 881
666 985
667 845
667 896
668 907
669 785
669 829
669 851
669 902
671 774
671 777
671 881
672 769
672 925
672 995
673 702
673 831
673 862
674 749
674 815
674 964
675 945
676 891
677 897
677 905
678 798
678 990
679 777
679 879
679 964
680 846
680 852
682 818
683 940
683 990
684 715
684 754
684 760
684 763
686 769
686 964
687 688
687 719
687 733
688 719
688 879
689 721
689 739
689 744
689 931
689 937
690 778
690 898
691 887
691 911
692 890
693 720
693 750
693 919
693 929
694 875
695 733
695 802
696 799
697 733
697 990
698 785
698 820
698 907
699 823
700 710
700 922
701 864
701 982
702 735
702 761
702 812
702 853
702 903
703 946
703 987
705 834
706 794
706 842
706 908
707 759
707 821
707 988
710 839
710 851
712 751
712 947
713 747
713 798
715 782
715 872
715 969
716 754
717 970
718 883
719 935
719 966
721 856
721 866
721 911
721 918
721 919
721 939
722 775
723 728
723 964
724 936
724 938
726 738
726 952
726 994
727 900
728 770
728 782
728 990
729 771
729 817
729 902
729 906
730 741
730 751
730 928
731 734
731 748
732 868
733 788
733 900
734 735
734 984
735 790
738 986
739 763
739 768
739 867
742 765
742 831
745 790
746 787
746 799
746 892
747 752
747 754
747 841
747 890
747 988
748 750
748 815
748 830
748 890
748 997
749 937
750 764
750 800
751 810
751 892
752 943
753 991
754 787
754 880
756 880
757 805
757 912
758 827
758 983
759 907
760 876
761 805
761 956
762 892
763 813
765 867
765 978
765 996
768 974
769 888
769 891
770 822
770 937
771 779
771 863
771 867
772 894
773 777
773 801
773 846
773 906
773 988
774 932
776 836
776 894
776 942
776 975
782 800
782 815
782 944
783 839
783 875
783 913
785 904
786 801
786 853
786 901
788 883
789 870
789 875
789 906
789 988
790 839
791 818
793 878
794 876
795 876
796 813
796 925
797 824
800 886
800 975
800 991
801 844
801 847
801 882
801 967
803 835
804 859
805 940
807 975
809 981
810 925
811 941
811 949
812 915
813 970
815 843
816 936
816 980
819 827
820 905
820 974
820 994
821 870
822 891
822 972
823 837
825 843
825 869
826 959
828 840
828 850
829 838
831 959
832 941
832 944
833 958
834 877
835 937
836 979
838 902
838 948
839 890
841 986
841 989
845 867
846 908
849 871
851 869
851 905
852 979
854 904
857 862
859 925
861 909
861 957
862 977
863 902
864 987
864 999
865 895
865 962
866 981
867 979
871 968
873 933
873 961
875 886
876 931
878 925
880 902
880 987
881 891
883 910
883 928
883 963
884 895
884 902
884 910
887 999
888 942
891 904
891 961
897 917
901 933
904 970
906 963
907 989
908 998
909 946
913 924
913 975
917 983
917 987
920 963
921 995
922 979
926 927
927 951
932 982
935 952
939 947
942 998
944 973
945 961
952 983
955 980
956 990
957 990
958 989
965 984
987 989
992 998
