0 226
0 397
0 741
0 832
0 967
1 139
1 167
1 216
1 256
1 822
1 825
1 893
2 217
2 578
2 624
2 662
2 745
2 754
2 889
3 6
3 36
3 133
3 150
3 230
3 454
3 515
3 549
3 678
3 867
4 82
5 356
5 362
5 450
5 682
5 818
6 308
6 393
6 410
6 564
6 944
6 985
7 52
7 244
7 893
7 961
8 25
8 120
8 135
8 175
8 555
8 586
8 759
8 892
9 318
9 327
9 411
9 539
9 659
9 783
9 814
9 858
9 889
10 518
10 677
10 711
10 946
11 55
11 84
11 265
11 494
11 586
11 806
11 903
12 165
12 171
12 453
12 465
12 607
12 666
12 673
12 686
12 746
12 773
12 800
12 882
13 145
13 180
13 483
13 728
13 729
14 39
14 508
14 634
14 713
14 938
14 993
15 152
15 390
15 425
15 814
15 875
16 22
16 224
16 317
16 737
16 766
16 776
17 22
17 397
17 415
17 657
17 797
17 881
18 245
18 257
18 374
18 593
18 767
18 819
18 826
18 999
19 221
19 323
19 404
19 580
19 644
19 732
20 137
20 232
20 287
20 350
20 913
21 300
21 612
21 880
21 907
22 116
22 231
22 237
22 657
22 788
22 811
22 831
23 99
23 213
23 345
23 418
23 449
24 320
24 464
24 733
24 804
24 819
24 869
24 954
25 26
25 272
25 334
25 359
25 406
25 411
25 562
25 605
25 672
25 723
25 893
26 224
26 476
26 481
26 580
26 589
26 640
27 289
27 332
27 620
27 828
27 931
28 88
28 110
28 179
28 323
28 369
28 612
28 655
28 656
28 799
28 964
29 154
29 236
29 359
29 692
29 969
30 105
30 126
30 440
30 444
30 541
30 567
30 653
31 39
31 156
31 162
31 214
31 632
31 775
31 827
31 897
32 176
32 194
32 284
32 549
32 621
32 910
33 96
33 139
33 335
33 543
34 544
34 637
34 780
34 835
35 237
35 246
35 532
35 683
35 930
36 220
36 383
36 434
36 470
36 543
36 886
37 507
37 530
37 581
37 670
37 738
38 170
38 283
38 397
38 644
38 659
38 766
39 244
39 720
39 868
40 320
40 684
40 697
40 927
41 67
41 121
41 167
41 251
41 383
41 399
41 430
41 803
41 831
41 839
41 882
41 931
42 43
42 208
42 281
42 321
43 58
43 73
43 568
43 573
43 578
43 756
43 819
43 956
44 155
44 614
44 707
44 724
45 51
45 417
45 750
45 803
45 945
46 101
46 133
46 831
46 856
46 923
47 104
47 391
47 586
47 784
47 785
47 841
47 918
48 279
48 504
48 643
48 664
48 721
48 974
48 976
49 152
49 349
49 420
49 445
49 470
49 694
49 977
50 111
50 223
50 281
50 369
50 371
50 379
50 495
50 650
50 671
50 971
50 991
51 325
51 350
51 411
51 414
51 504
51 597
52 167
52 227
52 274
52 463
52 520
52 583
52 912
53 242
53 513
53 641
53 755
54 230
54 569
54 743
54 836
54 889
54 894
54 977
54 996
55 338
55 378
55 399
55 433
55 586
55 601
55 614
55 715
55 992
56 93
56 240
56 340
56 415
56 432
56 549
56 621
56 635
56 654
56 726
56 994
57 267
57 287
57 616
57 739
57 754
58 170
58 211
58 257
58 525
58 812
58 878
58 974
59 299
59 572
60 481
61 325
61 400
61 403
61 404
61 627
61 736
61 912
61 940
61 997
62 123
62 262
62 345
62 384
62 538
62 824
63 340
63 522
63 771
63 807
64 333
64 392
64 605
64 665
64 693
64 894
65 173
65 255
65 279
65 338
65 503
65 579
65 804
65 870
66 130
66 164
66 204
66 263
66 339
66 561
67 92
67 155
67 373
67 467
67 769
68 159
68 253
68 500
68 672
68 758
68 853
68 855
68 900
69 186
69 792
69 798
69 888
69 952
70 85
70 143
70 179
70 266
70 517
70 622
70 772
71 245
71 384
71 393
71 494
71 615
71 694
71 768
71 840
71 996
72 577
72 593
72 652
72 758
72 783
73 409
73 673
73 698
74 81
74 292
74 602
74 817
74 911
75 152
75 245
75 307
75 387
75 668
76 178
76 250
76 290
76 464
77 81
77 199
77 510
77 554
77 794
78 130
78 266
78 419
78 588
78 605
79 109
79 166
79 751
79 838
80 100
80 118
80 166
80 554
80 615
80 616
80 771
80 865
80 905
81 169
81 303
81 404
82 158
82 491
82 530
82 901
83 158
83 233
83 489
83 595
83 665
83 673
83 704
83 931
84 184
84 298
84 325
84 547
84 747
85 483
85 532
85 837
85 924
86 252
86 628
86 791
86 829
86 976
88 563
88 597
88 749
88 877
88 933
88 977
89 258
89 268
89 331
89 628
89 665
90 406
90 482
90 507
90 564
90 769
91 148
91 245
91 866
91 905
92 542
92 602
92 617
92 857
93 370
93 557
93 579
93 599
93 624
93 665
93 827
93 950
94 107
94 468
94 634
94 806
94 917
95 126
95 175
95 384
95 395
95 495
95 897
96 199
96 403
96 681
96 839
97 120
97 143
97 176
97 245
97 413
97 447
97 473
97 884
98 140
98 351
98 713
98 741
98 934
98 971
99 347
99 533
99 858
99 912
100 285
100 435
100 485
100 792
100 875
100 921
101 181
101 350
101 514
101 578
101 616
101 816
102 364
102 564
103 136
103 215
103 469
103 814
103 824
103 902
104 146
104 230
105 187
105 323
105 590
105 656
105 702
105 730
105 942
106 205
106 639
106 811
106 993
107 229
107 238
107 301
107 399
107 470
107 494
107 572
107 881
107 912
107 960
107 981
108 139
108 282
108 443
108 749
108 942
109 358
109 367
109 810
109 912
109 967
110 120
110 122
110 403
110 418
110 470
110 481
110 489
110 498
110 764
110 825
110 829
111 155
111 293
111 415
112 150
112 461
112 483
112 802
112 921
112 989
113 475
113 787
113 851
113 932
114 266
114 745
114 785
115 181
115 272
115 318
115 411
115 639
115 923
116 452
116 607
116 912
117 142
117 274
117 512
117 582
118 175
118 187
118 488
118 562
118 992
119 334
119 403
119 434
119 457
119 617
119 819
119 867
119 927
119 942
120 395
120 489
120 547
120 723
120 762
121 141
121 282
122 286
122 474
122 525
122 543
122 662
122 696
122 795
122 837
123 684
123 736
124 811
124 894
124 964
125 363
125 433
125 484
125 867
125 961
126 128
126 260
126 650
126 808
127 243
127 441
127 677
127 910
128 325
128 406
128 502
128 522
128 611
129 245
129 455
129 463
129 527
129 627
129 692
129 765
129 788
130 155
130 177
130 749
131 153
131 223
131 478
131 503
131 563
131 794
131 994
132 278
132 280
132 703
132 898
133 187
133 232
133 305
133 363
133 562
133 650
133 657
133 706
134 448
134 535
134 828
134 875
134 962
135 168
135 249
135 690
135 958
135 962
136 401
136 502
136 600
137 284
137 300
137 323
137 567
137 706
137 891
138 150
138 171
138 183
138 587
138 605
138 623
138 734
139 584
139 595
139 746
139 785
139 831
139 931
141 226
141 571
141 739
141 878
142 255
142 385
142 456
142 760
143 267
143 275
143 318
143 820
144 545
144 590
144 784
144 895
144 935
145 272
145 481
145 498
145 597
145 822
146 176
146 275
146 486
146 538
146 624
147 236
147 334
147 371
147 545
147 595
147 799
147 975
148 492
148 510
148 561
148 827
148 895
148 968
149 173
149 251
149 492
149 686
149 881
150 264
150 284
150 334
150 608
150 660
150 975
151 301
151 358
151 451
151 603
151 794
151 993
152 191
152 332
152 488
152 734
153 154
153 638
153 838
153 857
154 210
154 300
154 932
155 310
155 332
155 412
155 772
155 844
156 400
156 700
156 707
156 838
156 864
157 217
157 418
157 428
157 586
157 676
157 933
158 599
158 753
158 780
158 931
158 944
159 471
159 518
159 536
159 651
159 675
159 776
159 830
160 188
160 342
160 352
160 375
160 641
160 645
161 208
161 714
161 783
161 802
161 916
162 210
162 255
162 395
162 407
162 418
162 468
162 500
162 608
162 648
162 687
163 306
163 337
163 447
163 501
163 540
163 686
163 822
163 866
163 957
163 984
164 909
165 301
165 779
165 858
165 946
166 374
166 405
166 432
166 478
166 654
166 664
166 719
167 175
167 228
167 365
167 452
167 689
167 801
167 820
168 325
168 922
169 246
169 306
169 559
169 764
169 767
169 800
169 813
169 912
169 923
170 231
170 366
170 682
170 975
171 225
171 428
171 442
171 582
172 238
172 314
172 591
172 729
172 772
172 995
173 206
173 247
173 526
174 223
174 367
174 565
174 757
174 834
175 178
175 311
175 581
175 997
176 466
176 780
177 282
177 778
177 966
177 990
178 313
178 385
178 400
178 459
178 567
179 703
179 939
179 957
180 363
180 416
180 476
180 663
180 961
181 223
181 292
181 596
181 861
181 900
181 924
182 516
182 784
182 840
182 978
183 321
183 671
183 825
183 914
184 330
184 344
184 695
184 772
185 239
185 335
185 359
185 417
185 628
185 683
185 892
186 219
187 596
187 676
187 853
187 913
187 979
187 993
188 411
188 560
188 572
188 662
188 860
188 904
188 983
189 268
189 389
189 445
189 854
189 959
190 363
190 381
190 658
190 705
190 807
190 890
191 202
191 250
191 394
191 545
192 228
192 470
192 641
192 698
192 759
192 800
192 941
192 992
193 216
193 732
193 757
193 764
193 816
193 866
193 934
193 981
194 345
194 382
194 617
194 952
195 200
195 354
195 728
195 912
196 201
196 406
196 814
196 839
196 846
197 514
198 557
198 637
198 704
199 477
199 633
199 643
199 812
199 831
200 363
200 462
200 605
200 686
200 763
200 851
200 937
201 366
201 467
201 909
202 356
202 417
202 728
203 216
203 358
203 361
203 475
203 648
203 872
203 873
203 897
204 248
204 253
204 611
204 646
204 801
204 964
205 688
206 231
206 247
206 546
206 619
206 830
207 579
207 692
208 391
208 431
208 488
209 261
209 745
210 340
210 437
210 998
211 212
211 417
211 924
211 996
213 309
213 558
213 588
213 723
213 792
213 857
214 250
214 283
214 564
214 636
214 714
214 879
215 272
215 367
215 534
215 653
215 681
215 866
215 925
215 980
216 284
216 406
216 677
216 944
217 275
217 337
217 488
217 507
217 641
217 800
217 885
217 956
218 388
218 542
218 739
219 245
219 322
219 568
219 820
219 910
219 937
219 951
220 242
220 365
220 391
220 758
220 899
221 251
221 345
221 459
221 561
221 685
221 793
221 950
222 422
222 465
222 639
222 849
222 937
223 367
223 559
223 653
223 695
223 869
223 882
223 940
223 941
223 944
224 234
224 283
224 308
224 399
224 498
224 560
224 561
225 461
226 269
226 278
226 475
226 495
226 571
226 582
226 587
226 931
226 980
227 467
227 480
227 618
227 789
227 986
228 240
228 798
229 285
229 572
229 642
229 654
229 756
229 768
229 925
229 934
229 948
229 962
230 409
230 462
230 558
231 310
231 491
231 678
231 762
231 953
231 966
231 983
232 309
232 505
232 646
232 868
233 510
233 763
233 915
234 483
234 492
234 919
235 747
235 793
235 892
235 972
236 295
236 796
236 898
237 246
237 335
237 366
237 647
237 818
237 849
238 545
238 585
238 588
238 688
238 805
238 916
239 302
239 386
239 499
239 663
239 670
239 820
239 896
239 929
239 969
240 872
240 960
241 689
242 695
242 915
243 554
243 763
243 805
244 252
244 433
244 794
244 993
245 279
245 483
245 746
245 754
246 272
246 323
246 458
246 520
246 674
246 729
246 910
247 277
247 282
247 483
247 550
247 638
247 703
247 772
247 961
248 740
248 883
248 984
248 997
249 310
249 340
249 751
249 983
250 597
250 606
250 722
251 449
251 572
251 646
251 756
251 858
251 954
252 308
252 452
252 655
253 515
253 565
253 706
253 744
253 759
254 284
254 308
255 441
255 458
255 596
255 610
255 729
256 262
256 379
256 708
256 798
256 863
257 519
257 746
257 941
258 340
258 418
258 463
258 764
259 594
259 606
259 637
259 780
259 873
260 365
260 458
260 581
260 605
261 566
261 808
261 895
262 454
262 518
262 623
262 724
262 738
262 863
262 988
263 403
263 999
264 327
264 383
264 551
264 638
264 650
264 946
265 350
265 383
265 555
265 691
265 810
266 918
267 480
267 525
267 614
267 619
267 946
268 536
268 537
268 548
268 575
268 667
268 772
268 809
268 862
268 945
269 514
269 529
270 483
271 393
271 571
271 689
272 578
272 614
272 615
272 625
272 656
273 454
273 542
273 819
273 864
274 301
274 428
274 448
274 765
274 890
275 419
275 572
275 909
276 404
276 550
276 596
276 665
277 296
277 618
277 934
278 299
278 343
278 446
278 652
278 781
278 863
278 867
278 965
279 569
279 572
279 875
280 294
280 371
280 588
280 755
281 473
281 643
281 801
281 872
282 321
282 455
282 511
282 575
282 952
283 375
283 679
284 285
284 347
284 826
284 886
284 955
285 327
285 336
285 492
285 541
285 617
285 720
285 748
285 775
285 777
286 355
286 569
286 747
286 779
286 966
287 381
287 434
287 551
287 633
288 305
288 366
288 420
288 481
289 539
289 607
289 658
289 803
289 982
290 319
290 346
290 413
290 553
290 695
290 713
290 776
291 440
291 457
291 462
291 470
291 785
291 789
291 815
292 476
292 612
292 774
292 782
292 928
293 560
293 749
294 854
295 344
295 507
295 646
295 647
295 887
295 945
295 991
296 614
296 692
296 955
297 561
297 643
297 708
297 789
297 982
298 465
298 515
298 612
298 662
298 842
299 467
299 572
299 594
299 610
299 802
300 568
300 814
302 404
302 935
303 372
303 391
303 540
303 744
303 881
304 339
304 400
304 524
304 528
304 533
304 694
304 833
304 994
305 339
305 803
306 461
306 478
306 685
306 796
306 917
306 969
307 330
307 455
307 663
308 315
308 486
308 702
308 712
309 433
309 451
309 480
309 500
309 831
309 842
310 316
310 354
310 404
310 478
310 732
310 782
310 996
311 332
311 334
311 390
311 435
312 490
312 553
312 626
312 649
312 957
313 556
313 781
313 905
313 995
314 383
314 395
314 407
314 423
314 489
314 668
314 726
314 939
315 328
315 446
315 821
315 943
316 355
316 401
316 479
316 660
316 678
316 963
317 524
317 590
317 612
317 729
317 849
318 423
318 796
318 909
319 495
319 577
320 553
320 618
320 778
320 985
321 368
321 415
321 670
321 801
321 903
321 958
322 774
322 833
322 859
322 950
323 434
323 502
323 951
323 976
324 382
324 494
324 504
324 517
324 591
324 985
325 359
325 419
325 449
325 469
325 482
325 668
325 875
326 374
326 559
326 576
326 595
326 720
326 916
326 951
327 460
327 737
327 936
328 365
328 929
328 953
329 413
329 494
329 502
329 647
329 711
329 756
329 881
330 518
330 569
330 733
330 974
331 536
331 619
331 663
331 823
332 847
332 860
333 818
333 906
334 361
334 379
334 671
334 736
334 883
334 949
335 994
336 440
336 529
336 604
336 806
336 873
337 674
337 718
338 424
338 445
338 782
339 415
339 643
339 726
340 410
341 745
341 849
341 872
341 904
341 952
342 344
342 798
343 369
343 663
343 791
343 974
344 844
344 864
344 882
345 440
345 713
345 747
346 370
346 885
346 948
347 678
347 825
348 453
348 465
348 509
348 538
348 917
349 381
349 726
349 976
350 515
350 576
351 434
351 842
352 547
352 935
352 967
354 428
354 704
354 958
355 388
355 491
355 545
355 578
355 636
355 752
355 834
355 879
356 509
356 632
356 714
356 751
356 827
357 478
357 481
357 519
357 546
357 649
357 699
357 781
357 867
358 509
358 646
358 685
358 748
358 847
359 364
359 478
359 481
359 592
359 710
359 872
359 889
359 894
360 398
360 467
360 599
360 710
360 749
361 527
361 687
361 746
362 928
363 479
364 745
365 738
365 915
366 392
366 731
366 791
367 556
367 643
367 891
367 942
368 876
369 448
369 616
369 669
369 717
369 808
369 809
369 990
370 681
371 423
371 476
372 494
372 647
372 862
372 887
372 968
372 997
373 542
373 863
374 375
374 510
374 591
374 710
374 723
374 740
374 821
374 986
375 441
375 591
375 622
377 584
377 591
377 683
377 706
377 863
378 446
378 496
378 653
378 738
378 794
378 945
379 434
379 478
379 574
379 669
379 687
379 979
380 490
380 529
380 641
380 763
380 971
381 453
381 573
381 702
381 744
381 787
381 813
382 457
382 489
382 771
382 908
383 922
384 449
384 737
384 923
384 932
385 398
385 864
386 545
386 610
386 909
387 735
388 392
388 417
388 490
388 678
388 812
388 883
389 490
389 505
389 536
389 768
390 547
390 692
390 856
391 658
391 855
391 860
391 877
392 412
392 478
392 691
392 708
392 810
393 524
393 558
393 861
393 957
393 989
394 573
394 687
394 787
394 956
395 572
395 992
396 409
396 446
396 467
396 469
396 476
396 721
396 783
396 839
396 957
397 483
397 551
397 658
397 755
397 930
398 531
398 565
398 956
399 522
399 535
399 569
399 814
399 893
400 450
400 476
400 659
400 799
401 517
401 661
401 723
402 469
402 777
402 939
402 957
403 692
403 836
403 880
404 678
404 718
404 860
405 411
405 469
405 500
406 607
406 659
406 822
408 543
408 627
408 935
409 544
409 764
409 797
409 861
410 614
410 630
411 575
411 796
412 485
412 872
413 783
414 421
414 766
414 794
414 847
414 954
414 957
415 899
415 969
416 799
416 917
417 620
417 820
418 444
418 653
418 712
418 792
418 945
419 559
419 645
419 661
419 676
419 863
420 523
420 616
421 431
421 641
421 666
421 687
421 954
422 532
422 589
422 732
422 786
422 904
422 984
423 468
423 800
423 899
424 756
424 884
425 499
425 662
426 927
427 499
427 637
427 643
427 740
427 752
427 798
427 885
427 897
428 429
428 514
428 595
428 701
429 481
429 726
429 988
430 697
430 841
430 847
431 470
431 475
431 757
432 583
432 658
433 882
434 771
435 498
435 541
435 787
436 630
436 909
437 526
437 547
437 574
437 773
437 775
437 944
438 531
438 581
438 751
439 672
439 724
440 555
440 819
440 847
441 502
441 570
441 671
441 697
441 707
441 948
442 638
442 642
442 749
442 776
442 931
442 937
442 989
443 577
443 744
444 497
444 514
444 537
444 742
445 512
445 534
445 537
445 589
445 614
445 839
445 840
445 991
446 619
446 720
446 725
446 742
446 806
447 522
447 549
447 660
447 773
447 781
447 919
448 795
448 870
449 513
449 527
449 551
449 554
449 575
449 805
449 856
450 672
450 684
450 767
450 917
451 587
452 456
452 515
452 981
453 478
453 700
453 743
454 458
454 704
455 559
455 895
456 603
456 635
456 661
456 941
457 491
457 703
457 806
457 828
458 740
458 886
458 981
460 694
460 768
460 972
461 558
461 760
461 841
461 953
462 882
463 534
463 544
463 558
463 831
464 590
465 475
465 656
466 675
466 836
466 999
467 514
467 747
468 610
468 645
468 665
468 751
468 876
469 486
469 776
469 933
470 491
470 802
470 840
471 573
471 620
471 883
471 922
472 600
472 962
473 688
473 702
473 917
474 811
475 618
475 674
476 581
476 634
476 774
476 812
476 851
476 886
477 724
477 817
478 483
478 537
478 779
478 909
479 615
479 908
480 583
480 737
480 742
481 829
481 947
482 508
482 685
482 756
482 925
484 527
484 714
484 726
484 876
484 988
485 687
485 701
485 928
485 978
486 503
486 635
486 799
486 854
487 562
487 805
487 835
487 877
487 973
488 816
489 544
489 645
489 878
490 604
492 834
492 960
493 516
494 815
494 962
495 570
495 861
496 647
496 799
496 852
496 854
496 863
496 904
497 557
497 565
497 886
497 919
498 600
498 670
498 840
499 593
499 767
499 834
499 905
500 549
500 681
500 761
500 928
501 935
501 998
502 700
502 754
502 828
502 873
502 983
502 994
503 572
503 770
503 904
504 763
504 782
504 784
505 638
505 672
505 850
505 888
506 629
506 753
506 844
506 900
507 562
507 870
507 885
508 544
508 650
508 759
508 792
508 793
508 893
509 762
509 949
510 542
510 656
511 592
511 616
511 918
512 537
512 577
512 639
512 683
512 782
512 837
512 940
512 944
513 522
513 555
513 804
513 893
513 981
514 612
514 702
514 712
515 613
516 790
516 824
516 893
517 576
517 664
517 684
517 939
518 659
518 706
518 910
519 549
519 720
519 867
520 557
520 743
520 894
520 974
521 765
521 779
521 812
522 806
522 969
523 985
524 564
524 803
524 922
525 690
525 695
525 833
525 991
526 808
526 816
526 968
527 725
527 871
527 970
528 644
529 600
529 720
529 824
529 846
530 576
530 953
530 963
531 670
531 937
531 953
532 639
532 819
532 888
532 917
533 551
533 669
533 799
534 884
534 996
536 813
537 592
537 698
537 878
538 831
538 843
538 895
539 556
539 597
539 730
539 845
539 866
539 914
539 945
540 553
540 591
540 634
540 757
540 783
540 871
540 907
541 574
541 710
542 692
542 803
542 816
543 546
543 548
543 617
544 578
544 642
544 745
545 631
545 667
545 840
545 907
545 918
546 809
547 578
548 866
549 613
549 629
549 670
549 749
549 888
550 748
550 816
550 894
551 817
551 819
551 825
551 848
551 868
552 649
552 656
552 694
552 791
552 860
553 689
554 698
554 737
554 827
554 874
554 877
554 925
555 564
555 626
555 897
556 673
556 759
556 837
558 568
558 575
558 674
558 940
558 979
559 865
560 577
560 591
560 690
560 885
560 993
561 880
561 991
562 605
562 630
562 731
562 739
562 770
562 793
562 794
562 852
562 984
563 581
563 680
563 688
563 958
565 607
565 787
565 801
566 664
566 765
566 962
568 880
568 909
568 967
568 998
569 837
569 859
570 606
570 625
570 642
570 665
570 692
570 873
571 660
571 763
571 872
572 604
572 753
573 991
574 660
574 814
574 820
574 912
575 803
576 581
577 720
577 758
578 738
579 710
579 760
580 600
580 702
581 644
581 994
582 761
582 783
582 804
583 977
584 939
585 849
585 863
585 903
586 656
586 684
586 691
586 784
586 979
587 828
587 926
589 594
589 708
589 924
591 812
591 870
591 991
592 776
592 834
592 873
592 979
593 703
593 726
593 739
593 778
593 809
593 902
593 912
595 782
595 814
596 794
597 684
597 862
597 897
597 926
598 607
599 701
600 742
600 878
601 971
601 986
602 608
602 737
604 636
604 903
605 641
605 656
606 682
606 752
606 790
606 803
607 622
607 681
607 915
607 964
608 724
608 970
609 763
609 920
610 813
610 814
610 996
611 675
611 702
611 901
611 995
612 946
613 719
613 740
613 784
614 797
614 802
614 913
614 982
615 654
615 910
615 931
616 636
616 988
617 663
617 735
617 886
618 987
619 737
619 812
619 852
619 916
620 723
620 782
620 838
620 861
620 993
623 826
623 879
623 918
623 934
624 803
624 897
625 671
626 896
626 956
627 687
627 723
627 948
627 997
628 670
628 885
630 682
630 793
631 886
632 678
632 684
632 708
632 748
632 791
632 873
632 971
633 641
633 970
634 673
634 880
634 964
635 851
635 869
636 896
637 771
637 820
638 800
638 885
638 977
640 959
641 830
641 874
641 965
643 924
644 903
646 685
646 708
646 772
646 871
646 901
647 807
647 863
647 913
649 690
649 705
649 783
649 948
649 990
651 776
651 872
651 946
652 713
652 779
653 792
653 854
654 688
654 709
655 774
655 810
655 849
655 897
655 977
656 800
656 843
657 689
657 831
657 903
657 951
658 970
659 704
659 712
659 721
659 754
659 911
660 793
660 965
660 986
661 983
661 998
662 837
662 952
663 935
663 946
664 936
665 935
666 818
666 837
667 708
667 733
667 762
667 888
668 888
668 986
669 697
669 765
670 874
670 881
671 675
672 785
672 794
672 970
673 729
674 684
674 713
674 989
675 682
675 737
675 915
676 719
676 751
677 905
677 987
678 756
678 769
678 773
678 903
679 807
679 819
679 829
679 832
679 899
680 719
680 803
680 888
680 939
681 827
681 859
681 867
682 692
682 754
682 776
682 927
683 703
683 734
684 762
684 845
684 909
685 869
685 894
685 921
686 755
687 733
687 803
687 839
687 917
688 731
688 832
688 880
689 787
690 805
690 933
691 747
691 830
691 883
691 895
692 767
693 704
693 781
693 968
694 702
694 827
695 700
695 878
695 945
695 970
696 810
696 919
696 993
697 915
697 955
697 991
698 841
698 843
698 966
699 714
699 717
699 783
699 979
700 931
700 999
701 740
701 759
701 887
701 969
702 855
703 717
703 916
704 998
705 714
705 843
707 939
708 862
710 727
710 807
711 846
711 909
712 718
712 837
712 989
713 741
714 734
714 741
714 856
715 730
715 760
715 828
715 965
716 887
717 816
718 723
718 853
718 856
719 783
721 768
722 790
722 885
723 866
725 920
726 738
726 798
727 731
728 742
728 805
728 847
729 847
730 733
731 741
732 814
732 875
732 896
732 912
732 964
734 958
735 889
735 966
736 957
737 855
737 914
740 756
741 871
741 926
741 943
742 801
742 920
744 885
748 828
748 830
748 910
749 753
749 800
749 825
749 993
750 752
751 928
753 864
755 831
756 790
757 788
757 875
757 951
757 984
758 781
759 786
759 865
759 913
760 958
762 947
762 960
763 873
763 963
765 921
765 976
766 813
766 816
766 908
769 900
770 907
770 994
771 876
773 953
773 999
774 995
775 886
776 895
776 897
776 917
776 924
777 999
778 882
778 980
778 989
779 853
779 971
780 926
780 986
781 907
781 945
781 982
782 886
783 787
783 845
784 894
784 908
785 877
785 926
786 940
788 986
789 875
790 996
791 813
791 894
791 981
792 938
795 830
795 999
797 882
797 932
797 977
799 869
800 851
800 896
800 992
803 827
804 918
804 953
805 930
805 951
808 911
810 871
811 959
813 995
814 983
815 981
817 916
818 901
818 936
819 870
820 821
820 888
821 951
822 906
822 941
823 857
823 926
824 905
824 973
825 837
826 907
826 968
827 897
827 949
829 847
830 914
831 876
831 906
834 872
834 942
836 980
839 883
840 922
840 972
841 928
841 997
842 937
843 898
843 932
845 846
845 871
846 987
847 930
847 931
849 864
849 944
851 854
851 996
853 887
853 892
853 917
853 925
854 927
856 927
857 967
857 976
858 884
859 981
860 941
862 899
863 963
864 884
865 969
866 922
867 942
867 971
868 961
872 958
874 889
874 916
878 922
880 918
881 926
885 888
885 954
885 995
886 954
888 911
891 903
892 943
892 970
893 904
893 950
896 921
896 980
898 964
899 905
900 941
904 912
904 969
905 906
907 948
907 964
909 923
919 991
921 954
922 991
922 995
923 978
925 968
926 936
928 952
929 950
932 952
932 982
936 959
942 951
942 990
946 968
946 994
948 989
949 979
953 968
956 971
960 982
960 996
973 983
995 997
