0 39
0 106
0 371
0 640
0 643
0 652
0 771
1 772
1 925
1 986
2 121
2 181
2 656
2 785
3 222
3 745
3 786
3 813
4 28
4 47
4 226
4 285
4 361
4 395
4 510
4 655
4 657
4 765
4 906
5 47
5 77
5 198
5 231
5 583
5 608
6 50
6 107
6 134
6 140
6 859
7 84
7 113
7 171
7 980
8 72
8 226
8 828
8 863
8 993
9 45
9 86
9 237
9 482
9 658
10 144
10 333
10 400
10 532
10 540
10 837
10 892
11 81
11 163
11 462
11 644
11 722
11 757
11 780
11 782
11 993
12 110
12 517
12 717
12 895
13 102
13 114
13 194
13 267
13 359
13 475
13 488
13 596
13 670
13 851
14 401
14 419
14 450
14 640
14 642
14 780
14 911
14 990
15 145
15 311
15 522
15 678
15 723
15 724
15 807
16 37
16 361
16 438
16 557
16 823
16 905
16 952
16 994
17 134
17 231
17 500
17 822
18 99
18 391
18 411
18 498
18 556
18 625
18 638
18 724
18 749
18 836
19 83
19 121
19 162
19 305
19 498
19 537
19 625
20 171
20 245
20 313
20 385
20 787
21 465
21 508
21 510
21 518
21 640
21 885
21 900
22 135
22 815
22 896
22 984
23 121
23 327
23 351
23 352
23 574
23 613
23 740
23 767
24 36
24 125
24 305
24 598
24 898
24 959
25 165
25 480
25 631
25 926
25 933
26 133
26 377
26 380
26 529
26 533
26 539
26 813
26 937
27 428
27 632
27 714
27 751
27 876
27 886
28 278
28 963
29 140
29 334
29 359
29 400
29 433
29 914
29 954
29 980
30 42
30 423
30 428
30 789
30 824
30 987
31 329
31 726
31 852
31 975
32 363
32 407
32 731
32 856
32 897
33 528
33 604
33 737
33 900
34 111
35 99
35 361
35 808
35 859
36 255
36 309
36 340
36 354
36 558
37 183
37 227
37 309
37 314
37 383
37 676
37 758
37 790
37 884
38 97
38 284
38 286
38 535
38 543
38 640
38 685
39 57
39 284
39 291
39 407
39 447
39 638
39 685
39 705
40 244
40 271
40 479
40 615
40 815
41 115
41 298
41 448
41 793
41 836
42 285
42 339
42 372
42 508
42 676
42 690
42 820
42 830
43 489
43 694
43 940
44 69
44 86
44 179
44 218
44 353
44 555
44 699
44 704
44 889
45 63
45 81
45 263
45 574
45 626
45 981
46 133
46 181
46 336
46 377
46 651
46 740
46 765
46 841
47 72
47 189
47 229
47 430
47 752
48 195
48 485
48 570
48 634
48 703
48 774
49 69
49 786
50 186
50 197
50 279
50 347
50 400
50 406
50 407
52 342
52 537
52 574
53 490
53 695
53 927
54 161
54 575
54 816
54 970
54 974
55 62
55 218
55 442
55 569
55 778
56 77
56 278
56 736
56 778
56 996
57 243
57 617
57 731
57 738
58 297
58 408
58 487
58 519
58 556
58 607
58 617
58 636
58 869
58 990
59 260
59 352
59 783
59 851
60 175
60 275
60 339
60 973
61 79
61 165
61 376
61 394
61 588
61 780
61 823
61 919
61 986
62 123
62 239
62 278
62 378
62 395
62 445
62 573
62 685
62 686
62 815
62 830
63 386
63 539
63 680
64 91
64 198
64 345
64 488
64 513
64 667
66 354
66 469
66 502
66 564
66 607
67 148
67 276
67 761
67 810
67 914
67 999
68 305
68 341
68 490
68 558
68 835
69 223
69 577
69 690
69 821
70 289
70 590
70 604
71 85
71 127
71 208
71 555
71 792
71 850
72 140
72 228
72 292
72 322
72 363
72 592
72 603
72 669
72 801
72 816
72 825
72 984
73 91
73 234
73 322
73 578
73 737
73 744
73 909
73 946
73 971
74 87
74 475
74 503
74 507
74 583
74 680
74 873
74 975
75 121
75 125
75 400
75 500
75 634
75 661
75 686
75 776
75 944
76 139
76 726
76 798
77 336
77 398
77 440
77 514
77 651
77 841
78 201
78 230
78 352
78 483
78 938
78 994
79 151
79 370
79 517
79 563
79 898
79 970
80 348
80 644
80 735
80 837
80 911
81 88
81 155
81 745
81 798
82 87
82 106
82 199
82 417
82 924
83 171
83 189
83 321
83 477
84 127
84 356
84 448
84 455
84 729
85 268
85 467
85 468
85 559
85 668
85 900
85 914
86 176
86 183
86 236
86 256
86 283
86 674
86 853
87 180
87 457
87 584
87 719
87 937
88 216
88 741
88 855
88 902
88 909
89 432
89 451
89 456
89 579
89 743
89 811
89 840
89 950
90 108
90 144
90 163
90 285
90 298
90 383
90 466
90 540
90 727
90 758
91 746
91 857
91 908
91 927
92 403
92 460
92 550
92 552
92 637
92 714
92 723
92 840
93 172
93 688
93 691
93 700
93 723
93 877
93 999
94 150
94 290
94 674
94 704
94 955
94 986
94 992
95 257
95 300
95 594
95 709
96 420
96 448
97 186
97 224
97 549
97 588
97 845
97 859
97 991
98 272
98 350
98 503
98 787
98 845
98 939
98 940
98 974
99 140
99 176
99 215
99 313
99 366
99 909
100 228
100 323
100 455
100 745
100 849
100 913
101 392
101 424
101 451
101 618
101 880
101 986
102 144
102 530
102 880
102 899
103 110
103 115
103 128
103 190
103 211
103 473
103 499
103 700
103 766
104 443
104 615
104 679
104 731
104 921
104 972
105 114
105 297
105 548
105 758
105 852
106 275
106 336
106 574
106 816
108 466
108 488
108 518
109 121
109 229
109 555
109 891
110 335
110 408
110 415
111 336
111 577
111 677
111 679
111 687
112 203
112 215
112 246
112 319
112 573
112 800
112 873
112 937
112 985
113 646
113 664
113 795
113 828
114 210
114 446
114 480
114 853
114 980
114 985
115 199
115 568
115 842
115 883
116 310
116 821
117 248
117 285
117 644
117 708
117 874
117 919
118 391
118 424
118 448
118 650
118 657
118 888
118 905
119 242
119 406
119 761
119 878
120 146
120 168
120 251
120 651
120 768
120 901
121 514
121 527
121 564
121 801
121 969
122 362
122 565
122 689
122 691
123 495
123 759
124 238
124 254
124 349
124 635
124 638
125 164
125 395
125 435
125 569
125 644
126 154
126 319
126 347
126 501
126 634
126 724
126 945
127 298
127 384
127 401
127 481
127 929
127 933
127 979
128 299
128 381
128 458
128 592
128 595
128 964
128 977
129 140
129 167
129 479
129 607
129 789
130 688
130 846
130 902
130 978
131 245
131 301
131 601
131 615
131 817
132 382
132 402
132 503
132 878
133 314
133 846
133 868
133 940
133 958
134 164
134 276
134 357
134 491
134 781
135 412
135 627
135 763
135 951
136 298
136 462
136 605
136 831
136 855
137 331
137 383
137 635
138 306
138 538
138 694
138 901
139 257
139 550
139 573
139 647
139 704
139 880
139 890
139 900
140 154
140 385
140 415
140 444
140 595
140 696
140 735
140 793
140 807
140 854
140 994
141 196
141 233
141 451
141 649
141 899
141 914
142 476
142 708
142 983
142 993
143 348
143 760
143 849
144 288
144 356
144 500
144 526
144 636
144 803
144 923
145 241
145 420
145 474
145 543
145 637
145 764
146 245
146 491
146 521
146 550
146 565
146 875
146 945
147 240
147 503
147 510
147 628
147 922
148 165
148 461
149 150
149 202
149 206
149 717
149 813
150 367
150 619
150 749
150 982
151 168
151 431
151 491
151 601
151 608
151 645
151 742
151 787
151 810
152 350
152 410
152 800
152 953
153 204
153 273
153 702
153 710
153 812
153 861
154 193
154 256
154 449
154 684
154 904
155 192
155 279
155 772
155 959
156 340
156 362
156 376
156 380
156 499
157 171
157 662
157 725
157 773
158 236
158 262
158 309
158 310
158 339
158 471
158 612
158 675
158 797
158 929
159 287
159 353
159 525
159 663
159 668
159 757
160 184
160 277
160 703
160 800
160 877
161 219
161 365
162 606
162 825
162 917
163 247
163 512
163 536
163 739
164 177
164 293
164 374
164 662
164 667
164 699
164 735
164 755
164 968
165 280
165 284
166 202
166 548
166 628
167 187
167 455
167 899
168 349
168 502
168 897
169 464
169 505
169 523
170 527
170 584
170 675
170 871
170 936
171 322
171 345
171 457
171 724
172 422
172 450
172 534
172 577
172 615
173 404
173 635
173 648
173 872
174 318
174 548
174 974
175 334
175 449
175 549
175 708
175 716
175 819
175 888
175 955
176 234
176 489
176 515
176 651
177 281
177 308
177 467
177 789
177 802
177 918
178 181
178 435
178 754
178 821
178 828
178 874
178 899
179 372
179 410
179 655
180 526
180 615
180 846
181 221
181 244
181 384
181 897
181 937
182 435
182 503
182 681
182 704
182 846
183 505
183 893
184 338
184 438
184 457
184 670
184 676
184 784
185 505
185 525
185 555
185 762
185 774
186 330
186 562
186 600
186 751
186 847
186 849
186 997
187 364
187 379
187 452
187 593
187 668
188 268
188 447
188 735
189 240
189 362
189 970
190 227
190 265
190 348
190 439
190 769
190 969
192 256
192 337
192 384
192 831
193 225
193 589
193 649
193 708
193 803
193 878
193 917
194 788
194 832
194 968
195 567
195 752
195 816
195 849
196 503
196 511
196 930
197 200
197 438
197 794
197 799
197 883
197 954
198 315
198 374
198 514
198 590
198 607
198 665
198 823
198 895
198 928
199 393
199 520
199 541
199 663
199 708
199 942
200 314
200 355
200 605
200 681
200 727
200 792
200 966
200 978
201 238
201 432
201 582
201 645
202 264
202 325
202 384
202 999
203 331
203 580
203 651
203 898
204 530
204 652
205 246
205 577
205 662
205 667
205 938
206 441
206 613
206 882
206 910
206 929
207 232
207 386
207 440
207 478
207 690
207 815
208 409
208 623
208 978
209 444
209 661
209 718
209 747
209 809
209 901
210 213
210 452
211 277
211 300
211 557
211 842
212 550
212 601
212 864
212 888
213 400
213 702
213 888
213 984
214 220
214 312
214 404
214 667
214 759
214 989
215 335
215 762
216 416
216 708
216 737
217 226
217 286
217 330
217 335
217 363
217 639
217 764
217 824
217 943
218 682
218 888
219 516
220 354
220 869
220 876
220 966
221 420
221 761
221 817
221 867
222 378
222 409
222 928
223 284
223 311
223 351
223 424
223 530
223 590
223 703
223 877
224 361
224 732
224 758
225 243
225 372
225 679
225 789
225 882
226 640
226 765
226 912
227 233
227 357
227 725
227 760
228 240
228 322
228 488
228 773
228 832
228 902
229 241
229 563
229 753
229 945
229 984
230 457
230 580
230 692
231 499
231 572
231 753
232 416
232 713
232 731
232 944
232 999
233 308
233 432
233 446
233 681
233 811
234 265
234 328
234 367
234 375
234 436
234 807
234 848
234 948
235 402
235 441
236 301
236 766
237 703
237 846
238 373
238 450
238 532
238 719
238 720
238 760
238 818
239 526
239 937
239 982
240 296
240 356
240 565
240 737
240 981
241 265
241 363
241 758
242 253
243 351
243 471
243 741
243 772
243 831
243 946
243 979
243 994
244 309
244 804
244 850
245 346
245 888
246 297
246 637
246 732
246 829
246 972
247 275
247 276
247 382
247 511
247 724
248 311
248 377
248 456
248 662
248 765
249 412
249 425
249 445
249 620
249 740
249 812
250 504
250 579
250 995
251 411
251 746
252 395
252 607
252 872
253 366
253 481
253 650
253 908
253 992
254 488
254 853
254 860
254 865
255 474
255 655
255 716
255 724
255 735
255 746
255 764
255 851
256 745
256 991
257 834
257 921
257 954
258 270
258 415
258 818
258 946
258 994
259 318
259 390
259 439
259 584
260 747
260 768
260 882
260 891
260 906
260 929
261 313
261 348
261 613
261 762
261 833
261 962
262 760
262 836
263 518
263 668
263 922
263 980
264 322
264 408
264 618
264 951
265 337
265 497
265 523
265 566
265 665
266 329
266 407
266 522
266 554
266 583
266 830
267 375
267 455
267 760
267 941
268 360
268 419
268 675
268 715
268 860
268 889
269 356
269 454
269 517
269 680
269 690
269 723
270 489
270 520
270 876
271 301
271 533
271 642
271 711
271 819
272 723
273 274
273 296
273 561
273 608
273 632
273 767
274 275
274 325
274 377
274 427
274 484
274 538
274 770
274 821
274 828
275 619
275 700
275 774
276 447
276 611
276 675
276 839
276 866
276 924
276 976
277 342
277 401
277 602
277 743
277 771
278 403
278 440
278 519
278 532
278 651
278 814
278 966
279 477
279 497
279 525
279 648
279 815
280 506
280 724
280 981
281 680
281 834
281 838
282 734
283 469
283 636
283 871
283 950
284 463
285 360
285 458
285 793
285 876
285 887
286 578
286 624
286 733
286 869
286 925
287 815
287 901
288 531
290 386
290 392
290 427
290 462
290 473
290 615
291 349
291 426
291 635
291 878
291 943
292 470
292 481
292 512
292 524
292 553
292 674
292 678
292 773
292 862
292 916
293 305
293 642
293 852
293 964
294 333
295 484
295 717
296 845
296 892
296 897
297 333
297 474
297 632
297 765
297 938
297 941
298 312
298 326
298 508
299 340
300 450
301 536
301 859
302 802
303 321
303 411
303 832
303 868
303 959
303 967
304 630
304 677
305 398
305 430
305 659
305 876
307 358
307 428
307 592
307 633
307 850
308 350
308 631
308 696
308 822
308 878
309 549
309 720
309 797
310 320
310 372
310 437
310 549
310 580
310 619
310 916
310 929
311 834
311 838
313 453
313 901
314 392
314 551
314 729
315 357
315 446
315 746
316 591
316 711
316 813
316 875
316 884
316 944
317 845
318 336
318 490
318 552
318 613
318 764
319 375
319 453
319 454
320 481
320 500
320 542
320 631
321 353
321 523
321 541
321 625
321 760
321 850
322 461
322 596
323 422
323 578
323 596
323 792
323 928
324 383
324 390
324 494
324 553
324 686
324 717
324 850
324 896
324 931
325 383
325 444
325 752
325 764
325 833
325 942
326 572
326 742
326 890
327 415
327 517
327 673
328 482
328 574
328 815
328 892
329 346
329 587
329 727
329 800
329 891
330 364
330 367
330 494
330 638
330 696
330 708
330 735
330 764
331 635
331 733
331 857
331 894
331 925
331 955
332 442
332 726
332 751
332 895
332 974
333 692
333 819
333 947
334 504
334 827
334 902
334 946
335 493
335 906
336 870
336 994
337 445
337 478
337 484
337 564
337 732
338 487
338 542
338 696
338 985
339 709
340 570
340 835
340 924
341 468
341 659
341 835
341 852
341 860
342 352
342 751
342 808
343 350
343 463
343 656
343 698
343 936
343 986
344 493
344 937
344 973
346 581
346 881
346 884
346 888
347 373
347 643
347 716
347 954
348 424
348 547
348 594
348 671
348 673
348 772
349 514
349 524
349 549
349 740
349 771
349 945
349 975
350 661
350 828
351 570
351 692
352 422
352 433
352 592
352 663
352 680
352 879
353 518
354 499
354 504
354 625
354 818
354 875
354 916
355 935
356 359
356 401
356 661
356 686
356 837
357 404
358 430
358 618
358 886
359 568
359 716
359 899
359 934
360 411
360 468
360 818
360 906
360 916
360 920
361 375
361 833
361 842
361 879
362 699
362 705
362 938
362 989
363 478
363 541
363 587
363 863
363 869
363 903
364 383
364 423
364 501
364 945
364 981
365 369
365 382
365 471
365 501
365 537
365 714
365 791
366 390
366 552
366 629
366 931
366 951
367 405
367 446
367 746
367 850
367 998
368 397
368 825
368 869
369 613
369 714
369 842
369 977
370 430
370 491
370 583
370 666
370 691
370 717
370 984
371 379
371 397
371 653
371 953
372 440
372 635
372 899
373 392
373 537
373 642
373 646
373 797
373 875
374 420
374 662
374 672
374 857
375 644
376 489
376 937
376 947
378 632
378 669
378 813
378 959
379 385
379 402
379 572
379 699
380 949
380 959
381 472
381 546
381 749
381 753
382 488
382 648
382 765
382 893
383 519
383 700
383 722
384 670
384 813
384 822
384 831
384 968
385 603
385 605
385 773
385 844
385 994
386 547
386 918
387 538
388 428
388 575
388 691
388 697
388 714
388 924
389 559
389 747
389 970
390 417
390 681
390 709
390 866
390 986
391 511
391 663
391 668
391 842
391 973
392 509
393 515
393 675
394 447
394 495
394 574
394 628
394 681
394 903
394 912
395 438
395 840
396 463
396 668
396 809
396 866
396 885
397 415
397 495
397 656
398 533
398 656
398 684
398 790
398 807
399 467
400 492
400 867
401 645
401 904
401 945
401 991
402 559
402 653
402 921
403 536
403 549
403 736
403 776
403 787
403 820
404 438
404 607
404 710
404 782
404 861
404 913
404 935
405 648
405 879
405 882
406 752
406 827
406 965
407 578
407 701
408 440
409 696
409 883
410 442
410 587
411 678
411 717
412 453
412 769
413 516
413 752
414 763
414 822
415 607
416 435
416 489
416 689
416 911
417 797
418 670
418 769
419 541
419 611
419 711
419 737
420 423
420 669
420 682
420 856
420 876
420 893
421 623
421 729
421 930
422 736
423 707
423 827
424 525
424 576
424 736
425 610
425 829
426 637
426 953
427 430
427 646
427 793
427 874
428 479
428 526
428 537
428 595
428 647
428 730
429 520
429 788
429 935
429 940
431 577
431 651
431 654
432 483
432 901
432 995
433 690
433 724
433 744
433 874
433 882
434 453
435 574
435 782
436 463
436 584
436 601
437 486
437 540
437 936
438 655
438 850
438 905
439 656
439 736
439 859
439 865
440 532
440 558
440 815
441 571
441 688
441 821
441 852
441 922
442 562
443 712
443 736
444 503
444 995
445 470
445 535
445 548
445 747
445 873
446 447
446 558
446 679
446 688
446 696
446 832
446 883
446 948
447 604
447 611
447 871
447 984
448 743
448 837
448 971
449 532
449 871
449 946
450 593
450 827
450 966
451 635
452 689
453 527
453 635
453 720
453 766
453 781
453 825
453 843
453 857
454 695
454 758
454 845
454 874
455 498
455 532
455 534
455 758
456 524
456 525
457 496
457 519
457 536
458 633
458 967
459 500
459 738
459 943
460 485
460 510
460 666
460 786
461 667
462 714
463 648
463 797
463 873
463 934
464 745
464 964
465 500
465 573
465 686
465 920
466 871
467 868
467 939
468 814
469 633
469 664
469 735
469 874
469 881
469 910
469 963
469 972
470 610
470 688
470 896
471 616
471 861
472 517
472 538
472 776
473 573
473 580
473 603
473 696
473 707
474 555
474 631
474 686
474 800
474 856
475 853
475 861
475 928
475 948
476 507
476 743
476 806
476 928
477 668
477 756
477 940
478 516
478 546
478 569
478 592
478 693
478 761
478 966
478 980
479 551
479 691
479 708
479 718
479 764
479 894
479 938
480 666
480 954
481 483
481 677
481 766
481 852
482 766
483 643
483 666
484 513
484 581
484 904
484 946
485 602
485 672
485 801
485 999
486 504
486 590
486 623
486 797
486 810
486 884
487 560
487 561
487 694
487 964
487 997
488 640
490 583
490 814
491 523
491 543
492 622
492 786
493 502
493 808
493 895
493 925
494 703
495 712
495 870
495 875
496 667
496 805
496 943
496 944
496 947
497 585
497 799
497 863
498 557
498 621
498 728
498 844
499 546
500 515
500 689
500 763
500 796
500 826
501 633
501 942
503 784
503 830
504 532
504 577
504 641
504 655
504 929
505 634
505 707
505 851
505 930
505 976
506 798
507 564
507 657
507 736
507 883
508 578
508 963
508 984
510 539
510 628
510 785
510 804
510 896
510 901
510 992
510 994
511 584
511 595
511 618
511 703
511 731
511 815
511 861
512 915
512 942
513 524
513 595
513 818
513 839
513 956
513 996
514 673
514 756
514 769
514 773
514 781
514 837
514 899
515 583
515 789
516 638
516 724
516 741
516 807
516 847
517 597
517 606
517 608
517 656
517 745
518 542
519 615
519 700
519 716
521 592
521 959
522 600
522 671
522 837
523 821
523 837
523 902
525 634
525 922
525 985
526 628
526 764
526 866
527 554
527 610
527 702
527 975
528 567
528 683
528 869
529 556
529 782
529 877
529 916
529 939
530 581
530 747
530 800
531 671
531 700
532 886
532 935
532 996
533 677
533 699
534 713
534 715
534 754
535 546
535 615
535 788
536 641
536 650
536 926
536 938
536 998
537 728
537 927
538 553
538 644
538 967
539 594
539 663
539 781
539 922
541 556
541 592
541 884
541 942
541 977
542 578
542 849
544 594
545 659
545 754
545 797
545 798
545 870
545 994
546 998
548 550
548 902
548 903
549 586
549 629
549 882
550 580
550 678
550 729
550 767
550 895
550 998
551 667
552 597
552 645
552 837
552 953
553 681
554 735
557 574
557 641
557 829
557 936
558 586
558 680
558 699
559 561
559 658
559 843
559 881
560 567
560 585
561 770
561 802
561 826
561 879
561 980
562 588
562 678
562 767
562 920
563 565
563 574
563 835
563 950
563 958
563 994
565 965
566 789
566 992
567 668
567 817
567 969
568 578
568 865
569 747
569 798
570 613
570 662
572 671
572 786
573 608
573 610
573 730
573 927
573 942
573 958
573 976
575 682
575 807
575 966
576 892
576 906
576 921
576 950
577 727
577 764
578 602
578 722
578 839
578 884
579 610
579 753
580 739
580 757
580 812
580 890
580 941
581 590
581 642
582 738
583 671
583 796
584 683
584 902
584 926
585 607
585 792
585 915
585 973
586 606
586 622
586 685
589 736
589 970
589 973
590 786
591 650
591 708
591 868
591 978
591 997
592 986
593 648
593 765
594 622
594 799
594 803
594 833
595 623
595 813
595 830
595 841
595 871
595 975
596 637
596 827
597 651
597 668
597 741
597 809
598 941
599 601
599 814
600 950
602 887
602 986
603 744
603 753
603 915
604 628
604 899
605 788
606 644
606 669
606 927
607 706
607 970
608 663
608 706
609 647
609 729
609 754
609 945
610 749
610 764
610 924
611 905
611 927
612 812
613 790
614 687
616 690
616 750
616 912
618 637
619 655
619 767
619 825
620 730
620 914
620 960
621 643
621 820
621 827
621 977
622 844
622 861
623 957
624 730
625 842
625 941
626 627
626 811
626 860
627 916
628 925
629 668
629 702
629 953
629 978
629 992
631 762
631 999
632 767
632 893
633 875
634 657
634 909
635 724
635 851
635 929
635 994
636 655
636 719
636 796
636 926
637 652
637 808
637 955
638 924
639 825
640 682
641 707
641 813
641 824
642 660
642 720
642 817
642 839
643 970
644 792
644 801
644 810
645 862
649 715
649 950
651 880
651 944
652 723
652 781
652 871
653 889
653 952
654 763
655 926
658 701
658 704
659 670
659 821
660 813
661 680
661 705
661 711
661 773
661 997
662 990
663 665
663 741
663 906
664 745
666 771
667 832
667 994
668 953
669 902
669 923
670 689
670 916
671 882
671 912
671 987
673 714
673 744
673 777
673 905
675 769
675 807
675 852
676 904
677 719
677 740
677 872
677 995
679 817
680 775
680 898
681 694
681 768
682 866
682 981
683 754
683 825
684 892
684 910
685 774
687 707
687 783
688 760
688 930
688 959
688 983
689 795
690 711
690 785
690 887
691 795
691 801
691 824
691 886
694 704
694 836
695 704
695 882
696 876
698 727
698 745
699 702
699 730
700 738
700 974
701 939
702 732
703 831
703 904
705 722
705 730
706 840
706 923
707 797
711 848
711 896
712 743
713 928
714 839
715 756
716 911
716 947
716 996
717 996
718 968
719 866
719 977
720 729
721 904
722 996
723 939
723 947
724 833
724 917
725 811
725 905
727 901
728 746
728 794
729 733
729 779
729 932
730 810
730 967
731 964
732 805
732 920
732 976
733 848
734 797
735 932
735 993
736 753
736 837
737 759
737 770
737 820
737 894
737 896
737 958
738 993
739 872
739 935
740 746
741 877
741 900
741 939
741 963
744 827
744 835
744 853
744 974
744 994
746 750
746 843
747 755
749 751
749 882
749 950
750 886
750 911
750 958
750 970
751 793
753 847
753 886
753 997
754 799
754 936
754 954
755 887
755 916
756 830
756 983
757 850
757 955
758 965
759 893
759 904
761 763
761 803
761 818
762 980
763 814
764 796
764 878
764 982
765 857
766 901
767 803
767 893
768 889
769 931
770 949
770 971
771 815
771 933
772 793
775 940
777 893
777 897
778 828
778 875
778 902
779 924
780 804
781 803
781 932
781 981
783 786
784 823
785 816
786 808
787 794
787 923
789 832
791 885
793 884
793 960
795 832
795 838
796 806
796 951
797 848
799 970
800 846
800 881
801 855
802 918
803 941
804 930
805 915
808 891
809 897
809 936
809 965
810 891
810 898
811 857
811 932
812 916
813 938
814 893
814 998
816 921
818 900
818 981
820 822
820 948
821 953
822 892
822 951
824 830
824 857
825 852
825 859
828 867
828 983
830 958
831 874
831 887
831 966
832 878
832 901
832 988
833 982
835 955
835 968
837 860
839 896
839 957
840 843
840 848
840 894
840 922
842 884
842 937
842 953
844 976
846 911
846 935
846 962
846 973
847 944
848 986
850 896
850 920
850 928
851 861
851 904
852 853
853 944
858 954
858 978
859 959
860 940
860 986
861 965
863 869
863 966
864 993
865 888
868 873
868 903
868 922
868 984
869 961
869 969
870 986
870 989
871 889
871 896
873 900
874 879
874 903
874 964
877 899
880 971
885 973
886 936
887 902
888 964
888 984
889 954
892 979
895 899
895 912
895 967
895 977
895 989
896 905
899 973
899 975
903 995
906 961
906 983
907 944
910 988
913 921
916 952
917 932
919 936
932 961
935 966
937 998
942 989
945 992
947 963
948 962
948 967
955 986
964 993
966 975
966 992
968 980
968 999
973 988
979 982
