0 55
0 137
0 174
0 340
0 987
1 208
1 274
1 423
1 559
1 585
1 628
1 795
1 860
1 914
1 945
2 65
2 153
2 740
2 837
3 12
3 204
3 455
4 29
4 285
4 414
4 422
4 448
4 754
5 18
5 214
5 363
5 563
5 778
5 936
5 976
6 35
6 225
6 685
7 53
7 164
7 290
7 442
7 573
7 700
7 805
7 834
7 933
8 49
8 360
8 737
8 955
8 971
9 286
9 536
9 806
9 982
10 290
10 323
10 342
10 352
10 413
10 476
10 697
11 161
11 507
11 615
11 633
11 919
11 998
11 999
12 28
12 90
12 268
12 522
12 630
12 753
12 896
12 981
13 68
13 259
13 312
13 336
13 508
13 962
14 24
14 201
14 400
14 655
14 668
14 742
14 764
14 968
14 977
15 51
15 121
15 457
15 771
15 796
15 892
15 962
16 182
16 351
16 713
16 864
17 528
17 592
17 640
17 890
17 893
18 361
18 421
18 448
18 518
18 729
18 776
18 886
18 921
19 88
19 102
19 234
19 306
19 793
20 330
20 783
20 858
21 187
21 220
21 439
21 500
21 643
21 674
21 770
21 865
21 910
22 541
22 594
22 777
22 791
22 874
23 737
24 938
24 956
25 324
25 591
25 598
25 738
25 830
25 922
26 294
26 317
26 470
26 579
26 608
26 663
26 932
27 937
28 262
28 677
28 758
29 522
29 721
29 811
29 916
30 475
30 486
31 635
31 716
31 970
32 277
32 295
32 449
32 837
32 887
33 144
33 158
33 163
33 431
33 755
33 796
34 539
34 613
34 661
35 168
35 453
35 644
35 959
36 269
36 381
36 852
36 927
37 113
37 319
37 371
37 394
37 493
37 590
37 769
37 789
37 809
37 852
38 51
38 333
38 440
38 447
38 622
38 814
39 423
39 505
39 542
39 617
39 796
39 847
39 857
39 874
40 58
40 93
40 159
40 257
40 281
40 303
40 536
40 592
40 641
40 763
41 427
41 716
42 126
42 165
42 254
42 573
42 585
42 589
42 682
43 286
43 372
43 450
43 530
43 791
43 868
43 972
43 982
44 161
44 219
44 328
44 481
44 798
44 811
44 848
45 49
45 202
45 248
45 389
45 452
46 193
46 347
46 562
46 952
47 115
47 128
47 169
47 333
47 737
47 750
47 807
47 995
48 296
48 497
48 792
49 62
49 160
49 180
49 241
49 342
49 656
49 771
49 827
50 225
50 898
51 56
51 664
51 955
52 184
52 797
52 981
53 295
53 320
53 782
53 786
54 214
54 227
54 237
54 554
54 634
54 793
54 893
55 165
55 462
55 701
55 929
55 933
55 959
56 252
56 394
56 423
56 489
56 771
56 833
56 866
56 964
57 151
57 467
57 607
57 863
58 66
58 78
58 90
58 449
58 453
58 603
58 795
58 874
59 191
59 260
59 399
59 544
59 946
59 994
59 995
60 486
60 652
60 680
60 841
60 941
61 199
61 309
61 550
61 632
61 712
61 858
62 347
62 389
62 674
62 759
63 166
63 452
63 460
63 496
63 653
63 792
64 381
64 478
64 484
64 647
64 758
65 90
65 417
65 713
65 816
65 898
66 67
66 344
66 694
66 826
67 266
67 273
67 666
67 861
68 115
68 441
68 566
68 710
68 813
68 900
68 978
69 184
69 355
69 536
69 841
69 935
70 277
70 367
70 380
70 396
70 418
70 460
70 586
70 802
70 881
71 238
71 359
71 589
71 753
71 764
71 854
71 891
72 75
72 215
72 257
72 426
72 887
72 966
73 179
73 254
73 295
73 469
73 514
73 617
73 713
73 822
73 915
73 985
74 237
74 287
74 321
74 460
74 552
74 743
74 748
75 207
75 489
75 524
75 551
75 562
75 738
75 750
75 890
76 86
77 186
77 277
77 437
77 503
77 723
77 729
77 943
77 971
78 374
78 460
78 751
78 757
79 136
79 175
79 255
79 544
79 675
79 943
80 189
80 317
80 343
80 480
80 632
80 637
80 741
80 887
80 984
81 157
81 246
81 272
81 586
81 677
81 699
82 215
82 414
82 593
83 402
83 871
83 947
84 183
84 550
84 599
84 808
84 912
85 458
85 709
85 722
85 724
85 755
86 217
86 261
86 317
86 612
86 720
87 178
87 185
87 338
87 426
87 617
87 801
87 831
87 848
87 876
87 918
88 465
88 600
88 603
88 642
88 672
88 737
88 949
89 475
89 563
89 629
89 719
89 820
90 178
90 324
90 325
90 985
91 100
91 150
91 616
91 641
92 358
92 447
92 490
92 554
92 557
93 290
93 465
93 624
93 787
93 865
93 985
94 107
94 646
94 988
95 498
95 635
95 671
95 725
96 499
96 595
96 668
96 784
96 861
97 159
97 175
97 337
97 357
97 440
97 493
97 733
97 795
97 939
97 940
98 164
98 252
98 436
99 190
99 303
99 336
99 618
99 824
99 843
99 927
100 299
100 495
100 591
100 853
101 903
101 929
102 121
102 175
102 261
102 308
102 404
102 565
102 703
102 782
103 154
103 226
103 424
103 469
103 483
103 591
103 626
103 849
104 214
104 216
104 219
104 283
104 399
104 527
104 579
104 675
104 740
104 915
104 950
105 445
105 966
106 190
106 682
106 890
107 441
107 457
107 495
107 622
107 681
107 949
107 953
108 209
108 325
108 400
108 769
108 819
108 864
109 197
109 364
109 479
109 508
109 649
109 845
109 904
110 186
110 330
110 576
110 748
110 842
110 902
111 506
111 565
111 617
111 849
111 965
112 183
112 422
112 541
112 890
113 184
113 234
113 685
113 873
114 173
114 334
114 335
114 627
115 326
115 372
115 451
115 457
115 595
115 654
115 683
115 733
115 901
115 984
116 231
116 234
116 555
116 789
117 513
117 832
117 880
117 909
118 196
119 224
119 330
119 337
120 370
120 408
120 666
120 860
120 886
120 898
120 910
120 980
121 204
121 411
121 556
121 771
121 830
122 153
122 214
122 245
122 393
123 263
123 441
123 585
123 603
123 616
123 648
123 668
123 759
123 769
123 998
124 158
124 172
124 248
124 706
124 761
125 130
125 154
125 157
125 186
125 288
125 373
125 672
125 707
125 879
126 175
126 624
126 699
126 751
126 915
127 230
127 334
127 419
128 170
128 325
128 473
128 498
128 551
128 681
128 865
129 210
129 433
129 712
129 829
130 210
130 274
130 763
131 309
131 550
131 654
131 896
132 146
132 454
132 743
132 767
132 814
132 818
132 845
133 325
133 419
133 573
133 608
133 709
134 255
134 592
134 646
134 909
134 975
135 209
135 407
135 778
136 180
136 347
136 434
136 490
136 558
136 885
137 413
137 796
138 185
138 361
138 591
138 858
138 954
138 965
139 144
139 258
139 958
140 173
140 422
140 587
140 967
140 981
141 196
141 244
141 252
141 424
141 452
141 506
141 544
141 564
141 623
142 245
142 390
142 466
142 520
142 601
142 666
142 706
143 154
143 300
143 519
143 525
143 729
143 885
143 891
144 158
144 271
144 309
144 322
144 347
144 468
144 490
144 563
144 614
144 647
144 655
144 666
145 167
145 257
145 443
145 497
145 963
146 642
146 661
146 685
146 717
146 867
146 870
147 399
147 674
148 295
148 605
148 691
149 240
149 341
149 477
149 493
149 642
149 769
149 790
150 260
150 427
150 461
150 708
150 783
150 909
150 925
151 163
151 260
151 411
151 524
151 653
151 707
152 292
152 417
152 462
152 953
153 235
153 333
153 335
153 479
153 656
153 679
153 900
153 976
154 379
154 551
154 803
154 886
154 931
155 176
155 256
155 356
155 409
155 513
155 644
156 702
156 791
156 800
156 890
157 239
157 241
157 416
157 546
157 880
158 201
158 366
158 592
158 720
158 836
159 447
159 574
160 169
160 254
160 649
160 882
161 529
161 689
161 758
161 971
163 187
163 282
163 322
163 351
163 632
163 988
164 201
164 308
164 496
164 666
164 769
164 809
164 923
165 406
165 598
165 767
165 879
165 935
166 259
166 348
166 781
166 823
166 856
166 975
167 250
167 405
167 444
167 662
167 682
167 877
168 338
168 460
168 662
168 679
169 351
169 777
169 834
170 746
170 752
171 564
171 733
171 829
171 915
172 273
172 283
172 669
172 808
173 231
173 315
173 336
173 563
173 579
173 645
174 225
174 452
174 501
174 878
174 921
175 232
175 404
175 575
175 781
176 277
176 555
176 693
176 830
176 888
176 892
177 274
177 397
177 539
177 611
177 693
177 718
177 985
178 658
178 930
179 265
179 274
179 799
179 868
179 956
180 271
180 369
180 481
180 573
180 702
181 305
181 822
181 871
181 915
182 447
182 915
182 940
183 314
183 509
183 528
183 727
183 860
183 865
183 967
184 241
184 264
184 457
184 660
185 557
185 649
185 728
186 627
186 702
186 726
186 747
186 842
186 916
186 931
187 300
187 324
187 551
187 677
187 928
187 931
188 189
188 385
188 707
188 863
188 896
189 215
189 251
190 191
190 651
190 712
190 877
190 911
191 666
191 718
192 310
192 342
192 370
192 447
192 708
193 293
193 302
193 502
193 840
194 250
194 664
194 682
194 982
195 277
195 525
195 702
195 731
195 824
195 989
196 220
196 396
196 417
196 595
196 607
196 708
196 784
196 963
197 366
197 380
197 526
197 551
197 890
197 929
199 349
199 369
199 497
199 746
199 826
199 854
199 878
199 894
199 970
200 269
200 394
200 688
200 738
200 773
200 827
200 854
200 963
201 296
201 406
201 599
201 691
201 821
202 466
202 504
202 718
202 854
202 883
202 906
203 331
203 340
203 492
204 289
204 364
204 414
204 418
204 456
204 489
204 599
204 603
204 710
204 747
204 749
204 782
205 755
205 767
205 976
206 339
206 453
206 464
206 813
206 967
207 362
207 398
207 399
208 249
208 263
208 341
208 628
208 862
209 898
210 466
210 604
210 633
210 705
211 335
211 475
211 526
211 644
211 974
211 990
212 266
212 564
213 242
213 275
213 650
213 903
214 399
214 580
214 787
214 825
214 910
215 754
215 814
215 919
216 283
216 730
216 807
216 910
217 289
217 542
217 678
217 750
217 900
217 925
217 958
218 261
218 498
219 409
219 535
219 570
219 577
219 816
219 971
220 324
220 545
220 590
220 656
220 658
220 862
221 231
221 306
221 474
221 535
221 721
222 228
222 411
222 560
222 787
222 940
223 627
223 723
224 278
224 473
224 502
224 619
224 653
224 719
224 859
224 940
225 372
225 409
225 665
225 760
225 910
226 239
226 303
226 554
226 617
226 636
226 807
226 993
227 246
227 382
227 887
227 917
228 272
228 525
228 552
228 650
228 977
229 295
229 509
229 712
229 920
230 446
230 635
230 731
230 768
231 315
231 823
231 864
231 976
232 357
232 537
232 548
232 558
232 818
233 420
233 545
233 761
233 979
234 392
234 583
234 589
234 733
234 868
234 891
234 911
234 979
235 327
235 579
235 805
236 363
236 448
236 511
236 571
236 822
236 824
236 881
237 485
237 625
237 682
238 658
238 777
239 258
239 451
239 899
240 296
240 619
240 794
240 856
240 870
241 251
241 666
241 710
241 736
241 844
241 869
241 985
242 426
242 482
242 557
242 679
242 896
242 991
243 439
243 518
243 564
243 603
243 785
244 284
244 459
244 656
244 759
244 766
245 568
245 626
245 752
245 754
246 280
246 510
246 622
246 731
246 814
246 985
247 708
247 874
248 484
248 549
248 922
249 287
249 299
249 313
249 574
249 959
249 968
250 450
250 898
250 951
250 990
251 426
251 542
251 641
251 662
251 851
251 909
251 916
251 963
252 293
252 295
252 489
252 551
252 651
252 976
253 281
253 284
253 355
253 688
253 703
253 825
253 906
253 940
253 997
254 314
254 341
254 377
254 422
254 640
254 728
254 796
254 802
254 811
254 852
254 943
254 973
255 467
255 981
256 284
256 512
256 595
256 893
256 915
256 931
256 941
256 956
257 259
257 845
257 982
258 267
258 452
258 877
259 328
259 476
259 604
259 778
259 814
260 344
260 525
260 793
261 348
261 505
261 806
261 947
261 963
262 309
262 657
262 783
262 863
263 305
263 326
263 445
263 512
263 574
263 840
264 361
264 514
264 540
264 785
265 380
265 427
265 534
265 541
266 290
266 444
266 593
266 642
266 667
266 850
267 826
267 853
268 481
268 520
268 962
268 973
269 519
269 523
270 480
270 657
270 730
270 890
271 555
271 677
271 805
271 868
272 279
272 724
272 892
273 274
273 316
273 477
273 577
273 625
274 637
274 656
274 692
274 797
274 845
274 893
274 935
274 948
275 535
275 599
275 821
275 823
276 450
276 665
276 670
276 759
276 782
276 817
277 358
277 633
277 736
278 374
278 573
278 658
278 742
278 833
278 896
279 288
279 738
280 467
280 574
280 613
280 730
280 740
280 813
280 816
281 426
281 610
281 782
282 497
282 871
283 373
283 436
283 446
283 582
283 676
283 878
284 374
284 550
284 583
284 712
284 951
285 346
285 424
285 785
286 840
286 970
287 313
287 332
287 551
287 690
287 794
287 830
287 986
288 560
288 563
288 607
288 814
289 589
289 766
289 807
290 330
290 721
291 387
291 906
292 433
292 545
292 649
292 656
292 827
292 937
293 491
293 619
293 671
293 699
293 716
294 498
294 812
294 843
295 379
295 638
295 648
295 827
295 882
295 940
296 580
296 613
296 877
297 414
297 570
297 828
297 919
297 944
298 442
298 460
298 749
298 806
300 432
300 549
300 671
301 330
301 340
301 417
301 642
302 352
302 473
302 693
302 761
302 892
303 386
303 415
303 462
303 660
303 800
303 881
303 936
303 999
304 447
304 449
304 698
305 485
305 640
305 653
306 417
306 455
306 740
306 915
307 381
307 409
307 455
307 538
307 561
307 786
308 398
308 473
308 650
308 743
308 834
309 632
310 853
311 316
311 375
311 459
311 474
311 591
311 612
311 699
311 788
311 967
312 599
312 613
313 316
313 444
313 709
313 827
313 853
313 912
313 936
314 328
314 638
314 842
315 709
316 768
316 839
317 346
317 592
317 785
317 922
318 576
318 687
318 925
319 574
320 324
320 389
320 720
320 810
321 376
321 672
321 785
322 425
322 452
322 485
322 783
323 596
323 636
323 692
323 861
323 866
324 581
324 943
325 904
325 924
326 595
327 886
328 720
328 750
328 855
328 862
329 337
329 346
329 543
329 641
329 645
329 783
330 561
330 757
330 923
330 924
331 473
331 474
331 563
331 860
331 971
332 608
332 717
332 849
333 385
333 392
333 641
333 684
333 710
333 937
334 380
334 569
334 662
334 688
334 967
335 648
335 912
335 927
336 381
336 398
336 535
336 587
336 606
336 652
336 784
336 952
337 540
337 764
337 779
337 813
337 948
338 351
338 383
338 737
339 393
340 414
340 542
340 827
340 836
341 806
342 588
342 833
342 928
343 454
343 525
343 633
343 777
343 792
343 986
344 632
344 918
345 439
345 710
345 755
345 776
345 891
345 937
346 399
346 718
346 843
346 969
346 996
347 478
347 540
347 691
347 757
347 808
347 928
348 542
348 875
349 514
349 965
350 780
350 943
350 993
351 569
352 620
352 888
352 950
354 431
354 818
354 864
354 898
355 373
355 453
355 631
355 699
355 769
355 920
355 950
356 641
356 726
356 747
357 753
357 898
357 940
358 362
358 433
358 587
358 593
358 698
358 966
359 529
359 771
360 534
360 682
360 778
360 838
360 895
361 717
361 994
362 390
362 428
362 515
362 521
362 901
363 476
363 573
363 688
363 988
364 368
364 404
364 439
364 471
364 874
365 392
365 434
365 435
365 445
365 496
365 526
365 563
365 667
365 673
365 868
366 738
366 813
366 901
367 450
368 610
368 618
368 626
368 840
369 502
369 628
369 641
370 434
370 459
370 469
370 530
371 568
372 502
372 616
372 642
372 709
372 869
372 919
373 618
373 648
373 690
373 846
373 931
374 528
374 658
375 924
376 527
376 647
376 686
376 749
377 450
377 917
377 999
378 402
378 704
378 822
378 831
378 911
379 458
379 666
379 716
379 849
380 712
381 530
382 448
382 543
382 723
382 764
382 899
382 933
383 440
383 705
383 771
383 846
384 616
384 904
385 505
385 518
385 604
385 669
385 798
385 816
385 946
385 995
386 550
386 570
386 879
386 908
386 912
387 474
387 495
387 549
387 748
387 769
387 915
388 577
388 744
388 871
388 925
388 994
389 667
389 693
389 746
389 827
389 863
390 728
390 787
391 682
391 864
391 942
391 964
392 428
392 492
392 559
392 714
392 819
393 519
393 601
393 758
393 792
393 877
393 921
394 430
394 461
394 781
394 900
395 478
395 519
395 687
395 955
395 993
396 447
396 473
396 693
396 982
397 445
397 461
397 505
397 755
397 851
397 852
397 968
398 570
399 421
399 435
399 531
399 756
399 835
400 448
400 450
400 505
400 796
401 952
402 577
402 699
402 709
402 808
402 834
402 936
402 979
403 492
403 663
403 806
404 539
404 905
404 907
404 978
405 516
405 605
405 699
405 707
406 433
406 444
406 659
406 761
406 950
407 701
407 710
408 428
408 883
408 893
408 982
409 445
409 477
410 562
410 591
410 677
410 880
410 963
410 979
411 506
411 813
412 479
412 676
412 782
412 933
412 958
413 621
415 437
415 541
415 690
415 738
415 820
415 933
415 940
416 437
416 521
416 679
416 950
416 961
417 449
417 530
417 659
417 759
418 522
418 605
418 620
418 796
418 972
418 993
419 585
419 888
420 485
420 910
422 482
422 541
422 564
422 712
423 665
423 705
423 716
423 724
423 840
423 916
424 493
424 566
424 595
424 940
425 554
425 667
426 582
426 702
426 968
427 523
428 710
429 992
430 492
430 800
430 953
431 457
431 636
431 942
432 617
432 942
433 774
433 940
434 525
434 616
434 646
434 900
435 517
435 628
435 957
435 990
436 591
436 621
436 689
436 710
436 737
436 769
437 485
437 795
437 897
437 904
437 996
439 524
439 529
439 656
439 678
439 714
439 937
439 983
440 874
440 899
440 914
440 980
441 720
441 811
441 906
441 935
442 788
442 797
443 608
443 840
443 848
443 917
443 954
443 961
443 987
444 564
444 853
444 973
445 726
445 785
445 799
445 963
445 972
446 479
446 568
446 576
446 686
446 700
446 719
446 738
446 905
447 460
447 857
447 976
448 588
448 640
448 916
449 482
449 839
450 500
450 547
450 581
450 602
450 705
450 955
451 602
452 463
452 470
452 655
452 670
452 980
453 670
453 796
453 821
454 616
454 624
454 714
454 723
454 766
454 827
454 991
455 743
455 808
456 533
456 543
456 707
456 839
456 879
457 832
457 917
457 984
458 693
458 781
458 902
459 485
459 688
459 795
459 911
460 603
460 812
461 490
461 706
461 898
462 644
462 735
462 901
463 608
463 685
463 732
463 843
464 484
464 727
464 798
465 933
466 875
467 737
467 738
467 807
468 636
468 822
468 986
469 585
469 623
469 858
470 561
470 639
470 812
471 632
471 991
472 709
472 965
473 565
473 675
473 688
473 733
473 922
474 512
474 626
474 646
475 601
475 753
476 481
476 748
476 962
476 963
477 594
477 627
478 741
478 845
479 683
480 687
480 718
480 759
482 576
482 702
483 574
483 927
484 520
484 686
484 725
484 888
485 511
485 670
486 537
486 592
486 771
486 818
486 827
487 565
487 830
488 517
488 633
488 703
488 879
489 554
489 715
489 755
490 515
490 761
491 727
492 600
492 641
492 669
492 759
492 764
492 774
492 833
492 897
493 524
493 671
493 732
494 746
494 943
495 883
495 921
495 927
496 654
496 916
497 863
497 889
498 536
498 794
498 837
498 870
499 605
499 648
499 830
499 869
500 576
500 663
501 928
501 934
502 519
502 674
502 818
504 802
504 807
505 715
505 799
505 915
506 760
507 600
508 546
508 550
508 562
508 590
508 809
508 850
510 615
510 652
510 697
511 694
511 891
511 937
511 976
512 630
512 695
513 817
513 856
514 889
514 896
515 545
515 611
515 643
515 728
515 797
515 928
516 527
516 636
516 883
516 919
517 528
517 733
517 780
517 805
517 825
517 896
519 844
519 886
519 937
520 745
520 857
521 527
521 563
521 712
521 922
521 992
522 681
522 796
522 814
522 913
523 564
523 659
523 853
523 984
524 775
524 890
524 916
524 922
525 538
525 660
525 803
525 909
527 593
527 833
527 836
527 944
528 645
528 660
528 836
529 658
529 760
529 806
529 855
530 583
530 947
531 822
531 862
532 785
532 840
533 730
533 778
533 900
534 672
534 797
534 839
534 912
535 536
535 751
535 820
535 862
535 904
536 570
536 741
536 794
537 926
538 575
538 694
538 706
538 978
539 765
539 846
539 877
540 585
540 745
540 761
541 564
541 694
541 860
542 883
543 560
543 617
543 646
543 995
544 596
544 811
544 906
544 945
545 932
545 946
545 954
546 692
546 743
547 643
547 780
547 971
548 598
548 737
548 826
548 842
548 918
550 706
551 743
551 785
551 910
551 983
552 661
552 746
552 815
552 848
553 851
554 678
554 837
554 881
555 990
556 651
556 696
556 840
556 917
556 928
557 639
557 765
558 715
558 741
558 746
558 830
558 972
558 985
559 692
559 882
559 888
560 820
560 908
560 933
561 562
561 598
561 674
561 771
561 833
562 850
563 942
564 644
564 736
565 616
565 761
565 853
565 989
566 847
567 585
567 680
567 772
568 874
569 571
569 719
569 878
570 756
571 812
571 958
571 959
572 628
572 640
572 645
572 666
572 739
572 909
574 627
574 745
574 855
574 978
575 589
575 619
575 728
575 849
576 720
576 772
576 825
576 969
576 970
577 621
577 850
578 691
578 856
579 589
579 988
580 786
580 823
580 843
581 646
581 763
581 957
583 735
583 866
583 911
583 926
583 964
584 712
584 896
585 729
585 774
585 956
586 816
586 912
586 918
588 650
588 750
588 854
589 607
589 685
589 712
589 735
589 886
589 897
589 911
589 960
590 677
590 774
590 785
590 801
590 843
591 675
591 710
591 730
591 885
592 744
592 945
593 667
593 913
594 924
595 641
596 629
596 673
597 810
598 728
598 803
598 978
599 638
599 755
599 778
599 839
599 918
599 973
600 918
600 962
601 666
601 713
602 637
602 750
602 933
603 800
603 869
604 688
604 720
604 991
605 638
605 678
605 783
606 662
606 809
606 926
607 668
607 754
607 810
609 713
609 936
611 839
612 647
613 824
613 894
614 663
614 670
614 678
614 824
614 831
614 885
614 896
615 619
615 742
615 979
615 980
616 860
616 942
617 624
617 704
617 752
617 768
617 799
617 860
618 800
618 974
619 926
620 909
622 892
623 804
624 674
624 813
624 827
625 776
627 630
627 695
628 660
628 679
629 639
629 656
629 703
629 751
629 895
629 926
630 665
630 816
631 716
631 891
631 980
632 716
632 870
632 886
632 898
633 640
634 664
634 883
635 693
636 786
636 822
636 975
636 976
637 830
637 844
637 890
638 644
638 804
639 749
640 777
641 741
641 785
642 977
643 815
643 853
643 871
644 788
644 988
645 797
645 842
646 759
646 833
646 924
646 952
647 826
647 935
648 736
648 969
648 990
649 779
649 851
649 971
650 671
650 673
650 824
650 999
651 671
651 920
652 873
652 934
653 758
653 778
653 852
654 718
654 859
654 885
655 660
655 858
655 941
655 972
656 704
656 712
656 819
657 683
657 930
658 664
658 795
659 683
659 754
661 672
662 681
662 894
664 760
664 940
664 973
665 779
665 878
666 695
666 757
666 851
666 853
666 884
668 774
668 787
669 789
671 815
672 849
675 764
675 804
675 861
677 724
677 821
677 878
677 891
678 706
679 783
679 830
679 975
680 742
681 845
682 787
682 926
683 912
684 804
684 861
686 846
686 867
687 813
687 964
688 757
688 832
688 863
688 922
689 698
689 915
690 932
691 822
692 927
694 761
694 829
695 703
695 821
695 972
696 743
697 706
697 799
698 790
698 936
698 943
701 868
702 839
703 711
703 773
703 936
704 899
705 709
705 732
706 912
706 928
708 892
709 764
710 866
711 720
712 795
712 813
713 814
713 892
714 727
717 740
717 917
720 977
721 761
721 779
721 886
724 771
724 789
724 956
726 755
726 886
726 972
727 858
727 907
727 940
728 738
728 864
729 998
730 933
730 970
732 975
733 775
733 839
734 787
734 815
734 888
735 757
735 926
735 935
738 963
738 995
739 770
740 912
740 971
742 857
742 953
743 874
745 825
745 969
747 899
747 958
747 989
748 786
750 847
751 771
751 961
751 996
752 868
753 948
754 779
755 968
755 982
755 994
756 775
756 971
756 972
757 762
757 799
757 890
758 945
759 831
759 942
760 769
762 948
762 985
764 926
764 982
765 874
766 841
766 896
766 944
766 987
767 811
767 922
768 846
770 793
770 884
772 890
773 795
773 815
773 938
773 967
774 797
774 858
774 968
776 850
776 900
776 987
777 791
777 832
777 859
777 924
778 835
778 849
778 860
778 914
780 830
782 847
783 984
785 826
786 921
787 903
788 901
789 997
790 970
790 983
790 997
791 908
791 921
792 923
793 989
794 927
799 862
799 879
799 880
801 878
802 946
806 832
807 853
808 913
808 932
809 877
809 964
810 950
810 971
810 979
811 956
812 959
813 825
813 918
813 971
814 938
815 836
816 823
817 910
818 990
819 950
819 965
819 978
820 890
821 888
822 948
827 871
828 980
828 985
829 864
829 973
831 936
831 976
832 950
833 855
837 886
838 878
838 918
840 917
843 900
844 898
844 914
846 858
846 913
847 874
847 907
848 923
848 996
849 851
850 929
851 959
852 930
853 901
855 942
855 966
856 860
857 909
858 933
859 904
862 949
863 892
865 873
868 903
869 892
869 943
871 977
875 978
876 922
879 941
880 882
880 968
881 895
882 969
882 979
884 898
884 957
885 956
886 928
887 901
894 992
897 950
898 934
898 994
899 935
900 972
901 910
901 965
901 997
907 910
911 956
914 924
915 936
916 942
921 960
921 996
922 986
925 976
927 964
927 996
929 992
934 939
934 945
934 958
939 946
940 987
942 964
945 954
945 981
954 985
955 993
956 971
958 981
970 984
976 995
978 984
