0 297
0 458
0 594
1 266
1 846
2 158
2 211
2 273
2 471
2 483
2 630
2 688
3 248
3 297
3 632
3 708
3 884
3 926
4 15
4 443
4 647
4 721
4 787
4 972
5 454
5 531
5 778
6 114
6 145
6 318
6 691
6 761
6 802
6 953
7 105
7 258
7 305
7 398
7 725
8 66
8 94
8 211
8 287
8 323
8 369
8 969
9 72
9 163
9 177
9 215
9 534
9 536
9 538
9 884
9 923
10 382
10 871
10 933
11 26
11 27
11 268
11 278
11 295
11 315
11 469
11 547
11 705
11 891
12 159
12 784
12 799
12 801
12 845
13 268
13 575
13 844
14 170
14 203
14 224
14 275
14 781
14 801
14 821
14 896
15 134
15 466
15 502
15 618
15 643
15 712
16 62
16 139
16 388
16 409
16 500
16 766
17 201
17 233
17 601
17 854
18 214
18 249
18 688
18 791
18 995
19 147
19 243
19 247
19 376
19 423
19 456
19 576
19 609
19 665
20 200
20 317
21 633
21 638
21 661
21 759
22 379
22 471
22 543
22 839
23 108
23 307
23 337
23 570
23 635
23 680
23 754
23 852
24 99
24 178
24 218
24 329
24 514
24 644
24 769
25 50
25 330
25 694
25 783
26 56
26 94
26 217
26 241
26 496
26 718
26 824
27 85
27 159
27 341
27 461
27 749
28 318
28 411
28 686
28 888
28 963
29 74
29 205
29 213
29 558
29 681
29 889
30 31
30 841
31 413
31 532
31 694
31 708
32 89
32 165
32 275
32 285
32 301
32 686
32 790
32 904
33 60
33 291
33 563
33 624
33 659
33 710
33 797
33 800
33 850
34 113
34 205
34 293
34 401
34 585
35 59
35 250
35 569
35 898
35 965
36 64
36 82
36 155
36 180
36 213
36 321
36 896
36 926
37 71
37 90
37 232
37 276
37 410
37 668
37 716
37 776
38 126
38 414
38 501
38 523
39 45
39 221
39 302
39 322
39 692
39 907
40 703
40 771
40 961
41 172
41 276
41 470
41 538
41 673
41 729
41 748
42 84
42 283
42 302
42 363
42 370
42 426
42 488
42 690
42 788
42 801
42 954
43 85
43 219
43 500
44 322
44 337
44 368
44 443
44 471
44 607
45 89
45 99
45 258
45 309
45 798
45 807
45 968
46 286
46 390
46 437
46 517
46 702
46 792
47 66
47 151
47 176
47 276
47 628
47 904
48 271
48 461
48 532
49 52
49 75
49 306
49 430
49 770
49 795
49 929
49 954
50 121
50 570
50 782
50 858
50 926
51 194
51 496
51 516
51 825
52 555
52 652
52 838
53 125
53 224
53 341
53 354
53 559
54 89
54 397
54 410
54 894
55 58
55 228
55 435
55 566
55 779
55 820
55 990
56 168
56 171
56 401
56 473
56 622
56 748
56 847
57 137
57 377
57 550
57 799
57 816
57 848
57 863
57 875
57 937
58 221
58 263
58 281
58 652
58 677
59 61
59 412
59 696
59 837
60 414
60 526
60 761
60 795
61 141
61 228
61 319
61 638
61 639
61 917
62 154
62 429
62 457
62 609
62 786
62 854
63 187
63 417
63 562
63 609
63 729
64 79
64 107
64 247
64 816
64 895
64 897
65 67
65 406
65 911
66 257
66 700
67 101
67 142
67 591
67 657
67 952
68 93
68 100
68 362
68 632
69 110
69 309
69 642
69 880
69 933
70 98
70 213
70 432
70 442
71 159
71 326
71 568
71 574
71 791
72 115
72 358
72 556
72 686
72 716
72 870
73 80
73 224
73 351
73 501
73 827
73 867
73 934
73 983
74 248
74 263
74 341
74 536
74 666
74 743
74 952
75 354
75 450
75 575
75 729
76 80
76 299
76 588
76 721
76 739
76 870
76 938
77 353
77 551
77 756
77 914
78 473
78 749
78 769
78 794
78 903
78 916
78 993
79 166
79 212
79 268
79 751
79 757
79 900
79 943
79 953
80 392
80 611
80 640
80 662
80 870
80 992
81 424
81 458
81 628
81 632
81 790
81 847
81 892
81 964
82 87
82 358
82 407
82 565
82 587
82 655
82 739
82 755
82 761
82 846
83 262
83 630
83 645
83 724
83 936
84 744
84 916
84 925
85 449
85 476
85 628
85 731
85 920
86 499
86 675
86 838
86 873
86 927
87 219
87 297
87 572
87 793
88 333
88 365
88 723
88 726
89 248
89 386
90 181
90 224
90 491
90 614
90 748
91 200
91 301
91 558
91 644
91 940
92 188
92 221
92 241
92 454
92 779
93 200
93 412
93 525
93 745
94 220
94 683
94 725
94 755
94 935
95 104
95 263
95 386
95 533
95 703
95 902
96 400
96 401
96 736
96 892
97 583
97 672
97 910
97 989
98 171
98 299
98 316
98 533
98 903
98 936
99 105
99 262
99 313
99 499
99 686
100 389
100 457
100 491
100 539
100 622
101 280
101 451
101 581
101 820
101 898
101 973
102 195
102 224
102 423
102 954
103 202
103 483
103 567
103 754
103 909
103 939
104 144
104 239
104 412
105 111
105 262
105 300
105 472
105 678
106 372
106 595
106 980
107 199
107 344
107 405
107 484
107 535
107 586
107 819
107 846
108 277
108 507
108 738
109 481
109 552
109 918
110 313
110 325
110 438
110 441
110 471
110 530
110 559
110 576
110 584
110 610
110 640
110 642
110 701
110 902
111 193
111 892
112 135
112 190
112 227
112 610
112 641
113 230
113 237
113 532
113 652
113 920
113 957
114 238
114 242
114 362
114 898
114 912
114 936
115 187
115 348
115 383
115 642
115 650
115 683
116 762
117 701
117 742
117 793
117 994
118 274
119 441
119 612
119 770
119 819
121 188
121 318
121 688
121 787
122 334
122 343
122 593
122 996
123 417
123 503
123 526
123 631
123 679
123 735
123 755
123 790
123 823
123 921
124 195
124 223
124 585
124 795
125 215
125 241
125 391
125 396
125 579
125 856
126 318
126 363
126 474
126 618
126 944
126 948
126 966
127 190
127 333
127 340
127 568
127 821
127 992
128 243
128 264
128 445
128 532
128 984
129 497
129 578
129 579
129 584
129 587
129 671
129 730
129 801
129 991
130 171
130 184
130 203
130 225
130 243
130 342
130 497
130 572
130 617
130 671
130 943
131 230
131 524
131 662
131 677
131 785
131 811
131 885
132 154
132 264
132 351
132 444
132 663
132 770
132 827
132 866
132 975
133 274
133 933
133 978
134 424
134 437
134 446
134 782
134 810
134 815
134 842
135 142
135 182
135 272
135 315
135 344
135 450
135 480
135 518
135 574
135 663
135 696
135 740
135 953
136 197
136 314
136 603
136 614
136 872
137 476
137 657
138 184
138 290
138 404
138 663
138 698
139 311
139 500
139 627
139 895
140 382
140 570
140 686
140 940
141 152
141 746
142 343
142 392
143 530
143 605
143 658
143 699
143 736
144 270
144 439
144 598
145 235
145 298
145 381
145 410
145 484
145 536
145 594
145 643
145 694
145 871
145 894
146 417
146 589
146 687
146 763
146 835
147 363
147 522
147 976
148 358
148 519
148 536
148 647
148 731
149 163
149 311
149 396
149 455
149 826
150 292
150 609
150 676
150 747
151 257
151 301
151 810
152 431
152 566
152 602
152 649
152 865
152 892
153 272
153 339
153 683
153 690
153 721
154 240
154 600
154 646
155 205
155 332
155 342
155 408
155 536
155 570
155 832
156 335
156 600
156 819
156 827
156 946
157 224
157 571
157 972
158 225
158 239
158 564
158 599
158 625
158 699
158 814
158 893
158 910
159 641
159 871
160 284
160 344
160 526
160 726
160 730
160 742
160 879
160 982
161 414
161 749
161 843
161 894
162 178
162 422
162 532
163 512
163 617
164 304
164 437
164 480
164 497
164 514
164 590
164 820
164 899
165 593
165 705
165 876
165 985
166 267
166 449
166 497
166 547
166 549
166 589
166 862
167 539
167 799
168 190
168 398
168 837
169 246
169 248
169 299
169 312
169 315
169 359
170 241
170 330
170 469
170 766
170 776
170 788
170 899
171 249
171 332
171 594
171 803
171 837
171 941
172 201
172 220
172 557
173 192
173 362
173 471
173 783
174 299
174 324
174 637
174 656
174 805
174 848
174 917
175 487
176 197
176 297
176 494
176 770
177 423
177 560
177 703
178 241
178 258
178 464
178 871
178 885
179 254
179 350
179 437
180 384
180 491
180 575
180 791
180 899
181 205
181 229
181 248
181 438
181 471
181 492
181 718
182 355
182 381
182 399
182 417
182 560
182 672
182 795
182 860
183 240
183 259
183 507
183 604
183 782
184 248
184 600
184 932
184 963
185 649
185 669
185 874
185 962
186 393
186 516
186 555
186 569
186 584
186 669
186 742
186 963
187 219
187 231
187 317
187 645
187 928
188 275
188 434
188 820
188 858
189 196
189 428
189 525
189 628
189 652
190 198
190 526
190 641
190 945
192 318
192 574
192 637
192 736
193 398
193 635
193 857
194 503
194 682
194 716
194 994
195 200
195 366
195 601
195 693
195 760
195 935
196 705
196 817
196 824
196 876
196 897
196 937
197 369
197 578
197 616
197 618
197 825
198 276
198 475
198 694
198 730
198 751
198 766
198 784
198 865
198 991
199 223
199 424
199 534
199 805
199 857
200 327
200 354
200 397
200 510
200 560
201 514
201 714
201 926
202 704
203 503
203 514
203 568
204 536
204 610
205 581
205 751
205 792
206 259
206 417
206 495
206 560
206 736
206 894
207 326
207 433
207 560
207 653
208 271
208 785
208 866
208 981
209 333
209 401
209 432
209 434
209 720
209 919
210 394
210 614
210 672
210 890
210 910
211 496
211 689
212 603
212 746
212 748
212 942
212 972
213 587
213 729
213 874
213 883
214 227
214 487
214 671
214 684
214 782
214 837
215 251
215 354
215 677
215 771
215 775
215 937
215 946
216 356
216 536
216 562
216 760
216 770
216 936
217 392
217 403
217 416
217 476
217 606
217 877
217 971
218 296
218 442
218 468
218 550
218 646
218 752
218 792
218 793
218 825
219 276
219 387
219 415
219 575
219 671
219 842
220 366
220 542
221 252
221 324
221 648
221 672
221 724
221 764
222 423
222 760
222 996
223 377
223 603
223 826
223 970
224 432
224 582
224 744
225 687
225 787
225 794
225 994
226 334
226 390
226 415
226 645
226 740
227 411
227 472
227 754
228 242
228 259
228 290
228 347
228 456
228 493
228 609
228 651
228 652
228 948
229 237
229 595
229 598
229 654
229 723
230 352
230 454
230 556
230 756
230 859
230 978
231 339
231 360
231 482
231 742
231 757
231 946
232 241
232 261
232 334
232 687
232 912
232 927
233 413
233 708
233 718
233 723
233 821
233 955
234 326
234 346
234 634
234 705
234 715
234 746
234 843
235 253
235 401
235 510
235 544
235 681
235 861
235 900
235 927
236 538
236 573
236 843
236 968
237 878
238 917
239 309
239 328
239 575
240 243
240 289
240 356
240 412
240 441
240 509
240 555
240 556
240 825
241 281
241 529
241 551
241 577
241 589
241 594
241 621
241 625
241 662
241 904
242 342
242 366
242 433
242 573
242 624
242 720
242 731
242 770
242 846
242 988
243 308
243 609
243 685
243 861
244 517
244 710
245 288
245 332
245 353
245 405
245 531
245 656
246 744
246 829
247 397
247 501
247 633
247 658
248 259
248 478
248 635
249 949
249 968
250 286
250 399
250 456
250 947
251 459
251 676
251 882
252 254
252 277
252 518
252 694
252 703
252 732
252 879
253 331
253 449
253 816
254 600
254 650
254 664
255 493
256 353
256 466
256 989
257 412
257 589
257 766
257 777
258 371
258 440
258 482
259 489
259 661
259 771
259 904
259 913
260 273
260 295
260 302
260 379
260 591
260 636
260 727
260 875
260 967
261 280
261 631
261 659
261 758
261 789
261 876
262 385
262 402
262 929
263 496
263 511
263 561
263 697
263 759
263 880
264 373
264 580
264 648
264 833
265 331
265 398
266 313
266 360
266 413
266 555
266 672
266 703
266 839
267 370
267 477
267 908
268 396
268 478
268 674
268 899
268 979
269 309
269 658
269 797
270 301
270 589
270 700
271 461
272 282
272 391
272 463
272 754
273 460
273 627
274 442
274 692
274 696
274 926
275 284
275 391
275 845
276 292
276 363
276 536
276 853
276 883
277 451
277 460
277 834
277 858
278 319
278 368
278 535
278 618
278 677
278 708
278 733
278 834
278 897
279 393
279 610
279 722
279 828
279 859
279 875
279 992
280 590
280 628
280 631
281 304
281 334
281 516
281 530
281 591
281 746
281 826
282 522
282 567
282 754
282 844
282 895
282 926
283 748
283 767
283 824
283 966
283 989
284 535
284 750
284 954
285 489
285 528
285 889
286 563
286 604
286 740
286 790
287 349
287 395
287 427
287 571
287 624
287 979
288 535
288 582
288 654
288 985
289 312
289 473
289 596
289 803
289 905
290 493
291 495
291 738
291 910
292 399
292 490
292 573
292 677
292 721
292 757
292 769
293 302
293 448
293 805
293 820
293 863
294 503
294 591
294 642
294 697
294 856
294 969
295 385
295 706
296 434
296 572
296 677
296 703
296 790
296 815
296 954
297 381
297 390
297 569
297 589
297 906
297 921
298 346
298 809
299 654
299 771
299 916
300 354
300 418
300 645
300 675
300 831
300 858
300 973
302 514
302 602
302 792
302 897
302 931
303 328
303 380
303 530
303 599
303 602
303 765
304 426
304 806
305 982
307 357
307 555
307 778
307 990
308 544
308 651
308 764
308 967
308 972
309 335
309 376
309 729
310 639
310 781
310 809
310 899
311 349
311 355
311 383
311 446
311 461
312 762
312 774
312 857
313 367
313 433
313 713
313 879
314 552
314 737
314 889
315 370
315 608
315 673
315 775
315 794
316 372
316 379
316 591
316 837
316 942
317 368
317 416
317 418
317 480
317 481
317 497
318 325
318 405
318 418
318 458
318 982
319 326
319 542
319 550
319 844
320 416
320 709
320 713
320 845
321 361
321 732
321 906
321 920
321 987
321 996
322 647
322 694
323 488
323 603
323 916
323 997
324 330
324 468
324 477
324 792
324 981
325 332
325 527
325 674
325 702
326 484
326 683
326 971
326 994
327 677
327 725
327 807
327 899
328 591
329 363
329 644
329 958
330 365
330 606
330 807
331 356
331 450
331 597
331 721
332 386
332 426
332 466
332 516
332 812
333 671
333 784
333 877
334 361
334 884
335 672
335 771
335 813
335 846
336 527
336 549
336 715
336 720
336 831
337 656
337 745
337 751
337 889
337 967
338 444
338 482
338 863
338 994
339 953
340 597
340 651
340 713
341 461
341 686
341 803
341 910
341 981
342 525
342 604
342 951
343 440
343 549
343 553
343 581
343 902
343 919
344 740
344 780
344 788
344 894
344 896
345 377
345 707
345 998
346 526
346 532
346 810
346 877
347 486
347 801
348 466
348 540
348 695
348 777
348 801
349 436
349 511
349 713
349 715
350 412
350 438
350 473
351 504
351 556
351 581
351 656
351 902
352 372
352 606
352 799
352 861
352 915
352 928
352 944
353 461
353 694
353 708
354 370
354 745
354 960
355 410
355 748
355 854
356 709
356 821
357 743
358 455
358 558
358 590
358 724
358 735
358 841
359 424
359 661
359 803
359 842
359 957
359 984
360 409
360 808
360 888
360 911
361 401
361 541
361 669
361 934
362 416
362 669
362 676
362 712
363 390
363 503
363 511
363 593
363 655
363 735
363 967
364 718
364 888
364 937
364 943
365 451
365 605
365 620
365 627
365 754
365 870
365 882
365 980
366 498
366 551
366 771
366 787
366 855
366 987
368 404
368 494
368 673
368 785
368 797
369 395
369 413
369 437
369 493
369 533
369 632
369 851
370 375
370 427
370 559
370 723
370 869
371 581
371 605
371 702
372 395
372 480
372 506
372 668
372 715
372 935
372 966
373 822
373 891
374 497
375 525
375 663
376 420
376 556
377 510
377 724
377 812
377 934
378 470
378 593
378 646
378 648
378 781
378 855
379 382
379 519
379 563
379 597
379 839
379 840
380 853
380 884
380 916
381 474
381 544
381 602
381 839
382 455
382 582
383 430
383 943
384 473
384 687
384 756
384 798
385 600
385 920
385 988
385 992
386 468
386 500
386 562
386 582
386 716
386 797
386 808
386 969
387 422
387 544
387 571
387 744
387 879
388 838
388 975
389 449
389 872
390 426
390 797
390 995
391 585
391 715
391 843
391 912
391 936
392 460
392 609
392 928
393 514
393 575
393 606
393 748
393 778
393 984
394 477
394 548
394 556
394 557
394 589
394 609
394 798
395 458
395 727
395 765
395 862
395 892
395 938
395 967
396 543
396 557
396 860
396 955
397 422
397 462
397 561
397 576
397 723
397 764
397 772
397 934
398 537
398 607
398 822
398 926
398 942
398 982
399 418
399 656
399 776
399 928
400 475
400 626
400 656
400 747
401 599
401 727
401 839
401 980
402 488
402 775
402 857
403 788
404 702
404 886
404 963
405 715
405 716
405 804
405 892
406 606
406 885
406 962
407 548
407 723
407 858
408 433
408 609
408 750
408 948
408 961
408 972
409 469
409 496
409 555
409 777
409 918
409 967
410 613
410 615
411 457
411 997
412 446
412 521
412 607
412 632
412 826
413 563
413 693
413 727
413 733
413 766
413 839
413 868
413 977
414 483
414 705
414 715
414 768
415 591
415 741
415 749
415 764
415 852
415 863
416 421
416 474
416 652
416 749
416 750
417 454
417 939
418 461
419 473
419 614
419 882
420 434
420 585
420 833
420 891
420 926
421 793
421 846
422 881
422 924
423 542
423 653
423 743
423 910
423 972
424 714
424 990
424 991
425 450
426 486
426 528
427 559
427 772
427 883
428 771
429 633
429 923
429 942
430 848
430 930
431 627
431 651
431 718
431 868
431 964
432 463
432 607
432 612
432 637
432 873
433 562
433 819
433 956
434 701
435 470
435 534
435 912
436 465
436 717
436 803
437 439
437 718
438 492
438 624
438 676
439 627
439 711
439 738
439 822
439 875
439 977
440 568
440 590
440 612
440 702
440 754
440 917
440 924
441 611
441 681
441 973
442 502
442 678
442 689
442 784
442 807
442 857
443 601
443 819
443 828
443 848
444 549
444 652
444 989
445 766
446 655
446 820
447 530
447 582
447 609
447 673
448 478
448 580
448 590
448 770
449 451
449 516
449 749
449 877
450 487
450 502
450 798
451 835
452 555
452 586
452 666
452 721
452 900
453 558
453 819
453 946
454 781
454 845
454 882
455 941
456 593
456 660
456 875
457 797
458 616
458 754
458 914
458 954
460 557
460 839
461 533
461 668
462 474
462 484
462 697
462 758
462 770
462 794
463 641
463 709
463 759
463 984
464 680
464 686
464 776
464 883
464 922
464 952
466 795
467 863
467 887
467 899
468 505
468 680
469 559
469 629
469 719
470 647
470 662
470 928
471 877
471 940
472 507
472 715
472 854
473 504
473 556
473 606
473 665
473 857
474 581
475 517
475 687
475 863
476 711
476 924
477 586
477 825
477 847
477 873
478 540
478 857
479 658
480 489
480 572
480 667
480 846
480 860
482 710
482 947
483 499
483 674
483 690
484 912
484 939
486 492
486 610
486 861
487 509
487 837
487 848
487 914
488 509
488 532
488 568
488 685
488 699
488 732
488 999
489 587
489 590
489 689
490 595
490 614
490 726
490 968
491 745
491 777
492 588
493 503
493 775
494 548
494 607
494 701
494 793
494 802
494 807
494 825
494 873
495 585
495 699
495 725
495 871
496 637
497 572
497 999
498 570
498 572
498 979
499 837
499 971
500 729
500 829
501 621
501 818
501 913
502 585
502 700
502 718
502 970
503 932
504 630
505 506
505 895
505 926
505 984
506 551
506 671
506 714
506 720
506 954
507 742
508 545
508 939
509 534
509 588
509 607
509 645
509 949
510 559
510 641
511 577
511 630
511 730
511 835
511 858
511 910
511 953
512 590
512 597
512 813
514 639
514 659
514 771
514 791
514 809
514 824
514 844
515 536
515 681
516 878
516 949
517 564
517 610
517 640
517 695
517 794
517 973
518 565
518 673
518 995
519 600
519 689
519 721
519 766
519 915
519 945
520 578
520 618
520 648
520 760
520 789
520 896
520 928
521 835
522 633
522 655
522 876
523 677
524 858
524 963
525 704
525 718
525 801
525 836
526 594
526 651
526 756
526 770
526 941
526 999
527 956
528 803
528 860
529 533
529 681
529 903
529 931
530 685
530 702
530 746
530 787
531 680
531 720
531 863
532 697
532 732
532 768
532 946
533 812
534 606
534 618
534 743
534 799
534 968
534 975
535 622
535 730
535 982
535 986
536 784
537 587
537 630
537 675
537 973
538 554
538 813
538 843
538 910
538 938
538 971
539 597
539 609
539 820
539 988
539 991
539 996
540 611
540 740
541 573
541 618
542 886
542 896
543 647
544 546
544 574
544 915
545 827
545 866
545 894
546 781
547 658
547 676
547 682
547 696
548 723
549 589
549 662
549 783
549 988
550 664
550 986
551 696
551 806
552 802
552 864
553 949
554 657
554 880
554 975
555 634
556 878
557 640
557 744
557 858
557 936
558 570
558 749
558 809
558 995
559 609
559 766
560 743
560 811
561 761
562 805
562 864
563 846
564 620
565 570
565 615
565 979
566 924
567 646
567 787
567 837
567 905
568 974
569 777
570 593
571 825
572 833
573 657
573 735
574 812
575 778
576 967
577 699
577 705
578 984
579 708
580 737
580 741
580 786
580 855
580 895
581 650
581 690
581 961
581 997
582 784
582 873
582 904
583 606
583 850
584 599
584 608
584 674
584 679
584 718
584 774
584 853
584 860
585 755
585 836
586 637
586 807
586 863
586 923
586 958
587 729
587 912
587 923
587 980
587 987
588 590
588 622
588 927
589 690
589 783
589 818
589 902
589 924
590 790
590 978
591 652
591 882
591 983
592 721
592 826
592 948
593 969
594 676
594 780
594 838
595 992
596 772
596 912
596 942
597 718
598 779
598 885
598 958
598 986
600 885
600 977
601 665
601 712
602 664
602 744
602 827
602 894
602 998
603 635
603 813
604 763
605 720
605 912
606 717
607 991
608 615
608 667
608 743
608 785
608 843
608 974
609 685
609 878
609 932
610 822
610 859
610 949
611 663
612 891
612 972
612 976
613 750
613 940
614 712
615 853
615 953
616 640
616 800
617 732
618 688
618 952
619 763
619 875
619 897
620 912
620 949
621 936
622 752
622 935
624 633
625 656
625 682
625 687
625 754
625 764
625 825
625 830
626 637
626 823
626 880
627 792
627 828
627 926
628 755
628 872
629 643
629 798
630 666
630 781
630 962
632 655
632 671
632 831
632 895
633 785
633 885
634 696
634 731
634 792
634 807
634 888
634 935
636 679
636 737
636 956
637 677
637 764
637 989
638 773
639 965
640 804
640 877
641 997
643 665
643 703
643 725
644 959
644 995
645 664
645 726
646 694
646 829
647 788
647 874
648 759
648 861
648 900
649 687
649 693
649 771
649 967
650 939
651 728
651 741
651 899
652 674
653 696
653 856
654 707
654 809
654 837
654 944
655 797
658 659
658 762
658 960
659 673
661 842
661 845
661 866
662 947
664 676
664 715
665 715
665 779
666 885
667 706
667 803
667 949
668 796
669 728
671 795
671 999
672 754
672 765
673 881
673 933
673 956
674 735
674 904
675 708
675 798
675 843
676 774
676 945
677 704
677 990
678 820
678 824
678 858
679 831
679 982
680 805
680 811
681 693
681 705
681 719
681 742
681 790
681 897
682 821
682 856
683 722
683 959
684 875
684 893
685 729
685 770
686 712
686 790
686 842
686 864
687 689
687 830
688 707
688 830
689 725
689 907
690 693
690 786
690 796
690 875
691 697
691 944
691 975
692 815
692 843
692 898
693 941
694 758
694 795
694 841
695 745
695 817
695 964
696 838
696 875
696 927
696 946
697 752
698 898
698 957
699 807
699 865
699 921
700 825
701 829
701 864
701 955
702 825
702 919
703 721
704 784
704 965
706 713
706 742
706 755
706 986
707 861
708 766
708 849
709 943
709 996
710 731
710 939
711 827
712 746
713 862
713 929
713 977
714 765
714 889
714 982
715 765
715 805
715 852
715 884
715 966
717 862
717 894
718 752
718 843
719 827
719 831
719 982
721 779
721 852
721 982
722 830
722 896
723 846
724 758
725 893
727 758
727 875
728 759
728 766
728 783
729 748
731 838
732 990
733 746
734 759
735 741
735 959
736 839
736 932
737 771
737 832
738 814
738 816
738 887
738 899
739 767
740 845
740 894
740 907
743 777
744 789
744 843
744 852
744 903
745 861
747 757
750 831
752 909
753 888
753 909
754 755
754 842
754 853
754 878
754 949
754 961
754 996
755 810
755 843
756 907
757 822
759 782
759 834
760 776
760 784
762 782
762 797
762 944
762 984
763 831
764 827
764 831
764 911
765 805
765 841
765 915
765 922
765 953
767 850
767 884
767 885
770 945
770 952
771 830
772 902
772 925
772 938
772 945
773 789
773 836
773 960
774 940
775 785
775 933
777 825
777 878
777 979
778 930
780 817
781 791
782 839
784 802
784 813
784 863
785 790
785 902
786 941
788 914
790 796
790 969
791 819
792 922
792 936
793 815
793 874
793 969
793 984
798 799
798 913
799 848
799 874
799 955
799 972
800 907
801 907
801 997
802 861
803 865
803 893
805 839
806 807
807 996
808 831
809 849
809 864
811 827
811 890
811 912
812 927
812 937
813 985
815 833
815 978
817 840
817 967
818 820
819 891
819 983
823 972
826 985
826 993
827 850
827 851
827 914
828 933
830 944
831 927
831 969
836 977
838 902
838 987
839 941
840 891
842 885
842 921
842 924
845 886
846 868
846 873
846 939
846 981
848 878
848 897
848 901
848 913
849 855
849 897
849 934
849 947
851 939
853 874
853 936
854 964
855 990
856 896
856 962
857 891
857 991
858 873
858 969
859 937
859 966
860 902
861 869
861 994
862 927
865 928
867 897
867 927
868 952
869 910
869 985
870 904
871 896
871 951
872 889
874 976
874 996
875 906
875 975
878 930
878 937
879 928
879 941
880 917
882 955
883 949
884 887
885 927
888 985
890 931
893 935
893 941
898 930
898 991
900 918
900 930
904 987
905 946
905 999
906 934
908 947
909 973
909 988
909 997
917 984
918 965
919 934
920 946
922 984
925 998
932 954
939 997
943 971
944 977
945 965
947 980
952 970
955 963
956 993
961 969
965 994
970 991
977 991
