0 153
0 393
0 423
0 514
1 142
1 147
1 219
1 285
1 488
1 826
2 153
2 809
2 849
3 112
3 273
3 306
3 445
3 716
3 772
3 791
3 859
3 951
3 981
4 126
4 173
4 198
4 678
4 924
5 34
5 442
5 659
6 145
6 200
6 311
6 327
6 408
6 411
6 551
6 587
6 632
6 848
6 855
7 132
7 503
7 548
7 609
7 683
7 727
7 776
7 961
8 30
8 414
8 642
8 748
9 69
9 435
9 539
9 566
9 804
10 87
10 100
10 214
10 280
10 810
11 438
11 464
11 508
11 643
11 809
11 839
11 859
12 86
12 105
12 141
12 186
12 225
12 274
12 343
12 422
12 630
12 828
12 906
12 931
12 943
13 60
13 189
13 200
13 265
13 396
13 452
13 564
13 722
13 956
14 64
14 89
14 130
14 230
14 337
14 390
14 493
14 549
14 573
14 754
14 823
15 59
15 616
15 645
16 19
16 446
16 550
16 698
17 192
17 288
17 810
17 862
17 922
18 421
18 507
18 743
18 905
18 907
19 319
19 453
20 37
20 368
20 450
20 601
20 754
20 878
20 991
21 62
21 441
21 683
21 705
21 730
21 834
21 837
21 928
21 960
21 986
22 69
22 136
22 434
22 464
22 703
22 718
23 191
23 532
23 859
24 141
24 338
24 350
24 384
24 676
24 720
24 775
24 778
24 884
24 893
24 993
25 63
25 235
25 549
25 827
25 972
26 368
26 408
26 606
26 747
26 926
27 79
27 120
27 409
27 500
27 689
27 710
27 893
27 959
27 979
27 995
28 112
28 489
28 760
28 863
29 39
29 83
29 94
29 201
29 298
29 422
29 442
29 511
29 553
29 697
30 132
30 311
30 414
30 416
30 704
30 972
31 61
31 111
31 408
31 473
31 474
31 873
31 926
32 66
32 374
32 548
32 658
33 64
33 335
33 354
33 516
33 564
33 668
33 753
33 931
33 966
34 168
34 285
34 305
34 382
34 499
34 556
34 713
34 854
34 955
35 65
35 312
35 539
35 619
35 667
35 720
35 876
35 895
36 919
37 80
37 143
37 238
37 347
37 694
37 901
37 919
38 129
38 449
38 479
38 501
38 722
38 862
39 68
39 228
39 348
39 451
39 541
39 569
40 60
40 133
40 143
40 293
40 454
40 462
40 496
40 848
41 123
41 139
41 299
41 308
41 560
41 658
41 714
41 961
42 374
42 686
43 97
43 129
43 169
43 279
43 373
43 722
43 941
44 542
44 624
44 961
44 981
45 209
45 417
45 812
45 913
46 353
46 359
46 551
46 662
46 713
46 760
46 868
46 890
47 144
47 288
47 324
47 357
47 404
47 419
47 480
47 519
47 764
47 777
48 236
48 701
49 210
49 239
49 263
49 300
49 415
49 533
49 580
49 605
49 673
50 230
50 318
50 528
50 872
51 71
51 801
51 974
52 238
52 270
52 306
52 379
52 402
52 836
52 853
53 400
53 423
53 556
53 593
53 605
53 676
54 237
54 316
54 331
54 361
54 440
54 524
54 634
54 768
54 778
55 80
55 173
55 202
55 219
55 333
55 697
56 172
56 375
56 460
56 500
56 545
56 766
57 105
57 117
57 149
57 315
57 595
57 720
57 864
58 394
58 425
58 443
58 602
59 221
59 453
59 531
59 653
60 69
60 421
60 426
60 482
60 528
61 230
61 274
61 333
61 836
62 72
62 144
62 355
62 372
62 606
62 710
62 871
62 900
63 75
63 486
63 522
63 527
63 728
63 774
64 116
64 227
64 290
64 527
64 574
64 778
64 860
64 991
65 285
65 386
65 459
65 476
65 710
65 783
65 962
65 993
66 193
66 206
66 586
66 600
66 891
66 910
66 981
66 993
67 175
67 185
67 341
67 400
67 606
67 838
67 872
67 924
67 999
68 220
68 465
68 581
68 593
69 119
69 779
69 791
69 813
70 719
71 118
71 286
71 410
71 470
71 928
72 321
72 423
72 539
72 571
72 598
72 808
73 474
73 861
74 89
74 137
74 162
74 467
74 493
74 561
74 741
74 753
74 765
74 785
74 825
74 830
75 170
75 310
75 322
75 608
75 941
76 115
76 209
76 321
76 668
76 746
76 847
76 869
77 304
77 597
78 115
78 278
78 408
78 436
78 707
79 117
79 251
79 376
79 454
79 669
79 770
79 809
79 955
79 990
80 113
80 633
80 683
80 985
81 188
81 370
81 394
81 456
81 611
81 749
81 824
81 836
81 887
82 137
82 219
82 339
82 369
82 595
82 910
83 106
83 153
83 169
83 192
83 225
83 237
83 248
83 251
83 286
83 404
83 787
83 892
84 230
84 315
84 397
85 180
85 633
85 815
85 973
86 132
86 216
86 553
86 705
86 904
87 131
87 161
87 182
87 736
87 777
88 200
88 653
88 723
89 108
89 231
89 561
89 584
89 599
89 854
89 886
90 212
90 284
90 554
90 557
90 723
90 904
91 345
91 381
91 549
91 742
91 831
91 832
92 260
92 924
92 951
93 179
93 386
93 446
93 696
94 144
94 570
94 574
94 606
94 751
95 181
95 185
95 316
95 412
95 834
96 391
96 529
96 961
97 135
97 353
97 552
97 788
97 963
98 493
98 740
99 113
99 366
99 368
99 543
99 566
99 596
100 150
100 251
100 277
100 613
100 720
100 812
100 867
100 971
100 993
101 294
101 463
101 626
101 726
101 739
101 943
101 977
102 234
102 378
102 574
102 709
102 901
103 252
103 334
103 379
103 533
103 688
103 829
103 844
103 949
104 401
104 693
104 719
104 928
105 240
105 247
105 267
105 508
105 812
105 940
106 154
106 160
106 227
106 389
106 400
106 742
106 888
106 988
107 176
107 234
107 270
107 467
107 667
107 715
107 795
108 166
108 183
108 307
108 465
108 625
108 907
108 923
109 352
109 361
109 636
109 838
109 900
110 233
110 262
110 431
110 965
111 145
111 428
111 473
111 487
111 504
111 561
111 904
112 150
112 442
112 598
112 738
112 761
112 850
112 961
112 972
113 328
113 506
113 540
113 589
113 756
113 771
114 165
114 202
114 222
114 324
114 428
114 629
114 793
114 949
114 965
115 262
115 283
115 570
115 640
115 690
115 740
115 741
115 888
116 199
116 404
116 485
116 918
117 278
117 497
117 572
117 661
117 685
117 894
118 237
118 392
118 492
118 761
118 785
119 128
119 166
119 183
119 333
119 909
120 169
120 330
120 425
120 434
120 847
120 988
121 392
121 620
122 129
122 137
122 525
122 600
122 727
122 792
122 805
122 842
123 280
123 295
123 320
123 486
123 642
123 800
124 366
124 495
124 519
125 478
125 514
125 726
125 842
125 965
126 785
126 909
126 968
126 998
127 302
127 698
127 731
128 134
128 191
128 262
128 343
128 636
128 901
129 562
129 839
130 462
130 682
130 811
130 843
131 145
131 297
131 375
131 462
131 929
131 952
131 996
132 333
132 770
132 914
132 940
133 216
133 284
133 528
133 612
133 758
134 140
134 270
134 347
134 557
134 618
134 719
134 852
134 879
135 217
135 516
135 777
135 803
135 827
136 143
136 151
136 280
136 341
136 369
136 499
136 612
136 722
136 741
136 785
136 934
137 171
137 419
137 441
137 675
137 695
137 918
138 236
138 363
138 405
138 446
138 760
138 889
138 968
139 219
139 496
140 157
140 260
140 265
140 363
140 373
140 528
140 612
140 620
140 660
140 851
140 945
140 967
141 542
141 559
142 300
142 471
142 611
142 774
142 902
142 942
142 966
143 215
143 440
143 655
143 748
144 358
144 838
145 239
145 472
145 848
146 285
146 514
146 578
146 694
146 967
147 243
147 718
148 257
148 347
148 415
148 626
148 701
148 758
148 784
148 930
148 967
149 485
149 519
149 532
149 536
149 564
149 711
149 726
150 234
150 696
150 995
151 181
151 265
151 409
151 624
151 649
152 200
152 317
152 464
152 503
152 525
152 561
152 905
152 950
153 372
153 744
153 805
154 165
154 569
155 416
155 919
155 967
156 429
156 526
156 689
156 853
156 939
157 239
157 265
157 272
157 310
157 370
157 616
157 759
157 778
157 953
157 963
158 214
158 436
158 479
158 500
158 586
158 691
158 897
158 936
158 980
159 288
159 295
159 516
159 517
159 738
159 796
159 839
160 192
160 511
160 516
160 742
160 798
160 852
161 818
161 883
161 916
161 934
162 171
162 190
162 295
162 576
163 236
163 393
163 406
163 457
163 768
163 806
163 952
164 349
164 484
164 580
164 619
164 709
164 785
165 293
165 389
165 820
165 937
166 214
166 220
166 242
166 475
166 627
166 944
166 948
167 267
167 272
167 450
167 830
167 898
168 202
168 248
168 410
168 712
169 317
169 400
169 592
169 736
169 937
169 971
170 394
170 428
170 540
170 706
170 732
171 322
171 417
171 421
171 447
171 620
171 761
171 763
171 905
172 461
172 614
172 622
172 640
172 697
172 941
173 273
173 567
173 842
174 260
174 371
174 541
174 707
174 889
175 644
175 896
176 561
177 266
177 300
177 381
177 424
177 699
177 749
177 943
178 472
178 650
178 712
178 783
178 916
179 201
179 220
179 527
179 712
179 828
180 194
180 211
180 334
180 448
180 478
180 820
181 182
181 480
181 527
181 782
181 850
182 702
182 728
182 739
182 846
183 471
183 585
184 197
184 210
184 317
184 520
184 521
184 828
184 891
185 228
185 637
185 679
185 970
186 224
186 279
186 856
186 884
187 222
187 246
187 260
187 331
187 561
187 714
187 727
188 198
188 205
188 453
188 469
188 507
188 689
188 716
188 742
188 768
188 849
188 929
189 583
189 866
189 963
190 901
191 221
191 359
191 475
191 949
192 290
192 621
192 868
193 251
193 304
193 417
193 655
193 669
193 729
193 907
194 426
194 457
194 612
195 657
195 933
196 461
196 467
196 557
196 618
197 251
197 530
197 604
197 841
198 304
198 434
198 455
198 748
198 798
198 848
199 348
199 437
199 968
200 456
200 687
200 876
200 910
201 469
201 592
201 761
201 959
202 303
202 598
202 668
202 735
202 884
203 332
203 336
203 341
203 410
203 424
203 492
203 606
203 818
203 874
203 962
204 492
204 814
204 882
205 227
205 385
205 845
205 905
206 565
206 574
206 817
207 230
207 485
207 661
207 790
207 840
208 346
208 428
208 458
208 671
208 838
208 850
208 883
208 934
209 255
209 305
209 449
209 641
209 752
210 244
210 397
210 702
210 809
211 233
211 419
211 472
211 690
211 944
212 234
212 451
212 498
212 589
213 432
213 531
213 991
214 303
214 502
214 625
214 700
214 792
214 878
214 949
214 964
214 993
215 499
215 595
215 928
215 981
216 318
216 514
216 825
216 839
216 906
217 627
217 657
217 755
217 813
217 857
218 457
218 691
218 793
218 825
219 354
219 457
219 492
219 611
219 721
219 726
219 731
219 826
220 602
220 937
221 223
221 229
221 343
221 755
221 914
222 631
222 679
223 625
223 807
223 840
224 887
225 331
225 398
225 878
225 882
225 890
225 912
226 274
226 489
226 708
226 734
227 419
227 636
227 650
227 826
228 499
228 559
228 655
228 769
228 780
229 357
229 364
229 454
229 529
229 690
230 487
230 680
230 969
230 984
230 999
231 627
232 422
232 459
232 530
232 550
232 584
232 694
232 863
232 924
233 320
233 728
233 878
234 752
234 956
235 363
235 830
235 845
235 952
236 293
236 324
236 422
236 600
236 668
236 740
236 956
236 961
237 250
237 420
237 733
237 811
237 936
238 313
238 566
238 597
238 672
239 473
239 525
240 246
240 349
240 715
241 496
241 661
241 842
241 959
242 272
242 497
242 726
242 922
243 628
243 753
244 356
244 808
245 274
245 368
245 404
245 573
245 691
245 765
245 999
246 405
246 551
246 676
246 751
246 975
247 373
247 420
247 520
247 677
247 706
247 820
248 416
248 519
248 594
248 634
248 639
248 648
248 713
248 996
249 279
249 486
249 758
250 430
250 602
250 637
250 789
250 805
251 716
251 834
251 861
251 885
251 916
252 424
252 426
252 432
252 492
252 645
252 731
252 862
252 899
252 960
252 994
253 463
253 495
253 503
253 531
253 603
253 610
253 650
253 668
253 688
253 935
253 979
253 981
254 401
254 722
255 287
255 458
255 634
255 703
255 972
256 317
256 321
256 331
256 333
256 421
256 495
256 587
256 760
256 825
256 915
257 735
257 910
257 944
258 383
258 446
258 767
258 811
258 935
258 961
259 320
259 384
259 456
259 602
259 845
260 405
260 462
260 561
261 357
261 554
261 559
261 569
261 661
261 833
261 884
261 947
261 963
261 996
262 595
262 604
262 783
262 843
263 289
263 347
263 518
263 572
263 648
263 961
264 329
264 455
264 720
264 750
264 949
264 978
265 518
265 606
265 707
265 711
265 868
265 940
266 334
266 792
267 294
267 344
267 650
267 721
267 729
267 850
267 864
268 278
269 367
269 615
269 672
269 709
270 391
270 787
270 911
271 293
271 451
271 479
271 560
271 639
271 793
271 810
271 834
271 878
272 376
272 605
272 630
272 638
272 804
272 865
273 496
273 692
273 864
273 899
273 907
273 921
274 340
274 611
274 713
274 962
275 337
275 370
275 565
275 666
275 712
276 577
276 647
276 761
276 820
276 917
277 656
277 703
277 789
277 895
278 404
278 695
278 768
278 778
278 801
278 826
278 869
278 974
279 384
279 952
280 716
281 464
281 522
281 611
281 812
281 827
282 354
282 602
282 678
283 317
283 497
283 861
283 897
284 528
284 652
284 655
284 825
284 999
285 321
286 315
286 449
286 493
286 606
286 920
287 530
287 827
287 867
287 931
287 972
288 440
288 638
289 597
289 830
290 335
290 367
290 373
290 475
290 506
290 751
290 831
290 854
290 965
291 323
291 331
291 356
291 521
291 661
291 876
291 886
292 308
292 755
292 793
292 830
292 872
293 307
293 437
293 645
293 668
293 940
293 984
294 454
294 827
294 956
295 596
295 654
295 832
295 970
296 400
296 711
297 531
297 636
298 609
298 619
298 825
298 926
299 310
299 363
299 452
299 643
299 818
299 866
300 384
300 418
300 427
300 439
300 446
300 456
300 507
300 549
300 666
301 706
301 713
301 881
302 335
302 417
303 496
303 549
303 674
303 842
304 337
304 638
304 855
304 903
304 995
306 463
306 493
306 964
307 576
307 695
308 496
308 593
308 614
308 732
309 406
309 431
309 533
309 645
309 792
309 826
309 960
310 661
310 745
310 825
310 840
310 904
310 928
311 621
311 671
311 726
311 785
312 387
312 495
312 748
312 987
313 350
313 366
313 483
313 561
313 911
314 323
314 440
314 656
314 951
315 369
316 427
316 452
316 531
316 539
316 668
316 734
316 850
316 874
317 622
317 627
317 914
318 324
318 817
319 395
319 431
319 437
319 719
319 861
319 922
320 551
320 554
320 625
320 631
320 653
320 709
320 738
321 530
321 858
321 877
321 882
322 416
322 429
322 550
322 784
322 816
322 862
322 875
323 661
324 542
324 767
324 931
325 355
325 401
325 714
325 715
325 911
325 984
326 333
326 707
326 824
327 377
327 706
327 889
328 340
328 528
328 597
328 650
328 935
329 409
329 623
330 451
330 552
330 646
330 846
330 861
331 418
331 434
331 472
331 949
331 966
332 546
332 668
332 772
333 493
333 605
334 394
334 568
334 736
334 822
335 950
336 554
336 615
336 743
336 805
336 823
337 482
337 661
337 677
338 645
338 696
338 911
339 810
339 830
340 444
340 495
340 533
340 609
340 726
341 362
341 632
341 918
341 979
342 538
342 882
343 475
343 856
343 867
344 637
344 752
344 767
345 606
345 717
346 412
346 660
346 822
346 990
347 425
347 527
347 572
347 757
347 870
348 719
348 883
348 955
349 532
349 585
349 644
349 771
350 360
350 390
350 486
351 749
351 832
351 867
352 406
352 579
352 661
352 685
352 800
352 882
353 374
353 410
353 448
353 617
353 858
354 431
354 624
354 692
354 695
354 858
355 386
355 650
355 810
355 933
356 489
357 579
357 888
358 401
358 827
359 379
359 437
359 565
359 719
359 801
359 807
360 467
360 521
360 670
360 770
360 899
360 918
360 945
361 646
363 478
364 527
364 535
364 578
365 675
365 872
366 630
367 388
367 405
367 418
367 775
368 464
368 473
368 838
368 995
369 716
369 850
370 570
370 801
370 940
370 964
371 588
371 866
371 933
372 423
372 756
373 376
373 481
373 497
373 522
373 527
373 660
373 838
373 847
373 947
373 981
374 421
374 440
375 676
375 855
375 926
375 986
376 497
376 525
376 630
376 706
376 978
377 459
377 628
377 747
377 770
377 895
377 903
377 938
378 426
378 514
378 663
378 719
378 807
378 838
379 390
379 467
379 904
379 941
380 807
381 386
381 412
381 860
381 949
382 418
382 533
382 547
382 553
382 706
382 811
382 899
382 925
382 979
383 486
383 518
383 738
384 760
384 945
385 807
385 826
386 518
386 869
386 933
387 495
387 611
387 934
388 961
389 646
389 670
390 597
390 683
390 742
390 790
391 655
392 421
392 689
392 845
393 428
393 433
393 455
393 972
394 479
394 713
394 954
395 440
395 451
395 515
395 535
395 654
395 665
395 804
395 980
396 439
396 555
396 717
397 483
397 586
397 638
397 707
397 785
397 860
397 914
397 952
398 453
398 485
398 586
398 631
398 868
398 909
399 441
399 445
399 507
399 646
399 982
400 571
400 587
400 768
400 798
400 815
400 870
400 919
400 925
401 537
401 769
402 542
402 733
402 783
402 863
402 932
402 990
403 685
404 434
404 917
404 999
405 432
405 731
405 955
406 409
406 524
406 939
407 518
407 618
408 473
408 577
409 505
409 873
410 891
411 429
411 598
411 875
411 906
412 417
413 490
413 592
413 668
413 680
413 781
413 788
414 953
414 973
415 481
415 664
415 776
415 797
416 893
417 439
417 568
417 576
417 932
418 469
418 528
418 874
419 521
420 531
420 732
420 848
420 917
421 448
421 478
421 485
421 488
422 493
422 576
422 602
422 609
422 704
422 945
423 441
423 564
423 637
423 813
423 849
424 447
424 717
425 501
425 625
425 642
426 427
426 494
426 744
427 802
428 525
428 740
428 950
429 568
429 775
429 829
430 469
430 523
430 791
430 871
430 966
431 680
431 743
431 951
432 454
432 558
433 449
433 526
433 559
433 819
433 915
433 965
434 459
434 859
435 612
435 866
435 926
435 953
436 516
436 623
436 930
437 543
437 776
437 817
437 945
438 501
438 511
438 769
438 799
438 841
439 510
439 678
439 710
439 758
439 767
440 519
440 526
440 549
440 805
440 830
440 887
441 502
441 529
441 633
441 978
442 543
443 460
443 894
443 953
444 463
444 533
444 721
445 483
445 619
445 867
445 935
446 550
446 829
446 905
446 974
447 495
447 613
447 643
447 823
447 969
448 724
449 645
449 794
450 470
450 658
450 876
451 516
451 743
452 600
452 691
452 723
453 647
453 664
453 834
454 786
454 802
454 882
455 559
455 948
456 458
456 546
456 559
456 671
457 507
457 633
458 517
458 656
458 700
459 463
459 808
459 992
460 847
461 508
461 518
461 521
461 572
461 679
461 711
461 854
461 893
461 943
461 946
462 580
462 747
463 809
463 905
464 515
464 521
464 635
464 748
464 769
464 786
464 789
464 848
465 474
465 632
465 952
465 954
467 531
467 678
467 810
468 989
471 672
471 737
471 953
472 596
472 748
472 986
473 487
473 688
473 890
474 485
474 585
474 742
474 765
474 930
475 532
475 708
475 728
475 825
476 693
477 546
477 575
477 783
477 883
478 639
479 480
480 696
480 999
481 611
481 711
481 736
481 773
481 806
482 556
482 558
482 701
482 717
482 976
483 491
483 731
483 738
483 905
483 937
484 801
484 837
484 934
485 522
485 565
485 700
485 726
485 751
485 757
485 760
485 869
485 903
485 922
486 504
486 523
486 564
486 662
486 810
486 979
487 637
487 766
488 688
488 719
488 909
489 605
489 932
489 959
490 887
491 606
492 655
492 779
493 494
493 797
493 924
493 941
495 698
495 794
496 506
496 833
496 913
496 950
497 990
498 501
498 593
498 695
498 789
498 966
498 980
499 652
499 855
499 943
499 944
500 683
500 730
500 949
501 774
501 923
501 972
502 511
502 572
502 722
502 806
502 960
502 962
503 536
503 592
503 610
503 660
504 546
504 594
504 778
505 634
505 819
505 827
505 888
505 915
506 520
506 551
506 575
506 591
506 763
506 800
506 846
506 924
507 519
507 742
507 757
507 790
507 851
508 986
509 540
509 604
509 926
511 583
511 832
511 917
511 978
512 613
512 646
512 678
512 738
513 573
514 572
515 708
515 992
515 999
516 647
516 752
516 789
516 897
516 955
517 746
517 747
517 760
517 872
517 966
518 674
518 682
518 963
518 984
519 676
519 736
519 979
520 652
520 724
520 823
521 633
521 666
521 701
521 754
521 809
521 867
521 882
522 752
522 754
523 690
524 914
524 975
525 622
525 626
525 660
525 719
525 805
525 844
525 922
525 963
526 674
526 694
526 934
527 539
527 612
527 676
527 730
527 942
528 561
528 641
528 908
529 581
529 908
530 576
530 787
530 803
530 834
532 693
532 834
533 729
533 975
533 985
534 564
534 603
534 952
535 587
536 543
536 614
536 687
537 642
537 859
538 772
538 864
538 894
539 607
541 735
541 825
541 834
542 558
542 722
542 993
543 911
544 641
544 855
544 922
545 600
545 657
545 822
545 841
545 892
546 804
546 942
547 717
547 783
548 862
549 575
549 592
549 783
549 910
549 962
549 994
551 733
551 848
551 993
552 561
552 597
552 616
552 795
552 812
552 960
553 563
553 583
553 591
553 624
553 843
555 634
555 759
555 977
556 606
556 746
556 975
557 668
557 697
557 840
558 690
558 870
559 928
560 728
560 825
560 922
561 672
561 708
562 635
562 762
562 771
563 674
563 720
563 766
563 976
563 990
564 770
564 877
564 901
564 985
565 667
565 779
566 575
566 601
566 712
566 764
566 803
566 894
567 965
568 797
568 864
568 907
568 922
569 914
569 962
570 595
570 877
570 947
571 856
571 972
572 873
572 956
573 792
574 812
575 671
575 780
575 973
576 711
576 774
577 700
577 933
578 630
578 663
578 950
578 977
579 717
579 913
580 766
580 803
581 628
581 759
581 782
581 886
581 950
582 838
582 843
582 892
582 942
583 723
583 863
584 702
584 798
585 736
585 781
585 865
585 907
586 824
586 988
587 731
587 789
587 843
588 690
588 819
588 884
589 637
589 908
590 614
590 725
590 987
591 977
592 598
592 795
593 629
593 838
593 984
594 722
594 792
594 806
594 911
595 619
595 720
595 879
595 896
596 930
597 724
597 806
597 895
597 992
598 799
598 882
598 890
598 900
598 936
599 744
600 629
600 710
600 842
600 914
601 777
601 860
601 954
601 997
602 700
602 798
602 802
602 922
602 977
603 604
603 616
603 719
605 668
605 967
606 787
606 987
607 702
607 790
608 648
608 782
609 706
609 888
609 944
610 763
610 768
610 781
610 853
610 913
610 970
611 889
612 892
613 698
613 719
613 776
614 676
615 748
615 793
615 877
615 938
616 622
617 642
617 696
617 748
617 782
617 816
618 717
618 857
618 874
618 968
619 908
619 954
620 755
620 951
620 966
620 986
621 832
621 980
622 677
622 721
622 741
622 799
622 856
622 959
622 967
623 655
623 951
623 975
624 739
624 827
624 832
626 731
626 760
626 803
627 693
627 846
628 759
629 631
629 859
630 662
630 731
630 949
631 718
631 913
632 656
632 825
632 947
633 802
633 858
633 879
633 903
633 924
633 998
634 778
635 650
635 890
635 895
635 988
637 682
638 740
638 986
639 729
639 791
639 898
639 938
639 989
640 817
640 896
640 961
641 790
641 969
642 750
642 923
643 646
643 896
644 854
644 960
645 773
645 785
645 819
645 877
646 720
646 728
646 937
646 970
647 925
648 653
648 674
649 684
649 715
649 877
649 900
650 989
651 776
652 677
652 820
653 945
653 971
653 989
654 993
655 826
656 660
656 789
656 966
657 721
657 796
657 956
658 771
658 902
659 875
659 934
659 986
660 795
661 798
661 938
662 897
662 908
663 858
663 931
663 984
664 786
664 909
664 926
665 684
665 940
666 783
667 705
667 727
669 694
669 812
670 707
671 913
672 790
672 842
674 695
674 716
675 878
675 912
676 701
676 708
676 746
676 843
676 938
677 832
678 980
679 741
679 769
679 836
680 739
680 872
681 792
682 769
682 813
682 815
682 857
682 982
683 839
683 949
683 993
685 945
686 724
686 800
687 783
687 838
687 883
687 938
687 941
687 973
688 828
688 893
688 980
689 929
689 950
690 988
692 736
693 876
693 942
694 733
694 863
695 727
695 924
696 961
696 969
697 720
697 927
698 767
698 912
699 888
699 976
700 770
700 812
700 981
701 799
702 973
704 764
705 771
705 966
706 987
708 870
708 885
709 767
709 823
711 776
711 787
711 868
711 972
712 716
712 747
713 774
713 792
713 821
713 996
714 801
715 943
715 955
716 877
716 933
716 979
717 854
717 870
717 947
720 778
720 864
721 958
722 897
725 816
726 825
727 886
727 895
729 904
729 978
730 888
731 897
731 955
733 869
734 771
735 837
740 805
740 833
741 742
741 860
741 899
741 924
741 941
741 972
742 921
742 938
743 867
743 917
744 923
746 799
746 875
747 921
748 814
749 933
750 962
750 993
751 787
751 856
751 935
752 800
752 990
754 822
755 804
755 912
755 929
757 769
757 837
757 838
758 950
759 811
759 979
760 833
760 883
760 893
760 971
760 991
761 874
761 906
762 833
763 840
763 902
764 793
764 832
764 907
765 770
765 783
765 865
765 928
766 811
766 860
766 905
766 948
770 965
771 802
771 808
773 903
774 853
774 994
775 863
775 908
775 989
776 792
776 947
777 977
778 825
778 831
778 871
778 974
778 975
779 945
781 788
781 842
782 943
783 886
783 947
784 845
786 799
786 893
786 950
787 805
787 906
788 819
788 850
788 910
788 974
789 903
792 802
793 892
794 824
794 835
797 947
798 835
798 883
798 982
798 984
799 814
800 848
801 912
803 823
803 939
803 941
803 960
805 828
808 869
808 958
809 910
810 938
812 922
814 851
817 844
819 865
820 948
821 909
821 938
822 849
822 932
823 839
823 860
823 934
823 971
825 890
826 859
826 990
827 832
827 845
827 917
828 921
830 925
830 935
830 941
831 840
832 894
833 856
833 930
833 967
837 901
837 954
838 979
839 921
840 856
841 889
842 847
844 925
844 952
846 963
848 855
850 971
851 929
852 932
854 986
855 921
856 870
856 956
856 993
857 987
858 957
860 911
861 945
862 970
862 978
864 982
864 990
865 989
867 888
867 914
867 991
868 964
868 965
871 929
872 953
874 919
875 891
877 925
880 920
881 984
883 900
886 970
888 899
889 902
889 933
896 932
899 976
900 999
901 999
902 935
903 989
904 992
906 952
906 996
909 914
920 926
928 987
932 984
936 938
936 974
940 978
942 961
944 974
945 950
948 996
950 990
954 975
954 985
959 974
967 984
973 974
973 975
980 990
981 996
982 987
985 993
