0 51
0 261
0 416
0 427
0 463
0 583
0 820
0 935
1 182
1 235
1 401
1 558
1 701
1 708
1 960
2 5
2 123
2 163
2 495
2 860
3 304
3 346
3 359
3 368
3 387
3 409
3 507
3 573
3 730
3 935
3 944
3 971
4 58
4 197
4 309
4 542
4 678
4 742
4 834
4 949
5 157
5 175
5 339
5 774
5 856
5 901
6 237
6 303
7 388
7 551
7 608
7 750
8 320
8 375
8 424
8 530
8 914
8 946
9 218
9 228
9 414
9 542
9 778
9 966
10 243
10 348
10 542
10 552
10 679
11 104
11 424
11 573
11 957
12 138
12 782
13 22
13 193
13 271
13 399
13 582
13 601
13 622
13 701
14 726
14 780
14 994
15 85
15 86
15 255
15 314
15 496
15 506
15 874
15 985
16 173
16 385
16 386
16 546
16 562
16 672
16 748
16 878
16 987
17 463
17 621
18 472
18 587
18 689
19 122
19 149
19 210
19 462
19 793
20 141
20 266
20 492
20 610
20 671
20 717
20 858
20 905
21 35
21 39
21 107
21 264
21 499
21 517
21 592
21 664
22 120
22 433
22 459
22 707
22 874
22 877
22 904
22 953
23 352
23 389
23 514
23 524
23 902
24 86
24 350
24 430
24 803
24 823
24 875
24 955
25 36
25 309
25 342
25 681
25 878
25 919
26 874
27 591
27 646
27 696
27 703
27 818
28 51
28 62
28 160
28 161
28 599
28 880
28 941
29 280
29 437
29 572
29 654
30 209
30 255
30 398
30 763
30 767
30 845
30 937
31 98
31 250
31 376
31 791
31 914
32 208
32 310
32 406
33 92
33 163
33 256
33 552
33 562
33 678
34 308
34 338
34 523
34 552
34 602
34 646
34 796
35 241
35 378
35 464
35 645
35 791
35 892
35 921
35 937
36 166
36 335
36 975
36 977
37 131
37 582
37 675
37 823
37 881
38 123
38 643
38 710
38 942
39 499
39 730
39 859
39 912
40 105
40 201
40 480
40 688
40 752
40 778
40 860
41 166
41 250
41 333
41 343
41 699
41 907
42 171
42 217
42 527
42 564
42 595
43 99
43 147
43 840
43 901
43 953
43 957
44 506
44 680
44 714
44 883
45 264
45 289
45 290
45 314
45 527
45 615
45 656
45 879
46 414
46 450
46 567
46 741
46 873
46 972
46 977
47 135
47 177
47 242
47 333
47 420
47 764
47 847
48 158
48 173
48 233
48 377
48 497
48 531
48 569
48 586
48 899
49 187
49 198
49 244
49 511
49 797
49 811
50 123
50 208
50 278
50 384
50 616
50 623
50 625
50 921
50 944
51 753
52 73
52 192
52 231
52 268
52 312
52 583
52 701
52 720
52 874
52 889
52 918
53 224
53 246
53 346
53 487
53 703
53 962
54 508
54 671
55 247
55 488
55 568
55 698
55 947
56 213
56 240
56 340
56 613
56 782
57 131
57 206
57 218
57 430
57 439
57 519
57 529
57 718
58 239
58 667
59 106
59 109
59 804
59 870
59 881
59 903
60 117
60 214
60 270
60 482
60 530
60 540
60 616
60 676
61 261
61 730
61 769
62 73
62 152
62 241
62 301
62 908
63 257
63 464
63 998
64 177
64 570
64 572
64 694
64 989
65 191
65 254
65 348
65 430
65 648
65 693
65 695
65 836
65 888
65 943
66 79
66 220
66 448
66 531
66 574
66 680
67 187
67 690
67 779
67 831
68 120
68 159
68 266
68 381
69 82
69 242
69 252
69 791
69 832
69 857
70 111
70 148
70 401
70 600
70 669
70 986
71 119
71 501
71 675
71 958
72 228
72 381
72 535
72 640
72 890
73 92
73 122
73 161
73 364
73 423
73 717
73 884
73 975
73 988
74 236
74 462
75 323
75 848
76 89
76 136
76 272
76 648
76 683
76 695
76 733
77 102
77 403
77 466
77 774
77 840
78 79
79 609
79 797
79 886
80 414
80 437
80 497
80 771
80 995
81 208
81 315
81 524
81 716
82 254
82 368
82 540
82 749
83 118
83 142
83 386
83 494
84 262
84 415
84 425
84 719
84 833
85 94
85 149
85 311
85 414
85 493
85 623
85 808
85 992
86 265
86 463
86 544
86 547
86 603
86 629
86 871
86 961
87 114
87 344
87 496
87 829
87 999
88 108
88 295
88 352
88 427
88 432
88 598
88 642
88 784
89 132
89 314
89 467
89 634
89 765
89 770
90 153
90 156
90 491
90 829
91 345
91 370
91 708
91 726
91 768
91 801
91 813
91 974
91 980
92 351
92 419
92 590
92 602
92 621
92 623
93 152
93 279
93 406
93 724
93 824
93 833
93 839
93 863
93 970
94 147
94 439
94 454
94 650
94 835
94 911
94 914
95 262
95 407
95 412
95 775
96 169
96 291
96 835
96 864
97 110
97 306
97 648
97 836
98 318
98 418
98 450
98 778
99 232
99 294
99 380
99 459
99 470
99 609
99 839
99 854
99 883
100 299
100 511
100 695
100 798
100 909
100 996
101 430
101 459
101 475
101 492
101 650
101 832
102 152
102 178
102 544
102 708
103 194
103 292
103 302
103 694
103 701
103 840
104 633
104 735
105 472
105 562
106 266
106 661
106 747
106 961
106 993
107 253
107 628
107 636
107 717
107 782
107 992
108 170
108 328
108 336
108 561
108 605
108 660
108 774
109 168
109 546
109 679
109 760
110 167
110 241
110 260
110 410
110 604
110 620
110 687
110 859
110 958
111 170
111 213
111 362
111 521
111 828
111 982
112 188
112 660
112 709
112 985
113 289
113 605
113 642
113 769
114 179
114 454
114 478
114 523
114 688
114 727
114 864
115 466
115 490
115 552
116 134
116 155
116 528
116 723
117 213
117 876
118 170
118 277
118 645
118 667
118 688
118 697
118 967
119 276
119 308
119 314
119 328
119 546
119 761
119 835
119 923
119 932
120 203
120 396
120 974
121 270
121 406
121 511
121 722
121 982
122 392
122 477
122 915
123 143
123 230
123 445
123 542
123 796
124 245
124 252
124 388
124 423
124 434
124 582
124 892
124 899
125 375
125 558
125 710
125 815
125 858
126 132
126 175
126 494
126 819
127 185
127 186
127 462
127 926
127 968
128 382
129 146
129 365
129 382
129 392
129 606
129 727
129 737
130 439
130 703
130 829
130 848
130 897
131 161
131 729
132 174
132 275
133 677
133 917
134 231
134 326
134 353
134 565
134 741
134 834
134 948
135 166
135 424
135 591
135 599
135 611
135 621
135 873
136 243
136 313
136 341
136 909
136 919
136 968
137 722
137 896
138 298
138 475
138 512
138 542
138 731
139 267
139 627
139 993
140 162
140 260
140 354
140 578
140 629
140 932
140 934
141 306
141 381
141 387
141 426
141 586
141 851
142 204
142 301
142 304
142 386
142 398
142 576
142 616
143 688
143 706
143 882
143 921
143 937
144 163
144 535
144 562
144 796
144 813
144 938
144 996
146 381
146 563
146 602
146 720
146 770
146 815
147 154
147 491
147 772
147 977
148 218
148 817
148 869
148 920
149 241
149 661
149 662
149 691
149 900
149 969
150 175
150 539
151 250
151 269
151 504
151 878
151 940
151 960
152 545
152 745
152 902
153 325
153 807
153 881
154 418
154 434
154 512
154 525
154 572
154 958
155 619
155 695
155 844
155 910
155 917
156 226
156 378
156 585
156 624
156 644
157 339
157 407
157 481
157 758
158 169
158 274
158 285
158 311
158 422
158 788
158 866
158 933
159 273
159 311
159 322
159 332
159 791
159 819
159 938
160 183
160 510
160 598
160 634
161 294
161 404
161 511
161 596
161 690
161 773
161 867
161 879
162 362
162 540
162 730
163 206
163 310
163 329
163 350
163 694
163 706
163 818
163 998
164 273
164 668
164 790
165 781
165 817
165 935
166 246
166 596
166 717
166 839
166 910
167 491
167 758
167 938
168 319
168 461
168 876
169 526
169 696
169 801
169 817
170 206
170 314
170 623
170 696
171 234
171 257
171 317
171 613
171 807
171 915
172 402
172 595
173 221
173 277
173 586
174 369
174 633
174 698
174 927
175 284
175 568
175 641
175 824
175 855
175 967
176 239
176 309
176 310
176 813
177 245
177 348
177 364
177 456
177 561
177 593
177 924
178 179
178 243
178 300
178 476
178 548
178 549
178 682
178 881
178 962
179 629
179 734
179 895
179 973
179 990
180 236
180 273
180 329
180 389
180 948
180 994
181 282
181 350
181 750
182 898
182 953
182 987
183 350
183 854
184 424
184 813
184 975
185 240
185 303
185 400
185 425
185 439
185 445
185 726
185 956
186 266
186 334
186 507
186 714
186 882
187 270
187 416
187 463
187 598
187 717
187 856
188 296
188 332
188 360
188 404
188 485
188 493
188 730
188 894
188 981
189 320
189 339
189 532
189 760
190 284
190 779
190 988
191 330
191 877
192 386
192 398
192 579
192 595
192 661
192 859
192 866
193 335
193 475
194 320
194 632
194 816
195 310
195 440
195 676
195 738
197 283
197 438
197 688
197 751
197 951
198 297
198 501
198 611
198 685
198 717
199 608
199 634
200 224
200 253
200 432
200 611
200 666
200 770
200 785
200 947
200 952
201 212
201 258
201 306
201 448
201 722
201 942
202 610
203 468
203 594
203 678
203 995
204 377
204 771
204 871
204 948
205 407
205 536
205 557
205 561
205 878
206 769
206 800
206 826
206 869
206 978
207 290
207 880
207 887
208 364
208 423
208 490
208 583
208 697
208 746
209 370
209 548
209 705
209 804
209 824
210 596
210 629
211 315
211 682
211 885
211 940
212 234
212 306
212 695
213 228
213 406
213 446
213 492
213 610
213 781
213 899
214 634
214 646
214 708
214 784
215 434
215 591
215 874
216 350
216 427
216 655
216 884
216 923
216 999
217 252
217 434
217 472
217 496
217 831
218 268
218 323
218 364
218 533
218 657
219 709
220 331
220 571
220 624
220 819
220 830
221 288
221 462
222 406
222 645
222 817
222 986
223 237
223 427
223 525
223 543
223 609
223 654
224 908
224 914
225 337
225 354
225 387
225 469
225 999
226 492
226 893
226 988
227 358
227 615
227 680
227 795
228 716
228 963
229 280
229 293
229 460
229 690
230 281
230 351
230 429
230 473
230 633
230 783
230 995
231 235
231 270
231 732
232 237
233 305
233 499
233 552
233 717
234 328
234 700
235 669
235 830
236 271
236 428
236 810
236 835
237 321
237 862
237 903
238 387
238 831
238 908
238 952
239 245
239 520
239 535
239 638
239 655
239 761
239 943
239 956
240 254
240 274
240 285
240 349
240 502
240 673
240 690
240 717
240 988
241 429
241 824
241 852
242 366
242 524
242 563
242 775
242 922
242 953
242 969
242 980
243 375
243 508
243 680
243 942
243 956
243 985
244 574
245 356
245 368
245 804
245 965
246 546
246 985
247 645
247 756
247 948
248 492
248 536
248 657
249 398
249 443
249 653
249 710
250 412
250 566
250 768
250 851
250 973
251 334
251 426
252 325
252 520
252 556
252 660
252 774
252 880
253 357
253 367
253 541
253 870
253 994
254 396
254 573
254 818
254 991
255 476
255 502
255 551
255 579
255 797
255 807
256 337
256 458
256 492
256 940
256 971
257 480
257 679
257 749
257 806
257 896
257 963
258 267
258 442
258 460
258 477
258 488
258 927
258 988
259 285
259 864
259 927
260 301
260 359
260 371
260 469
260 705
260 984
261 488
261 491
261 516
261 527
261 654
261 669
261 859
262 349
262 402
262 517
262 553
263 529
263 731
263 788
263 881
264 483
264 514
265 620
265 709
265 750
265 805
265 965
266 524
266 663
266 886
268 423
268 693
268 703
268 836
269 474
269 607
269 713
269 812
269 833
269 898
269 958
270 275
270 465
270 673
270 770
270 897
271 870
271 936
271 944
272 698
272 941
273 711
273 807
273 813
274 317
274 563
274 890
274 910
275 284
275 322
275 346
275 938
275 950
276 280
276 540
276 650
276 714
277 451
277 486
277 606
277 649
277 704
277 720
277 769
277 953
278 575
278 721
278 766
278 921
278 924
279 286
279 892
279 901
279 903
280 327
280 339
280 986
281 289
281 544
282 320
282 578
282 651
283 665
283 769
283 811
284 597
284 701
284 736
284 909
284 919
285 407
285 439
285 591
285 611
285 691
285 710
285 727
285 729
285 920
286 539
286 784
286 836
287 340
287 386
288 371
288 383
288 446
288 750
288 896
289 465
289 579
289 664
289 989
290 592
290 683
290 724
290 934
291 397
291 885
292 331
292 467
292 613
292 820
292 825
293 635
293 869
293 890
293 932
293 986
293 997
294 976
295 650
295 934
295 980
296 745
296 773
297 389
297 560
297 728
297 918
298 563
298 761
298 807
298 940
299 343
299 357
299 411
299 729
299 827
299 831
299 880
299 970
300 359
300 395
300 398
300 796
300 903
300 905
300 919
300 943
301 649
301 795
302 501
302 586
302 621
302 667
302 799
302 865
302 867
303 692
303 712
303 793
303 993
304 474
304 490
304 526
304 578
304 820
304 976
305 360
305 463
305 716
305 751
305 761
306 382
306 589
306 606
306 873
306 943
307 375
307 429
307 553
307 556
307 573
308 505
308 506
308 620
308 724
308 805
308 939
309 999
310 412
310 449
311 657
311 664
311 846
311 983
312 391
312 477
312 565
312 639
312 799
312 913
312 918
313 396
313 397
313 541
313 622
313 852
314 424
314 603
314 671
314 697
314 933
315 534
315 593
315 632
315 668
315 691
315 934
316 729
317 324
317 327
317 588
317 700
317 849
317 885
317 997
318 403
318 518
318 661
318 727
318 866
318 874
319 512
319 597
319 600
319 865
320 620
320 685
320 856
321 443
321 553
321 636
321 785
321 814
322 807
323 339
323 358
323 653
323 923
323 973
324 528
324 744
325 564
325 828
325 852
326 371
326 419
326 444
326 647
326 900
326 915
327 406
327 481
327 532
327 541
327 795
327 799
327 815
328 386
328 443
328 760
328 781
328 842
328 882
329 419
329 460
329 600
329 852
330 356
330 804
330 822
331 423
331 449
331 451
331 492
331 499
331 548
331 568
331 586
331 608
331 840
332 422
332 495
332 831
332 842
332 979
333 499
333 838
334 354
334 708
334 751
334 926
335 504
335 601
335 754
335 942
336 455
336 698
336 763
336 809
337 363
337 592
338 441
338 582
338 671
338 868
339 742
340 417
340 515
340 877
340 884
341 455
341 460
341 600
341 668
341 763
341 882
341 924
342 344
342 457
342 695
342 698
342 790
342 935
343 660
343 661
343 967
344 483
344 538
344 765
345 373
345 784
345 895
346 358
346 487
346 722
346 764
347 379
347 874
347 946
347 997
348 359
348 434
348 499
348 583
348 663
348 922
349 387
349 728
349 874
349 876
349 961
350 358
350 382
350 570
350 611
350 692
350 814
350 828
351 428
351 542
351 620
351 782
352 453
352 566
352 927
352 981
353 438
353 567
353 786
353 845
353 952
354 420
354 615
354 858
355 675
355 733
355 751
355 791
356 407
356 429
356 430
356 544
356 655
356 952
356 984
357 497
357 560
357 592
357 676
357 717
357 805
358 562
358 614
358 888
358 916
358 943
359 424
359 760
359 884
359 894
359 926
360 657
361 594
361 617
361 772
361 872
362 583
362 799
362 851
362 900
362 918
363 481
363 513
363 540
363 625
363 748
363 760
364 530
364 547
364 913
365 739
365 838
365 921
366 449
366 549
366 694
366 714
366 837
367 643
367 855
367 951
368 390
368 423
368 436
368 633
368 653
368 686
368 701
368 717
368 953
368 959
368 977
369 496
369 501
369 743
369 801
369 812
370 440
370 445
370 546
370 565
370 766
370 781
370 889
370 902
370 957
371 385
371 432
371 574
371 641
371 755
371 799
371 886
371 911
372 625
372 827
373 555
373 558
373 614
373 782
373 970
374 397
374 749
374 876
374 921
376 421
376 517
376 533
376 837
376 866
377 410
377 560
377 788
377 797
377 798
377 979
378 388
379 418
379 458
379 521
379 734
379 755
380 564
380 813
381 499
381 600
381 816
382 431
382 434
382 635
382 686
382 696
382 752
382 949
383 480
383 594
383 680
383 695
383 751
383 756
383 929
384 466
384 530
384 635
384 823
384 894
385 417
385 750
385 775
385 970
386 542
386 722
386 914
387 457
387 527
387 600
387 713
387 743
387 947
387 962
388 547
388 571
388 713
388 753
388 793
388 858
388 868
388 919
389 568
389 594
390 656
390 758
390 784
390 838
390 897
391 421
391 444
391 656
391 700
391 743
391 800
391 987
392 581
392 678
392 776
393 535
393 585
393 659
393 769
393 916
393 948
394 398
394 483
394 588
394 912
395 447
395 523
395 622
395 858
396 462
397 404
397 900
397 989
397 998
399 423
399 883
399 978
400 803
401 418
401 819
401 827
401 926
403 666
403 866
403 990
404 726
404 822
404 888
405 469
405 528
406 829
407 636
408 425
408 492
408 695
408 745
408 758
408 822
408 855
409 530
409 540
409 574
410 504
410 505
410 558
410 644
410 858
411 565
411 953
412 531
412 783
412 959
412 980
414 516
414 551
414 690
414 752
414 825
414 920
415 508
415 667
415 760
416 866
417 715
417 737
417 790
417 908
418 476
418 718
418 876
419 461
419 801
419 815
420 423
420 621
420 989
421 514
421 541
421 588
421 669
421 772
421 932
422 434
422 546
422 621
422 725
422 728
423 537
423 547
423 619
423 977
424 477
424 842
424 851
424 937
424 950
424 998
425 619
425 627
425 637
425 739
425 749
426 887
426 915
427 463
427 603
427 640
427 757
427 932
428 737
428 757
428 790
429 474
429 516
429 603
429 799
429 826
429 927
430 588
430 592
430 601
430 665
430 707
431 939
432 579
432 678
432 738
432 800
432 808
433 542
434 436
434 699
434 843
435 473
435 480
435 720
435 812
435 905
436 865
436 878
436 982
436 992
437 494
437 553
437 584
437 611
437 932
438 461
438 506
438 555
438 627
438 766
438 961
439 530
439 599
439 719
439 762
439 826
439 909
439 925
439 980
440 698
440 814
440 835
440 858
440 903
441 527
442 565
442 684
442 803
442 892
442 960
443 581
443 587
443 756
444 731
444 740
444 852
445 558
445 637
445 805
446 453
447 487
447 553
447 741
447 927
448 485
448 624
448 908
449 607
450 629
450 664
450 971
450 980
451 503
452 664
452 703
452 788
453 505
453 666
453 889
454 769
454 977
455 529
455 562
455 663
455 683
455 907
455 920
456 738
456 803
456 837
456 893
456 962
457 469
457 492
457 500
457 541
457 789
457 792
457 830
457 874
457 971
458 684
458 705
458 709
458 952
459 499
459 595
459 610
459 629
460 505
460 509
460 704
461 516
461 577
461 584
461 819
462 497
462 738
462 750
463 683
463 824
463 884
464 497
464 513
464 740
464 979
465 874
466 512
466 538
466 696
466 883
466 889
466 964
467 519
467 592
467 688
467 788
468 876
469 539
469 556
469 571
469 637
469 662
469 848
469 850
469 977
470 510
470 894
470 949
471 766
471 800
471 934
471 942
472 507
472 597
472 775
473 522
473 681
473 685
473 709
473 933
474 518
475 585
475 642
475 669
475 963
476 477
476 538
476 633
476 754
476 856
476 946
476 964
476 969
477 479
477 580
477 795
478 560
478 611
478 880
479 500
479 636
479 786
479 806
480 488
480 591
480 713
480 866
480 971
481 679
482 553
482 561
482 657
482 921
482 951
482 979
482 987
483 772
483 811
484 655
485 540
485 808
485 821
485 863
485 922
486 595
486 681
486 733
486 932
487 686
487 741
488 490
488 697
488 698
488 838
488 893
488 938
489 592
489 631
489 711
490 745
491 789
491 831
491 895
492 507
492 890
492 953
493 657
493 737
493 751
493 779
493 834
493 837
493 913
494 603
494 957
496 510
496 649
496 970
497 604
497 719
497 747
498 581
498 596
498 638
498 649
498 659
498 726
498 786
498 926
499 712
499 752
499 824
499 917
500 991
501 588
501 698
501 735
501 741
502 513
502 523
502 749
502 785
502 873
503 797
505 652
505 884
505 902
506 953
507 792
507 973
508 648
508 675
508 741
509 891
509 997
510 734
510 767
510 833
511 551
511 618
512 871
513 917
514 602
514 629
514 758
515 535
515 559
515 628
515 724
515 990
516 900
516 933
516 980
517 545
517 897
518 618
519 840
519 987
520 803
520 884
521 636
522 587
522 695
522 844
522 947
523 541
523 568
523 576
524 573
524 699
526 538
526 765
526 916
526 933
526 952
527 848
527 987
528 573
528 839
528 902
528 981
529 732
529 759
530 659
530 890
530 909
530 925
531 611
531 764
532 706
532 766
533 914
534 645
536 911
536 967
537 606
537 621
537 661
537 712
538 636
538 765
538 873
539 801
539 881
539 939
540 604
540 608
540 717
540 817
541 662
541 700
541 734
541 775
541 956
542 697
543 745
544 958
544 974
545 954
546 652
546 811
546 932
546 947
547 787
547 894
547 927
547 932
549 795
549 877
549 887
550 766
550 876
551 760
551 801
551 833
551 882
552 590
552 710
552 883
552 931
553 745
553 878
554 652
554 718
554 743
555 643
555 799
555 814
555 892
556 648
556 690
556 707
556 765
556 867
556 901
556 927
557 731
557 849
558 683
558 714
558 867
558 972
558 973
559 676
559 746
559 840
560 587
560 652
561 605
561 763
561 862
561 920
563 600
563 759
563 769
563 809
563 912
563 961
564 739
564 872
565 694
565 719
566 715
566 717
567 747
567 803
567 823
567 873
567 957
568 590
568 685
568 885
568 927
568 964
569 645
569 881
569 930
570 823
570 885
570 964
571 597
571 778
571 871
571 981
572 700
572 817
572 835
572 904
573 795
575 765
575 841
575 894
576 634
577 717
577 780
578 779
578 951
580 995
581 667
581 703
581 753
582 847
583 882
584 652
584 670
584 946
584 984
585 895
587 626
587 732
587 736
587 933
588 784
588 823
588 832
589 605
589 642
589 770
589 809
590 686
590 728
590 792
591 813
592 606
592 663
592 734
592 866
593 672
594 753
595 602
595 654
595 709
595 727
595 741
595 817
595 880
595 889
595 981
596 625
596 826
597 666
597 700
597 967
598 905
598 906
599 691
599 835
599 874
600 622
600 710
600 820
601 610
602 612
602 618
602 748
602 766
603 666
603 987
605 789
606 722
606 805
606 860
606 883
606 923
606 992
606 994
608 839
609 696
609 939
610 628
610 631
610 775
611 670
612 873
612 881
612 934
612 952
612 984
612 992
613 774
615 897
617 882
617 973
618 637
618 849
618 988
619 757
620 797
620 922
621 655
621 725
621 978
622 752
622 793
623 640
623 904
623 946
623 981
624 746
626 680
626 774
626 786
626 825
627 683
627 782
628 652
628 689
628 787
629 644
629 970
629 998
630 658
630 887
631 946
631 951
632 731
632 805
633 830
633 977
633 987
634 666
634 737
634 852
635 918
636 778
636 830
637 892
637 911
638 693
638 733
638 812
638 863
642 744
642 814
642 955
643 741
643 939
644 778
644 840
644 971
645 710
645 895
646 685
646 713
646 737
646 798
646 934
647 681
647 822
647 824
649 812
650 826
650 916
650 918
652 664
652 735
652 756
652 807
652 882
652 995
653 705
653 774
654 811
654 884
654 940
655 998
656 964
658 703
658 793
658 975
658 997
659 670
659 918
659 936
660 827
661 763
661 850
662 854
662 915
662 963
662 972
663 851
663 885
664 685
664 853
665 713
665 809
665 823
665 975
666 705
666 706
666 869
666 987
667 716
667 881
667 967
668 676
668 697
668 822
669 908
670 879
671 927
672 691
672 753
672 813
675 744
675 957
676 727
676 874
676 968
676 979
677 708
677 967
678 762
678 797
678 820
680 825
680 912
681 687
681 854
682 977
683 744
683 959
684 691
684 775
684 919
685 716
685 862
685 976
686 742
686 844
687 688
687 765
687 825
688 948
688 986
689 885
689 937
690 759
690 972
691 845
691 848
691 873
691 938
692 742
692 815
694 789
695 717
695 801
697 739
699 764
699 787
699 851
700 741
702 753
702 769
702 994
703 778
705 714
705 736
705 815
705 971
707 888
707 901
708 732
709 826
709 993
710 812
711 730
712 761
712 948
713 966
714 838
714 933
714 971
715 753
715 991
716 717
716 797
717 996
718 732
718 783
718 961
718 983
719 766
719 805
720 932
720 937
720 945
720 948
722 729
722 838
722 919
722 986
725 777
725 874
726 754
726 800
726 886
728 898
729 855
729 990
730 882
730 891
730 940
730 950
730 959
732 798
732 992
734 810
734 908
736 811
736 871
736 898
739 740
739 805
739 845
739 850
740 851
741 863
741 890
743 836
744 893
745 842
745 894
747 759
747 898
747 913
748 788
748 847
748 931
749 832
750 949
751 764
751 861
751 887
752 790
752 918
753 778
754 892
754 981
756 758
756 761
756 765
756 884
758 807
758 825
758 832
759 976
760 829
763 868
763 978
764 794
765 966
766 941
768 903
769 868
770 851
772 894
774 842
774 905
774 938
775 881
775 939
778 819
778 929
779 783
779 786
780 933
781 870
781 878
781 973
782 809
782 938
782 946
783 853
784 925
785 923
786 849
786 864
786 898
787 953
788 841
789 795
789 848
790 969
791 978
791 998
794 971
795 887
795 906
795 933
798 800
798 824
798 836
798 878
798 891
799 877
801 883
802 824
802 874
804 923
805 914
805 931
806 818
812 882
812 962
812 966
815 919
817 837
818 853
819 968
820 835
820 950
821 932
821 981
822 925
822 927
825 831
827 864
827 920
828 862
828 884
828 903
830 964
831 908
834 923
835 845
837 895
838 889
838 996
839 924
842 864
843 869
845 882
845 886
846 952
847 878
847 966
847 969
853 873
854 876
856 989
857 913
857 918
857 980
858 948
858 998
863 878
864 909
867 897
867 920
868 909
869 934
869 937
870 976
878 975
881 975
884 885
884 939
884 960
886 887
889 945
890 915
890 965
891 980
892 936
893 998
894 949
897 948
897 995
898 933
898 971
899 900
899 923
899 964
901 920
901 943
901 997
902 955
902 971
906 945
908 934
909 969
912 975
916 998
916 999
918 934
920 937
921 944
921 957
922 963
929 948
931 950
933 939
933 950
934 991
935 990
936 972
939 944
940 947
941 961
944 967
945 978
949 963
960 986
961 993
964 987
976 986
979 991
984 994
992 996
993 999
