0 216
0 601
0 624
0 844
0 994
1 287
1 454
1 486
1 758
1 979
2 447
2 462
2 510
2 795
2 823
2 825
2 885
2 960
3 77
4 136
4 330
4 331
4 403
4 419
4 664
4 829
4 874
4 951
5 22
5 379
5 560
5 639
5 761
6 591
6 662
6 776
6 889
6 970
7 159
7 484
7 565
7 570
7 659
7 820
7 842
7 880
7 946
7 991
8 262
8 531
8 773
9 44
9 225
9 431
9 590
9 663
9 692
9 915
10 473
10 616
10 645
10 848
10 863
10 915
11 307
11 347
11 670
12 116
12 145
12 344
12 830
12 857
12 976
13 50
13 476
13 781
13 792
13 935
14 213
14 483
14 488
14 491
14 893
14 915
14 993
15 41
16 324
16 857
17 475
17 511
17 645
17 750
18 205
18 235
18 442
18 537
19 86
19 236
19 670
19 858
20 407
20 438
20 616
20 619
20 843
20 960
21 52
21 55
21 358
21 501
21 732
22 199
23 63
23 71
23 187
23 276
23 467
23 526
23 623
23 826
23 862
24 675
24 837
24 893
25 492
25 685
25 689
25 696
25 765
25 793
25 838
25 884
25 916
26 97
26 263
26 961
26 971
26 990
27 125
27 210
27 298
27 567
27 580
27 848
27 951
28 85
28 101
28 205
28 340
28 936
29 31
29 75
29 388
29 453
29 711
29 726
29 912
30 141
30 790
30 814
30 995
31 95
31 724
31 903
32 323
32 374
32 460
32 662
32 694
33 46
33 117
33 205
33 289
33 309
33 657
33 702
34 75
34 796
34 803
34 844
34 955
34 969
34 998
35 152
35 153
35 499
35 516
35 718
35 729
35 851
35 949
36 44
36 64
36 314
36 493
36 527
36 566
36 861
37 194
37 387
37 564
37 646
37 717
38 179
38 503
38 700
38 794
38 808
38 825
38 970
39 80
39 626
39 902
40 281
40 294
40 355
40 507
40 723
40 740
40 867
40 931
41 269
41 552
41 576
41 848
42 570
42 582
42 641
42 676
42 708
42 808
43 188
43 262
43 816
43 943
44 496
44 565
44 591
44 827
44 875
45 260
45 459
45 816
46 92
46 119
46 286
46 315
47 185
47 318
47 321
47 425
47 443
47 466
47 838
47 883
47 911
48 325
48 550
48 627
48 723
48 815
49 65
49 346
49 434
49 540
49 704
49 746
49 990
50 144
50 216
50 515
50 579
50 864
51 377
51 536
51 574
51 665
51 679
51 821
52 150
52 282
52 396
52 401
52 560
52 704
53 84
53 240
53 354
53 458
53 586
53 711
53 902
54 283
54 288
54 467
54 670
54 808
54 916
54 965
55 116
55 205
55 357
55 518
55 664
55 682
55 807
55 814
55 875
55 992
56 137
56 217
56 266
56 502
56 592
56 598
56 911
56 950
57 113
57 689
58 109
58 175
58 210
58 231
58 239
58 284
58 583
58 775
58 948
59 61
59 172
59 200
59 512
59 540
59 571
59 660
59 903
60 110
60 112
60 718
60 751
60 761
60 952
60 996
61 378
61 449
61 452
61 780
61 933
61 991
62 275
62 716
62 866
62 988
63 251
63 415
63 537
63 628
63 649
63 688
63 730
63 867
63 872
64 130
64 305
64 420
64 474
64 491
64 634
64 924
64 962
65 360
65 909
65 978
66 68
66 117
66 327
66 371
66 783
66 832
66 982
67 89
67 221
67 262
67 461
67 465
67 496
67 573
68 315
68 422
68 577
68 997
69 198
69 456
69 736
69 772
69 990
70 339
70 384
71 232
71 384
71 615
71 683
71 843
71 880
72 89
72 846
72 890
73 249
73 353
73 448
73 741
73 750
73 791
73 795
73 916
74 268
74 354
74 545
75 229
75 331
75 396
75 522
75 631
75 701
76 178
76 351
76 366
76 457
76 632
76 707
76 779
76 830
76 915
76 934
76 957
77 183
77 204
77 207
77 282
77 420
77 535
77 598
77 885
78 410
78 889
79 131
79 372
79 680
79 687
79 733
79 817
79 819
79 908
80 128
80 460
80 525
80 530
80 744
80 792
80 805
80 812
80 869
81 190
81 227
81 328
81 497
81 555
81 782
81 821
81 861
81 997
82 190
82 674
82 731
82 965
82 989
83 111
83 306
83 364
83 659
83 918
84 137
84 475
84 487
84 570
84 703
84 817
84 869
84 958
85 100
85 190
85 319
85 418
85 595
85 599
85 913
85 916
86 166
86 269
86 392
86 920
87 149
87 264
87 395
87 579
87 651
88 123
88 224
88 566
88 782
88 804
89 494
89 548
89 637
89 655
89 863
89 965
90 159
90 234
90 250
90 297
90 315
90 354
90 457
90 568
90 721
90 735
90 798
90 943
90 955
91 116
91 164
91 366
91 397
91 456
91 678
91 802
92 126
92 211
92 374
92 747
92 775
92 916
93 324
93 459
93 490
93 666
93 759
93 878
94 102
94 495
94 588
94 742
94 880
95 163
95 539
95 794
95 832
95 918
95 919
95 933
96 328
96 412
96 639
96 714
96 739
96 868
96 899
96 962
96 974
97 117
97 151
97 240
97 329
97 485
97 648
97 694
97 838
97 844
98 150
98 196
98 707
98 731
98 834
99 572
99 585
99 999
100 332
100 375
100 377
100 675
100 763
100 889
101 154
101 549
101 551
101 775
101 812
101 951
102 371
102 422
102 442
102 633
102 746
102 968
102 971
103 115
103 283
103 320
103 389
103 391
104 388
104 426
104 543
104 860
104 904
104 936
105 180
105 299
105 422
105 517
105 577
105 982
106 173
106 270
106 497
106 712
106 722
107 143
107 703
108 110
108 304
108 457
108 714
108 850
108 856
109 191
109 205
109 250
109 317
109 393
109 422
109 428
109 512
109 730
109 770
109 839
109 938
109 960
110 426
110 677
110 688
110 782
110 900
110 942
111 315
111 389
111 407
111 493
111 874
111 937
112 139
112 556
112 561
112 818
112 977
113 115
113 298
113 384
113 580
113 647
114 278
114 294
114 397
114 741
115 395
115 504
115 556
115 688
115 782
115 925
115 949
116 539
116 786
116 826
117 270
117 523
117 581
117 669
117 711
117 949
117 992
118 282
118 311
118 539
118 750
118 786
118 985
119 188
119 483
119 601
119 603
119 687
119 704
119 790
120 219
120 409
120 921
121 148
121 391
121 728
121 879
121 934
122 307
122 313
122 351
122 442
122 462
122 502
122 715
123 486
123 722
123 723
123 826
124 195
124 471
124 512
124 553
124 555
124 625
124 979
125 165
125 486
125 519
125 682
125 769
125 934
126 323
126 436
126 501
126 559
126 595
126 648
126 736
126 814
126 968
127 149
127 266
127 747
128 160
128 316
128 451
128 491
128 558
128 591
128 689
128 760
129 139
129 496
129 603
129 605
129 712
130 294
130 642
130 766
130 939
131 666
131 694
131 707
131 740
131 768
131 795
132 593
132 742
133 278
133 696
133 763
133 779
133 799
134 291
134 514
134 615
134 624
134 973
135 726
135 794
136 280
136 339
136 448
136 541
136 770
136 785
136 886
137 334
137 684
137 824
137 843
137 937
138 444
138 522
138 798
139 287
139 755
139 873
139 931
140 148
140 307
140 490
141 195
141 620
141 880
142 242
142 313
142 738
142 986
143 224
143 241
143 406
143 493
143 633
143 637
143 916
144 244
144 321
144 361
144 548
144 742
145 191
145 325
146 168
146 436
146 603
146 903
147 288
147 304
147 334
147 612
147 615
147 720
148 380
148 450
148 508
148 594
148 674
148 767
148 844
148 949
149 166
149 333
149 432
149 589
149 840
149 846
150 182
150 189
150 359
150 384
150 470
150 508
150 687
151 275
151 555
151 710
151 842
151 885
152 206
152 547
152 837
152 878
153 551
154 371
154 542
154 563
154 609
155 210
155 492
155 506
155 648
155 702
155 755
156 343
156 629
156 960
157 211
157 485
157 495
157 580
157 756
157 925
157 933
157 955
157 963
158 346
158 571
158 606
158 636
158 692
158 871
159 213
159 432
159 702
160 234
160 523
160 583
161 344
161 535
161 549
161 723
161 815
161 888
161 893
161 988
162 873
163 166
163 330
163 389
163 423
163 532
163 706
163 735
163 742
163 887
164 358
164 568
164 735
164 801
164 808
164 846
165 577
165 635
165 791
165 872
165 880
165 914
165 945
165 965
166 203
166 330
166 391
166 408
166 462
166 482
166 507
166 537
166 567
166 576
166 652
166 796
166 890
166 918
166 977
167 282
167 319
167 492
167 547
168 223
168 252
168 357
168 380
168 639
168 833
170 336
170 348
170 410
170 894
170 967
171 282
171 447
171 484
171 548
171 673
171 687
171 806
171 824
171 898
172 301
172 366
172 451
172 682
172 691
173 280
173 314
173 561
173 596
173 752
173 822
174 251
174 362
174 478
174 664
174 704
174 718
174 999
175 676
175 727
175 833
175 997
176 198
176 532
176 540
176 571
176 679
176 714
176 747
176 878
176 960
176 987
177 204
177 215
177 364
177 892
178 184
178 254
178 492
178 666
178 762
178 875
178 935
179 186
179 307
179 459
179 504
179 672
179 798
180 185
180 267
180 275
180 306
180 328
180 658
180 732
180 957
181 242
181 327
181 606
181 761
181 987
182 184
182 341
182 465
182 517
182 522
182 791
182 810
182 906
183 511
183 517
183 631
183 655
183 691
183 760
183 902
183 933
184 319
184 536
184 585
184 691
184 776
185 199
185 318
185 698
185 865
185 977
186 254
186 255
186 312
186 917
187 421
187 481
187 562
187 624
187 697
187 837
187 903
188 191
188 232
188 715
188 919
189 349
189 471
189 560
189 702
190 290
190 327
190 354
190 436
190 521
190 573
190 709
190 731
191 246
191 469
191 524
191 819
192 597
192 813
192 925
192 959
193 286
193 302
193 362
193 718
193 866
193 908
193 920
194 259
194 260
194 311
194 769
194 899
195 304
195 309
195 449
195 611
196 268
196 286
196 287
196 412
196 521
196 576
196 746
196 888
197 295
197 302
197 829
197 900
198 396
198 501
198 522
198 639
198 696
198 708
199 284
199 331
199 404
199 669
200 269
200 811
201 637
201 794
201 813
201 871
201 968
202 221
202 498
202 606
202 703
202 830
202 918
203 427
203 450
203 458
203 583
203 636
203 661
203 963
203 973
204 223
205 519
205 621
205 774
205 968
206 379
206 492
206 738
206 932
207 400
207 414
207 442
207 757
208 701
209 549
209 622
209 709
210 216
210 323
210 544
210 580
210 591
210 875
210 984
211 232
211 310
211 388
211 540
212 581
212 638
212 995
212 996
213 221
213 298
213 318
213 521
213 562
213 638
213 662
213 731
213 764
213 851
213 908
213 981
214 454
214 721
214 914
215 721
215 925
216 343
216 565
216 575
217 440
217 694
217 914
218 368
218 985
219 480
220 305
220 450
220 491
220 810
220 874
221 232
221 328
221 524
221 563
221 620
221 647
221 834
221 929
222 499
222 736
222 769
222 771
222 842
223 524
223 893
223 979
224 518
224 630
224 648
224 803
225 626
225 751
225 796
226 587
227 367
227 507
227 898
227 927
227 932
228 270
228 441
228 622
228 867
228 904
229 650
229 969
229 994
230 271
230 456
230 695
230 746
230 766
230 819
230 933
231 565
231 668
232 393
232 896
233 455
233 546
233 744
233 861
234 530
234 570
234 620
235 354
235 386
235 492
236 339
236 417
236 743
236 858
236 956
236 971
237 716
237 848
237 924
237 979
238 354
238 467
238 804
238 924
239 653
239 989
240 260
240 333
241 333
241 868
242 618
242 753
242 829
242 890
242 927
243 331
243 334
243 507
243 524
243 573
243 716
243 910
244 315
244 592
244 695
244 733
244 853
244 966
245 307
245 725
245 806
245 918
246 326
246 331
246 541
246 634
246 741
247 447
247 537
247 712
247 779
247 792
247 857
247 984
248 255
248 599
248 803
248 816
249 600
249 981
250 330
250 520
250 564
250 589
250 670
250 829
251 380
251 438
251 595
251 688
251 901
251 943
252 317
252 379
252 415
252 510
252 671
252 882
253 981
254 262
254 419
254 467
254 859
255 333
255 345
255 407
255 445
255 796
256 388
256 453
256 505
256 588
256 759
256 829
257 342
257 655
257 955
258 341
258 436
258 585
258 820
258 874
258 924
259 378
259 453
259 527
259 675
259 984
260 641
261 763
261 800
261 998
262 508
262 758
262 961
262 972
263 969
264 595
264 611
264 925
265 299
265 411
265 810
265 938
266 415
266 527
266 734
266 775
266 799
266 896
267 386
267 483
267 648
267 787
267 909
267 958
268 308
268 455
268 627
268 958
269 273
269 335
269 415
269 498
269 517
269 756
270 349
270 539
270 602
270 969
270 973
270 988
271 325
271 401
271 493
271 500
271 535
271 832
271 947
271 988
271 997
272 487
272 642
272 682
272 713
273 316
273 419
273 771
274 318
275 348
275 712
275 730
275 891
276 372
276 509
276 555
276 671
276 718
276 857
276 858
277 371
277 444
277 588
278 443
278 536
278 968
279 482
279 774
279 914
280 475
280 962
281 492
281 605
281 666
282 510
282 618
282 648
282 697
282 756
283 355
283 614
283 660
283 672
283 768
283 901
283 994
284 392
284 544
284 732
285 336
285 375
285 739
286 811
286 884
287 288
287 528
287 686
287 881
287 912
287 917
288 338
288 617
288 740
288 961
289 607
289 833
290 320
290 572
290 909
291 409
291 411
291 465
292 464
293 342
293 360
293 734
293 803
294 295
294 310
294 493
294 516
294 857
295 621
295 725
296 401
296 575
296 889
297 385
297 460
297 575
297 626
297 687
298 347
298 464
298 719
298 746
298 783
298 929
299 684
299 696
299 760
300 382
300 587
300 698
301 389
301 569
302 413
302 435
302 963
303 326
303 373
303 454
303 608
303 856
303 915
304 393
304 472
304 506
304 564
305 446
305 451
305 474
305 540
305 617
305 785
305 797
305 911
306 338
306 420
306 746
307 439
307 441
307 565
307 702
307 756
308 579
308 644
308 843
308 920
309 337
309 368
309 437
309 480
309 655
309 674
309 744
309 886
310 661
310 728
312 462
312 467
312 685
313 421
314 791
315 505
315 699
315 736
315 796
315 831
316 565
316 579
316 685
316 934
317 381
317 449
317 493
317 591
317 651
317 725
317 890
317 959
318 460
318 705
318 799
319 594
319 741
319 930
319 985
320 678
320 765
320 785
321 345
321 780
322 410
322 461
322 621
322 777
322 877
323 714
323 790
323 817
323 854
323 857
323 941
324 399
324 401
324 549
324 813
324 976
325 955
325 973
326 342
326 620
326 649
326 974
327 354
327 374
327 435
327 464
327 466
327 470
327 612
327 778
327 795
328 354
328 467
329 477
329 619
329 879
329 908
329 976
330 428
330 908
330 938
330 958
331 363
331 443
331 472
331 499
331 568
331 809
331 876
332 757
332 804
333 465
333 533
333 602
333 745
333 794
334 464
334 707
334 794
334 858
335 657
335 900
335 954
336 423
336 778
336 935
337 730
337 773
337 922
337 972
338 392
338 568
338 855
338 997
339 364
339 443
339 885
340 418
340 984
341 819
342 926
343 548
343 976
344 356
344 360
344 614
344 741
344 842
344 893
345 414
345 894
346 498
346 944
347 463
347 672
347 734
347 799
348 498
348 580
349 400
349 568
349 569
349 611
349 916
350 436
350 643
350 665
350 693
350 724
351 584
351 666
351 751
352 360
352 556
352 598
352 793
353 698
353 711
353 921
353 930
353 960
353 968
353 978
353 983
355 458
355 466
355 726
355 748
355 908
356 366
356 447
356 482
356 673
356 720
356 776
357 388
357 434
357 438
357 457
357 949
357 972
358 463
358 587
358 612
358 887
358 898
358 912
359 375
359 439
359 951
359 998
360 386
360 499
360 623
360 637
360 883
361 421
361 513
361 530
361 625
361 685
361 875
362 402
362 410
362 436
362 576
362 840
362 926
362 969
363 420
363 507
363 668
363 671
363 689
363 902
364 846
364 915
365 483
365 522
365 599
365 785
366 568
366 578
366 726
366 778
366 862
366 981
367 651
367 670
367 755
367 778
367 791
367 825
367 829
367 881
367 925
367 975
368 549
368 731
368 806
368 895
368 899
369 381
369 487
369 561
370 422
370 671
370 718
371 621
371 680
371 684
371 744
371 947
372 527
372 621
372 829
372 845
373 522
373 868
373 918
374 406
374 516
374 544
374 569
374 643
374 809
374 949
375 474
375 497
375 542
376 422
376 460
376 734
376 841
376 848
376 931
377 449
377 524
377 919
378 543
378 577
378 580
378 850
378 897
378 940
379 427
379 785
379 812
379 844
379 881
379 919
380 548
380 948
381 579
381 596
381 634
381 784
381 804
381 878
381 895
382 605
382 627
382 896
383 394
383 395
383 486
383 845
384 390
384 588
384 765
384 769
384 830
384 947
385 435
385 522
385 578
385 596
385 618
385 695
385 981
386 398
386 511
386 742
386 795
386 850
386 856
387 551
387 786
387 980
388 398
388 403
388 558
388 574
388 588
388 636
388 670
388 739
388 779
388 957
389 515
389 593
389 690
389 696
389 715
389 780
389 849
389 892
390 649
391 613
391 664
391 892
392 527
392 831
392 894
393 424
393 436
393 594
393 678
394 422
394 626
394 792
395 571
395 676
395 782
396 523
396 531
396 652
396 678
396 694
396 956
397 463
397 681
397 824
397 893
397 961
398 624
398 733
398 800
398 858
399 626
399 947
400 414
400 475
400 488
400 500
400 558
400 660
400 883
401 686
401 809
402 455
402 739
402 909
402 986
403 562
403 872
403 914
405 472
405 490
405 539
405 591
405 773
405 775
406 435
406 568
406 573
406 654
406 693
406 738
406 786
407 639
407 752
408 410
408 554
409 414
409 624
410 633
410 988
411 442
411 698
411 704
411 782
411 946
412 502
412 535
412 641
412 724
412 842
412 945
413 621
413 636
413 668
413 805
413 878
413 898
414 512
414 608
414 631
414 769
415 772
415 920
415 962
416 419
416 475
416 522
416 546
416 614
416 674
416 741
416 780
416 981
417 687
417 770
417 916
418 848
419 979
420 441
420 453
420 483
420 984
421 469
421 517
421 575
421 592
421 859
422 433
422 490
422 740
423 589
423 618
423 654
423 697
423 842
424 465
424 501
424 875
424 920
425 539
425 578
425 675
425 846
426 605
426 832
426 913
426 971
427 588
427 599
428 640
428 699
428 796
428 821
429 666
429 740
429 770
429 801
429 875
430 570
430 955
431 474
432 459
432 463
432 672
432 973
433 582
433 587
433 898
434 529
434 655
435 630
435 772
436 478
436 600
436 602
436 674
436 725
436 790
436 876
436 909
437 590
437 679
437 866
437 988
438 499
438 649
438 843
438 865
438 877
439 558
439 640
440 548
440 666
441 768
441 979
442 505
442 838
443 601
443 632
443 758
443 809
443 870
443 954
444 452
444 493
444 871
445 454
445 812
445 839
445 874
445 890
445 919
446 617
447 469
447 686
448 478
448 881
449 496
449 902
450 497
450 512
450 916
450 939
451 471
451 522
451 606
451 677
451 766
451 801
451 868
452 834
453 462
453 701
453 739
454 535
454 708
454 718
454 719
454 840
454 843
455 515
455 729
455 749
455 894
456 715
456 888
457 543
457 729
457 758
458 727
458 972
459 500
459 576
459 766
459 774
460 814
460 868
460 949
461 623
461 742
462 681
462 780
463 742
463 767
464 614
464 637
464 768
465 807
465 854
466 677
466 999
467 679
467 776
468 547
468 632
468 650
468 739
469 623
469 766
469 798
470 655
470 691
470 849
470 924
471 547
471 655
471 684
471 939
471 996
472 602
472 606
472 613
472 689
473 513
473 787
473 939
473 953
473 971
474 706
474 708
474 970
475 536
475 792
476 479
476 585
476 793
477 613
477 617
477 640
477 704
478 935
480 515
480 597
480 753
481 545
481 615
481 784
481 792
481 933
481 948
481 994
482 529
482 875
482 984
483 630
483 905
484 631
484 643
484 664
484 956
484 981
485 848
485 904
485 962
486 526
486 660
487 540
487 706
488 550
488 987
489 568
489 583
489 769
489 808
489 950
490 603
490 738
490 780
490 960
491 564
491 776
491 777
491 930
491 941
492 617
492 688
492 770
492 908
492 924
492 944
492 945
492 952
493 678
493 687
493 706
494 701
494 807
495 822
496 780
496 980
497 801
498 508
499 740
499 776
500 511
500 528
500 539
500 596
500 690
500 727
500 760
501 756
501 856
501 875
502 559
502 758
503 518
503 657
503 819
503 937
503 971
504 555
504 639
505 514
505 659
505 682
506 641
507 689
508 520
508 632
508 950
509 804
509 849
509 868
510 670
511 562
511 795
512 540
512 620
512 664
512 699
513 613
514 581
515 674
515 921
516 700
517 691
517 699
517 700
517 734
517 792
518 941
519 653
519 663
520 540
520 716
520 719
520 758
520 786
521 532
521 935
522 769
522 801
523 574
523 629
524 624
524 990
525 596
525 614
525 871
525 970
525 978
527 558
527 592
528 625
528 720
528 838
529 764
529 832
529 879
530 711
530 720
530 756
530 836
530 848
531 621
531 646
531 648
531 653
531 657
531 764
531 774
531 858
531 914
531 929
533 626
533 773
533 889
534 651
534 861
534 905
534 972
535 743
536 661
536 716
536 915
537 603
538 620
538 657
538 702
538 757
538 904
539 599
539 653
539 787
539 995
540 846
540 884
541 704
541 791
541 854
542 754
542 883
542 975
543 859
544 749
545 573
545 833
546 599
546 623
546 724
546 922
546 990
547 653
547 943
547 982
548 775
548 939
549 711
549 940
549 944
549 950
550 606
550 716
550 734
550 831
551 582
551 847
552 578
552 623
552 695
552 991
553 649
553 826
553 983
553 992
554 596
554 729
554 740
554 782
554 868
555 641
555 723
555 761
556 942
557 642
557 725
557 914
558 810
558 906
558 956
559 641
560 691
560 816
560 860
561 736
561 920
562 741
562 753
562 888
563 613
564 577
564 601
564 798
564 813
564 882
564 920
564 989
564 999
565 586
566 683
566 810
566 865
566 890
566 956
567 631
567 747
567 773
568 729
568 853
569 974
570 614
570 615
570 822
570 989
571 705
571 737
571 765
571 767
571 818
572 575
572 808
572 829
573 642
573 893
575 608
576 596
576 619
576 635
576 691
576 941
576 953
576 962
577 678
577 723
578 705
578 796
579 974
580 738
581 970
581 976
582 655
582 695
582 937
585 604
585 952
586 832
586 879
587 642
587 819
588 707
588 774
588 884
588 974
589 604
589 724
589 913
589 934
589 951
590 726
590 943
591 604
591 742
591 828
591 839
592 602
592 700
592 882
592 960
593 630
593 807
594 745
595 661
595 874
596 987
597 842
598 795
598 856
599 697
599 824
599 916
600 635
600 675
600 844
601 778
601 816
601 839
601 840
601 843
601 888
602 870
603 626
603 726
603 867
604 862
604 870
604 927
604 989
604 996
605 629
606 670
606 819
607 649
607 700
608 616
608 729
608 797
610 792
610 888
610 945
610 958
610 974
611 751
611 927
612 759
613 627
613 656
614 819
615 715
615 730
616 642
616 733
616 799
616 851
617 756
617 922
617 956
618 683
618 729
618 874
620 717
620 839
621 721
621 911
622 640
622 734
622 759
623 866
624 678
624 806
624 859
625 769
625 815
627 672
627 752
628 753
628 807
628 851
628 870
629 775
629 898
629 994
630 834
630 900
632 647
632 754
632 812
632 829
633 722
633 985
634 833
634 963
635 719
636 870
636 878
637 670
637 799
637 826
637 989
638 644
638 889
639 689
639 771
640 907
640 937
641 712
642 706
643 731
643 778
643 822
643 868
644 799
644 840
645 752
645 771
646 815
647 673
647 832
647 986
647 991
648 654
648 762
649 655
651 918
654 774
654 966
655 880
655 893
655 969
656 765
657 973
658 942
659 720
660 703
660 867
661 716
661 731
661 978
662 828
662 911
663 756
664 778
665 712
665 865
666 707
666 720
666 751
666 846
666 892
666 899
666 904
667 855
667 858
668 922
670 694
670 961
670 978
671 922
672 758
673 723
673 756
673 981
674 723
674 823
675 845
676 722
676 903
677 705
677 728
677 940
677 990
678 784
678 887
679 707
680 731
680 776
680 782
680 806
680 929
681 745
682 970
684 694
684 709
684 719
685 869
686 987
687 817
687 850
687 926
688 742
689 697
691 719
691 756
691 876
691 999
692 866
692 949
694 865
694 923
695 919
696 700
697 713
697 775
698 840
698 895
699 799
700 705
700 788
701 923
702 954
703 743
704 720
704 968
705 986
706 739
706 889
707 938
708 712
709 823
709 904
710 746
710 828
710 837
710 924
712 716
712 872
714 915
714 946
715 758
715 776
715 964
715 991
716 870
716 942
717 735
717 871
717 972
719 726
719 737
719 768
719 787
721 990
722 809
723 972
724 734
724 736
724 982
725 745
725 959
725 971
726 787
726 789
726 855
726 998
726 999
728 731
728 794
728 825
729 735
729 841
731 824
731 993
732 841
734 928
734 935
735 913
736 780
736 826
736 969
738 808
739 922
740 750
740 822
742 789
742 924
743 831
743 850
744 778
744 921
745 758
747 887
748 766
749 777
750 759
750 795
750 860
751 785
751 790
752 831
753 776
753 810
753 865
753 894
753 990
754 862
755 875
756 766
756 812
756 904
757 869
757 871
757 916
757 931
757 962
758 774
758 938
758 952
759 824
759 934
761 872
761 989
763 832
763 894
763 897
763 935
763 955
765 790
766 851
766 938
767 779
768 969
768 997
770 869
770 953
771 908
771 948
772 916
773 850
774 805
774 952
774 979
777 970
779 876
779 908
780 941
781 809
781 908
781 971
781 991
782 801
782 976
783 918
784 959
785 817
785 928
786 803
786 935
786 950
787 832
787 943
788 806
788 862
789 892
790 829
790 866
790 944
790 968
790 986
791 796
792 870
792 961
794 800
794 844
795 892
797 944
799 831
799 832
802 924
803 867
803 925
807 866
808 830
809 974
810 930
811 978
811 995
812 975
813 973
815 911
816 928
816 944
819 829
819 846
819 942
822 832
825 850
825 928
825 979
827 839
828 949
829 905
830 860
830 873
830 875
830 925
830 964
831 881
832 858
832 875
832 955
834 853
838 879
839 929
840 925
841 863
841 962
841 964
843 961
843 997
845 918
845 922
846 901
846 965
847 928
848 961
852 903
852 912
855 939
856 923
859 928
860 902
861 908
861 918
863 896
863 988
864 935
867 947
868 964
871 948
871 977
873 912
873 937
873 979
875 948
877 955
878 896
878 941
878 960
878 983
880 899
880 977
886 890
886 953
887 931
890 896
890 905
891 942
893 972
894 947
901 971
905 927
905 974
907 982
909 944
909 985
913 967
913 985
914 951
914 984
915 955
921 956
921 957
923 930
931 983
939 989
949 999
951 971
963 976
980 982
983 997
992 996
