0 150
0 296
0 339
0 813
0 997
1 317
1 346
1 781
2 39
2 68
2 205
2 351
2 368
2 452
2 613
3 129
3 245
3 538
3 545
3 811
4 24
4 119
4 125
4 266
4 628
4 871
4 923
5 102
5 195
5 432
5 687
5 894
5 916
5 920
6 100
6 272
6 294
6 347
6 411
6 434
6 560
6 627
6 681
6 829
6 934
6 956
7 447
7 519
7 643
7 908
8 264
8 275
8 466
8 500
8 624
8 675
8 760
8 867
8 974
9 154
9 224
9 271
9 426
9 830
9 868
10 89
10 164
10 233
10 245
10 410
10 482
10 544
10 702
10 797
10 799
11 233
11 264
11 376
11 557
11 705
11 751
11 907
12 69
12 192
12 326
12 341
12 379
12 682
12 808
12 826
12 961
12 982
13 140
13 238
13 259
13 300
13 541
13 915
14 333
14 349
14 375
14 504
14 584
14 680
15 271
15 357
15 482
15 507
15 799
15 857
15 875
16 24
16 30
16 216
16 757
16 801
16 834
16 947
17 434
17 522
17 603
17 728
18 163
18 298
18 328
18 404
18 790
18 863
18 968
19 235
19 267
19 368
19 474
19 561
19 562
19 874
20 25
20 44
20 131
20 141
20 276
20 356
20 405
20 439
20 515
20 768
20 869
20 919
21 83
21 266
21 478
21 698
21 721
21 772
21 877
22 102
22 180
22 324
22 669
23 446
23 579
23 684
24 28
24 143
24 390
24 425
24 524
24 587
24 651
24 765
25 152
25 197
25 372
25 580
25 685
25 879
25 912
25 932
25 940
26 204
26 400
27 52
27 196
27 244
27 459
27 472
27 629
27 800
27 849
28 114
28 245
28 478
28 627
29 163
29 303
29 316
29 339
30 81
30 94
30 113
30 476
30 951
31 240
31 420
32 79
32 121
32 193
32 215
32 317
32 708
32 715
32 960
33 76
33 299
33 327
33 348
33 727
33 771
34 157
34 433
34 577
34 751
34 985
35 198
35 218
35 269
35 366
35 408
35 453
35 467
35 544
35 591
35 756
35 957
36 330
36 680
37 83
37 499
37 758
38 353
38 388
38 774
39 362
39 477
39 487
39 604
39 614
39 735
40 246
40 283
40 457
40 570
40 722
40 791
40 840
40 878
40 984
41 71
41 89
41 166
41 587
41 610
41 988
42 95
42 146
42 191
42 694
42 751
42 767
42 785
42 866
42 898
42 935
42 959
43 375
43 708
43 894
43 911
43 976
44 188
44 375
44 472
45 146
45 285
45 728
45 772
46 381
46 522
46 646
46 660
46 827
47 139
47 236
47 262
47 281
47 383
47 476
47 575
47 731
48 149
48 761
49 82
49 539
49 644
49 884
49 953
50 144
50 155
50 245
50 259
50 416
50 568
50 592
50 701
50 857
51 79
51 115
51 191
51 233
51 241
51 467
51 509
51 689
51 722
51 816
52 572
52 587
52 770
52 983
53 54
53 112
53 143
53 272
53 383
53 991
54 132
54 168
54 186
54 293
54 372
54 535
54 624
54 903
54 940
55 197
55 427
55 629
55 672
56 76
56 117
56 245
56 401
56 712
56 928
56 933
57 81
58 186
58 258
58 352
58 421
58 695
58 829
58 831
58 946
59 135
59 242
59 275
59 336
59 487
60 554
60 576
60 793
61 299
61 306
61 373
61 616
61 659
62 86
62 203
62 269
62 421
62 660
63 119
63 715
63 765
63 778
63 910
64 145
64 496
64 836
64 984
65 73
65 110
65 421
65 713
65 757
65 912
66 139
66 202
66 318
66 333
66 511
66 615
66 656
66 719
67 246
67 895
67 963
68 238
68 467
68 643
68 881
69 78
69 326
69 377
69 701
69 705
69 807
69 825
69 849
69 989
70 137
70 331
70 349
70 362
70 563
70 705
70 871
70 896
71 125
71 145
71 162
71 204
71 635
71 800
72 199
72 341
72 402
72 913
72 925
73 268
73 367
73 394
73 458
73 587
73 767
74 156
74 336
74 362
74 406
74 592
74 916
74 989
75 135
75 175
75 244
75 375
75 387
75 569
75 697
76 128
76 429
76 703
76 732
76 754
76 808
76 905
77 83
77 265
77 307
77 486
77 568
77 639
78 346
78 530
78 905
79 572
79 680
79 682
79 734
79 822
80 115
80 243
80 401
80 583
80 722
80 834
80 841
80 927
80 998
81 134
81 362
81 373
81 391
81 419
81 510
81 655
82 111
82 215
82 255
82 373
82 386
82 597
82 879
83 147
83 404
83 405
83 491
83 588
84 243
84 334
85 231
85 315
85 418
85 551
85 622
85 867
86 415
86 550
86 647
86 648
86 839
86 923
86 951
87 137
87 175
87 178
87 602
88 575
88 594
88 752
88 892
88 961
89 325
89 459
89 735
89 827
89 927
90 189
90 191
90 192
90 277
90 451
90 566
90 578
90 869
90 884
91 151
91 316
91 470
91 544
91 640
91 708
91 832
91 875
92 123
92 329
92 491
92 516
92 517
92 565
92 843
93 439
93 787
93 835
93 915
94 508
94 584
94 629
94 674
94 738
95 708
95 878
95 932
96 168
96 187
96 283
96 294
96 336
96 370
96 381
96 478
96 876
97 245
97 271
97 601
97 736
97 768
97 797
97 926
97 930
98 208
98 240
98 810
99 173
99 218
99 468
99 584
99 645
99 788
99 934
100 159
100 174
100 342
100 406
100 497
100 556
100 662
100 701
100 739
100 917
101 326
101 389
101 476
101 556
101 658
101 901
102 124
102 380
102 465
102 584
102 773
103 167
103 225
103 269
103 322
103 775
103 850
103 937
104 121
104 480
104 502
104 594
104 639
104 888
104 924
105 251
105 308
105 311
105 370
105 819
105 917
105 963
106 366
106 392
106 551
106 693
107 108
107 189
107 296
107 423
107 455
107 479
107 486
107 513
107 882
107 949
108 214
108 870
109 158
109 294
109 305
109 597
109 915
110 134
110 766
110 911
110 916
110 992
111 381
111 411
111 631
111 708
111 838
112 485
112 533
113 141
113 168
113 297
113 399
113 650
113 671
113 997
114 215
114 221
114 401
114 426
114 459
114 633
114 789
114 872
114 997
115 231
115 269
115 371
115 418
115 661
115 674
115 757
115 814
115 935
116 171
116 362
116 405
116 502
116 749
116 795
116 930
117 284
117 381
117 515
117 541
117 697
117 800
118 315
118 411
118 624
118 654
118 735
118 754
119 310
119 435
119 484
119 489
119 492
119 878
119 897
119 970
120 146
120 388
120 476
120 562
120 591
120 775
120 884
121 827
122 221
122 403
122 433
122 436
122 571
122 647
122 852
123 157
123 739
123 818
123 967
124 328
124 460
124 539
124 709
124 728
124 830
124 883
124 922
125 437
125 730
125 827
125 848
126 636
126 995
127 144
127 157
127 176
127 249
127 301
127 344
127 474
127 495
127 593
128 130
128 271
128 394
128 873
129 283
129 347
129 350
129 489
129 755
129 798
129 811
129 937
130 201
130 271
130 650
130 777
130 790
130 875
130 907
131 789
132 266
132 635
132 731
132 745
132 783
133 195
134 323
134 528
134 582
135 196
135 873
135 904
136 541
136 836
136 941
137 201
137 281
137 336
137 504
137 524
137 980
138 356
138 620
138 793
138 889
139 146
139 157
139 226
139 327
139 661
139 867
140 144
140 579
140 873
140 912
141 159
141 174
141 359
141 680
142 243
142 260
142 759
143 203
143 974
144 194
144 200
144 346
144 411
144 537
144 660
144 837
145 220
145 233
145 566
145 611
145 946
146 353
146 541
146 648
146 756
146 994
147 512
147 847
148 478
148 798
149 522
149 989
150 332
150 518
150 815
150 929
151 287
151 463
152 191
152 353
152 565
152 634
152 654
152 908
153 519
153 596
153 643
153 820
154 292
154 560
154 903
154 945
154 955
155 168
155 310
155 354
155 372
155 424
156 181
156 268
156 403
156 655
156 857
156 880
156 990
157 837
157 984
158 315
158 373
158 489
158 581
158 591
158 938
159 168
159 274
159 374
159 443
159 490
159 723
159 751
159 963
160 164
160 219
160 587
160 750
160 784
160 955
161 326
161 367
161 440
161 470
161 514
162 391
162 393
162 566
162 577
162 680
162 758
162 800
162 811
162 854
162 932
163 276
163 708
163 753
164 332
164 380
164 647
164 684
164 707
164 784
165 206
165 217
165 341
165 770
165 999
166 731
166 816
166 891
166 964
167 300
167 337
167 370
167 925
168 273
168 640
168 656
168 702
168 847
168 974
169 265
169 483
169 505
169 689
170 387
170 395
170 474
170 798
170 855
170 956
171 253
171 512
171 676
171 974
172 176
172 237
172 439
172 499
172 540
172 542
172 582
172 650
172 655
172 756
172 779
172 924
173 194
173 515
173 521
174 251
174 302
174 492
174 828
174 917
175 313
175 330
175 382
175 629
175 833
175 839
175 843
176 335
176 352
176 460
176 463
176 837
176 864
176 893
177 194
177 288
177 349
177 378
177 456
177 724
177 767
177 932
177 963
177 979
178 476
178 882
179 910
179 951
180 232
180 288
180 362
180 800
180 833
180 879
181 952
181 955
182 394
182 551
182 732
182 790
182 816
182 845
182 878
182 909
183 439
183 684
183 744
183 881
183 944
183 954
183 973
184 771
184 891
184 956
184 984
185 300
185 347
185 431
185 501
185 733
186 398
186 472
186 614
186 756
187 470
187 577
187 627
187 911
187 972
188 198
188 384
188 453
188 530
188 746
188 802
189 243
189 311
189 401
189 569
189 670
189 715
189 758
189 932
189 982
190 211
190 346
190 351
190 390
190 433
190 918
190 995
191 231
191 375
191 378
191 424
191 555
191 676
191 701
191 765
191 884
191 961
191 965
192 530
192 532
192 534
192 697
192 721
192 723
192 808
192 912
193 244
193 311
193 389
193 706
193 713
193 761
194 195
194 236
194 660
195 200
195 343
195 396
195 397
195 450
195 521
195 703
196 228
196 772
197 243
197 324
198 464
198 572
198 588
198 987
199 635
199 742
200 220
200 231
200 256
200 492
200 652
200 873
201 406
201 543
201 963
201 986
202 481
202 580
202 756
202 904
202 932
203 312
203 464
203 613
203 682
203 962
204 237
204 383
204 464
204 544
204 593
204 622
204 837
204 844
205 300
205 368
205 414
205 455
205 572
205 598
205 631
205 648
205 766
206 276
206 543
206 959
207 633
207 833
207 884
208 322
208 355
208 543
208 843
209 401
209 500
209 574
209 689
209 988
210 438
210 502
210 624
210 728
210 842
211 276
211 794
212 449
212 662
213 355
213 356
213 371
213 378
213 569
213 919
214 460
214 537
214 665
214 709
214 976
215 229
215 390
215 700
215 774
215 794
215 895
215 939
216 279
216 399
216 402
216 847
216 876
216 904
216 989
217 265
217 312
217 399
217 421
217 455
217 508
217 530
217 546
217 654
218 338
218 371
218 578
218 781
219 312
219 328
219 753
219 846
219 991
220 299
220 454
220 561
220 762
220 970
221 238
221 315
221 418
221 421
221 515
221 664
221 943
221 957
222 237
222 286
222 595
222 652
222 735
222 908
222 971
223 900
224 258
224 270
224 530
224 615
224 725
224 731
225 582
225 650
225 916
226 546
226 562
226 585
227 231
227 284
227 527
227 605
227 791
227 921
227 967
228 375
228 487
228 556
228 884
228 994
229 318
229 611
230 233
230 272
230 349
230 396
230 527
230 599
230 739
231 413
231 527
231 533
231 779
232 414
232 417
232 488
232 505
232 729
232 915
233 328
233 361
233 451
233 490
233 650
234 630
234 865
235 279
235 542
235 795
235 860
235 881
236 269
236 604
236 730
236 950
236 982
236 990
237 345
237 418
237 440
237 450
237 536
237 672
237 828
238 260
238 405
238 467
238 498
238 509
238 522
238 736
238 855
238 884
238 930
239 564
239 659
239 962
240 385
240 806
240 817
240 878
240 973
240 974
240 996
241 283
241 367
241 925
241 981
242 273
242 275
242 470
242 574
242 724
243 302
243 911
244 322
244 487
244 742
244 818
244 926
245 417
245 462
245 472
245 511
245 526
245 606
245 632
245 727
245 877
245 957
245 960
246 266
246 353
246 992
247 394
247 941
247 983
248 356
248 748
248 940
249 784
249 800
249 811
249 813
249 903
250 665
250 859
251 429
251 971
252 268
252 283
252 329
252 680
252 793
252 900
253 379
253 846
253 906
255 514
255 558
255 582
255 602
255 633
256 401
256 757
257 320
257 363
257 526
257 585
257 800
257 859
257 998
258 271
258 291
258 823
258 869
259 865
259 965
260 670
260 682
260 906
261 277
261 328
261 341
261 362
261 451
261 972
262 396
262 401
262 465
262 586
262 611
262 715
262 819
262 834
262 942
263 409
263 429
263 564
263 597
263 603
263 716
263 875
263 922
264 330
264 615
264 786
264 797
264 915
264 952
264 982
265 280
265 646
265 752
265 877
266 342
266 363
266 648
266 659
266 787
267 578
267 641
267 713
267 960
268 483
268 697
268 781
268 870
268 997
269 293
269 306
269 546
269 599
269 656
269 883
269 956
270 638
270 978
271 278
271 675
271 693
271 874
271 878
272 452
272 468
272 696
272 937
273 321
273 430
273 546
273 875
274 344
274 375
274 392
274 649
275 521
275 658
275 769
275 796
276 559
276 606
276 618
276 886
276 991
277 770
277 824
278 563
279 587
279 633
279 843
280 296
280 751
280 832
280 900
280 934
281 306
281 488
281 508
281 848
281 856
281 936
282 287
282 791
282 842
282 907
283 329
283 407
283 723
283 740
283 958
283 990
284 310
284 452
284 668
284 800
284 982
285 424
285 767
285 991
286 302
286 494
286 496
286 866
287 488
287 589
287 776
287 916
288 355
288 566
288 715
289 929
290 365
291 351
291 411
291 418
291 616
291 644
291 794
291 931
292 353
292 648
292 690
292 694
292 695
292 793
292 823
293 513
293 647
293 653
293 692
293 857
293 859
293 920
294 422
294 484
294 539
294 544
294 848
294 920
295 387
295 610
295 659
295 700
295 770
295 773
295 921
295 945
295 968
296 440
296 724
296 726
296 864
296 869
296 877
296 939
297 323
297 510
297 569
297 621
297 666
297 676
297 801
297 888
297 917
298 463
298 584
298 607
298 778
298 990
298 993
299 415
299 556
299 558
300 722
300 950
301 304
301 412
301 459
301 465
301 536
301 734
301 763
301 809
301 863
302 398
302 631
302 666
302 871
302 996
303 306
303 437
303 763
303 882
304 444
304 579
304 822
304 860
305 406
305 792
306 388
306 421
306 818
307 614
307 763
308 560
308 619
308 881
309 368
309 533
309 581
309 739
309 936
309 966
309 971
310 542
310 899
310 923
311 819
311 965
312 384
312 527
312 895
312 936
313 341
313 505
313 933
313 997
314 736
314 751
315 536
315 773
315 777
316 354
317 335
317 453
317 564
317 721
317 805
318 346
318 576
318 696
318 804
318 831
318 903
318 930
319 502
319 975
320 380
320 853
320 879
320 937
320 953
321 436
321 497
321 762
321 970
322 397
322 437
322 449
322 524
322 586
322 824
322 857
322 914
323 350
323 530
323 782
323 925
324 734
324 776
324 842
325 336
325 427
325 541
325 637
325 668
325 689
325 738
325 757
325 930
325 964
326 451
326 510
327 547
327 556
327 823
327 827
327 965
328 556
328 633
328 659
328 771
329 482
329 507
329 515
329 611
330 357
330 443
330 516
330 692
330 698
330 776
330 835
330 948
330 973
330 981
331 427
331 554
331 609
331 775
331 791
332 821
332 975
333 831
333 994
334 335
334 617
334 677
334 762
334 914
334 966
335 345
335 537
335 803
336 338
336 478
336 675
336 755
336 774
337 378
337 424
337 795
337 835
338 482
338 577
338 738
338 952
339 421
339 545
339 620
339 682
339 914
340 418
340 793
341 465
341 514
341 651
341 752
341 883
341 961
342 364
342 455
342 491
342 651
342 700
343 566
343 579
343 703
343 766
343 810
343 843
343 906
343 986
344 353
344 491
344 622
344 688
344 751
344 835
344 936
344 975
345 502
345 609
345 613
345 867
346 573
346 605
346 761
346 918
347 472
347 803
347 836
347 977
348 502
348 530
348 542
348 768
348 865
348 933
350 356
350 397
350 431
350 448
350 667
350 675
351 391
352 361
352 514
352 634
352 789
352 842
352 934
353 571
353 965
354 474
354 686
354 724
354 736
354 994
355 360
355 373
355 440
355 461
355 504
355 517
355 537
355 685
356 407
356 514
356 540
356 636
356 678
357 436
357 515
357 567
357 653
357 924
358 508
358 900
359 633
359 703
359 868
359 985
360 615
360 705
360 716
361 422
361 453
361 542
361 556
361 673
361 834
361 878
362 482
362 561
362 811
363 368
363 879
363 904
363 925
364 584
364 975
365 585
365 669
365 822
366 415
366 633
366 904
367 544
367 973
367 975
368 471
368 641
368 924
369 534
369 593
369 700
369 899
369 907
369 910
370 385
370 516
370 712
370 734
370 786
370 998
371 849
372 865
372 939
372 961
373 384
373 815
374 408
375 391
375 770
376 401
376 559
376 828
376 868
377 380
377 418
377 695
377 816
378 449
378 656
378 676
378 738
378 981
379 623
379 658
379 824
379 962
380 511
381 432
381 684
381 752
381 938
381 966
381 997
382 537
382 662
382 685
382 989
383 818
383 887
384 757
384 924
385 428
385 523
385 674
385 790
386 470
386 949
386 962
387 789
387 962
388 605
388 624
388 662
389 414
389 477
389 589
389 602
389 665
389 793
389 948
389 980
390 399
390 477
390 647
391 602
391 630
392 437
392 505
392 651
392 697
393 547
393 550
393 601
393 743
393 781
393 956
394 516
394 889
394 892
394 926
395 403
395 476
395 555
395 823
396 404
397 442
397 550
397 647
397 734
398 660
398 692
398 737
398 775
398 957
399 704
399 709
399 729
400 436
400 540
400 949
401 530
401 584
401 727
401 827
402 542
402 879
403 559
403 617
404 670
404 805
404 935
405 410
405 498
405 592
405 881
406 595
406 597
406 976
407 710
407 793
407 809
408 626
408 711
408 738
408 914
408 954
408 957
408 959
409 471
409 765
409 908
409 916
409 933
410 418
410 612
410 633
410 743
410 999
411 527
411 754
411 817
411 858
412 631
412 667
412 697
412 748
412 886
412 995
413 766
413 770
414 462
414 483
414 533
414 979
415 529
415 692
415 722
415 947
416 496
416 622
416 658
417 564
417 652
417 687
417 744
417 819
417 851
417 853
417 872
417 908
418 907
418 949
419 636
419 816
419 952
420 709
421 525
421 562
421 639
421 800
421 805
421 985
422 750
423 451
423 629
423 635
423 949
423 973
424 666
424 904
425 441
425 519
425 735
426 549
426 849
427 500
427 613
427 697
427 973
428 476
428 586
430 589
430 628
430 676
430 684
430 733
430 774
430 943
430 982
431 743
431 782
431 915
432 635
432 722
432 833
432 965
433 510
433 802
434 500
434 631
434 685
434 960
435 499
435 708
435 872
436 570
436 638
436 915
437 800
437 807
437 919
437 968
439 505
440 545
440 779
440 846
440 896
441 493
441 892
442 752
443 474
443 868
443 903
444 545
444 554
445 686
445 826
445 876
445 889
446 632
446 664
446 740
446 817
446 956
447 696
447 770
447 799
448 476
448 645
448 947
449 753
449 755
449 772
449 828
449 927
450 779
451 616
451 664
451 993
452 553
452 571
452 581
452 613
452 672
452 786
453 768
453 805
453 899
454 700
455 546
455 678
455 887
455 967
456 532
456 890
457 487
457 572
457 649
457 907
457 911
458 489
458 490
458 564
458 617
458 629
458 828
458 996
459 670
459 696
459 855
459 876
459 882
459 886
459 950
459 955
460 513
460 659
460 691
460 937
461 525
461 711
462 605
463 560
463 638
463 829
463 846
463 875
463 885
464 514
464 709
464 981
465 516
465 565
465 961
466 580
466 735
466 748
466 778
466 910
466 941
467 668
467 737
467 860
468 592
468 654
468 673
468 693
468 759
468 781
468 897
469 556
469 684
469 764
470 631
471 667
471 819
472 564
472 744
472 764
472 840
472 984
473 523
473 731
474 524
475 536
475 699
476 662
476 725
476 993
476 998
477 661
477 689
477 724
477 919
477 974
477 990
479 629
479 689
480 616
480 919
481 601
481 825
481 877
482 708
483 610
483 612
483 872
484 816
485 516
485 556
485 627
485 666
485 718
485 825
485 961
486 810
486 886
486 965
486 986
487 925
488 551
488 577
488 604
488 779
489 634
489 728
489 735
489 926
490 620
490 783
490 819
491 581
491 726
491 960
492 501
492 538
492 705
492 815
492 832
492 986
493 537
494 551
494 828
495 499
495 522
495 559
495 770
496 696
497 697
497 778
497 903
497 920
497 933
498 548
498 638
498 674
498 890
499 649
499 651
499 680
499 866
500 529
500 639
500 658
500 703
501 577
501 578
501 721
501 832
502 603
502 714
503 630
503 652
503 893
504 769
504 793
504 861
505 724
506 516
506 571
506 745
506 812
507 643
507 886
507 903
508 571
508 837
509 510
509 547
509 564
509 717
509 718
509 825
510 514
510 579
510 635
510 756
510 919
510 945
511 540
511 563
511 979
512 699
512 774
512 780
512 878
513 532
513 715
513 766
514 665
514 686
514 695
514 735
514 978
516 531
516 597
516 638
516 730
517 752
518 911
518 966
519 847
519 872
519 899
519 900
520 547
520 838
520 957
521 889
521 933
522 635
522 640
522 683
522 698
522 928
523 633
523 651
523 871
523 954
524 725
525 543
525 647
525 724
525 726
525 768
525 798
525 870
525 948
526 547
526 650
526 680
526 967
526 976
527 757
527 779
527 796
528 594
528 776
528 871
528 952
529 675
529 687
530 958
532 688
532 707
532 810
532 817
533 791
534 714
534 967
535 597
535 614
535 664
535 670
535 836
536 580
536 599
536 659
536 852
536 879
537 577
537 861
537 965
538 671
538 693
538 713
538 803
538 869
538 930
539 564
539 565
539 574
539 635
539 998
540 997
541 555
541 711
541 840
541 881
541 891
542 567
542 653
542 746
542 895
542 976
542 987
543 566
543 689
543 802
543 803
544 583
544 624
544 737
545 635
545 814
546 883
546 898
547 548
547 856
547 877
547 926
547 989
548 744
548 815
548 895
549 581
549 749
549 925
550 740
550 885
550 888
552 559
552 642
552 950
553 645
553 820
553 880
554 759
554 764
555 610
555 716
555 855
556 592
556 725
556 733
557 680
557 693
558 744
558 920
558 961
559 802
560 602
560 699
560 773
560 856
561 661
561 685
561 717
561 739
561 915
561 926
561 973
561 987
562 611
562 632
562 987
563 572
563 581
563 761
563 882
563 981
564 706
564 878
564 883
565 725
565 746
565 748
565 876
565 928
566 632
566 687
566 748
566 958
567 732
567 965
568 899
569 570
569 985
570 912
571 867
571 993
573 600
573 619
574 620
574 703
574 842
574 955
574 990
575 662
575 670
575 876
575 998
576 624
576 725
576 755
576 787
576 938
577 588
577 663
577 960
578 672
578 948
578 959
580 746
580 754
580 759
580 802
581 648
581 691
581 727
582 837
583 967
584 607
584 687
584 830
585 673
585 818
586 883
586 888
587 618
587 876
587 964
588 924
589 749
589 805
589 848
590 649
590 778
590 962
592 617
592 714
592 944
593 660
593 700
593 826
594 951
595 801
595 947
595 989
596 678
596 880
596 881
596 892
597 616
597 643
597 733
597 837
598 847
598 935
598 970
598 987
599 785
599 933
600 718
600 764
600 790
601 819
602 915
603 837
604 632
604 703
604 889
605 683
605 743
606 862
606 884
606 939
607 616
607 986
608 768
608 780
609 737
609 757
610 859
611 627
611 652
611 663
611 692
611 775
611 955
612 847
612 986
613 691
615 841
615 931
615 937
616 812
616 882
616 983
618 627
618 936
618 952
618 963
619 728
619 818
620 624
621 673
621 812
621 852
622 688
622 821
623 627
623 692
624 839
624 894
625 632
626 795
626 835
627 779
628 737
628 832
628 923
628 991
629 642
629 786
630 696
630 785
631 636
631 797
631 967
634 767
635 829
635 894
636 706
636 713
636 740
637 778
637 944
639 681
639 791
640 656
640 762
640 814
640 856
641 788
641 903
642 664
642 688
642 730
642 746
642 918
644 873
645 835
646 893
647 697
647 900
647 915
647 980
648 856
649 669
649 993
650 708
651 704
651 879
652 957
653 750
653 760
653 798
653 851
653 884
654 720
654 934
654 971
655 879
655 923
656 787
656 945
657 848
658 691
658 813
658 961
658 997
659 983
660 710
660 894
661 665
661 719
661 739
662 866
663 748
663 751
663 826
663 850
663 950
664 951
665 900
666 784
668 748
669 929
669 978
670 893
671 786
671 858
673 903
673 968
675 963
676 903
677 768
677 794
677 883
678 724
678 742
679 850
681 883
682 896
683 801
684 787
685 899
686 721
686 751
686 872
686 910
687 694
688 775
689 806
689 904
689 938
689 961
690 796
690 880
691 945
692 725
692 792
692 968
693 701
693 815
694 707
694 725
694 751
694 785
696 699
696 719
696 885
697 769
697 850
698 833
698 877
699 778
700 848
700 976
700 994
701 731
701 922
702 708
702 733
702 920
703 723
703 806
704 733
704 800
704 874
704 887
708 798
709 725
709 924
710 875
711 760
712 783
712 805
712 938
713 897
714 999
715 813
715 874
716 742
717 791
717 845
717 898
718 931
719 933
720 960
721 808
721 852
721 882
722 782
722 866
724 999
726 739
726 857
729 915
730 744
730 803
730 991
731 825
732 793
732 794
733 985
734 795
734 929
734 942
734 981
736 862
737 869
737 912
739 802
739 938
742 814
742 910
743 867
744 780
744 843
744 917
744 924
745 968
746 796
746 909
747 812
747 944
747 973
748 780
748 851
748 911
749 779
749 846
749 980
749 986
750 831
750 998
751 840
752 768
752 884
753 917
754 939
754 973
756 938
757 775
758 829
758 836
759 787
760 786
762 854
763 846
764 892
765 857
767 788
767 840
767 974
769 980
770 947
771 786
771 903
771 913
773 871
774 826
775 840
775 995
776 852
776 867
776 885
777 811
778 805
778 869
778 877
778 898
778 970
779 848
779 994
781 819
781 871
782 806
782 817
783 829
784 849
786 868
786 932
788 861
788 927
789 930
790 973
791 974
792 863
792 942
793 981
795 827
795 869
795 978
797 861
798 884
798 936
798 983
802 851
802 967
804 946
805 989
806 984
808 937
808 964
811 997
812 901
812 917
812 981
813 884
813 951
815 892
818 886
819 925
819 935
819 991
820 928
821 846
821 882
823 868
823 998
824 843
825 973
825 978
826 843
826 997
831 845
831 873
831 961
832 853
834 906
837 977
840 843
841 931
846 963
846 976
849 885
849 924
853 936
854 918
856 910
857 875
858 987
858 998
859 922
860 930
864 951
867 977
869 877
870 965
871 906
874 881
876 924
877 902
879 894
880 939
880 994
881 970
882 962
883 933
887 908
887 980
888 911
888 941
889 998
893 908
893 952
893 977
894 915
895 964
897 921
897 970
897 996
898 911
899 911
901 916
905 983
911 932
914 948
914 961
915 927
917 920
917 935
917 986
920 974
921 964
922 989
928 931
935 971
942 987
943 958
946 972
947 987
948 966
954 993
