0 274
0 400
0 903
1 59
1 122
1 189
1 216
1 499
1 566
1 720
1 727
1 974
2 137
2 311
2 645
2 672
2 766
2 767
2 849
2 957
3 19
3 28
3 78
3 178
3 481
3 733
3 957
4 64
4 517
4 989
5 194
6 123
6 173
6 177
6 337
6 398
6 582
6 696
7 82
7 185
7 442
7 562
7 737
7 739
7 791
8 243
8 280
8 377
8 460
8 754
8 875
8 943
9 200
9 211
9 261
9 382
9 436
9 971
10 103
10 541
10 786
10 985
11 185
11 374
11 526
12 85
12 284
12 299
12 669
12 756
12 757
13 73
13 274
13 403
13 456
13 502
13 511
13 524
14 71
14 150
14 189
14 443
14 533
14 682
14 864
14 936
14 949
14 994
15 66
15 312
15 459
15 786
15 794
16 84
16 247
16 305
16 315
16 594
16 770
16 814
16 887
16 935
17 76
17 94
17 369
17 387
17 411
17 626
17 694
17 911
18 82
18 201
18 437
18 625
18 750
18 927
19 123
19 262
19 267
19 342
19 610
19 819
19 834
20 110
20 237
20 571
20 574
20 626
20 731
20 762
20 972
21 206
21 620
21 643
21 655
21 741
21 882
22 223
22 263
22 268
22 473
22 482
22 771
23 121
23 434
23 735
23 976
24 168
24 492
24 692
24 725
24 793
25 73
25 128
25 132
25 347
25 355
25 467
25 473
25 528
25 827
25 888
25 957
26 65
26 99
26 164
26 643
26 840
27 62
27 308
27 317
27 397
27 425
27 614
27 803
27 847
27 928
27 974
28 34
28 164
28 488
28 829
28 898
29 48
29 64
29 184
29 570
29 907
29 948
29 976
30 42
30 223
30 310
30 312
30 637
30 816
30 959
31 518
31 669
31 696
31 956
32 41
32 147
32 267
32 384
32 811
33 81
33 85
33 172
33 242
33 256
33 328
33 995
34 200
34 283
34 501
34 702
34 913
35 128
35 250
35 286
35 314
35 470
35 771
36 79
36 509
36 554
36 567
36 596
37 44
37 348
37 483
37 540
37 892
38 104
38 425
38 522
38 548
38 909
38 987
39 125
39 184
39 545
39 586
39 772
39 825
39 915
39 966
40 284
40 300
40 353
40 376
40 453
40 488
41 931
42 106
42 322
42 500
42 740
42 771
42 779
43 157
43 222
43 543
43 610
43 870
43 884
43 960
44 234
44 237
44 256
44 562
44 574
44 620
44 792
44 814
44 880
45 152
45 186
45 343
45 468
45 652
45 829
46 197
46 480
46 600
46 612
46 694
47 53
47 134
47 375
47 385
47 487
47 505
47 597
47 707
47 712
47 757
47 949
47 962
48 63
48 172
48 238
48 294
48 430
48 459
48 743
49 537
49 693
49 910
49 947
49 970
49 986
50 137
50 202
50 321
50 370
51 145
51 160
51 180
51 240
51 411
51 453
51 712
51 725
51 950
52 273
52 469
52 492
52 666
52 692
52 732
53 199
53 749
53 908
53 986
54 152
54 227
54 704
55 62
55 97
55 143
55 310
55 349
55 488
55 666
55 673
55 769
56 145
56 238
56 450
57 870
58 108
58 127
58 601
58 642
58 743
58 765
58 809
59 549
59 638
59 903
59 916
60 111
60 278
60 335
60 394
60 871
60 979
61 165
61 196
61 260
61 331
61 369
62 126
62 537
62 564
62 774
63 508
63 646
63 670
63 701
63 874
64 288
64 404
64 874
64 955
65 153
65 172
65 211
65 248
65 302
65 430
65 676
66 162
66 792
66 846
67 368
67 375
67 963
68 427
68 519
68 584
69 126
69 158
69 399
69 446
69 759
69 778
70 132
70 198
70 460
70 635
70 721
70 758
70 890
71 215
71 479
71 509
71 699
71 716
71 997
72 94
72 130
72 145
72 237
72 325
72 835
72 931
73 104
73 535
73 543
73 550
73 586
73 766
73 767
74 174
74 329
74 415
74 698
74 891
74 964
74 966
75 501
75 561
75 584
75 617
75 674
75 873
75 889
76 119
76 352
76 390
76 457
76 590
76 696
76 815
77 171
77 250
77 535
77 545
77 590
77 987
78 248
78 541
78 567
78 608
78 794
78 855
78 940
79 170
79 246
80 322
80 492
80 543
80 549
80 624
80 651
80 781
81 258
81 308
81 363
81 991
81 992
82 209
82 291
82 475
82 571
83 320
83 428
83 569
83 610
83 762
83 798
83 864
83 886
83 915
83 951
83 972
84 165
84 279
84 542
84 874
85 141
85 185
85 452
85 745
85 845
85 893
85 918
86 792
87 156
87 346
87 411
87 753
88 197
88 635
88 651
88 859
88 939
89 493
89 869
89 871
89 910
90 183
90 534
90 708
90 930
90 977
91 201
91 218
91 725
91 810
91 945
92 369
92 372
92 377
92 682
93 362
93 616
93 673
93 756
93 993
94 520
94 676
94 908
94 972
95 541
95 634
95 675
95 706
96 159
96 416
96 433
96 443
96 448
96 719
96 739
96 944
97 516
97 517
97 569
97 641
97 726
97 752
97 766
97 838
98 198
98 256
98 367
98 420
98 505
98 585
98 617
98 696
98 820
98 833
98 979
99 312
99 715
99 722
100 394
100 655
100 936
100 942
101 116
101 973
102 407
102 873
103 109
103 590
103 632
103 734
103 803
103 863
103 908
104 265
104 346
104 604
104 792
104 824
104 991
105 246
105 274
105 349
105 573
105 595
105 833
105 848
106 391
106 544
106 762
106 796
107 288
108 138
108 430
108 442
108 733
108 784
108 928
109 115
109 311
109 560
109 570
110 198
110 482
110 582
110 602
110 657
110 814
110 991
111 340
111 576
111 675
112 234
112 312
112 358
112 522
112 548
112 630
112 665
113 320
113 450
113 887
114 197
114 441
114 677
114 769
115 144
115 311
115 519
115 880
115 939
116 129
116 150
116 239
116 252
116 282
116 675
117 145
117 284
117 534
117 586
117 686
117 940
118 661
118 682
118 810
118 830
119 207
119 337
120 425
120 729
120 745
120 761
120 784
120 936
121 153
121 558
121 570
121 681
122 125
122 268
122 320
122 419
122 474
122 938
123 218
123 590
123 621
123 713
123 816
123 979
124 389
124 727
124 990
125 487
125 522
125 800
125 805
125 854
126 464
126 788
127 210
127 275
127 588
127 627
127 680
127 800
128 275
128 743
128 853
128 907
128 922
129 169
129 358
129 372
129 848
130 146
130 280
130 972
131 214
131 271
131 616
131 716
132 635
132 972
132 988
133 239
133 324
133 429
133 918
134 135
134 274
134 518
134 676
134 689
134 728
135 140
135 358
135 583
135 640
135 771
136 181
136 301
136 306
136 313
136 366
136 652
136 868
136 977
137 262
137 371
137 412
137 526
137 993
138 308
138 345
138 472
138 539
138 550
138 559
138 650
138 802
138 864
138 922
138 974
139 143
139 265
139 299
139 570
139 834
139 900
140 190
140 727
140 737
141 648
141 749
141 801
141 900
142 368
142 594
142 977
143 263
143 280
143 311
143 593
143 629
143 665
143 856
143 937
144 312
144 522
144 663
144 804
144 949
145 294
145 353
145 553
145 623
145 632
146 158
146 538
146 655
146 745
146 769
146 865
147 257
147 282
147 533
147 946
148 295
148 391
148 457
148 786
148 817
149 245
149 543
149 655
149 788
149 857
150 298
150 301
150 498
150 519
150 603
150 622
150 640
150 691
150 905
150 911
150 971
151 174
151 342
151 475
151 845
152 202
152 427
152 430
152 511
153 234
153 332
153 445
153 509
153 839
153 992
154 260
154 361
154 471
154 869
155 378
155 399
155 794
155 839
155 924
156 322
156 352
156 446
156 558
156 841
157 325
157 520
157 796
157 815
158 537
158 569
158 913
159 353
159 801
159 969
160 415
160 488
160 506
160 560
160 688
160 787
161 187
161 237
161 407
161 741
161 770
161 953
162 316
162 422
162 428
162 463
162 489
162 493
162 552
162 609
162 830
163 249
163 272
163 274
163 383
163 590
164 173
164 396
164 471
164 785
164 827
165 400
165 456
165 589
165 669
165 785
165 814
166 280
166 782
166 943
167 245
167 269
167 271
167 519
167 879
167 942
168 610
168 669
168 862
168 908
169 408
169 617
169 684
169 763
169 783
169 873
169 909
169 952
170 191
170 212
170 386
170 618
170 629
170 740
170 894
170 901
171 340
171 507
171 548
171 897
171 906
172 292
172 486
172 739
172 756
172 958
173 176
173 419
173 431
173 684
173 910
174 600
174 943
174 956
175 656
176 397
176 403
176 486
176 599
176 855
176 973
177 203
177 329
177 384
177 507
177 566
177 662
177 963
178 337
178 729
179 433
179 456
179 460
179 575
179 670
179 936
179 940
180 193
180 599
181 475
181 830
181 858
182 278
182 660
182 730
182 856
182 898
182 980
183 403
183 525
183 550
183 637
183 671
183 724
183 796
184 211
184 418
184 493
184 674
184 679
184 873
184 874
184 979
185 376
185 465
185 583
185 675
186 265
186 332
186 397
186 743
186 882
187 208
187 422
187 466
187 521
187 673
187 959
188 337
188 500
188 664
188 980
189 447
189 636
189 666
189 912
190 270
190 365
190 513
190 714
190 913
191 243
191 274
191 396
191 428
191 513
191 646
191 807
192 210
193 255
193 370
193 410
193 592
193 761
193 804
193 885
194 293
194 318
194 391
194 472
194 496
194 580
194 887
194 916
194 940
194 961
195 240
195 728
195 763
195 876
196 281
197 276
197 291
197 399
197 767
197 914
197 941
197 946
198 592
198 697
198 745
198 879
199 264
199 387
199 481
199 686
200 235
200 441
201 244
201 537
202 207
202 238
202 435
202 454
202 499
202 654
202 672
202 689
202 841
202 878
203 258
203 395
203 413
203 421
203 718
203 780
203 825
204 225
204 397
204 472
205 394
205 599
205 656
205 724
206 564
206 686
206 773
206 892
206 961
207 367
207 454
208 282
208 462
208 524
208 568
208 585
208 714
208 717
208 800
208 825
208 918
208 996
209 640
209 960
210 513
210 652
210 673
211 301
211 407
211 432
211 489
211 657
211 685
211 889
211 966
211 993
212 542
212 597
212 619
212 636
212 991
213 255
213 344
213 481
213 573
213 608
214 307
214 441
214 625
214 647
215 342
215 435
215 564
215 739
216 401
216 470
216 545
216 788
216 824
216 864
216 865
216 870
216 918
216 939
217 228
217 643
217 765
217 810
218 867
218 976
219 318
219 330
219 451
219 490
219 553
219 653
219 665
219 980
220 555
220 656
221 397
221 513
221 627
221 852
221 889
222 286
222 328
222 380
222 618
222 688
222 721
222 935
222 945
223 501
223 927
224 305
224 321
224 578
224 584
224 587
224 702
225 327
225 440
225 587
225 672
225 769
225 903
226 458
226 566
226 727
226 773
226 889
226 898
226 938
227 345
227 422
227 796
227 798
227 944
228 363
228 528
228 698
228 820
229 389
230 670
230 688
230 954
231 252
231 507
231 705
232 268
232 380
232 614
232 656
232 770
233 431
233 661
233 759
233 942
234 357
235 326
235 545
235 631
235 889
235 903
235 919
237 554
237 854
237 920
238 266
238 415
238 747
238 853
239 717
240 396
240 520
240 599
240 649
240 938
241 310
241 485
242 343
242 774
242 804
242 913
243 324
243 655
243 838
244 491
244 611
245 385
245 464
245 849
245 970
246 265
246 309
246 467
246 493
246 539
246 653
246 736
246 737
246 881
247 319
247 372
247 495
247 780
247 939
248 434
248 459
248 765
249 433
249 560
249 709
250 309
250 680
250 756
250 788
251 280
251 676
252 268
252 437
252 452
252 491
252 504
252 643
252 680
253 481
253 564
253 670
253 701
253 761
254 525
254 543
254 550
254 661
254 710
254 733
254 775
254 929
255 294
255 407
255 669
255 840
255 858
255 893
256 395
256 538
256 656
256 910
257 283
257 287
257 469
257 707
257 836
257 943
258 526
258 532
258 572
258 642
258 845
258 890
258 907
258 930
259 263
259 298
259 310
259 774
260 363
260 993
261 304
261 362
261 531
262 263
262 277
262 396
262 745
263 341
263 688
263 865
263 923
264 330
264 573
264 766
264 892
265 389
265 468
265 561
265 676
265 916
266 511
266 698
266 825
266 847
266 896
266 974
267 309
267 597
267 953
268 296
268 472
268 492
268 603
268 613
268 724
268 913
268 923
269 425
269 629
269 646
269 713
270 546
270 667
270 769
270 943
271 822
271 866
272 309
272 313
272 435
272 441
272 610
272 623
273 858
274 318
274 354
274 653
274 709
274 881
275 536
275 622
275 651
275 710
275 746
275 790
276 467
276 477
276 780
276 812
276 826
276 907
277 307
277 545
277 912
277 927
278 282
278 667
279 454
279 502
279 881
280 414
280 555
280 805
280 809
280 871
281 562
281 931
281 933
282 326
282 380
282 567
282 639
282 737
282 809
283 648
283 734
283 864
283 977
284 645
284 694
284 801
284 986
285 480
285 725
285 749
285 791
285 821
286 430
286 479
286 483
286 697
286 812
287 347
287 422
287 435
287 499
287 511
287 539
287 633
288 303
288 541
288 605
288 632
288 754
288 786
288 847
289 301
289 341
289 441
289 485
289 735
290 409
290 619
290 817
290 954
291 300
291 382
291 726
291 879
291 922
292 448
292 719
293 559
293 568
293 616
293 920
294 316
294 690
294 700
295 326
295 435
295 449
295 489
295 493
295 797
296 426
296 653
296 881
297 533
298 517
298 530
298 588
298 613
298 985
299 352
299 846
299 866
299 928
300 446
300 630
300 895
300 983
301 508
301 681
301 717
301 855
302 607
303 320
303 497
303 960
304 485
304 704
304 915
305 501
306 311
306 400
306 831
307 398
307 520
307 647
307 783
307 841
307 881
307 909
308 387
308 503
308 541
308 693
308 803
308 817
308 834
309 386
309 427
309 436
309 487
309 556
309 667
309 763
309 995
310 354
310 724
310 958
311 337
311 358
311 957
312 392
312 605
312 616
313 577
313 705
315 562
315 592
315 639
315 647
315 847
315 920
315 938
315 977
316 457
316 574
316 756
316 929
316 944
317 434
317 531
317 557
317 909
317 932
318 525
318 622
318 764
319 960
319 989
320 823
321 527
321 601
321 844
321 877
321 970
322 553
322 824
322 880
322 883
323 459
323 607
323 680
323 872
324 812
325 407
325 780
326 595
326 714
326 880
327 791
327 878
328 354
328 408
328 418
328 504
328 959
329 375
329 484
329 623
329 818
330 736
330 930
331 338
331 433
331 483
331 497
331 499
331 804
331 867
332 338
332 440
332 686
332 707
332 710
332 967
333 570
333 923
334 340
334 798
334 854
335 848
336 818
337 538
337 681
337 773
337 950
338 418
338 501
338 543
338 702
339 368
339 418
339 526
339 537
339 683
339 742
339 784
339 902
339 972
339 978
340 387
340 551
340 666
340 953
341 420
341 468
341 620
341 801
341 897
342 362
342 516
342 776
342 799
342 882
342 928
342 957
342 980
343 911
344 623
344 708
344 709
345 893
346 534
346 601
347 389
347 553
347 726
347 787
347 811
348 366
348 392
348 620
348 757
348 918
348 982
349 511
349 761
350 708
350 746
350 812
350 938
351 768
351 989
352 447
352 582
352 929
352 946
352 948
353 375
353 408
353 523
353 546
353 802
354 725
354 954
355 667
356 386
356 472
356 530
356 857
356 873
356 905
356 939
356 982
357 471
357 474
357 911
357 931
357 988
358 696
358 939
359 550
359 596
359 622
359 846
359 922
360 542
360 580
360 609
360 802
361 427
361 614
361 851
361 985
362 657
362 663
362 763
362 939
363 416
363 564
363 678
363 784
364 474
364 531
364 725
364 824
364 897
364 937
365 404
365 674
365 955
366 661
367 406
367 518
367 542
367 624
367 726
368 553
368 972
369 381
369 394
369 410
369 665
369 679
369 908
370 601
370 763
370 852
370 870
370 945
371 888
371 911
372 423
372 548
372 855
373 607
373 947
374 540
374 672
374 742
374 897
374 917
375 715
376 435
376 523
376 566
376 664
376 778
377 428
377 682
377 765
377 833
377 986
378 465
378 631
378 773
378 846
379 385
379 686
379 727
379 750
379 912
380 726
380 879
381 555
381 767
381 775
382 647
382 864
382 927
382 954
382 973
383 826
384 489
384 529
385 415
385 480
385 539
385 551
385 639
385 708
385 770
385 777
386 442
386 501
386 571
386 672
386 717
386 782
386 957
386 997
387 397
387 699
387 768
388 648
388 830
388 971
389 532
389 835
390 420
390 626
390 674
390 774
391 916
392 610
392 807
393 853
393 856
393 934
394 396
394 399
394 443
394 520
394 761
395 525
395 605
395 606
395 750
395 818
395 934
396 635
396 893
396 901
396 907
397 654
397 984
398 647
398 840
398 861
399 527
399 864
399 912
400 639
400 677
400 894
402 440
402 462
402 633
402 735
403 986
404 744
405 610
405 655
405 901
406 455
406 580
406 659
406 703
406 742
406 753
406 800
406 853
407 813
407 918
408 428
408 660
408 673
409 536
409 605
409 761
410 685
410 743
411 845
412 619
412 627
412 784
412 815
412 857
412 971
413 658
413 700
413 747
413 757
413 908
414 470
414 521
414 754
414 817
415 572
415 589
415 736
415 887
416 664
416 872
416 941
417 734
417 807
419 449
419 605
419 732
419 828
420 510
420 518
420 863
420 895
421 699
422 583
422 653
423 485
423 508
424 429
424 645
424 649
424 724
425 892
425 894
426 661
426 950
427 433
427 543
427 560
427 600
427 715
427 770
427 828
428 554
428 660
428 728
428 970
429 576
429 693
430 589
430 749
430 789
431 474
431 567
431 812
431 954
432 517
432 543
432 959
433 435
433 835
433 929
433 962
434 663
434 783
434 991
435 812
436 443
436 684
436 713
436 785
436 818
436 992
437 522
437 926
439 641
439 643
439 785
440 626
440 667
440 717
440 965
441 863
442 657
442 679
442 995
444 486
444 722
444 770
445 614
446 666
446 667
446 759
447 468
448 453
448 599
449 876
450 552
450 673
450 677
450 807
450 830
450 924
450 971
450 997
451 516
451 574
451 599
452 544
452 624
452 732
452 754
453 557
453 654
453 900
453 929
454 490
455 550
455 762
455 769
455 926
455 967
456 600
456 868
457 708
458 524
458 847
459 573
459 658
460 630
460 707
460 758
460 831
461 851
461 866
462 464
462 928
463 607
463 977
464 683
464 686
464 830
465 560
465 561
465 564
465 632
465 638
465 711
465 852
465 931
466 482
466 542
466 695
466 703
466 832
467 646
467 689
467 944
468 532
468 747
468 825
468 832
468 833
469 504
469 617
469 777
470 475
470 639
470 756
472 829
473 730
474 971
474 984
475 739
475 893
475 914
476 571
476 840
476 853
476 902
477 830
478 799
478 811
478 825
478 897
479 516
479 565
479 918
480 495
480 605
480 755
480 894
481 779
481 881
482 548
482 698
483 744
483 986
484 639
484 946
485 487
485 529
485 841
485 869
485 951
486 670
486 972
487 509
487 650
487 708
487 812
487 875
487 945
487 970
487 990
488 498
488 750
488 906
488 920
489 544
489 644
489 905
490 712
490 794
490 909
490 916
491 640
491 660
491 726
491 741
491 790
491 794
492 623
492 805
492 992
493 524
493 674
493 997
494 893
495 547
495 812
495 821
495 828
497 507
497 806
497 816
497 897
500 527
500 565
500 792
500 810
501 553
501 765
501 872
502 576
502 759
502 963
503 897
503 957
503 979
504 555
505 543
505 745
505 853
506 742
506 984
507 531
507 620
507 874
508 681
508 776
508 822
508 883
508 962
509 529
509 672
509 780
510 696
510 859
511 680
511 699
511 749
512 611
512 683
512 810
512 873
512 919
512 942
512 956
513 531
513 624
513 716
513 952
514 567
514 652
514 719
514 933
514 994
515 616
515 752
515 834
515 868
515 873
515 941
516 638
516 709
516 924
518 906
519 537
519 748
519 837
519 949
520 534
520 630
520 747
520 776
520 860
521 544
521 655
521 662
521 720
521 727
521 784
522 559
522 592
522 639
522 666
522 724
522 733
523 528
523 815
523 846
523 904
524 585
524 698
524 700
524 711
524 957
524 972
525 731
525 999
526 554
526 636
526 766
527 618
527 649
528 717
528 795
528 844
529 908
529 973
530 704
530 783
530 846
531 708
531 724
531 994
533 635
534 601
534 697
534 708
534 976
535 877
536 656
537 588
537 977
538 545
538 586
538 612
539 667
539 954
540 653
540 728
540 736
540 744
541 674
541 829
541 866
542 574
542 691
542 745
542 930
542 985
543 778
543 873
544 801
544 874
545 689
545 773
546 750
546 932
546 969
547 804
547 939
548 559
548 586
548 618
548 665
549 591
549 638
549 909
550 562
550 922
550 962
551 739
551 754
551 766
551 787
551 805
551 855
551 927
552 841
552 920
553 656
553 957
554 647
554 708
554 721
554 734
554 925
554 931
556 713
556 982
557 871
557 934
557 993
558 663
558 828
558 887
559 705
559 891
560 859
561 720
562 786
562 893
563 743
563 788
563 950
564 738
564 804
564 909
564 963
565 830
565 864
565 866
565 893
565 989
566 598
566 663
566 911
567 742
567 815
567 886
568 759
568 788
569 712
569 794
569 899
569 974
570 631
571 760
572 635
572 778
572 906
573 580
573 627
573 658
574 622
574 745
574 769
575 738
575 748
575 886
575 902
577 685
577 867
577 888
578 799
578 988
579 700
579 883
579 939
580 749
580 766
581 627
581 730
581 752
581 754
583 593
583 905
583 923
583 931
584 711
584 825
584 837
584 914
585 786
585 924
585 967
586 596
586 649
586 885
587 624
587 851
587 978
588 660
588 692
588 858
589 675
589 940
591 651
591 687
591 694
591 831
591 869
591 991
591 993
592 769
592 823
592 867
592 939
593 965
594 605
594 657
594 845
595 835
595 869
596 623
596 804
597 854
597 916
597 943
597 994
598 764
598 776
599 672
599 974
599 977
601 841
602 805
602 981
603 655
603 819
603 883
604 626
604 700
605 637
605 679
605 699
606 781
607 755
607 783
607 891
608 770
609 746
610 683
610 719
610 720
611 765
611 803
611 933
612 698
612 870
612 892
613 709
613 738
613 867
615 710
616 930
617 980
618 902
618 981
619 782
620 830
621 681
621 787
622 774
622 903
623 645
624 644
624 740
625 796
625 892
625 924
626 670
626 943
627 646
627 719
627 731
627 766
627 820
627 959
627 979
628 720
628 736
628 775
629 637
629 823
629 847
629 899
630 754
630 966
631 667
631 865
631 894
631 971
632 678
632 717
632 765
632 896
633 699
633 791
633 867
633 869
633 978
634 841
635 759
635 848
636 675
639 710
640 850
640 968
641 645
641 921
643 887
644 653
645 811
645 853
645 921
646 920
646 968
646 996
647 992
648 945
649 751
649 991
650 830
650 857
651 661
651 696
651 785
652 762
652 970
653 662
653 728
654 661
654 877
655 692
655 716
656 661
656 826
656 964
657 739
657 770
657 813
658 879
658 983
660 899
660 965
662 854
662 857
663 911
665 972
666 790
666 973
666 998
668 853
669 672
669 939
670 917
670 923
670 969
671 699
672 815
672 876
672 913
673 717
673 741
673 742
673 972
674 759
674 819
674 833
674 881
675 694
675 918
675 993
676 678
676 711
676 821
677 684
678 756
678 798
680 838
681 741
681 806
682 688
682 702
682 756
682 825
683 688
683 755
684 760
684 823
684 938
685 993
686 967
687 836
687 898
687 920
687 927
688 738
688 909
688 954
689 819
689 863
689 914
689 991
690 776
690 854
690 937
691 754
691 769
691 815
692 882
693 729
693 826
693 847
693 901
695 978
696 735
696 736
696 823
697 785
697 826
697 859
697 972
698 881
700 753
700 768
700 781
700 863
700 976
701 703
701 863
701 999
702 782
702 793
702 837
702 874
703 739
703 831
703 879
703 973
704 952
705 787
705 815
706 713
706 912
707 946
707 987
708 710
708 749
708 752
708 947
708 995
709 757
710 872
711 997
712 903
712 961
712 978
713 752
714 825
714 928
715 797
715 812
716 775
716 873
717 729
717 735
718 855
718 939
719 771
719 897
720 797
720 829
721 980
722 901
723 977
724 854
724 975
725 816
725 967
726 967
728 977
729 830
729 977
730 856
731 932
731 936
731 978
734 855
734 937
736 795
736 902
736 944
736 986
736 998
737 990
738 876
741 749
741 947
741 969
742 819
742 876
742 917
743 977
744 779
744 819
744 896
745 780
745 902
745 962
746 954
747 766
747 777
748 776
748 780
748 800
749 860
749 913
750 879
751 820
751 861
751 868
752 805
752 817
752 888
752 900
754 783
754 888
755 794
757 886
759 866
759 967
760 781
760 975
761 945
762 883
762 996
763 796
765 862
766 887
766 912
767 824
767 839
768 894
768 978
769 928
772 996
773 899
774 921
775 992
776 812
776 837
777 793
777 899
777 982
778 813
778 817
778 836
778 875
778 940
779 796
781 868
781 941
782 895
786 868
787 957
788 893
790 940
791 966
792 928
793 835
793 885
794 974
795 839
795 934
795 950
797 978
798 813
798 946
798 998
799 806
799 938
800 879
800 943
801 844
801 854
801 868
801 977
802 835
803 829
803 836
804 821
804 838
804 992
805 829
805 893
806 827
809 902
809 954
810 823
811 882
812 818
813 977
814 850
814 873
814 889
815 898
816 930
816 957
818 878
820 871
820 927
820 931
821 965
822 856
822 948
825 965
825 967
828 926
828 942
829 938
830 975
830 993
831 839
831 889
831 983
832 945
834 991
835 865
835 932
835 944
835 959
835 999
836 902
836 946
839 975
840 868
842 878
843 896
844 877
844 880
845 881
846 972
847 858
847 985
850 921
851 891
852 985
854 891
855 867
855 987
857 962
858 879
860 940
862 962
868 935
868 944
869 909
869 933
871 894
871 931
874 950
874 985
877 893
878 921
883 894
883 980
883 985
884 887
884 923
885 919
887 898
888 977
888 978
890 959
891 908
892 911
892 953
894 921
897 959
905 948
906 990
907 929
907 943
907 953
908 967
909 976
918 975
919 970
921 991
924 985
926 952
926 966
927 994
932 938
936 938
937 957
937 969
937 979
938 969
939 957
945 990
949 989
952 983
952 995
953 964
954 993
957 971
958 971
960 971
966 997
968 980
973 992
987 993
991 999
