0 156
0 192
0 331
0 347
0 852
1 83
1 167
1 196
1 278
1 896
1 991
2 129
2 400
2 560
2 652
2 821
3 4
3 22
3 201
3 254
3 559
3 776
3 987
4 95
4 271
4 307
4 395
4 687
4 796
4 813
4 838
5 380
5 386
5 389
5 508
5 591
5 593
5 651
5 719
6 21
6 127
6 840
6 972
7 796
8 36
8 428
8 432
8 484
8 537
8 627
8 733
8 935
9 34
9 107
9 200
9 354
9 533
9 779
9 841
9 871
9 893
10 91
10 161
10 254
10 999
11 97
11 153
11 166
11 263
11 294
11 377
11 432
11 568
11 763
12 66
12 262
12 270
12 475
12 522
12 637
12 645
12 755
12 816
13 123
13 353
13 375
13 662
13 670
14 68
14 602
14 603
14 681
14 888
15 67
15 103
15 186
15 426
15 937
16 132
16 142
16 518
16 825
16 870
16 877
16 891
16 963
17 342
17 395
17 563
17 896
17 914
17 951
17 957
18 94
18 196
18 468
18 519
19 34
19 276
19 314
19 520
19 613
19 630
19 817
20 163
20 212
20 232
20 537
20 733
20 895
21 261
21 298
21 372
21 486
21 564
21 583
21 913
22 86
22 89
22 160
22 256
22 362
22 379
22 432
22 566
22 841
23 283
23 546
23 631
23 640
23 661
23 791
23 838
23 913
24 85
24 90
24 462
24 833
24 862
24 994
25 103
25 270
25 314
25 790
25 865
25 882
26 30
26 261
26 293
26 363
26 654
26 853
26 869
26 889
27 131
27 202
27 214
27 277
27 363
28 109
28 145
28 271
28 328
28 362
28 530
28 585
28 653
28 661
28 781
29 38
29 148
29 403
29 484
29 551
29 646
29 945
30 110
30 478
30 479
30 571
30 665
30 944
30 957
31 338
31 696
31 714
31 953
32 62
32 73
32 189
32 278
32 379
32 400
32 430
32 458
32 712
32 721
32 926
32 929
33 211
33 279
33 421
33 747
33 782
33 801
33 847
33 913
33 921
34 238
34 257
34 658
34 882
34 941
35 562
36 212
36 403
36 928
36 978
37 130
37 357
37 372
37 406
37 446
37 473
37 828
37 932
38 70
38 432
38 505
38 651
38 764
38 824
39 213
39 362
39 365
39 368
39 387
39 488
39 719
39 868
40 53
40 120
40 130
40 490
41 310
41 560
41 613
42 191
42 358
42 572
42 677
43 249
43 474
43 476
43 494
43 519
43 774
43 949
44 90
44 444
44 873
45 370
45 684
45 749
45 923
46 47
46 53
46 194
46 220
46 238
46 350
46 522
46 531
46 553
46 708
46 855
46 872
46 920
47 112
47 210
47 264
47 322
47 800
48 213
48 436
48 605
48 662
48 952
49 301
49 385
49 452
49 992
50 339
50 449
50 807
50 826
51 55
51 135
51 138
51 230
51 612
51 694
51 844
52 327
52 622
52 797
52 880
53 185
53 277
53 405
53 531
53 580
53 638
53 660
54 332
54 406
54 909
55 97
55 214
55 265
55 669
56 70
56 140
57 133
57 169
57 197
57 447
57 623
58 86
58 388
58 396
58 763
58 869
59 527
59 557
59 625
60 325
60 652
60 791
60 839
60 905
61 148
61 160
61 324
61 616
61 806
61 888
62 282
62 563
62 629
62 816
63 155
63 255
63 399
63 567
63 570
63 724
63 873
64 167
64 516
64 622
64 838
64 942
65 298
65 350
65 403
65 557
65 570
65 652
65 902
65 956
66 313
66 317
66 453
66 566
66 958
67 162
67 271
67 556
67 895
67 932
68 161
68 236
68 387
68 637
68 786
68 796
68 987
69 261
69 284
69 365
69 438
69 494
69 676
69 728
70 103
70 800
71 138
71 141
71 458
71 666
71 741
72 296
72 427
72 456
72 681
72 866
72 914
73 202
73 343
73 399
73 772
73 914
73 994
74 272
74 312
74 636
74 668
74 685
74 744
75 235
75 876
75 981
76 156
76 202
76 267
76 472
76 920
76 926
76 949
77 227
77 324
77 455
77 639
77 763
78 174
78 250
78 308
78 334
78 811
79 102
79 142
79 180
79 249
79 267
79 353
79 457
79 683
79 771
79 974
80 195
80 222
80 562
80 738
80 745
80 752
80 907
80 975
80 984
81 131
81 210
81 216
81 244
81 536
81 573
81 807
81 829
81 932
81 946
81 979
81 988
82 523
82 673
82 880
82 916
82 922
83 189
83 318
83 552
83 844
83 864
84 181
84 260
84 328
84 754
84 865
85 131
85 639
85 901
85 923
86 592
86 653
86 668
86 728
86 875
86 993
87 107
87 165
87 283
87 480
87 587
87 695
87 872
88 198
88 220
88 270
88 332
88 522
88 614
88 696
88 803
88 806
88 931
88 985
89 111
89 170
89 356
89 442
89 443
89 481
90 142
90 204
90 222
90 263
90 507
90 657
90 751
90 821
90 951
91 163
91 345
91 368
91 404
91 562
91 567
91 607
91 650
91 719
91 756
91 786
92 363
92 364
92 426
92 449
92 510
92 656
92 706
92 847
92 966
93 242
93 567
93 733
93 835
93 909
94 513
94 857
95 270
95 289
95 342
95 355
95 509
95 698
95 962
96 143
96 640
96 662
96 721
96 987
97 168
97 179
97 344
97 536
97 618
97 672
97 735
97 821
97 889
98 110
98 455
98 492
98 846
98 991
99 187
99 276
99 314
99 481
99 719
99 930
100 498
100 877
101 187
101 410
101 646
101 664
101 707
101 715
101 856
102 284
102 482
102 799
102 835
102 942
103 328
103 411
103 559
103 658
104 145
104 263
104 302
104 719
104 770
104 838
104 916
105 871
106 453
106 530
106 690
106 765
106 909
106 967
107 414
107 418
107 511
107 707
108 125
108 399
108 607
109 242
109 260
109 322
109 452
109 560
109 811
109 855
109 923
110 159
110 162
110 201
110 516
111 225
111 276
111 841
111 942
111 949
112 136
112 324
112 628
112 820
112 835
112 856
112 866
112 924
112 982
113 177
113 197
113 346
113 518
113 771
113 989
114 231
114 333
114 779
114 994
116 202
116 303
116 345
116 346
116 649
117 467
117 597
117 845
117 934
117 945
118 207
118 853
118 870
118 876
119 157
119 180
119 356
119 709
120 184
120 190
120 312
120 591
120 909
120 943
120 961
121 227
121 259
121 271
121 336
121 343
121 376
121 516
121 591
121 729
121 894
121 990
121 995
122 696
122 731
123 128
123 130
123 196
123 223
123 282
123 776
123 870
123 933
123 935
124 209
124 334
124 460
124 596
125 206
125 222
125 266
125 399
125 531
125 559
125 897
125 940
125 948
125 991
126 165
126 183
126 596
126 605
126 713
126 804
126 971
127 391
127 415
127 442
127 488
127 514
127 951
127 990
128 131
128 202
128 225
128 621
128 681
128 707
129 174
129 314
129 738
129 914
129 924
130 330
130 589
130 645
130 740
131 246
131 372
131 556
131 686
131 692
131 772
132 235
132 301
132 429
133 233
133 256
133 278
133 470
133 884
133 986
134 165
134 232
134 338
134 392
134 566
134 864
134 922
135 401
135 534
135 564
135 576
135 654
135 690
135 916
136 410
136 414
136 638
136 645
136 850
136 859
136 867
137 453
137 534
138 391
138 553
138 638
138 648
138 803
139 223
139 307
139 507
139 520
139 539
139 903
139 999
140 355
140 403
140 405
140 415
140 470
140 498
140 542
140 739
140 762
141 283
141 420
141 641
141 784
141 794
142 169
142 192
142 226
142 294
142 426
142 618
142 778
143 191
143 217
143 428
143 835
144 166
144 468
144 485
144 628
145 255
145 393
145 448
145 677
145 823
145 931
146 304
146 355
146 533
146 637
146 651
146 824
146 891
147 158
147 301
147 595
147 643
148 218
148 247
148 612
148 636
148 683
148 762
148 866
148 889
148 928
149 185
149 473
149 546
149 681
149 741
149 925
150 161
150 531
150 878
151 167
151 343
151 628
151 805
152 255
152 321
152 344
152 400
152 448
152 510
152 532
152 577
152 990
153 350
153 485
154 657
154 908
154 985
155 447
155 542
155 657
155 807
156 222
156 232
156 363
156 865
156 897
157 188
157 273
157 343
157 445
157 622
157 667
158 208
158 209
158 372
158 461
158 582
159 310
159 645
159 667
159 723
159 797
159 940
160 208
160 530
160 724
160 763
160 873
160 989
161 363
161 376
161 427
161 489
161 647
161 724
161 793
161 822
161 845
161 930
162 265
162 679
162 741
162 874
164 218
164 244
164 655
164 829
164 872
165 178
165 263
165 914
165 915
166 395
166 471
166 552
166 644
166 843
166 993
167 201
167 469
167 610
167 643
167 674
167 794
167 859
168 290
168 420
168 607
168 726
168 852
169 326
169 409
169 497
169 523
169 708
169 718
169 812
169 906
169 932
170 266
170 433
170 471
170 521
170 956
171 185
171 446
171 474
171 566
172 255
172 433
172 523
172 536
172 617
172 680
172 753
172 822
173 210
173 360
173 618
173 912
174 237
174 309
174 343
174 373
174 438
175 299
175 450
175 488
175 500
175 568
175 626
176 271
176 310
176 330
176 411
176 506
176 597
176 649
176 733
177 192
177 407
177 685
178 311
178 910
179 617
180 256
180 382
180 472
180 504
180 656
180 754
180 966
181 328
181 514
181 793
181 910
182 238
182 264
182 265
182 383
182 818
183 237
183 254
183 604
183 751
183 841
184 616
185 583
185 681
186 370
186 405
186 430
186 479
186 506
186 507
186 751
187 216
187 240
187 271
187 472
187 982
188 422
188 533
188 558
188 585
188 747
188 816
188 952
189 222
189 421
189 607
189 872
190 533
190 598
190 715
190 831
192 215
192 595
192 705
192 733
192 862
193 227
193 250
193 366
193 697
193 823
193 894
193 914
194 282
194 305
194 492
194 870
194 968
195 238
195 410
195 723
195 876
195 924
195 928
196 203
196 411
196 445
196 505
196 557
196 728
196 735
196 772
196 788
197 413
197 451
197 467
198 610
198 706
199 309
199 393
199 433
199 457
199 505
199 560
199 591
199 614
199 619
199 936
199 989
199 998
200 213
200 291
200 527
200 554
200 606
200 679
200 709
200 723
200 833
201 435
201 479
201 585
201 984
202 211
202 216
202 318
202 430
202 479
202 494
202 741
202 939
203 381
203 397
203 415
203 460
203 788
203 796
203 939
203 990
204 271
204 287
204 294
204 535
204 793
204 884
204 962
205 288
205 420
205 669
205 783
206 337
206 388
206 450
206 498
206 565
206 892
206 943
207 208
207 397
207 766
207 811
208 295
208 355
208 469
208 554
208 679
208 692
208 849
209 411
209 675
209 853
210 368
210 393
211 443
211 490
211 567
211 734
211 973
212 370
212 378
212 528
212 576
212 617
212 687
212 778
212 800
212 812
212 942
212 984
213 509
213 708
213 810
213 937
214 348
214 501
214 605
214 641
214 701
215 426
215 901
216 689
217 322
217 556
217 732
217 792
218 352
218 462
218 658
218 661
218 884
219 302
219 355
219 447
219 527
219 699
219 791
220 223
220 320
220 553
220 681
220 845
220 953
221 357
221 511
221 529
221 626
222 289
222 457
222 684
222 788
222 807
222 941
222 961
222 976
223 593
223 655
223 896
224 233
224 288
224 537
224 542
224 656
224 862
225 260
225 655
225 942
226 240
226 243
226 427
226 939
226 946
226 954
226 987
227 905
228 443
228 670
228 676
229 693
229 910
229 972
229 978
229 993
230 248
230 319
230 327
230 653
230 701
231 515
231 844
232 562
232 688
232 950
232 985
233 431
233 820
233 978
233 989
234 398
234 508
234 542
234 973
235 268
235 269
235 300
235 332
235 466
235 938
235 942
236 253
236 520
236 554
236 620
236 941
237 288
237 579
237 628
237 831
237 905
238 460
238 646
238 709
238 783
238 833
238 862
239 333
239 450
239 473
239 481
239 907
240 313
240 433
240 497
240 517
240 603
240 827
240 893
240 946
241 865
241 961
242 444
242 650
243 523
243 539
243 619
243 632
243 669
243 714
243 795
243 818
243 894
243 945
244 529
244 898
244 964
245 425
245 744
245 895
246 273
246 603
246 636
246 662
246 671
246 777
246 864
247 290
247 540
247 557
247 794
248 540
248 588
248 772
248 950
249 462
249 551
249 629
250 321
250 566
250 631
250 657
250 710
251 683
251 715
251 801
252 377
252 396
252 416
252 426
252 693
252 723
252 731
252 798
252 945
253 404
253 667
253 686
253 803
253 831
254 341
254 578
254 591
254 693
254 712
254 740
254 742
254 787
254 858
254 885
255 510
255 639
256 430
256 454
256 563
256 768
256 958
256 962
257 265
257 327
257 463
257 793
257 833
257 998
258 394
258 489
258 552
259 356
259 374
259 479
259 846
259 868
259 906
260 378
260 421
260 769
260 793
260 822
261 808
261 979
262 653
262 692
262 893
263 532
263 621
263 746
264 397
264 423
264 535
264 706
264 835
264 852
265 409
265 548
265 621
265 631
265 651
265 807
265 906
266 294
266 595
266 722
266 871
267 812
268 296
268 358
268 444
268 593
268 799
268 816
268 961
269 384
269 406
269 620
269 665
269 785
269 818
270 433
270 676
271 282
272 490
272 563
272 594
272 651
272 816
273 286
273 441
273 458
273 642
273 753
273 779
273 805
274 334
274 474
274 600
274 612
274 660
274 671
274 682
274 706
274 890
275 315
275 470
275 482
275 496
275 562
275 683
275 901
276 442
276 602
276 756
276 764
276 982
277 605
277 645
277 986
278 347
278 520
278 524
279 501
279 554
279 754
280 326
280 759
281 632
281 636
282 483
282 500
282 640
282 685
282 752
284 388
284 780
285 296
285 454
285 888
286 316
287 545
287 647
287 717
287 815
287 978
287 995
288 496
288 887
289 323
289 742
289 792
289 854
289 901
290 297
290 358
290 510
290 530
290 541
290 611
291 989
292 483
292 562
292 654
292 996
293 441
293 533
293 699
293 715
293 986
293 993
294 300
294 547
294 628
294 693
294 796
294 818
294 868
294 979
295 309
295 432
295 464
295 504
295 947
296 505
296 687
297 646
297 894
297 990
298 660
298 705
298 866
298 920
299 581
299 647
299 857
299 916
299 992
300 337
300 416
300 471
300 530
300 631
300 841
301 613
302 450
302 455
302 822
302 979
303 378
303 422
303 549
303 605
303 787
303 874
303 951
303 982
304 335
304 437
304 589
304 856
304 956
305 539
305 716
305 718
305 843
305 973
306 610
306 713
306 914
307 428
307 446
308 380
308 409
308 478
308 538
308 541
308 672
308 891
308 907
308 944
309 314
309 325
309 578
309 730
310 327
310 495
310 714
310 717
310 876
311 356
311 497
311 516
311 641
311 733
311 978
312 626
312 892
312 938
313 385
313 472
313 594
313 679
313 956
313 978
314 384
314 484
314 820
315 861
315 979
316 646
316 744
317 324
317 381
317 908
318 321
318 323
318 432
318 438
318 803
318 983
319 439
319 643
319 654
320 410
320 587
320 589
320 605
320 613
320 633
320 644
320 680
321 418
321 836
322 344
323 619
323 652
323 760
323 794
324 330
324 459
324 462
324 494
324 537
324 619
324 731
324 761
324 982
325 552
325 840
326 330
326 334
326 340
326 534
326 576
326 638
326 820
327 478
327 484
327 595
327 702
327 704
327 933
328 514
328 558
329 739
330 368
330 370
330 569
330 634
330 651
330 706
330 753
330 828
331 349
331 878
332 551
332 563
332 596
333 426
333 810
333 823
333 859
333 892
333 991
334 337
334 369
334 413
334 556
334 824
334 888
335 407
335 661
335 784
336 356
336 451
336 771
336 812
336 821
336 883
336 908
337 350
337 555
337 881
338 354
338 622
339 713
339 911
339 969
340 658
340 771
340 828
340 845
340 927
341 357
341 524
341 821
342 663
342 673
342 719
342 961
343 348
343 605
343 892
344 797
344 859
345 500
345 661
345 726
345 777
345 896
346 507
346 580
346 693
346 906
347 349
347 515
347 801
347 955
348 747
348 901
349 448
349 484
349 622
349 984
350 422
350 623
350 653
351 467
351 974
352 618
352 718
352 757
352 822
353 391
353 663
353 721
354 415
354 568
354 757
354 773
354 949
354 958
355 427
355 860
355 928
355 951
356 481
356 662
356 883
357 364
357 440
357 524
357 607
357 654
357 846
358 468
358 559
359 413
359 520
359 577
359 736
359 804
359 867
359 960
360 419
360 655
360 797
360 803
360 889
360 942
361 408
361 513
361 634
362 435
362 512
362 801
362 877
363 473
363 504
364 512
364 550
364 898
365 502
365 589
365 639
365 870
366 461
366 609
366 696
366 763
366 907
366 981
367 502
368 525
368 651
368 968
369 390
369 820
370 768
370 827
371 378
371 521
371 548
371 801
372 375
372 384
372 509
372 517
372 519
372 562
372 835
372 865
372 966
373 451
373 772
373 976
374 398
374 584
374 608
374 923
375 455
375 850
375 909
376 655
376 826
377 431
377 489
377 857
378 883
379 401
379 445
379 767
379 902
380 533
380 596
380 778
380 891
381 811
381 838
382 431
382 509
382 904
383 551
383 690
383 753
383 808
383 827
385 564
385 662
385 741
386 659
386 743
386 884
387 619
387 802
388 389
388 593
388 833
389 493
389 804
389 861
390 432
390 459
390 561
390 926
390 953
391 532
391 575
392 604
392 654
392 749
392 933
392 964
393 425
393 626
393 718
393 834
394 439
394 615
395 625
396 831
397 651
397 709
397 896
397 996
398 438
398 656
398 868
399 749
399 879
400 572
400 666
400 766
400 968
400 995
401 653
401 999
402 480
402 722
403 565
403 618
403 918
403 965
404 502
404 650
404 706
405 424
405 437
405 572
405 583
405 750
405 865
406 451
406 520
406 778
406 836
406 859
406 901
407 561
407 742
407 756
407 907
408 425
408 697
408 711
408 755
408 782
409 486
409 520
409 545
409 715
409 951
410 414
410 687
410 820
410 977
411 473
411 676
411 771
411 806
411 832
411 872
411 883
411 940
411 997
412 591
412 810
412 903
413 460
413 701
413 869
413 895
414 452
414 477
414 543
414 597
414 927
414 964
415 435
415 610
415 648
415 777
415 948
416 677
416 768
416 786
416 873
416 919
417 460
417 500
417 633
417 876
418 619
418 843
418 927
419 517
419 594
419 695
420 447
420 549
420 807
420 917
421 447
421 483
421 519
421 634
421 709
421 774
421 850
421 900
422 728
422 842
423 429
423 474
423 863
423 953
424 496
424 514
424 546
424 702
424 929
425 451
425 474
425 545
425 840
425 868
426 500
426 530
426 683
426 787
426 992
427 522
427 688
427 747
427 763
427 776
427 878
428 524
428 545
428 607
428 767
429 434
429 501
429 693
429 696
429 702
429 894
430 784
430 862
431 435
431 460
431 554
431 566
431 750
431 846
431 867
433 521
433 552
433 605
434 614
434 663
434 761
434 900
435 550
435 554
435 666
435 818
435 853
436 658
436 790
436 816
437 634
437 744
437 753
437 911
439 733
439 759
440 479
440 642
441 551
441 672
442 478
442 534
442 837
442 916
444 706
444 874
445 456
445 527
445 853
446 484
446 699
446 899
446 925
447 515
447 691
447 699
447 730
447 835
447 858
448 455
448 507
448 729
448 958
448 977
449 578
449 934
449 972
450 779
451 512
451 645
451 806
451 811
451 988
452 654
453 623
453 640
453 702
453 813
453 946
454 473
455 624
455 642
455 749
456 960
457 769
457 975
458 670
458 706
458 751
458 764
458 838
458 909
458 914
459 462
459 469
459 773
460 461
460 531
460 689
460 767
460 809
460 950
461 480
461 836
461 958
462 641
462 730
462 848
462 991
463 551
463 899
463 904
464 520
464 552
464 564
464 670
464 833
465 502
465 649
465 729
465 736
465 746
465 852
465 980
466 473
466 694
466 734
466 769
466 920
467 561
467 686
467 753
467 918
467 934
468 539
468 625
468 815
468 906
469 526
469 635
469 709
469 792
469 813
470 646
470 955
471 597
471 666
471 757
471 781
471 846
471 997
472 610
472 684
473 625
473 635
473 702
473 758
473 916
473 928
473 994
474 502
474 630
474 696
474 866
474 872
475 503
475 527
475 870
475 873
475 965
476 499
476 518
476 655
476 876
476 983
477 731
477 733
477 983
478 525
478 622
478 730
478 985
479 557
479 618
479 670
479 920
480 484
480 779
480 872
481 485
481 701
481 744
481 889
482 597
483 740
483 921
485 552
485 662
485 799
486 856
486 917
487 706
487 788
487 869
487 884
488 855
488 881
489 673
489 995
490 554
490 739
491 553
491 685
491 705
491 889
491 946
492 754
492 939
493 518
493 605
493 871
493 917
494 672
494 699
494 965
495 536
495 637
496 779
497 775
498 684
498 974
499 684
499 839
500 618
500 754
500 886
501 547
502 537
502 570
503 649
503 759
504 827
505 908
506 565
506 679
506 681
507 584
507 624
507 630
507 683
507 721
507 993
508 974
510 535
510 540
510 824
510 992
511 600
511 641
511 710
511 734
511 856
511 894
512 891
512 956
513 565
513 625
514 527
514 620
514 670
514 695
514 762
514 879
515 614
515 620
515 781
515 846
515 982
515 986
516 768
516 838
517 552
517 686
517 989
518 586
518 640
518 705
518 912
519 543
519 562
519 714
519 899
519 996
520 643
521 537
521 615
522 553
522 631
522 654
522 673
522 815
522 844
522 899
522 935
523 831
523 898
524 547
524 568
525 918
526 865
527 578
527 785
527 814
528 636
528 682
528 787
528 799
528 846
528 884
528 958
528 991
529 767
529 877
530 627
530 693
530 742
531 549
531 737
531 987
532 616
532 697
532 923
533 591
533 762
533 842
533 927
534 695
534 830
534 857
534 998
535 756
535 797
536 556
536 615
536 770
536 934
536 962
537 625
537 912
537 949
538 683
538 919
539 623
539 701
539 923
539 986
540 557
540 784
540 997
541 884
541 900
541 939
542 814
542 848
542 901
542 929
542 937
545 584
545 764
545 838
546 623
546 723
546 758
546 798
546 818
546 853
546 935
547 732
548 557
548 730
549 592
550 602
550 733
550 818
550 957
551 650
551 688
551 738
551 883
551 933
552 807
552 832
552 851
553 608
553 634
553 966
554 664
554 708
554 753
555 596
555 746
556 708
556 855
557 595
557 759
558 662
560 754
560 840
561 633
561 766
561 921
561 964
562 691
562 807
562 813
562 990
563 585
563 685
563 955
564 624
564 694
564 711
565 768
565 845
565 872
565 882
566 624
566 753
567 610
568 739
569 595
569 752
570 630
570 777
570 953
571 728
571 743
571 853
573 585
573 774
573 783
573 853
573 907
574 576
574 717
575 810
575 980
576 904
577 632
577 849
578 624
578 630
578 793
578 795
578 843
578 845
579 615
579 965
579 985
580 651
580 729
580 745
580 853
581 619
581 908
583 800
584 678
585 959
586 688
586 733
586 905
586 923
587 648
587 682
587 702
587 773
587 813
587 859
587 920
588 968
589 671
589 698
589 781
589 782
589 894
589 989
589 993
590 637
590 797
590 825
591 631
591 910
591 937
592 676
592 706
593 726
593 857
593 877
593 964
594 826
594 875
595 725
595 784
595 802
596 628
596 680
596 759
596 978
597 625
597 721
597 744
597 963
598 624
598 763
598 789
599 736
599 751
600 613
600 703
600 708
600 792
600 811
600 943
600 985
602 664
602 674
602 784
603 709
603 787
604 656
604 684
604 822
604 843
604 925
604 985
604 994
605 774
605 858
606 715
607 793
608 669
608 699
608 884
609 646
609 702
609 778
609 995
610 629
610 675
610 812
611 660
611 759
612 680
613 915
615 700
615 887
615 890
615 938
617 778
617 918
618 628
618 931
618 984
620 649
622 914
623 658
623 957
627 659
627 730
627 762
627 884
630 647
630 966
630 968
631 856
631 977
632 717
632 813
632 912
632 999
634 909
634 958
635 665
636 729
636 795
637 987
637 991
638 709
638 790
638 918
639 923
639 959
639 966
640 752
640 855
642 645
642 653
642 775
642 802
643 701
643 708
643 825
643 945
644 684
644 736
644 871
645 815
645 835
646 864
647 881
647 914
648 711
648 830
648 893
648 936
649 666
649 756
649 811
650 689
650 749
650 918
651 883
652 938
653 711
654 791
654 847
655 841
658 777
658 833
658 895
658 913
658 993
660 677
660 681
661 669
661 944
662 687
662 727
662 877
662 914
664 795
664 820
664 833
665 721
665 738
665 742
665 867
666 755
666 813
667 972
668 855
669 782
669 881
669 944
670 713
670 893
670 901
670 979
671 682
672 868
672 879
673 850
673 920
673 938
674 698
674 906
674 958
675 727
675 824
675 934
675 979
676 729
677 923
677 955
678 953
679 719
679 757
679 983
680 830
680 967
681 716
681 743
681 989
682 784
683 932
683 975
684 792
684 922
685 872
687 753
687 770
687 864
687 901
688 770
690 857
690 882
691 818
691 966
692 768
693 945
693 994
694 943
695 788
695 914
695 965
696 822
696 930
696 958
697 902
698 769
698 849
699 781
699 796
700 773
700 907
700 908
701 760
702 709
702 896
703 820
703 896
705 776
705 884
705 915
705 941
705 943
706 800
707 936
707 950
708 717
708 748
708 809
709 833
710 754
711 816
711 850
712 716
712 798
714 846
715 802
715 970
716 737
716 779
717 831
718 855
719 720
721 777
721 808
721 895
722 852
723 764
723 881
723 994
724 979
725 772
725 908
725 966
725 978
726 737
726 815
726 969
727 787
727 858
727 865
727 998
728 855
732 907
733 810
733 815
733 989
735 818
735 910
736 765
737 917
737 946
737 986
738 918
738 937
738 964
739 856
739 874
739 892
740 779
741 979
742 814
742 986
743 782
745 768
745 990
746 768
748 753
750 938
751 810
752 759
752 779
752 979
753 874
753 912
755 934
756 870
756 893
756 974
757 969
759 853
759 862
759 965
762 789
762 844
762 894
762 932
763 855
763 895
764 858
765 954
765 974
766 769
766 788
766 838
766 971
768 830
768 879
769 825
769 856
769 932
770 774
771 917
771 923
772 812
773 795
773 835
773 841
775 903
776 795
776 884
777 878
777 908
779 866
779 893
779 916
780 819
781 850
782 881
783 922
783 935
784 897
785 981
786 877
786 971
787 839
787 976
788 860
788 928
789 845
789 874
790 931
791 877
794 799
794 839
794 893
795 848
799 931
800 841
801 907
802 862
802 898
802 937
803 924
805 867
805 915
805 975
806 869
807 848
807 927
807 984
808 891
808 959
809 875
809 884
810 856
810 859
810 907
811 999
813 983
813 984
814 950
814 964
818 854
818 917
819 930
820 890
820 924
820 947
823 837
823 976
825 871
825 924
826 860
827 852
827 869
827 883
830 851
830 948
831 899
832 872
832 919
834 836
835 898
835 956
837 979
839 868
839 871
839 971
840 908
840 969
841 868
841 948
841 963
842 863
843 994
844 901
845 892
849 939
851 993
853 883
854 996
855 889
856 916
856 930
857 858
858 890
859 893
859 926
861 994
862 895
862 951
864 868
865 877
865 951
867 901
867 923
867 971
869 991
870 970
871 874
871 880
873 896
873 973
877 889
877 956
877 988
878 968
881 941
884 924
891 909
895 948
897 983
899 919
899 976
900 927
901 922
902 915
902 964
903 994
904 921
905 998
907 965
908 926
908 940
909 920
918 982
920 939
925 989
926 989
927 963
928 930
930 944
931 950
937 969
938 990
940 969
942 955
942 964
944 959
947 991
949 978
951 994
955 975
956 969
957 988
957 998
958 990
963 977
966 973
