0 62
0 371
0 694
0 703
0 857
0 947
1 18
1 175
1 303
1 321
1 537
1 615
1 711
1 887
2 809
2 814
3 113
3 393
3 702
3 975
4 12
4 96
4 317
4 489
4 729
5 138
5 266
5 267
5 355
5 504
5 698
5 953
5 994
6 150
6 267
6 308
6 740
6 776
6 778
6 900
7 215
7 584
7 692
7 781
8 60
8 380
8 668
8 678
8 860
9 233
9 315
9 478
9 590
9 609
9 632
10 29
10 348
10 583
10 757
10 834
10 891
10 931
11 163
11 296
11 825
12 29
12 177
12 192
12 563
12 619
12 895
12 930
12 976
13 596
13 661
13 772
13 940
14 42
14 218
15 251
15 525
15 533
15 607
15 699
16 173
16 234
16 329
16 333
16 417
16 726
16 898
16 900
17 99
17 229
17 344
17 740
17 764
17 873
18 20
18 282
18 545
18 559
18 646
18 735
18 984
19 311
19 476
19 575
20 35
20 252
20 923
20 928
20 931
21 37
21 312
21 383
21 464
21 536
21 657
21 672
21 805
21 967
22 49
22 359
22 367
22 428
22 616
22 722
22 874
23 138
23 319
23 408
23 447
23 506
23 538
23 673
23 730
23 821
24 216
24 462
24 654
24 902
26 72
26 471
26 837
26 977
26 980
27 354
27 423
27 515
28 264
28 420
28 688
28 711
28 755
29 166
29 182
29 328
29 374
29 488
29 512
29 586
29 727
29 821
29 903
29 932
29 979
30 38
30 82
30 114
30 249
30 279
30 337
30 438
30 445
30 605
30 735
30 743
30 852
30 853
30 896
30 919
31 215
31 293
31 380
31 431
31 433
31 985
32 76
32 153
32 701
32 838
33 64
33 73
33 86
33 118
33 143
33 166
33 249
33 376
33 550
33 663
33 887
34 71
34 258
34 498
34 624
34 659
34 715
35 333
35 533
36 120
36 256
36 428
36 709
36 895
37 220
37 442
37 460
37 680
37 751
38 47
38 89
38 149
38 741
39 56
39 120
39 122
39 366
39 625
39 707
39 949
40 169
40 351
40 458
40 519
40 818
40 829
41 138
41 175
41 630
41 654
41 760
41 780
41 954
42 373
42 451
42 569
43 472
43 501
43 553
43 873
43 973
44 62
44 167
44 261
44 352
44 616
44 625
44 934
45 124
45 467
46 51
46 417
46 448
46 454
46 561
46 609
46 676
47 169
47 339
47 383
47 536
47 700
48 390
48 418
48 595
48 723
48 851
48 852
48 871
49 357
49 455
49 693
50 217
50 231
50 263
50 607
50 693
50 806
50 814
50 934
50 970
51 101
51 110
51 264
51 472
51 683
51 838
51 991
52 77
52 832
52 988
53 310
53 373
53 455
53 534
53 672
53 714
53 837
54 497
54 535
54 547
54 758
54 806
54 940
54 963
55 157
55 166
55 468
55 647
55 697
55 706
55 899
56 278
56 352
56 392
56 575
56 634
57 66
57 146
57 244
57 510
57 511
57 559
57 813
57 940
58 144
58 184
58 456
58 608
58 632
58 638
59 440
59 625
59 651
59 668
59 859
59 898
59 987
60 85
60 291
60 477
60 494
61 157
61 297
61 301
61 322
61 723
61 840
61 875
61 969
62 227
62 402
62 475
62 494
62 509
62 762
62 779
62 929
63 171
63 458
63 479
63 509
64 160
64 263
64 406
64 683
64 879
64 928
64 991
65 406
65 545
65 859
65 938
66 232
66 262
66 278
66 419
66 438
66 444
66 533
66 665
66 676
66 818
67 109
67 477
67 559
67 775
68 163
68 201
68 208
68 507
68 610
68 719
68 749
68 791
68 981
69 185
69 422
69 464
69 673
69 727
70 813
70 900
71 209
71 482
71 557
71 626
71 628
71 664
71 698
71 747
71 793
71 904
72 122
72 224
72 413
72 427
72 433
72 804
72 815
72 953
73 134
73 241
73 289
73 387
73 476
73 526
73 723
73 854
73 906
74 243
74 450
74 478
74 590
74 671
74 754
74 803
74 905
75 80
75 81
75 190
75 280
75 487
75 724
75 869
76 527
76 934
77 266
77 481
77 556
77 582
77 685
77 705
77 878
78 284
78 390
78 399
78 545
78 693
78 803
79 97
79 166
79 267
79 363
79 493
79 531
79 711
79 946
79 948
80 242
80 409
80 700
80 754
80 768
80 882
81 135
81 242
81 254
81 433
81 483
82 162
82 170
82 589
82 611
82 729
82 948
82 961
83 111
83 143
83 252
83 356
83 527
83 752
83 778
83 848
83 896
84 435
84 710
84 762
84 943
85 102
85 390
85 421
85 525
85 570
85 742
85 840
86 167
86 168
86 218
86 234
86 290
86 355
86 458
86 773
86 988
87 266
87 344
87 416
87 770
88 148
88 640
88 645
88 864
88 884
88 948
89 209
89 242
89 446
89 638
90 140
90 470
90 598
90 997
91 597
91 615
91 669
91 886
92 272
92 525
92 548
93 135
93 784
93 788
93 829
93 831
93 883
94 350
94 795
95 105
95 296
95 580
95 662
96 642
96 875
97 445
97 681
98 132
98 237
98 441
98 795
98 898
98 917
99 357
99 375
99 393
99 661
100 111
100 196
100 310
100 512
100 520
100 626
101 156
101 161
101 242
101 462
101 542
101 763
102 402
102 466
102 507
102 594
102 828
102 879
102 902
102 938
103 221
103 274
103 462
103 827
104 499
104 526
104 663
104 723
104 728
104 748
105 145
105 346
105 535
105 644
105 878
105 917
106 141
106 172
106 327
106 365
106 580
106 956
107 613
107 629
107 699
107 826
107 839
108 252
108 862
109 214
109 326
109 462
109 506
109 621
109 648
109 802
109 881
109 893
109 922
110 237
110 241
110 722
110 919
110 957
111 414
111 582
111 583
111 604
112 304
112 347
112 393
112 437
112 439
112 524
112 603
113 172
113 384
113 583
113 612
113 836
114 283
114 336
114 694
114 844
114 850
114 965
115 248
116 259
116 465
116 509
116 526
116 571
116 758
116 926
116 975
117 220
117 643
117 724
117 900
118 444
118 468
118 591
118 698
118 846
119 174
119 884
119 904
120 189
120 585
120 614
120 639
120 853
120 936
120 990
121 781
121 797
122 368
122 727
123 263
123 422
123 550
123 970
124 262
124 512
124 541
124 649
124 670
124 870
125 184
125 201
125 300
125 341
125 454
125 516
125 795
126 217
126 345
126 394
126 512
126 580
126 591
126 697
126 956
127 266
127 544
127 578
127 718
127 981
128 233
128 394
128 618
128 943
129 222
129 614
130 247
130 304
130 479
130 763
130 789
130 803
130 812
130 818
131 250
131 643
131 937
132 274
132 480
132 542
132 636
132 945
133 433
133 496
134 300
134 374
134 440
134 532
134 674
134 778
134 860
134 886
134 895
134 920
135 198
135 499
135 763
135 829
135 879
135 929
136 193
136 436
136 610
136 966
137 356
137 515
137 612
137 797
138 630
139 144
139 186
139 192
139 344
139 580
139 692
139 962
140 268
140 943
141 199
141 444
141 746
142 156
142 322
142 340
142 353
142 404
142 578
142 778
142 994
143 305
143 743
144 874
144 985
145 229
145 295
145 351
145 521
145 597
145 721
145 736
145 848
145 881
145 899
146 607
146 772
146 848
146 919
146 944
147 166
147 405
147 768
147 807
147 809
148 286
148 443
148 511
148 718
148 797
148 843
148 899
148 957
149 490
149 519
149 809
150 165
150 188
150 431
150 565
150 900
151 276
151 318
151 674
151 842
152 176
152 216
152 501
152 506
152 676
152 769
152 795
153 203
153 330
153 363
153 375
153 869
153 897
153 905
153 932
154 209
154 401
154 541
154 544
154 551
154 555
155 320
155 459
155 503
155 866
156 167
156 568
156 576
156 661
156 906
156 933
156 948
157 351
157 397
157 594
157 860
157 975
158 352
158 360
158 441
158 480
158 709
158 845
159 450
159 507
159 631
159 928
160 215
160 456
160 557
160 826
160 857
161 370
161 726
161 942
162 208
162 349
162 394
162 399
162 535
162 597
162 960
163 449
163 490
163 732
164 330
164 566
164 669
164 705
164 788
164 988
165 186
165 524
165 526
165 530
165 558
165 582
165 590
165 774
166 225
166 408
166 977
167 259
167 587
167 705
167 932
167 991
168 239
168 346
168 366
168 597
168 893
169 305
169 501
169 568
169 857
170 578
170 642
170 680
170 791
170 841
170 848
170 925
171 496
171 506
171 611
172 232
172 264
172 294
172 406
172 466
172 708
172 981
173 678
173 988
174 265
174 292
174 624
174 653
174 655
174 801
174 816
174 922
174 994
175 273
175 346
175 394
175 410
175 466
175 540
175 679
175 751
175 916
176 274
176 310
176 383
176 525
176 544
176 710
176 747
176 980
177 222
177 334
177 551
177 806
177 869
177 983
178 214
178 276
178 437
178 611
178 688
178 937
179 203
179 346
179 387
179 502
179 504
179 591
179 986
180 263
180 266
180 273
180 443
180 444
180 645
181 203
181 319
181 634
181 740
181 941
181 948
182 229
182 397
182 409
183 399
183 694
183 769
183 889
184 464
184 498
184 688
184 834
184 851
184 986
184 988
185 383
185 433
185 508
185 773
185 800
186 310
186 483
186 583
186 643
187 214
187 314
187 431
187 718
187 937
188 268
188 376
188 448
188 496
188 522
188 664
188 756
189 354
189 684
189 906
189 914
189 996
190 279
190 353
190 398
190 770
190 891
191 250
191 273
191 275
191 467
191 630
191 829
191 932
192 408
192 439
192 484
193 223
193 246
193 326
193 332
194 474
194 545
194 650
194 672
194 754
194 811
195 307
195 521
195 531
195 559
195 613
195 746
195 837
196 214
196 251
196 312
196 551
196 579
196 752
196 774
196 860
196 970
197 274
197 295
197 447
197 533
197 620
197 621
197 825
197 857
197 858
197 861
197 902
198 269
198 644
198 704
198 777
198 833
199 389
199 551
199 558
199 619
199 650
200 234
200 755
200 874
201 220
201 284
201 307
201 631
201 719
201 875
202 396
202 407
202 419
202 928
202 948
203 395
203 620
203 778
203 839
204 228
205 225
205 438
205 584
205 666
205 759
206 992
207 271
207 580
207 889
208 340
208 375
208 455
208 599
208 712
209 369
209 672
210 241
210 325
210 462
210 498
210 527
210 842
211 664
211 679
211 933
211 994
212 360
212 483
213 360
213 448
213 461
213 611
213 685
213 692
213 697
213 948
214 283
214 329
214 368
214 594
214 597
214 761
214 833
215 224
215 311
215 394
215 589
215 676
215 917
216 521
216 834
217 459
217 609
217 917
218 339
218 353
218 522
218 614
218 666
218 795
218 825
218 898
218 988
219 571
219 615
219 673
219 799
219 949
220 366
220 406
220 499
220 510
220 934
222 256
222 269
222 457
223 492
223 642
223 928
224 347
224 438
224 468
224 489
225 254
225 470
225 517
225 594
226 498
226 552
226 743
226 784
226 924
227 776
228 383
228 578
228 746
228 805
228 920
229 799
229 897
229 908
229 952
230 245
230 270
230 281
230 293
230 357
230 388
230 413
230 534
230 689
230 917
231 296
231 765
232 287
232 364
232 594
232 826
232 833
233 382
233 489
233 885
233 960
233 978
234 413
234 741
234 935
235 279
235 366
235 878
236 545
236 785
237 286
237 461
237 487
237 580
237 584
237 812
237 848
237 900
238 394
238 510
238 679
239 267
240 263
240 266
240 408
240 509
240 775
240 868
240 956
241 467
241 488
241 606
241 825
241 881
242 284
242 339
242 457
242 714
242 715
243 520
243 559
243 570
243 675
244 418
244 626
244 707
244 821
245 527
246 350
246 385
246 728
247 322
247 636
247 740
247 745
248 337
248 609
249 379
249 605
249 977
250 399
250 640
250 682
250 684
250 685
250 820
250 896
251 542
251 816
251 860
251 875
251 895
252 262
252 914
253 351
253 410
253 586
253 729
253 979
254 450
254 526
254 686
254 845
254 862
254 919
255 332
255 454
255 516
255 564
255 719
255 984
256 287
256 532
257 314
257 338
257 950
257 983
258 313
258 358
258 401
258 762
258 772
259 519
259 524
259 747
260 336
260 376
260 712
260 713
261 406
261 679
261 769
262 621
263 635
263 736
263 822
263 874
263 880
263 966
264 320
264 325
264 341
264 393
264 497
264 522
264 967
265 357
265 497
265 634
265 657
265 844
265 961
266 687
266 712
266 841
266 936
267 618
267 788
268 447
268 464
268 495
268 545
268 644
268 776
268 926
269 309
269 477
270 550
270 964
271 321
271 401
271 575
271 711
271 784
271 913
271 955
272 331
272 353
272 380
272 576
272 705
272 970
273 345
274 642
274 827
274 937
274 992
275 513
275 944
276 322
276 471
276 594
276 646
276 723
277 412
277 496
277 897
277 917
277 971
278 451
278 768
278 938
279 449
279 647
279 813
279 854
280 498
280 506
280 641
280 979
281 375
281 514
281 540
281 726
281 736
282 392
282 563
282 780
282 876
282 966
283 315
283 777
283 866
283 916
284 386
284 460
284 644
284 901
284 959
285 418
285 774
286 365
286 489
286 535
286 609
286 639
287 523
287 595
287 597
287 887
288 475
288 742
289 548
289 562
289 609
289 719
289 794
289 941
289 953
290 304
290 699
290 875
291 307
291 423
291 513
291 645
291 795
292 314
292 336
292 381
292 991
293 370
293 921
294 395
294 450
294 671
294 769
294 890
295 334
295 436
295 869
296 398
296 432
296 496
296 506
296 970
297 422
297 788
297 860
297 954
298 326
298 417
298 419
298 428
298 585
298 836
299 563
299 695
299 986
300 372
300 492
300 773
301 445
301 597
301 802
301 869
302 622
302 642
302 706
302 728
302 822
303 381
303 427
303 440
303 485
303 676
303 700
303 781
304 467
304 573
304 700
304 831
304 866
305 322
305 413
305 453
305 848
305 958
306 443
306 452
306 456
306 661
306 664
306 674
306 878
306 890
307 330
307 706
308 313
308 367
308 642
308 759
308 764
309 437
309 473
309 884
310 327
310 527
310 840
310 951
311 377
311 949
312 402
312 717
312 726
312 922
313 388
313 605
313 771
313 808
314 404
314 723
315 366
315 636
315 817
316 568
317 350
317 396
317 846
317 923
318 496
318 672
318 683
318 984
319 350
319 690
319 989
320 341
320 540
320 787
321 362
321 535
321 685
321 705
321 756
322 480
322 506
322 610
322 778
322 868
322 912
323 368
323 488
323 535
323 756
323 973
324 621
324 665
324 900
325 374
325 391
325 529
325 669
325 704
325 742
325 786
325 836
326 369
326 378
326 500
326 600
326 935
327 578
327 745
327 904
327 931
328 331
328 583
328 623
328 745
328 773
328 784
328 984
329 372
329 759
329 794
329 879
330 417
330 546
330 987
331 535
331 576
331 670
331 708
331 915
331 923
332 408
332 435
332 551
332 712
332 717
332 897
333 765
334 484
334 523
334 581
334 626
334 763
334 851
334 899
334 909
334 916
335 349
335 446
335 723
336 454
336 805
337 515
337 667
337 756
338 454
338 457
338 492
338 518
338 559
338 655
338 922
339 632
340 684
340 715
340 804
340 858
341 418
341 528
341 714
342 813
343 435
343 439
343 642
343 745
343 751
344 382
344 449
344 472
344 651
344 737
345 446
345 467
345 512
345 514
345 614
345 803
345 866
345 912
346 383
346 486
346 522
346 578
346 681
347 544
347 594
347 981
348 551
348 560
348 789
348 796
348 906
348 912
349 652
349 801
349 832
349 872
349 967
350 564
350 618
350 809
351 421
351 639
351 815
352 431
352 622
352 784
352 788
352 798
353 379
353 615
353 624
353 746
353 769
353 812
354 444
354 611
354 680
354 753
354 783
354 839
354 956
354 977
355 560
355 662
355 933
355 984
356 424
356 447
356 519
356 568
356 853
356 977
357 546
357 963
357 974
358 394
358 595
358 758
359 389
359 965
360 409
360 512
360 612
360 910
360 937
360 956
360 976
361 390
361 521
361 805
361 850
361 856
361 857
362 373
362 448
362 471
362 750
362 989
363 391
363 411
363 629
363 778
363 819
363 929
363 960
363 972
364 396
364 554
364 603
364 626
365 492
365 742
365 811
365 841
365 973
366 431
366 619
366 661
366 736
366 953
366 979
367 377
367 775
368 369
368 471
368 601
368 609
368 640
368 805
369 450
370 650
371 374
371 496
371 525
371 602
371 609
371 686
371 819
373 466
373 621
374 608
374 787
374 852
374 936
375 784
375 943
376 427
376 492
376 670
376 833
376 861
376 930
376 947
376 985
377 722
378 443
378 792
378 909
378 923
379 407
379 935
380 526
380 761
381 660
381 692
381 714
381 749
381 778
383 397
383 460
383 529
383 941
383 975
384 816
384 869
385 425
385 776
385 803
385 895
385 968
386 453
386 495
386 654
386 739
386 973
387 572
388 819
388 842
389 452
389 580
389 643
389 698
389 712
389 720
389 809
390 401
390 447
390 587
390 683
390 782
390 939
391 510
391 542
391 548
391 709
391 749
391 785
391 830
392 790
392 831
392 941
393 614
393 909
394 794
394 796
394 935
394 969
395 556
397 478
397 502
397 963
398 463
398 497
398 547
398 629
398 844
398 943
399 566
399 813
399 953
400 409
400 596
400 718
400 816
400 947
401 437
401 486
401 630
401 717
401 855
402 554
403 745
403 766
404 430
404 619
404 624
404 672
404 796
404 809
405 464
405 502
405 742
405 880
405 957
406 480
406 893
406 899
407 509
408 448
408 613
408 875
409 486
409 755
410 415
410 423
410 425
410 481
410 563
410 574
410 770
410 856
410 886
410 958
410 985
411 438
411 826
411 926
411 933
411 987
412 774
412 885
413 418
413 844
414 490
414 579
414 591
414 672
414 692
414 849
414 870
415 418
415 424
415 534
416 494
416 662
416 737
416 981
417 589
418 463
418 497
418 605
418 610
418 712
418 779
418 875
419 516
419 797
419 850
419 906
419 912
420 488
420 585
420 792
420 937
421 520
421 804
421 920
421 998
422 756
423 524
423 655
423 884
423 993
424 462
424 663
425 666
425 878
426 506
426 780
426 850
427 444
427 648
427 706
427 983
428 648
428 699
428 775
429 693
429 993
430 466
430 565
430 632
430 695
430 833
430 951
430 989
431 647
431 711
431 854
431 926
432 585
432 808
432 873
433 518
433 603
434 514
434 528
434 947
435 870
436 902
437 606
437 981
438 852
439 464
439 666
439 678
439 866
439 958
440 725
440 741
440 906
440 914
441 618
442 467
442 784
443 534
444 784
444 789
445 655
446 460
446 577
446 804
446 852
446 970
447 565
447 868
447 927
447 935
448 491
448 615
448 717
448 834
448 950
449 457
449 483
450 524
450 706
450 769
451 539
451 603
451 783
452 551
452 615
452 635
453 575
453 576
454 538
455 714
455 897
455 963
456 458
456 499
456 552
456 577
456 589
456 646
456 722
457 777
457 875
458 496
458 557
458 577
458 817
458 993
459 491
459 538
459 733
459 790
459 886
460 625
