0 46
0 230
0 600
1 354
1 435
1 572
1 616
1 657
1 720
1 753
1 798
1 857
1 879
2 268
2 319
2 642
2 831
2 906
2 949
3 93
3 168
3 262
3 312
3 317
3 426
3 625
3 783
4 425
4 484
4 630
4 651
4 745
4 911
4 992
4 995
5 259
5 268
5 327
5 669
5 790
5 843
5 899
6 63
6 158
6 304
6 475
6 577
6 583
6 799
6 927
6 946
7 456
7 510
7 556
7 619
8 597
8 773
9 52
9 104
9 921
10 283
10 325
10 785
10 851
10 984
11 68
11 179
11 207
11 291
11 508
11 551
11 756
11 778
12 188
12 345
12 351
12 409
12 572
12 786
12 850
13 100
13 144
13 171
13 466
13 695
13 831
14 203
14 232
14 340
14 529
14 784
15 272
15 719
15 908
15 915
16 103
16 231
16 250
16 280
16 515
16 594
16 597
16 627
16 784
17 56
17 152
17 351
17 356
17 813
17 822
17 867
18 401
18 407
18 431
18 910
18 916
18 924
19 203
19 359
19 473
19 651
19 747
20 45
20 231
20 521
20 621
20 680
20 885
20 968
20 980
21 103
21 206
21 280
21 435
21 494
21 877
22 117
22 150
22 174
22 408
22 650
22 663
23 32
23 270
23 372
23 433
23 598
23 885
24 105
24 467
24 602
24 638
24 791
24 942
24 971
25 183
25 721
25 878
25 945
26 640
26 652
26 983
27 238
27 273
27 288
27 847
27 987
27 996
28 611
28 725
28 791
29 224
29 272
29 317
29 427
29 472
29 684
29 721
29 976
30 45
30 398
30 507
30 550
30 758
30 871
30 921
31 59
31 195
31 347
31 351
31 579
31 702
31 704
31 935
32 115
32 211
32 243
32 265
32 474
32 693
32 716
32 922
33 96
33 320
33 388
33 405
33 489
33 632
33 656
33 732
33 814
34 60
34 204
34 511
34 743
34 808
35 65
35 373
35 753
36 265
36 269
36 319
36 474
36 571
36 668
36 738
36 755
36 796
37 69
37 101
37 164
37 370
37 494
37 670
37 717
37 832
38 204
38 557
38 971
38 996
39 183
39 328
39 572
39 636
39 731
39 740
39 762
39 924
39 942
40 443
40 567
40 599
40 690
40 723
40 826
41 120
41 124
41 248
41 275
41 457
41 548
41 697
41 851
42 287
42 633
42 727
42 793
42 853
42 916
43 266
43 372
43 702
43 985
44 182
44 347
44 377
44 385
44 507
44 615
44 976
45 129
45 347
45 447
45 469
45 492
45 553
45 640
45 723
45 867
45 889
45 914
45 971
46 131
46 323
46 374
46 811
46 820
46 931
47 90
47 640
47 797
47 992
48 95
48 188
48 236
48 450
48 546
48 548
48 612
48 691
48 697
48 754
48 820
49 67
49 441
49 556
49 782
49 807
50 299
50 629
50 681
50 997
51 390
51 489
51 524
51 802
51 826
51 967
52 70
52 175
52 714
53 73
53 398
53 720
53 878
54 247
54 695
55 93
55 149
55 168
55 332
55 559
55 599
55 664
55 703
55 924
55 967
55 984
56 361
56 427
56 575
57 322
57 411
57 490
57 646
57 660
57 806
57 956
57 971
58 309
58 365
58 398
58 603
58 762
58 769
58 848
58 858
59 634
59 666
59 691
60 127
60 157
60 211
60 262
60 471
60 611
60 863
60 976
61 435
61 650
61 686
61 927
62 93
62 381
62 466
62 514
62 552
62 565
62 608
62 621
62 659
62 829
62 951
63 707
63 741
63 900
64 426
64 531
64 582
64 750
65 122
65 146
65 304
65 598
65 731
65 852
66 406
66 534
66 768
66 907
66 986
67 93
67 211
67 439
67 704
67 963
68 233
68 665
68 673
68 713
68 840
69 199
69 920
69 926
70 84
70 222
70 617
70 826
70 986
71 223
71 435
71 515
72 218
72 649
72 830
72 914
73 102
73 165
73 344
73 615
73 644
73 832
74 227
74 247
74 516
75 257
75 269
75 309
75 803
75 863
76 501
76 661
77 242
77 299
77 335
77 367
77 601
77 685
77 755
77 885
77 933
78 94
78 195
78 704
78 824
78 903
78 956
78 979
79 246
79 552
79 738
79 907
79 960
79 964
80 335
80 353
80 455
80 532
80 659
80 722
80 752
80 763
80 775
80 849
81 197
81 214
81 259
81 405
82 274
82 514
82 620
82 855
83 267
83 447
83 552
84 517
84 593
84 733
84 936
84 989
84 995
85 190
85 379
85 650
85 677
85 756
85 762
85 769
85 772
85 781
86 212
86 467
86 640
86 810
86 814
86 816
86 928
87 103
87 178
87 189
87 248
87 256
87 459
87 679
87 779
87 845
87 877
88 91
88 200
88 204
88 476
89 142
89 219
89 552
89 700
89 927
90 152
90 161
90 513
90 705
90 743
91 395
91 438
91 634
91 702
91 834
92 163
92 207
92 326
92 472
92 495
93 403
93 687
93 699
93 936
94 664
94 967
94 970
94 991
95 613
95 871
95 954
95 972
96 226
96 284
96 306
96 310
96 443
96 549
96 776
97 439
97 519
97 551
98 145
98 189
98 193
98 279
98 285
98 466
98 691
99 249
99 488
99 524
99 671
99 685
99 740
99 911
99 943
100 207
100 213
100 227
100 359
100 465
100 527
101 199
101 270
101 965
102 421
102 486
102 755
102 764
102 774
102 805
102 833
102 907
102 948
103 200
103 282
103 478
103 563
103 645
103 692
104 116
104 165
104 337
104 374
104 375
104 635
104 847
104 958
105 248
105 268
105 527
105 671
105 814
105 948
106 140
106 485
106 656
107 261
107 587
107 671
107 781
107 874
107 909
108 602
108 620
108 629
108 824
108 871
108 918
109 215
109 304
109 378
109 488
109 739
110 421
110 464
110 647
111 348
111 373
111 415
111 456
111 984
112 283
112 303
112 331
112 435
112 714
112 780
112 865
113 136
113 222
113 537
113 867
114 401
114 558
114 574
114 615
114 661
114 681
114 728
114 743
114 748
114 957
115 749
115 751
115 857
116 144
116 176
116 177
116 306
116 439
116 462
116 473
116 738
116 781
117 345
117 598
117 742
117 748
117 895
118 195
118 216
118 467
118 542
118 722
118 758
118 791
118 819
119 131
119 277
119 447
119 452
119 930
120 213
120 252
120 460
120 471
120 699
120 994
121 170
121 342
121 356
121 403
121 483
121 717
121 930
122 380
123 291
123 471
123 734
123 782
123 789
123 864
123 924
124 440
124 682
124 960
125 242
125 275
125 350
125 416
125 589
125 746
126 317
126 568
126 671
126 790
126 993
127 255
127 470
127 603
127 649
127 855
127 972
127 980
127 984
128 593
128 604
128 944
128 980
129 334
129 733
129 879
129 920
130 398
130 421
130 931
130 941
131 179
131 308
131 317
131 430
131 478
131 710
132 295
132 627
132 638
133 468
133 669
133 811
133 923
134 163
134 369
134 431
134 441
134 449
134 547
134 868
134 877
135 223
135 690
136 140
136 491
136 697
136 844
137 576
137 935
137 991
138 211
139 190
139 248
139 370
139 503
139 754
139 851
140 601
140 756
141 503
141 535
141 618
141 773
141 858
142 154
142 184
142 329
142 460
143 162
143 294
143 647
144 406
144 721
144 837
144 846
145 431
145 978
146 158
146 310
146 392
146 433
146 483
146 529
146 813
147 275
147 838
148 192
148 750
148 774
149 284
149 295
149 548
149 572
149 642
150 178
150 624
150 877
150 909
151 225
151 405
151 698
151 742
151 984
152 692
152 790
152 866
152 884
152 971
153 223
153 376
153 574
153 948
154 448
154 475
154 570
154 715
154 843
154 979
155 230
155 319
155 522
155 839
155 927
156 231
156 345
156 347
156 472
156 560
156 685
156 793
156 932
157 364
157 533
157 971
158 414
159 393
159 655
159 689
159 709
159 797
159 917
160 367
162 572
162 797
163 205
163 379
163 653
163 883
163 941
164 254
164 292
164 395
164 440
164 657
164 695
165 527
165 617
165 854
165 882
165 988
166 361
166 693
166 881
166 948
166 999
167 192
167 299
167 353
167 380
167 531
167 655
168 273
168 344
168 432
168 477
168 561
168 743
169 175
169 275
169 456
169 698
169 788
169 946
170 281
170 429
170 489
170 548
170 603
170 857
171 445
171 549
171 716
171 808
171 828
172 358
172 446
173 197
173 291
173 820
173 842
173 886
174 185
174 225
174 507
174 562
174 756
175 373
175 378
175 468
175 822
175 872
175 928
175 954
176 241
176 349
176 513
176 850
177 316
177 352
177 423
177 430
177 526
177 607
177 630
177 683
177 767
177 792
177 951
178 491
178 557
178 563
178 739
179 226
179 229
179 299
179 360
179 400
179 429
180 305
180 356
180 751
180 858
181 474
181 585
181 600
181 627
181 895
182 190
182 231
182 232
182 245
182 356
182 431
182 837
182 868
182 904
183 248
183 275
183 370
183 491
183 532
183 661
183 761
184 221
184 566
184 606
184 636
184 778
185 403
185 496
185 566
185 669
185 752
185 986
185 995
185 996
186 198
186 289
186 451
186 710
186 779
186 939
186 980
187 250
187 402
187 517
187 568
187 928
188 387
188 636
188 646
188 960
189 213
189 373
189 470
189 485
189 724
189 937
190 498
190 560
191 478
191 612
191 706
192 198
192 205
192 231
192 435
192 545
192 731
192 806
192 894
192 954
192 970
193 268
193 350
193 378
193 888
194 299
194 519
194 521
194 646
194 847
194 929
195 213
195 243
195 501
195 525
195 920
196 309
196 593
196 603
196 852
197 524
197 757
197 975
198 231
198 290
198 341
198 359
198 578
198 853
199 257
199 405
199 437
199 462
199 465
199 495
199 500
199 981
200 220
200 280
200 423
200 482
200 566
201 328
201 795
201 832
201 852
202 490
202 757
202 833
202 842
202 857
203 249
203 259
203 541
203 552
203 578
203 584
203 775
204 246
204 392
204 398
204 492
204 540
204 715
204 791
205 246
205 312
205 474
205 530
205 826
205 970
206 466
206 472
206 506
206 542
206 585
206 719
206 967
207 473
207 556
207 747
207 829
207 835
207 869
208 420
208 456
208 597
208 659
208 771
208 854
209 775
209 889
209 948
210 626
210 725
210 740
210 883
211 311
211 561
211 563
211 762
212 246
212 593
212 827
212 881
213 660
213 758
213 892
214 537
214 803
214 841
215 445
215 853
215 893
215 919
216 404
216 587
216 641
216 851
216 900
216 904
217 344
217 793
218 264
218 282
219 810
219 843
219 853
220 241
220 244
220 413
220 595
220 719
220 794
221 399
221 565
221 753
221 805
222 255
222 336
222 382
222 414
222 494
222 819
222 855
222 856
223 269
223 295
223 622
223 900
223 972
224 248
224 276
224 480
224 521
224 708
225 578
225 786
226 410
226 458
226 538
226 583
226 749
226 800
226 972
227 250
227 512
228 231
228 470
229 265
229 381
229 620
229 655
229 912
229 939
230 788
230 979
232 245
232 256
232 665
232 808
232 821
233 257
233 343
233 404
233 474
233 514
233 633
234 917
234 956
235 341
235 365
235 799
235 973
236 269
236 368
236 393
236 627
236 744
236 927
237 355
237 379
237 442
237 560
237 711
237 903
238 315
238 325
238 370
238 424
238 556
238 696
238 702
238 758
238 777
239 320
239 378
239 385
239 755
239 816
239 837
239 926
240 705
241 256
241 360
241 427
241 918
242 449
242 457
242 466
242 876
242 983
243 440
243 574
243 694
243 982
244 578
244 748
244 925
244 942
244 965
245 350
245 401
245 405
245 436
245 514
245 544
245 655
245 661
245 700
246 306
246 602
247 265
247 515
247 593
247 598
247 709
248 358
248 563
248 637
248 646
248 779
249 555
250 257
250 376
250 396
250 452
250 766
250 906
251 273
251 434
251 449
251 644
251 699
251 761
251 932
252 978
253 953
254 842
254 969
255 924
256 515
256 558
256 612
257 290
257 573
257 601
257 607
257 902
257 971
257 998
258 343
258 427
258 496
258 497
258 499
258 539
258 633
258 703
258 770
258 849
258 899
258 926
259 337
259 354
259 366
259 404
260 941
261 322
261 383
261 476
261 697
261 706
261 728
261 860
261 933
261 937
261 999
262 332
262 355
262 480
262 933
262 947
263 272
263 415
263 502
263 583
263 860
263 865
263 867
264 447
264 523
264 636
264 884
265 319
265 351
265 517
265 718
265 728
265 792
266 291
266 498
266 574
266 614
266 868
267 324
267 838
268 342
268 502
268 605
268 703
268 771
268 945
269 612
269 802
269 915
270 402
270 479
270 661
270 811
270 935
270 995
271 300
271 508
271 612
271 721
271 746
271 922
272 395
272 698
272 793
272 862
273 408
273 467
273 520
273 831
273 936
273 957
274 284
274 378
274 699
274 804
274 998
275 541
275 587
275 652
275 810
276 366
276 923
277 305
277 434
278 727
280 331
280 866
280 970
281 530
281 670
281 873
282 317
282 331
282 630
282 674
282 811
282 982
283 728
283 889
284 390
284 592
284 688
284 938
285 396
285 452
285 667
285 793
285 800
285 836
285 935
286 303
286 363
286 367
286 529
286 587
286 711
286 808
287 328
287 333
287 349
287 430
287 597
287 627
288 695
288 782
288 963
288 975
289 293
289 463
289 591
289 711
289 730
289 833
290 348
290 401
290 514
290 519
290 770
290 896
290 936
291 373
291 666
291 768
291 813
291 948
292 312
292 355
292 382
292 489
292 491
292 627
292 807
292 905
292 995
293 676
293 716
293 878
293 978
294 304
294 646
294 771
294 836
294 969
295 340
295 361
295 854
296 457
296 485
296 968
297 351
297 404
297 408
297 802
297 832
297 874
298 640
298 790
299 369
299 459
299 510
299 556
299 590
299 904
299 917
300 465
300 605
300 750
300 758
300 868
301 508
301 524
301 758
301 939
302 440
302 541
302 558
302 609
302 671
302 920
303 413
303 546
303 601
303 651
304 342
304 918
305 887
305 993
306 802
306 810
306 991
307 464
307 682
308 483
309 420
309 508
309 699
309 719
309 879
310 789
311 384
311 575
312 628
312 778
312 953
313 536
313 732
313 934
314 338
314 381
314 488
314 573
314 594
314 688
314 771
315 712
315 755
315 817
315 930
316 491
316 630
316 672
316 715
317 535
317 564
317 845
318 356
318 365
318 494
318 763
318 871
319 547
319 573
319 621
319 707
319 711
319 740
319 915
320 393
320 607
320 805
320 894
320 920
321 419
321 542
321 628
321 796
322 373
322 562
322 577
322 660
322 753
322 772
322 888
322 972
323 327
323 409
323 462
323 649
323 833
323 951
323 966
324 482
324 676
324 723
324 745
324 929
324 937
324 960
325 514
325 630
325 704
325 865
325 897
325 991
326 402
326 549
326 751
327 372
327 463
327 503
327 514
327 621
327 687
328 496
328 550
328 568
328 590
328 605
328 794
328 837
329 668
329 936
330 426
330 481
330 643
330 705
330 843
331 507
331 726
331 821
331 876
331 922
332 426
332 544
332 712
332 776
332 801
332 902
332 965
333 545
333 611
333 726
333 757
334 468
334 536
334 914
335 339
335 407
336 450
336 818
337 433
337 443
337 726
337 795
337 803
338 451
338 502
338 662
339 461
339 575
339 743
340 644
340 709
340 778
340 830
341 539
341 608
341 646
341 670
341 972
341 975
342 491
342 567
342 754
342 774
342 935
342 937
342 977
343 593
343 600
343 650
343 668
343 675
343 680
344 362
344 460
344 494
344 567
344 881
344 990
345 451
345 804
345 846
345 966
345 990
346 404
346 662
347 363
347 605
348 386
348 466
348 531
348 607
348 916
349 643
350 634
350 660
350 887
351 426
351 446
351 577
351 807
352 393
352 453
352 626
352 820
353 518
353 655
353 771
353 776
353 909
354 435
354 599
354 690
355 622
355 802
355 961
355 975
356 974
357 446
357 959
358 362
358 561
358 639
358 888
358 966
359 782
360 493
360 676
360 764
360 959
360 996
361 369
361 684
361 815
362 794
362 877
362 972
363 736
363 956
365 872
365 995
366 392
366 458
366 624
366 746
367 662
367 784
368 724
368 785
369 482
369 770
369 781
369 917
370 914
371 465
371 684
371 726
371 790
371 891
371 961
372 388
372 728
372 828
373 801
374 521
374 673
374 825
374 918
374 997
375 442
375 476
376 485
376 830
376 928
377 492
377 699
377 834
378 493
378 515
378 597
378 619
378 936
378 970
379 631
379 829
379 923
380 448
380 461
380 625
381 659
381 908
382 451
382 594
382 614
382 646
382 767
382 862
383 410
383 575
383 893
385 486
385 644
386 632
386 660
386 707
386 997
387 406
387 685
387 707
387 964
388 590
388 691
388 718
388 795
388 873
388 976
388 986
389 474
389 822
390 434
390 965
391 483
391 533
391 611
391 650
391 689
391 916
392 409
392 753
392 843
393 524
393 681
393 692
393 728
394 550
394 557
394 876
395 615
395 632
395 705
395 981
396 440
396 595
396 889
396 908
396 941
397 460
397 521
397 583
397 947
398 406
398 420
398 664
398 675
399 439
399 487
399 820
399 958
399 960
400 441
400 459
400 488
400 607
400 735
400 757
400 984
401 486
401 583
401 648
401 695
401 960
402 405
402 451
402 540
402 630
402 762
402 974
403 608
403 677
404 561
404 583
404 601
404 664
404 799
404 838
405 469
405 490
406 494
406 588
406 753
407 417
407 491
407 605
407 718
407 765
407 827
407 925
408 550
408 619
408 756
408 766
408 779
408 781
408 914
409 482
409 576
409 719
409 840
409 991
410 413
410 437
410 650
410 700
410 859
411 415
411 722
411 760
411 896
411 975
412 552
412 861
413 497
413 574
413 722
413 739
414 425
414 434
414 514
414 581
414 862
415 622
415 753
415 780
416 701
416 787
416 884
417 445
417 485
417 591
417 758
417 803
418 569
418 661
418 837
418 896
419 555
419 984
420 482
420 545
420 976
421 472
421 552
421 619
421 672
422 923
423 426
423 428
423 430
423 710
423 786
423 891
423 978
424 553
424 637
424 664
424 784
425 511
425 592
425 662
425 968
426 499
426 596
426 659
426 818
427 507
427 588
427 692
427 838
427 885
428 822
428 875
429 585
430 679
430 737
430 826
431 593
431 970
432 497
432 511
432 669
433 523
433 591
433 853
433 937
434 744
434 776
434 933
435 568
435 969
436 697
436 704
436 885
437 447
437 572
437 721
438 774
440 836
440 895
440 916
441 562
441 634
441 680
441 716
441 811
441 920
441 923
442 651
444 664
444 843
445 689
445 876
446 524
446 534
447 708
447 757
447 797
447 982
448 461
449 563
449 715
449 772
449 778
449 834
449 861
450 587
450 858
451 566
451 569
451 620
451 893
451 982
452 607
452 676
452 886
453 627
453 683
454 579
454 734
454 784
454 934
455 458
455 633
455 658
455 728
455 816
456 747
457 554
457 568
457 613
459 508
460 485
460 632
460 784
461 748
461 752
461 824
462 729
462 980
463 471
464 526
464 915
464 972
465 480
465 621
465 660
465 720
465 752
465 818
465 869
465 977
467 595
467 753
467 779
468 474
468 899
469 521
469 858
470 527
471 562
471 917
471 960
472 856
472 901
473 521
474 706
474 731
474 832
474 914
474 918
475 602
475 730
475 902
475 966
476 727
477 540
477 631
477 780
477 880
477 988
478 769
478 924
478 943
479 481
479 529
479 735
480 511
480 833
481 663
481 789
481 809
482 533
482 565
482 852
482 911
483 531
483 606
483 693
483 843
483 987
484 516
484 541
484 753
484 767
485 510
485 725
485 796
486 536
486 740
486 902
487 871
487 928
488 524
488 552
488 566
488 580
488 614
488 826
489 713
489 780
490 813
491 601
491 718
491 826
492 578
492 645
492 711
492 751
493 608
493 780
493 829
493 882
493 967
494 518
494 700
494 775
496 681
496 733
496 746
496 919
498 709
498 955
499 557
499 826
500 605
500 737
500 888
501 539
501 595
501 960
501 987
502 505
502 547
502 605
502 607
502 693
502 790
503 515
503 742
503 818
503 842
504 589
504 976
505 570
505 586
505 963
505 964
506 565
506 802
506 849
506 856
506 861
507 516
507 618
507 854
508 837
508 862
508 946
509 679
509 688
509 728
509 888
510 601
510 812
510 890
510 905
510 949
511 795
511 986
512 903
513 543
513 682
513 994
514 633
514 785
514 933
515 551
515 560
516 639
516 815
516 939
517 574
517 772
517 940
518 606
518 666
518 747
518 769
518 787
519 606
521 705
521 866
521 996
522 566
522 859
522 876
523 650
523 932
524 661
524 772
524 836
524 900
525 602
525 756
526 900
526 928
527 529
527 590
528 799
529 647
530 647
530 743
530 755
530 907
531 643
531 735
531 736
531 790
531 987
532 584
532 655
532 784
532 787
532 804
532 845
533 711
533 741
533 803
533 906
534 611
535 750
535 793
535 951
536 782
536 851
536 957
537 725
537 862
537 919
538 627
538 852
538 975
539 861
539 870
539 871
540 683
540 736
540 775
540 986
541 764
541 871
542 690
542 692
542 794
542 972
543 703
543 862
543 889
544 575
544 609
544 861
545 763
545 852
545 869
546 549
546 565
546 892
547 607
547 648
547 784
547 817
548 658
548 791
549 600
549 678
549 872
549 887
550 632
550 666
550 684
551 668
551 853
552 680
552 762
553 838
553 853
553 952
553 965
554 557
554 574
554 601
554 866
555 771
555 922
556 789
557 736
557 800
558 562
558 650
558 713
558 769
558 858
559 693
559 762
560 613
560 693
560 731
560 766
561 574
561 763
561 854
561 923
562 572
562 697
562 782
563 670
563 798
565 674
565 774
565 805
566 599
566 646
566 730
566 769
566 826
566 897
567 690
567 698
567 701
568 705
569 749
569 992
569 995
570 791
570 865
570 904
570 932
571 755
571 951
571 996
572 915
572 934
573 581
573 943
574 583
575 628
575 926
575 994
576 604
576 613
576 716
576 771
577 589
577 906
577 972
578 713
579 641
579 670
579 735
579 797
579 858
579 930
579 980
579 990
580 714
580 790
580 913
581 834
581 845
582 664
582 758
582 955
582 996
583 703
583 771
583 913
583 961
584 800
584 844
584 916
585 641
585 858
586 978
587 939
589 659
589 835
590 641
590 661
590 681
591 642
591 661
591 704
591 738
591 887
592 736
592 829
593 632
593 672
594 605
594 988
595 899
595 975
596 776
597 865
598 650
598 809
598 871
598 909
599 693
599 698
599 938
601 638
601 921
602 678
602 953
603 608
603 804
603 983
604 810
604 886
604 910
605 738
605 818
606 788
606 972
607 749
607 878
607 966
609 749
611 640
611 733
611 922
612 628
612 775
612 828
613 659
613 770
613 966
614 692
614 782
614 978
615 807
615 985
616 725
617 770
617 825
617 901
619 651
619 705
619 724
619 844
619 882
620 982
621 943
621 957
622 940
622 945
622 954
622 969
623 816
623 935
623 940
623 985
624 754
624 898
625 744
625 820
625 862
625 929
626 831
626 997
627 726
629 692
629 771
631 698
631 699
631 765
631 848
632 674
632 790
632 886
632 923
635 675
635 741
635 880
635 885
636 782
637 771
637 875
638 735
639 641
639 874
640 741
640 851
640 913
641 660
643 952
644 826
645 674
645 788
645 924
646 689
647 762
647 782
647 894
651 693
651 887
652 774
652 804
652 861
653 832
653 903
654 742
654 828
654 947
655 730
656 679
656 756
656 906
656 913
657 769
658 788
658 945
661 784
662 804
662 820
662 972
664 706
664 733
665 851
665 898
665 945
665 984
666 763
666 805
666 963
668 730
669 725
670 833
670 986
671 716
671 786
671 954
672 747
673 902
675 684
675 986
676 975
678 839
678 867
678 927
678 989
679 735
680 687
680 863
680 968
681 807
683 753
683 892
684 814
684 952
685 751
686 971
688 933
688 965
689 832
689 921
690 806
690 853
691 791
692 937
693 896
694 836
694 878
694 885
695 898
695 905
695 924
695 977
696 715
696 835
696 893
696 931
698 859
698 949
698 955
698 976
699 825
700 768
700 867
701 707
702 776
702 812
703 830
703 948
704 724
705 778
705 853
705 895
705 938
706 770
706 786
707 712
707 910
707 996
708 845
708 942
708 986
709 807
709 852
709 924
709 933
710 766
710 796
711 722
711 800
711 966
712 793
712 908
715 765
716 796
716 930
717 747
717 984
720 865
720 909
720 912
721 725
721 738
721 753
721 775
721 831
722 743
722 752
722 894
723 732
723 854
723 951
725 859
725 926
726 992
726 997
727 896
727 952
728 743
729 888
730 823
731 860
732 741
733 770
733 772
733 854
734 739
734 740
734 940
734 966
735 891
735 950
736 969
736 971
737 880
738 921
740 757
740 834
740 879
741 796
741 803
741 818
741 885
741 929
742 767
742 801
743 749
743 769
743 796
743 851
743 958
744 895
744 948
744 983
745 908
746 918
747 881
747 967
747 998
748 872
749 776
749 804
750 885
750 941
750 965
751 785
751 906
753 941
755 867
756 886
756 996
757 823
758 806
759 934
760 762
760 928
760 987
762 937
762 988
763 784
763 827
763 978
764 928
765 929
766 909
766 985
767 883
769 778
769 836
770 966
771 799
771 980
772 856
773 780
774 907
775 891
776 861
776 915
776 986
777 968
778 788
778 819
780 933
780 934
782 887
782 901
783 822
784 927
785 792
785 956
787 949
788 903
788 930
790 973
791 838
792 882
793 897
794 824
794 904
794 950
795 810
795 925
796 846
796 897
798 955
800 968
801 859
801 872
801 878
803 949
804 809
805 841
805 934
806 846
806 885
807 812
808 879
808 944
810 877
810 959
811 814
811 889
811 955
812 853
812 859
812 969
815 831
817 946
820 849
820 997
821 894
822 834
823 873
823 961
823 969
824 834
824 890
824 987
826 841
827 950
828 901
829 839
830 895
832 896
833 950
839 946
842 988
842 989
843 922
844 897
846 911
846 914
846 992
847 889
847 938
849 910
850 943
852 973
853 935
854 937
854 977
855 949
857 948
857 965
857 973
859 890
861 950
862 907
864 905
865 888
865 897
865 978
868 921
868 967
871 951
873 892
874 929
875 937
875 999
876 942
877 949
880 909
880 942
881 917
882 885
884 995
885 921
885 955
886 986
886 991
889 975
890 915
891 924
891 925
892 934
892 946
892 981
893 907
894 907
894 914
899 957
901 955
902 991
904 937
912 924
915 929
918 993
919 989
920 926
920 969
921 959
922 927
922 997
924 937
928 958
930 938
933 952
934 942
934 969
934 979
935 970
937 991
938 971
945 978
947 965
948 985
963 986
966 991
967 973
987 993
