0 58
0 121
0 142
0 234
0 242
0 262
0 367
0 558
0 911
0 967
1 98
1 663
1 704
2 105
2 642
2 850
2 883
3 63
3 138
3 725
4 137
4 666
5 567
5 583
5 639
5 861
6 300
6 333
6 427
6 551
6 827
7 524
7 533
8 304
8 324
8 525
8 639
8 658
8 731
8 916
9 133
9 138
9 469
9 652
9 967
9 971
10 284
10 304
10 580
10 619
10 643
10 663
10 810
10 984
11 202
11 341
11 539
11 623
11 685
11 778
12 225
12 356
12 415
12 540
12 601
12 915
13 137
13 169
13 177
13 227
13 408
13 566
14 100
14 261
14 422
14 540
14 595
14 631
14 807
15 162
15 176
15 199
15 385
15 789
16 87
16 205
16 356
16 428
16 652
16 676
16 694
17 258
17 332
17 446
17 636
17 714
17 779
17 841
18 460
18 599
18 760
18 831
18 997
19 94
19 455
19 562
19 677
19 733
19 774
19 873
19 901
19 929
20 411
20 771
20 857
20 880
20 883
20 973
21 69
21 227
21 679
21 871
21 934
22 302
22 376
22 783
22 788
22 829
22 833
23 141
23 796
23 867
24 205
24 244
24 613
24 935
25 33
25 304
25 360
25 687
26 320
26 656
26 723
27 173
27 397
27 973
28 94
28 657
29 33
29 408
29 464
29 621
29 799
29 843
29 994
30 169
30 247
30 379
30 427
30 469
30 554
30 731
30 738
30 748
30 857
30 896
31 32
31 119
31 185
31 193
31 324
31 350
31 445
31 586
31 772
31 896
32 125
32 195
32 596
32 890
32 926
33 298
33 353
33 638
33 847
34 58
34 373
34 539
34 677
34 700
35 133
35 309
35 692
35 987
36 79
36 356
36 951
37 340
37 390
37 434
37 594
37 885
38 77
38 255
38 400
38 662
38 719
39 109
39 222
39 269
39 312
39 358
39 613
39 618
39 939
40 370
40 497
40 607
41 292
41 369
41 792
41 843
41 863
42 218
42 384
42 402
42 552
42 646
42 835
42 837
43 116
43 915
44 350
44 435
45 68
45 187
45 258
45 298
45 365
45 407
45 886
46 477
46 612
46 751
47 203
47 208
47 383
47 595
47 776
47 857
47 869
47 892
48 218
48 251
48 601
48 730
49 343
49 392
49 524
49 566
49 755
49 811
49 903
49 993
50 76
50 100
50 321
50 384
50 559
50 963
51 99
51 177
51 445
51 454
51 695
51 865
51 889
51 946
52 506
52 677
53 304
53 323
53 438
53 486
53 634
53 815
53 888
54 194
54 796
54 855
54 917
55 61
55 531
55 575
55 718
55 852
55 902
55 917
56 58
56 810
56 987
57 198
57 406
57 481
57 595
57 691
57 967
58 135
58 315
58 557
58 723
58 881
59 244
59 376
59 394
59 789
60 152
60 172
60 311
60 360
60 795
60 925
61 219
61 446
61 464
61 588
61 764
61 867
62 339
62 412
62 671
62 893
63 103
63 560
63 758
63 869
64 221
64 223
64 353
64 473
64 562
64 987
65 466
65 777
65 876
66 117
66 154
66 248
66 471
66 742
66 949
67 171
67 423
67 517
67 782
68 111
68 143
68 208
68 693
68 808
68 838
69 422
69 451
69 552
69 992
70 120
70 317
70 334
70 380
70 475
70 772
71 178
71 312
71 497
71 559
71 780
71 824
72 204
72 459
72 471
72 675
72 757
72 896
73 220
73 280
73 379
73 391
73 673
73 869
73 892
74 149
74 216
74 286
74 521
74 590
74 791
74 931
75 242
75 447
75 689
75 736
75 986
76 148
76 210
76 277
76 450
76 668
76 786
76 851
76 955
77 246
77 337
77 465
77 559
77 739
77 748
77 787
77 888
78 84
78 211
78 446
78 560
78 854
78 864
78 870
78 943
78 979
78 981
79 203
79 326
79 384
79 458
79 754
80 178
80 191
80 397
80 426
80 495
80 760
81 216
81 340
81 387
81 444
81 783
81 882
81 968
81 972
82 154
82 160
82 379
82 446
82 671
83 147
83 255
83 424
83 586
83 862
83 863
83 998
84 283
84 314
84 371
84 431
84 516
84 578
84 709
84 713
84 765
84 878
84 918
84 981
85 186
85 226
85 399
85 740
85 812
85 937
86 183
86 218
86 455
86 486
86 574
86 789
86 924
87 236
87 356
87 370
87 635
87 963
87 967
87 973
88 571
88 641
88 720
88 743
88 807
88 997
89 308
89 384
89 649
89 705
89 857
89 875
90 91
90 161
90 639
90 895
91 222
91 319
91 838
91 959
92 201
92 325
92 424
92 503
92 516
92 525
92 609
92 753
93 223
93 229
93 397
93 542
93 757
93 823
94 153
94 584
94 601
94 750
94 798
95 125
95 168
95 289
95 621
95 719
96 201
96 452
96 568
96 705
96 798
96 983
96 987
97 127
97 131
97 491
98 341
98 536
98 678
98 792
98 810
98 906
99 171
99 174
99 376
99 479
99 482
99 500
99 764
99 827
99 830
99 894
100 284
100 358
100 610
100 834
100 878
100 944
101 173
101 305
101 414
101 788
101 980
102 291
102 326
102 408
102 439
102 616
102 719
102 737
102 746
103 222
103 272
103 292
103 401
103 576
103 683
103 729
103 840
103 952
104 180
104 333
104 544
104 587
104 669
105 144
105 195
105 331
105 642
105 660
105 834
105 875
105 951
106 136
106 341
106 417
106 508
106 551
106 703
107 241
107 565
107 949
108 232
108 424
108 666
108 748
108 828
109 208
109 315
109 685
109 697
109 904
109 954
110 210
110 409
110 512
110 572
110 595
110 965
111 267
111 296
111 833
111 846
112 306
112 363
112 512
112 655
112 662
112 682
112 755
112 904
112 909
112 922
113 317
113 318
113 484
113 636
113 641
113 655
114 244
114 298
114 363
114 369
114 607
114 748
114 865
115 584
115 614
115 961
116 151
116 192
116 581
116 595
116 823
116 960
117 211
117 612
117 714
117 940
118 783
118 944
118 986
119 681
119 760
120 295
120 353
121 282
121 301
121 391
121 444
121 785
121 822
121 903
121 924
122 142
122 352
122 542
122 556
122 701
122 902
122 992
123 424
123 529
123 568
123 596
124 393
124 480
124 550
124 868
124 888
124 893
124 920
124 947
125 332
125 394
125 731
125 778
125 935
126 463
126 613
126 691
126 916
127 444
127 536
128 234
128 292
128 348
128 376
128 983
128 994
129 253
129 311
129 499
129 773
129 815
130 301
130 524
130 575
130 725
130 863
131 164
131 296
131 488
131 537
131 546
132 172
132 227
132 316
132 385
132 419
132 453
132 527
132 652
132 681
132 757
132 820
132 852
133 149
133 364
133 517
133 573
133 682
133 753
133 808
133 850
134 237
134 524
134 554
135 150
135 815
136 237
136 254
136 276
136 556
136 572
136 689
136 737
137 173
137 292
137 319
137 451
137 465
137 493
137 510
137 558
137 674
138 227
138 280
138 287
138 438
138 667
139 344
139 549
139 562
139 680
139 739
139 771
139 779
140 436
140 621
140 725
140 862
140 923
141 540
141 567
141 756
142 167
142 252
142 305
142 849
142 975
142 995
143 244
143 360
143 446
143 618
143 663
143 713
143 932
144 173
144 359
144 518
144 569
144 778
144 812
145 147
145 463
145 477
145 550
145 778
145 855
146 185
146 381
146 472
146 500
146 523
146 639
146 683
146 712
146 949
146 956
146 960
147 243
147 592
148 594
148 871
148 872
148 900
149 238
149 260
149 457
149 536
149 586
149 630
149 833
150 271
150 600
150 704
150 713
151 422
151 473
151 525
151 618
151 775
151 787
152 283
152 300
152 411
152 712
152 795
153 228
153 525
153 590
153 854
153 937
154 228
154 234
154 304
154 325
154 386
154 423
154 535
154 666
154 797
155 346
155 600
155 765
155 873
156 160
156 339
156 360
156 626
156 647
156 758
156 762
156 850
157 656
157 887
157 916
157 959
158 208
158 312
158 332
158 537
158 871
158 997
159 372
159 374
159 539
159 708
159 775
159 837
159 887
159 943
159 965
160 216
160 470
160 504
160 781
160 830
160 838
161 410
161 667
161 681
161 947
162 264
162 441
162 627
162 745
163 366
163 525
164 210
164 753
164 991
165 182
165 196
165 437
165 472
165 945
166 447
166 451
166 619
166 736
167 204
167 902
168 178
168 221
168 285
168 328
168 338
168 618
168 801
168 912
168 963
169 270
169 365
169 383
169 407
169 443
169 484
169 564
169 626
169 699
169 794
170 566
170 809
170 819
170 884
171 272
171 953
171 966
172 265
172 548
172 628
173 254
173 284
173 332
173 388
173 529
173 540
173 548
173 670
173 867
173 873
173 945
174 289
174 327
174 445
174 659
174 813
174 815
175 250
175 435
175 579
175 890
176 279
176 341
176 351
176 361
176 395
176 603
176 847
177 376
177 385
177 394
177 464
177 631
177 942
177 972
178 507
178 595
178 668
178 818
178 917
178 928
179 202
179 578
179 881
179 954
180 282
180 303
180 461
180 499
180 517
180 587
180 726
181 207
181 258
181 289
181 472
181 988
182 210
182 238
182 626
182 830
182 922
183 442
183 457
183 716
183 727
183 753
183 947
185 225
185 278
185 282
185 283
185 586
185 595
185 605
185 635
185 664
185 846
185 848
185 992
186 441
186 715
186 746
186 797
186 940
187 526
187 538
187 820
187 912
188 211
188 233
188 714
188 733
188 837
188 943
189 584
190 698
190 706
190 796
190 925
190 940
191 438
191 607
191 849
191 853
191 906
192 561
192 812
193 280
193 379
193 514
193 927
193 966
193 971
194 298
194 371
194 383
194 690
194 727
194 780
194 863
194 940
194 951
195 225
195 589
195 722
195 849
195 870
196 436
196 612
196 661
196 703
196 831
196 843
196 881
196 932
197 266
197 476
197 857
197 909
197 971
198 212
198 218
198 323
198 732
198 737
198 744
198 756
198 917
198 979
199 349
199 524
199 801
199 903
199 939
199 957
200 385
200 705
201 392
201 494
201 525
202 477
202 509
202 514
202 535
202 760
202 878
203 245
203 254
203 369
203 486
203 543
203 612
204 214
204 333
204 582
204 595
204 690
205 255
205 350
205 418
205 420
205 495
205 590
205 601
205 738
205 786
205 962
205 988
206 514
206 711
206 853
207 518
207 543
207 629
207 721
207 841
207 989
208 419
208 479
208 641
208 670
208 863
208 937
209 432
209 806
210 667
210 682
210 994
211 250
211 253
211 507
211 511
211 616
211 695
211 703
211 727
211 732
212 254
212 274
212 408
212 419
212 556
212 760
213 297
213 374
213 497
213 584
213 638
213 714
213 859
214 239
214 311
214 334
214 382
214 450
214 566
214 633
215 266
216 221
216 237
216 541
216 549
216 605
216 714
216 731
216 937
217 482
217 936
217 977
218 753
218 755
219 327
219 328
219 384
219 493
219 869
220 461
220 464
220 478
220 700
220 825
220 838
221 328
221 359
221 534
222 291
222 579
222 649
222 745
222 914
223 331
223 557
223 672
223 710
223 829
223 855
224 234
224 708
224 907
225 789
225 966
226 374
226 387
226 733
226 797
226 854
226 996
227 266
227 820
227 915
227 920
228 405
228 755
228 783
229 285
229 354
229 505
229 553
229 718
229 889
229 939
229 984
229 990
230 309
230 357
230 369
230 372
230 436
230 469
230 471
230 485
230 588
230 624
230 800
230 863
230 970
231 361
231 387
231 680
232 263
232 776
232 778
233 624
233 764
233 795
233 823
233 996
234 729
234 796
235 355
235 550
235 783
235 825
235 905
235 961
236 308
236 359
236 421
236 465
236 584
236 777
236 834
236 925
236 934
237 467
237 626
237 691
238 463
238 637
238 671
238 695
238 856
239 280
239 317
240 296
240 547
240 559
240 612
240 692
240 738
240 752
240 921
241 323
241 505
241 520
241 632
241 693
241 747
241 855
242 544
242 871
243 327
243 421
243 944
244 444
244 983
245 602
245 652
245 760
246 697
247 687
247 696
247 808
247 982
248 533
248 784
249 280
249 282
249 305
249 501
249 642
249 770
249 944
250 454
250 560
250 570
251 362
251 414
251 877
252 368
252 388
252 415
252 676
252 770
252 835
252 927
253 324
253 331
253 394
253 438
253 725
253 744
253 922
254 644
254 658
255 300
255 303
255 318
255 373
255 455
255 563
255 568
255 740
255 771
256 259
257 261
257 750
257 898
257 965
258 270
258 334
258 344
258 351
258 484
258 499
258 971
259 423
259 523
259 672
259 808
259 857
259 904
259 936
259 972
260 266
260 658
260 769
260 804
260 861
261 313
261 324
261 751
261 956
262 452
262 593
262 783
263 291
263 788
263 799
264 384
264 612
264 667
264 826
264 957
264 979
265 329
265 400
265 695
265 787
266 439
266 483
266 543
266 590
266 695
266 842
267 685
267 956
268 282
268 423
268 804
268 921
269 531
269 671
269 694
270 470
270 603
270 609
270 720
270 766
270 777
270 828
270 940
270 998
271 331
271 388
271 574
271 716
271 782
271 946
272 319
272 366
272 441
272 520
272 684
272 774
272 973
272 983
272 986
273 368
273 389
273 405
273 522
273 615
274 493
274 594
274 613
274 615
274 649
274 730
274 893
275 394
275 541
275 652
275 684
275 747
275 812
276 620
276 935
277 306
277 366
277 718
277 782
277 837
277 933
277 955
278 552
278 744
278 914
279 517
279 586
279 800
279 905
280 372
280 679
280 717
280 778
280 799
280 915
281 306
281 660
281 739
282 358
282 449
282 653
282 657
283 335
283 336
283 920
284 346
285 427
285 554
285 837
285 920
286 291
286 718
286 899
287 374
287 536
287 770
287 778
287 829
287 954
288 371
288 505
288 515
288 517
288 593
288 636
288 725
288 753
289 332
289 982
290 831
290 892
290 918
291 334
291 353
291 389
291 540
291 651
292 320
292 326
292 335
292 354
292 387
292 493
292 823
292 964
293 693
293 925
294 329
294 650
294 797
294 904
295 580
295 830
296 438
296 550
296 951
297 302
297 308
297 603
297 886
298 624
298 718
298 780
298 806
298 879
298 929
299 349
299 353
299 621
300 437
300 496
300 537
300 635
300 664
301 512
301 667
301 762
301 898
301 977
302 372
302 423
302 502
302 624
303 574
303 703
303 867
303 947
303 995
304 366
304 488
304 916
305 345
305 416
305 703
305 733
305 916
306 597
306 709
306 960
307 431
307 652
307 983
308 711
309 427
309 442
309 575
309 952
310 523
311 389
311 426
311 429
311 713
311 715
311 769
311 770
311 792
311 822
311 830
312 873
312 964
313 341
313 346
313 614
313 907
313 982
314 335
314 380
314 383
314 469
314 533
314 735
314 900
315 351
315 380
315 747
315 992
316 513
316 584
317 397
317 517
317 666
317 884
317 950
318 328
318 640
318 864
318 872
319 471
319 545
319 685
319 838
320 434
320 481
320 495
320 562
320 768
321 327
321 820
321 946
321 982
322 601
322 744
322 938
322 972
323 356
323 427
323 477
323 561
324 690
324 725
324 737
324 842
324 858
324 954
325 367
325 382
325 445
325 666
325 718
325 726
325 755
326 408
326 442
326 487
326 755
326 773
326 789
326 881
326 945
327 335
327 652
327 672
327 965
327 988
328 373
328 394
328 458
328 481
328 790
328 888
328 897
328 938
329 461
329 980
330 401
330 415
330 436
330 643
330 695
330 741
330 779
330 826
330 892
330 962
330 989
331 502
331 570
331 598
331 971
332 338
332 464
332 767
333 868
333 890
334 466
334 499
335 414
335 624
335 834
336 355
336 500
336 676
336 703
336 773
336 798
337 461
337 468
337 942
337 999
338 377
338 381
338 483
338 796
339 379
339 716
339 799
339 811
339 896
340 341
340 406
340 503
340 548
340 588
340 679
341 452
341 516
341 517
341 776
341 840
342 359
342 423
342 611
342 612
343 424
343 482
344 411
344 589
345 368
345 682
345 708
345 713
345 796
346 428
347 585
348 399
348 539
348 651
349 386
349 844
349 852
349 980
350 557
350 727
351 385
351 778
351 797
351 861
351 862
351 919
353 570
353 788
354 438
354 619
354 754
354 811
355 547
355 622
355 655
355 715
355 754
355 767
355 880
356 833
357 434
357 696
357 742
357 809
358 926
358 935
359 379
359 482
359 495
359 565
359 577
359 599
359 683
359 710
359 852
359 937
360 383
360 577
360 650
360 963
360 993
361 372
361 622
362 388
362 508
362 647
362 866
362 915
363 413
363 480
363 652
363 786
363 963
363 987
364 391
364 457
364 707
364 772
365 368
366 619
367 405
367 468
367 624
367 696
367 797
367 875
367 897
368 475
368 675
368 774
369 547
369 922
369 949
370 374
370 480
370 574
370 717
370 741
370 767
371 522
371 572
371 695
371 734
371 793
371 891
372 489
372 571
372 868
372 882
372 903
372 934
373 437
373 803
373 996
374 505
374 584
374 680
374 880
374 930
374 933
375 472
375 605
375 649
375 924
376 484
376 519
376 668
377 506
378 516
378 529
378 584
378 631
378 734
378 816
379 404
379 429
379 582
379 839
379 853
379 964
380 390
380 589
380 708
380 962
381 391
381 474
381 564
381 746
381 902
381 986
382 545
382 595
382 797
382 838
383 405
383 423
383 541
383 564
383 888
385 649
385 729
386 505
386 661
386 998
387 641
388 435
388 669
389 453
389 635
389 903
389 961
390 542
390 579
390 704
391 508
391 628
391 652
392 419
392 515
392 776
392 795
392 805
392 830
393 707
393 708
393 835
394 611
394 657
394 982
395 639
395 982
396 441
396 456
396 492
396 888
396 913
397 677
397 682
397 791
397 878
398 463
398 503
398 597
398 642
398 647
398 791
399 503
399 538
399 699
399 805
400 578
400 824
401 768
402 946
403 465
403 732
403 776
403 825
404 540
404 847
404 880
404 897
404 945
405 514
405 889
406 640
406 688
406 994
407 481
408 428
408 744
408 822
408 826
408 957
408 959
409 418
410 482
410 573
411 909
412 499
413 538
413 711
415 644
415 841
415 984
416 437
416 593
416 648
416 972
417 503
417 512
417 607
417 617
417 618
417 921
418 607
418 773
419 420
419 440
419 492
419 579
419 595
419 618
419 796
419 801
419 827
419 985
420 535
421 651
421 859
422 565
422 694
422 772
422 837
422 858
423 588
423 963
424 596
424 779
424 880
424 895
424 939
424 973
425 443
425 574
425 890
426 452
426 687
426 761
426 789
427 613
427 673
428 449
428 537
428 560
428 618
428 792
428 962
428 988
429 555
429 870
429 949
429 960
430 439
430 541
431 640
431 732
431 762
431 767
432 435
432 713
433 499
433 550
433 565
433 608
434 442
434 653
434 760
435 486
435 941
435 979
436 647
436 775
437 756
437 835
439 536
439 547
439 703
439 746
439 844
440 448
441 472
441 500
441 589
441 594
441 793
443 543
443 602
443 837
443 867
443 908
444 452
444 512
445 658
445 674
446 543
446 947
447 483
447 780
447 809
447 940
447 999
449 557
449 640
449 796
449 862
449 877
450 769
450 934
451 585
451 658
451 711
451 817
451 989
452 487
452 774
452 825
452 892
453 906
453 983
454 821
454 878
455 648
455 671
455 926
455 996
456 581
456 637
456 767
456 809
456 927
457 605
457 950
458 611
458 623
458 985
459 610
459 702
459 838
460 526
460 876
461 723
461 763
461 922
462 640
462 642
462 667
462 683
462 748
462 902
462 916
462 932
463 514
463 525
463 548
463 918
463 956
463 995
464 647
464 720
464 783
465 627
465 760
465 848
466 663
467 541
467 805
468 512
468 542
468 669
468 693
468 745
468 787
468 832
469 723
469 726
469 791
469 945
470 571
470 632
470 912
471 965
472 516
472 524
472 555
472 560
472 607
472 660
472 831
472 915
472 927
473 644
473 734
473 772
473 846
474 550
474 623
474 644
474 654
474 676
474 836
475 657
475 717
475 825
477 842
478 501
478 529
478 653
478 682
478 729
478 731
478 965
478 995
479 592
479 676
481 522
481 736
481 883
481 886
482 664
483 574
483 882
483 968
484 641
484 881
485 779
485 780
485 850
486 634
486 837
486 858
486 897
486 900
487 488
487 530
487 706
487 749
487 864
487 865
488 542
488 564
488 663
488 866
488 895
489 510
489 533
489 597
489 729
489 833
490 933
491 781
491 788
491 837
492 567
492 584
492 714
492 920
493 511
493 931
494 734
494 743
494 962
495 629
495 679
495 731
495 825
495 997
496 670
496 821
496 853
496 888
496 911
497 524
497 932
499 865
500 666
500 792
500 880
501 630
501 767
502 815
502 845
503 603
503 868
503 880
503 904
503 959
504 562
504 731
504 773
504 999
505 624
505 820
506 536
506 620
506 707
507 814
507 957
508 620
508 676
508 725
508 937
509 582
509 682
510 640
510 833
511 670
512 601
512 664
513 689
514 591
514 784
514 919
514 958
514 989
515 779
515 814
516 540
516 579
516 932
517 577
517 912
517 937
517 966
518 531
518 626
518 795
518 907
519 765
519 810
520 914
520 970
520 987
521 600
521 781
521 916
522 695
522 746
522 891
522 917
522 926
523 598
523 946
524 552
524 589
524 782
524 913
525 640
525 727
525 811
525 819
525 951
526 583
526 958
527 552
527 741
527 808
528 559
528 628
528 657
528 809
528 922
529 977
530 704
530 736
530 886
530 892
530 944
531 606
531 842
532 551
532 728
532 869
532 993
533 587
533 656
533 776
533 911
533 924
534 582
534 972
535 892
536 585
536 608
536 763
536 843
536 874
536 975
537 551
537 606
537 701
537 703
538 569
538 992
539 608
539 695
539 751
539 813
540 600
540 766
541 895
541 999
542 641
543 600
543 612
544 783
544 907
546 568
546 691
546 740
547 554
547 625
547 721
547 863
548 654
548 691
548 711
549 570
549 741
549 818
549 906
550 737
550 992
551 557
551 718
551 934
553 649
553 728
554 725
556 753
556 755
557 709
558 730
558 868
558 942
558 985
559 647
559 956
559 959
560 596
560 840
560 978
561 746
561 796
561 870
562 858
562 925
562 927
563 695
563 845
563 866
564 877
564 910
564 921
565 566
565 777
565 812
565 982
566 652
566 953
567 751
567 914
568 644
568 701
568 981
569 671
569 972
569 980
570 998
571 694
571 797
571 864
571 977
572 895
573 784
573 803
574 793
574 977
575 670
576 599
576 880
577 961
577 999
578 639
578 760
578 935
579 581
579 612
579 639
579 683
579 727
579 925
579 952
579 961
580 787
580 811
581 698
581 843
581 914
582 614
582 687
582 725
582 784
582 790
582 805
582 917
583 919
584 756
586 729
587 827
588 659
588 759
588 896
588 976
589 784
589 823
591 637
591 721
591 895
592 739
592 764
593 683
594 670
594 800
594 978
595 884
596 900
596 991
597 897
598 686
598 724
598 753
598 759
598 944
599 924
600 613
600 836
600 904
600 962
601 624
601 675
601 798
602 635
602 925
603 714
604 901
604 954
605 899
606 733
607 909
607 914
608 757
609 982
610 684
610 837
612 653
614 684
614 754
615 770
615 820
616 679
616 837
616 893
617 917
617 989
618 730
619 651
619 662
619 888
620 633
621 743
623 658
624 724
624 895
625 746
625 851
625 875
625 887
625 974
625 989
626 634
626 906
626 915
627 849
628 630
629 718
629 783
629 786
629 868
630 720
630 742
630 819
631 679
631 790
631 848
631 885
632 671
633 827
633 956
634 898
635 820
636 884
636 893
637 811
637 847
638 769
638 909
639 720
639 725
639 746
639 766
639 809
640 850
641 673
641 712
641 738
641 821
641 946
642 739
642 753
642 896
644 854
645 867
645 920
646 884
646 952
647 702
647 803
647 968
648 849
648 867
648 971
648 992
649 795
650 808
651 827
651 870
652 840
653 932
654 779
655 662
655 697
655 909
655 955
656 799
656 962
657 737
657 858
657 865
658 671
659 660
659 744
659 921
659 948
659 967
660 679
661 690
662 867
663 850
664 714
664 833
665 710
665 765
665 890
666 726
666 834
667 731
668 705
668 772
669 686
669 886
669 920
669 927
670 769
670 789
671 866
671 900
673 934
673 938
674 882
676 737
676 791
677 701
677 755
677 769
677 881
678 748
678 761
678 803
678 863
679 712
679 819
680 961
682 737
682 985
683 840
684 815
684 887
684 956
685 695
686 693
686 930
686 985
686 988
687 871
688 836
688 986
688 994
688 999
689 875
690 823
691 789
692 948
693 877
693 893
693 976
693 985
694 869
694 999
695 987
696 761
696 901
697 944
698 762
699 723
699 767
699 815
699 934
699 993
701 850
701 916
702 870
702 981
703 774
703 840
704 966
705 747
705 881
705 917
705 971
708 990
709 755
709 986
710 860
711 737
711 929
712 766
712 874
712 983
713 851
715 914
715 965
716 973
717 851
717 914
717 916
718 725
718 861
719 726
719 809
719 924
721 996
722 746
722 969
723 724
724 823
724 887
725 837
725 942
726 928
726 990
727 740
727 802
729 805
729 915
730 985
730 996
733 835
733 984
733 999
734 978
735 895
736 766
736 788
736 802
737 768
737 937
737 986
738 740
739 867
739 921
740 849
740 915
742 825
744 791
744 963
746 937
747 750
748 786
749 755
749 934
749 942
750 946
750 952
751 858
751 912
751 952
752 776
752 963
753 759
753 811
753 867
754 806
754 825
754 947
755 856
756 788
756 823
756 879
756 881
756 989
757 772
757 813
760 828
761 986
762 788
763 815
763 831
763 889
763 905
763 910
764 914
765 767
765 884
766 775
766 851
766 866
766 890
766 913
766 943
768 855
769 858
769 860
770 822
771 784
772 836
773 831
773 839
773 914
775 849
775 953
776 791
777 934
778 799
779 823
779 871
779 930
779 962
779 970
781 802
781 969
781 992
782 795
782 810
782 833
782 976
783 870
783 982
784 835
785 966
787 822
788 898
788 903
788 980
789 838
789 874
790 927
790 948
791 985
792 913
793 838
793 925
794 828
795 877
795 975
795 993
796 866
796 901
797 927
797 930
799 826
802 945
803 868
803 882
804 878
804 957
805 933
807 892
808 981
809 962
810 857
811 819
811 824
811 947
811 965
814 914
814 978
817 976
817 986
818 819
818 876
819 849
819 903
821 869
822 989
825 956
826 902
826 962
828 941
829 873
829 964
831 935
831 949
832 887
833 909
835 979
836 854
836 884
837 853
837 912
838 881
838 962
838 982
840 883
842 969
843 848
845 935
845 953
851 906
853 976
854 900
854 931
854 935
854 937
854 998
855 877
855 948
857 972
859 996
863 997
864 884
864 983
866 978
867 971
867 998
868 885
868 907
871 998
875 917
876 930
878 885
878 916
879 900
881 990
882 922
882 982
882 986
883 978
885 983
886 930
886 948
892 950
893 944
893 973
895 974
896 975
897 931
901 979
902 949
906 972
907 921
908 949
914 938
916 953
919 959
923 957
925 962
931 981
933 948
940 949
941 986
944 995
945 990
953 982
953 995
955 984
958 962
960 973
966 976
968 982
972 988
986 987
