0 194
0 198
0 212
0 323
0 361
0 362
0 515
0 671
0 862
0 952
1 165
1 452
1 844
2 170
2 284
2 662
2 816
2 897
2 986
3 117
3 145
3 201
3 284
3 411
3 707
3 848
4 192
4 258
4 632
4 711
4 790
4 913
5 161
5 205
5 648
5 678
5 722
5 960
6 147
6 360
6 851
7 152
7 192
7 201
7 239
7 400
8 57
8 128
8 461
8 536
8 667
8 728
8 915
8 938
9 217
9 252
9 338
9 775
10 162
10 495
10 551
10 599
10 666
10 825
10 954
11 61
11 139
11 177
11 244
11 265
11 508
11 721
11 987
12 113
12 324
12 344
12 745
13 76
13 402
13 858
13 960
14 303
14 368
14 439
15 89
15 216
15 387
15 485
15 614
15 719
15 797
15 868
16 32
16 207
16 310
16 879
17 20
17 151
17 243
17 349
17 445
17 492
18 33
18 177
18 229
18 261
18 301
18 701
18 730
18 766
18 860
19 302
19 520
19 831
20 167
20 897
21 274
21 929
21 988
22 690
23 121
23 175
23 287
23 377
23 641
23 744
23 766
23 834
23 880
24 174
24 191
24 389
24 404
24 410
24 463
24 575
24 594
24 726
24 800
24 883
24 974
25 65
25 617
25 692
26 250
26 588
27 319
27 383
27 416
27 443
27 460
27 499
27 624
27 657
27 730
28 345
28 553
28 598
28 679
29 259
29 536
29 600
29 702
29 931
30 923
31 68
31 245
31 445
31 456
31 878
31 948
32 124
32 209
32 416
32 561
32 645
32 773
32 803
32 817
32 874
32 877
32 990
33 105
33 304
33 422
33 479
33 496
33 500
33 612
33 725
33 815
34 100
34 174
34 216
34 406
34 534
34 742
34 869
34 870
34 952
35 273
35 311
35 595
35 628
35 757
35 879
35 954
35 981
36 89
36 130
36 382
36 465
36 676
36 844
37 80
37 264
37 295
37 320
37 415
37 531
37 956
38 404
38 682
38 927
38 943
39 71
39 442
39 845
40 199
40 470
40 492
40 842
40 846
40 994
41 96
41 151
41 209
41 227
41 420
41 530
41 937
42 229
42 274
42 502
42 734
43 136
43 247
43 307
43 337
43 372
43 499
44 57
44 111
44 124
44 269
44 419
44 421
44 864
45 331
45 472
45 675
45 726
45 737
45 885
45 954
46 187
46 221
46 355
46 524
46 693
46 780
47 367
47 448
47 464
48 105
48 321
48 421
48 553
48 556
48 609
48 761
49 279
49 306
49 435
49 693
49 799
49 908
49 986
50 313
50 440
50 452
50 550
50 614
50 724
50 818
51 560
51 703
51 804
51 961
52 291
52 512
52 513
52 642
52 696
52 753
53 382
53 705
53 739
53 845
54 403
54 443
54 444
54 606
54 794
54 810
54 830
54 836
55 60
55 345
55 593
55 794
56 694
56 734
57 234
57 262
57 265
57 299
57 527
57 705
57 866
57 875
58 181
58 192
58 381
58 469
58 724
59 110
59 218
59 409
59 498
59 629
59 676
59 938
60 739
60 746
60 762
60 829
60 875
61 64
61 124
61 162
61 275
61 552
61 715
62 602
62 808
63 446
63 455
63 456
63 669
63 670
63 886
64 195
64 402
64 529
64 539
64 609
64 790
64 839
65 74
65 197
65 255
65 729
65 948
65 949
66 289
66 324
66 342
66 400
66 754
67 158
67 272
67 746
67 859
67 985
68 90
68 216
68 428
68 438
68 662
68 675
68 749
69 171
69 246
69 584
69 794
70 444
70 521
70 575
70 610
70 626
70 689
70 968
71 163
71 173
72 98
72 99
72 186
72 291
72 331
72 380
72 609
72 731
72 808
72 895
72 912
73 282
73 309
73 397
73 403
73 641
74 298
74 672
74 726
74 743
74 849
75 107
75 211
75 295
75 443
75 446
76 328
76 492
76 714
76 802
77 265
77 278
77 380
77 603
77 653
77 797
78 448
78 450
78 517
78 547
78 624
78 732
78 965
79 120
79 343
79 365
79 375
79 634
79 763
79 890
80 410
80 690
81 242
81 507
81 751
81 755
81 764
81 829
81 899
81 924
82 164
82 236
82 551
82 633
82 634
82 703
82 975
83 204
83 293
83 416
83 423
83 604
83 643
83 834
83 879
83 939
84 182
84 290
84 417
84 632
84 905
85 185
85 233
85 570
85 726
86 247
86 471
86 667
86 798
86 803
87 222
87 379
87 428
87 745
87 824
88 110
88 113
88 169
88 300
88 601
88 607
89 334
89 396
89 423
89 469
89 602
89 642
90 270
90 453
90 508
90 682
90 799
90 858
90 942
91 194
91 636
91 770
92 653
92 737
93 144
93 573
93 788
94 216
94 238
94 445
94 491
94 543
94 579
94 887
95 502
95 504
95 530
95 658
95 666
95 765
96 356
96 412
96 520
97 138
97 492
97 533
97 540
98 140
98 523
98 624
98 628
98 726
98 863
99 486
99 617
99 643
99 732
99 987
100 166
100 437
100 520
100 627
100 885
100 898
100 906
101 441
101 700
101 924
101 963
102 348
102 403
102 565
102 569
103 565
103 740
103 756
103 993
104 199
104 269
104 272
104 348
104 701
104 768
105 111
105 143
105 234
105 254
105 827
106 278
106 581
106 644
106 752
106 910
106 921
107 295
107 442
107 583
107 837
108 750
108 948
109 280
109 410
109 691
109 777
109 907
110 550
110 791
110 945
111 201
111 392
111 748
111 812
112 145
112 228
112 387
112 469
112 519
112 836
113 764
114 186
114 345
114 403
114 478
114 539
114 940
115 187
115 207
115 667
115 722
115 941
116 642
116 998
117 197
117 249
117 271
117 423
117 450
117 567
117 698
118 160
118 200
118 655
118 711
118 728
118 776
119 125
119 173
119 359
119 417
119 423
119 534
119 620
119 697
119 712
119 851
119 989
120 330
120 534
120 986
120 987
121 144
121 415
121 802
121 811
121 838
122 143
122 175
122 284
122 512
122 942
123 201
123 624
123 798
123 806
123 824
123 830
123 965
124 503
124 734
125 951
126 167
126 184
126 360
126 689
126 933
126 975
127 436
127 494
127 627
127 651
127 812
127 978
128 370
128 433
128 489
128 691
129 233
129 750
129 768
130 682
130 877
131 247
131 312
131 724
131 738
131 912
132 305
132 326
132 428
132 455
132 492
132 613
133 292
133 328
133 470
133 578
134 174
134 428
134 455
134 569
134 795
134 802
134 967
135 248
135 343
135 481
135 496
135 501
135 841
135 960
136 169
136 189
136 264
136 288
136 315
136 372
136 669
136 934
137 261
137 331
137 582
137 965
138 415
138 430
138 495
138 632
138 849
139 280
139 332
139 567
139 616
139 676
139 953
140 238
140 401
140 438
140 741
141 257
141 568
141 671
141 826
141 983
142 313
142 531
142 626
143 252
143 321
143 481
143 505
143 570
143 583
143 668
143 822
143 857
143 858
144 170
144 666
144 697
145 317
145 687
145 740
146 983
147 276
147 530
147 573
147 619
147 831
147 989
148 207
148 400
148 458
148 542
148 591
148 664
148 878
148 983
149 277
149 521
149 608
149 807
149 812
149 951
149 992
150 159
150 304
150 569
150 776
150 987
151 559
151 632
151 776
151 950
151 991
152 231
152 254
152 409
152 445
152 599
153 756
153 904
154 298
154 312
154 604
154 618
154 837
155 331
155 565
155 800
155 810
155 850
156 290
156 499
156 770
157 207
157 573
157 612
157 668
157 750
157 960
157 973
158 219
158 326
158 328
158 337
158 375
158 387
158 457
158 510
158 553
158 593
158 659
158 820
159 326
159 552
159 796
159 865
160 349
160 441
160 651
160 702
160 955
161 235
161 283
161 396
161 662
162 426
162 486
162 576
162 638
162 753
163 249
163 299
163 619
163 620
163 626
163 713
163 717
163 869
163 931
164 433
164 538
164 575
164 633
164 895
165 220
165 298
165 344
165 347
165 495
165 591
166 234
166 455
166 786
166 831
166 912
166 913
167 397
167 440
167 450
167 654
167 829
167 949
168 322
168 405
168 579
168 692
168 786
168 839
168 900
168 917
169 501
169 559
169 718
169 802
169 840
170 559
170 571
170 647
170 749
170 923
171 281
171 460
171 505
171 589
171 762
171 879
172 441
172 504
172 509
172 594
172 882
173 185
173 218
173 290
173 403
173 422
173 599
173 837
173 900
173 947
174 186
174 385
174 412
174 485
174 568
174 589
174 641
175 283
175 465
175 974
176 626
176 991
177 313
177 392
177 564
177 603
177 688
177 948
178 202
178 486
178 828
178 934
178 996
179 337
179 596
179 989
180 183
180 225
180 315
180 412
180 437
180 929
180 965
181 214
181 444
181 576
181 582
181 694
182 206
182 228
182 652
183 657
184 241
184 312
184 431
184 528
185 337
185 428
185 535
185 538
185 701
186 517
186 540
186 894
187 486
187 626
187 832
188 735
188 894
188 992
189 192
189 242
189 856
189 924
190 361
190 438
190 639
190 769
190 815
191 763
191 901
192 301
192 325
192 466
192 832
193 238
193 247
193 439
193 617
194 341
194 404
194 424
194 740
194 848
194 899
194 950
195 624
195 861
196 492
196 577
196 590
197 281
197 469
197 470
198 286
198 295
198 552
198 797
198 849
198 938
199 265
199 653
199 683
199 995
200 303
200 392
200 552
200 603
200 662
200 668
200 812
201 212
201 586
201 677
201 774
201 799
202 498
202 948
203 583
203 605
203 752
203 807
203 966
203 977
204 238
204 425
204 748
204 941
205 255
205 261
205 329
205 878
206 244
206 362
206 393
206 693
206 792
207 219
207 900
208 231
208 328
208 486
208 841
209 370
209 531
209 596
210 212
210 457
210 538
210 560
210 630
210 649
210 670
210 693
210 797
210 923
211 216
211 412
211 431
211 584
211 645
211 674
211 743
212 323
212 355
212 405
212 569
212 576
212 745
213 389
213 436
213 636
213 703
214 297
214 339
214 386
214 528
214 825
214 910
214 928
215 538
216 309
216 365
216 432
216 455
216 539
216 698
216 804
217 257
217 568
217 763
218 228
218 355
218 399
218 410
218 530
218 650
219 465
219 657
219 714
219 738
219 787
219 790
219 929
220 221
220 261
220 570
220 572
220 608
220 645
221 328
221 336
221 419
221 603
221 607
221 797
221 937
222 372
222 373
222 696
222 932
223 449
223 452
223 846
223 881
223 932
223 945
224 916
225 439
225 488
225 695
225 733
225 837
225 896
226 263
226 413
226 555
226 568
226 597
226 626
226 647
227 368
227 510
227 696
227 709
227 857
228 273
228 278
228 484
228 780
229 409
229 624
229 678
229 788
229 962
230 249
230 381
230 717
230 827
230 969
231 372
231 400
231 598
231 972
232 350
232 391
232 401
232 995
233 284
233 545
233 561
233 882
234 581
234 611
234 794
235 244
235 564
235 594
235 813
235 849
236 291
236 448
236 545
236 624
236 713
236 720
236 752
236 769
236 822
237 267
237 468
237 503
237 563
237 615
237 738
237 914
237 990
238 937
239 669
239 702
239 849
239 963
240 443
240 450
240 582
240 961
241 327
241 562
242 461
242 654
243 244
243 907
243 928
244 399
244 593
244 663
244 698
244 715
244 733
245 410
245 532
245 786
245 904
245 960
246 465
246 644
246 717
247 356
247 473
247 813
247 928
248 309
248 335
248 406
248 590
248 781
248 799
248 801
248 894
248 937
249 843
250 594
251 389
251 409
251 422
251 580
251 806
251 915
251 990
252 501
252 525
252 821
253 640
253 660
253 947
254 379
254 619
255 665
256 439
257 384
257 424
257 456
257 694
257 798
257 886
258 364
258 640
258 718
258 789
258 827
258 911
258 916
259 678
259 697
259 946
260 302
260 321
260 344
260 534
260 792
260 893
260 956
261 302
261 401
261 409
261 550
261 773
261 998
262 506
262 566
262 701
262 730
262 733
262 802
262 939
263 271
263 297
263 521
263 778
263 807
263 926
263 943
264 718
264 941
265 736
265 756
265 940
265 974
266 708
266 713
266 747
266 913
267 355
267 655
267 774
268 273
268 276
268 383
268 387
268 396
268 712
268 998
269 291
269 359
269 469
269 515
269 543
269 592
269 678
269 850
270 646
270 668
271 300
271 371
271 398
271 679
271 885
272 376
272 589
272 958
273 390
273 490
273 501
273 503
273 647
273 756
273 806
273 923
274 351
274 412
274 725
274 765
274 954
275 319
275 807
275 817
276 304
276 327
276 773
276 818
276 823
276 913
278 622
279 324
279 362
279 516
279 821
279 862
279 917
279 935
280 585
280 929
280 999
281 311
281 425
281 617
281 872
281 873
281 892
281 965
282 502
282 747
283 379
283 423
283 835
283 878
283 960
284 341
284 877
285 352
285 540
285 861
286 562
286 598
286 984
286 990
287 639
287 893
287 926
287 987
288 548
288 761
288 891
289 468
289 660
289 706
289 856
289 879
289 882
290 380
290 548
290 623
290 824
290 887
291 359
291 393
291 538
292 476
292 714
293 621
293 651
293 905
293 909
294 298
294 307
294 472
294 479
294 545
294 609
295 423
295 651
295 857
296 357
296 376
296 414
296 486
296 592
296 908
296 983
297 423
297 597
297 969
298 494
298 971
299 316
299 662
299 668
299 868
299 877
299 934
300 866
301 384
301 811
301 970
302 324
302 408
302 707
303 416
303 453
303 572
303 627
303 639
304 479
304 548
304 620
304 757
304 858
305 421
305 437
305 446
305 487
305 883
306 420
306 568
306 771
306 802
308 472
308 772
308 871
309 730
309 858
309 964
310 501
310 612
311 420
311 432
311 449
311 482
312 686
312 874
313 319
313 436
313 837
314 520
314 575
314 577
314 718
314 851
314 947
315 460
315 751
315 791
315 985
316 802
316 846
317 396
317 501
317 563
317 728
317 844
317 986
318 391
318 463
318 474
318 498
318 641
319 391
319 836
319 884
320 458
320 591
321 393
321 443
321 720
321 765
321 773
321 774
322 696
323 648
323 649
323 725
323 957
324 794
324 894
325 559
325 814
325 974
326 503
326 689
326 879
327 526
327 542
327 691
327 907
328 357
328 513
328 668
328 679
328 804
329 501
329 561
329 624
329 891
329 959
330 516
330 710
330 785
331 553
332 396
332 853
332 936
332 953
332 969
333 358
333 424
333 736
333 765
333 929
334 728
335 428
335 546
335 598
335 946
336 513
336 645
336 714
337 523
337 668
337 999
338 563
338 623
338 651
338 664
338 948
338 960
339 348
339 439
339 948
340 440
340 444
340 696
340 814
340 942
341 463
341 849
342 574
342 653
342 744
342 938
343 344
343 434
343 483
343 792
343 947
343 977
344 384
344 617
344 761
345 527
345 763
345 839
345 870
345 886
346 848
346 983
347 362
347 635
347 743
347 884
347 898
347 910
348 829
349 656
349 822
350 701
350 790
350 889
351 441
351 587
351 728
351 786
351 788
351 808
352 660
352 933
354 386
354 677
355 638
355 851
356 396
356 511
356 525
356 697
356 786
356 838
356 862
357 574
357 864
357 900
357 970
358 730
359 535
359 685
359 816
359 853
359 895
359 903
359 993
361 463
361 687
361 906
362 473
362 785
362 968
362 990
363 552
363 950
364 607
364 659
364 752
364 771
364 946
365 573
365 650
365 787
365 836
365 955
366 767
366 905
366 937
367 396
367 758
367 994
368 891
369 558
369 583
369 605
369 799
369 807
370 397
370 472
370 664
370 927
371 516
371 772
371 896
371 926
371 927
371 930
372 447
372 678
373 523
373 625
373 676
373 776
373 782
373 796
373 797
373 973
374 715
374 760
374 810
374 838
374 972
375 793
375 930
376 484
376 655
376 734
376 914
377 393
377 498
377 799
377 853
378 486
378 605
378 945
378 976
379 435
379 539
379 692
380 399
380 459
380 669
380 678
380 796
380 812
380 819
380 879
380 923
381 495
381 610
381 902
381 960
381 979
382 473
382 604
382 615
383 591
383 623
383 681
383 730
385 484
385 500
385 549
385 833
386 678
387 946
388 837
388 876
389 745
390 549
390 773
390 923
391 407
391 819
392 952
393 566
393 580
393 620
393 710
393 873
393 879
393 881
393 994
394 963
395 466
395 502
395 792
395 803
395 866
396 692
396 721
396 989
397 450
397 603
398 582
398 602
398 682
398 692
398 710
398 850
398 852
398 981
399 492
399 562
399 600
399 606
399 678
399 998
400 474
400 936
401 619
401 639
401 861
401 957
402 430
402 721
403 605
403 673
403 736
403 827
403 844
403 941
403 942
404 552
404 616
404 657
404 851
404 884
404 996
405 555
405 557
405 614
405 625
405 731
405 972
406 559
406 638
406 684
406 976
406 978
406 997
407 662
407 801
408 620
408 792
408 850
408 917
409 508
409 735
409 740
409 769
409 816
410 491
410 577
410 656
410 750
410 981
411 462
411 521
411 556
411 568
411 697
411 724
411 764
413 453
413 597
413 787
414 451
414 452
414 488
414 714
415 419
415 519
415 713
415 875
416 479
416 748
417 471
417 632
417 789
418 778
418 978
419 479
419 527
419 553
419 713
419 758
420 437
420 591
420 889
421 485
421 487
421 623
421 656
422 600
422 971
423 602
423 673
423 832
423 857
423 944
424 473
424 554
424 896
424 920
424 922
424 943
424 961
425 434
425 645
425 653
425 823
426 455
426 458
426 459
426 764
426 993
427 498
427 727
428 545
428 854
428 868
428 988
429 505
429 585
430 519
430 581
430 615
431 820
431 856
431 962
432 546
432 712
432 874
433 592
433 814
433 879
434 696
434 760
434 836
434 923
435 444
435 524
435 630
435 801
435 964
436 456
436 489
436 714
436 818
436 931
436 957
437 641
437 726
438 478
438 519
438 595
438 793
438 881
439 865
440 483
440 593
440 832
442 453
442 497
442 503
442 587
442 649
443 496
443 687
443 906
443 916
444 451
444 550
444 668
444 898
444 908
444 922
445 477
445 502
445 619
445 771
445 864
445 983
446 481
446 581
446 680
446 751
446 913
446 915
446 943
447 513
447 560
447 982
448 510
448 535
448 657
448 738
448 799
448 883
448 953
448 988
449 643
449 739
449 763
449 904
450 480
450 648
450 652
450 861
451 460
451 622
451 719
452 566
453 557
453 634
453 798
454 618
454 735
454 794
455 817
455 872
455 926
456 617
456 684
457 572
457 638
457 701
458 491
458 617
458 752
458 763
458 858
458 995
459 540
459 830
459 840
459 958
459 993
460 505
460 507
460 756
460 831
460 911
461 841
461 905
462 566
463 583
463 725
463 735
463 906
464 618
464 870
466 483
466 529
466 548
466 670
466 832
467 634
467 720
467 933
468 505
468 628
468 767
468 773
468 796
468 883
469 515
469 624
469 799
469 905
470 490
470 546
470 571
470 621
471 479
471 519
471 605
471 686
471 756
472 699
473 497
473 536
473 605
473 657
473 687
473 894
474 562
474 593
474 659
474 665
474 691
474 767
474 856
474 940
475 597
475 791
475 870
475 901
475 914
475 997
476 622
476 703
476 944
476 954
477 497
477 574
477 956
478 594
478 604
478 972
478 975
478 995
479 583
479 600
480 894
481 635
481 699
481 755
481 821
481 924
482 515
482 849
482 910
484 519
484 534
484 744
484 937
485 756
485 789
485 795
485 923
486 600
486 821
486 886
486 920
487 580
487 679
487 724
487 805
487 913
488 503
488 656
488 817
488 919
489 784
489 843
490 598
490 651
490 655
490 822
490 954
491 658
491 854
493 619
493 718
493 726
493 954
494 643
494 811
494 881
494 936
495 792
495 857
495 897
496 589
496 757
496 793
496 886
497 548
497 707
497 722
498 600
498 619
499 709
499 774
500 849
501 506
501 682
501 753
501 794
501 808
501 868
501 959
502 532
502 600
502 616
502 781
503 702
503 749
503 844
503 898
504 559
505 556
505 807
505 846
505 864
506 662
506 694
507 669
507 975
508 523
508 792
508 856
508 917
509 857
510 592
510 941
511 733
512 528
512 532
512 693
513 565
513 616
513 781
513 883
513 973
514 559
514 697
514 746
514 843
514 875
514 966
515 686
515 843
516 649
516 961
517 788
517 857
518 986
519 539
519 694
519 781
520 667
520 837
521 540
521 627
521 976
522 723
522 787
522 869
523 711
523 712
523 776
523 942
524 538
524 615
524 752
525 710
526 617
526 817
526 840
526 896
526 904
527 701
527 930
527 938
528 801
529 726
529 730
530 900
531 713
531 764
532 776
533 552
533 646
534 678
534 895
535 583
535 809
535 837
535 902
535 905
536 616
536 740
536 871
537 673
537 729
537 986
538 600
538 674
538 753
539 654
539 785
539 975
540 726
541 646
542 772
542 844
542 853
542 929
543 601
543 681
543 788
543 797
544 926
545 800
545 849
545 864
545 900
545 919
546 702
546 761
546 836
547 586
547 827
547 850
547 913
548 703
548 748
548 952
549 832
549 864
550 670
550 763
551 643
551 990
552 630
553 582
553 649
553 916
554 724
554 796
554 807
554 813
555 828
555 856
557 563
557 724
557 942
557 991
559 743
559 821
561 623
561 626
561 641
561 656
561 921
561 981
561 997
562 620
563 982
564 571
564 932
565 801
565 934
566 885
566 971
566 992
567 590
568 648
569 650
569 784
569 807
569 986
570 573
570 798
570 834
570 904
571 637
572 586
572 841
572 975
573 589
573 662
573 759
574 736
574 749
574 789
574 811
574 817
574 838
575 868
577 713
577 896
578 586
578 609
578 687
578 775
578 972
579 616
579 790
579 801
580 911
581 900
581 932
582 698
583 714
583 715
583 722
583 749
583 890
584 816
585 603
585 629
585 741
585 831
585 965
586 932
587 729
587 885
587 904
588 602
588 618
588 721
588 888
589 707
589 728
589 770
589 851
590 749
590 878
590 941
591 921
591 999
592 717
592 725
592 784
592 944
592 997
593 686
593 797
594 975
595 625
595 994
596 740
596 745
597 716
598 737
600 897
601 683
601 850
601 902
601 993
602 753
602 758
602 762
602 768
602 907
603 692
603 694
603 729
603 962
604 659
605 666
605 858
605 893
605 902
606 645
606 646
606 718
606 736
606 783
606 962
606 975
606 996
606 999
607 609
607 628
608 644
608 894
608 912
609 932
609 961
610 619
610 744
610 762
612 668
612 675
612 896
612 900
612 914
612 995
613 749
613 846
613 955
614 845
614 970
614 983
616 633
616 948
616 987
617 624
617 677
617 708
617 805
617 935
618 635
618 810
618 965
619 874
619 923
620 677
620 944
621 770
621 876
621 940
622 851
622 908
623 766
623 778
623 906
623 913
624 793
624 960
625 673
625 912
625 970
626 726
627 864
627 981
628 710
628 723
628 766
628 870
629 841
629 907
630 747
630 772
630 786
630 977
632 866
633 902
633 995
635 656
635 716
636 697
636 785
636 808
637 941
637 950
638 736
638 830
639 698
639 740
639 759
640 777
641 801
642 789
642 805
642 887
643 724
643 862
643 947
644 883
646 769
646 988
647 689
647 959
651 730
653 813
653 967
654 761
654 864
655 900
656 836
656 960
656 962
657 841
658 778
659 841
660 750
662 808
663 946
663 986
664 923
664 946
666 734
666 764
666 870
666 958
667 762
667 947
668 706
668 809
668 999
669 826
669 933
669 946
669 986
670 743
670 900
670 947
671 708
671 783
671 873
671 896
671 965
672 983
673 875
674 688
676 780
676 862
677 774
678 765
678 846
679 905
680 684
681 791
681 820
681 895
681 935
682 780
682 977
683 775
683 851
683 908
684 956
685 686
685 696
685 784
686 841
686 949
687 807
687 885
689 878
690 868
690 950
691 836
691 893
692 825
693 758
693 956
693 999
694 904
695 709
696 928
697 759
697 766
697 835
698 739
698 880
699 700
700 802
700 963
701 748
701 959
702 891
702 965
702 966
703 824
704 806
704 993
705 728
705 810
706 826
706 938
707 897
707 906
707 944
708 716
708 755
710 764
710 839
711 722
711 736
712 845
712 970
712 990
714 754
715 837
716 909
716 985
717 837
717 969
718 793
718 845
718 883
718 888
722 827
723 745
725 766
725 982
726 797
727 746
727 944
728 759
728 838
728 860
728 925
728 946
729 767
729 829
729 945
730 907
730 918
731 814
731 819
732 787
732 974
733 737
733 832
733 978
734 887
734 900
735 780
735 926
735 974
736 947
737 970
739 858
740 760
743 877
744 864
745 877
745 994
748 991
749 856
749 998
751 875
752 820
752 841
754 766
754 911
756 777
757 839
757 972
758 947
759 849
759 930
759 997
759 999
760 890
761 850
763 769
763 798
764 798
764 987
765 774
766 780
766 902
767 941
769 912
770 971
771 929
771 957
772 840
772 911
773 882
774 782
774 905
775 893
776 919
777 914
778 810
778 872
778 950
779 835
779 889
779 925
781 862
781 863
781 894
782 809
782 829
782 920
782 955
783 805
783 904
783 978
784 889
784 953
786 977
787 847
789 955
789 975
791 916
792 916
792 972
792 974
793 874
793 904
795 811
796 925
796 990
800 820
800 932
800 998
803 811
804 833
805 956
806 854
807 898
807 940
808 952
809 865
809 899
811 987
815 905
815 967
817 972
818 843
819 852
819 917
820 881
821 836
821 968
822 935
822 976
824 903
826 925
827 940
829 944
831 918
831 957
834 852
834 942
835 847
837 979
839 865
841 943
842 926
843 914
843 946
845 897
848 943
850 907
851 856
851 933
853 922
854 869
854 877
855 959
855 992
858 871
860 912
862 866
865 924
866 884
867 907
868 935
871 951
872 929
873 913
874 878
874 938
874 982
876 900
878 922
880 990
883 921
885 948
886 918
889 901
889 950
890 928
890 962
893 942
893 974
894 905
894 945
894 978
895 934
896 903
896 909
896 952
896 967
897 906
897 950
901 972
902 987
903 986
904 935
905 964
906 977
907 994
913 938
914 963
916 990
918 934
919 968
924 968
925 942
926 996
939 964
940 984
945 959
945 995
976 981
983 996
