0 51
0 192
0 345
0 413
0 584
0 876
1 63
1 201
1 221
1 253
1 273
1 323
1 475
1 593
1 810
1 825
1 833
1 947
2 170
2 244
2 351
2 400
2 456
2 733
2 778
2 874
2 890
2 902
3 31
3 176
3 208
3 290
3 449
3 626
4 89
4 297
4 433
4 771
4 862
4 969
5 25
5 182
5 494
5 665
5 671
5 776
6 82
6 235
6 357
6 388
6 648
7 240
7 628
7 842
7 975
8 170
8 617
8 661
8 688
8 735
8 790
8 983
9 89
9 179
9 417
9 466
9 494
9 531
10 305
10 468
10 837
11 138
11 208
11 509
11 513
11 562
11 601
11 960
11 961
12 44
12 54
12 695
12 785
12 838
13 23
13 308
13 317
13 616
13 817
14 38
14 217
14 532
14 634
14 742
15 115
15 373
15 466
15 650
15 948
16 94
16 170
16 175
16 182
16 379
16 443
16 605
16 755
16 915
16 927
16 935
16 950
17 348
17 697
17 956
18 21
18 719
18 723
18 854
19 138
19 141
19 244
19 293
19 304
19 360
19 436
19 566
20 44
20 329
20 780
20 863
20 910
21 392
21 430
21 522
21 562
21 902
21 938
22 108
22 126
22 244
22 513
22 529
22 564
22 573
23 30
23 322
23 569
23 760
23 877
24 373
24 441
24 845
25 750
25 878
26 133
26 226
26 227
26 459
26 493
26 648
26 689
26 869
27 425
27 735
27 769
28 108
28 417
28 469
28 546
28 613
28 828
29 197
29 540
29 578
30 48
30 213
30 349
30 718
30 806
30 938
31 231
31 316
31 434
31 530
31 570
31 692
31 814
31 921
32 455
32 460
32 623
32 671
32 947
33 129
33 417
33 431
33 449
33 503
33 607
34 407
34 440
34 572
34 608
34 627
34 832
34 853
35 120
35 181
35 732
35 827
36 224
36 402
36 432
36 718
36 799
36 985
37 208
37 226
37 746
37 764
38 115
38 209
38 382
38 723
38 756
38 807
39 183
39 360
39 381
39 467
39 536
39 811
40 216
40 226
40 317
40 702
40 936
41 155
41 299
41 440
41 810
42 178
42 447
42 940
42 990
43 312
43 368
43 611
43 709
43 932
44 597
45 73
45 96
45 139
45 183
45 391
45 549
45 574
45 829
45 910
45 990
46 115
46 224
46 385
47 105
47 167
47 182
47 196
47 392
47 585
47 830
47 950
48 115
48 340
48 378
48 466
48 541
49 183
49 278
49 699
50 163
50 306
50 638
50 667
51 360
51 644
52 272
52 410
52 679
52 887
53 113
53 214
53 327
53 436
53 481
53 738
53 950
53 980
54 351
54 453
54 749
54 810
55 135
55 257
55 584
55 647
55 864
56 155
56 184
56 816
56 862
57 149
57 388
57 403
57 427
57 434
57 799
58 94
58 99
58 279
58 369
58 419
58 519
58 540
58 616
58 649
58 673
58 785
58 791
59 159
59 191
59 310
59 769
59 785
60 74
60 126
60 533
60 617
60 656
60 888
60 991
62 263
62 310
62 369
62 405
62 440
62 443
62 556
62 918
62 919
63 389
63 463
63 502
63 611
63 676
64 269
64 323
64 518
64 781
64 905
65 182
65 359
65 581
65 658
65 744
65 915
66 135
66 187
66 434
66 507
66 824
67 78
67 134
67 887
68 317
68 427
68 490
68 809
68 871
69 229
69 447
69 497
69 511
69 837
69 891
70 365
71 403
71 461
71 536
71 740
71 773
71 840
71 982
72 203
72 281
72 294
72 312
72 394
72 400
72 973
73 489
73 599
73 962
74 196
74 202
74 284
74 403
74 678
74 765
75 104
75 136
75 190
75 377
75 443
75 810
75 827
76 645
76 832
77 146
77 350
77 672
77 679
77 935
77 982
78 147
78 336
79 135
79 168
79 209
79 214
79 298
79 319
79 363
79 465
79 489
79 501
79 627
80 155
80 274
80 369
80 866
80 877
81 123
81 129
81 152
81 521
82 94
82 260
82 300
82 592
82 773
82 794
83 373
83 423
83 456
83 547
83 592
83 614
83 690
84 192
84 195
84 208
84 228
84 268
84 570
84 940
85 276
85 642
86 116
86 215
86 278
86 287
86 305
86 308
86 406
86 639
87 411
87 452
87 598
87 624
87 765
87 835
88 169
88 394
88 588
88 596
88 683
88 725
89 481
89 527
89 562
89 652
89 725
90 336
90 402
90 415
90 583
90 916
91 226
91 519
91 805
91 820
91 821
91 927
92 278
92 671
93 146
93 181
93 215
93 393
93 430
93 451
93 555
93 661
93 858
93 996
94 612
94 725
94 805
94 908
94 969
95 234
95 376
95 486
95 608
95 665
95 677
95 719
95 840
95 854
95 997
96 208
96 382
96 510
96 560
96 841
97 147
97 400
97 434
97 559
97 699
97 754
97 792
97 806
97 859
98 263
98 312
98 319
98 620
98 737
99 289
99 341
99 480
99 557
99 597
99 600
99 621
99 695
100 295
100 326
100 344
100 633
100 870
101 576
101 604
101 709
101 779
101 807
101 992
102 192
102 501
102 548
102 556
102 586
102 596
102 769
102 863
103 260
103 367
103 508
103 557
103 711
104 682
104 789
104 943
105 279
105 862
106 138
106 959
107 117
107 133
107 903
108 653
108 681
108 827
108 862
108 993
109 171
109 507
109 676
109 874
109 917
110 248
110 315
110 331
110 381
110 640
110 667
110 837
110 900
111 113
111 122
111 177
111 180
111 239
111 492
111 626
111 741
112 998
113 235
113 408
113 410
113 567
114 394
114 528
114 641
114 672
115 200
115 364
115 365
115 401
115 472
115 569
115 575
115 599
115 683
115 739
115 928
116 356
116 596
116 740
116 862
117 180
117 874
117 924
118 797
119 386
119 614
119 632
119 765
119 804
120 314
120 594
120 635
120 636
120 656
120 665
120 744
121 180
121 331
121 386
121 462
122 235
122 353
122 765
122 836
122 859
122 990
123 925
123 990
124 269
124 272
124 276
124 441
124 944
125 154
125 668
125 795
125 864
126 329
126 366
126 475
126 569
126 815
126 818
127 401
127 420
128 226
128 346
128 360
128 774
129 302
129 334
129 406
129 626
129 833
129 839
129 875
130 403
130 650
130 936
131 301
131 316
131 386
131 470
131 507
131 743
131 824
131 863
132 154
132 496
132 541
132 585
132 708
133 153
133 458
133 479
133 730
133 789
133 848
133 927
134 301
134 536
134 568
134 709
134 753
134 961
135 161
135 229
135 238
135 346
135 423
135 484
135 824
135 841
135 851
136 164
136 268
136 293
136 415
137 436
137 459
137 649
137 766
137 819
137 831
137 998
138 276
138 369
138 389
138 406
138 560
139 321
139 335
139 360
139 701
140 243
140 370
140 608
140 768
140 819
140 921
141 587
141 609
142 293
142 526
142 599
142 604
143 242
144 217
144 390
144 506
144 510
144 514
144 671
144 820
144 982
145 158
145 259
145 271
145 277
145 278
145 362
145 768
145 964
146 309
146 393
146 406
146 625
146 632
146 747
146 834
147 415
147 538
147 769
147 921
148 184
148 412
148 514
148 738
148 797
148 951
149 154
149 272
149 477
150 168
150 577
150 694
150 732
150 739
150 808
150 833
150 992
151 208
151 414
151 641
151 655
151 663
151 739
151 825
151 870
151 942
152 184
152 262
152 276
152 719
152 953
153 556
153 806
153 838
153 973
154 728
155 239
155 285
155 443
155 779
155 858
156 170
156 343
156 696
156 705
156 812
157 224
157 364
157 395
157 419
157 523
157 550
158 340
158 532
158 552
159 413
159 426
159 444
159 516
159 603
160 532
160 712
160 941
160 999
161 316
161 381
161 538
161 699
161 997
161 999
162 851
162 892
162 943
163 258
163 983
164 536
164 605
164 925
165 275
165 369
165 585
165 733
165 819
166 464
166 607
166 946
167 204
167 556
167 686
167 722
168 408
168 506
168 542
168 786
168 835
168 905
169 267
169 281
169 666
169 862
170 503
170 553
170 691
170 765
170 778
170 819
170 918
170 946
171 472
171 496
171 549
171 578
171 625
171 757
171 836
171 870
171 975
172 765
173 235
173 241
173 307
173 319
173 346
173 365
173 494
173 587
173 825
174 290
174 375
174 409
174 688
174 756
174 780
174 948
174 997
175 246
175 348
175 465
176 347
176 451
176 535
177 820
178 224
178 241
178 265
178 474
178 750
179 187
179 274
179 400
179 501
179 549
179 666
179 705
179 869
180 346
180 406
180 518
180 934
181 195
181 225
181 327
181 515
181 559
181 574
181 651
181 657
182 706
182 709
182 879
183 205
183 212
183 413
183 421
183 577
184 335
184 348
184 351
184 794
184 976
184 997
185 211
185 229
185 310
185 515
185 678
185 709
185 853
186 290
186 532
186 914
187 260
187 538
187 632
187 665
187 715
187 913
188 263
188 497
188 514
189 678
189 734
190 564
190 580
190 764
191 218
191 313
191 365
191 423
191 473
191 497
191 695
191 726
191 756
191 974
192 361
192 385
192 505
192 635
192 712
192 758
192 803
193 203
193 246
193 284
193 458
193 684
193 833
194 209
194 246
194 522
194 608
194 720
194 761
194 897
194 935
195 331
195 606
195 946
196 209
196 717
197 238
197 239
197 255
197 276
197 298
197 353
197 519
198 237
198 348
198 480
198 625
198 826
199 706
199 754
199 782
200 329
200 410
200 495
200 543
200 673
200 814
201 434
201 617
202 212
202 293
202 325
202 756
203 301
203 314
203 687
203 959
204 770
204 778
204 917
205 231
205 246
205 343
205 470
205 670
205 696
206 318
206 380
206 564
206 684
206 723
206 865
206 972
207 230
207 321
207 511
207 600
208 237
208 279
208 433
208 865
209 280
209 370
209 659
209 668
209 699
209 833
209 927
210 318
210 496
210 994
211 447
211 476
211 560
211 614
211 663
211 753
212 725
212 807
212 848
212 931
212 961
213 314
213 904
213 987
214 356
214 681
214 717
214 732
214 798
214 928
215 320
215 678
215 781
215 904
215 905
215 982
216 240
216 359
216 406
216 606
216 671
216 828
216 838
217 391
217 425
217 501
217 519
217 557
217 597
217 763
217 832
217 973
218 237
218 256
218 422
218 471
218 977
219 302
219 350
219 385
219 599
219 661
219 765
219 787
220 225
220 693
220 884
220 911
220 913
220 998
221 308
221 344
221 569
221 836
222 387
222 941
222 975
223 315
223 718
223 756
223 815
223 922
223 956
224 296
224 302
224 335
224 463
224 597
224 712
224 750
224 921
225 333
225 362
225 653
225 676
226 257
226 312
226 508
226 509
226 851
226 950
227 663
227 670
227 909
228 414
228 512
228 556
228 620
228 751
228 907
229 265
229 279
229 731
229 732
229 976
230 444
230 506
230 591
230 989
231 256
231 560
231 873
231 908
232 376
232 469
232 598
232 628
232 636
232 940
233 289
233 350
233 476
233 991
234 398
234 523
234 539
234 545
234 684
235 305
235 351
235 409
235 454
235 771
235 967
236 378
236 528
236 614
236 624
236 729
236 787
236 924
237 386
237 513
237 798
237 947
238 274
238 700
238 917
238 947
239 253
239 526
239 855
239 941
240 532
240 755
240 838
240 967
241 391
241 770
241 772
241 834
241 962
242 304
242 542
242 604
242 762
242 779
242 839
242 979
243 557
243 619
243 737
243 785
243 897
243 997
244 706
244 860
244 908
245 570
245 604
245 924
245 986
246 267
246 336
246 347
246 500
247 265
247 284
247 303
247 477
247 501
247 682
247 917
248 273
248 311
248 444
248 503
248 562
248 607
248 635
249 287
249 792
250 626
250 642
250 828
251 429
251 500
251 802
252 687
253 471
253 664
253 751
253 941
253 985
254 843
254 945
255 443
255 586
255 681
256 378
256 417
256 666
256 684
256 687
256 717
256 804
256 864
257 329
257 473
257 637
257 654
257 696
257 892
257 969
258 269
258 516
258 541
258 546
258 559
258 773
258 858
258 916
258 963
259 325
259 416
259 804
259 930
259 978
260 266
260 435
261 732
262 692
263 275
263 399
263 768
263 807
264 272
264 390
264 472
264 712
264 895
265 417
265 475
265 546
265 564
266 376
266 636
267 704
267 705
267 805
267 911
268 373
268 696
268 988
269 456
269 472
269 975
270 509
270 986
271 514
271 715
271 827
272 736
272 827
272 953
273 421
273 921
274 469
274 568
275 314
275 709
276 337
276 437
276 624
276 988
277 333
277 909
277 956
278 813
278 845
278 994
279 520
279 686
280 769
280 808
280 861
280 924
280 977
281 347
281 408
281 474
281 786
281 788
281 957
282 356
282 754
282 989
283 318
283 477
283 528
283 774
283 965
284 440
284 591
285 351
285 683
285 692
285 927
285 975
286 492
286 622
286 644
287 406
287 441
288 518
288 882
289 345
289 483
289 575
290 321
290 439
290 481
290 709
290 802
290 900
291 406
291 537
291 770
292 300
292 492
292 728
292 909
293 328
293 948
294 788
295 353
295 634
295 647
295 885
296 383
296 524
296 788
296 801
296 831
296 996
297 342
297 491
297 510
297 748
298 424
298 450
298 500
298 682
298 762
298 973
299 323
299 546
299 801
300 397
300 656
301 403
301 437
301 488
302 481
302 559
302 895
303 364
303 494
303 536
303 621
303 712
303 729
303 801
304 640
304 674
304 732
304 734
304 762
304 934
304 935
305 393
305 765
305 815
306 357
306 375
306 812
306 874
307 388
307 646
307 727
307 788
308 315
308 662
308 695
308 811
308 935
308 942
309 645
310 611
310 721
310 748
310 754
310 904
311 346
311 372
311 389
311 490
311 725
311 740
312 519
312 569
312 747
312 897
312 904
313 603
313 609
313 700
314 344
314 372
314 546
314 706
315 460
315 623
315 694
315 815
315 951
315 974
316 442
316 567
316 958
317 496
317 663
317 697
317 702
318 453
318 635
318 999
319 880
320 405
320 533
320 653
320 717
320 799
320 942
320 971
321 636
321 745
321 755
322 424
322 598
323 428
323 447
323 767
324 427
324 481
324 991
325 566
325 626
325 703
325 716
325 740
325 746
325 790
326 422
326 441
326 468
326 536
326 538
326 544
326 739
327 727
327 920
328 405
328 434
328 772
328 865
329 488
329 590
329 719
329 729
329 765
329 768
329 845
329 917
330 399
330 760
331 338
332 407
332 653
332 658
332 680
332 729
332 757
333 356
333 556
333 581
333 622
333 723
334 389
334 454
334 490
334 690
334 857
334 959
335 608
335 777
335 832
335 992
336 404
336 414
336 519
336 525
336 558
336 798
337 386
337 567
337 616
337 741
338 782
338 863
338 878
338 958
339 429
339 433
339 821
339 869
339 987
340 362
340 390
340 563
340 575
340 604
340 651
340 689
340 772
341 437
341 628
341 841
342 465
342 676
342 953
342 986
343 389
343 553
343 656
344 455
344 537
344 635
344 824
345 430
345 466
345 638
345 653
345 658
345 768
345 878
346 360
346 479
346 526
346 855
346 888
347 411
347 529
347 678
348 375
348 517
348 575
348 620
348 836
349 515
349 615
349 640
350 530
350 725
351 362
351 650
351 893
352 500
352 695
352 753
352 869
353 718
353 761
353 844
353 846
353 936
354 372
354 556
354 609
354 690
354 791
354 892
354 982
355 704
355 718
355 862
355 883
355 907
356 369
356 484
356 486
356 946
357 614
357 645
357 855
357 891
358 623
358 642
358 748
358 772
358 791
358 881
358 889
359 977
360 568
360 647
361 386
361 455
361 628
361 718
362 425
362 491
362 581
362 680
362 944
363 581
363 600
363 767
363 787
363 922
363 942
363 951
363 971
364 411
364 443
364 580
364 787
364 797
364 817
365 457
365 537
365 544
365 660
365 998
366 463
366 493
366 545
366 691
366 765
367 475
367 616
367 891
368 399
368 427
368 741
369 450
369 610
369 788
370 444
370 697
370 824
371 438
371 450
371 512
371 519
371 539
371 595
372 419
372 582
372 733
372 741
372 877
372 992
373 426
373 543
373 885
373 952
374 624
374 627
374 810
374 824
375 491
375 932
376 385
376 499
376 566
376 935
376 993
377 842
378 480
378 503
378 559
378 705
378 837
379 396
379 525
379 930
379 958
379 980
380 409
380 459
380 489
380 546
380 632
380 781
380 809
381 806
381 850
382 688
383 475
383 764
383 999
384 874
384 978
385 507
385 604
385 734
385 970
386 553
386 601
386 669
387 646
387 752
387 966
388 558
388 647
388 707
388 906
388 939
388 961
389 689
389 811
390 427
390 432
390 494
390 607
390 706
390 767
390 804
390 828
390 836
390 930
391 423
391 536
391 661
391 729
391 761
391 956
392 405
392 682
392 883
393 518
393 652
393 760
393 931
393 965
394 668
394 774
394 785
395 700
395 739
395 769
395 892
396 400
396 422
396 564
396 656
396 948
397 545
397 964
398 724
398 788
398 994
399 465
399 520
399 551
399 597
399 688
399 737
400 617
400 934
400 972
401 454
401 512
401 679
401 984
402 840
403 578
403 854
404 588
404 803
404 805
405 484
405 753
405 876
405 945
406 659
406 745
406 903
406 986
408 478
409 605
409 977
410 675
410 855
412 524
412 620
412 924
413 497
413 704
413 909
413 925
414 587
414 615
414 672
415 722
415 954
416 586
416 602
416 697
417 459
417 605
418 720
418 811
418 869
419 995
420 440
420 502
420 875
421 458
421 770
421 856
422 462
422 533
422 590
422 748
422 955
423 784
423 823
424 518
424 613
424 830
424 874
424 994
425 585
425 698
425 885
426 437
426 510
426 712
427 903
428 515
428 708
428 721
428 875
429 438
429 697
429 784
429 818
429 940
430 648
430 775
430 920
431 553
431 568
431 722
431 734
431 788
431 955
432 615
432 626
433 442
433 618
433 623
433 741
434 621
434 638
434 690
434 708
434 763
434 913
434 953
435 513
435 545
435 557
435 769
435 873
435 982
436 507
436 666
436 707
436 751
436 760
436 924
437 457
437 653
437 659
437 685
437 751
437 766
437 819
438 467
438 935
439 549
440 486
440 931
441 504
441 638
441 755
443 710
443 714
443 937
444 474
445 838
445 956
446 749
446 761
447 491
447 739
447 941
448 606
448 611
448 615
448 688
448 995
450 463
450 502
450 510
450 557
450 779
450 870
451 829
451 944
453 480
453 585
453 910
453 952
454 533
454 907
455 704
455 832
455 919
456 899
457 521
457 578
457 672
457 729
458 589
458 863
458 952
459 553
459 780
459 787
459 810
460 733
460 955
461 788
461 944
463 885
464 838
465 506
465 868
466 574
467 715
467 787
467 961
468 624
469 593
469 694
469 727
469 845
470 833
471 635
471 930
472 589
473 474
473 576
473 580
473 645
473 906
474 591
474 621
474 668
474 957
475 485
475 502
475 526
475 629
475 678
475 898
475 946
476 609
476 835
477 535
477 571
477 632
477 684
477 791
478 850
478 885
479 675
479 795
480 600
480 608
480 638
480 839
481 592
481 872
481 877
482 554
482 671
482 763
482 847
483 601
483 827
484 657
485 544
485 579
485 685
485 714
485 762
485 767
485 789
485 947
486 801
486 867
486 947
487 563
487 694
487 802
487 845
487 885
487 918
488 517
488 608
488 679
488 821
489 498
489 543
489 572
489 703
489 889
490 542
491 532
492 530
492 767
493 847
495 609
495 695
495 716
495 749
496 508
496 689
496 781
496 893
497 656
497 732
497 830
497 953
499 557
500 504
500 589
500 607
500 637
501 517
501 729
501 779
501 815
502 637
502 734
502 768
502 892
502 983
503 566
503 729
503 750
504 555
504 646
505 620
505 984
506 652
506 729
506 982
507 591
507 622
507 776
507 829
508 540
508 586
508 596
509 529
509 931
510 549
510 793
511 780
512 747
512 761
513 569
513 589
513 600
513 608
514 577
514 623
514 950
516 574
516 594
516 735
516 911
516 988
518 991
519 583
520 594
520 796
521 614
521 897
522 789
522 853
522 902
522 988
523 595
523 651
523 718
524 886
526 634
526 770
527 548
527 612
527 788
527 824
528 816
528 950
530 572
530 722
530 999
531 534
531 540
531 645
532 638
532 643
532 687
532 712
532 863
532 868
533 538
533 587
533 953
534 553
534 574
534 837
534 926
535 562
535 586
535 707
535 710
535 830
535 977
536 612
536 654
536 806
537 608
537 800
537 833
537 983
538 656
538 755
539 586
539 714
539 809
540 581
540 601
540 965
541 618
541 686
541 813
541 845
542 700
542 765
543 596
543 600
543 655
543 728
543 797
544 914
545 772
545 807
545 907
545 996
546 572
546 578
546 673
548 601
548 676
549 680
549 683
549 735
549 752
549 790
549 796
549 823
550 636
550 640
550 659
550 792
550 911
551 632
551 824
551 911
552 611
552 730
552 738
552 769
552 956
553 592
553 658
554 639
554 681
555 641
555 719
555 866
555 867
556 619
556 769
557 608
557 630
557 829
557 899
558 872
558 890
558 942
559 854
559 883
559 892
560 773
560 851
561 588
561 613
561 618
561 709
561 762
562 692
562 838
563 808
563 854
564 625
564 724
564 850
564 943
565 584
565 878
566 763
567 613
568 600
568 607
568 749
568 900
569 995
570 588
570 931
570 951
571 654
572 590
572 707
572 774
572 893
573 658
573 684
573 718
574 584
574 926
575 601
575 762
576 638
576 957
578 673
578 955
578 963
579 949
580 588
580 837
580 879
581 646
582 688
583 647
584 594
584 733
585 632
585 820
585 845
585 968
586 615
586 928
587 624
587 644
587 803
587 982
588 708
588 869
588 882
588 940
589 691
590 726
590 772
591 719
591 757
591 766
591 779
591 818
591 843
592 594
592 803
593 620
593 980
594 716
594 726
594 888
595 704
595 706
595 820
595 901
595 955
596 794
596 910
597 847
597 858
597 868
597 963
598 606
599 628
599 737
599 859
599 902
600 904
600 923
601 697
601 867
602 639
602 959
603 773
603 784
603 917
603 971
604 640
604 811
605 682
605 734
605 924
606 737
606 822
607 629
607 643
607 935
608 743
610 621
610 680
610 698
610 839
611 633
611 646
611 675
611 785
611 934
612 799
612 932
613 827
614 690
614 885
615 722
615 858
615 895
616 644
616 710
616 923
616 993
617 836
617 991
618 696
618 701
618 732
618 774
619 674
619 863
619 937
620 888
621 647
622 639
622 659
622 957
623 642
623 763
623 795
624 748
624 779
624 860
624 895
625 664
625 828
625 834
626 666
626 789
626 870
628 635
628 861
629 730
629 764
629 876
629 942
629 972
629 973
630 648
630 887
630 992
631 703
631 802
631 911
632 794
633 866
633 876
633 923
634 642
634 760
634 820
635 661
635 938
636 711
636 839
637 931
637 999
638 657
638 711
638 791
638 821
638 869
639 707
640 652
640 882
640 926
642 737
642 873
643 757
644 932
645 714
646 651
646 655
646 834
646 953
647 709
647 847
649 923
651 792
651 966
652 665
652 735
652 770
652 944
652 980
653 725
653 752
653 753
653 768
653 926
653 993
654 697
654 732
654 782
654 810
655 658
656 756
657 721
657 971
658 764
658 779
661 728
661 979
662 680
662 981
663 897
664 953
665 935
665 988
666 670
666 760
666 817
666 972
667 721
667 787
667 976
667 977
668 685
668 796
669 674
669 795
669 898
669 970
670 742
670 769
670 990
671 832
671 886
671 968
671 979
672 790
673 698
673 723
673 859
673 930
674 684
674 770
674 889
674 977
675 991
676 944
677 686
678 917
679 842
679 891
679 970
680 811
680 822
680 924
680 958
681 762
681 862
681 904
681 929
682 864
683 876
684 827
685 818
685 836
685 909
686 696
687 762
689 832
689 910
690 741
690 997
691 940
692 789
692 985
693 885
694 865
696 841
696 968
697 831
698 725
699 777
699 860
700 766
700 917
700 945
701 747
701 842
701 956
702 746
702 920
705 885
706 845
706 851
706 885
708 792
708 863
708 883
709 868
709 896
710 786
710 792
710 809
710 878
711 789
712 773
713 739
713 906
714 751
714 945
715 718
715 754
715 814
715 833
717 851
718 734
720 875
720 912
721 882
721 997
722 807
722 920
722 978
723 892
724 801
725 831
726 850
726 943
727 974
730 865
730 959
730 964
731 946
731 978
731 993
732 756
734 967
735 772
737 774
737 801
737 947
738 764
738 930
740 807
740 839
742 787
743 921
744 780
744 813
745 954
746 802
746 823
746 952
748 860
750 945
751 912
751 992
752 767
752 887
753 962
754 776
754 778
755 883
755 910
755 999
756 768
756 865
756 989
757 869
758 886
758 904
758 981
759 946
761 762
764 900
766 803
766 922
767 856
767 925
768 963
768 984
769 929
769 974
770 832
772 906
772 916
774 967
776 903
777 906
777 962
777 996
778 781
779 906
780 787
780 902
781 888
782 960
783 786
783 793
783 816
784 911
785 809
785 865
785 892
785 957
786 834
786 841
787 924
787 952
789 880
789 928
790 825
791 851
791 918
792 925
793 938
794 822
794 832
794 932
794 996
796 941
796 974
798 851
798 866
798 900
799 884
800 811
800 818
800 995
801 812
801 895
801 991
801 994
802 821
802 963
803 869
805 916
806 827
807 948
809 919
809 952
809 992
810 937
810 966
813 884
813 913
814 982
815 840
815 948
815 977
817 832
817 896
818 905
818 916
820 922
820 990
821 975
821 997
822 846
823 837
823 986
824 851
824 984
825 826
825 954
826 948
829 916
833 845
833 854
834 977
835 892
835 945
838 979
838 987
839 931
840 875
842 857
844 848
845 950
845 988
846 852
848 968
849 858
853 897
856 914
856 951
857 900
857 954
858 862
859 893
860 864
863 884
863 923
866 889
867 934
870 955
872 894
873 877
873 923
873 943
874 875
875 959
875 971
876 949
877 965
879 974
879 977
882 903
883 897
884 996
887 925
887 980
890 926
890 956
890 958
891 982
892 968
893 894
896 942
896 958
902 948
905 982
907 965
907 997
908 963
910 925
910 994
911 915
912 950
915 921
915 983
915 999
918 967
919 921
919 936
924 986
925 950
931 993
931 994
932 963
934 971
934 999
941 952
943 958
946 963
951 978
952 993
953 997
954 975
954 997
957 992
959 998
966 967
974 976
974 984
976 988
