0 608
0 637
0 841
0 878
0 924
1 44
1 85
1 413
1 694
1 746
1 779
1 821
2 19
2 208
2 213
2 296
2 466
2 567
2 660
2 683
2 730
3 276
3 329
3 463
3 621
3 964
4 53
4 124
4 292
4 340
4 360
4 671
5 211
5 282
5 460
5 574
5 609
5 754
5 811
5 946
6 75
6 361
6 412
6 520
6 573
6 799
6 810
6 865
7 266
7 519
7 531
7 623
7 779
7 901
7 983
8 96
8 325
8 459
8 487
8 762
8 945
9 87
9 497
9 522
9 676
9 734
9 830
10 58
10 165
10 360
10 365
10 397
10 545
10 585
10 654
10 658
10 750
10 836
10 940
11 50
11 73
11 96
11 268
11 613
11 623
11 636
11 885
11 889
11 992
12 67
12 110
12 190
12 377
12 949
13 279
13 520
13 642
13 685
13 743
14 189
14 291
14 577
14 818
15 195
15 380
15 547
15 866
16 112
16 256
16 281
16 299
16 320
16 407
16 703
16 856
17 65
17 482
17 727
17 889
17 995
18 79
18 170
18 457
18 648
18 824
19 228
19 229
19 347
19 805
20 75
20 396
20 433
20 544
20 609
20 735
20 910
20 914
21 138
21 236
21 415
21 456
21 671
21 675
21 886
21 906
22 220
22 686
22 702
22 732
22 735
23 27
23 160
23 198
23 307
23 351
23 539
23 558
24 492
24 664
24 938
24 948
25 197
25 208
25 289
25 533
25 637
25 880
25 951
26 82
26 108
26 111
26 374
26 585
26 637
26 667
26 697
26 702
26 744
26 759
27 151
27 194
27 256
27 492
27 608
28 259
28 286
28 520
28 534
28 705
28 750
28 827
28 829
28 948
29 51
29 210
29 390
29 682
29 748
29 775
29 814
29 939
30 102
30 206
30 240
30 457
30 621
30 770
30 895
30 928
31 465
31 509
31 512
31 837
31 892
31 990
32 43
32 169
32 437
33 146
33 194
33 213
33 352
33 368
33 474
33 588
33 691
33 905
34 702
35 175
35 250
35 260
35 312
35 722
35 770
36 391
36 553
36 578
36 637
36 808
36 860
36 893
37 42
37 265
37 266
37 812
37 919
37 974
38 166
38 187
38 281
38 963
39 136
39 166
39 171
39 205
39 227
39 748
40 171
40 225
40 410
41 152
41 168
41 471
41 486
41 577
41 771
41 820
41 827
42 136
42 155
42 289
42 421
42 782
42 827
43 151
43 806
44 58
44 111
44 315
44 430
44 481
44 834
44 899
45 602
45 837
45 862
46 104
46 354
46 438
46 651
46 812
47 140
47 291
47 455
47 486
47 820
48 558
48 707
48 922
49 166
49 169
49 450
49 541
49 645
49 659
49 683
49 788
49 918
50 503
50 575
50 667
50 776
51 222
51 400
51 447
51 900
51 918
51 999
52 295
52 299
52 312
52 606
52 614
52 787
52 825
52 973
53 452
54 323
54 538
54 623
54 832
55 670
55 718
55 770
55 841
55 894
56 441
56 549
56 732
56 893
56 965
57 278
57 285
57 381
57 572
57 736
57 799
58 389
58 406
58 434
58 710
58 797
58 803
58 949
59 539
59 726
59 792
59 809
59 879
59 887
59 944
60 182
60 530
60 567
60 599
60 929
61 338
61 516
61 581
61 716
61 835
62 152
62 273
62 357
62 812
62 850
62 912
63 300
63 377
63 456
63 970
63 998
64 106
64 118
64 143
64 160
64 272
64 362
64 387
64 412
64 471
64 627
64 993
65 66
65 141
65 150
65 324
65 709
66 146
66 311
66 407
66 453
66 800
66 894
67 275
67 306
67 461
67 621
67 664
67 783
67 784
67 955
67 975
68 180
68 257
68 402
68 433
68 614
68 910
69 144
69 371
69 585
69 623
69 932
70 260
70 910
71 515
71 551
71 573
71 574
71 645
71 853
71 909
72 177
72 187
72 189
72 531
72 790
72 885
73 173
73 249
73 470
73 503
73 692
73 712
73 960
74 325
74 393
74 574
74 593
74 635
74 705
74 720
74 795
74 809
74 810
74 881
74 910
75 123
75 289
75 387
75 435
76 112
76 120
76 261
76 323
76 400
76 813
76 841
76 863
77 285
77 612
77 649
77 696
77 735
77 830
77 836
77 909
78 319
78 399
78 451
78 524
78 705
78 768
78 875
79 265
79 326
79 485
79 715
79 748
79 790
79 820
79 919
80 407
80 837
80 852
80 948
80 950
80 970
81 114
81 310
81 326
81 356
81 485
81 579
81 654
81 853
81 959
82 121
82 395
82 653
82 781
82 805
82 922
82 934
83 430
83 596
84 272
84 343
84 358
84 539
85 395
85 441
85 498
85 865
85 934
86 176
86 252
86 567
87 719
87 787
87 804
87 853
88 245
88 698
88 831
89 327
89 336
89 423
89 458
89 820
89 899
89 945
90 148
90 192
90 210
90 224
90 617
90 890
90 956
91 229
91 625
91 774
91 892
92 138
92 807
93 222
93 235
93 440
93 558
93 598
93 600
93 616
93 676
93 941
94 153
94 243
95 393
95 495
95 527
95 609
95 631
95 646
95 786
96 139
96 595
96 667
96 720
96 738
96 754
96 834
96 907
96 998
97 189
97 306
97 449
97 515
97 587
97 609
97 657
97 928
98 131
98 256
98 479
98 617
98 912
98 925
99 179
99 353
99 534
99 583
100 103
100 105
100 287
100 340
100 472
100 785
100 925
101 408
101 643
101 692
101 743
102 157
102 863
103 284
103 394
103 411
103 594
103 732
103 784
104 381
104 767
105 235
105 567
105 871
105 939
106 170
106 614
106 655
106 690
106 830
106 895
107 274
107 696
108 199
108 303
108 386
108 451
108 777
108 786
108 944
109 140
109 347
109 413
109 671
109 716
109 758
109 926
110 306
110 487
110 614
110 757
110 782
111 152
111 156
111 345
111 586
111 680
112 151
112 191
112 383
112 545
112 926
112 987
113 121
113 210
113 424
113 474
113 793
114 268
114 493
114 513
114 628
114 984
115 147
115 177
115 407
115 693
115 742
115 839
116 367
116 743
117 321
117 466
117 679
117 797
117 842
118 219
118 221
118 261
118 497
118 501
118 630
118 973
119 248
119 663
120 195
120 369
120 532
120 661
120 729
120 800
121 148
121 197
121 268
121 273
121 294
121 321
121 582
122 151
122 354
122 719
122 979
123 266
123 356
123 376
124 365
124 550
125 162
125 305
125 405
125 424
125 830
125 908
126 401
126 807
126 883
126 889
126 928
126 973
126 976
127 319
127 337
127 536
127 829
127 952
128 224
128 674
128 783
128 949
129 209
129 244
129 450
129 551
129 641
130 131
130 191
130 533
130 607
130 967
131 182
131 268
131 276
131 689
131 702
131 735
131 884
132 999
133 497
133 744
134 823
135 508
135 668
135 771
135 794
136 154
136 199
136 306
136 313
136 701
136 824
137 143
137 343
137 706
137 816
138 232
138 416
138 526
138 565
138 590
138 722
138 905
138 990
139 723
139 728
139 739
140 146
140 299
140 316
140 325
140 550
140 557
140 692
140 842
140 884
141 262
141 459
141 489
141 800
141 835
141 981
142 395
143 209
143 930
143 946
144 538
144 600
144 716
144 833
144 971
145 600
145 624
146 155
146 194
146 200
146 288
146 364
146 531
147 378
147 895
147 935
148 331
148 334
148 805
148 990
149 167
149 569
149 719
149 870
150 237
150 348
150 356
150 561
150 630
150 836
150 981
150 988
151 161
151 177
151 265
151 390
151 446
151 469
151 847
151 981
151 982
152 363
152 383
152 453
152 565
152 883
153 244
153 314
153 333
153 573
153 851
153 903
153 960
153 974
154 520
154 555
154 596
154 612
154 655
154 886
155 421
155 453
155 605
155 838
156 334
156 436
156 539
156 572
156 694
156 960
157 302
157 626
157 676
157 893
158 214
158 246
158 604
159 237
159 460
159 500
160 466
160 822
160 888
160 970
161 631
161 886
161 975
162 214
162 277
162 747
162 913
163 270
163 337
163 609
163 983
163 987
164 366
164 558
164 582
165 213
165 295
165 558
165 696
165 841
166 179
166 236
166 465
166 864
166 972
167 252
167 418
167 441
167 512
167 517
168 914
168 946
169 375
169 614
169 887
170 372
170 527
170 552
170 704
171 371
171 408
171 716
172 225
172 284
172 382
172 806
172 873
172 933
172 989
173 387
173 466
174 537
175 266
175 350
175 535
175 627
175 648
175 885
176 634
176 722
177 269
177 292
177 687
177 786
178 374
178 392
178 570
178 916
178 965
179 392
179 399
179 806
180 507
180 687
180 914
180 972
181 208
181 428
181 542
181 728
181 838
181 860
181 964
182 197
182 431
182 569
182 601
182 853
183 485
183 655
183 837
183 876
183 928
183 930
184 291
185 413
185 662
185 667
186 238
186 351
186 409
186 697
186 766
186 977
187 325
187 634
187 688
187 998
188 327
188 783
188 842
189 226
189 490
189 790
190 323
190 523
190 604
190 861
190 866
190 991
191 218
191 899
191 932
192 350
192 588
192 650
193 243
193 295
193 381
193 383
193 404
193 704
193 893
194 324
194 455
194 490
194 527
194 616
194 789
194 797
195 364
195 472
195 648
195 763
195 811
195 852
195 864
195 964
198 537
198 634
198 828
199 210
199 294
199 403
199 424
199 743
199 771
200 403
200 430
200 780
200 844
200 963
201 230
201 408
201 426
201 467
201 509
201 881
202 346
202 639
202 645
202 691
202 746
203 441
203 654
203 681
203 912
204 328
204 566
204 898
205 216
205 242
205 396
205 460
205 502
205 532
205 595
205 656
206 305
206 653
206 679
206 992
207 227
207 385
207 434
207 611
207 650
207 691
207 819
207 959
208 298
208 629
208 644
208 646
208 756
208 788
208 791
208 852
209 602
209 604
209 625
209 681
209 795
209 809
209 901
210 238
210 354
210 547
210 561
210 604
210 743
210 940
211 498
212 356
212 710
212 726
212 850
212 917
213 265
213 340
213 447
213 648
213 736
213 944
214 229
214 287
214 342
214 467
214 754
215 308
215 502
215 771
215 934
215 938
216 329
216 385
216 680
217 228
217 770
217 898
218 855
218 910
219 371
219 473
219 666
219 681
219 708
220 318
220 347
220 408
220 673
220 891
220 911
221 234
222 318
222 383
222 455
222 478
222 496
222 559
222 596
224 456
224 484
224 510
224 592
224 716
224 858
225 416
225 721
225 756
226 266
226 364
226 609
226 751
226 798
226 959
227 649
227 725
227 849
227 948
227 955
228 275
228 340
228 764
228 847
228 934
228 980
229 582
229 599
229 662
229 679
229 828
230 357
230 397
230 747
230 845
230 937
230 959
231 725
231 949
232 639
232 859
233 289
233 326
233 460
233 766
234 500
234 891
235 562
235 565
235 573
235 639
236 252
236 740
236 775
236 787
236 997
237 359
237 590
237 600
237 791
237 955
238 631
238 855
238 939
239 288
239 464
239 482
239 613
239 622
239 636
240 302
240 547
240 764
240 847
240 907
240 977
241 308
241 625
241 801
241 901
242 510
242 550
242 729
242 926
243 261
243 299
243 544
243 578
243 709
243 764
244 359
244 790
245 479
245 502
245 869
245 880
245 890
246 274
246 298
246 430
246 491
246 507
246 537
246 751
246 954
246 955
246 978
247 350
247 484
247 535
247 658
247 861
247 887
247 922
248 466
248 779
249 390
249 419
249 767
250 838
251 788
251 790
252 504
252 895
253 360
253 467
253 865
253 947
253 980
254 286
254 288
254 365
254 534
254 620
254 725
254 727
254 735
254 781
254 830
254 844
254 872
254 914
255 651
255 713
255 896
256 763
257 283
257 456
257 703
257 770
257 929
258 267
258 288
258 370
258 484
258 766
258 982
259 286
259 535
259 788
259 902
260 362
260 706
260 772
260 834
260 857
260 896
261 400
261 476
261 659
261 703
261 853
262 548
262 736
262 773
262 962
263 363
263 602
263 738
263 826
263 922
264 776
264 806
264 819
264 938
264 976
265 401
265 603
265 725
265 933
265 957
265 978
266 322
266 734
267 314
267 439
267 519
267 547
267 743
267 762
268 299
268 811
269 564
269 658
269 790
269 997
270 396
270 617
270 841
271 377
271 414
271 526
271 693
271 965
272 413
272 487
272 592
272 640
272 759
273 358
273 436
274 548
274 607
274 755
274 800
274 980
274 997
275 641
275 823
275 825
275 929
276 305
276 307
276 316
276 369
276 462
276 949
277 471
277 889
279 564
279 671
279 799
279 972
279 990
280 327
280 492
280 507
280 637
280 674
281 474
281 589
281 862
282 297
282 691
282 793
282 853
283 484
283 558
283 765
283 788
283 857
284 468
284 707
284 799
284 859
284 916
285 335
285 393
285 855
286 569
286 635
286 685
286 758
286 779
286 795
286 856
286 872
287 466
287 694
288 809
289 405
290 516
290 624
290 656
290 657
290 869
291 446
291 582
291 680
291 836
291 866
291 967
292 669
292 875
293 495
293 515
293 525
293 722
294 310
294 311
294 334
294 470
294 478
294 491
294 768
294 844
295 366
295 443
295 677
295 879
295 921
296 341
296 375
296 407
296 438
296 439
296 450
296 656
296 691
296 772
296 789
297 308
297 420
297 534
297 704
297 852
297 908
298 397
298 436
298 522
298 527
299 368
299 613
299 622
299 628
299 630
299 731
300 378
300 389
300 536
300 717
300 816
301 595
301 685
301 701
301 898
302 524
302 686
302 818
303 689
303 804
303 825
303 859
303 874
303 879
303 990
304 872
304 940
305 431
305 457
305 671
305 831
305 835
305 931
306 321
306 548
306 682
306 872
306 941
306 963
307 423
307 428
307 803
308 335
308 367
308 373
308 406
308 559
308 628
308 836
309 452
309 476
309 514
309 726
309 739
310 739
310 875
311 437
311 457
311 582
311 598
311 884
312 629
313 461
313 465
313 536
313 642
313 749
313 854
313 948
314 761
315 409
315 427
315 729
315 796
315 866
315 973
317 347
317 857
317 964
317 978
318 494
318 614
318 780
318 804
319 397
319 651
319 703
319 755
319 840
320 606
320 750
320 938
321 328
321 420
321 461
321 860
321 868
321 936
321 944
322 507
322 834
322 906
323 892
323 924
324 374
324 716
324 779
325 341
325 481
325 510
325 632
325 790
325 797
326 357
326 478
326 665
326 920
327 923
328 553
328 617
328 692
328 802
329 334
329 442
329 710
329 910
329 995
330 482
330 635
331 407
331 464
331 782
331 917
331 925
331 973
332 388
332 412
332 475
332 589
332 590
332 701
332 792
332 854
332 982
333 529
333 545
333 582
333 859
333 977
334 486
334 636
334 646
334 711
334 726
334 946
335 406
335 481
335 554
335 630
335 892
336 394
336 562
336 716
336 827
337 386
337 585
337 686
337 828
337 942
338 480
338 590
338 619
338 962
339 494
339 649
339 811
341 437
341 641
341 671
341 704
341 881
342 496
342 520
342 739
343 503
343 523
344 576
344 683
344 685
344 821
344 881
344 995
345 482
345 579
346 419
346 488
346 579
346 676
346 759
346 788
346 828
346 833
346 982
346 985
347 389
347 879
348 354
348 721
349 786
349 809
349 841
349 874
350 409
350 721
351 709
351 924
351 949
352 411
352 511
352 632
353 403
353 463
353 640
353 848
353 855
353 981
354 388
354 564
354 645
354 659
354 779
355 542
355 597
355 753
355 894
356 443
356 521
356 951
357 486
358 628
358 756
358 867
358 972
359 582
359 910
359 911
359 973
359 988
360 615
360 746
360 968
361 688
362 685
362 736
362 766
362 870
363 807
364 442
364 723
364 823
364 932
365 437
365 533
365 906
365 948
365 966
366 547
366 689
367 431
367 836
367 908
368 444
368 448
368 455
368 598
368 849
369 554
369 734
370 407
370 525
370 592
370 689
370 690
370 883
370 887
371 451
371 830
371 952
371 963
372 425
372 608
372 682
372 710
372 817
372 937
373 475
373 620
373 854
373 912
374 418
374 723
375 568
375 799
376 443
376 580
376 605
376 824
376 889
377 473
377 499
377 622
377 700
377 755
378 395
378 499
378 653
378 773
378 781
378 812
379 522
379 571
379 647
379 663
379 891
379 981
380 466
380 533
380 619
380 797
380 882
381 927
381 979
382 392
382 526
382 668
382 879
383 507
383 551
383 696
383 768
384 556
384 769
384 907
384 980
385 424
385 777
385 820
385 941
386 610
386 661
386 728
387 437
387 592
387 739
387 757
387 859
388 656
389 587
389 661
389 828
389 972
390 790
391 943
391 978
392 419
392 608
392 817
392 924
393 409
393 647
393 764
393 779
393 837
393 858
393 902
394 535
394 813
394 834
395 601
395 671
396 520
396 627
396 742
397 527
397 585
397 601
398 634
398 658
398 818
398 862
399 450
399 642
399 963
399 977
400 746
400 880
401 580
401 630
401 814
401 983
402 447
402 535
402 831
403 944
404 487
404 503
404 516
404 712
404 845
404 956
404 997
405 406
405 658
405 909
406 827
406 985
407 674
408 439
408 623
408 778
408 811
409 537
409 742
409 912
410 814
411 709
411 994
412 643
412 655
412 860
412 865
413 561
413 619
413 954
414 800
414 813
414 893
414 961
415 876
416 763
417 498
417 835
418 470
418 471
418 498
418 913
419 698
419 745
419 762
420 485
420 568
420 647
420 916
421 457
421 567
421 635
421 746
422 476
422 548
423 499
423 529
424 776
424 808
425 634
425 809
426 480
427 584
427 756
427 894
428 440
428 514
428 765
428 813
429 676
429 716
430 440
430 561
431 456
431 762
431 920
432 455
432 750
432 882
432 906
433 581
433 620
433 647
434 848
434 979
434 984
434 994
435 440
435 479
435 540
435 696
435 871
435 878
436 475
436 481
436 495
436 512
436 868
437 775
437 810
438 472
438 504
438 597
438 748
438 949
439 695
439 777
439 927
439 973
440 443
440 536
440 652
440 811
440 996
441 463
441 569
441 914
442 532
442 639
442 692
442 792
442 816
443 457
443 622
443 665
443 839
444 465
444 509
444 527
444 549
444 601
444 617
444 695
444 850
444 975
445 565
445 849
446 596
446 738
447 542
447 548
447 563
447 722
447 941
448 609
448 632
448 758
448 907
448 928
448 954
449 516
449 739
449 813
449 829
450 493
450 859
451 603
451 734
451 790
452 623
452 786
452 789
452 840
452 943
453 561
453 562
453 622
453 708
453 758
454 574
454 988
455 835
455 930
456 656
456 941
457 496
458 736
458 889
459 520
459 598
460 504
461 528
461 624
461 638
461 658
461 662
461 760
462 500
462 604
462 847
462 936
463 561
463 713
463 976
464 754
464 924
465 792
465 958
466 539
466 690
466 937
466 988
466 998
467 771
467 796
467 889
467 899
467 983
468 497
468 941
469 571
469 716
469 972
470 998
471 713
471 932
471 979
472 504
472 556
473 555
473 637
474 554
474 755
474 898
475 628
475 927
475 980
476 621
476 687
476 754
476 842
476 932
477 482
477 526
477 619
477 748
477 815
478 577
478 956
479 573
480 495
480 668
480 751
480 852
481 600
481 626
481 642
482 799
483 614
483 618
484 538
484 605
485 691
487 533
487 808
487 902
488 563
488 657
489 572
489 624
489 858
489 933
489 937
490 595
490 756
490 855
490 901
491 504
491 533
491 703
493 597
494 647
494 783
494 815
495 630
495 781
495 926
495 956
495 969
496 732
496 967
497 568
497 661
497 671
497 698
497 789
498 513
498 730
498 735
498 970
499 591
499 757
500 634
500 897
501 556
501 582
501 833
502 975
503 828
503 921
504 702
505 750
505 888
506 534
506 680
507 580
507 685
507 745
507 816
508 803
508 829
509 744
509 924
510 859
510 913
510 995
511 823
511 852
512 513
512 709
513 518
513 971
514 810
514 849
514 932
514 980
516 939
517 856
517 907
518 666
518 788
518 969
519 550
519 611
519 667
519 673
519 720
519 820
519 898
520 653
520 836
521 595
521 767
522 785
522 801
522 853
522 995
523 589
523 727
523 774
523 880
524 797
524 997
525 568
525 619
525 818
525 887
525 956
526 556
526 833
526 859
526 984
527 773
527 827
527 868
527 951
528 637
528 638
528 756
528 912
529 620
529 734
529 858
529 929
530 881
530 888
531 542
531 718
531 882
532 539
532 573
532 587
533 667
533 756
533 818
534 619
534 636
534 708
534 764
534 906
534 946
535 601
535 701
535 943
535 981
536 725
536 765
537 774
537 828
537 920
537 923
538 778
539 796
540 738
540 750
540 828
540 922
541 726
541 745
542 610
542 685
543 728
543 769
543 848
544 622
544 848
545 658
545 845
546 557
546 837
547 570
547 749
547 865
547 893
548 651
548 772
549 797
549 822
550 560
551 719
551 830
551 904
552 615
552 636
552 717
552 882
553 736
553 747
553 794
553 990
554 606
554 652
555 766
555 787
556 820
556 840
556 914
557 869
558 763
558 801
558 845
559 863
560 674
560 689
560 769
561 594
561 627
561 717
561 776
561 913
562 626
562 786
564 667
565 744
566 854
566 873
568 666
568 840
568 951
569 646
569 767
569 945
570 827
570 907
571 619
571 719
571 938
572 640
573 632
573 754
573 812
574 624
574 690
574 698
575 591
575 760
575 823
575 938
576 578
576 654
576 718
576 961
578 579
578 703
578 711
578 788
578 875
579 652
580 648
580 721
580 756
580 809
580 896
580 955
580 986
580 994
581 727
581 807
581 939
582 624
584 813
584 835
584 838
585 694
585 872
587 599
587 639
587 670
588 954
588 959
590 647
590 655
590 656
591 607
591 769
591 822
591 850
592 881
592 928
593 654
593 719
593 727
593 779
594 754
594 923
594 960
595 730
595 739
595 793
595 886
595 904
595 981
596 642
596 654
596 727
596 938
598 605
598 913
599 623
600 734
600 836
600 904
600 918
600 920
601 608
601 769
601 966
602 671
602 909
602 972
603 761
604 904
605 650
605 762
606 803
606 996
607 954
608 874
609 755
609 822
610 690
610 701
610 720
610 727
610 837
610 889
610 901
611 710
611 734
611 960
612 649
612 731
612 770
612 848
612 849
612 904
612 997
613 662
614 697
616 880
616 943
616 987
617 752
617 943
618 668
618 803
618 864
618 922
618 953
619 689
619 745
619 963
620 805
620 810
620 814
621 629
622 773
622 903
623 732
623 972
624 708
625 753
625 917
626 802
626 804
626 886
627 665
627 788
627 882
628 719
628 754
628 775
629 677
629 981
630 935
630 946
631 716
632 693
632 775
632 868
633 704
633 879
634 636
634 658
635 668
635 686
637 935
638 683
638 739
639 741
639 743
639 824
639 882
640 681
640 738
640 894
641 810
643 735
644 719
644 738
644 791
645 801
645 991
646 883
646 921
647 857
647 909
648 736
649 659
649 934
650 704
650 727
651 838
653 784
653 804
654 752
655 737
655 987
656 779
656 865
657 762
657 800
658 969
659 681
659 871
659 994
660 743
661 735
661 842
661 924
661 948
661 991
661 993
662 837
662 893
662 943
663 855
663 900
664 845
664 961
665 674
665 712
665 997
666 810
666 930
667 757
667 780
667 852
667 868
667 915
668 750
668 930
669 775
669 885
669 902
671 728
671 919
671 931
672 817
672 950
673 687
673 690
673 951
673 997
674 966
675 717
675 803
675 874
676 700
676 882
678 897
679 789
679 834
679 862
679 929
680 865
680 929
681 838
682 899
683 738
683 879
684 727
684 763
685 771
685 850
685 909
685 982
686 749
686 765
687 823
687 847
688 787
688 928
688 934
689 779
690 797
690 809
690 979
691 700
691 819
692 751
692 790
693 776
694 810
696 865
696 975
697 705
697 731
697 801
697 899
698 904
698 980
700 767
700 841
701 875
702 792
703 917
705 745
705 754
705 762
705 807
707 755
707 972
707 992
708 754
709 743
709 819
709 835
709 953
710 848
712 804
712 856
715 914
715 961
716 800
716 839
716 881
717 886
718 964
719 752
720 851
721 745
721 786
721 788
722 807
722 901
722 982
724 860
724 880
724 945
724 986
725 920
726 737
726 942
726 982
727 821
728 996
729 894
730 754
731 841
731 903
731 963
732 740
732 778
733 930
734 797
734 819
734 844
736 759
738 992
739 876
742 786
742 850
744 781
745 884
745 911
745 952
746 905
747 810
748 922
748 986
749 874
749 883
749 896
749 999
750 792
750 974
751 885
752 924
753 980
754 924
754 928
755 875
755 885
756 808
756 895
756 910
756 943
757 777
757 852
759 771
759 778
759 817
759 928
761 796
762 971
763 828
763 859
763 872
764 963
764 981
765 795
765 866
766 775
766 884
767 892
767 932
767 935
769 820
769 927
769 996
771 963
772 779
772 875
772 928
773 941
775 779
777 795
777 832
777 972
778 984
779 878
780 835
780 997
780 999
781 915
782 926
783 786
783 789
783 800
783 929
786 820
787 965
788 879
788 904
788 961
789 813
789 975
789 997
790 906
793 898
794 998
795 850
795 946
796 866
796 881
797 948
799 839
801 999
802 910
802 951
802 972
803 905
804 949
804 989
805 997
806 817
806 957
807 856
808 815
808 924
809 870
811 816
811 886
813 849
814 839
815 873
815 894
815 918
816 827
818 858
818 870
821 822
822 935
823 826
828 857
829 840
830 912
830 917
835 881
835 941
836 942
837 962
838 891
839 843
839 901
841 977
842 882
842 911
843 949
844 902
845 899
845 933
845 952
846 918
848 970
850 960
850 970
851 919
853 918
853 988
854 942
858 873
859 989
862 889
863 937
866 996
867 871
867 924
867 967
868 915
870 917
870 947
872 913
874 948
875 928
876 916
878 904
878 908
878 938
878 996
880 888
880 990
881 962
882 960
883 940
884 962
885 891
885 943
887 974
887 984
889 949
890 927
890 987
891 952
893 979
897 941
897 943
901 990
902 984
904 912
906 982
908 934
916 935
919 934
920 933
923 986
926 970
928 935
931 995
933 943
939 968
940 959
955 965
960 979
974 991
983 998
985 998
