0 264
1 20
1 493
1 666
1 722
1 940
1 950
1 954
2 29
2 123
2 186
2 231
2 354
2 404
2 485
2 505
2 857
2 961
3 100
3 184
3 533
3 566
3 567
3 962
4 222
4 509
4 715
5 524
5 543
5 824
6 533
7 158
7 384
7 532
7 696
7 727
8 16
8 262
8 440
8 670
8 912
8 915
9 127
9 409
9 419
9 522
9 535
9 748
9 767
9 853
9 936
10 214
10 356
10 649
10 724
11 38
11 378
11 720
11 810
11 934
11 951
12 312
12 346
12 482
12 558
12 949
13 104
13 233
13 310
13 670
13 689
13 907
14 19
14 117
14 294
14 674
14 681
14 831
14 941
15 33
15 430
15 563
16 111
16 116
16 120
16 270
16 541
16 701
16 730
17 27
17 108
17 295
17 451
17 542
18 143
18 178
18 220
18 228
18 268
18 717
18 904
19 231
19 347
19 354
19 441
19 634
19 735
19 752
19 755
19 925
19 984
20 410
20 414
20 545
20 562
20 842
22 365
22 372
22 449
22 477
22 688
22 901
23 30
23 81
23 98
23 154
23 159
23 254
23 365
23 389
23 535
23 932
24 56
24 87
24 169
24 322
24 598
24 835
24 853
24 910
25 223
25 613
25 644
25 859
26 192
26 248
26 564
26 648
26 747
26 767
26 842
26 874
27 233
27 346
27 405
27 630
27 727
27 830
27 855
28 645
28 836
28 854
29 147
29 359
29 516
29 710
29 788
29 877
29 949
30 54
30 369
30 377
31 101
31 218
31 296
31 405
31 811
31 939
33 215
33 280
33 342
33 579
34 248
34 359
34 606
34 790
34 920
35 160
35 233
35 240
35 312
35 374
35 397
35 727
35 829
35 886
36 81
36 219
36 254
36 429
36 431
37 195
37 229
37 483
37 591
37 862
37 939
37 983
38 135
38 571
38 701
39 181
39 309
39 674
39 678
39 713
39 759
39 912
39 965
40 130
40 246
40 272
40 326
40 429
40 558
40 699
40 735
40 850
41 390
41 500
41 710
41 780
41 791
42 85
42 401
42 463
42 466
42 660
42 704
42 777
43 101
43 309
43 414
43 446
43 631
43 805
43 928
44 151
44 157
44 595
44 662
44 766
44 966
45 129
45 337
45 583
45 817
45 953
46 181
46 222
46 657
46 986
47 101
47 126
47 386
47 423
47 441
47 468
47 829
47 883
48 109
48 210
48 335
48 415
48 538
48 618
48 901
48 950
49 199
49 266
49 367
49 464
49 570
49 642
49 907
50 237
50 260
51 123
51 180
51 381
51 616
51 900
51 924
51 971
52 124
52 235
52 283
52 343
52 483
52 813
53 257
53 431
53 442
53 453
53 626
53 659
53 989
53 992
53 996
54 165
54 255
54 295
54 423
54 443
54 606
54 894
55 69
55 170
55 177
55 223
55 480
55 538
55 736
55 742
55 866
55 951
56 80
56 163
56 175
56 225
56 298
56 809
56 874
57 306
57 633
58 273
58 276
58 395
58 671
58 745
58 836
58 865
58 929
59 229
59 870
60 251
60 622
61 177
61 299
61 477
61 694
61 840
61 860
61 884
62 155
62 564
62 785
62 969
63 195
63 247
63 581
63 716
63 862
63 959
64 356
64 426
64 936
64 983
65 81
65 123
65 217
65 310
65 629
65 855
65 946
66 373
66 406
66 495
66 502
66 549
66 588
66 706
66 830
67 178
67 209
67 210
67 216
67 382
67 738
67 969
68 146
68 282
68 394
68 455
68 637
68 691
68 776
69 281
69 298
69 387
69 615
69 730
69 749
69 859
70 711
70 936
70 944
70 986
71 183
71 345
71 475
71 676
71 699
72 297
72 408
72 495
72 545
72 554
72 696
73 221
73 291
73 333
73 351
73 524
73 543
73 549
73 939
73 999
74 529
74 826
74 954
74 961
75 112
75 130
75 237
75 253
75 334
75 437
75 825
75 989
76 117
76 328
76 389
76 414
76 683
76 737
76 743
76 757
76 779
76 787
77 255
77 439
77 481
77 646
77 695
77 776
77 862
78 206
78 245
78 307
78 408
78 521
78 697
78 719
78 865
78 996
79 423
79 886
80 361
80 554
80 702
80 792
81 320
81 324
81 513
81 754
82 261
82 280
82 306
82 704
82 914
83 269
83 511
83 693
83 739
84 213
84 301
84 600
84 611
84 681
84 753
84 828
84 844
85 91
85 321
85 415
85 619
85 700
85 712
86 305
86 361
86 538
86 563
86 604
86 691
86 799
86 840
86 857
86 928
86 929
87 200
87 544
87 550
87 837
88 316
88 325
88 340
88 400
88 951
89 565
90 189
90 577
90 803
90 832
90 848
91 294
91 507
91 555
91 717
92 543
92 636
92 834
92 847
92 890
93 414
93 536
93 552
93 561
93 891
93 955
94 151
94 308
94 363
94 769
95 105
95 438
95 574
95 702
95 707
95 873
95 889
95 910
95 990
96 249
96 571
96 680
96 744
96 785
97 378
97 456
97 640
97 659
97 880
98 158
98 171
98 448
98 469
98 629
98 637
98 705
99 161
99 162
99 212
99 500
99 668
100 159
100 209
100 342
100 391
100 586
100 723
101 207
101 317
101 451
101 902
102 169
102 801
103 212
103 336
103 394
103 400
103 433
103 448
103 472
103 482
103 682
103 701
103 888
103 894
104 174
104 187
104 205
104 290
104 305
104 368
104 400
104 407
104 448
104 555
104 612
105 210
105 308
105 459
105 480
105 728
105 750
105 937
106 304
106 375
106 794
106 929
106 946
107 132
107 139
107 309
107 475
108 242
108 388
108 404
108 439
108 513
108 614
108 727
108 854
109 873
110 293
110 339
110 679
110 834
110 839
110 917
111 115
111 665
112 123
112 229
112 413
112 472
112 575
112 767
112 837
113 128
113 225
113 444
113 463
113 497
113 562
113 920
113 981
114 279
114 306
114 789
115 306
115 331
115 607
115 801
115 892
116 583
116 620
116 720
117 291
117 363
117 402
117 441
117 519
117 563
117 595
117 986
118 131
118 289
118 336
118 685
118 975
118 986
119 139
119 211
119 353
119 827
119 907
120 424
120 472
120 520
120 595
120 597
120 703
120 746
120 751
120 881
120 960
121 175
121 402
122 284
122 295
122 613
122 639
122 647
122 697
122 762
122 791
123 138
123 194
123 279
123 443
123 545
123 925
124 203
124 864
124 923
124 946
125 201
125 310
125 703
125 865
126 382
126 500
126 575
126 580
126 677
126 696
126 787
127 266
127 552
127 661
127 698
127 917
128 230
128 331
128 482
129 187
129 279
129 385
129 542
129 737
129 772
129 834
129 986
130 229
130 277
130 483
130 563
130 586
130 708
130 777
131 308
131 359
131 377
131 414
131 428
131 582
131 615
131 871
132 502
132 769
132 959
132 975
132 982
133 208
133 726
134 245
134 387
134 412
134 478
134 521
134 646
134 955
135 185
135 443
135 525
135 529
136 163
136 193
136 471
136 534
136 695
137 164
137 244
137 552
137 782
138 211
138 236
138 244
138 308
138 713
138 740
138 887
138 957
139 946
139 954
140 147
140 525
140 681
141 152
141 158
141 176
141 976
142 587
142 683
142 752
142 777
142 836
142 917
143 267
143 335
143 370
143 501
143 729
144 181
144 336
144 346
144 349
144 742
145 150
145 223
145 252
145 405
145 767
145 864
145 977
146 181
146 319
146 456
146 602
146 743
146 744
146 830
146 909
146 953
147 209
147 500
147 599
147 622
147 710
147 717
147 742
147 758
148 744
148 753
149 423
149 546
149 556
149 601
150 178
150 259
150 300
150 446
150 608
150 647
150 699
150 722
150 832
151 517
151 564
151 599
151 600
151 780
151 963
152 261
152 387
152 408
152 461
152 535
152 621
152 737
153 923
154 271
154 451
154 488
154 656
154 696
154 762
154 879
155 166
155 240
155 499
155 686
155 742
155 836
155 856
156 195
156 309
156 481
156 578
156 653
157 244
157 278
157 407
157 613
157 640
157 655
158 506
158 685
159 211
159 260
159 333
159 336
159 803
159 878
160 378
160 509
160 774
161 167
161 341
161 390
161 471
161 825
161 848
161 892
162 614
162 625
162 773
162 966
163 176
163 355
163 429
163 505
163 670
163 680
163 806
163 945
163 954
164 381
164 525
164 530
164 689
164 744
164 853
164 903
165 252
165 324
165 471
165 746
165 926
166 598
166 608
167 198
167 518
168 202
168 425
168 819
168 907
169 253
169 267
169 469
169 505
169 603
169 726
169 821
169 951
170 220
170 416
170 523
170 540
170 636
170 866
171 300
171 532
171 691
171 781
171 839
172 193
172 226
172 266
172 411
172 601
172 695
172 951
172 988
173 189
173 311
173 448
173 542
173 688
173 774
173 777
173 827
174 205
174 306
174 917
175 416
175 421
175 962
176 299
177 206
177 298
177 460
177 718
177 831
178 300
178 566
179 665
179 695
179 742
179 760
179 857
180 419
180 498
180 995
181 333
181 372
181 722
181 895
182 270
182 320
182 366
182 639
182 665
182 674
183 218
183 456
184 505
184 551
184 701
184 751
184 888
185 234
185 237
185 285
185 420
185 570
185 687
185 764
185 997
186 189
186 275
186 456
187 217
187 238
187 309
187 349
187 436
187 528
187 570
187 631
187 737
187 803
187 895
188 211
188 544
188 685
188 694
189 289
189 783
190 238
190 247
190 445
190 805
190 959
190 978
191 224
191 301
191 333
191 518
191 765
192 476
193 427
193 462
193 542
193 626
193 667
194 243
194 361
194 393
195 206
195 220
195 483
195 493
195 610
195 618
195 619
196 318
197 643
197 792
198 599
198 718
198 757
198 777
198 787
198 809
198 824
198 972
198 974
199 353
199 406
199 423
200 618
200 651
201 334
201 525
201 573
201 575
201 705
201 840
201 858
202 223
202 239
203 325
203 507
203 670
203 835
203 838
204 449
204 467
204 625
205 262
205 400
205 425
205 485
205 771
205 853
206 275
206 471
206 682
206 838
206 897
207 581
207 750
207 780
207 957
207 999
208 242
208 433
208 452
208 484
208 651
209 573
209 930
210 218
210 422
210 805
210 932
211 643
211 861
211 865
211 880
211 933
212 297
212 572
212 693
213 637
213 884
213 885
213 910
213 934
213 996
214 443
214 645
214 719
214 899
215 273
215 604
215 649
215 882
216 254
216 255
216 298
216 384
216 423
216 616
217 327
217 454
217 475
217 496
217 706
217 819
217 875
217 934
218 427
218 607
218 658
218 683
218 727
219 242
219 285
219 779
219 923
220 240
220 653
220 813
221 222
221 266
221 507
221 623
221 678
221 903
222 249
222 468
222 572
222 825
222 839
222 949
223 253
223 331
223 397
223 674
223 932
224 472
224 535
224 613
224 751
224 936
225 266
225 310
225 335
225 440
225 663
226 243
226 406
226 466
226 775
227 552
227 556
227 654
227 787
227 988
228 510
228 542
228 910
229 445
229 500
230 251
230 647
231 315
231 343
232 258
232 579
232 680
233 678
233 906
234 311
234 348
234 432
234 659
234 817
234 913
235 261
235 596
235 982
236 246
236 868
236 885
237 260
237 447
237 964
238 458
238 580
238 936
238 997
239 241
239 431
239 488
239 525
239 580
239 703
240 419
240 450
240 458
240 463
240 692
240 793
240 883
241 292
241 299
241 403
241 722
241 726
242 806
242 992
243 253
243 882
244 601
244 702
244 920
244 983
245 367
245 612
245 737
245 940
245 957
246 258
246 308
246 451
246 458
246 558
246 614
247 329
247 609
247 671
247 731
247 764
247 855
248 304
248 753
249 579
249 770
249 940
249 995
250 329
250 822
250 891
250 936
250 995
251 303
251 379
251 410
251 577
251 793
251 897
251 907
251 912
252 279
252 408
252 423
252 455
252 504
252 875
252 937
253 792
254 896
254 905
254 936
255 406
255 794
255 933
255 958
255 966
256 502
256 860
257 306
257 331
257 476
257 615
257 620
257 645
257 755
257 837
257 894
257 932
258 273
258 321
258 443
258 481
258 578
258 855
258 979
259 537
259 637
259 997
260 542
260 730
261 326
262 649
262 881
263 333
263 337
263 376
263 647
264 328
264 404
264 430
264 653
264 928
265 547
265 563
265 726
265 766
265 792
265 818
265 894
266 314
266 544
266 545
266 568
266 951
267 320
267 357
267 398
267 901
268 653
268 728
268 784
268 809
268 886
269 375
269 394
269 411
269 460
269 844
269 985
270 279
270 572
270 753
270 794
271 273
271 305
271 481
271 527
271 567
271 995
272 353
272 588
272 779
272 839
272 922
273 313
273 822
274 298
274 454
274 796
274 901
274 962
275 497
275 690
275 783
275 792
275 919
275 999
276 478
276 479
276 781
276 910
276 917
277 337
278 357
278 413
278 533
278 604
278 706
278 784
279 309
279 816
279 863
280 327
280 362
280 382
280 623
280 740
280 872
280 893
281 360
281 823
282 448
282 545
282 828
282 910
283 497
283 529
283 796
284 463
284 718
284 835
284 867
285 349
285 686
285 814
285 817
286 314
286 604
286 803
286 832
286 916
286 986
287 423
287 686
287 892
287 928
287 939
288 478
289 421
289 878
289 893
290 375
290 441
290 449
290 458
291 750
292 325
292 503
292 678
292 847
292 966
293 309
293 323
293 413
293 444
293 630
293 688
293 715
293 783
293 809
293 974
294 333
294 511
294 572
294 742
294 766
294 982
294 987
295 432
295 520
295 962
296 560
296 688
296 814
297 540
297 560
297 610
297 645
297 955
299 576
299 737
299 866
300 310
300 456
300 511
300 992
301 448
301 472
301 643
302 327
302 495
302 509
302 678
302 780
303 511
303 896
303 958
304 326
304 423
304 477
304 483
304 764
304 798
304 860
304 967
304 997
305 531
305 558
305 653
305 742
305 806
305 943
305 983
306 593
306 654
307 408
307 462
307 837
307 941
308 570
308 915
309 602
309 803
310 546
310 817
310 979
311 330
311 472
311 521
311 698
311 923
312 478
312 543
312 654
312 715
312 724
312 729
312 763
312 804
312 916
312 965
313 493
313 505
313 826
314 358
314 600
314 698
314 787
314 870
315 691
315 829
315 903
315 931
316 359
316 704
316 781
317 370
317 392
317 476
317 751
317 798
317 844
318 337
318 634
319 581
319 624
319 658
320 634
320 676
320 824
320 953
321 327
321 456
321 502
321 646
322 419
322 693
322 735
322 792
322 934
322 949
323 605
323 618
323 698
323 702
324 353
324 601
324 822
325 358
325 471
326 564
326 594
326 775
326 895
326 985
327 416
327 461
327 661
327 820
327 846
328 347
328 349
328 371
328 573
328 688
328 771
328 774
328 849
329 339
329 764
329 810
329 875
330 387
330 497
330 616
330 711
330 893
330 962
330 969
331 335
331 339
331 521
331 646
331 777
332 373
332 482
332 515
332 617
332 722
332 728
332 969
333 579
334 662
334 740
334 961
335 479
335 677
335 751
335 846
336 605
336 732
336 744
336 749
336 980
336 990
337 666
338 508
338 509
338 541
338 707
338 711
338 951
339 398
339 777
340 472
340 476
340 488
340 493
340 556
340 716
340 814
340 872
341 580
341 869
341 882
342 651
343 493
343 584
343 596
343 764
343 774
343 906
343 938
343 962
344 408
344 699
344 899
345 353
345 864
345 916
345 985
346 463
347 599
347 668
347 703
347 816
347 949
347 971
348 382
348 464
348 587
348 593
348 671
348 718
348 743
348 746
348 926
348 927
349 463
350 420
350 485
350 500
350 941
351 516
351 542
351 659
351 702
352 672
352 673
352 851
352 886
353 438
353 515
353 586
353 603
353 707
353 734
354 429
355 689
355 694
355 826
355 894
356 506
357 696
357 937
358 366
358 790
358 959
358 972
359 481
359 530
359 604
359 808
359 819
359 929
359 982
360 520
360 530
360 554
360 623
360 769
361 572
361 682
361 827
361 941
361 988
362 672
362 952
363 377
363 720
363 859
363 899
363 900
364 537
364 687
364 714
364 803
364 973
365 448
365 903
366 371
366 622
367 525
367 745
367 760
367 928
368 381
368 455
368 472
368 475
368 519
368 585
368 666
368 839
368 936
368 999
369 416
369 463
369 823
369 959
369 965
370 491
370 649
370 817
371 475
371 867
372 503
372 546
372 559
372 701
372 964
373 873
373 979
373 983
374 512
375 561
375 625
375 679
376 803
376 807
377 386
377 469
377 638
377 886
378 386
378 558
378 600
378 660
378 832
379 428
379 529
379 571
379 831
379 963
380 878
381 406
381 455
381 461
381 555
381 563
381 608
381 751
381 784
381 844
381 900
382 436
382 454
382 481
382 602
382 640
382 965
383 471
383 523
383 701
383 716
383 720
383 824
383 933
384 492
384 646
384 672
384 738
384 810
385 456
385 500
385 965
386 397
386 619
386 782
386 929
387 434
387 515
387 681
387 714
388 407
388 437
388 460
388 796
388 823
388 993
389 562
389 586
389 600
389 614
389 657
389 765
390 421
390 436
390 709
391 462
391 625
391 737
391 825
392 502
392 563
392 677
392 742
392 875
393 863
393 975
393 999
394 916
395 879
396 408
396 469
396 546
396 563
396 596
396 636
396 685
396 699
396 830
397 507
397 599
397 886
398 523
398 547
398 566
398 836
398 960
398 998
399 400
399 547
399 579
400 497
400 541
400 686
400 738
401 522
401 616
401 686
401 889
402 453
402 601
402 671
403 962
404 498
404 503
404 727
404 740
404 858
404 863
405 678
405 759
405 973
405 990
406 645
407 434
407 548
407 642
407 696
407 826
408 447
408 486
408 635
408 866
409 507
409 580
409 662
409 702
409 870
409 873
410 418
410 529
411 601
411 681
411 765
411 823
411 839
412 666
412 919
413 547
413 801
413 968
414 695
414 880
414 947
415 503
415 595
415 734
415 794
415 915
416 634
416 646
416 720
416 730
416 773
416 783
416 977
417 433
417 557
417 619
417 672
417 679
418 472
418 510
418 525
418 831
419 474
419 629
419 642
419 892
420 968
420 984
421 832
421 996
422 484
422 506
422 550
422 965
423 426
423 659
423 877
424 460
424 518
424 699
424 738
424 816
424 835
425 502
425 952
425 960
426 693
426 702
426 827
426 892
427 448
429 908
429 939
429 979
430 451
430 564
430 820
431 730
431 840
431 881
431 937
432 548
432 874
432 989
433 479
433 751
434 469
434 539
434 630
434 855
434 907
435 545
435 706
436 534
436 665
436 678
436 742
438 523
438 554
438 598
438 748
439 444
439 725
440 487
440 612
440 883
441 458
441 712
442 473
442 886
442 929
443 518
443 734
443 738
443 762
443 905
444 502
445 658
445 722
445 918
446 523
446 538
446 550
446 652
446 812
447 549
447 635
447 671
447 915
448 467
448 499
448 512
448 549
448 576
448 791
448 803
448 841
449 812
449 864
450 470
450 519
450 755
450 931
451 600
451 857
452 477
452 789
453 510
453 727
454 764
454 812
454 900
454 987
455 559
455 567
455 854
455 955
455 962
456 465
456 615
456 625
456 634
456 872
456 919
456 967
456 975
457 906
458 514
458 627
458 629
459 792
460 555
460 686
461 667
461 864
461 939
461 955
462 564
463 512
464 730
464 957
465 501
465 904
466 546
466 736
467 563
467 606
467 615
467 828
467 856
467 945
468 568
468 571
469 679
469 704
469 776
469 903
469 905
470 825
471 508
471 701
471 917
472 614
472 932
473 862
473 901
473 960
474 527
474 596
474 793
474 880
475 506
475 672
475 736
475 760
475 944
475 967
476 499
476 592
476 681
476 817
476 900
476 980
477 833
477 878
478 479
478 667
478 952
479 751
480 634
480 831
480 885
481 498
481 787
481 936
482 769
483 528
483 601
483 879
483 924
483 982
484 492
484 897
485 551
485 673
487 707
487 765
487 940
487 984
488 570
488 694
488 789
488 960
489 737
489 921
490 671
490 848
490 888
491 677
491 707
491 743
491 901
491 992
492 618
492 900
493 639
493 985
494 635
494 646
494 821
495 697
495 804
496 676
496 893
496 938
497 631
497 652
497 758
497 837
497 908
498 692
498 751
499 649
499 700
499 773
499 870
499 886
500 554
500 563
500 826
501 576
501 767
501 999
502 584
502 621
503 661
503 954
505 520
507 590
507 658
507 783
508 551
508 751
509 544
509 729
510 689
510 739
511 674
511 780
512 670
512 829
512 985
513 665
513 836
514 519
514 622
514 821
514 831
514 875
514 885
515 622
515 689
515 782
515 792
515 890
516 517
517 826
517 906
518 629
518 691
518 858
518 961
519 785
519 794
519 951
520 617
520 648
520 703
520 805
520 882
521 683
521 860
522 765
522 777
522 828
523 884
523 916
523 920
524 610
524 903
526 881
527 583
527 788
528 647
529 559
529 587
529 611
530 627
530 639
530 727
531 543
531 558
531 833
532 948
533 568
533 618
533 672
533 788
534 587
534 600
534 632
534 836
534 974
535 783
536 587
537 544
537 635
537 779
538 612
538 800
539 585
539 694
539 717
539 857
540 761
540 815
540 869
541 904
542 628
543 604
543 725
543 781
543 785
543 957
545 698
545 991
546 590
546 685
546 908
546 949
547 777
547 800
547 807
548 650
548 785
548 806
548 829
549 828
550 606
550 913
551 589
551 691
551 763
551 772
551 893
552 882
553 703
554 831
554 845
554 850
554 902
554 992
555 727
555 787
556 562
556 717
556 766
557 618
557 669
557 696
557 862
558 610
558 711
558 734
558 766
560 667
560 916
561 594
561 781
561 793
561 922
562 588
562 805
562 952
563 572
563 791
563 899
564 857
564 959
565 842
566 602
566 670
566 790
568 797
568 968
568 987
569 632
569 928
569 935
570 686
570 739
570 787
570 911
571 744
571 840
572 584
572 646
573 912
574 711
574 856
574 962
574 990
575 831
575 909
576 712
576 802
576 875
576 928
577 583
577 636
577 766
577 881
577 989
578 827
578 922
579 609
579 837
579 891
581 989
582 938
583 595
583 635
584 954
586 961
587 652
587 687
588 607
588 671
588 816
588 932
589 597
589 706
589 834
589 872
589 932
590 678
590 966
591 707
591 825
591 836
591 915
592 809
592 927
593 604
594 649
594 855
594 875
594 989
595 603
595 705
596 700
596 814
596 835
596 840
597 648
597 675
597 709
597 763
598 697
598 728
598 892
599 759
599 817
599 920
600 718
600 936
601 699
602 632
602 654
603 837
603 916
604 676
604 820
605 792
606 715
608 699
608 739
608 854
609 753
610 876
611 808
611 929
612 617
612 651
612 716
612 799
612 982
613 652
613 690
613 756
613 992
614 643
614 791
614 890
615 622
615 623
615 936
616 874
617 935
619 672
621 809
622 698
622 918
623 642
623 827
623 919
624 797
624 912
624 981
625 770
626 676
627 689
628 716
628 776
629 694
629 762
630 840
630 897
630 949
630 957
630 985
630 990
631 670
631 811
631 886
632 660
632 913
632 946
633 691
634 930
635 812
635 987
636 731
637 716
637 734
637 954
638 685
639 856
640 841
640 845
641 816
641 848
641 869
641 909
642 724
642 752
642 940
643 829
643 957
644 786
644 998
645 648
645 726
645 748
645 846
646 828
646 893
646 921
647 847
647 884
648 753
648 951
650 657
650 680
650 739
651 730
652 745
652 759
652 946
652 970
652 985
653 688
653 825
654 902
654 975
654 984
657 703
657 894
659 680
659 984
659 998
660 702
661 782
661 805
661 875
662 742
664 812
664 852
664 995
666 811
666 848
666 862
667 804
668 688
668 727
668 749
668 777
668 850
668 975
669 794
669 933
670 875
670 963
670 973
671 749
672 685
672 794
672 824
672 830
673 680
674 938
675 721
676 961
678 706
678 964
679 754
680 691
680 694
680 918
680 961
681 934
681 944
681 991
682 982
683 874
683 932
684 758
684 929
685 842
689 795
690 791
690 817
690 930
690 968
691 778
691 884
692 707
692 850
695 720
695 724
695 984
696 705
696 750
696 954
696 969
698 733
698 957
698 965
699 746
699 757
700 787
700 984
701 902
702 783
702 837
705 758
705 898
706 736
707 793
707 978
709 787
709 816
710 920
711 875
711 898
712 806
714 717
714 777
716 971
717 812
718 877
718 891
718 949
718 995
719 785
720 848
721 811
721 983
722 734
722 853
724 842
724 862
724 904
725 957
725 967
726 897
726 971
727 883
729 778
729 795
729 841
729 891
730 747
730 837
730 844
732 820
733 941
735 897
736 791
736 923
736 980
736 983
737 775
737 933
737 980
738 965
739 783
739 895
739 985
740 768
740 936
741 995
742 794
742 821
744 784
744 796
744 989
745 786
746 794
746 999
747 814
747 897
748 872
748 877
748 905
749 908
750 831
750 857
750 919
751 833
751 874
752 829
753 983
754 845
757 905
759 871
759 936
760 800
760 811
760 878
764 843
764 864
765 963
766 842
766 849
766 955
768 984
769 795
769 804
769 984
770 812
770 895
772 983
774 880
775 818
775 834
775 916
776 843
777 788
777 807
777 957
778 811
779 808
780 794
781 884
782 934
783 864
783 870
783 947
784 878
784 970
785 909
785 924
787 916
787 984
788 998
791 815
792 979
793 841
793 895
797 798
797 847
798 957
800 863
801 842
801 942
803 831
803 842
803 888
803 918
803 920
804 805
804 871
804 931
804 946
804 959
805 845
807 893
808 918
810 813
810 843
811 974
813 930
814 972
815 847
816 938
817 873
818 824
818 923
821 828
821 900
821 901
823 996
824 836
824 948
824 961
827 926
829 837
829 958
831 904
832 869
832 876
832 934
832 968
833 948
834 853
836 965
838 891
839 923
840 846
840 861
840 903
841 947
842 998
843 984
845 947
846 924
848 970
850 916
854 908
855 983
859 941
860 910
860 921
861 985
863 924
865 909
865 947
866 939
867 964
867 973
868 935
869 892
869 990
871 994
875 966
876 879
876 913
877 888
878 898
879 899
880 988
883 909
883 970
885 918
886 889
888 923
900 902
900 923
900 934
905 962
906 980
907 960
908 926
909 971
919 959
920 927
924 928
926 952
928 956
932 943
937 997
938 952
938 971
942 969
945 961
949 967
955 989
955 992
955 998
964 968
968 987
969 977
975 989
979 985
