0 15
0 69
0 441
0 561
0 725
0 749
0 767
1 2
1 7
1 275
1 327
1 629
1 811
1 940
1 993
2 79
2 389
2 603
2 765
3 379
3 396
4 69
4 78
4 264
4 271
4 343
4 486
4 728
5 95
5 116
5 314
5 494
5 526
5 718
5 721
6 743
6 768
6 779
7 234
7 238
7 706
7 760
7 773
7 817
8 28
8 221
8 222
8 238
9 230
9 238
9 955
9 971
10 416
10 909
10 931
11 276
11 753
11 763
12 300
12 306
12 386
12 398
12 699
13 42
13 217
13 433
13 562
14 77
14 169
14 378
14 407
14 427
14 687
14 925
15 149
15 175
15 458
15 482
15 512
15 557
15 575
15 627
15 710
16 293
16 357
16 508
16 556
16 570
16 584
16 867
16 932
17 26
17 513
17 975
18 53
18 851
18 928
19 36
19 219
19 321
19 502
19 659
19 661
19 761
19 774
19 866
20 46
20 224
20 268
20 289
20 408
20 569
20 572
21 24
21 98
21 564
22 25
22 123
22 254
22 370
22 730
22 941
23 128
23 168
23 214
23 328
23 358
23 448
23 542
23 588
23 757
24 228
24 701
24 748
24 869
25 86
25 122
25 325
25 455
25 892
25 897
26 202
26 317
26 363
26 751
26 879
27 35
27 244
27 467
27 764
27 780
27 900
27 929
28 173
28 698
28 940
29 85
29 201
29 268
29 422
29 486
29 681
30 178
30 218
30 529
30 539
30 593
30 675
30 763
30 787
30 816
31 182
31 743
31 906
32 49
32 51
32 169
32 296
32 321
32 436
32 603
32 757
32 881
32 899
32 982
33 145
33 154
33 511
33 649
33 851
33 953
34 99
34 655
34 876
35 102
35 200
35 226
35 292
35 392
35 406
35 693
35 711
35 977
36 286
36 490
36 961
37 545
37 552
37 669
37 715
37 766
38 182
38 195
38 341
38 426
38 576
38 705
38 749
39 285
39 326
40 353
40 820
40 862
40 960
41 213
41 605
42 75
42 276
42 423
42 435
42 891
43 89
43 181
43 509
43 557
43 645
43 802
44 565
44 740
44 778
44 820
44 969
45 46
45 189
45 246
45 331
45 571
45 995
46 116
46 132
46 423
46 430
46 650
46 741
46 934
46 986
47 341
47 364
47 553
47 565
47 588
48 747
48 780
48 905
49 231
49 269
49 799
50 109
50 154
50 173
50 614
51 68
51 124
51 657
51 841
52 342
52 602
52 730
52 966
53 76
53 308
53 358
53 659
53 708
53 856
54 581
54 595
54 619
54 634
54 703
54 768
54 938
55 384
55 448
55 507
55 529
55 667
56 109
56 418
56 632
56 775
56 850
57 442
57 486
57 658
57 743
57 953
58 111
58 182
58 276
58 445
58 840
58 883
58 925
58 981
59 114
59 120
59 953
60 164
60 252
60 505
60 551
60 770
61 280
61 376
61 575
61 736
61 744
61 887
61 934
62 242
62 246
62 390
62 394
62 561
62 765
63 298
63 300
63 349
63 414
63 624
63 672
63 939
64 254
64 294
64 342
64 422
64 532
64 539
64 624
65 180
65 326
65 429
65 466
65 537
65 580
65 695
65 768
65 995
66 145
66 324
67 122
67 434
67 729
67 820
67 930
68 588
68 661
68 953
69 85
69 361
69 492
69 681
70 147
70 243
70 291
70 476
70 867
70 918
71 157
71 198
71 247
71 653
71 840
71 917
72 204
72 334
72 385
72 436
73 241
73 384
73 456
73 626
73 659
73 868
73 991
74 373
74 412
74 705
74 744
74 894
75 122
76 383
76 393
76 797
76 870
76 890
78 118
78 205
78 223
78 237
78 406
78 649
78 703
78 995
79 194
79 229
79 369
79 644
79 656
79 792
79 984
80 230
80 634
80 862
81 395
81 563
81 984
82 405
82 557
82 628
82 691
83 182
83 206
83 700
83 808
84 146
84 223
84 528
84 722
85 163
85 288
85 316
85 630
85 704
85 759
85 822
86 87
86 173
86 307
86 432
86 454
86 767
86 785
86 990
87 239
87 569
87 603
87 647
88 208
88 638
88 676
88 953
89 158
89 216
89 227
89 238
89 477
89 488
89 654
89 660
89 845
89 884
90 123
90 524
90 628
90 866
90 906
91 460
91 474
91 936
92 177
92 262
92 268
92 338
92 371
92 397
92 409
92 748
93 217
93 369
93 854
94 98
94 189
94 195
94 200
94 359
94 390
94 637
94 639
94 749
94 754
95 120
95 245
95 263
95 672
95 688
95 927
95 937
96 303
96 647
96 904
97 166
97 304
97 328
97 579
97 688
97 944
98 393
98 582
98 652
98 993
100 125
100 197
100 268
100 605
100 609
100 631
100 705
101 445
101 702
101 816
101 865
101 873
101 892
102 426
102 624
102 712
102 907
102 999
103 279
103 467
103 611
103 791
104 550
104 742
104 826
104 835
104 932
105 979
106 263
106 341
106 443
106 717
106 761
106 937
107 648
107 973
107 990
108 277
108 311
108 497
108 865
109 197
109 499
109 903
109 980
110 148
110 198
110 236
110 295
110 514
110 557
110 570
110 580
110 610
110 776
111 179
111 216
111 386
111 479
111 707
112 208
112 340
112 546
112 635
112 875
112 944
113 271
113 392
113 546
113 747
113 852
114 250
114 346
114 488
114 667
114 758
114 842
115 243
115 354
115 378
115 400
115 490
115 653
115 852
115 854
116 144
116 183
116 308
116 376
116 445
116 484
116 568
116 847
117 476
117 568
117 688
117 749
117 783
118 277
118 749
118 792
118 884
118 949
118 960
118 994
119 426
119 817
120 309
120 366
120 397
120 630
120 940
120 993
121 302
121 461
121 518
121 766
121 977
122 163
122 252
122 677
123 234
123 306
123 394
123 480
123 619
123 684
123 967
124 355
124 537
124 795
124 967
125 765
125 946
125 972
126 231
126 298
126 484
126 582
126 638
126 669
126 903
126 921
126 942
127 148
127 195
127 259
127 545
127 889
128 200
128 366
128 457
128 786
128 985
129 624
130 184
130 428
131 233
131 597
131 642
131 722
131 983
132 290
132 480
132 485
132 640
132 794
132 803
132 884
132 942
132 998
133 295
133 625
133 705
133 771
134 208
134 505
134 526
134 587
134 692
134 704
134 739
134 760
134 950
135 136
135 154
135 195
135 707
135 723
135 729
136 292
136 708
136 852
137 237
137 284
137 407
137 544
137 615
137 790
137 932
138 151
138 339
138 488
138 836
139 314
139 417
139 513
139 740
140 152
140 232
140 253
140 418
140 440
140 756
140 893
141 142
141 302
141 350
141 397
142 699
142 807
143 388
143 768
143 995
144 272
144 378
144 455
144 527
144 578
144 694
144 908
145 512
145 787
146 190
146 198
146 269
146 415
146 441
146 618
146 670
146 984
147 239
147 393
147 467
147 628
147 728
147 819
147 949
148 303
148 456
148 635
148 684
148 687
148 709
148 795
149 219
149 338
149 527
149 926
150 202
150 342
150 347
150 695
150 973
151 194
151 553
151 558
152 232
152 254
152 445
152 522
152 613
152 637
152 651
152 739
152 916
153 194
153 511
153 821
153 968
154 173
154 217
154 263
154 616
155 323
155 432
155 624
155 933
156 621
156 881
156 922
157 301
157 385
157 416
157 431
157 553
157 597
157 608
157 643
157 800
157 805
158 195
158 204
158 358
158 706
158 794
158 843
159 393
159 573
159 579
159 733
159 810
159 992
160 176
160 229
160 507
160 520
160 557
160 614
161 168
161 292
161 381
161 424
161 464
161 761
161 937
162 434
162 661
162 704
162 720
162 788
163 299
163 390
163 497
163 985
164 165
164 236
164 431
164 442
164 789
164 850
165 227
165 351
165 485
165 827
165 853
166 179
166 326
166 738
166 794
166 903
166 942
166 945
167 833
168 214
168 279
168 445
168 490
168 671
168 706
168 845
169 436
169 609
169 755
169 826
170 352
170 675
170 782
170 913
171 887
172 225
172 269
172 416
173 282
174 469
174 614
174 639
174 734
174 888
174 927
175 463
175 607
175 799
175 952
176 269
176 317
176 515
176 599
176 619
176 701
176 924
177 187
177 249
177 270
177 580
177 753
178 437
178 608
178 820
178 942
178 946
179 298
179 328
179 644
180 209
180 338
180 470
180 552
180 636
180 926
181 594
181 708
181 865
181 884
181 907
182 333
182 501
182 714
182 897
183 256
183 473
183 530
183 597
183 758
183 807
183 988
184 340
184 406
184 518
184 932
185 456
185 480
185 487
185 911
186 206
186 527
186 591
186 754
186 910
187 255
187 305
187 364
187 644
187 770
187 801
188 268
188 301
188 789
189 688
189 711
189 822
189 849
190 207
190 321
190 330
190 593
190 598
190 965
191 310
191 421
191 571
191 616
191 690
191 693
191 828
192 256
192 259
192 304
192 783
193 258
193 650
193 704
194 665
195 283
195 379
195 563
195 638
195 668
196 219
196 306
196 307
196 357
196 371
196 561
196 609
196 646
196 664
196 683
196 710
196 772
196 775
196 846
196 935
197 229
197 480
197 775
197 941
197 962
197 970
198 210
198 236
198 338
198 500
198 975
199 214
199 738
200 232
200 326
200 739
201 247
201 352
201 372
201 626
201 822
202 283
202 859
203 216
203 523
203 765
203 847
204 236
204 246
204 252
204 336
204 852
204 882
204 953
204 980
205 535
205 612
205 627
205 658
205 673
205 720
205 955
206 304
206 372
206 449
206 526
206 588
206 960
207 307
207 367
207 610
207 663
207 872
208 441
208 484
208 619
208 638
208 760
208 770
208 811
208 875
209 608
209 630
209 948
210 762
210 809
211 586
211 734
212 370
212 585
212 859
212 975
212 998
213 295
213 310
213 418
213 580
213 643
213 762
213 870
213 904
214 586
215 350
215 471
215 478
215 557
215 832
215 845
215 940
216 347
216 425
216 576
216 653
216 937
217 241
217 275
217 321
217 336
217 340
217 414
217 427
217 566
217 607
217 724
217 766
217 812
218 315
218 820
218 862
219 632
219 647
219 651
219 758
219 810
220 394
220 974
221 334
221 416
221 420
221 496
221 634
221 727
221 771
222 225
222 271
222 452
222 814
222 865
222 927
223 304
223 440
223 482
223 498
223 553
223 860
224 431
224 438
224 511
224 514
224 552
224 558
224 649
225 245
225 290
225 482
225 782
225 870
226 331
226 647
226 842
226 872
227 902
228 526
228 544
228 861
228 966
229 412
229 421
229 653
229 745
229 903
230 329
230 340
231 399
231 459
231 666
231 861
232 366
232 480
232 929
233 299
233 585
233 627
234 255
234 358
234 458
234 792
235 511
235 589
235 790
235 801
235 985
236 250
236 363
236 387
236 690
236 715
236 791
237 284
237 575
237 598
237 767
238 402
238 647
238 691
238 834
238 874
238 879
238 896
239 246
239 760
240 437
240 481
240 682
240 748
240 781
240 888
240 934
241 456
241 793
242 477
242 520
242 637
242 640
242 875
243 369
243 901
244 460
244 622
244 628
244 826
244 986
245 456
245 973
246 424
246 851
246 886
247 402
247 985
248 523
248 595
248 832
248 958
249 481
249 772
249 786
249 891
249 919
250 279
250 789
250 888
250 942
250 999
251 510
251 515
252 352
252 372
252 505
252 925
253 309
253 483
253 535
253 708
253 736
253 815
253 836
253 925
253 995
255 352
255 354
255 491
255 520
255 622
255 752
255 795
255 914
255 985
256 273
256 345
256 348
256 430
256 453
256 747
256 963
257 286
257 295
257 567
257 585
257 827
257 872
257 894
258 277
258 740
258 762
259 330
259 843
259 917
260 337
260 551
260 650
261 267
261 331
261 385
262 281
262 323
262 631
262 693
262 745
262 801
262 805
262 943
263 692
263 707
263 794
263 844
263 866
264 347
264 478
264 552
264 592
265 311
265 539
265 719
265 786
265 797
266 427
266 648
266 777
266 790
266 811
266 937
266 961
267 485
267 617
267 828
267 988
268 299
268 471
268 546
269 297
269 315
269 394
269 420
269 974
270 342
270 464
270 530
270 736
270 755
271 312
271 344
271 391
271 653
271 877
272 529
272 595
272 617
272 656
273 573
273 575
273 580
274 383
274 858
274 989
275 359
275 600
275 622
275 708
276 298
276 444
276 510
277 397
277 402
277 412
277 617
277 626
277 738
277 912
278 675
278 983
279 332
279 358
279 464
279 619
279 944
279 988
280 524
280 912
280 986
281 880
282 335
282 354
282 460
282 472
282 496
282 508
282 704
282 708
282 830
283 362
283 617
283 697
283 788
283 796
283 839
284 426
284 509
284 639
285 627
285 685
286 331
286 500
286 505
286 794
286 807
286 972
287 738
287 948
289 314
289 320
289 502
289 558
290 508
290 614
290 946
291 416
291 691
291 882
292 334
292 427
292 463
292 701
292 745
292 810
292 832
292 882
293 397
294 418
294 585
294 813
294 970
294 996
295 441
295 639
295 721
295 733
295 958
296 460
296 548
296 617
296 912
297 431
297 473
297 619
297 643
297 855
298 378
298 477
299 355
299 482
299 575
299 680
299 972
299 982
300 342
300 488
300 602
300 648
300 679
300 718
300 864
301 366
301 408
301 689
302 438
302 522
302 789
302 973
303 326
303 418
303 421
303 424
303 874
303 957
304 350
304 685
304 851
305 447
306 317
306 397
306 480
306 718
306 818
306 936
307 342
307 398
307 436
307 544
307 551
307 988
308 837
308 853
308 936
308 964
309 332
309 357
309 445
309 563
309 625
309 724
310 757
310 848
311 318
311 434
311 463
311 510
311 737
311 843
311 908
312 550
312 803
314 381
314 745
314 798
314 818
314 956
315 363
315 562
315 778
315 985
316 563
316 673
316 999
317 461
317 772
317 869
318 355
318 395
318 485
318 584
318 590
318 804
318 950
318 996
319 340
319 412
319 417
319 610
319 764
319 797
319 845
319 969
320 342
320 436
320 929
321 602
321 610
321 635
321 933
322 442
322 453
322 473
322 586
322 587
322 616
322 657
322 742
322 808
322 987
323 466
323 658
323 693
323 849
323 857
323 878
324 553
324 610
325 526
325 587
325 641
326 467
326 664
326 869
326 870
327 491
327 566
327 652
328 476
328 501
328 505
328 598
328 777
328 798
328 924
329 371
329 412
329 435
330 397
330 467
330 523
331 710
331 831
331 928
332 559
332 584
332 604
332 968
333 374
333 494
333 680
333 791
334 463
334 642
334 646
334 671
334 815
335 413
335 707
335 791
335 982
336 377
336 490
336 785
336 834
337 450
337 501
337 562
337 646
337 875
338 449
338 990
338 996
338 999
339 429
339 463
340 368
340 380
340 542
341 387
341 396
341 452
342 415
342 736
342 775
342 866
342 981
343 521
343 697
344 393
344 607
344 685
344 688
344 691
344 916
345 557
345 567
345 583
345 701
345 830
346 503
346 552
346 912
346 997
347 720
347 987
348 566
348 648
348 709
348 825
349 396
349 590
349 777
349 785
349 943
349 944
349 952
351 802
352 469
352 519
352 885
353 566
353 643
353 774
353 868
353 916
353 945
354 875
354 893
354 923
354 955
354 965
355 527
355 738
356 543
356 720
356 721
357 404
357 455
357 700
357 796
357 946
357 971
357 991
358 660
358 748
358 773
358 931
359 419
359 687
359 721
359 824
360 617
360 662
361 630
361 685
361 757
362 546
362 561
363 380
364 398
364 459
364 715
364 819
364 837
364 906
365 516
365 798
365 911
366 439
366 677
366 921
366 933
367 884
367 901
368 381
368 603
368 679
368 848
369 594
369 674
369 769
369 972
370 621
370 762
371 458
371 529
371 580
372 402
372 510
372 726
373 731
374 381
374 463
374 544
374 599
374 722
375 457
375 653
375 729
375 934
376 426
376 562
376 692
376 729
376 794
376 831
376 882
376 935
377 406
377 485
377 578
377 917
378 418
378 640
379 508
379 680
379 825
379 866
379 871
380 536
380 615
380 928
381 626
381 716
381 771
381 837
381 955
382 521
382 574
382 800
383 462
383 466
383 747
383 757
384 420
384 449
384 798
384 801
385 969
386 398
386 409
386 576
386 982
387 782
388 570
388 662
388 767
388 909
389 593
389 746
389 831
389 843
389 860
390 452
390 574
390 869
391 578
391 886
392 534
392 713
393 454
393 464
393 918
393 999
394 504
394 578
394 592
395 432
395 562
396 558
396 887
397 716
397 750
397 766
397 794
397 994
398 994
399 612
400 423
400 732
400 852
401 879
401 889
401 937
402 605
402 667
402 829
403 668
403 855
403 887
404 589
404 894
404 902
404 914
404 958
405 871
405 945
406 443
406 581
406 596
406 793
407 468
407 832
407 974
408 648
408 680
408 827
409 756
409 774
410 579
410 644
410 811
410 829
411 523
411 555
411 631
411 634
411 780
412 613
412 779
413 456
414 695
414 761
414 838
414 848
414 966
416 447
416 682
417 462
417 552
417 672
417 897
417 937
418 709
418 730
418 824
418 981
419 719
419 745
419 805
419 854
419 916
419 932
420 616
420 618
421 790
421 874
422 911
423 425
423 692
423 888
423 889
423 926
423 992
424 440
424 487
424 654
424 712
424 780
424 848
424 868
425 440
425 443
425 452
425 799
425 891
425 931
426 493
426 530
427 613
427 699
427 995
428 450
428 452
428 870
428 952
429 669
429 681
429 709
429 741
429 844
430 708
430 750
431 640
432 582
432 643
432 753
432 786
432 937
433 713
433 893
435 542
435 582
435 618
435 768
435 780
435 924
435 968
436 461
437 467
437 788
437 816
437 870
437 905
437 960
438 818
438 894
440 544
440 579
440 679
440 725
441 588
442 748
442 910
442 927
442 937
442 941
444 640
445 509
445 631
445 863
445 865
446 491
446 673
446 724
446 777
448 480
448 492
448 613
448 678
449 473
449 673
449 821
450 559
450 609
450 706
450 882
450 911
451 622
451 660
451 871
452 572
452 623
452 634
452 790
452 881
453 645
453 669
453 877
453 912
454 580
454 659
454 668
454 790
454 935
455 491
455 704
455 777
455 804
456 568
456 572
456 679
456 794
456 952
457 866
457 946
458 531
458 639
458 813
458 885
458 913
459 488
459 577
459 658
459 703
459 741
459 934
460 502
460 613
460 676
460 888
461 488
461 897
462 531
462 627
462 931
463 693
463 799
463 830
464 506
464 703
464 781
465 709
465 732
465 792
466 513
466 813
466 934
467 658
467 838
468 518
468 536
468 569
468 595
468 760
469 867
470 755
470 879
470 929
471 715
471 724
472 673
472 692
472 746
472 764
472 927
472 995
473 704
473 735
473 749
473 870
473 984
474 944
475 815
475 880
476 479
476 481
476 526
476 654
476 945
477 959
478 735
478 854
479 500
479 594
479 660
479 783
479 859
480 576
480 631
480 644
480 657
480 704
481 607
481 701
481 836
482 570
482 603
482 702
483 667
485 568
486 612
486 918
487 639
487 678
487 832
487 836
487 867
487 893
488 760
488 802
488 803
488 857
488 891
488 961
489 856
489 962
489 992
490 583
490 710
490 729
491 540
491 582
491 780
491 921
492 517
492 836
492 890
494 510
494 573
495 851
495 941
496 636
496 837
496 869
496 885
496 913
497 948
498 596
498 727
498 813
498 963
499 578
499 695
500 589
500 692
500 849
501 597
501 725
501 772
501 976
502 891
503 789
503 794
504 816
504 966
504 992
505 731
505 785
506 508
506 587
506 738
507 535
508 730
508 912
509 517
509 985
510 891
512 640
512 848
512 942
513 516
513 755
513 922
514 594
514 925
515 828
515 942
516 825
516 947
517 578
517 829
517 838
518 909
519 817
520 529
520 568
520 848
520 850
520 905
520 920
521 522
522 737
522 790
523 581
523 904
523 967
523 970
525 618
525 639
525 684
525 775
525 915
525 954
526 828
527 852
527 933
528 859
528 990
529 576
529 859
529 986
530 550
530 584
530 617
530 736
530 765
530 792
530 858
530 933
531 817
531 845
532 554
532 572
532 693
532 706
532 876
533 724
533 729
534 918
534 950
535 641
535 835
535 936
536 762
537 607
537 932
538 623
538 732
538 879
538 956
539 711
539 850
539 903
539 949
540 576
540 662
541 666
541 893
542 879
542 968
543 649
544 570
544 633
544 652
544 661
544 683
544 868
545 665
546 704
546 791
546 934
546 991
547 612
547 743
547 759
548 651
548 861
549 800
549 951
550 910
550 955
551 773
551 786
551 971
554 566
554 701
555 579
557 666
557 770
557 923
557 956
558 660
558 664
558 721
558 888
558 935
560 581
560 583
560 584
560 649
560 710
560 745
560 766
560 899
561 685
561 697
561 853
561 922
562 642
562 782
564 632
564 647
564 864
565 815
565 925
566 583
566 780
567 668
567 785
568 587
568 598
569 665
569 730
569 873
569 876
569 944
569 972
570 838
570 872
571 735
571 959
571 990
572 898
573 836
573 840
573 846
574 603
575 595
575 675
575 834
576 924
577 711
577 751
578 792
578 844
578 867
578 900
578 930
578 956
579 593
579 664
579 783
580 627
580 678
581 660
581 721
582 594
582 769
583 598
583 630
584 914
585 732
585 837
586 690
586 912
586 930
587 670
587 916
587 986
588 823
588 950
588 958
589 606
589 775
589 891
589 906
590 743
591 783
591 799
592 775
592 949
593 640
594 631
594 731
595 829
595 856
595 904
595 919
596 718
596 836
596 920
598 729
598 852
598 857
598 992
599 615
599 948
599 969
600 789
600 808
600 874
601 623
601 795
601 800
601 854
602 809
602 980
603 894
603 993
604 732
604 813
604 847
604 975
605 611
605 629
605 757
605 949
606 625
606 713
606 804
607 631
607 656
607 712
607 915
607 935
608 685
608 799
608 915
608 969
609 685
610 821
610 830
610 955
610 993
611 657
611 741
612 637
612 765
612 856
612 940
613 699
613 812
615 674
615 838
615 957
615 988
616 874
616 918
617 853
617 902
617 973
618 971
619 954
620 842
621 629
621 799
621 863
622 798
622 940
623 726
623 780
623 806
623 857
624 900
624 917
624 983
625 973
626 688
627 828
628 677
628 715
628 774
628 838
628 956
629 740
629 767
629 815
629 880
629 883
630 764
630 991
631 868
631 988
632 698
633 941
634 651
634 780
636 869
636 891
637 757
637 999
638 641
638 793
638 885
638 928
639 664
639 948
640 674
640 869
641 679
641 728
642 768
642 815
643 854
644 908
644 978
645 899
645 929
646 792
646 810
646 850
647 649
647 672
647 737
647 875
647 951
649 670
649 870
650 778
650 958
650 997
651 715
653 686
653 743
653 795
653 908
654 927
654 988
655 717
655 724
656 699
656 803
656 843
656 993
658 956
659 683
659 710
659 732
659 784
659 893
661 698
662 673
662 934
664 719
664 855
664 883
665 914
665 968
666 800
666 891
667 877
667 983
668 836
668 882
669 811
670 773
670 915
670 964
671 733
671 863
671 898
672 873
673 779
673 933
673 945
673 980
674 790
674 954
674 994
675 742
676 901
676 965
678 717
678 734
678 939
678 971
679 745
679 997
680 710
681 978
683 849
683 905
684 689
684 806
684 900
684 917
684 934
685 952
686 774
686 818
686 875
686 936
687 765
687 817
687 954
687 971
688 729
688 811
688 902
689 704
689 727
689 754
689 778
689 781
689 947
689 977
690 860
690 947
691 712
691 727
691 831
691 837
692 966
693 910
693 926
697 767
697 786
697 986
698 706
698 727
698 742
699 733
699 747
699 909
699 948
700 711
700 712
700 847
700 937
700 950
701 857
702 718
702 883
702 949
703 756
704 770
704 806
704 938
705 738
705 791
705 793
706 813
707 799
708 775
708 962
709 746
709 868
709 930
709 997
709 999
710 961
711 725
711 860
712 719
712 751
712 791
714 809
716 766
716 910
717 789
717 805
717 865
717 949
717 953
720 816
721 723
721 782
721 801
721 915
722 733
722 868
723 942
724 730
727 840
727 868
728 741
728 818
728 828
729 798
729 878
729 892
729 913
730 812
730 870
730 888
730 913
731 897
732 744
733 826
733 832
733 907
734 972
735 773
736 761
736 842
736 881
736 909
737 782
737 894
737 923
737 959
738 848
739 791
739 998
740 839
741 751
743 838
744 866
745 842
745 860
745 885
746 773
746 845
747 941
747 949
748 935
748 936
748 938
751 854
751 917
752 804
752 962
753 817
754 758
754 929
754 956
755 810
756 877
757 801
757 854
758 854
758 884
758 938
759 995
762 922
762 967
763 800
763 876
763 949
764 936
766 959
766 991
767 772
769 846
771 795
771 796
771 851
772 802
772 877
773 874
773 940
774 862
775 882
776 825
779 928
780 852
780 877
781 884
782 945
783 791
783 869
783 991
784 904
785 793
785 896
785 916
785 926
787 954
789 907
789 965
790 863
793 984
795 815
796 903
797 860
797 978
798 829
798 969
799 930
800 830
800 840
801 827
801 848
802 891
804 829
805 853
807 898
809 820
809 890
810 880
810 968
811 953
812 868
813 835
813 872
815 943
815 957
816 817
816 915
816 952
817 827
819 920
819 960
820 914
820 928
821 929
822 839
822 853
822 909
825 833
826 842
826 915
828 906
829 883
830 883
830 939
830 969
831 901
832 967
833 865
834 865
835 976
837 950
839 898
839 937
841 900
841 940
842 877
843 869
845 874
845 963
845 973
847 883
848 982
849 906
851 965
852 936
852 963
853 921
854 872
856 986
859 869
861 936
861 944
862 953
864 910
864 918
869 924
869 966
873 978
876 910
886 910
888 954
890 973
891 989
892 959
896 991
898 924
901 983
904 927
904 942
906 918
906 975
913 989
913 994
914 951
917 997
918 929
919 946
919 998
922 930
924 948
928 938
928 951
929 947
929 992
931 983
938 981
940 990
942 950
942 961
943 972
945 969
947 988
948 969
951 965
952 999
956 983
958 976
967 971
970 975
974 981
