0 41
0 252
0 310
0 402
0 462
0 490
0 725
1 132
1 187
1 233
1 329
1 965
2 87
2 154
2 496
2 684
2 804
2 827
2 858
2 872
2 965
3 287
3 441
3 544
3 753
4 17
4 120
4 189
4 599
5 63
5 160
6 223
6 305
6 330
6 496
6 561
6 846
7 25
7 506
7 588
7 620
7 658
7 746
7 834
8 294
8 348
8 627
8 736
9 516
9 578
9 622
9 797
10 73
10 231
10 295
10 626
10 950
10 982
11 76
11 87
11 280
11 303
11 313
11 350
11 355
11 405
11 445
11 602
11 630
11 754
11 939
12 231
12 245
12 355
12 466
12 527
12 546
12 578
12 967
13 49
13 188
13 449
13 868
13 979
14 36
14 114
14 959
15 211
15 597
15 622
15 735
15 933
16 116
16 220
16 236
16 403
16 550
16 720
16 954
17 562
17 611
17 690
17 766
18 82
18 232
18 306
18 624
18 763
18 979
19 220
19 255
19 366
19 435
19 449
19 791
19 970
19 998
20 281
20 333
20 570
20 733
20 826
21 84
21 220
21 321
21 545
21 784
21 860
21 892
22 411
22 769
22 950
23 100
23 128
23 283
23 345
23 361
23 384
23 439
23 497
23 532
23 627
23 846
23 967
23 999
24 261
24 568
24 613
24 684
24 762
24 804
24 875
25 316
25 397
25 570
25 750
25 827
25 956
26 57
26 242
26 246
26 472
26 593
26 697
26 799
26 854
27 125
27 557
27 869
28 60
28 524
28 578
28 599
28 632
28 864
29 34
29 196
29 356
29 686
30 194
30 714
30 899
31 180
31 314
31 350
31 528
31 768
31 962
31 969
32 474
32 557
32 574
32 592
32 732
32 788
32 829
32 844
33 209
33 385
33 551
33 601
34 117
34 142
34 415
34 473
35 91
35 227
35 313
35 428
35 772
35 798
35 971
36 316
36 617
36 719
36 987
37 92
37 136
37 153
37 323
37 336
37 529
37 548
37 558
37 578
37 644
37 805
38 116
38 384
38 426
38 726
38 883
38 896
39 119
39 120
39 126
39 189
39 299
39 323
39 424
39 433
39 704
39 744
40 148
40 474
40 502
40 516
40 660
41 414
41 583
41 606
41 673
41 834
41 895
41 911
42 110
42 141
42 167
42 440
42 594
42 602
42 855
42 923
43 147
43 691
43 705
43 907
44 161
44 174
44 233
44 364
44 421
44 515
44 765
44 831
44 912
45 123
45 141
45 166
45 417
45 747
45 797
46 103
46 273
46 346
46 411
46 414
46 552
46 685
46 815
46 883
46 925
46 973
47 56
47 289
47 715
48 127
48 182
48 639
48 707
48 863
49 135
49 461
49 689
50 149
50 178
50 355
50 427
50 432
50 469
50 487
50 600
50 796
50 807
50 929
50 998
51 263
51 366
51 462
51 526
51 575
51 623
51 958
52 233
52 473
52 614
52 720
52 927
52 950
52 976
53 143
53 154
53 518
53 544
53 750
53 883
53 918
53 961
54 187
54 760
55 375
55 536
55 686
55 747
56 149
56 511
56 600
56 742
56 745
56 774
57 163
57 320
57 610
57 710
57 806
57 978
58 101
58 127
58 131
58 456
58 466
58 636
58 694
59 64
59 85
59 120
59 128
59 296
59 317
59 525
59 543
59 805
60 229
60 243
60 975
61 126
61 782
61 931
61 973
62 74
62 135
62 654
62 793
62 803
63 225
63 288
63 423
63 440
63 677
63 696
63 777
63 976
63 985
64 255
64 698
65 120
65 284
65 295
65 395
65 441
65 670
65 733
65 806
65 996
66 224
66 683
66 703
66 821
66 908
67 103
67 382
67 550
67 726
68 243
68 263
68 313
68 362
68 388
68 425
68 865
69 421
69 437
69 646
69 802
69 901
69 967
70 95
70 352
70 396
70 626
70 685
70 758
70 937
70 944
71 212
71 222
71 695
71 754
72 149
72 250
72 488
72 713
72 814
73 147
73 563
73 878
74 480
74 609
74 699
74 780
74 909
74 972
75 223
75 364
75 440
75 590
75 814
75 933
76 150
76 163
76 389
76 758
76 925
77 103
77 262
77 417
77 559
77 767
77 807
77 974
78 318
78 321
78 352
78 380
78 857
78 984
79 265
79 364
79 514
79 541
79 650
79 977
80 88
80 294
80 305
80 384
80 557
80 746
81 84
81 130
81 204
81 228
81 233
81 623
81 653
81 676
81 862
82 110
82 181
82 195
82 675
83 289
83 327
83 407
83 553
83 922
83 923
83 965
84 213
84 792
85 206
85 210
85 494
85 526
85 661
85 834
85 916
86 836
86 923
87 117
87 225
87 236
87 470
87 673
87 895
87 910
88 126
88 354
88 579
88 765
88 847
88 878
88 886
88 921
88 930
89 117
89 533
89 567
89 731
89 784
89 792
89 888
90 259
91 358
91 497
91 657
91 669
91 729
91 849
91 927
92 156
92 291
92 486
92 536
92 661
93 263
93 709
93 913
93 997
94 310
94 545
94 580
94 697
94 770
94 800
94 831
95 109
95 298
95 463
95 512
95 928
95 994
96 118
96 138
96 304
96 632
96 766
96 911
97 152
97 770
97 890
98 279
98 739
98 949
98 990
98 992
99 185
99 425
99 488
99 643
99 958
99 997
100 297
100 360
100 380
101 520
102 294
102 837
103 116
103 267
103 481
103 551
103 598
103 685
103 968
104 224
104 735
104 798
104 887
104 954
105 261
105 333
105 405
105 857
105 910
106 422
106 611
106 764
106 797
106 927
107 604
107 682
107 766
107 885
108 129
108 236
108 246
108 294
108 321
108 511
108 540
108 716
108 780
108 817
108 830
108 929
108 980
108 998
109 229
109 254
109 314
109 479
109 597
109 826
109 854
109 880
109 984
110 126
110 381
110 384
110 513
110 599
110 630
110 956
111 163
111 299
111 388
111 425
111 559
111 864
111 896
111 984
112 127
112 231
112 326
112 334
112 351
112 475
112 618
112 703
112 750
113 168
113 275
113 407
113 520
113 698
113 820
113 823
114 243
114 312
114 433
114 464
114 922
114 948
115 160
115 386
115 475
115 707
116 138
116 585
116 816
116 898
117 136
117 352
117 971
117 973
118 662
118 969
119 160
119 184
119 224
119 267
119 443
119 470
119 481
119 705
119 972
120 307
120 428
120 444
121 134
121 365
121 734
121 760
122 173
122 322
122 355
122 677
122 840
123 495
123 594
124 614
124 692
124 738
124 755
124 823
124 835
124 940
125 857
125 931
126 228
126 284
126 467
126 468
126 567
126 660
126 806
127 186
127 274
127 563
127 645
127 650
127 684
127 702
128 315
128 538
128 546
128 602
128 636
128 749
128 943
129 210
129 305
129 500
129 514
129 847
130 132
130 201
130 226
130 228
130 400
130 516
130 722
131 221
131 819
131 909
132 142
132 145
132 201
132 461
132 861
133 353
133 400
133 448
133 602
133 603
133 954
133 990
134 285
134 704
134 930
135 217
135 244
135 438
135 486
135 628
136 464
136 855
136 896
137 222
137 512
137 578
137 622
137 935
137 950
137 962
138 227
138 538
138 727
138 780
138 784
138 818
138 888
139 507
140 200
140 248
140 498
140 845
141 388
141 429
141 609
141 647
141 764
141 919
142 280
142 292
142 756
142 784
142 798
143 457
143 510
143 535
143 741
143 779
144 151
144 228
144 278
144 335
144 417
144 542
144 581
144 651
144 719
145 619
145 727
145 742
145 888
145 933
145 946
146 175
146 320
146 390
146 392
146 498
146 508
146 746
146 844
147 372
147 379
147 655
147 751
147 837
148 302
148 370
148 730
148 975
149 210
149 300
149 463
149 588
149 820
149 883
150 282
150 443
150 665
150 698
150 745
150 787
151 362
151 689
151 771
151 788
151 994
152 218
152 569
152 572
152 884
153 162
153 165
153 403
153 557
153 585
153 734
153 878
154 327
154 761
154 780
154 922
154 937
155 164
155 188
155 833
155 857
156 462
156 524
156 624
156 657
156 706
156 919
156 973
156 988
157 224
157 518
157 830
157 959
158 239
158 656
158 747
158 786
158 853
158 906
159 191
159 207
159 302
159 361
159 798
159 892
159 955
160 222
160 279
160 351
160 537
160 675
160 698
160 736
160 931
161 337
161 366
161 629
162 298
162 310
162 380
162 688
162 783
162 947
163 354
163 510
163 684
163 693
164 316
164 502
164 657
164 938
165 350
165 777
165 928
165 979
166 250
166 376
166 491
166 590
166 661
166 734
166 782
167 517
167 835
168 182
168 299
168 534
168 581
169 171
169 314
169 551
169 616
169 750
169 776
169 816
169 991
170 186
170 229
170 307
170 641
170 740
171 383
171 827
172 191
172 273
172 294
172 381
172 576
172 651
172 720
172 735
172 739
173 506
173 565
173 958
174 715
174 866
174 904
175 248
175 259
175 326
175 630
175 737
175 941
176 305
176 565
176 587
176 630
176 632
176 648
176 657
176 743
177 320
177 504
177 612
177 769
177 800
177 842
177 905
178 260
178 369
178 627
178 768
178 813
178 851
178 918
179 410
179 524
179 767
179 851
180 224
180 606
180 620
180 671
180 778
180 875
180 987
181 877
181 969
182 290
182 378
182 381
182 484
182 505
182 566
183 289
183 329
183 408
183 463
183 501
183 725
183 929
184 207
184 757
185 719
185 974
186 495
186 614
186 626
186 750
187 305
188 454
188 468
188 727
189 223
189 299
189 542
189 618
189 677
189 684
190 305
190 525
190 586
190 652
190 754
190 767
190 801
190 893
191 207
191 304
191 315
191 767
191 791
192 728
192 834
192 836
193 231
193 259
193 501
193 886
194 611
194 890
194 934
195 203
195 207
195 251
195 282
195 310
195 472
195 783
195 834
195 866
196 268
196 669
197 455
197 590
197 667
197 692
197 928
197 965
198 224
198 280
198 319
198 329
198 703
199 458
199 517
199 520
199 686
199 694
199 772
199 954
200 241
200 401
200 613
200 847
201 362
201 683
201 686
201 748
202 324
203 531
203 675
203 909
203 923
204 543
204 775
204 814
204 890
205 482
205 909
206 323
206 651
207 214
207 260
207 271
207 483
207 798
207 803
207 930
207 945
207 972
208 822
209 594
209 699
209 709
209 828
209 855
210 247
210 584
210 593
210 896
210 999
211 450
211 535
211 714
211 741
211 746
211 883
212 248
212 475
212 482
212 595
212 597
212 725
212 732
212 826
212 949
213 228
213 261
213 522
213 621
213 671
213 736
214 383
214 503
214 673
214 740
214 875
215 656
215 705
215 742
215 785
215 794
215 829
215 939
216 263
216 346
216 562
216 565
216 769
216 779
216 847
216 862
216 964
217 379
217 451
217 560
217 786
218 252
218 477
218 490
218 521
218 630
218 824
218 849
218 958
219 332
219 345
219 377
219 515
219 808
219 927
220 459
220 567
220 638
220 673
221 339
221 461
221 676
221 911
222 541
222 640
223 238
223 530
223 738
223 753
224 247
224 515
224 872
225 451
225 502
225 600
225 712
225 894
225 940
226 564
226 566
226 660
226 738
226 826
226 828
227 631
227 696
227 891
227 937
227 975
228 314
228 398
228 496
228 615
228 651
228 757
229 266
229 290
229 572
229 624
229 900
230 623
230 629
230 642
230 707
230 881
231 536
231 590
231 629
231 671
232 330
232 340
232 392
232 533
232 706
232 776
232 820
232 954
233 301
233 408
233 559
233 614
233 632
234 296
234 476
234 733
234 737
234 750
235 321
235 460
235 716
235 883
236 532
236 823
236 994
237 628
237 646
237 784
237 893
238 257
238 495
238 622
238 698
238 727
239 301
239 844
239 853
239 974
240 380
240 551
240 618
240 656
240 778
241 306
241 347
241 434
241 542
241 683
241 803
241 991
242 323
242 354
242 552
242 954
243 733
243 785
243 940
244 282
244 348
244 400
244 416
244 540
244 596
244 770
245 417
246 261
246 452
246 459
246 623
246 861
247 353
247 441
247 655
248 255
248 260
248 468
248 477
248 613
248 671
248 709
248 717
248 923
249 302
249 352
249 795
249 806
250 258
250 359
250 508
250 579
250 603
250 992
251 611
251 645
251 692
252 432
252 489
252 834
253 273
253 365
253 591
253 788
253 987
254 260
254 575
254 976
254 990
255 608
255 855
255 868
256 565
256 657
256 800
257 375
257 449
257 500
257 658
257 931
258 278
258 365
258 517
259 469
260 610
260 673
260 723
260 768
261 370
261 391
261 415
261 876
261 929
261 975
262 341
262 894
262 900
263 369
263 623
263 790
263 810
263 910
264 480
264 641
264 746
265 748
266 358
266 793
266 815
266 828
266 874
266 964
267 392
267 580
267 782
268 371
268 461
268 512
268 928
268 977
269 334
269 512
269 542
269 624
269 626
269 915
270 864
271 333
271 419
271 427
271 469
271 598
271 786
271 865
272 465
272 535
272 716
272 852
273 321
273 342
273 440
273 548
273 888
273 952
273 987
274 750
274 916
274 967
275 370
275 415
275 837
275 899
275 933
276 363
276 502
276 572
276 615
276 950
277 362
277 367
277 458
277 769
278 863
278 892
279 380
279 903
280 532
280 595
280 633
280 653
281 384
281 554
281 608
281 866
281 955
282 522
282 722
282 883
283 469
283 892
284 469
284 523
284 580
284 590
284 772
284 927
285 552
285 606
285 808
285 925
286 583
286 825
286 932
287 713
287 778
287 813
288 426
288 498
288 716
288 837
288 888
288 932
289 525
290 433
290 527
290 797
291 430
291 455
291 476
291 513
291 656
291 692
291 733
291 857
292 672
292 728
292 786
292 801
292 992
293 546
293 893
294 314
294 847
295 309
295 433
295 532
295 624
296 349
296 379
296 544
296 705
296 753
297 328
297 677
297 731
297 855
297 902
298 638
298 667
298 696
299 497
299 811
299 928
299 966
300 355
300 709
300 815
300 910
301 339
301 414
301 583
301 654
301 758
301 799
302 503
303 420
303 507
303 647
303 768
303 856
303 862
304 420
304 516
304 642
304 659
304 692
304 831
304 875
304 930
304 956
305 495
305 775
305 808
307 428
307 626
307 633
307 751
307 898
307 968
308 340
308 621
308 948
308 956
309 331
309 343
309 387
309 724
310 316
310 456
310 465
310 552
310 554
310 563
310 763
310 930
311 323
311 494
311 959
312 453
312 762
312 866
312 868
313 690
313 728
313 735
313 755
313 861
313 932
313 933
314 380
315 347
315 548
315 730
315 956
316 434
316 552
316 690
317 475
317 591
318 361
318 363
318 434
318 613
318 695
319 638
319 846
319 893
319 981
320 385
320 428
320 584
320 737
320 756
320 885
320 991
321 667
321 691
321 937
321 981
322 435
322 460
322 831
322 946
322 972
322 974
323 337
323 487
323 543
323 784
324 530
324 551
324 584
324 618
324 663
325 398
325 573
325 858
325 881
326 397
326 642
326 917
327 579
327 664
327 741
327 886
327 927
328 968
329 653
329 855
330 512
330 522
330 569
331 564
331 588
331 684
331 711
331 715
331 874
332 447
332 492
332 625
332 658
332 783
333 429
333 432
333 434
333 528
333 704
333 765
333 795
334 338
334 345
335 349
335 361
335 510
335 746
336 695
337 355
337 484
337 915
337 932
337 944
338 397
338 736
338 740
338 842
339 363
339 858
339 918
340 533
340 535
340 541
340 718
340 888
340 962
341 620
341 650
341 833
341 984
342 440
342 478
342 573
342 613
342 695
342 865
342 869
343 611
343 780
343 820
343 918
344 620
344 621
344 708
345 413
345 666
345 711
346 938
347 571
347 961
348 417
348 427
348 676
348 721
348 973
349 374
349 386
349 568
349 607
349 664
349 842
350 466
350 552
350 563
350 577
350 640
350 925
351 470
351 761
351 776
352 530
352 569
352 584
352 608
352 785
352 872
352 939
353 526
353 646
353 836
354 358
354 531
354 654
354 762
354 935
355 643
356 394
356 447
356 499
356 683
357 546
357 568
357 577
357 585
357 644
357 887
358 394
358 425
358 531
358 545
358 759
358 812
358 865
359 455
359 487
359 534
359 892
359 954
360 392
360 394
360 407
360 554
360 753
360 807
360 839
360 864
360 885
361 370
361 372
361 440
361 518
361 632
361 675
361 737
361 839
362 389
362 648
363 586
363 618
363 705
363 870
363 961
363 966
365 402
365 474
365 708
365 726
365 886
365 928
366 446
366 540
366 619
367 495
367 785
368 712
369 430
369 869
370 562
370 619
370 621
370 775
371 494
371 529
371 737
371 877
372 775
373 576
374 495
374 615
375 603
375 701
375 711
376 493
376 609
376 703
377 397
377 491
377 632
377 650
377 825
377 945
378 440
378 460
378 507
379 436
379 517
379 524
379 786
380 775
380 893
380 960
381 448
381 558
381 762
382 856
382 878
383 393
383 695
383 765
383 937
384 415
384 720
384 741
384 931
385 453
385 500
385 579
385 599
385 624
385 626
385 652
385 716
386 426
386 598
386 698
386 911
387 902
387 946
388 790
389 398
389 572
389 587
389 588
389 758
389 908
390 467
390 537
390 539
391 404
391 537
391 869
392 722
392 856
393 666
393 953
394 468
394 561
394 661
394 793
395 766
395 850
395 895
396 459
396 819
397 554
397 709
397 747
397 902
397 914
397 975
398 478
398 634
398 693
398 940
399 456
399 508
399 638
399 802
399 867
399 948
399 967
399 993
400 412
400 482
400 655
400 680
400 790
400 873
401 435
402 421
402 434
402 495
402 578
402 689
402 822
403 634
403 677
403 738
403 779
403 932
404 612
404 816
404 865
406 502
406 560
406 692
406 815
406 861
407 529
407 917
408 831
408 859
408 878
408 880
408 899
408 918
409 525
409 554
409 649
409 861
409 982
410 474
410 788
410 890
411 541
411 638
411 704
411 905
411 919
411 986
412 551
412 873
413 443
413 815
413 823
414 554
414 894
414 974
415 568
415 821
415 863
416 607
416 948
417 475
418 488
418 615
418 818
418 853
419 461
419 607
419 643
419 712
420 545
420 786
420 882
421 510
421 853
421 872
422 449
422 709
423 559
423 738
424 428
424 502
425 473
425 606
425 710
425 720
425 737
425 927
426 694
426 934
426 992
427 466
427 680
427 761
427 843
427 857
427 876
427 921
428 527
429 524
429 531
429 726
429 752
429 763
429 940
430 561
430 700
430 985
431 463
431 652
432 551
432 736
432 914
433 460
433 513
433 548
433 587
433 763
433 774
433 962
434 436
434 524
434 758
434 803
434 921
435 524
435 748
435 927
437 498
438 625
438 630
438 647
438 687
438 910
439 612
439 777
439 840
439 965
440 643
440 685
440 937
440 943
440 981
441 860
441 870
442 546
442 613
442 723
442 799
443 705
443 884
443 910
443 983
443 987
444 641
444 856
444 906
445 505
445 715
445 722
445 891
446 450
446 535
446 559
446 587
446 736
446 830
447 641
447 754
447 969
448 604
448 689
448 760
448 939
448 982
449 483
449 687
449 715
449 834
449 871
449 945
450 573
450 619
450 621
450 753
450 801
450 845
450 925
452 510
452 565
452 702
452 841
453 470
453 924
453 971
454 603
454 856
455 686
455 735
455 930
456 495
456 602
456 688
456 766
456 771
456 979
456 991
456 993
457 583
457 804
458 721
458 734
458 766
459 779
460 659
460 764
460 943
461 520
461 529
461 548
462 698
462 754
462 791
462 964
463 487
463 545
463 662
463 742
463 870
464 569
464 596
464 646
464 871
464 995
465 505
465 720
465 725
465 759
466 861
466 992
466 995
467 600
467 663
467 858
468 911
469 498
469 576
469 647
469 695
469 785
469 793
469 943
471 543
472 552
472 730
473 582
473 735
473 805
473 923
473 988
474 570
474 593
474 736
475 796
476 590
476 624
476 881
476 909
477 617
477 998
478 853
479 557
479 570
479 795
479 838
480 704
481 683
481 734
481 901
481 948
481 957
481 963
482 560
482 654
482 761
482 846
482 887
482 922
483 489
483 631
483 861
484 654
484 784
484 829
484 848
484 996
486 579
487 651
487 883
488 888
488 964
489 852
489 998
490 722
490 832
490 868
490 869
491 634
491 873
492 586
492 686
493 706
494 509
494 775
494 894
495 644
495 678
496 649
496 739
496 970
497 557
497 795
497 958
498 737
499 531
499 537
499 550
499 631
499 703
499 825
499 843
499 845
500 508
500 542
500 758
501 899
502 855
503 682
503 941
503 969
504 654
504 988
505 524
505 911
506 512
506 555
506 659
506 868
507 616
507 761
507 841
508 879
509 683
509 768
510 878
510 889
510 926
511 544
511 779
511 835
511 880
512 581
512 589
512 743
512 765
512 970
512 993
513 522
513 528
513 667
514 834
515 581
515 907
515 926
516 581
516 596
516 608
516 640
516 808
516 917
517 541
517 957
518 654
518 775
519 687
519 732
519 916
520 625
520 643
520 815
520 983
521 718
521 902
521 937
523 638
523 889
523 890
523 907
525 717
525 778
526 922
526 959
527 585
527 618
527 742
527 825
528 541
528 815
529 816
529 854
529 907
530 676
531 615
531 678
531 809
532 593
532 598
533 836
534 617
534 649
535 540
535 567
535 678
535 771
535 792
535 950
536 607
537 745
538 727
538 784
538 870
538 876
539 544
539 670
539 828
540 550
540 582
540 924
540 998
541 749
541 810
542 773
542 785
542 903
543 662
543 735
543 822
544 554
544 634
544 649
544 667
544 926
545 571
545 933
545 934
546 666
546 850
546 895
546 963
548 553
548 972
549 564
549 788
550 560
550 706
550 726
550 882
550 921
551 601
551 740
552 972
553 579
553 638
553 839
554 602
554 682
554 969
554 998
555 563
555 739
556 995
557 618
557 854
557 877
558 889
558 891
558 948
558 956
559 806
560 690
560 843
560 872
561 977
561 984
562 813
562 993
563 870
563 885
565 590
565 686
565 766
565 791
565 795
565 873
565 879
565 893
566 670
566 790
566 803
566 809
566 975
567 695
567 861
568 722
569 813
569 954
571 742
571 798
571 799
571 999
572 620
572 641
572 659
572 740
572 825
572 974
574 628
574 733
574 779
575 667
575 718
576 739
577 742
578 685
578 782
578 852
579 695
580 622
580 692
580 966
581 705
581 864
583 834
583 901
583 997
584 701
584 737
584 748
584 972
585 912
585 954
586 838
586 853
587 811
587 822
588 825
588 897
589 671
589 694
589 851
589 890
589 981
590 770
591 903
592 630
592 833
592 883
592 942
593 730
593 932
594 815
595 638
595 892
595 956
597 620
597 664
598 769
598 823
599 942
600 679
600 698
600 860
601 620
601 682
601 734
601 737
601 871
601 977
602 610
602 809
602 982
603 728
603 783
604 771
604 885
605 851
605 858
605 921
606 684
606 705
608 786
608 940
609 926
610 934
611 670
612 649
612 738
612 899
613 718
614 627
614 707
614 988
615 801
615 879
615 909
616 807
616 813
617 791
617 876
618 662
618 764
618 936
621 630
621 638
621 657
621 724
621 853
622 764
622 775
622 906
622 979
623 846
623 909
623 925
625 909
626 791
627 993
628 807
628 929
629 643
629 839
629 969
630 997
631 956
631 984
632 672
632 685
632 869
632 905
633 690
633 904
634 712
634 956
635 708
635 844
635 913
636 729
637 869
638 682
638 778
638 812
639 754
639 773
639 847
640 741
640 877
641 713
641 785
641 916
642 973
643 962
644 754
644 988
645 868
646 819
646 991
648 704
649 691
649 880
650 813
650 843
651 834
652 781
652 934
652 988
653 706
653 751
653 809
653 946
654 848
655 690
656 832
658 899
658 915
658 922
659 700
659 747
659 878
660 732
660 966
661 766
661 799
661 814
662 728
662 783
662 916
662 927
664 988
665 747
665 905
666 716
666 829
667 909
668 673
669 678
670 696
670 897
670 915
670 991
671 991
672 700
673 723
673 928
676 720
676 851
677 756
677 821
678 802
679 946
680 961
681 690
682 785
682 823
682 854
683 687
683 769
683 792
684 705
684 778
684 840
685 780
685 824
685 893
686 724
686 765
686 847
686 946
687 713
687 719
689 919
691 858
691 866
691 869
691 936
692 915
693 754
693 884
694 992
695 797
696 865
696 999
697 958
698 913
698 998
699 719
700 733
700 865
700 995
701 745
701 832
701 875
701 933
701 938
702 763
702 858
704 838
706 967
708 992
709 739
709 851
710 791
710 931
710 991
711 738
712 772
712 808
712 815
713 816
713 934
714 731
714 800
714 850
714 997
716 864
717 771
718 790
719 731
719 800
719 844
720 724
720 758
720 783
720 786
720 951
721 730
722 892
722 961
722 974
723 974
725 916
726 899
726 916
726 959
727 799
727 917
727 949
728 782
729 926
730 836
730 997
732 736
734 823
734 921
734 972
734 980
735 859
735 877
735 959
736 780
737 836
738 792
738 871
739 957
740 800
740 928
742 797
742 918
742 987
743 865
743 939
744 778
744 866
745 825
746 878
746 912
747 851
747 855
747 888
747 998
748 943
750 763
750 882
751 892
752 964
754 849
754 855
754 925
755 872
755 932
755 946
756 848
757 953
758 954
758 958
760 765
760 812
761 785
761 837
761 864
761 932
762 799
762 856
762 898
763 786
765 951
766 799
766 903
767 837
768 835
768 992
770 888
771 858
771 927
772 783
772 797
772 983
773 821
773 851
774 955
775 862
776 912
776 985
777 922
778 896
778 924
779 977
780 902
782 844
782 971
783 793
784 837
784 869
784 974
785 861
787 944
788 899
789 961
790 973
790 982
791 905
791 924
793 880
794 914
796 892
797 849
798 913
798 980
800 823
800 837
800 919
800 931
801 916
802 866
803 835
804 846
805 894
806 858
806 893
807 964
811 939
812 837
813 922
813 963
813 977
813 997
814 825
815 837
818 910
819 938
820 908
821 859
821 933
821 934
821 968
822 885
823 979
825 930
826 898
828 900
828 903
829 941
830 891
834 839
834 928
836 945
836 973
837 915
837 954
839 927
841 898
843 975
845 915
845 965
848 976
848 997
850 871
850 976
851 912
852 874
853 990
855 883
856 930
856 962
858 907
858 998
859 943
861 915
862 975
864 931
865 912
865 919
865 944
866 976
866 992
869 872
869 976
875 937
875 972
878 928
878 963
878 966
878 967
881 891
881 907
881 937
885 933
885 989
886 968
887 923
888 928
889 997
890 968
892 910
893 987
898 943
899 990
901 906
902 909
905 954
909 946
909 987
911 929
914 930
914 970
915 925
915 953
918 984
920 984
923 932
923 994
926 935
926 956
930 931
931 968
934 982
939 961
941 982
946 986
949 988
949 997
956 988
959 989
960 966
964 995
964 997
968 975
987 995
