0 77
0 276
0 676
0 931
1 150
1 265
1 390
1 814
1 957
2 70
2 205
2 226
2 371
2 415
3 93
3 229
3 430
3 491
3 589
3 652
3 713
4 307
4 605
4 871
4 916
5 16
5 270
5 517
5 747
5 879
5 888
6 103
6 427
6 980
7 164
7 376
7 503
7 998
8 122
8 141
8 151
8 296
8 301
8 718
9 216
9 598
9 620
10 83
10 308
10 419
10 517
10 532
10 677
10 947
11 96
11 250
11 864
11 906
11 998
12 439
12 521
12 646
12 755
12 776
13 187
13 275
13 387
13 433
13 737
14 107
14 263
14 577
14 723
14 806
15 204
15 356
15 598
15 786
16 44
16 53
16 294
16 304
16 360
16 501
16 638
16 661
17 472
17 608
18 359
18 516
18 933
19 23
19 159
19 288
19 383
19 411
19 451
19 814
20 34
20 206
20 405
20 482
20 548
20 784
21 135
21 272
21 321
22 391
22 819
22 874
23 137
23 297
23 400
23 437
23 734
23 844
23 849
23 926
23 977
24 134
24 295
24 388
24 603
25 64
25 300
25 404
25 696
25 980
26 86
26 227
26 606
27 63
27 734
27 747
27 770
28 79
28 209
28 250
28 499
28 581
28 634
28 797
29 109
29 136
29 172
29 235
29 295
29 457
29 885
29 892
29 987
30 146
30 313
30 353
30 487
31 193
31 286
31 287
31 332
31 374
31 523
31 628
31 632
31 900
31 906
32 112
32 202
33 66
33 165
33 264
33 350
33 469
33 510
33 549
33 613
33 827
33 954
34 133
34 297
34 529
34 830
34 845
35 283
35 530
35 735
35 849
35 888
36 270
36 322
36 418
36 420
36 561
36 565
36 570
36 571
36 582
36 584
36 689
36 726
37 180
37 322
37 388
37 450
37 731
37 846
38 73
38 91
38 502
38 561
38 667
38 705
39 157
39 397
39 403
39 406
39 571
39 860
39 950
40 135
40 803
41 155
41 395
41 525
41 752
41 778
41 860
41 919
42 64
42 326
42 330
42 452
42 574
42 632
42 740
43 51
43 95
43 99
43 395
43 715
43 983
44 224
44 500
44 569
44 589
44 648
44 741
44 792
44 919
44 941
45 542
45 584
45 702
45 771
46 153
46 214
46 236
46 283
46 771
46 981
47 268
47 456
47 725
47 730
47 838
48 119
48 287
48 339
48 678
48 753
48 870
49 67
49 76
49 77
49 241
49 333
49 623
49 734
49 774
49 839
49 899
49 914
50 96
50 447
50 454
50 904
50 956
51 116
51 302
51 490
51 903
52 408
52 490
52 541
52 589
52 620
52 880
53 112
53 286
53 303
53 590
53 836
53 892
54 260
54 349
54 437
54 472
54 510
54 744
54 836
54 907
55 262
55 376
55 393
55 405
55 621
55 662
55 709
55 807
55 927
56 241
56 698
56 917
56 929
57 195
57 263
57 575
57 708
57 782
57 826
57 850
57 858
58 61
58 133
58 153
58 459
58 616
59 121
59 492
59 842
60 102
60 274
60 325
60 484
60 729
60 742
60 885
61 66
61 573
61 686
61 970
62 247
62 579
62 772
63 132
63 229
63 408
63 464
63 475
63 526
63 631
63 850
63 880
63 886
63 939
64 546
64 752
64 912
65 76
65 180
65 407
65 520
65 672
66 548
67 241
67 279
67 418
67 561
67 688
67 702
68 171
68 261
68 429
68 592
68 816
69 101
69 786
69 867
70 551
70 658
70 840
71 287
71 449
71 524
71 724
71 744
72 353
72 487
72 725
72 732
73 212
73 240
73 276
73 360
73 564
73 613
73 694
73 835
73 882
74 278
74 431
74 493
74 537
74 545
74 614
74 806
75 586
75 607
75 635
75 739
76 221
76 312
76 469
76 638
77 294
77 310
77 654
78 449
78 479
78 749
78 888
78 893
79 94
79 118
79 240
79 547
80 105
80 420
80 573
80 793
81 223
81 284
81 311
81 765
81 770
81 928
81 975
82 97
82 169
82 320
82 695
82 794
83 134
83 144
83 199
83 294
83 309
83 601
83 604
83 606
83 894
83 953
84 230
84 311
84 819
84 834
84 881
85 241
85 432
85 464
85 477
85 658
86 100
86 140
86 359
86 391
86 392
86 417
86 741
86 809
87 214
87 279
87 413
87 629
87 644
87 806
87 892
87 922
88 111
88 243
88 668
88 775
88 837
89 126
89 324
89 353
89 433
89 760
90 458
90 619
90 861
91 377
91 531
91 618
91 870
91 923
91 992
92 192
92 218
92 312
92 555
92 967
93 291
93 397
93 482
93 515
93 674
93 683
93 924
93 986
94 263
94 271
94 397
94 509
94 590
94 711
94 756
94 874
95 134
95 159
95 533
96 310
96 361
96 388
96 454
96 476
96 544
96 655
97 124
97 173
97 363
97 387
97 449
97 807
98 221
98 325
98 400
98 534
98 571
98 697
98 915
99 224
99 350
99 357
99 487
99 616
99 774
99 926
99 930
99 984
100 730
100 860
101 461
101 601
101 698
102 204
102 470
102 685
102 768
102 802
102 956
103 131
104 281
104 553
104 973
105 200
105 206
105 236
105 687
106 155
106 188
106 452
106 760
106 884
107 158
107 426
107 526
107 585
107 733
107 765
107 973
108 530
108 985
109 112
109 195
109 310
109 461
109 919
109 945
110 490
110 615
110 689
110 872
110 910
110 978
111 383
111 416
111 494
111 621
111 895
111 917
111 951
111 996
112 133
112 767
112 897
112 899
113 124
113 454
113 472
113 697
113 767
113 778
113 825
113 826
113 877
114 343
114 587
114 758
114 899
114 971
114 984
115 203
115 205
115 368
115 521
115 546
115 595
115 717
115 888
115 986
116 136
116 348
117 834
117 885
117 935
117 939
118 262
118 276
118 520
118 566
118 628
118 672
118 803
118 868
119 163
119 192
119 303
119 726
119 994
120 219
120 434
120 544
120 612
120 661
120 720
120 762
121 239
121 684
121 759
121 817
121 926
122 162
122 186
122 407
122 679
122 802
123 337
123 492
123 814
123 815
123 937
123 962
124 268
124 324
124 556
124 595
124 855
125 327
125 686
125 881
126 154
126 426
126 697
126 916
126 982
127 248
127 813
127 826
128 276
128 316
128 344
128 610
128 753
128 809
128 884
129 409
129 468
129 737
129 740
129 743
129 878
129 977
130 421
130 439
130 455
130 835
130 881
131 249
131 250
131 432
131 443
132 282
132 465
132 664
132 693
133 434
133 620
133 674
133 739
133 776
133 789
133 862
133 938
133 986
134 141
134 164
134 220
134 284
134 421
134 497
134 523
134 639
134 721
135 222
135 506
135 671
135 686
135 708
136 281
136 466
136 492
136 525
136 569
136 666
136 722
136 801
136 913
136 938
136 974
137 227
137 432
137 853
137 995
138 262
138 391
138 546
139 318
139 648
140 240
140 292
140 293
140 482
140 487
140 574
140 751
140 901
141 322
141 325
141 512
141 544
141 646
141 791
141 824
141 944
141 955
142 355
142 370
142 513
142 630
142 942
143 221
143 297
143 472
144 164
144 906
145 404
145 483
145 711
145 832
145 933
146 173
146 196
146 289
146 552
146 600
146 936
146 971
147 618
147 637
147 685
147 702
147 951
147 965
147 982
148 374
148 424
148 561
148 671
148 772
148 806
149 165
149 267
149 321
149 374
150 159
150 475
150 613
150 852
151 481
151 536
151 586
152 447
152 476
152 638
153 182
153 197
153 293
153 579
153 916
153 920
154 218
154 583
154 604
155 334
155 354
155 614
155 622
155 678
155 701
155 884
156 506
156 514
156 626
156 724
156 929
157 301
157 436
157 675
157 718
157 758
157 769
157 961
158 213
158 283
158 563
158 697
158 827
158 830
158 864
158 965
159 488
159 784
159 941
160 491
160 501
160 803
161 387
161 703
161 945
162 249
162 359
162 589
162 671
162 855
163 488
163 689
163 760
163 833
163 953
164 288
164 351
164 352
165 286
165 338
165 441
165 508
165 563
165 727
165 819
165 877
165 965
166 289
166 473
166 715
166 722
166 789
166 972
166 978
167 420
167 852
168 246
168 389
168 496
168 512
168 535
168 566
168 909
168 953
169 310
169 650
169 843
169 887
169 919
170 174
170 470
170 485
170 695
170 783
170 840
171 507
171 599
171 887
172 240
172 457
172 856
172 969
173 414
173 733
173 757
173 799
174 305
174 319
174 383
174 436
174 525
174 718
174 887
175 208
175 529
175 792
175 987
176 349
176 376
176 433
176 541
176 713
176 769
177 242
177 252
177 269
177 403
177 478
177 671
177 798
177 914
178 414
178 438
178 509
178 579
178 691
178 789
178 925
179 398
179 435
179 765
179 840
180 244
180 363
180 454
180 676
181 193
181 419
181 763
181 842
182 644
182 684
182 695
182 778
183 336
183 670
183 792
184 539
184 952
184 989
185 510
185 609
185 613
186 202
186 478
186 667
186 668
186 710
186 831
187 259
187 300
187 392
187 961
188 663
188 737
188 858
188 884
188 968
189 755
189 802
189 807
190 229
190 337
190 368
190 533
190 572
190 662
191 659
191 726
191 851
193 234
193 384
193 476
193 745
193 960
193 995
194 265
194 267
194 322
194 387
194 556
194 761
194 788
194 793
195 319
195 456
195 612
195 713
195 740
196 256
196 601
196 798
197 232
197 299
197 422
197 445
197 481
197 677
197 784
197 835
198 205
198 444
198 732
199 265
199 355
199 839
199 979
200 447
200 565
200 899
202 284
202 619
203 334
203 673
203 844
203 865
204 256
204 559
204 598
204 979
205 336
205 412
205 414
206 336
206 693
206 699
206 785
207 613
207 637
207 723
207 920
207 971
208 909
208 963
209 319
209 497
209 967
209 976
210 385
210 507
210 696
210 736
210 899
211 667
211 780
212 350
212 530
212 738
212 909
213 338
213 351
213 405
213 511
213 838
213 903
214 555
214 642
214 741
215 356
215 796
215 898
216 314
216 479
216 547
216 744
216 839
216 840
216 953
217 544
217 602
217 688
217 773
217 774
218 411
218 613
219 605
219 643
219 917
219 976
220 255
220 338
220 340
220 423
220 470
220 707
220 907
221 391
221 662
221 746
221 768
221 776
221 891
222 248
222 403
223 264
223 339
223 375
223 396
223 639
223 665
223 723
223 755
224 427
224 796
225 556
225 675
225 694
225 906
226 237
226 355
226 401
226 537
226 649
226 708
226 793
226 886
226 990
227 318
227 342
227 409
227 509
227 881
228 504
228 548
228 610
228 760
228 882
229 272
229 277
229 441
229 519
229 799
229 946
230 311
230 590
230 837
231 764
231 805
231 881
232 825
232 914
233 468
233 594
233 690
233 733
233 787
233 924
233 943
234 372
234 382
234 449
234 485
234 602
234 744
234 839
234 907
235 343
235 376
235 502
235 564
235 688
235 802
235 977
236 314
236 366
236 957
237 407
237 808
237 880
237 915
238 331
238 333
238 691
239 772
240 271
240 314
241 260
241 262
241 285
241 548
241 671
241 709
241 730
241 732
241 825
242 301
242 339
242 714
242 867
242 933
242 957
243 533
243 672
243 882
243 947
244 542
245 421
245 654
245 657
246 742
246 754
247 280
247 683
247 803
248 371
248 535
248 803
248 884
248 904
249 295
249 825
249 969
250 324
250 609
250 833
251 819
251 866
251 873
251 892
252 350
252 410
252 721
253 362
253 931
254 528
254 574
254 618
255 597
255 704
256 361
256 662
256 669
256 673
257 309
257 364
257 515
257 516
257 774
257 810
257 826
258 474
258 578
258 603
258 643
258 854
258 876
259 471
259 580
259 712
259 963
260 430
260 559
260 644
260 659
260 707
260 754
260 760
260 853
261 345
261 392
261 510
261 833
261 952
262 437
262 498
262 572
262 575
262 576
262 628
262 647
262 820
262 934
263 286
263 459
263 500
264 357
264 437
264 472
265 788
265 863
266 346
266 809
266 820
266 888
266 969
267 285
267 320
267 375
267 484
267 584
267 758
267 850
268 372
268 471
268 832
268 938
268 956
269 337
269 470
269 506
269 666
270 326
270 665
270 876
271 894
271 898
271 937
271 986
272 450
272 610
272 645
273 950
274 277
274 343
274 361
274 372
274 535
274 554
274 812
274 830
274 965
274 991
275 581
275 897
275 930
276 546
276 558
276 597
276 734
276 833
276 943
277 533
277 627
278 353
278 465
278 509
278 756
278 856
278 902
278 916
278 941
279 310
279 501
279 648
279 819
279 936
279 953
280 435
280 684
280 796
280 860
280 942
281 421
281 422
281 484
281 834
282 336
282 413
282 426
282 535
282 691
282 715
282 812
283 343
283 545
283 837
283 980
284 402
284 488
285 440
285 522
285 629
285 732
285 936
286 443
286 824
286 927
287 438
287 862
287 866
287 951
288 291
288 316
288 383
288 660
288 672
288 853
288 854
289 470
289 499
289 517
289 654
289 771
289 775
290 603
290 631
290 654
291 439
291 947
291 953
292 324
292 419
292 534
292 619
292 737
293 301
293 711
293 763
293 951
294 517
294 878
294 919
295 734
295 868
295 939
296 470
296 496
296 534
296 537
296 739
296 866
297 412
297 495
297 898
298 725
299 392
299 405
299 427
299 660
299 869
300 313
300 372
300 498
300 873
300 878
300 898
300 945
300 974
300 990
301 430
301 550
301 581
301 798
301 823
301 831
301 913
301 969
302 376
302 481
302 526
302 691
302 748
302 773
303 311
303 568
303 691
303 853
304 702
304 752
304 791
304 990
304 996
305 499
305 762
305 938
306 464
306 562
306 624
306 660
306 713
306 741
307 380
307 413
307 509
308 382
308 390
308 590
308 608
308 712
309 647
309 714
309 883
309 932
310 391
310 711
310 735
310 768
310 849
310 941
311 481
312 377
312 539
312 699
312 776
312 883
313 321
313 338
313 711
313 813
313 925
314 452
314 719
314 765
314 854
314 958
315 535
315 630
315 761
315 784
316 422
316 609
316 804
317 412
317 425
317 591
317 639
317 745
318 685
319 503
319 576
319 742
320 546
320 555
320 596
320 646
320 651
320 685
320 920
321 335
321 833
321 911
322 358
322 424
322 790
323 345
323 360
323 588
323 682
323 882
324 518
324 697
324 704
324 812
325 518
325 690
325 711
326 500
326 758
326 919
327 374
327 448
327 531
327 638
327 683
327 953
328 389
328 674
328 830
328 883
328 915
329 512
329 543
329 584
329 613
329 832
329 965
330 413
330 421
330 459
330 847
330 882
330 888
330 959
331 611
331 684
331 690
331 720
332 495
332 867
332 902
332 923
333 706
334 555
334 826
334 868
334 969
334 987
334 988
335 713
335 732
335 855
336 798
337 396
337 494
337 714
337 759
337 804
337 834
337 977
338 416
338 584
338 685
338 743
339 624
339 726
339 849
340 396
340 538
340 577
340 691
340 772
340 825
341 643
341 706
341 979
342 387
342 433
342 703
343 446
343 636
343 952
344 474
344 617
344 740
344 742
344 771
344 832
345 365
345 499
345 700
345 712
345 864
346 454
346 650
347 733
347 757
348 590
348 736
348 774
348 801
348 858
348 925
348 942
349 353
349 356
349 404
349 539
350 470
350 527
350 534
350 669
350 700
350 727
352 392
352 438
352 940
353 356
353 503
353 671
353 739
353 762
353 830
353 946
354 559
354 654
354 751
354 753
354 818
354 834
355 579
355 945
356 687
356 863
356 959
356 975
357 574
357 620
357 758
357 796
357 798
357 865
357 873
357 956
358 380
358 501
358 661
358 668
358 680
358 744
360 362
360 388
360 722
360 738
360 795
360 796
360 832
360 944
361 726
361 820
361 872
362 512
363 418
363 507
363 514
363 608
363 784
363 990
364 541
364 853
364 862
364 912
365 645
365 757
365 880
365 920
366 497
366 661
366 754
366 782
366 922
367 438
367 676
368 731
369 488
369 507
369 668
369 701
370 447
370 489
370 825
370 889
370 891
370 941
371 713
372 515
372 722
372 897
372 924
373 456
373 526
373 629
373 746
373 983
374 473
374 576
374 687
375 615
375 738
375 768
375 992
376 524
376 808
376 924
377 391
377 397
377 724
377 890
378 417
378 445
378 474
378 510
378 915
378 940
379 518
379 740
379 803
380 522
381 428
381 471
381 792
382 825
383 475
383 790
383 950
385 453
385 625
385 669
385 747
386 456
386 824
386 993
387 427
387 512
387 781
387 915
387 976
388 507
389 710
389 718
390 404
390 479
390 482
390 998
391 408
391 456
391 475
391 483
391 943
392 404
392 548
392 566
392 613
393 461
393 466
393 757
393 908
393 951
393 991
394 720
394 852
394 915
395 661
395 790
395 807
396 531
396 612
396 676
396 782
397 497
397 861
397 868
397 884
399 467
399 668
399 730
399 764
400 653
400 864
400 890
400 964
401 651
401 769
401 812
401 848
402 872
403 423
403 581
403 685
403 723
403 994
404 959
405 451
405 525
405 683
405 798
405 845
405 911
406 541
406 822
407 484
407 509
407 562
407 644
407 795
407 871
407 923
407 976
408 514
408 661
408 909
409 672
409 873
409 902
410 631
410 656
410 673
410 876
410 985
411 804
411 844
412 509
412 990
413 419
413 701
413 714
413 932
413 973
414 762
414 884
414 952
415 612
415 713
416 465
416 467
416 785
416 806
416 862
417 422
417 552
417 703
417 705
418 488
418 588
418 598
418 730
418 912
418 989
419 842
419 998
420 430
420 508
420 581
420 624
420 787
420 951
420 998
421 716
421 775
421 806
422 728
422 782
422 850
422 943
423 927
423 954
424 713
425 840
425 909
426 452
426 492
426 539
426 583
426 858
426 890
426 983
427 496
427 903
428 458
428 462
428 748
429 456
429 535
429 610
429 643
429 814
430 570
430 804
430 871
430 899
430 999
431 498
431 862
431 869
432 442
432 455
432 627
432 634
432 640
432 660
433 650
434 905
434 964
435 548
435 743
435 877
435 963
436 502
436 689
437 614
437 720
437 783
437 859
437 979
438 473
438 506
438 518
438 642
438 680
438 790
438 901
439 657
439 809
439 961
440 680
440 794
441 778
441 817
442 693
443 620
443 650
443 793
443 923
444 718
444 728
444 889
444 992
445 590
446 542
446 575
446 838
446 840
446 870
446 924
446 993
447 584
447 591
447 592
447 764
447 889
448 547
448 739
448 761
449 506
449 604
449 746
449 823
449 898
449 928
450 576
450 722
450 916
451 475
451 725
451 886
451 901
452 572
452 784
452 899
453 964
454 510
454 846
454 892
454 934
455 611
455 808
455 863
456 473
456 581
456 633
456 702
456 769
456 797
456 828
457 567
457 925
457 993
459 516
459 569
459 618
459 652
459 805
459 859
459 894
460 701
460 729
460 797
460 837
460 892
461 703
461 794
462 546
462 826
463 496
463 534
463 554
464 514
464 819
465 500
465 508
465 655
465 735
465 775
465 776
465 844
465 892
466 730
467 567
467 612
467 618
467 737
467 991
468 519
468 651
468 715
468 781
468 984
469 561
469 692
469 889
469 919
469 929
470 506
470 537
470 601
470 753
470 823
472 556
472 586
472 720
472 725
472 812
472 871
472 913
472 948
473 528
473 725
473 855
474 507
474 662
475 691
475 911
476 542
476 629
476 700
476 846
476 930
476 996
477 613
477 709
477 736
477 764
477 975
478 726
478 758
478 772
478 991
479 670
479 834
479 956
480 722
481 716
482 484
482 486
482 542
482 669
482 729
482 857
482 960
482 977
483 537
483 664
483 673
483 887
484 544
484 620
484 640
484 989
485 670
485 752
485 803
486 545
486 652
486 818
486 973
487 527
487 553
487 767
487 883
487 931
487 969
488 494
488 797
488 900
488 983
489 491
489 578
489 642
489 967
490 575
490 597
490 686
490 713
490 748
491 549
491 621
491 775
492 725
493 985
494 818
494 858
494 861
494 955
495 629
495 688
495 725
495 760
495 836
495 857
496 758
496 807
497 691
497 804
498 530
498 601
498 602
498 879
499 596
499 802
500 589
500 823
502 588
502 631
503 567
503 608
503 795
503 975
504 557
504 981
505 538
505 609
505 920
505 988
506 659
506 733
506 898
506 979
507 755
507 927
508 522
508 558
508 696
509 630
510 578
510 900
511 595
511 619
511 819
511 832
511 922
512 655
512 799
512 808
512 818
512 927
513 700
513 996
514 674
514 791
515 548
515 661
516 532
516 686
516 754
516 849
516 866
516 916
516 918
517 615
517 620
517 821
518 620
518 952
519 655
519 818
519 958
519 965
520 546
520 576
520 614
520 732
521 543
521 677
521 754
521 842
521 887
523 535
523 666
523 700
524 658
524 674
524 691
524 805
525 615
525 916
526 641
526 731
526 826
526 934
527 587
527 766
527 827
527 948
527 955
528 705
528 992
529 945
530 611
530 628
530 784
530 819
530 875
531 666
531 684
531 822
531 852
532 977
533 707
533 743
533 759
533 776
534 959
535 708
535 795
535 796
535 830
535 997
537 631
538 596
538 679
538 761
538 790
538 936
538 990
539 747
541 634
542 560
542 583
542 771
543 706
543 740
543 854
543 992
544 560
544 717
544 852
544 867
545 612
546 850
547 604
547 609
547 690
547 732
547 874
547 891
548 552
548 809
548 958
550 654
550 812
550 930
550 951
550 979
551 612
551 635
551 865
552 556
552 599
552 606
552 632
552 969
553 615
553 677
554 666
554 856
555 569
555 630
555 963
556 758
556 782
556 787
557 678
558 604
558 771
559 649
560 811
561 789
561 829
561 878
562 722
562 863
562 955
562 974
563 590
563 737
563 827
564 663
564 698
564 792
564 840
564 859
564 994
565 812
565 910
565 995
566 639
566 877
566 963
566 990
567 727
567 831
568 620
568 649
568 749
568 865
569 830
569 832
569 917
570 716
570 932
570 985
571 684
571 741
572 807
572 826
573 580
573 582
573 705
573 860
574 715
575 759
576 599
576 717
576 936
577 726
577 935
577 987
578 662
578 677
580 645
581 778
581 952
581 997
582 737
582 905
582 965
582 981
583 648
583 900
584 593
584 823
584 920
585 598
585 749
586 987
587 662
587 766
587 813
587 936
588 631
588 902
589 604
589 612
589 896
589 898
590 689
590 799
590 981
591 623
591 774
592 765
592 850
593 625
593 657
593 762
593 811
594 686
594 694
595 612
595 931
596 808
596 817
596 958
596 991
597 733
597 818
597 953
598 657
598 665
598 819
599 662
599 823
599 879
600 632
600 679
600 853
600 953
602 635
602 655
602 693
602 865
602 875
604 736
604 810
604 931
605 685
605 726
605 861
605 925
606 614
606 618
606 621
606 716
606 938
607 635
607 735
607 878
607 881
607 976
608 651
609 804
610 814
610 905
610 960
611 818
612 850
612 862
613 723
613 793
613 797
613 906
613 913
614 781
615 745
615 862
615 885
615 916
616 622
616 662
616 759
616 885
617 945
617 964
618 677
618 905
619 795
620 767
620 849
621 837
621 890
622 666
622 898
623 772
623 830
624 672
624 789
624 838
624 928
625 710
625 791
625 820
626 831
626 838
626 942
627 773
627 806
627 882
628 635
629 683
631 831
631 988
632 746
632 783
632 820
633 647
633 663
634 695
634 762
634 889
635 762
635 784
635 854
635 961
636 809
637 639
637 717
637 767
638 865
638 886
638 935
639 849
639 908
639 917
640 752
640 821
640 866
640 955
642 708
642 988
643 731
643 884
644 806
646 648
646 903
647 784
647 817
647 862
647 920
647 932
647 997
648 716
648 883
648 962
650 701
651 743
651 757
652 839
653 762
653 836
653 843
653 970
654 724
654 837
654 839
655 666
656 954
657 998
658 961
659 682
659 762
659 764
659 778
659 784
661 825
661 840
661 846
661 876
661 953
662 832
662 996
663 798
663 986
664 730
664 951
664 982
665 719
665 931
665 964
666 697
666 802
666 920
667 885
668 690
669 732
669 808
670 692
670 769
670 940
671 981
671 999
672 783
672 833
672 882
672 925
673 707
673 917
674 761
674 990
675 699
677 790
678 801
678 830
678 915
679 743
679 808
679 834
679 997
680 746
680 951
681 755
681 864
681 967
683 844
684 818
685 723
685 910
686 903
686 907
686 935
687 730
687 846
687 859
687 877
690 698
690 773
691 844
691 865
693 863
694 884
695 862
695 893
695 919
696 749
698 787
699 875
700 758
700 784
701 746
701 865
701 940
702 837
703 754
703 866
704 750
704 912
704 962
705 834
705 835
707 835
708 921
709 986
710 716
711 734
711 809
711 828
711 883
712 815
712 919
713 717
713 778
713 780
713 977
714 769
714 823
715 962
715 999
716 969
718 792
719 795
719 812
719 836
719 863
720 823
721 967
724 749
724 817
726 762
726 969
726 988
728 928
729 810
729 893
729 912
730 866
731 767
731 831
732 738
732 830
734 946
735 922
735 959
736 770
738 818
738 961
740 838
740 863
740 971
740 997
741 981
743 846
743 919
743 976
745 785
745 991
746 840
746 858
746 944
749 759
749 804
750 828
750 851
750 857
750 987
751 792
751 982
752 943
752 971
753 798
753 821
753 924
755 880
755 906
755 956
756 886
757 849
758 897
759 801
760 871
761 762
762 765
762 891
762 961
764 799
764 831
764 867
764 882
764 941
765 958
766 909
766 987
766 996
767 772
767 785
767 866
767 909
770 778
771 778
772 837
774 906
774 970
775 852
775 909
775 973
776 832
776 878
777 848
778 964
779 951
780 976
781 816
783 977
784 868
784 885
785 884
786 958
787 793
787 906
787 908
788 865
790 934
791 816
791 953
792 992
793 843
793 936
796 836
796 886
798 800
799 915
799 967
800 815
801 844
802 969
802 973
802 987
803 822
803 980
803 994
804 810
805 836
807 832
807 959
808 819
810 969
813 913
816 828
817 835
819 856
819 927
820 851
821 831
823 828
823 932
825 924
826 902
826 912
826 977
829 891
829 913
830 966
832 867
834 927
834 974
835 935
835 967
835 974
837 925
838 850
838 880
843 874
843 895
843 937
849 930
849 942
853 979
854 928
856 882
856 916
859 920
859 952
861 894
861 917
861 999
862 942
863 908
863 951
864 960
865 967
868 928
868 953
869 976
870 969
876 930
882 901
882 929
883 915
883 969
884 940
885 899
888 930
890 935
890 944
891 949
891 980
891 995
892 918
892 921
892 968
892 970
894 937
896 970
896 979
897 903
898 922
900 907
900 950
901 908
901 996
902 978
909 915
910 983
913 937
915 928
916 917
917 981
918 964
918 975
919 954
919 976
920 928
922 937
924 951
926 963
928 945
928 984
930 981
931 986
931 989
936 990
937 985
938 952
944 987
947 990
948 987
949 975
954 958
959 998
960 968
969 975
982 993
983 986
