0 20
0 310
0 472
0 820
0 899
0 917
1 83
1 103
1 150
1 586
1 611
1 785
1 823
1 886
1 934
1 974
2 68
2 190
2 234
2 342
2 693
2 710
2 715
2 973
3 109
3 332
3 442
3 479
3 539
3 562
3 572
3 818
3 910
3 920
3 921
3 976
4 170
4 631
4 766
4 800
4 819
5 160
5 383
5 458
5 687
5 702
5 821
6 213
6 274
6 631
6 671
6 700
6 736
7 37
7 63
7 305
7 452
7 807
8 462
8 513
8 518
8 714
8 776
8 794
8 811
10 52
10 183
11 156
11 463
11 645
11 700
11 725
11 757
11 973
12 47
12 333
12 733
12 815
12 970
13 156
13 194
13 892
13 896
14 326
14 358
14 436
14 484
14 627
14 724
14 872
15 27
15 97
15 224
15 393
15 565
16 20
16 243
16 286
16 431
16 631
16 789
16 820
16 850
16 892
17 130
17 300
17 319
17 655
17 658
18 58
18 373
18 581
18 802
19 149
19 203
19 306
19 355
19 429
19 460
19 529
19 553
19 571
19 790
19 932
19 958
20 331
20 683
20 794
20 880
20 963
20 975
21 729
21 744
21 809
22 114
22 504
22 512
22 665
22 907
23 145
23 730
23 755
23 994
23 998
24 101
24 148
24 232
24 420
24 425
24 438
24 851
25 132
25 382
25 767
25 882
25 944
26 44
26 101
26 182
26 203
26 387
26 561
26 657
26 697
26 753
26 776
26 795
26 797
26 903
27 890
27 922
28 299
28 542
28 547
28 987
29 133
29 248
29 272
29 425
29 462
29 638
29 743
30 54
30 112
30 122
30 133
30 449
30 452
30 490
31 202
31 491
31 871
32 109
32 121
32 287
32 396
32 825
32 919
32 951
33 412
33 821
34 50
34 100
34 108
34 258
34 333
34 447
34 752
34 862
35 145
35 220
35 266
35 461
35 700
36 95
36 220
36 264
36 277
36 333
36 369
36 458
36 539
36 620
36 750
36 954
36 970
37 66
37 146
37 515
37 627
38 108
38 171
38 629
38 882
39 75
39 185
39 347
39 557
39 586
39 921
39 972
40 88
40 188
40 221
40 307
40 588
40 668
40 719
40 813
40 910
40 936
41 127
41 243
41 245
41 251
41 477
41 647
41 756
41 775
41 933
41 990
42 242
42 285
42 308
42 376
42 684
42 851
44 944
45 217
45 339
45 395
45 512
45 808
45 829
46 202
46 319
46 396
46 527
46 975
47 131
47 340
47 790
47 798
47 945
48 344
48 523
48 568
48 985
49 54
49 157
49 299
49 300
49 329
49 387
49 445
49 679
50 61
50 370
50 726
50 998
51 196
51 213
51 331
51 439
51 453
51 585
51 651
51 673
51 675
51 789
51 810
51 861
51 957
52 86
52 87
52 203
52 263
52 361
52 605
52 674
53 181
53 418
53 511
53 530
53 560
53 695
53 989
54 60
54 117
54 746
54 877
55 455
55 462
55 594
55 682
55 697
55 769
55 869
56 131
56 165
56 366
56 590
56 674
57 283
57 975
58 181
58 524
58 640
58 891
58 974
59 150
59 157
59 180
59 625
59 939
59 965
60 98
60 180
60 203
60 274
60 302
60 342
60 551
60 871
60 982
61 153
61 222
61 346
61 437
61 441
61 459
61 471
61 730
61 772
62 184
62 264
62 293
62 547
62 627
62 696
62 782
62 947
62 977
63 136
63 196
63 217
63 676
63 904
63 932
63 975
64 145
64 147
64 159
64 488
64 691
65 226
65 317
65 325
65 390
65 396
65 597
65 751
65 841
65 896
65 903
66 90
66 98
66 316
66 711
66 893
67 156
67 620
67 625
67 981
68 86
68 136
68 465
68 995
69 255
69 307
69 391
69 404
69 646
69 962
70 583
70 770
70 835
70 946
70 951
71 119
71 134
71 351
71 696
71 931
72 269
72 715
72 828
73 125
73 378
73 427
73 624
73 649
73 687
73 820
73 869
74 707
74 827
74 867
75 170
75 375
75 518
75 566
75 632
75 647
75 704
75 725
75 932
76 683
76 720
77 204
77 258
77 290
77 421
77 477
78 248
78 501
78 569
78 646
78 752
78 800
78 932
78 968
78 969
79 247
79 275
79 438
79 606
79 664
80 629
80 865
81 86
81 801
81 816
82 702
82 761
82 811
82 973
83 269
83 280
83 739
83 894
84 146
84 207
84 238
84 335
84 360
84 514
84 648
84 672
84 881
85 93
85 790
85 817
86 275
86 414
86 701
86 788
86 817
87 134
87 353
87 791
87 810
87 931
87 981
88 163
88 239
88 241
88 531
88 651
88 810
89 330
89 976
90 106
90 152
90 201
90 233
90 514
90 539
90 578
90 661
90 785
91 307
91 422
91 508
91 516
91 606
91 845
91 916
91 917
91 935
92 242
92 281
92 455
92 723
92 803
93 99
93 223
93 262
93 282
93 337
93 459
93 511
93 554
93 594
93 659
93 693
93 719
93 884
94 166
94 261
94 338
95 117
95 175
95 273
95 342
95 384
95 484
95 752
95 779
95 781
95 951
96 163
96 616
96 692
96 796
96 879
96 954
97 251
97 454
97 705
97 726
97 995
98 302
98 552
98 739
98 897
99 150
99 284
99 352
99 562
99 594
99 652
99 782
100 207
100 363
100 676
101 334
101 490
101 752
102 106
102 384
102 423
102 515
102 557
102 930
102 951
103 381
103 451
103 595
103 727
103 771
104 247
104 278
104 508
104 616
104 750
104 890
105 234
105 262
105 683
105 697
105 765
106 129
106 176
106 223
106 345
106 523
106 551
106 818
106 949
107 221
107 292
107 404
107 521
107 728
107 771
107 931
108 226
108 316
108 332
108 498
108 530
108 706
108 994
109 415
109 559
109 599
109 625
109 767
109 878
110 252
110 422
110 442
110 570
110 769
110 925
110 967
111 126
111 874
112 180
112 238
112 504
112 590
112 636
112 645
112 679
113 200
113 265
113 472
113 650
114 279
114 345
114 515
114 669
114 715
114 877
115 213
115 298
115 859
116 452
116 814
117 208
117 227
117 256
117 582
117 789
117 941
117 958
118 326
118 760
118 822
118 848
118 852
118 984
119 173
119 329
119 343
119 468
119 906
120 341
120 374
120 718
120 741
121 305
121 315
121 362
121 410
121 607
121 657
121 709
121 907
122 368
122 412
122 415
122 573
122 849
123 287
124 128
124 182
124 306
124 337
124 378
124 746
124 958
125 462
125 541
125 733
125 870
126 173
126 210
126 269
126 561
126 583
126 713
126 788
126 933
126 982
127 197
127 227
127 626
127 748
127 780
127 851
127 861
128 135
128 159
128 256
128 397
128 481
128 602
128 691
128 721
128 896
129 213
129 279
129 522
129 556
130 532
130 567
130 907
130 968
131 461
131 466
131 480
131 510
131 558
131 762
132 250
132 257
132 278
132 390
132 458
132 471
132 755
133 216
133 295
133 309
133 373
133 582
133 702
133 735
134 321
134 360
134 508
134 933
135 195
135 239
135 389
135 470
135 535
135 625
135 669
135 705
135 970
136 158
136 468
136 523
136 646
136 837
137 340
137 383
137 537
137 547
137 600
137 767
137 792
137 934
138 424
138 445
138 527
138 922
139 191
139 432
139 734
139 835
139 864
139 888
139 912
140 168
140 206
140 347
140 675
140 708
140 850
141 322
141 586
141 605
141 659
141 875
141 967
142 323
142 325
142 410
142 705
142 831
142 836
143 176
143 458
143 648
143 721
144 420
144 554
144 601
144 965
145 692
145 761
145 797
145 808
145 818
145 973
146 269
146 386
146 803
146 901
146 943
147 151
147 209
147 254
147 618
147 707
147 895
148 284
148 350
148 676
148 735
148 986
149 208
149 407
149 489
149 724
149 910
149 924
149 946
150 461
150 562
150 647
150 668
150 696
151 474
151 526
151 567
151 792
151 802
151 840
152 216
152 353
152 403
152 468
152 557
152 581
152 668
152 757
152 867
152 884
153 305
153 342
153 550
153 613
153 626
153 907
153 942
153 997
154 942
154 964
155 322
155 459
155 515
155 654
155 658
155 892
155 907
156 226
156 280
156 324
156 618
156 632
156 766
157 375
157 773
158 425
158 639
158 759
158 913
158 973
159 279
159 542
159 629
159 652
159 869
159 909
160 419
160 558
160 613
160 625
160 646
161 265
161 686
162 196
162 309
162 404
162 845
163 413
163 821
163 999
164 613
164 695
164 708
164 922
165 239
165 316
165 359
165 473
165 613
165 631
165 870
165 947
165 948
166 334
166 407
166 574
166 665
166 964
167 235
167 312
167 480
167 482
167 587
167 625
167 701
167 822
167 832
168 352
168 463
168 646
168 666
168 831
168 973
169 394
169 448
169 806
169 826
169 930
169 955
169 974
170 641
170 756
171 356
171 610
171 723
171 873
171 975
172 297
172 476
172 517
172 713
172 774
173 579
174 803
174 840
174 849
175 475
175 661
175 734
175 953
176 448
176 689
176 698
176 709
176 822
176 870
177 260
177 462
177 517
177 624
177 793
177 804
177 866
178 179
178 673
178 704
178 782
178 880
179 219
179 250
179 312
179 815
179 962
180 347
180 668
181 240
181 268
181 308
181 474
181 574
181 585
181 707
181 957
181 975
182 245
183 454
183 589
184 410
184 421
184 872
185 228
185 599
185 642
185 754
185 877
186 215
186 333
186 391
186 522
186 590
186 617
186 644
186 659
186 683
186 752
186 771
186 875
187 212
187 377
187 594
187 766
187 866
188 330
188 841
188 913
189 246
189 336
189 359
189 521
189 701
189 952
189 993
190 397
190 437
190 626
190 755
190 779
191 276
191 329
191 468
191 512
191 528
191 871
191 951
192 258
192 360
192 438
192 460
192 785
193 506
193 661
193 846
194 293
194 372
194 454
194 485
194 691
194 850
195 252
195 323
195 401
195 598
195 623
195 981
196 299
196 772
196 783
196 895
196 975
197 611
197 688
198 299
198 803
198 866
198 883
198 956
199 296
199 325
199 353
199 465
199 538
199 796
200 368
200 624
200 920
200 921
200 982
200 997
201 242
201 275
201 341
201 390
201 511
201 692
201 834
201 873
202 520
202 762
202 904
203 246
203 351
203 492
203 522
203 833
204 265
204 277
204 445
205 464
205 566
205 613
205 634
205 718
205 751
205 802
206 326
206 530
207 268
207 652
207 825
207 837
207 969
208 436
208 583
208 601
208 613
208 749
208 783
208 811
208 926
209 270
209 332
209 395
209 473
209 612
209 995
210 656
210 821
210 871
210 882
210 893
211 449
211 493
211 529
211 542
211 935
212 475
213 288
213 578
213 799
214 360
214 658
214 735
215 243
215 439
215 736
215 937
216 341
216 422
216 639
216 866
216 867
217 368
217 586
217 732
217 914
218 361
218 644
218 997
219 262
219 399
219 429
219 594
219 606
219 963
220 681
220 840
220 938
221 957
222 279
222 553
222 947
223 342
223 630
223 993
224 263
224 268
224 405
224 533
224 573
224 653
224 672
224 742
224 795
225 255
225 341
225 386
225 403
225 493
225 498
225 500
225 524
225 730
225 890
226 238
226 314
226 448
226 551
226 648
226 725
226 793
226 830
226 875
227 229
227 542
227 581
227 622
227 736
228 247
228 261
228 833
229 316
229 588
229 772
229 843
229 920
229 971
230 242
230 387
230 416
230 561
230 689
230 705
230 783
231 384
231 512
231 580
232 600
232 742
232 852
232 884
232 935
233 234
233 467
233 680
233 773
233 899
233 984
234 422
234 425
234 471
234 636
234 875
234 959
235 302
235 525
235 799
235 821
235 831
236 439
236 445
236 689
236 710
236 741
237 398
238 330
238 578
238 630
238 677
238 957
239 968
240 321
240 359
240 455
240 599
240 769
241 276
241 603
241 673
241 962
242 309
242 926
243 678
243 745
243 779
243 821
244 307
244 513
245 618
245 780
246 306
246 593
246 739
246 933
247 695
247 808
247 961
248 249
248 267
248 333
248 521
248 554
249 443
249 667
249 684
249 729
249 943
250 253
250 494
250 856
251 300
251 456
251 563
251 586
251 603
251 740
251 772
251 951
252 341
252 369
252 593
252 657
252 710
252 992
253 321
253 413
253 443
253 469
253 628
253 937
253 968
254 741
254 962
255 411
255 574
255 773
255 785
255 949
255 986
256 501
256 655
256 872
256 877
257 522
257 533
257 548
257 575
257 812
257 979
258 487
258 581
258 675
259 311
259 389
259 554
259 879
260 279
260 352
260 365
260 509
260 812
260 841
260 897
261 542
261 876
262 290
262 364
262 472
262 515
262 659
262 888
262 893
263 309
263 441
263 627
263 715
263 940
263 978
264 366
264 613
264 866
264 924
265 454
265 471
265 576
265 590
265 756
265 827
265 842
266 399
266 477
266 628
267 307
267 336
267 692
267 783
267 795
268 374
268 454
268 478
268 545
268 573
268 603
268 622
268 658
268 952
269 419
269 449
269 582
269 935
270 464
270 596
270 675
270 763
271 372
271 619
271 664
272 273
273 421
273 643
273 794
274 290
274 537
274 788
274 964
275 540
275 838
275 890
275 987
276 337
276 439
276 581
276 740
276 781
276 910
276 947
277 786
277 812
278 719
278 822
278 953
278 994
279 772
279 815
279 894
280 359
280 446
280 452
280 831
281 522
281 529
281 792
282 508
282 779
282 842
283 475
283 973
284 474
284 526
284 693
285 410
285 669
285 786
285 802
286 412
286 487
286 533
286 560
286 924
287 288
287 612
287 855
287 885
287 956
288 715
288 771
288 801
289 350
289 491
289 552
289 666
289 808
290 397
290 512
290 519
290 552
290 601
291 366
291 544
291 596
291 727
291 953
292 302
292 663
292 841
292 867
293 477
293 694
293 705
294 314
295 471
295 726
295 736
296 458
296 467
296 816
296 861
296 923
297 603
297 908
298 357
298 441
298 445
298 475
298 858
298 925
299 585
300 479
300 640
300 707
301 465
301 766
301 784
301 944
301 964
301 993
302 571
302 855
303 428
303 685
303 750
304 364
305 520
305 739
305 790
306 396
306 421
306 530
306 541
306 571
306 607
306 619
306 778
306 839
307 463
307 468
307 732
307 980
308 371
308 718
309 387
309 603
310 332
310 619
310 690
310 712
310 840
311 344
311 575
311 865
312 320
312 743
312 758
313 645
313 736
314 392
314 684
314 792
314 852
315 405
315 564
315 612
315 784
315 872
315 918
316 448
316 465
316 474
316 503
316 710
317 450
317 466
317 497
317 525
317 666
318 346
318 848
318 911
319 753
320 512
320 570
320 601
320 731
320 787
321 361
321 590
321 771
321 801
321 852
321 958
322 506
322 700
322 750
323 464
324 563
324 635
324 848
325 412
325 438
325 549
325 658
325 693
325 843
325 984
326 340
326 646
327 598
327 702
328 352
328 576
328 613
328 622
329 330
329 434
329 578
329 645
329 812
329 910
329 988
330 891
330 915
331 349
331 851
332 337
332 410
332 504
332 533
332 534
332 688
332 738
332 869
333 392
333 404
333 720
334 631
334 693
334 769
334 783
334 794
334 871
335 467
335 526
336 353
336 370
336 373
336 374
336 488
336 682
337 350
337 505
337 538
337 790
338 368
338 500
338 525
338 635
338 872
339 346
339 615
339 836
339 859
340 424
340 432
340 457
340 624
340 710
340 882
341 651
341 788
341 812
342 431
342 484
342 648
342 943
343 604
344 564
344 610
344 773
345 725
345 914
346 415
346 498
346 771
346 842
346 877
347 403
347 446
347 546
348 452
348 526
348 634
348 660
348 764
348 846
349 391
349 422
349 987
350 492
350 672
350 789
350 804
350 875
351 678
352 417
352 718
352 987
353 493
353 788
353 791
353 854
354 429
354 846
354 882
354 955
354 958
355 407
355 583
355 644
355 776
355 982
356 436
356 711
356 735
357 425
357 500
357 966
358 417
358 564
358 781
358 868
359 506
359 824
360 512
361 627
361 762
361 908
362 383
362 817
362 844
363 456
363 992
364 756
364 773
364 845
364 901
364 902
364 952
365 425
365 614
365 624
365 815
366 530
366 807
366 866
367 760
367 930
368 379
368 424
368 587
368 661
368 830
368 966
369 492
369 610
370 723
371 487
371 526
371 576
372 650
372 651
372 764
372 933
372 936
372 984
373 564
373 656
373 691
373 917
373 940
373 950
374 466
374 606
374 933
375 665
375 853
375 902
376 377
376 751
376 980
377 411
377 621
377 851
377 948
378 403
378 411
378 485
378 578
378 814
378 854
378 993
379 458
379 560
379 569
379 593
379 776
379 892
379 968
380 460
380 545
380 599
380 812
381 792
381 913
381 968
382 427
382 495
383 634
383 639
383 798
383 893
384 393
384 518
384 529
384 604
384 813
384 889
385 441
385 471
385 668
386 495
386 519
386 524
386 643
386 812
386 897
386 943
386 944
386 961
387 418
387 525
387 805
387 932
388 551
388 715
388 761
388 821
389 638
389 655
391 524
391 561
391 812
392 609
392 873
393 634
393 643
393 771
393 832
393 853
393 991
394 720
394 956
394 962
395 446
395 516
395 621
395 643
395 723
395 827
395 988
395 995
396 817
396 892
397 417
397 738
398 522
398 545
399 631
399 791
399 973
400 506
400 684
400 740
400 918
400 930
400 958
400 986
401 413
401 435
401 628
401 649
401 713
402 435
402 542
402 560
402 598
403 523
403 652
403 657
403 863
404 437
404 816
404 825
404 918
405 570
405 665
405 786
406 927
407 797
407 847
407 869
407 948
408 876
409 515
409 557
409 610
409 970
410 731
410 896
411 452
411 580
411 637
411 699
411 725
412 497
412 654
412 684
412 815
412 918
413 423
413 701
413 790
413 798
414 532
414 614
414 705
414 776
414 867
414 902
414 960
414 982
415 448
415 449
415 682
415 719
416 468
416 639
416 937
416 981
417 427
417 447
417 905
417 932
418 527
418 765
418 920
419 438
419 447
419 730
419 912
420 447
420 510
420 673
420 709
420 782
421 577
421 824
422 562
422 901
423 478
423 792
423 925
424 430
424 437
424 534
424 836
424 844
425 807
426 461
426 551
427 838
427 847
427 893
427 996
428 443
429 452
429 496
429 562
429 573
429 729
430 688
430 711
430 713
431 442
431 506
431 881
432 865
433 698
433 699
433 909
433 941
435 582
435 791
435 901
436 566
436 721
436 850
436 859
436 887
436 954
437 546
437 672
438 662
438 904
439 460
439 604
440 673
440 692
441 632
441 754
441 910
442 733
443 515
443 691
444 478
444 524
444 711
444 719
444 787
444 827
444 840
445 610
445 681
445 754
445 796
445 831
445 926
446 497
446 610
447 499
447 615
447 636
447 752
447 950
447 982
448 591
448 675
448 682
449 507
449 600
449 653
449 678
450 540
450 758
451 674
451 680
451 772
451 785
451 890
452 471
452 479
452 726
453 532
454 741
454 789
454 941
455 695
455 897
455 987
456 628
456 733
457 520
457 727
457 882
458 482
458 588
458 630
458 933
459 662
459 679
459 720
459 726
459 887
459 960
460 518
460 581
460 683
460 800
460 811
461 797
461 854
461 863
461 927
462 579
463 598
463 653
463 905
464 917
465 557
465 853
465 870
465 986
466 606
466 751
466 790
466 792
466 837
466 858
466 860
466 919
467 553
467 617
468 483
468 728
468 872
468 898
468 936
469 632
469 655
469 691
469 752
469 845
470 727
470 967
471 620
471 840
471 978
472 493
472 815
472 868
472 869
472 873
473 576
473 819
473 944
474 494
474 608
474 776
475 706
477 683
477 901
479 837
479 929
480 547
480 670
480 677
480 935
481 548
481 784
481 959
482 511
482 552
483 878
483 894
483 991
484 874
485 661
485 774
485 857
486 594
486 611
486 687
486 772
486 887
487 521
487 575
487 715
487 733
489 506
489 623
489 801
490 515
490 544
490 624
490 676
490 837
490 845
491 758
491 986
492 525
492 564
492 901
493 626
493 783
493 875
493 881
493 975
494 636
494 975
495 518
495 582
495 619
495 678
495 815
495 845
495 892
496 571
496 701
496 842
496 863
496 903
497 635
497 643
497 841
498 848
498 908
498 998
499 654
499 838
500 590
500 923
501 650
501 820
501 836
501 885
501 898
503 550
503 679
503 692
503 933
504 533
505 782
505 816
505 826
505 889
505 929
505 935
507 544
507 640
507 879
507 992
508 586
508 608
508 763
508 773
509 886
510 530
510 588
511 869
511 977
512 646
512 727
512 753
512 834
512 836
513 881
513 978
514 579
514 591
514 635
514 657
514 708
514 922
514 958
515 751
515 762
515 836
515 844
515 960
515 966
516 626
517 966
518 692
519 579
519 673
519 721
519 787
519 988
520 550
520 577
520 983
521 559
522 550
523 829
524 665
525 721
525 738
525 894
526 929
527 581
527 903
527 904
528 587
528 624
528 947
528 984
528 987
529 679
529 772
530 569
530 716
531 538
531 612
531 634
531 773
531 875
531 923
532 651
532 765
532 918
533 683
533 803
533 906
533 914
534 726
534 730
534 945
535 705
536 799
536 890
537 659
538 690
538 763
538 937
539 624
539 685
540 748
540 837
541 579
541 836
541 875
542 951
543 615
544 594
544 775
544 814
545 612
545 674
545 702
545 734
545 735
546 556
546 922
546 999
547 563
547 691
548 595
548 674
548 942
548 987
549 656
549 704
549 735
549 746
549 795
550 571
550 929
551 555
551 660
551 684
551 927
552 862
552 975
552 980
553 663
553 970
554 653
554 831
554 952
554 967
555 584
555 648
555 800
555 828
555 848
555 966
556 738
557 683
557 961
557 969
558 776
558 875
558 993
559 709
559 719
559 799
560 624
560 758
560 874
561 597
561 699
561 800
561 803
563 627
563 848
564 634
564 657
564 835
565 683
566 771
566 864
566 995
567 573
567 651
567 701
567 781
567 893
568 665
568 701
568 815
568 998
569 684
570 678
570 717
570 762
570 764
570 957
571 656
571 760
572 716
573 767
573 845
573 863
574 891
574 899
575 624
575 786
575 790
575 917
576 617
576 630
576 998
577 610
577 616
577 678
577 754
578 602
578 888
579 686
579 690
579 729
579 799
580 607
580 769
581 602
582 639
582 756
584 621
584 708
585 597
585 760
586 718
587 838
587 999
588 595
588 604
588 875
588 935
589 638
589 700
589 725
589 780
589 849
590 605
590 658
590 705
590 723
590 755
591 821
591 862
592 610
592 787
592 850
592 864
593 955
594 612
594 761
594 775
595 604
595 628
595 635
595 647
595 668
595 956
596 609
596 915
596 990
597 717
597 818
597 847
597 894
598 710
599 654
599 961
600 604
600 746
600 755
600 911
602 772
603 643
603 764
603 915
604 709
604 991
605 735
605 803
606 686
606 818
606 950
607 636
607 722
607 782
607 826
607 953
608 617
608 935
608 938
609 634
609 646
609 776
609 823
612 645
612 659
612 872
612 908
613 671
613 948
613 961
614 744
614 837
614 980
615 752
615 866
615 875
616 781
616 926
616 966
617 656
617 706
617 773
617 850
617 861
617 874
618 850
619 703
619 949
620 621
620 678
620 802
622 680
622 719
622 759
622 979
623 666
623 742
624 679
624 883
625 656
625 748
625 821
625 866
626 849
626 876
626 906
628 783
628 957
629 837
629 927
630 690
630 794
630 870
630 989
631 801
631 803
632 671
632 853
632 933
633 722
633 936
634 933
635 644
635 789
635 922
635 986
636 659
636 776
636 873
636 898
636 928
637 732
637 911
638 715
638 752
638 903
639 695
639 877
639 934
640 705
640 802
640 815
641 760
641 922
642 726
642 865
642 967
643 692
643 733
644 685
644 765
644 790
644 841
645 711
645 850
646 725
646 769
648 852
650 696
651 956
652 990
653 682
653 727
654 882
655 973
656 938
657 807
658 749
658 807
659 697
659 895
659 947
662 693
662 768
662 934
662 939
663 782
664 832
664 971
665 750
665 775
667 711
667 855
668 918
669 754
669 852
669 882
669 991
670 811
670 863
671 950
672 963
674 719
674 834
674 839
674 866
675 804
676 693
677 680
677 804
677 868
677 936
677 957
677 995
680 946
680 991
681 927
681 984
682 683
682 772
682 870
683 702
683 820
683 868
684 728
684 797
684 848
685 698
685 942
685 968
686 863
686 913
686 974
687 952
688 947
689 775
690 817
692 709
692 925
693 954
694 879
695 821
695 827
695 983
695 990
697 735
699 735
699 997
701 890
704 769
704 773
704 810
704 913
704 995
705 745
705 770
705 775
705 971
706 826
706 859
706 894
706 907
708 881
708 948
708 997
709 734
709 738
709 792
711 718
711 823
711 999
712 733
713 993
714 880
714 979
715 728
715 783
716 752
717 937
719 977
720 922
721 722
721 894
721 980
727 920
728 854
728 956
729 837
730 951
731 825
731 829
731 869
731 904
731 908
732 752
732 994
733 792
735 778
736 770
737 775
738 969
739 810
739 870
739 946
740 836
740 859
740 989
741 899
742 907
742 955
744 768
744 806
745 842
745 895
746 806
747 772
750 784
750 885
750 944
752 873
754 861
754 917
755 818
757 790
757 861
757 962
758 945
760 891
760 895
760 929
760 962
761 896
762 763
762 955
762 974
762 998
763 938
763 996
764 868
767 787
767 941
768 967
770 782
770 892
771 834
772 777
772 939
773 955
774 812
774 834
774 977
775 820
776 964
777 796
777 958
777 966
778 824
778 848
779 794
779 990
780 836
780 974
781 792
781 877
782 904
783 841
783 884
787 871
788 801
788 863
788 935
789 910
790 882
790 897
790 959
791 811
791 968
792 856
792 877
792 910
792 966
794 973
795 840
797 852
798 990
800 827
801 877
801 902
801 998
804 896
805 960
806 952
807 838
807 915
810 875
812 905
813 932
814 925
815 849
815 889
819 864
820 991
821 877
821 885
821 922
822 958
823 901
824 965
825 887
825 898
827 858
828 832
828 897
828 915
828 925
829 941
830 947
831 836
831 839
832 886
834 845
834 967
839 987
843 894
844 936
845 924
846 902
846 921
846 933
849 884
849 920
850 933
852 942
852 980
855 940
857 912
859 989
860 901
860 962
862 915
862 946
862 979
862 991
863 866
863 984
866 957
873 938
873 990
874 921
875 911
876 882
876 901
877 918
877 980
881 896
884 900
885 932
886 921
886 946
887 983
888 962
889 907
891 894
897 921
898 914
899 984
901 966
901 984
901 995
903 920
903 930
904 909
907 984
910 914
910 937
917 928
918 922
920 938
925 976
926 970
926 982
930 978
932 950
934 958
938 949
938 972
938 985
941 965
947 978
950 957
953 971
956 983
972 974
978 983
981 998
982 998
983 998
985 986
991 993
