0 352
0 372
0 389
0 428
0 453
0 702
0 765
0 799
1 178
1 475
1 592
1 747
1 790
2 195
2 743
2 798
2 833
3 305
3 510
3 595
3 728
3 997
4 19
4 104
4 372
4 510
4 513
4 626
4 690
5 210
5 292
5 636
5 929
6 205
6 223
6 252
6 551
6 556
6 750
6 925
7 341
7 392
7 581
7 715
7 741
8 9
8 11
8 114
8 511
8 577
8 728
8 795
9 178
9 252
9 309
9 366
9 401
9 466
9 564
9 700
10 396
10 436
10 588
11 17
11 44
11 75
11 174
11 226
11 285
11 388
11 589
11 849
11 912
12 96
12 281
12 571
12 737
13 180
13 356
13 425
14 246
14 527
14 650
14 763
15 50
15 575
15 633
15 749
15 764
15 789
16 19
16 125
16 430
16 531
16 551
16 558
16 800
16 899
17 91
17 207
17 270
17 415
17 718
17 721
17 960
17 976
18 85
18 371
18 541
18 686
18 928
19 145
19 500
20 23
20 93
20 214
20 387
20 450
20 458
20 590
20 934
21 675
21 742
21 853
22 49
22 272
22 401
22 591
22 655
22 833
22 860
22 931
23 37
23 54
23 266
23 371
23 499
23 688
23 743
24 158
24 356
24 446
24 649
24 660
24 970
25 89
25 173
25 246
25 413
25 546
25 827
26 171
26 185
26 365
26 438
26 470
26 580
26 595
26 724
26 866
27 81
27 148
27 184
27 290
27 305
27 399
27 450
27 551
28 533
28 624
28 882
29 55
29 186
29 568
29 591
29 619
29 928
30 323
30 347
30 425
30 521
30 581
30 689
31 554
31 600
31 725
31 781
31 955
31 966
32 105
32 270
32 659
32 762
33 67
33 71
34 76
34 170
34 451
34 848
34 883
34 971
35 625
35 731
35 751
36 360
36 862
36 915
37 319
37 592
37 747
37 897
38 187
38 285
38 532
38 566
38 692
38 719
38 727
39 138
39 306
39 400
40 178
40 250
40 421
40 805
41 89
41 603
41 728
41 801
42 52
42 54
42 305
42 519
42 600
42 605
42 714
42 716
42 866
42 881
43 207
43 685
43 724
43 875
44 53
44 419
44 436
44 514
44 589
44 884
44 893
44 896
44 911
44 960
45 78
45 94
45 205
45 532
45 784
45 837
45 860
45 887
46 350
46 668
46 861
46 942
47 75
47 121
47 316
47 430
47 632
47 640
47 824
47 837
47 890
48 266
48 677
48 794
49 238
49 549
49 630
49 664
50 229
50 505
50 540
50 693
50 791
50 995
51 304
51 323
51 346
51 681
52 207
52 277
52 484
52 669
52 945
53 136
53 227
53 263
53 692
53 903
54 127
54 193
54 613
54 626
54 629
54 829
54 890
54 908
55 165
55 199
55 355
55 450
55 460
55 518
55 594
55 829
55 878
55 908
56 186
56 246
56 337
56 364
56 557
56 610
57 297
57 328
57 498
57 550
57 744
58 225
58 263
58 568
58 805
59 62
59 241
59 337
59 739
59 746
59 852
59 858
59 915
59 949
60 542
60 573
60 747
60 910
61 167
61 173
61 514
62 135
62 434
62 563
62 581
62 892
62 978
63 153
63 186
63 264
63 582
63 681
63 843
64 263
64 416
64 467
64 544
64 746
64 777
64 792
64 867
64 961
65 109
65 140
65 484
65 652
65 950
66 221
66 286
66 308
66 493
66 943
67 118
67 241
67 272
67 610
67 840
67 850
68 305
68 826
68 852
69 403
69 667
69 755
69 936
70 180
70 425
70 447
70 486
70 713
70 748
70 844
70 859
71 125
71 514
71 536
71 620
71 627
71 999
72 281
72 306
72 361
72 453
72 466
72 514
72 857
72 908
73 350
73 536
74 126
74 546
74 598
74 599
75 209
75 448
75 506
75 584
75 673
75 719
76 100
76 120
76 245
76 295
76 434
76 460
76 781
76 801
77 300
77 652
78 94
78 574
78 577
78 836
78 872
78 875
78 883
78 982
79 653
79 678
79 847
81 250
81 334
81 375
81 501
81 563
81 729
81 880
82 149
82 161
82 250
82 474
82 576
82 585
82 645
82 731
82 921
82 960
82 980
83 123
83 303
83 338
83 436
83 495
83 537
83 762
83 786
83 978
84 262
84 781
84 803
85 792
85 817
86 161
86 231
86 793
86 902
87 180
87 803
88 315
88 457
88 508
88 612
88 677
88 802
88 864
88 900
89 200
89 205
89 288
89 408
89 436
89 447
89 821
89 845
89 857
89 921
89 943
90 144
90 149
90 288
90 403
90 623
90 859
90 960
91 95
91 123
91 136
91 174
91 324
91 791
91 835
92 105
92 282
92 977
93 116
93 337
93 471
93 768
93 873
93 893
94 148
94 397
94 430
94 580
95 117
95 309
95 426
95 492
95 755
95 856
96 457
96 615
96 689
96 701
97 450
97 899
97 985
97 988
98 110
98 192
98 261
98 321
98 353
98 367
98 761
98 928
98 959
99 123
99 135
99 318
99 423
99 458
99 604
99 644
99 902
99 911
100 248
100 267
100 399
100 433
100 580
100 627
100 687
100 762
100 798
101 119
101 233
101 478
101 487
101 599
101 790
101 882
101 897
101 915
101 923
101 949
101 979
102 199
102 202
102 428
102 463
102 700
102 787
102 983
103 606
103 939
104 219
104 729
104 783
104 963
104 967
105 253
105 451
105 616
105 646
105 667
105 728
105 933
105 951
105 970
106 120
106 355
106 759
106 829
106 878
107 289
107 563
107 565
107 619
108 144
108 194
108 204
108 474
109 177
109 303
109 765
109 864
109 915
110 612
110 666
110 776
110 899
111 661
111 691
111 861
111 926
112 576
112 820
112 950
113 138
113 482
113 521
113 529
113 574
113 681
113 686
113 774
113 852
113 997
114 204
114 443
114 505
114 716
115 146
115 240
115 399
115 423
115 573
115 749
115 758
115 863
116 156
116 408
116 618
116 785
116 837
116 876
117 179
117 390
117 496
117 608
117 825
118 247
118 809
118 994
119 144
119 184
119 350
119 601
119 838
119 839
120 192
120 689
120 871
120 937
121 219
121 257
121 348
121 508
121 786
122 137
122 753
123 230
123 266
123 275
123 795
123 994
124 127
124 551
124 814
124 868
124 975
125 375
125 589
125 731
125 930
125 954
126 141
126 253
126 304
126 326
126 358
126 366
126 447
126 679
126 702
126 835
127 148
127 617
127 734
128 147
128 335
128 558
128 755
128 864
129 500
129 521
130 140
130 302
130 471
130 496
130 582
130 629
130 772
130 800
130 860
131 419
131 654
132 265
132 595
132 699
132 714
132 879
133 296
133 314
133 330
133 875
134 564
134 694
134 772
134 923
135 460
135 671
135 730
136 463
136 597
136 703
136 806
136 877
136 935
137 200
137 464
138 231
138 290
138 300
138 308
138 506
138 508
138 528
138 563
138 581
138 808
139 166
139 172
139 331
139 522
139 820
139 840
139 916
139 953
140 150
140 411
140 580
140 635
140 667
141 847
141 995
142 588
142 614
142 718
142 838
142 866
143 161
143 340
143 417
143 450
143 511
143 647
143 721
143 746
143 894
144 311
144 349
144 472
144 658
144 702
145 198
146 411
146 594
146 678
146 691
146 772
146 861
146 964
147 213
147 277
147 370
147 499
147 872
148 842
149 254
149 255
149 440
149 495
149 498
149 598
149 674
150 448
150 583
150 627
150 725
151 313
151 409
151 447
151 497
151 559
151 788
152 285
152 290
152 307
153 216
153 288
153 377
153 385
153 432
153 505
153 593
153 841
153 887
154 366
154 739
154 901
155 235
155 325
155 436
155 565
155 812
155 952
156 476
156 756
156 992
157 407
157 457
157 470
157 672
157 958
158 184
158 589
158 782
158 868
158 897
158 908
159 173
159 421
159 906
160 380
160 416
160 484
160 545
160 674
161 219
161 407
161 660
161 765
161 862
161 975
162 661
162 761
162 797
162 889
162 999
163 204
163 270
163 780
163 972
164 388
164 697
164 897
164 971
165 391
165 421
165 669
165 791
165 822
165 943
166 298
166 374
166 824
166 907
167 279
167 477
167 608
167 652
167 717
167 827
168 235
168 373
168 572
168 702
168 889
169 184
169 283
169 783
169 945
169 963
169 994
170 287
170 476
170 482
170 955
171 388
171 400
171 732
171 753
171 850
171 937
172 386
172 570
172 867
172 930
173 418
173 763
173 943
174 301
174 484
174 601
174 727
175 229
175 554
175 757
175 775
175 857
176 177
176 186
176 414
176 480
176 828
176 925
177 703
177 940
178 272
178 699
178 776
179 184
179 279
179 350
179 390
179 822
179 957
180 259
180 320
180 497
181 440
181 451
181 787
181 827
181 994
182 438
182 543
182 686
182 906
183 358
183 895
183 926
184 282
184 420
184 519
184 745
184 755
184 766
184 769
184 988
185 461
185 511
185 748
185 966
186 326
186 494
186 526
186 584
186 971
187 369
187 492
187 571
187 639
187 745
188 485
188 503
188 892
188 951
189 561
189 996
190 199
190 262
190 538
190 715
190 823
190 832
191 215
191 408
191 653
191 660
191 831
191 835
191 954
192 416
192 670
192 834
192 974
193 359
193 364
193 612
194 639
194 786
194 818
194 820
194 968
195 278
195 330
195 467
195 860
195 888
195 964
196 203
196 373
196 416
196 670
196 941
197 199
197 274
197 569
198 217
198 435
198 494
198 516
199 290
199 843
200 283
200 827
201 455
201 504
201 852
202 783
202 996
203 376
203 381
203 435
203 458
203 874
204 459
204 492
204 629
204 644
204 789
204 900
205 346
205 590
205 958
206 607
206 630
206 752
206 797
206 807
206 836
207 242
207 363
207 671
208 218
208 276
208 446
208 529
208 562
208 742
208 919
209 328
209 367
209 384
209 705
209 852
209 861
209 902
209 999
210 311
210 396
210 498
210 558
210 679
210 749
211 521
211 523
211 638
212 432
212 845
212 910
213 224
213 318
213 335
213 754
213 885
213 948
214 263
214 274
214 370
214 405
214 533
215 258
215 553
215 591
215 654
215 714
215 813
216 421
216 755
217 650
217 771
217 819
217 947
217 965
218 362
218 495
218 615
218 997
219 534
219 672
219 785
219 881
219 915
219 917
220 666
220 800
220 886
220 893
221 285
221 367
221 427
221 641
221 661
221 946
221 985
222 291
222 436
222 440
222 501
223 267
223 337
223 513
223 558
223 589
223 620
223 923
224 227
224 246
224 594
224 610
224 670
224 897
225 267
225 373
225 483
225 576
225 591
225 637
225 818
225 879
225 897
225 997
226 395
226 832
226 845
226 852
226 882
226 884
227 323
227 418
227 729
227 919
227 923
227 969
227 983
228 600
229 507
229 622
229 802
230 242
230 307
230 353
230 355
230 481
230 655
230 662
230 753
230 874
231 271
231 368
231 644
231 685
231 768
231 833
232 449
232 478
232 493
232 511
232 823
232 928
232 940
233 386
233 470
233 711
233 866
234 707
234 929
235 274
235 411
235 414
235 679
235 830
235 958
236 471
236 520
236 546
236 801
236 832
237 555
237 584
237 635
237 680
237 694
237 989
237 996
238 376
238 406
238 623
238 641
238 903
239 330
240 295
240 365
240 466
240 563
240 863
240 972
241 317
241 530
241 732
241 734
241 771
241 816
242 338
242 665
242 893
242 928
242 947
243 270
243 658
243 717
243 774
244 256
244 310
244 485
244 548
244 759
244 929
245 560
245 945
245 961
245 964
246 518
246 908
246 985
247 259
247 292
247 336
247 518
247 850
248 469
248 698
248 901
249 420
249 788
249 829
249 926
249 937
250 535
250 975
251 521
251 667
251 724
251 795
251 885
252 367
252 815
252 905
253 258
253 674
253 848
253 929
254 410
254 543
254 914
255 280
255 360
255 665
255 709
255 762
255 828
255 958
256 465
256 521
256 646
256 885
256 939
257 479
257 553
257 584
257 749
257 855
257 985
258 438
258 468
258 471
258 501
258 581
258 657
258 763
258 964
259 329
259 355
259 375
259 413
259 725
260 352
260 447
260 482
260 533
260 553
260 821
260 919
260 959
261 268
261 422
261 482
261 703
261 746
261 805
261 827
262 284
262 926
262 959
263 394
263 505
263 614
263 641
263 719
263 867
264 552
264 599
264 737
264 783
265 590
265 611
265 625
265 752
265 782
265 915
266 445
266 484
266 640
266 687
267 890
268 346
268 776
269 636
269 786
269 905
270 311
270 317
270 525
270 743
270 829
271 298
271 460
271 466
271 546
271 654
271 797
272 342
272 402
272 495
272 535
272 692
272 736
273 421
273 536
273 688
273 730
273 816
273 975
274 311
275 401
275 499
275 523
275 552
275 689
275 812
275 916
276 355
276 415
276 658
276 893
277 310
277 458
277 829
278 311
278 686
278 833
278 864
278 905
278 916
278 934
279 426
279 596
279 643
279 789
279 883
279 904
279 916
280 952
281 368
281 465
281 513
281 802
281 864
281 900
282 355
282 382
282 680
282 821
282 867
282 958
282 959
283 454
283 478
283 502
283 577
283 655
283 674
283 738
283 789
283 872
284 288
284 346
284 393
284 498
284 808
285 422
285 450
285 649
285 652
285 675
285 839
285 998
286 475
288 302
288 641
289 465
289 512
289 525
289 812
290 296
290 712
291 489
291 975
292 534
292 763
293 383
293 478
293 784
294 494
294 533
294 856
294 891
295 461
295 463
295 472
295 549
295 588
295 631
295 794
296 370
296 419
296 479
296 507
296 519
296 594
296 688
296 690
296 789
297 327
297 513
297 540
297 636
297 658
297 699
298 469
298 572
299 335
299 677
299 855
299 966
300 308
300 761
300 830
301 504
301 698
301 766
301 801
301 803
301 904
301 945
301 948
301 953
302 441
302 524
302 721
302 897
303 336
303 586
303 895
303 921
304 640
304 735
304 847
304 862
305 330
305 500
305 548
305 616
305 627
305 659
305 789
305 973
306 340
306 392
306 555
306 748
306 762
306 960
307 906
307 993
308 907
309 537
309 568
309 723
309 724
310 963
311 444
311 572
311 643
311 692
311 749
311 803
311 912
311 998
312 521
313 410
313 548
313 605
313 639
313 914
313 984
314 674
314 730
314 783
315 474
316 931
316 997
317 610
317 630
317 689
317 736
318 338
318 567
318 590
318 725
318 734
318 873
319 324
319 494
319 577
319 611
319 614
319 631
319 659
319 790
319 983
320 344
320 622
320 647
321 351
321 444
321 450
321 505
321 544
321 813
322 734
322 848
323 399
323 400
323 454
323 465
323 499
323 518
323 549
323 651
323 967
324 623
324 801
324 902
324 913
325 389
325 565
325 839
325 854
326 404
327 592
327 966
328 454
328 538
328 818
328 961
329 391
330 647
330 653
330 894
330 913
331 520
331 632
331 647
331 794
331 972
332 627
333 405
333 592
333 680
333 961
334 346
334 405
334 516
334 579
334 782
334 957
335 340
335 379
335 521
336 427
336 556
336 640
336 800
336 916
337 551
337 700
337 788
337 912
338 388
338 494
338 814
338 899
338 900
339 762
339 898
339 934
339 994
340 510
340 629
340 630
340 780
340 895
341 510
341 703
342 466
342 681
342 814
342 868
342 974
343 628
343 690
343 961
344 798
345 571
345 793
345 939
346 355
346 718
346 740
346 787
346 937
346 946
347 750
347 849
347 852
349 640
349 973
350 711
350 939
351 493
351 618
351 702
351 776
351 811
351 892
352 432
352 464
352 784
352 862
352 900
353 488
353 665
353 701
353 991
353 993
354 805
354 811
354 923
356 464
356 656
357 384
357 427
357 580
357 628
358 697
358 828
358 883
358 981
359 578
359 863
359 908
360 550
360 836
361 781
361 871
362 382
362 864
362 964
363 717
363 785
364 368
364 442
364 454
364 537
364 579
364 616
364 682
364 708
364 766
364 787
364 985
365 396
365 776
365 786
365 803
365 931
366 469
366 835
367 375
368 570
368 744
368 946
369 457
369 504
369 610
369 834
370 553
370 682
370 692
370 750
370 868
371 400
371 753
371 846
372 543
372 572
372 594
372 785
372 877
373 512
373 639
373 875
373 918
374 492
374 707
374 735
374 741
374 781
374 782
374 841
374 942
374 965
375 522
375 621
375 694
376 384
376 458
376 893
376 969
376 972
377 448
377 984
377 985
378 565
378 858
378 893
378 909
379 465
379 706
379 962
380 554
380 565
380 571
380 790
381 407
381 409
381 847
382 780
382 857
384 530
384 534
384 599
384 808
384 891
384 913
384 918
384 949
385 487
385 583
385 664
385 762
386 451
386 524
386 545
386 572
386 753
387 407
387 482
387 589
387 610
387 732
387 749
387 915
388 434
388 608
388 671
388 692
388 789
388 951
389 706
390 537
390 769
391 574
391 614
391 650
391 774
391 947
392 447
392 561
392 566
392 670
392 689
392 910
393 615
393 833
394 747
394 776
394 780
394 980
395 410
395 515
395 532
395 690
395 804
395 827
396 754
397 656
397 846
398 505
398 593
398 846
398 950
399 624
399 749
399 888
400 773
400 836
400 884
400 947
400 976
401 406
401 458
401 478
401 601
401 981
402 430
402 650
402 938
402 963
403 479
403 491
403 533
403 744
403 799
403 923
403 931
403 959
403 967
404 635
404 871
404 951
405 491
405 556
405 557
405 945
406 424
406 491
406 695
406 928
407 458
407 573
407 857
407 973
407 992
408 613
408 780
408 796
408 850
408 950
410 420
410 872
410 896
411 598
411 772
413 768
414 590
415 790
415 924
416 452
416 680
416 909
417 627
417 642
417 797
417 843
418 575
418 955
418 986
419 512
419 529
419 618
419 622
420 455
420 495
420 575
420 586
420 619
420 652
420 690
420 989
421 434
421 593
421 674
421 718
421 784
421 842
422 637
422 877
423 430
423 459
423 477
423 487
423 497
423 787
423 896
423 973
423 996
424 856
425 682
425 758
425 914
426 969
427 609
427 841
427 982
428 635
428 659
428 776
428 886
428 963
429 456
429 704
429 922
429 936
430 504
430 517
430 593
430 598
430 642
430 722
430 789
430 839
431 779
431 917
431 946
432 691
432 738
433 723
433 826
433 852
434 528
434 552
434 635
434 691
434 786
434 854
434 939
434 953
434 977
434 999
435 767
435 792
435 977
436 500
436 584
436 809
437 521
437 829
437 921
438 613
439 462
439 741
439 744
439 849
439 967
439 994
439 999
440 602
441 495
441 602
441 669
441 677
441 699
442 553
442 967
442 996
443 752
443 819
443 852
443 866
443 884
444 612
445 531
445 546
445 733
445 855
445 906
445 911
445 974
446 592
446 614
446 750
446 917
447 948
448 463
448 695
448 813
449 566
449 742
449 927
449 971
449 993
450 800
450 832
450 847
450 934
451 570
451 631
451 678
451 730
452 457
452 464
452 547
452 588
452 653
452 921
453 840
454 659
454 660
454 713
454 853
454 941
454 963
455 663
455 691
456 564
456 698
456 979
457 672
457 715
457 723
457 839
457 966
458 706
458 876
458 991
459 479
459 523
459 609
459 651
460 560
460 761
460 893
460 947
461 580
461 633
463 609
463 635
463 906
464 491
464 859
464 946
465 537
465 565
465 786
465 936
466 474
466 552
466 770
466 800
466 880
466 954
467 552
467 707
467 732
468 880
468 948
469 506
469 585
469 639
469 664
469 761
470 667
470 801
470 820
470 945
471 663
471 822
472 589
472 671
472 691
472 765
472 902
472 919
473 731
473 967
474 534
474 555
474 801
474 890
475 502
475 780
475 816
476 628
476 629
476 661
476 766
476 768
476 993
477 657
477 737
477 854
478 546
478 636
478 836
479 779
481 546
481 588
481 695
482 884
482 921
483 704
484 493
484 878
484 938
485 561
485 618
485 660
486 499
486 557
486 669
487 772
487 944
487 950
488 656
488 922
489 572
489 648
489 676
490 515
490 820
490 916
491 619
491 788
491 823
491 929
492 693
492 827
492 912
493 559
493 627
493 857
494 504
494 927
494 985
495 555
495 677
495 971
495 987
496 592
497 787
497 891
498 710
499 542
499 686
499 911
500 517
500 638
500 926
500 997
501 531
501 704
501 766
501 858
502 550
502 643
503 552
503 587
503 589
503 749
503 900
504 633
504 741
504 753
505 575
505 899
505 951
506 509
506 551
506 572
506 632
506 667
506 803
506 812
506 852
507 684
508 538
508 861
510 658
510 867
510 993
511 631
511 967
512 681
512 814
512 897
512 970
513 536
513 809
513 914
514 718
514 998
515 594
515 908
516 930
516 936
516 966
517 537
517 679
517 814
518 587
518 630
518 665
518 670
518 993
519 700
519 951
520 600
520 694
520 942
520 999
521 596
521 952
522 881
522 979
522 997
524 617
524 689
524 697
524 791
524 810
524 844
524 984
525 557
525 824
526 606
526 762
526 811
526 918
526 950
526 984
527 600
527 626
527 687
528 602
528 604
528 657
528 937
529 610
529 894
529 960
530 986
530 999
531 650
531 709
531 756
531 805
531 880
531 907
531 912
531 984
532 564
532 586
532 849
532 968
533 604
533 609
533 619
533 890
533 921
534 881
534 992
535 737
535 791
535 990
536 574
536 949
536 978
537 582
537 660
537 968
537 976
538 882
539 558
539 711
539 783
539 935
539 972
540 889
541 702
541 754
541 838
542 774
542 927
543 805
543 915
543 969
544 555
544 581
544 916
544 973
546 679
546 815
547 610
547 616
548 978
549 551
549 852
550 729
550 827
551 986
553 779
554 663
554 903
554 931
555 751
556 607
556 973
557 733
557 876
558 604
558 828
558 887
558 999
560 859
560 895
563 689
563 792
563 891
563 978
563 999
564 837
565 626
565 656
565 984
566 706
566 913
567 612
567 730
567 826
567 874
568 662
568 679
568 698
568 736
568 789
568 957
569 719
569 933
570 795
570 984
570 990
571 643
571 703
572 740
572 836
572 918
573 597
573 605
573 640
573 642
573 796
573 871
574 760
574 829
575 657
575 763
575 867
576 690
576 736
576 923
578 704
578 936
579 779
580 932
580 962
581 628
581 629
581 833
582 744
583 609
583 626
583 988
584 708
584 724
584 859
584 908
586 792
586 895
588 649
589 866
590 839
590 844
590 954
591 688
591 836
591 904
592 943
592 991
593 682
593 767
593 988
594 635
594 675
595 622
595 659
595 755
595 795
597 827
597 927
597 936
598 608
599 917
600 698
600 876
601 781
602 666
602 760
602 982
603 654
603 769
603 967
604 855
604 967
604 993
606 617
606 630
606 734
606 794
606 913
607 689
607 764
607 766
607 779
607 787
607 815
607 850
608 737
608 780
608 839
609 780
610 644
610 698
610 743
610 781
611 628
611 729
611 932
612 683
612 826
612 920
613 614
613 761
613 864
614 661
614 756
614 848
615 946
616 967
618 667
618 758
619 671
619 751
619 813
619 888
620 820
620 995
621 689
621 758
621 771
621 785
621 933
622 698
622 812
622 855
623 993
624 799
624 947
625 835
625 845
625 967
626 700
628 739
628 757
628 780
628 888
630 680
630 697
630 922
632 762
633 697
634 745
634 828
635 814
635 820
635 983
636 906
637 823
638 821
639 653
639 659
639 702
639 897
640 715
640 792
640 949
641 908
642 713
642 737
642 900
642 977
642 983
643 670
643 854
643 871
643 878
645 949
646 795
647 753
647 826
647 977
648 876
649 832
649 877
649 905
651 968
652 751
652 926
653 794
653 833
653 958
654 793
654 808
654 996
655 663
655 683
655 776
655 878
655 883
656 886
657 732
657 805
658 715
658 742
659 733
659 759
659 949
660 748
660 782
661 666
661 888
661 927
661 951
661 975
663 824
663 914
664 851
665 681
665 692
666 731
666 834
667 680
667 797
668 682
668 870
668 952
669 729
671 774
671 822
671 948
672 674
672 890
674 904
675 697
675 834
675 965
676 856
677 960
678 804
678 809
678 933
678 952
678 972
679 699
679 867
680 895
680 922
681 860
681 909
681 911
681 914
683 945
685 738
685 836
685 897
686 803
686 854
686 906
687 844
688 758
688 777
688 999
689 693
689 716
689 745
689 776
689 860
689 958
690 710
690 895
690 927
691 744
691 839
691 915
692 812
692 918
693 722
693 954
694 779
694 857
694 876
694 960
695 830
696 793
696 856
696 933
697 908
698 831
698 851
698 976
699 798
699 813
700 899
701 898
702 812
703 907
703 998
704 818
704 977
705 790
705 809
705 890
705 910
706 884
707 763
707 819
707 845
708 727
708 989
709 729
709 759
709 934
710 996
711 804
713 762
715 798
715 823
715 910
716 816
716 865
717 839
718 841
718 864
718 932
719 729
719 785
719 882
720 879
722 825
722 871
722 884
722 932
722 980
723 816
723 859
724 765
724 792
725 734
725 934
727 833
728 993
729 841
729 850
730 895
731 945
731 977
731 992
733 735
733 857
734 762
734 871
734 875
734 994
735 967
736 743
736 764
736 767
736 818
736 845
736 915
737 971
737 993
738 758
738 765
738 856
738 956
739 788
739 936
740 878
741 753
741 802
743 767
743 808
743 850
743 994
744 800
744 812
745 824
745 840
745 919
746 827
746 872
746 875
747 766
747 771
748 860
749 984
750 782
750 829
750 929
751 948
752 822
752 958
753 805
753 860
753 984
755 891
755 930
756 825
757 932
758 807
759 808
759 831
760 785
760 942
761 805
762 786
762 974
763 765
763 908
766 822
768 873
768 968
769 868
770 831
771 922
771 924
772 934
773 816
773 942
773 985
774 840
774 916
775 807
776 777
776 905
777 819
778 870
778 918
778 954
778 987
780 920
782 929
783 806
784 799
785 895
785 928
785 965
786 797
787 942
787 979
789 938
793 912
793 954
793 998
794 841
794 964
795 835
795 857
795 881
795 888
795 892
796 912
797 966
798 890
800 863
801 919
801 973
802 853
803 972
804 845
804 982
806 963
807 923
808 925
809 845
809 878
810 947
812 883
813 936
814 821
814 823
814 978
817 902
817 930
819 858
819 859
819 885
819 914
820 859
820 879
820 959
821 865
822 994
824 973
826 946
827 929
828 992
829 988
830 936
831 869
833 860
833 969
834 893
838 956
840 972
841 855
844 851
844 883
845 881
845 884
846 878
846 970
847 940
848 906
851 870
855 862
855 892
856 910
856 952
857 990
858 971
858 999
859 862
859 867
861 898
862 989
863 998
864 933
864 937
866 927
867 941
868 960
872 891
875 929
877 906
877 909
877 922
877 980
878 915
878 995
879 908
880 899
880 922
882 968
883 904
884 912
885 998
886 958
889 893
889 922
889 962
890 892
890 958
891 978
894 946
895 955
896 948
897 956
898 989
899 968
900 917
901 943
905 980
906 991
912 947
913 956
915 967
916 949
919 998
922 963
923 981
923 994
924 925
926 959
929 975
931 968
934 988
934 999
936 951
937 996
944 961
948 984
950 960
955 979
956 959
957 969
957 990
961 985
973 978
977 985
