0 222
0 302
0 327
0 351
0 484
0 489
0 520
0 877
0 931
0 952
1 308
1 452
1 474
1 546
2 98
2 453
2 882
3 127
3 210
3 272
3 295
3 350
3 433
3 469
3 502
4 108
4 251
4 395
4 536
4 558
4 620
4 798
4 914
4 973
5 644
5 756
5 941
6 342
6 361
6 588
6 697
7 52
7 80
7 205
7 303
7 317
7 354
7 383
7 488
7 509
7 800
7 838
8 311
8 757
8 787
9 94
9 688
9 716
9 841
9 888
9 930
9 963
10 14
10 122
10 458
10 465
10 524
10 595
11 335
11 450
11 488
11 514
11 557
11 588
11 713
11 881
11 912
12 60
12 292
12 353
12 360
12 433
12 502
12 788
13 50
13 69
13 202
13 286
13 579
15 226
15 547
15 728
15 896
15 944
16 30
16 105
16 192
16 343
16 495
16 752
16 973
17 32
17 60
17 171
17 557
17 907
17 965
18 250
18 256
18 361
18 448
18 627
18 693
18 813
18 867
19 66
19 232
19 274
19 329
19 396
19 777
20 89
20 192
20 403
20 581
20 711
20 816
21 46
21 336
21 380
21 679
22 30
22 187
22 195
22 280
22 345
22 426
22 806
22 922
23 123
23 380
23 400
23 577
23 815
23 847
24 447
24 511
24 609
24 622
25 206
25 374
25 377
25 499
25 545
25 844
26 300
27 451
27 888
27 948
28 244
28 281
28 296
28 337
28 352
28 357
28 420
28 722
28 792
28 835
29 195
29 368
29 371
29 396
29 559
29 780
29 824
29 832
30 183
30 600
31 248
31 349
32 58
32 184
32 313
32 425
32 625
32 684
32 735
33 239
33 360
33 395
33 688
34 82
34 108
34 128
34 538
34 638
34 887
34 986
35 71
35 123
35 154
35 770
35 909
35 944
35 950
35 960
36 50
36 290
36 537
36 624
36 653
36 697
36 773
36 791
36 839
36 904
36 973
37 165
37 198
37 255
37 492
37 633
37 680
37 796
37 900
38 245
38 380
38 777
39 150
39 561
39 616
39 900
39 947
40 80
40 107
40 153
40 427
40 573
40 752
40 956
41 226
41 284
41 347
41 651
41 660
41 759
42 330
42 340
42 608
42 631
43 66
43 339
43 409
43 644
43 824
43 829
43 925
44 431
44 434
44 444
44 755
44 764
45 437
45 472
46 89
46 188
46 402
46 647
46 713
46 749
46 769
46 877
47 238
47 253
47 570
47 632
47 942
48 159
48 172
48 279
48 482
48 605
48 617
48 968
49 236
49 692
49 919
49 928
49 970
49 999
50 122
50 435
50 474
50 533
50 696
50 793
50 927
51 170
51 863
52 112
52 485
52 718
52 768
53 583
53 705
53 834
53 850
53 896
54 101
54 128
54 239
54 442
54 970
55 82
55 553
55 670
55 834
55 849
55 915
55 924
55 958
56 104
56 447
56 551
56 561
56 575
56 577
56 997
57 166
57 677
58 124
58 371
58 480
58 589
58 639
58 662
58 935
59 277
59 315
59 482
59 659
59 714
60 111
60 343
60 491
60 613
60 620
61 320
61 339
61 573
61 863
61 965
62 291
62 427
63 422
63 528
63 642
63 897
64 476
64 656
64 896
65 140
65 185
65 312
65 391
65 440
65 551
65 768
65 877
65 941
65 970
65 989
66 239
66 697
67 72
67 182
67 225
67 291
67 454
67 475
67 523
67 859
68 136
68 194
68 473
68 506
68 601
68 862
68 977
69 235
69 507
69 898
70 345
70 440
70 951
71 148
71 284
71 316
71 487
71 594
71 679
71 798
71 861
71 913
72 168
72 185
73 582
73 701
73 808
73 838
73 962
74 213
74 223
74 246
74 371
74 625
74 709
74 793
74 917
74 931
75 153
75 526
75 548
75 788
75 936
76 131
76 205
76 282
76 527
76 563
76 932
76 954
77 90
77 641
78 237
78 319
78 471
78 546
78 600
78 749
78 784
78 862
79 153
79 482
79 587
79 738
79 948
80 723
80 981
80 982
81 97
81 890
81 903
81 955
82 168
82 174
82 534
82 545
82 578
82 745
82 980
83 107
83 143
83 286
83 290
83 354
83 643
83 649
83 678
83 748
83 873
84 245
84 269
84 456
84 486
84 586
84 746
84 843
85 516
85 657
85 907
85 927
86 218
86 243
86 300
86 508
86 616
86 650
86 780
86 785
86 847
87 526
87 634
87 868
87 930
88 274
88 475
88 588
88 826
88 889
89 166
89 582
89 642
89 656
89 767
89 832
89 940
89 945
90 147
90 632
90 722
90 889
90 983
91 125
91 262
91 301
91 385
91 492
91 520
91 711
91 851
92 277
92 489
92 492
92 580
92 602
92 993
93 161
93 475
93 784
94 131
94 251
94 290
94 615
94 677
94 821
95 367
95 385
95 681
95 844
96 108
96 170
96 273
96 345
96 366
96 727
96 817
96 827
97 197
97 444
97 991
97 993
98 271
98 432
98 440
98 743
98 876
98 906
98 914
99 237
99 559
99 667
99 806
99 892
100 808
101 389
101 495
101 742
101 825
101 837
102 434
102 778
102 874
103 130
103 147
103 151
103 180
103 230
103 587
103 637
104 178
104 374
104 404
104 533
104 551
104 620
104 627
105 195
105 242
105 247
105 546
106 381
107 253
107 324
107 632
108 368
108 375
108 473
108 554
108 778
109 256
109 291
109 475
109 764
110 147
110 172
110 349
110 413
110 601
111 171
111 707
111 722
111 737
111 817
111 978
112 178
112 619
112 923
113 126
113 215
113 257
113 268
113 270
113 400
113 466
113 520
113 697
113 732
113 822
114 286
114 738
114 811
114 812
115 118
115 341
115 355
115 367
115 545
115 609
115 984
116 420
116 540
116 947
117 168
117 362
117 468
117 566
117 582
117 650
117 878
117 890
117 972
118 216
118 283
118 337
118 493
118 515
118 609
118 678
118 701
119 278
119 416
119 647
119 655
120 709
120 715
120 922
120 944
120 966
121 145
121 458
121 460
121 504
121 658
121 930
122 151
122 207
122 261
122 275
122 397
122 458
122 775
122 822
122 869
122 883
122 925
123 144
123 236
123 237
123 309
123 535
123 762
124 226
124 284
124 317
124 320
124 370
124 453
124 838
124 915
124 950
125 184
125 196
125 252
125 326
125 461
125 570
125 696
125 737
125 828
125 995
126 156
126 213
126 274
126 339
126 511
126 662
126 915
127 412
127 463
127 491
127 743
128 182
128 362
128 376
128 399
128 495
128 732
128 828
128 850
128 990
129 161
129 262
129 457
129 513
129 665
129 803
129 851
130 259
130 265
130 501
130 578
130 641
130 730
130 996
131 214
131 279
131 467
131 478
131 509
131 902
132 612
132 620
132 643
132 723
132 759
132 777
132 798
132 814
132 872
133 226
133 563
133 628
134 334
134 338
134 383
134 478
134 579
134 695
134 790
134 910
134 913
135 206
135 400
135 776
135 889
136 189
136 267
136 268
136 273
136 407
136 527
136 783
136 792
136 897
136 962
137 139
137 147
137 248
137 251
137 435
138 326
138 336
138 365
138 389
138 524
138 752
138 892
138 908
139 143
139 235
139 317
139 355
139 448
139 688
139 696
139 719
139 832
139 966
140 524
140 717
140 725
140 804
140 932
140 960
141 178
141 780
141 818
141 830
141 912
142 552
142 670
142 788
142 795
143 296
143 462
143 507
143 638
143 892
144 234
144 504
144 847
144 871
144 904
145 159
145 175
145 196
145 257
145 303
145 341
145 403
145 592
145 656
145 900
146 251
146 349
146 383
146 479
146 733
146 796
146 969
147 320
147 348
147 485
147 573
147 688
147 950
148 657
148 686
148 693
148 845
149 201
149 347
149 378
149 398
149 532
149 535
149 667
149 815
150 269
150 539
150 546
150 707
150 831
150 909
151 616
152 249
152 283
152 328
152 379
152 776
152 901
153 202
153 361
153 411
153 607
153 641
153 808
154 188
154 315
154 546
154 553
154 775
154 809
154 913
154 919
155 207
155 427
155 445
155 559
155 761
155 937
156 227
156 266
156 456
156 479
156 582
156 756
156 873
156 981
156 996
156 999
157 202
157 291
157 306
157 541
157 659
158 161
158 166
158 172
158 254
158 468
158 740
159 233
159 239
159 251
159 317
159 380
159 394
159 827
159 941
160 207
160 288
160 334
160 478
161 603
161 653
161 709
161 746
161 884
161 947
161 949
161 970
162 251
162 336
162 340
162 529
162 664
162 851
162 971
163 236
163 539
163 681
163 926
164 229
164 247
164 271
164 553
164 655
164 745
165 307
165 414
165 513
165 557
165 631
165 804
165 887
166 180
166 229
166 234
166 294
166 309
166 327
167 301
167 399
167 644
167 645
168 346
168 685
168 764
168 857
168 859
168 900
169 256
169 263
169 826
169 925
170 468
170 690
170 696
170 710
170 890
170 942
171 266
171 343
171 574
171 652
171 667
171 706
172 554
172 579
172 849
173 304
173 361
173 728
173 798
173 945
173 957
174 203
174 634
174 701
175 214
175 241
175 706
176 239
176 287
176 294
176 313
176 529
176 849
176 894
177 207
177 251
177 288
177 434
177 724
177 874
178 290
178 334
178 454
178 546
178 591
178 678
179 201
179 244
179 478
179 498
179 964
180 198
180 425
180 429
180 758
181 516
181 535
182 223
182 391
182 626
182 878
183 187
183 443
183 577
183 643
183 787
184 357
184 455
184 505
184 841
184 998
185 198
185 244
185 640
186 892
186 965
186 998
187 316
187 348
187 507
187 650
187 866
187 940
187 979
188 516
188 636
188 656
188 701
188 867
189 198
189 356
189 832
189 846
189 849
189 897
189 900
190 279
190 375
190 429
190 565
190 588
190 859
190 875
190 992
191 649
191 828
192 258
192 492
192 579
192 682
192 883
193 425
193 612
193 728
193 760
193 971
194 317
194 493
194 520
194 699
194 756
194 863
195 262
195 315
196 215
197 697
197 834
197 879
197 995
198 246
198 293
198 887
198 895
199 397
199 425
199 856
200 383
200 471
200 615
200 885
200 938
200 955
200 984
201 541
201 741
202 333
202 539
202 708
202 959
202 960
203 330
203 810
203 993
204 379
204 650
204 862
204 936
204 958
205 254
205 508
205 563
205 643
205 831
205 964
206 375
206 500
206 734
206 995
207 284
207 298
207 369
207 416
207 683
207 697
208 280
208 337
208 493
208 587
208 837
209 432
209 485
209 643
209 706
210 261
210 304
210 502
210 567
210 670
210 715
210 869
211 265
211 424
211 611
211 667
211 765
212 494
212 964
213 219
213 300
213 458
213 773
213 859
213 970
214 560
214 732
214 816
215 344
216 332
216 691
216 950
217 466
217 660
217 708
218 431
218 704
218 784
218 846
219 462
219 507
219 558
219 643
219 675
219 882
220 223
220 284
220 319
220 471
220 691
220 706
220 774
220 924
221 292
221 355
221 377
221 397
221 821
222 336
222 891
222 940
222 971
223 266
223 284
223 285
223 449
223 451
223 632
223 737
223 874
224 423
225 528
225 620
225 777
225 796
225 846
225 847
226 275
226 413
226 715
226 947
226 986
227 305
227 364
227 560
228 910
228 942
229 243
229 358
229 413
229 447
229 482
229 534
229 700
229 708
229 869
230 265
230 270
230 439
230 758
230 868
230 889
231 504
231 510
231 580
231 589
231 815
232 346
232 397
232 865
232 967
233 241
233 266
233 275
233 358
233 594
234 242
234 486
234 719
234 781
234 992
235 255
235 538
235 540
235 738
235 810
236 241
236 325
236 350
236 438
236 490
236 655
236 875
236 947
237 623
237 633
237 690
237 695
237 851
238 257
238 276
238 298
238 501
238 881
238 887
238 925
239 277
239 314
239 368
239 727
239 737
240 326
240 338
240 630
240 721
240 819
240 955
241 532
241 926
242 243
242 312
242 701
242 769
242 839
243 843
243 872
243 877
243 927
243 995
243 997
244 248
244 269
244 273
244 465
244 559
244 641
244 674
244 880
244 921
245 336
245 515
245 782
245 845
246 328
246 439
246 457
246 561
246 823
246 926
247 914
247 957
247 973
248 815
248 850
249 303
249 378
249 451
249 686
249 702
249 952
250 582
250 932
251 312
251 355
251 363
251 497
251 548
251 560
251 585
251 617
251 677
251 689
251 711
251 862
252 343
252 366
252 477
252 678
252 754
252 869
252 887
253 670
254 506
254 724
254 774
254 906
254 928
254 935
255 491
255 548
255 950
255 984
256 498
256 527
256 549
256 978
256 998
257 428
257 522
257 663
257 943
257 980
258 488
258 865
258 923
259 363
259 663
259 685
259 927
260 291
260 345
260 381
260 389
260 843
260 967
260 975
261 496
261 559
261 877
262 547
262 619
262 657
263 354
263 358
263 553
263 720
263 791
264 741
264 908
265 277
265 443
265 605
265 800
265 886
265 914
265 926
266 298
266 454
266 540
266 651
266 659
266 674
266 735
266 919
266 935
267 752
267 763
267 832
267 963
268 377
268 395
268 402
268 415
268 464
268 659
268 920
269 296
269 357
269 430
269 443
270 280
270 828
271 388
271 440
271 468
271 652
271 753
272 734
272 941
272 990
273 370
273 471
273 715
273 955
274 279
274 460
274 633
274 880
274 942
274 988
275 432
275 556
275 612
275 625
275 633
276 347
276 792
276 950
276 974
277 336
277 349
277 484
277 565
278 694
278 880
278 929
279 319
279 607
279 752
279 951
280 353
280 418
280 882
281 604
282 484
282 490
283 297
283 384
283 401
283 510
284 370
284 390
284 545
284 655
284 673
284 690
285 468
285 499
285 615
285 738
285 976
286 427
286 720
286 740
286 775
286 858
287 486
287 549
287 574
287 640
287 787
287 980
288 339
288 451
288 463
288 531
288 615
288 916
289 388
290 439
290 453
290 486
290 511
290 513
290 925
291 313
291 330
291 403
291 433
291 766
292 323
292 330
292 382
292 459
292 513
292 530
292 574
292 709
293 381
293 409
293 734
293 747
293 797
293 919
294 535
294 552
294 645
294 676
294 691
294 854
296 303
297 418
297 655
297 683
297 958
298 362
298 555
298 745
298 831
298 866
298 867
298 868
299 512
299 513
299 550
299 690
300 478
300 497
300 689
300 732
301 443
301 528
301 554
301 595
301 932
302 312
302 381
302 441
302 593
302 657
302 934
302 972
303 397
303 546
303 666
304 510
304 598
304 725
304 866
304 926
305 411
305 558
306 370
306 391
306 900
306 947
307 629
308 526
308 768
308 925
309 558
309 696
310 495
310 795
310 856
312 660
312 727
312 791
312 809
313 566
313 646
313 693
313 704
313 740
313 801
313 876
314 403
314 584
314 628
315 534
315 671
316 362
316 477
316 625
316 767
316 973
317 510
317 597
317 970
318 616
318 683
318 835
319 412
319 590
319 856
319 929
320 366
320 574
320 684
320 719
320 777
320 796
320 906
320 932
321 332
321 391
321 576
321 722
321 725
321 859
321 875
322 608
322 650
322 736
322 914
323 351
323 393
323 419
323 452
323 788
323 962
324 345
324 441
324 690
324 703
325 347
325 574
326 626
326 881
326 958
326 964
327 851
328 682
328 935
329 768
331 370
331 545
331 778
333 646
333 735
333 739
333 854
334 503
334 955
334 974
335 343
335 374
335 558
335 695
335 758
335 900
335 954
336 776
337 338
337 495
337 534
337 841
338 544
338 764
338 769
339 357
339 735
339 781
339 787
339 873
339 984
340 556
340 612
340 950
341 687
341 771
342 399
342 743
342 841
342 970
342 978
343 493
343 547
343 788
343 827
343 860
343 932
344 540
346 660
346 739
346 766
346 896
346 917
347 371
347 573
348 474
349 465
349 768
349 866
349 919
350 378
350 577
350 634
350 733
351 358
351 976
352 551
352 577
352 621
352 878
352 950
352 978
353 380
353 456
353 656
353 715
353 967
354 440
354 512
354 709
354 714
354 796
355 437
355 526
355 568
355 776
356 552
356 595
356 619
356 761
356 926
356 941
356 965
356 969
357 472
357 548
357 556
358 971
359 583
359 760
359 945
360 403
360 432
360 441
360 476
360 711
360 873
360 992
361 740
361 810
361 821
362 497
362 704
362 818
363 521
363 607
364 470
364 930
365 507
365 577
365 605
365 919
366 477
366 505
366 577
366 774
367 400
367 461
367 673
367 775
367 787
367 934
367 986
368 500
368 959
369 574
369 665
370 414
370 530
370 584
370 720
371 558
371 614
372 386
372 562
372 887
372 910
372 942
373 375
373 479
373 791
373 898
373 947
373 959
374 552
374 624
374 631
374 649
374 673
374 733
374 956
374 972
375 379
375 409
375 639
375 782
376 457
376 762
376 803
376 900
376 953
377 423
377 486
377 681
377 704
377 820
377 870
377 880
377 937
378 397
378 484
378 577
378 637
378 702
378 873
379 393
379 887
379 929
380 548
380 816
380 867
380 952
381 659
382 532
382 754
382 887
383 701
383 768
383 906
384 415
384 422
385 456
385 849
385 984
386 668
386 797
386 976
386 994
387 968
388 540
388 712
388 765
389 529
389 734
389 968
390 781
390 866
390 934
390 975
390 990
391 486
391 510
391 625
391 732
392 643
392 667
392 852
392 873
393 559
393 664
393 866
394 475
394 585
394 830
394 842
394 975
395 428
395 849
396 413
396 531
396 560
396 608
396 878
397 753
397 763
397 979
398 490
398 582
398 609
398 697
399 435
399 601
399 663
399 889
400 681
401 607
401 753
401 813
402 442
402 620
402 757
402 805
402 853
402 965
403 513
403 781
403 919
403 921
404 591
404 752
404 794
404 817
405 553
405 570
405 600
406 826
406 988
407 427
407 456
407 513
407 673
408 599
408 723
408 796
409 625
409 722
409 922
410 543
410 605
410 878
410 990
411 614
411 737
411 892
411 961
411 976
412 520
412 572
412 736
412 916
413 436
413 445
413 631
413 698
413 702
413 964
414 526
414 551
414 929
415 504
415 714
415 963
416 528
416 538
416 703
416 922
417 822
417 877
418 499
418 500
418 991
419 598
419 602
419 746
420 455
420 745
420 752
421 457
421 484
421 752
422 450
422 508
422 555
423 618
423 693
423 845
424 668
424 800
424 869
425 598
425 641
425 933
426 526
426 829
426 914
427 487
427 609
427 676
428 545
428 593
428 594
428 654
428 791
429 525
429 571
430 803
430 853
430 914
430 916
431 454
431 460
431 467
431 625
431 716
431 938
432 485
432 595
432 787
432 848
432 938
433 455
433 634
433 716
433 903
433 973
434 654
434 827
434 864
434 889
434 911
434 972
435 739
435 858
435 943
435 953
436 505
436 574
436 837
437 677
437 811
438 459
438 560
438 622
438 836
438 941
438 970
439 442
439 591
439 596
439 747
439 759
439 910
440 462
440 548
440 758
441 588
441 740
441 895
442 467
442 625
442 745
442 761
442 844
442 933
443 486
443 523
443 942
444 913
445 971
446 510
447 471
447 760
447 987
448 846
449 494
449 498
449 537
449 545
449 898
449 905
449 948
450 801
450 985
451 460
451 551
451 560
451 630
451 646
451 963
452 618
452 637
452 789
452 918
453 713
453 866
454 608
454 711
454 883
454 947
455 601
455 696
455 799
456 539
456 554
456 603
456 604
456 728
456 748
457 542
457 612
457 666
457 830
457 853
457 878
457 983
458 473
458 586
458 608
458 622
459 484
459 620
459 641
459 697
459 726
459 776
459 872
459 946
460 466
460 487
460 639
460 985
461 910
461 917
461 955
461 958
462 839
463 477
463 506
463 978
464 653
464 673
464 713
464 857
465 466
465 558
465 764
466 730
466 978
467 722
467 774
467 796
467 862
468 556
468 627
468 935
469 651
470 515
470 822
471 616
471 833
471 902
471 952
472 483
472 510
472 899
472 933
472 939
472 958
473 574
473 686
473 808
474 494
474 851
474 863
474 871
475 528
475 736
475 830
476 574
476 606
476 914
476 916
476 984
477 501
477 860
479 687
479 940
480 503
480 550
480 616
480 630
480 825
480 868
481 808
481 915
481 986
482 504
482 921
483 528
483 832
483 833
484 672
484 762
484 891
484 973
486 905
487 909
487 912
488 774
488 814
489 505
489 671
489 868
489 949
490 653
491 553
491 753
491 781
491 794
491 931
491 973
492 868
492 918
493 519
493 623
493 730
493 751
494 606
494 649
495 515
495 656
495 985
496 614
496 908
496 952
497 770
497 929
498 559
498 916
498 990
499 918
500 587
500 730
500 776
501 738
501 829
501 958
502 604
502 751
502 806
502 968
503 763
503 929
504 534
504 630
504 692
504 830
505 875
505 922
506 606
506 772
506 793
507 549
507 556
508 555
508 567
508 575
508 761
510 552
510 591
510 819
510 971
512 980
512 981
513 658
513 765
513 788
513 849
513 855
513 917
514 621
514 825
514 892
515 535
515 600
515 654
515 734
515 758
515 843
515 946
516 575
516 684
516 719
516 820
517 556
517 671
517 862
518 647
519 548
519 593
519 823
519 927
519 933
519 964
519 976
520 570
521 640
521 732
521 874
521 968
522 715
522 994
523 624
523 637
523 778
523 786
523 804
523 937
524 679
524 931
525 606
525 636
525 892
526 609
526 641
526 729
527 577
527 648
527 865
527 874
527 877
527 922
528 570
528 586
528 659
530 887
531 555
531 737
531 888
532 600
532 669
532 676
532 759
532 896
533 664
533 672
533 997
534 617
534 675
534 726
534 843
534 880
534 945
534 975
535 804
536 784
536 832
536 875
536 959
536 968
537 852
538 910
538 992
539 547
539 713
539 754
539 922
539 985
540 605
540 614
540 688
542 561
542 587
542 870
543 888
543 948
544 586
544 876
544 980
545 684
546 801
546 823
547 627
547 852
547 869
548 938
549 602
549 650
549 801
549 849
550 658
550 669
550 825
550 986
551 643
551 646
552 569
552 831
552 894
553 590
553 718
554 594
554 967
555 641
555 723
555 875
556 871
557 558
557 588
557 685
558 650
558 716
559 728
561 798
561 854
562 727
562 737
562 741
562 978
563 566
563 665
563 738
564 954
565 649
565 795
565 977
566 932
566 989
567 599
567 681
567 800
568 827
568 965
569 744
569 967
570 582
570 606
571 629
571 922
571 956
571 985
572 751
572 817
572 853
573 621
573 796
573 880
574 662
574 663
574 671
574 689
574 713
574 809
574 898
575 598
575 608
575 627
575 646
575 852
575 874
576 622
577 617
577 660
578 723
579 933
580 691
580 805
580 908
581 685
581 865
582 772
582 981
584 602
584 612
584 688
584 850
585 637
586 899
586 952
587 654
587 694
587 758
587 905
587 912
587 964
588 984
590 976
591 686
591 748
591 925
592 865
592 879
592 951
593 655
593 946
593 976
594 597
594 892
594 898
595 973
596 614
596 770
596 863
597 689
597 805
597 993
598 981
599 616
599 711
600 636
600 853
600 903
601 820
602 684
602 823
602 910
603 615
603 839
603 932
604 736
604 798
604 843
604 876
604 879
605 697
605 778
605 813
606 933
607 613
607 674
608 699
608 847
608 853
609 664
609 682
609 784
609 810
610 842
610 847
610 917
610 960
611 891
611 979
613 675
614 904
615 688
615 870
616 836
616 838
616 867
617 643
617 732
618 698
618 775
618 826
619 935
620 767
620 872
621 725
621 835
622 657
622 734
622 761
622 952
623 639
623 652
623 929
624 673
624 783
624 802
625 653
625 693
625 842
626 664
626 674
626 880
626 949
626 973
627 711
627 724
627 754
628 673
628 812
629 635
629 918
630 664
631 742
631 941
632 686
632 690
632 898
633 670
634 703
635 849
636 698
636 827
637 678
638 702
638 706
638 751
638 829
638 912
639 724
639 767
639 778
639 882
640 659
640 712
640 892
641 659
641 932
642 904
643 695
644 788
644 941
645 728
645 765
645 957
646 722
646 751
646 868
646 905
647 724
648 765
648 879
648 890
648 930
649 953
650 742
650 839
651 669
651 780
651 897
652 671
653 964
654 809
654 947
655 777
655 806
656 670
656 922
657 734
657 745
658 685
658 842
658 886
658 893
658 992
659 767
660 669
660 731
661 773
661 987
662 883
663 832
663 962
664 810
664 852
665 908
665 967
666 712
667 669
667 862
668 860
668 885
668 988
669 791
669 873
670 692
670 712
670 755
671 919
672 746
672 985
673 770
673 774
673 835
673 953
675 694
676 901
677 718
677 788
677 850
677 888
677 900
677 986
678 848
680 810
680 865
680 926
681 693
681 895
683 688
683 713
683 807
684 871
684 917
685 711
685 881
686 833
687 889
688 851
688 917
689 788
689 892
690 713
690 783
690 844
690 958
691 905
692 855
692 896
693 897
694 701
694 703
694 747
694 820
694 821
696 935
696 946
697 813
697 997
698 733
698 858
699 731
700 983
702 750
702 788
702 822
703 894
703 944
703 968
704 833
704 863
704 926
704 934
705 841
705 901
705 999
707 726
707 794
707 861
709 762
709 837
709 976
710 776
710 937
711 854
712 790
712 837
712 843
712 857
712 920
713 730
714 740
714 791
714 897
715 743
715 762
715 783
715 825
716 883
716 892
718 945
719 882
720 944
721 767
721 881
721 928
721 991
722 786
722 950
724 778
724 822
725 773
725 973
726 776
726 832
726 936
727 744
727 950
727 978
728 895
729 768
730 732
731 940
733 880
734 769
734 870
735 738
736 841
737 931
737 938
739 747
739 760
739 856
740 982
741 748
741 884
741 907
741 988
742 773
744 841
744 842
745 890
746 907
747 782
748 823
748 828
748 835
748 962
748 973
749 939
749 952
750 964
752 800
753 794
753 867
753 942
753 976
754 767
754 888
755 991
756 875
756 921
757 831
758 809
759 879
760 776
760 926
760 934
762 820
762 821
762 993
762 996
763 795
763 850
764 831
764 851
765 962
766 918
767 953
768 983
769 877
769 925
771 904
772 836
772 901
773 824
773 879
774 992
774 998
775 902
777 804
777 958
778 904
778 922
778 964
779 838
779 860
779 866
780 827
780 979
782 822
782 933
783 903
783 982
785 825
785 873
786 954
788 931
790 992
792 873
792 879
793 884
794 860
795 880
795 884
795 947
795 953
797 906
800 873
800 986
801 816
802 822
802 903
802 927
802 997
803 872
803 957
805 945
805 986
806 936
807 854
807 932
807 971
808 918
809 814
809 857
810 851
810 929
811 966
812 921
813 859
814 955
816 949
816 951
816 962
818 902
818 921
820 854
820 869
822 896
823 838
824 981
826 917
827 860
827 950
827 955
828 936
829 860
830 991
832 847
832 885
834 912
835 850
835 852
836 895
839 843
839 885
839 929
839 947
839 969
840 910
840 979
841 849
841 974
842 933
843 953
843 997
845 957
846 989
847 924
847 986
848 992
849 870
852 881
855 936
857 943
858 883
859 863
860 950
862 927
863 912
863 977
865 938
865 980
867 924
867 936
868 892
868 903
868 925
868 964
869 877
869 942
871 939
872 896
872 963
873 972
874 894
874 990
875 948
875 968
879 922
880 955
880 973
882 926
885 954
885 997
887 978
889 932
890 955
892 935
892 973
892 988
893 936
895 934
897 984
898 982
900 938
901 948
902 938
904 949
905 936
906 950
909 945
909 953
909 992
911 959
913 916
917 985
920 982
921 993
923 965
923 984
927 956
927 972
930 971
932 979
940 945
940 951
941 981
958 996
960 990
961 994
974 998
976 994
985 993
