0 56
0 82
0 156
0 447
0 963
0 976
1 115
1 193
1 268
1 586
1 649
1 770
1 775
1 830
2 52
2 59
2 197
2 302
2 336
2 670
2 723
3 19
3 119
3 366
3 665
3 687
3 836
4 754
5 234
5 317
5 404
5 415
5 496
5 927
6 332
6 449
6 462
6 597
6 808
6 952
7 321
7 427
7 645
7 823
8 140
8 207
8 630
8 636
9 371
9 380
9 616
9 664
9 685
9 861
9 939
9 990
10 74
10 376
10 402
10 410
10 414
10 567
10 597
10 715
10 720
11 315
11 400
11 580
11 644
11 649
11 744
11 972
12 187
12 288
12 377
12 662
12 889
12 932
12 960
13 233
13 706
13 769
13 908
14 37
14 442
14 501
14 520
14 613
14 723
15 397
15 515
15 703
15 933
16 18
16 46
16 151
16 236
16 492
16 636
16 831
16 877
16 887
16 973
17 23
17 82
17 248
17 527
17 557
17 643
17 717
18 21
18 58
18 155
18 170
18 382
18 584
18 895
19 93
19 412
19 426
19 457
19 481
19 899
19 959
20 142
20 221
20 279
20 286
20 599
20 636
21 134
21 199
21 227
21 306
22 419
22 539
22 594
22 730
22 735
23 603
23 687
24 107
24 402
24 406
24 702
24 948
25 801
25 854
26 142
26 192
26 320
26 399
26 725
27 31
27 608
27 911
28 237
28 543
28 635
28 998
29 110
29 118
29 226
29 234
29 502
29 560
29 797
29 917
30 49
30 572
30 875
31 48
31 61
31 124
31 171
31 203
31 354
31 491
31 680
31 753
31 935
31 966
32 46
32 160
32 453
32 733
33 670
33 786
34 193
34 198
34 217
34 219
34 416
34 443
34 475
34 477
34 609
34 833
34 834
34 881
35 203
35 583
35 863
35 909
36 323
36 842
36 885
36 936
37 48
37 747
37 892
37 963
38 114
38 323
38 405
38 602
39 52
39 143
39 177
39 334
39 506
39 530
39 941
40 202
40 414
40 487
40 531
40 608
40 831
41 157
41 385
41 461
41 640
41 772
41 805
42 588
43 113
43 227
43 307
43 416
43 499
43 592
43 872
43 932
43 944
43 989
44 276
44 556
44 558
44 902
45 185
45 265
45 398
45 464
45 634
45 714
45 994
46 128
46 312
46 510
46 570
46 641
46 904
47 238
47 389
47 490
47 509
47 599
47 702
47 979
48 51
48 427
48 644
48 803
49 440
49 494
49 786
49 935
49 950
50 306
50 499
50 618
50 806
50 909
51 113
51 156
51 167
51 285
51 323
51 417
51 429
51 781
51 844
52 114
52 377
52 681
52 857
53 149
53 195
53 553
53 761
53 980
54 73
54 94
54 379
54 431
54 513
54 538
54 608
54 812
54 828
55 363
55 551
55 583
55 613
55 684
55 740
56 72
56 101
56 115
56 317
56 361
56 426
56 625
56 767
56 899
56 909
57 65
57 135
57 615
57 640
57 681
57 841
58 136
58 552
58 672
58 739
58 933
59 65
59 400
59 435
59 481
59 764
59 985
60 190
60 426
60 459
60 489
60 519
60 549
60 740
60 741
60 907
60 936
61 182
61 197
61 200
61 382
61 452
61 586
61 625
61 657
61 806
61 950
61 989
62 595
62 746
62 857
62 907
62 928
62 951
63 111
63 127
63 182
63 428
63 450
63 656
63 691
63 712
64 81
64 87
64 125
64 315
64 434
64 857
64 940
65 216
65 775
65 790
66 69
66 611
66 624
66 675
66 720
66 733
67 167
67 356
67 588
67 681
67 759
67 849
68 205
68 252
68 371
68 479
68 500
68 571
68 713
68 740
68 973
69 117
69 118
69 524
69 541
69 615
69 796
70 245
70 401
70 631
70 658
70 668
70 701
70 807
71 655
71 722
71 904
71 929
72 154
72 276
72 311
72 429
72 843
72 861
72 959
73 413
73 489
73 657
73 699
74 90
74 105
74 160
74 219
74 311
74 390
74 431
74 744
75 80
75 367
75 587
75 677
75 818
75 926
76 100
76 167
76 228
76 384
76 513
76 712
77 192
77 292
77 327
77 380
77 668
77 743
77 757
77 776
77 924
77 966
78 413
78 647
78 665
79 225
79 362
79 431
79 433
79 458
79 623
79 667
79 943
80 320
80 402
80 548
80 687
80 822
81 85
81 247
81 320
81 554
81 638
82 150
82 396
82 551
82 894
83 146
83 186
83 221
83 239
83 240
83 349
83 370
83 387
83 482
83 877
84 213
84 611
84 689
84 980
84 997
85 324
85 379
85 476
85 747
86 227
86 807
86 865
86 946
86 959
87 722
87 831
87 907
88 245
88 375
88 385
88 393
88 426
88 560
88 758
89 102
89 142
89 176
89 269
89 375
89 552
90 231
90 633
90 657
90 666
90 745
90 822
90 973
91 371
91 474
91 620
91 662
92 264
92 404
92 469
92 543
92 617
92 633
92 718
93 127
93 183
93 436
93 573
93 652
93 727
93 735
93 802
94 113
94 168
94 180
94 281
94 428
94 566
94 816
95 466
95 529
95 565
96 125
96 167
96 213
96 373
96 628
96 857
96 882
97 114
97 185
97 308
97 502
98 166
98 208
98 382
98 548
98 596
98 781
98 995
99 409
99 553
100 379
100 583
100 697
100 937
101 184
101 280
101 293
101 455
101 464
101 769
102 122
102 287
102 628
102 638
102 840
102 870
102 891
102 937
103 186
103 210
103 382
103 439
103 552
103 655
103 854
103 894
103 911
104 327
104 489
104 490
104 976
105 503
105 583
105 782
105 796
105 804
106 159
106 312
106 638
106 839
107 348
107 698
107 724
108 275
108 361
108 987
109 116
109 248
109 483
109 581
110 170
110 242
110 411
110 563
110 808
111 280
111 374
111 426
111 446
111 707
112 346
112 384
112 444
112 474
112 665
112 692
112 851
112 935
113 187
113 229
113 386
113 842
114 137
114 772
115 316
115 436
115 556
115 856
116 354
116 387
116 752
116 902
116 972
117 141
117 507
117 622
118 771
119 239
119 464
119 536
119 792
119 973
120 228
120 291
120 408
121 170
121 214
121 754
121 875
122 153
122 289
122 607
122 766
123 292
123 416
123 524
123 782
123 871
123 915
124 154
124 485
124 702
125 226
125 569
125 758
125 796
125 817
125 831
125 938
126 341
126 651
126 895
126 962
127 314
127 327
127 472
127 490
127 932
128 347
128 361
128 533
128 539
128 737
129 247
129 649
129 670
130 554
130 641
130 908
130 949
131 276
131 322
131 417
131 423
131 452
131 776
131 872
131 893
131 956
132 264
132 282
132 346
132 492
132 574
132 598
132 656
132 862
133 402
133 666
133 850
135 284
135 847
135 971
136 239
136 363
136 587
136 595
136 601
136 779
136 872
137 391
137 424
137 637
137 775
137 888
137 974
138 148
138 614
138 900
139 830
139 947
139 955
140 458
140 687
141 142
141 482
141 569
141 926
141 965
141 985
142 250
142 362
142 431
142 448
142 679
142 926
142 947
142 965
143 257
143 370
143 603
143 717
143 751
144 415
144 723
145 414
145 534
145 979
146 375
146 668
146 757
147 345
147 413
147 521
147 829
147 978
148 582
148 661
149 215
149 284
149 287
149 348
149 415
149 515
149 586
149 669
149 687
149 900
150 279
150 303
150 382
150 659
150 715
150 741
150 790
151 314
151 325
151 412
151 655
151 737
151 877
152 633
152 904
153 316
153 459
153 665
153 776
153 954
153 955
154 278
154 663
154 916
154 947
155 227
155 464
155 613
155 796
155 918
156 605
156 809
157 229
157 236
157 799
158 291
158 353
158 549
158 600
158 666
159 377
159 471
159 617
159 823
159 892
160 208
160 218
160 783
161 262
161 282
161 293
161 501
161 604
162 228
162 350
162 561
163 416
163 603
163 821
163 841
164 248
164 294
164 368
164 542
164 620
164 672
164 959
165 241
165 247
165 514
165 671
166 202
166 489
166 515
166 562
166 708
166 851
167 202
167 271
167 378
167 631
167 900
168 317
168 414
168 540
168 588
168 630
168 979
169 604
169 612
169 797
169 858
169 903
170 208
170 212
170 364
170 406
170 530
170 568
170 626
170 773
170 834
171 364
171 487
171 598
172 215
172 314
172 451
172 503
172 638
172 666
172 729
172 821
172 953
173 288
173 298
173 439
173 511
174 245
174 718
174 929
174 985
175 228
175 567
175 586
175 923
175 956
176 321
176 707
177 294
177 881
177 924
178 577
178 983
179 330
179 519
179 532
179 554
179 827
179 883
180 329
180 819
181 269
181 531
181 554
181 617
182 371
182 438
182 442
182 505
182 601
183 476
183 681
183 785
183 994
184 284
184 600
184 632
184 838
185 212
185 482
185 558
186 232
186 349
186 858
187 258
187 376
187 585
187 904
187 927
187 962
188 240
188 472
188 759
188 932
189 327
189 456
189 469
189 694
190 200
190 707
190 854
190 966
191 198
191 314
191 383
191 460
191 649
191 731
191 786
191 799
191 879
191 922
192 403
192 633
192 641
193 401
193 653
193 806
193 873
193 901
194 341
194 521
194 571
194 629
194 699
195 356
195 550
195 646
195 679
195 725
196 359
196 575
196 931
197 233
197 695
197 726
197 929
198 216
198 301
198 402
198 464
199 232
199 345
199 613
199 967
200 408
200 569
200 746
201 252
201 304
201 334
201 408
201 411
201 574
201 966
202 220
202 644
202 664
202 726
202 842
202 859
203 219
203 550
203 573
203 867
203 972
203 974
204 383
204 507
204 590
204 736
205 310
205 350
205 370
205 807
205 820
205 832
205 947
205 984
206 451
206 787
206 899
206 928
207 292
207 529
207 678
207 685
207 779
207 803
207 822
207 952
208 551
208 600
209 350
209 698
209 872
209 920
210 252
210 483
210 533
210 608
210 752
211 301
211 511
211 696
211 737
211 804
212 248
212 576
212 598
212 846
212 857
212 888
212 918
212 947
213 263
213 353
213 381
213 455
213 721
214 344
214 748
214 788
214 922
215 366
215 686
215 885
216 267
216 614
216 843
217 633
217 647
217 670
217 767
217 799
217 840
217 930
218 264
218 659
218 941
218 951
219 315
219 447
219 974
220 450
220 915
220 940
221 379
221 462
221 595
221 631
222 404
222 574
222 575
222 608
222 626
222 738
222 801
222 832
222 895
223 339
223 361
223 469
223 947
224 881
225 293
225 343
225 479
226 509
226 531
226 872
226 913
226 948
226 980
227 321
227 910
227 961
228 400
228 434
228 445
228 681
228 717
228 844
228 852
228 882
228 903
229 264
229 334
229 359
229 416
229 466
229 706
229 879
229 943
230 239
230 331
231 368
231 464
232 469
232 568
232 590
232 685
232 875
233 453
233 519
233 648
233 801
234 464
234 470
234 529
234 607
235 840
236 319
236 853
236 917
237 540
237 952
238 285
238 676
238 708
238 985
239 340
239 365
239 393
239 443
239 481
239 740
239 884
239 961
239 989
240 250
240 369
240 375
240 446
240 687
240 839
240 866
241 948
242 579
242 771
243 245
243 318
243 328
243 418
243 689
243 696
243 706
243 846
244 263
244 340
244 460
244 614
244 651
244 758
244 815
244 908
245 289
245 350
245 471
245 712
245 855
246 307
246 434
246 451
246 492
246 708
246 875
247 274
247 349
247 655
247 692
247 700
247 783
247 788
247 893
248 260
248 427
248 601
248 634
248 785
248 933
249 305
249 587
249 803
250 428
250 738
250 931
250 933
251 301
251 578
251 727
253 319
253 399
253 438
253 518
254 617
254 645
254 801
254 955
254 964
255 759
255 853
255 930
256 268
256 388
256 488
256 595
256 600
256 626
256 889
256 942
257 280
257 326
257 565
258 332
258 382
258 471
258 796
258 949
258 968
259 683
259 762
260 367
260 492
260 523
260 639
260 694
261 564
261 641
261 927
261 950
263 556
263 896
264 288
264 746
264 790
264 822
264 918
265 322
265 548
265 671
265 847
266 385
266 587
266 602
266 697
266 727
266 766
267 385
267 492
267 537
267 538
267 597
267 633
267 698
267 974
268 481
268 535
268 613
269 743
270 331
270 374
270 512
270 784
271 447
271 530
271 580
271 753
271 992
272 853
272 927
272 945
273 566
273 593
273 716
273 803
274 408
274 580
274 764
275 698
275 816
276 608
276 998
277 937
278 595
278 722
278 941
279 294
279 363
279 596
279 605
279 657
279 834
279 984
280 372
280 461
280 601
280 603
280 621
280 637
280 951
280 959
280 985
281 445
281 457
281 510
281 526
282 502
282 799
282 883
283 285
283 325
283 711
283 781
284 338
284 555
284 656
285 333
285 407
285 458
285 499
285 744
285 913
286 611
286 860
287 312
287 453
287 616
287 867
288 433
288 485
288 600
288 710
288 828
288 855
288 899
289 453
289 601
289 689
291 376
291 593
291 649
291 989
292 418
292 879
293 370
293 383
293 460
293 838
293 978
294 351
294 368
294 396
294 475
294 610
294 909
294 956
294 958
295 426
295 581
295 632
295 646
295 650
295 875
296 802
296 945
297 342
297 362
297 777
298 457
298 714
298 812
298 831
299 853
300 450
300 481
300 750
301 635
301 643
301 649
301 803
302 433
302 498
302 780
302 956
302 969
303 543
303 547
303 881
304 714
304 892
304 992
305 357
305 412
305 450
305 627
305 715
305 771
305 779
306 422
306 843
307 418
307 811
307 857
308 620
308 796
308 991
310 397
310 859
310 866
311 384
311 418
311 730
311 806
311 858
312 350
312 404
312 468
312 522
312 698
312 718
312 973
313 481
313 721
314 481
314 597
314 635
314 724
315 460
315 461
315 505
315 801
316 684
316 714
316 850
317 969
318 331
318 778
318 859
318 893
318 901
319 395
319 786
319 811
319 858
320 698
320 741
320 751
320 965
321 415
321 490
321 514
321 712
321 994
322 590
323 467
323 478
323 701
323 893
323 898
324 730
325 507
325 572
326 357
326 946
327 664
327 705
327 773
328 363
328 402
328 454
328 521
328 557
328 558
328 727
328 743
329 501
329 568
329 606
329 641
329 654
329 748
329 854
329 955
330 374
330 414
330 431
330 628
330 688
330 692
330 799
331 859
331 869
331 972
334 633
334 843
334 969
335 336
335 414
335 443
335 657
335 853
335 981
336 367
336 413
336 530
336 633
336 762
336 982
337 440
337 475
337 526
337 597
337 726
337 771
338 737
340 457
340 544
340 590
340 606
340 804
340 838
340 842
340 862
341 561
341 684
341 743
341 750
341 776
341 949
341 974
341 981
342 470
342 710
342 732
342 798
342 817
342 893
342 993
343 390
343 454
343 796
343 875
343 961
343 978
344 394
344 511
344 655
344 770
344 924
345 487
345 823
345 928
346 415
346 438
346 761
347 412
347 544
347 551
347 753
347 871
347 993
348 620
348 651
348 686
348 874
349 367
349 517
349 769
349 962
350 446
350 484
350 494
350 624
351 404
351 460
351 716
352 662
352 743
352 909
353 402
353 474
353 588
354 943
355 538
355 549
355 630
355 779
355 904
356 440
356 461
356 509
356 971
356 994
357 401
357 429
357 621
358 386
358 673
358 802
358 969
359 544
359 858
360 399
360 641
360 758
360 772
360 910
361 380
361 389
361 449
361 464
361 492
362 456
362 731
362 754
363 417
363 529
363 718
363 773
364 537
364 634
364 659
364 818
364 827
365 437
365 557
365 813
366 512
366 615
366 739
366 749
367 514
367 640
367 898
368 406
368 518
368 645
368 758
368 782
368 870
368 907
369 503
369 613
369 653
369 746
369 782
369 948
370 707
371 424
371 530
371 628
371 642
372 800
373 460
373 704
374 602
374 660
374 937
375 435
375 572
375 835
375 849
375 919
375 976
377 386
377 674
378 388
378 422
378 700
378 784
378 833
378 835
378 872
379 667
379 689
379 802
380 910
380 968
381 459
381 605
381 799
382 532
382 535
382 740
382 842
383 524
383 615
383 729
384 423
384 463
384 478
384 765
384 808
384 809
384 817
384 953
385 647
385 805
385 817
385 957
387 388
387 541
387 618
387 903
388 668
388 932
389 412
389 482
389 535
389 703
389 817
390 659
390 926
390 996
391 499
391 622
391 825
391 911
392 458
392 533
392 671
392 876
393 562
393 758
394 734
394 997
395 561
395 669
395 819
395 828
395 977
396 403
396 489
396 514
396 526
397 402
397 648
397 706
397 821
398 684
399 654
399 911
399 954
399 961
400 615
400 805
400 927
400 941
401 843
401 848
401 910
401 976
402 525
402 562
402 580
402 801
402 903
403 545
403 717
403 916
403 917
403 976
404 483
404 734
404 816
404 954
405 670
405 797
406 504
406 909
406 967
408 449
408 630
409 521
409 781
409 842
410 823
410 984
411 763
411 773
411 871
412 668
412 818
412 863
413 612
413 682
413 759
413 833
414 481
414 640
414 718
414 726
414 750
414 755
414 923
415 464
415 784
415 819
415 852
415 953
416 505
417 564
417 754
417 774
418 695
419 747
419 849
419 882
419 977
420 610
420 677
420 829
420 844
420 971
421 746
421 776
421 785
421 895
421 963
422 637
423 438
423 471
423 616
423 750
423 967
424 604
424 860
424 885
424 925
424 988
425 648
425 862
425 869
426 492
426 503
426 751
426 799
426 903
427 432
427 700
427 734
427 902
427 931
428 466
428 996
429 569
429 584
429 738
430 522
430 860
430 871
431 599
431 707
431 871
432 599
432 800
432 877
432 893
433 471
433 556
433 753
433 932
434 486
434 529
434 540
434 653
434 917
435 741
435 889
436 467
436 617
436 685
436 692
436 847
436 908
437 648
437 742
437 832
437 887
437 896
438 448
438 797
438 953
439 862
440 644
440 856
441 581
441 638
441 927
442 501
442 795
443 608
443 636
443 642
443 759
444 552
444 627
444 629
444 872
445 509
445 510
445 955
446 557
446 565
446 897
446 906
447 847
447 892
447 903
448 459
448 663
448 747
448 817
448 916
448 933
449 455
449 479
449 606
449 705
449 743
449 930
450 596
450 748
451 466
451 670
451 717
452 517
452 590
452 938
452 996
453 554
453 591
453 806
453 847
453 962
453 995
454 468
454 671
454 898
454 992
455 631
455 734
455 737
455 846
456 928
456 999
458 501
458 536
458 626
458 725
459 516
459 591
459 613
459 824
459 917
459 997
460 471
460 475
460 480
460 760
460 842
460 853
460 876
460 982
461 758
461 974
462 569
462 628
462 659
462 731
463 997
464 583
464 658
464 672
464 779
465 920
466 935
467 655
467 792
468 485
468 550
468 600
468 764
468 841
468 938
469 652
469 746
469 792
469 862
470 823
470 844
471 584
471 703
471 768
471 940
472 717
473 517
473 524
473 555
473 568
473 600
473 761
473 764
473 832
473 930
473 971
474 492
475 531
475 931
476 573
476 589
476 597
476 600
476 613
476 631
476 774
476 850
476 970
477 791
478 632
478 845
479 505
479 641
479 720
479 766
479 863
479 950
480 500
480 509
480 674
480 694
480 806
480 807
480 855
481 688
481 843
482 584
482 666
482 947
483 531
483 651
483 749
483 818
483 821
484 593
484 688
485 734
485 756
485 890
485 895
486 569
486 632
486 695
486 737
486 746
486 938
486 971
487 704
487 883
488 498
488 597
488 898
488 901
489 537
489 839
489 874
490 492
490 542
490 564
490 878
491 668
491 702
491 768
491 899
491 935
492 682
493 494
493 871
493 897
494 695
494 696
494 715
495 768
495 838
496 655
496 823
497 682
498 690
498 917
499 805
500 563
500 641
500 664
500 666
500 780
501 625
501 925
502 555
502 779
502 782
502 981
503 580
503 687
503 884
503 975
504 739
505 535
505 553
505 951
506 744
506 875
507 676
507 729
508 624
508 889
508 903
509 900
509 949
509 975
510 690
513 718
513 723
513 793
513 980
514 579
514 601
514 747
515 736
515 862
515 878
518 680
519 801
519 941
519 958
520 525
520 626
520 874
521 610
521 668
521 929
521 970
521 984
522 804
523 762
523 767
524 678
524 971
525 544
525 556
525 780
525 832
525 872
525 897
526 550
526 620
526 908
526 928
527 794
528 809
528 821
529 948
530 627
530 803
530 899
531 553
532 538
532 547
532 628
532 676
533 774
533 786
533 826
534 561
534 838
534 867
534 999
535 606
535 648
535 674
535 685
535 909
535 927
536 591
536 685
536 809
536 934
537 750
537 818
537 917
538 813
539 576
539 867
540 543
540 590
540 812
541 672
541 868
542 653
542 903
543 592
543 656
543 746
544 697
544 900
545 880
545 895
546 822
546 892
547 742
547 773
547 806
547 836
548 647
548 917
548 993
549 657
549 670
549 922
549 981
550 685
550 734
550 767
551 598
552 882
552 904
553 931
554 751
554 866
554 897
555 677
555 697
555 825
556 557
556 627
557 562
557 563
557 619
557 740
557 763
558 768
558 939
560 680
560 743
560 979
561 689
562 640
562 857
563 683
563 736
563 804
563 820
564 567
564 686
564 735
564 919
565 633
565 748
565 796
566 752
566 770
566 820
566 909
566 995
567 589
567 714
567 846
568 758
568 836
568 871
569 613
569 620
569 652
569 756
569 793
569 821
569 839
570 616
570 631
570 632
570 653
571 693
572 774
572 970
573 677
573 772
573 894
573 989
574 655
574 660
574 753
574 991
575 927
576 608
576 689
576 713
576 870
577 725
577 770
578 781
579 588
580 676
580 678
580 764
580 878
581 653
581 777
581 807
581 816
581 906
581 919
581 968
582 643
583 872
583 883
583 914
584 629
584 948
585 707
585 848
585 873
585 881
585 955
586 708
586 768
586 850
587 679
587 781
587 902
587 937
588 775
588 888
588 998
589 620
589 630
589 722
589 886
589 918
590 626
590 712
590 773
590 778
591 716
591 870
591 884
592 595
592 626
592 664
592 720
593 867
593 912
594 732
595 648
596 621
596 975
597 922
597 980
598 633
598 649
598 696
598 743
598 808
599 629
599 725
599 741
599 894
600 618
600 653
600 685
600 874
600 947
601 638
602 645
602 704
602 713
602 770
602 923
602 962
602 980
603 880
603 964
603 973
604 692
604 755
605 611
605 670
605 687
605 688
605 820
607 809
608 629
608 654
608 981
609 628
609 792
610 753
610 900
610 911
610 926
610 958
610 997
611 661
611 757
611 804
611 912
611 932
612 649
613 787
614 679
614 720
614 861
615 674
615 869
617 650
618 644
618 809
618 834
618 929
619 641
619 864
619 870
619 929
620 693
620 917
621 827
621 871
621 876
621 939
622 978
623 693
623 820
624 746
624 849
624 945
625 687
625 766
625 874
625 896
626 631
626 695
626 755
626 849
626 978
626 982
627 643
627 748
627 927
628 637
628 792
628 934
628 995
629 813
629 820
629 892
630 655
630 675
630 733
631 662
631 748
631 779
633 887
633 956
634 798
634 817
635 690
635 965
635 970
637 725
638 765
638 814
638 978
639 815
640 901
641 738
641 770
641 883
643 714
643 969
644 665
645 694
645 787
645 871
646 800
646 948
647 939
647 991
648 778
648 800
648 825
648 930
649 845
649 910
649 974
652 688
652 731
652 833
652 934
653 722
653 816
654 868
655 896
656 741
656 875
656 969
656 985
657 660
657 701
657 766
658 747
658 794
658 898
659 708
659 799
659 963
659 968
660 680
660 700
662 725
662 894
662 955
662 996
663 810
663 891
665 872
665 934
666 788
666 940
666 959
668 881
668 909
670 758
670 806
674 890
675 917
675 958
675 960
676 781
676 823
677 856
677 930
678 688
678 707
678 761
678 954
680 871
680 872
680 956
682 808
682 889
683 885
683 914
684 760
684 780
685 706
685 726
685 803
685 827
685 874
686 816
686 834
688 852
689 881
690 889
691 806
691 819
691 897
691 953
693 875
693 906
694 717
694 721
694 856
695 865
696 700
696 839
696 858
696 885
697 924
697 975
697 981
698 850
698 886
698 976
699 959
700 850
700 974
701 807
701 857
701 939
702 783
702 805
705 778
705 865
706 745
706 884
706 963
707 770
708 963
708 977
709 957
709 961
710 828
710 830
711 955
712 832
712 875
712 900
714 863
714 923
714 924
715 962
716 805
716 888
716 939
717 928
718 815
718 823
718 938
719 814
719 906
721 747
723 731
723 790
723 831
725 733
725 904
725 916
726 928
726 986
727 992
728 868
730 745
730 806
730 951
730 955
731 736
731 933
731 954
738 761
738 935
739 903
740 767
740 863
741 853
741 995
742 771
742 911
742 954
744 753
744 760
744 849
744 928
744 953
745 772
746 767
746 934
746 952
748 941
752 937
752 951
753 898
755 798
755 914
757 844
757 891
757 995
758 898
759 795
759 877
759 890
759 891
761 797
761 861
762 825
762 845
762 899
763 859
763 894
763 900
764 887
764 944
764 945
765 817
765 822
765 847
765 947
765 948
765 958
770 828
770 839
771 798
771 811
771 942
772 794
773 875
774 856
775 803
775 827
775 961
776 921
776 971
777 811
778 823
779 843
779 871
780 937
781 820
782 819
782 906
784 886
786 977
787 956
789 823
791 802
791 950
793 845
793 853
793 855
794 980
795 869
796 963
796 969
797 851
798 874
798 901
800 851
801 865
801 880
801 950
801 995
802 827
802 894
802 973
803 807
803 948
804 917
804 922
807 941
808 949
809 874
809 891
809 973
810 869
811 824
814 932
815 816
815 862
815 932
816 950
817 941
821 839
822 849
822 895
826 848
826 870
826 980
827 881
829 926
830 981
831 908
834 850
834 864
835 924
836 850
838 883
840 945
840 946
841 963
841 981
843 895
843 957
843 995
846 967
848 879
850 939
851 965
852 986
854 979
858 903
858 923
866 938
867 902
867 980
868 956
869 917
869 937
870 952
870 965
872 955
873 884
873 916
875 892
881 947
882 906
883 920
884 936
885 888
885 942
887 972
890 924
891 969
892 906
894 909
896 956
896 981
896 982
902 980
904 970
905 942
906 912
907 985
909 961
910 936
911 923
911 950
911 961
912 963
916 998
918 985
920 927
921 979
921 981
923 932
923 971
926 972
926 992
927 975
927 984
929 979
934 983
944 990
949 961
950 954
951 991
952 971
952 977
957 980
958 981
968 995
969 995
986 990
988 989
