0 517
0 566
0 791
0 892
0 904
1 241
1 290
1 358
1 529
1 584
1 708
1 785
1 831
1 892
2 35
2 214
2 283
2 389
2 444
2 456
2 708
2 841
2 943
3 107
3 152
3 402
3 574
3 706
3 836
3 841
4 400
4 437
4 915
5 737
5 954
6 134
6 202
6 293
6 373
6 419
6 445
6 806
7 237
7 494
7 746
8 47
8 113
8 404
8 815
9 103
9 407
9 496
9 578
9 860
10 50
10 98
10 272
10 277
10 338
10 559
10 632
10 731
10 752
10 995
11 90
11 547
11 802
12 276
12 302
12 435
12 543
12 886
12 954
13 27
13 59
13 310
13 444
13 540
13 851
14 30
14 109
14 144
14 321
14 776
14 779
14 884
14 944
15 70
15 135
15 190
15 393
15 705
16 232
16 396
16 442
16 509
16 557
16 954
17 65
17 99
17 601
17 888
18 380
18 442
18 485
18 806
18 814
18 851
18 950
19 59
19 186
19 481
19 611
19 627
19 943
20 116
20 353
20 544
20 546
20 628
20 715
20 772
20 908
20 914
20 932
21 43
21 329
21 455
22 44
22 153
22 163
22 202
22 486
22 723
22 757
22 887
23 609
23 685
24 404
24 421
24 501
24 644
24 945
25 245
25 404
25 636
25 746
25 802
25 900
26 112
26 125
26 142
26 506
26 540
26 791
27 170
27 246
27 285
27 450
27 631
27 973
28 115
28 239
28 347
28 386
28 809
28 841
28 853
28 903
29 429
29 779
29 880
29 997
30 99
30 152
30 264
30 583
30 670
30 834
31 59
31 237
31 344
31 491
31 774
31 801
31 983
32 491
32 548
32 942
33 119
33 231
33 311
33 481
33 491
33 617
33 785
33 879
34 512
34 729
34 948
35 384
35 450
35 790
35 964
35 996
36 505
36 568
36 789
36 826
37 60
37 362
37 413
37 443
38 479
38 555
38 723
38 753
39 144
39 175
39 207
39 274
39 380
39 697
39 986
40 848
40 860
40 967
40 972
41 123
41 126
41 142
41 350
41 400
41 759
41 844
41 994
42 108
42 366
43 223
43 233
43 240
43 323
43 402
43 488
43 741
43 764
43 769
43 819
43 924
44 133
44 176
44 467
44 599
44 643
44 659
44 879
45 419
45 459
45 558
45 604
45 831
45 868
46 153
46 695
47 337
47 493
47 634
47 789
47 829
47 831
47 835
47 880
48 77
48 610
48 667
49 511
49 623
50 121
50 158
50 192
50 460
50 550
50 592
50 731
50 964
51 209
51 233
51 856
51 924
52 103
52 208
52 446
52 570
52 663
52 697
52 779
52 850
53 153
53 206
53 525
53 712
54 108
54 254
54 460
54 551
54 639
54 777
54 784
54 828
54 829
55 418
55 479
55 557
55 613
55 747
56 231
56 356
56 657
56 681
56 862
56 939
56 943
56 966
57 107
57 486
57 668
57 798
57 815
57 914
58 629
59 69
59 319
59 393
59 560
59 697
59 703
59 750
59 907
60 84
60 112
60 453
60 521
60 527
60 829
60 873
60 916
61 101
61 117
61 127
61 442
61 505
61 532
61 609
61 809
62 450
62 831
62 878
63 153
63 670
63 705
63 825
63 918
64 131
64 157
64 551
64 755
64 803
64 869
65 96
65 276
65 280
65 336
65 340
65 351
65 565
65 844
66 115
66 202
66 213
66 463
66 469
66 990
67 104
67 357
67 401
67 438
67 671
67 802
68 364
68 624
68 681
68 727
68 834
68 837
69 276
69 513
69 522
69 543
69 820
70 159
70 278
70 387
70 414
70 456
70 790
70 841
70 850
71 121
71 351
71 484
71 780
71 974
72 449
72 505
72 528
72 649
72 810
72 869
72 871
72 952
73 378
73 578
73 599
73 852
73 995
74 75
74 166
74 208
74 295
74 521
74 618
74 698
74 776
75 138
75 148
75 259
75 576
75 595
75 956
75 967
76 107
76 708
76 768
76 963
77 216
77 269
77 298
77 487
77 694
78 97
78 481
78 700
78 898
79 133
79 138
79 281
79 286
79 471
79 505
79 709
79 973
80 184
80 680
81 328
81 341
81 416
81 923
82 206
82 306
82 538
82 805
82 976
83 89
83 146
83 506
83 618
83 756
83 856
83 872
83 929
84 445
84 538
84 551
84 659
84 819
84 952
85 460
85 488
85 570
85 672
85 732
85 925
85 950
85 999
86 406
86 809
87 115
87 122
87 317
87 834
88 181
88 407
88 613
88 627
88 766
90 332
90 417
90 519
90 554
90 606
90 635
90 679
90 742
90 880
91 102
91 141
91 184
91 249
91 277
91 423
91 470
91 565
91 667
91 725
92 241
92 322
92 358
92 468
92 568
92 577
92 743
92 972
92 980
93 127
93 603
93 947
94 170
94 480
94 551
94 626
94 729
94 841
94 890
94 967
95 326
95 416
95 467
95 723
96 128
96 131
96 234
96 264
96 290
96 961
97 131
97 176
97 357
97 370
97 523
97 653
97 686
97 720
97 726
97 778
98 454
98 465
98 727
98 817
98 881
98 901
99 165
99 219
99 344
99 417
99 457
99 481
100 220
100 423
100 467
100 647
100 660
101 150
101 247
101 643
101 812
101 847
101 995
102 120
102 236
102 434
102 460
102 491
102 504
102 589
102 683
102 723
102 764
103 314
103 750
103 886
104 167
104 238
104 593
104 631
104 654
105 561
105 629
105 634
105 664
105 766
106 286
106 311
106 358
106 487
106 516
106 786
106 900
107 176
107 901
108 128
108 269
108 322
108 844
109 165
109 352
109 459
109 971
109 988
110 247
110 259
110 285
110 306
110 369
110 373
110 429
110 449
110 746
111 152
111 741
112 521
112 525
112 708
112 823
112 935
113 449
113 701
113 796
113 933
113 972
114 120
114 742
114 981
115 186
115 432
115 617
115 833
116 139
116 632
117 249
117 285
117 398
117 453
117 629
117 646
117 702
117 745
117 992
118 348
118 506
118 695
118 813
119 144
119 438
119 470
119 513
119 570
119 751
119 786
119 795
119 998
120 226
120 679
120 790
120 855
120 897
120 982
121 215
121 236
121 326
121 383
121 456
121 594
121 696
121 858
121 921
122 139
122 441
122 480
122 541
122 664
122 679
122 775
122 793
123 269
123 346
123 838
123 943
124 142
124 355
124 431
125 331
125 853
125 995
126 128
126 160
126 172
126 413
126 663
126 813
126 864
127 710
127 998
128 292
128 418
128 730
128 806
129 195
129 329
129 487
129 516
129 924
130 911
131 421
131 813
131 974
131 994
132 227
132 337
132 374
132 519
132 722
132 743
133 398
133 492
133 604
133 696
134 249
134 323
134 403
134 551
134 725
134 969
135 166
135 331
135 945
136 341
136 371
136 417
136 435
136 436
136 509
136 880
136 934
136 999
137 417
137 440
137 676
138 434
138 568
138 727
138 747
139 267
139 287
139 460
139 651
139 726
139 771
139 873
139 979
139 992
140 444
140 449
141 208
141 409
141 715
141 741
142 320
142 381
142 515
142 626
142 679
142 748
142 769
143 157
143 567
143 723
143 771
143 775
143 784
143 877
143 922
144 149
144 196
144 251
144 512
144 653
144 871
144 948
144 954
145 288
145 313
145 747
145 919
146 185
146 261
146 512
146 530
146 542
146 996
147 196
147 205
147 240
147 431
147 614
147 753
147 965
148 472
148 678
149 244
149 804
149 910
149 962
150 167
150 203
150 376
150 717
151 183
151 260
151 297
151 538
151 599
151 798
152 267
152 291
152 295
152 350
152 433
152 524
152 804
153 220
153 226
153 373
153 908
153 938
153 966
153 974
154 588
154 642
154 806
155 301
155 417
155 852
155 885
155 980
156 222
156 349
156 370
156 441
156 499
156 546
157 165
157 258
157 355
157 380
157 413
158 497
158 842
159 424
159 450
159 634
159 728
159 853
159 983
160 198
160 265
160 363
160 382
160 414
160 415
160 606
160 623
160 762
161 351
161 706
161 939
162 241
162 388
162 722
162 738
162 887
163 607
163 678
163 679
163 725
163 851
163 899
164 235
164 366
164 929
165 283
165 348
165 451
165 511
165 551
165 621
165 665
165 683
166 273
166 334
166 351
166 358
166 563
166 631
166 745
166 789
166 841
167 257
167 567
167 684
167 690
167 722
168 194
168 230
168 474
168 564
168 628
169 228
169 715
169 938
170 337
170 591
170 929
171 204
171 470
171 481
171 547
171 562
171 745
171 881
171 926
172 193
172 199
172 300
172 715
172 915
173 382
173 545
173 566
173 629
173 699
174 204
174 237
174 240
174 511
174 693
174 883
174 985
175 499
175 612
175 649
175 747
176 235
176 270
176 628
176 937
176 973
176 999
177 304
177 655
177 699
177 728
178 429
178 533
178 569
179 247
179 258
179 382
179 624
179 721
179 736
179 971
180 380
180 432
180 521
180 545
180 605
180 906
181 256
181 297
181 408
181 483
181 573
181 574
181 863
182 446
182 471
182 573
182 723
182 796
182 949
182 972
183 440
183 700
183 782
183 934
184 349
184 640
184 756
184 891
185 193
185 444
186 252
186 588
186 770
186 816
187 570
187 639
187 708
187 989
188 205
188 754
189 348
189 360
189 434
189 530
190 343
190 350
190 396
190 557
190 609
190 635
190 758
191 198
191 300
191 574
191 688
191 739
191 825
191 936
192 198
192 509
192 512
192 744
192 875
193 378
194 819
195 505
195 562
195 750
195 791
196 200
196 206
196 354
196 386
196 563
196 638
196 840
196 932
197 202
197 275
197 429
197 644
197 685
197 893
197 922
198 646
198 727
198 892
198 957
199 220
199 281
199 334
199 358
199 428
199 651
199 663
199 819
199 905
199 911
199 941
200 208
200 487
200 556
200 646
201 241
201 489
201 948
202 324
202 377
202 991
203 207
203 432
203 444
203 554
203 888
203 935
203 986
204 289
204 428
204 596
204 623
204 808
205 480
205 655
205 678
205 953
206 396
206 397
206 494
206 585
206 618
206 685
206 726
206 802
206 905
206 977
206 991
207 405
207 636
207 721
207 740
208 494
209 322
209 360
209 432
209 475
209 524
209 756
209 832
209 975
210 270
210 542
210 566
210 804
210 928
211 219
211 685
211 739
212 359
212 523
212 582
212 652
212 745
212 805
212 820
212 984
213 728
213 767
213 928
214 289
214 441
214 567
214 638
214 658
215 252
215 302
215 549
215 696
215 865
215 997
216 270
216 473
217 440
217 478
217 520
217 544
217 710
217 879
217 932
218 623
218 761
218 856
218 999
219 225
219 277
219 819
219 971
220 223
220 449
220 521
220 560
220 562
220 581
220 675
220 768
221 244
221 283
221 545
221 565
221 800
221 840
222 244
222 339
222 489
222 707
223 292
223 420
223 777
223 924
224 315
224 484
224 576
224 653
224 676
224 788
224 813
224 981
225 258
225 282
225 294
225 312
225 380
225 409
225 488
225 490
225 665
225 702
225 907
225 975
225 981
226 587
226 857
226 914
227 291
227 631
228 337
228 503
228 677
228 718
228 733
228 841
228 918
228 972
229 237
229 725
230 261
230 404
230 656
230 781
230 965
232 600
232 707
232 816
232 849
232 908
232 970
232 971
233 513
233 636
233 692
233 926
234 249
234 260
234 420
234 574
235 311
235 509
235 522
235 734
236 517
236 552
236 598
236 996
237 266
237 554
237 575
238 249
238 273
238 459
238 533
238 944
239 596
239 611
239 767
239 798
240 246
240 420
240 690
240 824
241 695
242 758
242 862
243 317
243 580
243 770
244 399
244 766
244 789
244 961
245 605
246 290
246 592
246 618
246 712
246 772
246 834
247 329
247 589
247 651
247 684
248 503
248 675
248 909
248 955
249 531
249 576
249 721
249 942
249 984
250 391
250 421
250 453
250 901
250 906
251 400
251 583
251 595
251 612
251 763
251 843
252 397
252 458
252 486
252 674
252 983
253 275
253 290
253 291
253 316
254 544
254 558
254 822
254 839
254 891
255 577
255 688
256 274
256 715
256 758
257 385
257 816
258 499
258 570
258 656
258 697
259 475
259 667
259 729
259 804
260 389
260 511
260 970
261 303
261 398
261 650
261 690
261 719
261 727
261 859
261 861
261 882
261 945
261 965
262 448
262 453
262 892
263 355
263 430
263 543
263 641
263 792
264 275
264 313
264 735
265 496
265 820
265 956
265 957
266 371
266 470
266 647
266 857
267 453
267 472
267 689
267 928
267 964
268 277
268 613
268 653
269 521
269 559
269 772
269 998
270 408
270 593
270 717
270 881
270 928
271 278
271 362
271 434
271 639
271 656
271 913
271 946
272 486
272 721
273 612
273 657
273 685
274 321
274 528
274 796
274 805
275 323
275 423
275 922
276 289
276 470
276 497
277 483
277 824
277 911
278 301
278 573
278 739
278 916
279 320
279 340
279 416
279 469
279 487
279 574
279 635
279 808
279 848
279 932
280 325
280 548
280 636
280 727
280 964
281 467
281 583
281 794
281 924
282 562
282 650
282 829
283 295
283 868
284 289
284 699
284 736
284 892
285 569
285 599
285 667
285 890
285 969
286 299
286 674
286 762
286 794
286 832
287 386
287 405
287 566
287 718
287 899
288 729
288 889
288 956
289 404
289 685
290 429
290 444
290 581
290 658
290 700
290 875
290 965
291 335
291 412
291 604
291 666
292 508
292 617
292 652
292 838
292 861
293 536
293 586
293 871
294 471
294 557
294 720
294 731
294 867
294 906
294 996
295 434
295 750
295 782
295 833
295 933
296 367
296 682
296 860
297 496
297 823
297 972
297 984
298 383
298 441
299 518
299 578
299 804
299 818
299 852
299 884
299 946
300 313
300 462
300 479
300 736
301 316
301 640
301 650
302 406
302 425
302 563
302 871
302 894
303 550
303 663
303 666
303 723
305 350
305 769
305 773
306 331
306 463
306 552
306 632
306 945
306 953
306 971
307 444
307 613
307 624
307 734
307 763
307 806
307 847
307 854
308 538
308 592
308 598
308 769
308 854
309 968
309 995
310 316
310 350
310 457
310 478
310 512
310 596
310 617
310 656
310 920
311 437
311 664
311 699
311 768
311 810
311 844
311 964
312 554
312 840
313 442
313 645
313 852
314 421
314 766
314 878
315 477
315 970
316 689
316 729
317 431
317 794
318 494
318 737
318 850
318 965
319 935
320 432
320 512
321 592
321 796
322 615
322 745
322 916
323 441
323 541
323 695
323 704
323 738
323 876
324 737
325 335
325 714
325 763
325 993
326 602
326 622
326 690
326 774
326 878
327 337
327 476
327 491
327 510
327 749
327 760
327 916
328 464
328 779
328 821
328 988
329 531
329 572
330 451
330 482
330 555
330 630
330 655
330 693
330 725
331 346
331 566
331 715
331 805
331 824
331 972
331 997
332 466
332 531
332 616
332 975
333 533
333 779
333 925
334 579
334 779
334 870
335 495
335 621
335 636
335 896
335 923
336 339
336 411
336 639
336 822
337 405
337 599
338 785
339 957
339 968
340 546
340 726
341 381
341 474
341 497
341 586
341 588
341 675
342 438
342 475
342 511
342 542
342 776
342 781
342 856
343 408
343 569
343 616
343 727
343 857
343 911
344 728
344 861
344 900
345 830
345 833
346 347
346 468
346 713
346 800
346 885
346 896
347 548
347 573
347 729
347 748
348 590
348 674
348 726
348 829
348 883
348 930
349 352
349 513
349 602
349 768
349 866
349 983
349 988
350 557
350 737
350 977
351 393
352 485
352 660
352 737
352 816
352 846
353 594
353 746
353 779
353 817
353 832
354 371
354 372
354 429
354 548
354 589
354 884
354 904
354 979
355 426
355 455
355 585
355 650
356 456
356 636
356 681
357 580
357 609
358 364
358 850
358 912
359 643
359 864
359 999
360 427
360 437
360 498
360 578
360 621
360 962
361 377
361 381
361 573
362 721
362 806
362 974
363 439
363 645
363 951
364 436
364 543
364 692
364 837
364 918
364 921
365 732
365 845
365 875
365 889
365 952
366 505
366 560
366 741
366 874
366 969
367 776
368 515
368 855
368 978
369 430
369 489
369 842
370 416
370 564
370 658
370 703
371 444
371 569
371 933
371 993
372 446
372 535
372 681
373 889
374 422
374 571
374 873
374 906
375 376
375 378
375 530
375 559
375 607
375 615
376 411
376 658
377 665
377 888
378 689
378 905
379 524
379 546
379 627
379 957
380 480
380 823
381 404
381 470
381 558
381 726
381 973
381 978
382 432
382 664
382 800
383 456
383 575
383 749
383 917
384 637
384 694
384 999
385 645
385 675
385 697
385 920
385 930
385 984
386 612
388 403
388 433
388 444
388 452
388 593
389 456
389 762
389 968
390 443
390 457
390 926
390 946
391 773
392 432
392 512
392 740
392 747
392 900
392 988
394 460
394 738
394 904
395 772
396 635
396 765
396 917
397 694
398 513
398 523
398 650
398 688
398 915
398 919
399 530
399 714
399 834
399 839
400 474
400 894
400 979
401 503
401 656
401 673
401 784
401 905
402 429
402 612
403 591
403 896
404 405
404 409
404 626
404 711
404 731
404 737
404 862
405 456
405 622
405 889
406 417
406 463
406 727
406 819
407 561
407 601
407 662
407 936
407 965
408 518
408 665
408 942
409 650
409 871
410 580
410 645
410 671
410 688
410 898
411 609
411 859
412 644
414 548
414 580
414 692
414 746
415 489
415 532
415 943
416 645
416 647
416 691
416 745
416 914
417 446
417 477
417 484
417 499
417 617
417 646
417 935
418 611
419 551
419 599
419 630
419 678
419 912
419 971
420 602
420 789
420 809
421 531
421 720
421 828
421 847
421 878
421 881
422 472
422 579
422 668
422 801
422 896
423 516
423 606
424 662
424 884
424 996
425 560
425 569
425 820
425 945
426 896
426 945
427 468
427 675
427 973
427 982
428 829
428 845
428 922
429 449
429 570
429 836
430 525
430 551
430 912
431 548
431 885
432 849
433 459
433 522
433 536
433 575
433 834
433 875
434 513
434 599
434 621
435 592
435 638
435 774
435 914
436 533
436 602
436 742
436 794
436 863
436 939
437 597
437 685
437 723
437 851
438 559
438 782
439 596
439 603
439 670
439 697
440 457
440 737
440 823
440 843
440 865
441 467
441 668
441 699
442 450
442 541
442 811
442 844
443 473
443 635
443 720
443 811
443 909
444 507
444 610
444 726
444 785
445 639
445 694
445 812
446 948
447 501
447 735
447 875
447 888
448 716
448 732
449 855
450 508
450 516
450 569
450 644
450 829
450 943
451 573
451 877
452 580
452 914
452 974
453 715
453 716
453 791
453 906
454 469
454 568
454 906
455 668
455 680
455 892
455 934
456 594
456 690
456 696
456 769
457 773
457 775
457 958
458 521
458 559
458 844
459 567
459 621
459 710
459 850
460 477
460 817
460 924
460 959
461 754
461 828
462 463
462 534
462 597
462 620
462 648
462 744
462 985
465 476
465 484
465 489
465 836
465 931
465 960
465 985
466 771
467 815
467 939
468 480
468 609
469 621
469 786
470 797
470 909
470 917
470 950
471 516
471 572
471 850
472 556
472 656
472 674
472 718
472 727
472 759
472 779
473 559
473 769
473 805
473 859
474 674
474 880
475 598
475 817
476 565
476 983
477 546
477 566
477 680
477 817
477 829
477 855
478 998
478 999
479 519
479 523
479 673
479 813
479 961
479 979
480 553
480 643
480 959
481 599
481 792
481 793
481 854
481 863
481 892
482 635
482 690
482 993
483 513
483 525
483 676
483 732
484 567
484 671
484 767
484 908
484 981
485 541
485 589
485 626
486 572
486 604
486 693
486 803
486 987
487 501
487 592
487 645
487 872
487 921
488 491
488 524
488 574
488 643
488 710
488 783
488 957
490 500
490 503
490 554
490 610
490 630
490 829
491 661
491 685
491 896
492 544
492 671
493 522
493 591
493 686
493 719
493 862
494 499
494 709
494 878
495 815
495 960
496 512
496 527
498 508
498 703
498 729
499 997
500 852
500 856
500 906
501 895
501 915
502 911
503 683
503 825
503 872
503 931
503 943
504 823
504 900
505 553
505 903
505 923
506 818
507 719
508 828
509 520
509 551
509 618
509 696
509 765
509 843
510 524
510 599
510 627
510 786
512 813
513 524
513 693
514 671
514 696
514 789
515 556
515 595
515 634
515 760
515 834
516 569
516 703
516 783
516 915
517 544
517 834
518 653
518 686
518 867
519 590
519 634
519 747
519 875
520 630
520 715
520 786
520 834
520 843
520 861
521 823
521 834
522 600
523 647
523 839
523 883
524 914
525 564
525 745
525 831
525 849
525 851
526 684
526 712
526 789
527 761
528 584
528 620
528 776
528 839
528 983
529 563
529 856
530 584
530 753
530 773
530 818
530 839
530 901
531 670
531 976
532 595
532 598
532 823
532 980
533 564
533 603
533 656
534 792
534 914
535 828
535 834
535 962
536 554
536 672
536 921
536 940
536 998
537 636
537 643
538 547
538 584
538 898
538 937
539 603
539 704
539 862
540 820
540 938
542 716
542 734
542 871
543 750
543 910
543 987
543 993
544 577
544 664
544 706
544 731
544 815
545 576
545 740
545 761
545 767
545 890
546 593
546 615
546 687
546 771
546 947
546 977
547 800
548 962
548 964
550 903
551 621
551 633
551 675
551 819
552 706
552 737
553 618
554 939
555 610
556 610
556 705
557 767
557 949
558 615
558 776
558 856
559 779
560 872
561 649
561 662
561 841
561 931
561 938
562 636
562 668
562 708
562 725
562 901
563 672
564 567
564 650
564 852
564 898
565 589
565 700
565 807
565 827
566 801
567 689
567 694
568 777
569 596
569 908
570 722
570 786
570 794
570 861
571 677
571 766
571 886
572 844
572 951
573 664
573 763
573 862
574 858
575 596
576 582
577 669
577 774
577 854
577 887
577 914
579 639
579 771
580 597
581 673
581 757
581 782
581 823
582 661
582 766
582 798
582 911
583 806
583 901
583 977
584 602
584 971
584 979
585 671
585 790
585 832
585 841
585 979
586 669
586 749
587 613
587 726
587 745
587 867
587 922
589 595
589 762
589 877
589 929
590 682
590 755
591 645
591 926
592 976
592 980
593 623
593 706
593 721
594 625
594 678
594 890
594 982
595 704
595 811
595 943
596 680
596 746
596 879
596 915
596 960
598 652
598 784
598 787
598 976
599 675
599 721
599 977
600 773
601 687
601 769
601 819
601 964
602 657
602 757
602 797
602 957
603 678
603 764
603 982
604 673
604 932
605 735
606 636
606 800
606 838
606 849
606 893
607 666
607 789
607 909
607 943
607 993
608 690
608 746
608 782
610 644
610 733
610 768
610 818
611 657
611 836
611 936
612 915
613 743
613 991
614 899
614 949
615 781
616 789
616 839
617 793
617 959
618 701
618 716
618 726
618 904
619 725
620 691
620 763
620 877
620 943
621 892
622 740
622 766
622 801
623 876
623 923
623 984
624 707
624 848
624 884
625 672
625 689
625 790
626 868
626 889
627 861
627 887
628 662
628 875
629 689
631 711
631 805
631 943
632 653
632 690
632 873
632 967
633 979
634 646
634 711
635 855
636 974
637 658
637 849
637 861
638 788
638 790
639 715
639 729
639 735
639 860
639 925
640 893
641 714
642 822
645 940
646 718
647 680
647 960
648 713
649 680
650 746
651 846
652 854
652 998
653 723
653 811
653 851
653 929
654 660
654 753
654 937
654 953
654 987
655 790
655 964
656 702
657 750
657 940
658 753
658 789
658 891
658 929
658 973
659 754
659 833
660 725
660 814
660 893
660 904
661 712
661 724
662 666
662 818
662 840
662 898
663 829
663 842
664 693
664 819
664 837
664 878
664 895
664 953
665 668
666 780
666 811
668 686
668 746
668 892
669 713
669 747
669 856
669 929
669 943
670 680
670 714
670 867
671 829
671 849
672 715
672 846
673 720
673 996
674 699
674 888
674 909
674 946
676 825
676 860
677 843
677 876
677 918
677 991
678 898
678 913
679 788
679 838
680 778
680 912
680 984
681 764
681 831
681 939
682 728
682 742
682 773
683 849
683 876
683 877
684 691
684 904
685 818
685 991
686 777
686 821
686 905
687 732
687 769
687 892
687 923
689 869
690 786
690 921
690 923
690 980
691 857
692 752
692 950
693 702
693 772
693 843
693 954
694 950
695 781
695 906
695 945
696 727
696 802
696 877
698 781
698 868
698 930
699 758
699 797
699 865
700 984
701 867
702 710
702 724
702 900
705 745
705 838
706 813
706 901
706 912
707 724
707 728
707 873
707 913
707 921
708 761
708 876
709 953
709 954
711 875
712 768
712 831
712 897
713 785
713 947
714 815
714 852
715 786
715 945
716 769
716 831
716 921
717 959
718 836
718 904
719 785
720 793
722 731
723 742
723 900
724 783
724 897
725 830
726 728
726 979
729 825
730 864
732 818
733 815
733 984
735 823
736 868
738 907
739 768
740 801
740 970
741 795
743 915
743 948
744 776
744 920
744 979
745 809
745 928
746 830
746 872
746 963
747 752
748 895
749 794
749 880
750 916
750 933
750 988
751 816
751 931
751 935
751 998
752 984
753 767
753 798
753 804
754 931
754 939
755 851
756 968
757 828
757 878
757 926
757 949
758 854
758 960
759 904
760 809
760 871
760 921
761 994
763 881
764 780
764 977
766 794
766 836
767 855
767 996
768 857
768 986
769 978
772 932
773 832
773 917
773 943
774 864
775 838
776 931
777 968
778 839
778 971
779 797
780 803
780 936
780 943
782 826
782 935
783 795
783 824
783 957
784 912
785 847
785 946
786 825
786 841
786 919
786 934
787 822
789 844
791 827
791 911
793 820
793 917
794 902
795 814
795 856
796 818
796 918
798 889
799 962
800 939
803 867
804 825
805 870
806 911
806 974
806 990
808 924
808 947
810 813
810 832
812 842
813 887
813 930
817 951
818 888
819 854
820 853
820 901
820 995
821 825
821 870
821 984
822 860
823 953
823 971
824 961
825 996
828 998
829 971
831 852
831 947
832 906
832 939
834 954
835 860
836 884
836 959
837 874
838 929
838 939
839 967
841 993
842 859
842 958
844 845
844 979
845 973
847 874
848 857
849 990
850 859
852 899
852 942
854 880
855 949
855 954
857 935
860 864
860 933
863 914
864 978
866 963
867 873
867 883
867 900
867 919
867 936
868 880
869 917
871 911
872 991
873 882
875 892
877 965
878 925
878 926
878 951
879 911
882 983
883 897
885 922
887 918
890 904
893 914
893 950
896 981
897 979
898 994
902 937
906 989
906 994
908 966
911 979
917 945
917 952
917 993
919 984
921 927
922 943
924 975
925 930
934 971
934 972
935 949
935 984
939 944
941 983
944 970
953 998
956 988
957 958
960 984
961 992
962 996
965 972
968 969
972 988
973 985
976 990
982 999
