0 49
0 179
0 279
0 613
0 654
0 706
0 833
0 935
1 10
1 71
1 299
1 359
1 371
1 475
1 644
1 831
1 839
2 20
2 234
2 300
2 529
2 799
2 993
3 114
3 724
3 821
4 210
4 222
4 243
4 262
4 337
4 874
4 979
5 142
5 290
5 457
5 470
5 656
6 151
6 410
6 421
6 683
7 403
7 671
8 201
8 227
8 393
8 427
8 436
8 518
8 933
9 18
9 134
9 275
9 338
9 457
9 590
9 729
9 952
10 47
10 291
10 365
10 403
10 441
10 630
10 823
11 200
11 830
12 413
12 507
12 728
12 795
13 102
13 283
13 539
13 546
13 589
13 916
13 933
14 31
14 63
14 844
14 901
14 903
15 258
15 472
15 601
15 837
16 289
16 290
16 303
16 526
16 585
16 777
16 914
16 936
16 956
17 316
17 356
18 587
18 618
18 832
19 65
19 285
19 838
19 995
20 382
20 429
20 705
20 805
20 891
20 972
21 324
21 505
21 710
22 100
22 639
22 928
22 996
23 92
23 96
23 182
23 372
23 400
23 627
23 681
23 694
23 986
24 168
24 488
25 135
25 517
25 563
25 608
25 753
25 930
26 294
26 355
26 474
26 543
26 612
26 838
27 32
27 36
27 305
27 315
27 521
27 570
27 709
28 240
28 392
28 471
29 687
29 955
30 216
30 279
30 467
30 618
30 931
30 955
31 223
31 230
31 343
31 606
31 757
31 805
31 902
32 280
32 308
32 474
32 609
32 740
33 216
33 375
33 750
33 927
33 942
33 999
34 83
35 97
35 268
35 319
35 485
35 506
35 690
35 726
35 841
35 846
35 891
35 912
36 406
36 513
36 583
36 625
36 792
36 912
37 59
37 84
37 105
37 327
37 414
37 687
37 790
37 862
38 200
38 244
38 430
38 476
38 522
38 766
38 818
38 858
39 443
39 657
39 968
40 265
40 449
40 508
40 522
40 924
40 937
40 995
41 181
41 191
41 624
41 885
42 199
42 594
42 855
42 924
43 721
43 780
44 337
44 453
44 728
44 825
45 109
45 118
45 339
45 371
45 435
45 469
45 592
45 704
45 749
46 173
46 429
46 531
46 600
46 685
46 888
47 290
47 550
47 775
47 829
47 925
48 141
48 280
48 293
48 446
48 508
48 656
48 698
48 738
48 926
49 150
49 507
49 610
49 780
50 162
50 857
50 863
50 901
51 141
51 191
51 193
51 290
51 338
51 451
51 845
51 931
51 983
52 594
52 799
53 67
53 418
53 590
53 676
53 759
53 793
53 972
54 127
54 250
54 622
54 686
54 771
54 841
54 926
55 100
55 414
55 702
55 794
55 813
56 117
56 491
56 724
56 975
57 135
57 181
57 226
57 446
57 583
57 717
57 843
57 907
57 944
58 243
58 298
58 559
58 857
59 429
59 548
59 557
59 729
60 177
60 287
60 311
60 392
60 566
60 598
60 603
60 628
60 804
60 828
60 999
61 358
61 668
62 425
62 458
62 646
63 95
63 256
63 298
63 373
63 706
64 153
64 356
64 481
65 69
65 111
65 149
65 273
65 384
65 680
65 719
65 766
65 770
65 977
66 217
66 253
66 304
66 446
66 559
66 630
66 989
67 611
67 771
67 902
68 95
68 356
68 458
68 520
68 564
68 985
68 993
69 234
69 360
69 404
69 519
69 778
69 914
70 559
70 570
70 773
71 247
71 502
71 508
71 619
72 319
72 642
72 673
72 743
73 272
73 283
73 383
73 711
74 365
74 613
74 834
75 197
75 501
76 225
76 388
76 969
77 203
77 375
77 407
77 478
77 677
77 878
77 959
78 234
78 359
78 607
78 711
78 721
78 855
78 872
79 522
79 684
79 966
80 665
80 702
80 735
80 739
80 854
81 185
81 346
81 390
81 400
81 668
82 150
82 565
82 834
82 836
82 881
83 121
83 401
83 473
83 521
83 579
83 622
83 928
83 993
84 140
84 295
84 423
84 445
84 511
84 616
84 645
84 698
84 902
85 860
86 232
86 314
86 336
86 556
86 701
86 956
87 154
87 321
87 412
87 671
87 767
87 772
87 940
88 129
88 283
88 304
88 354
88 420
88 656
88 751
88 754
88 769
89 329
89 569
89 709
89 842
90 102
90 594
91 343
91 546
92 192
92 563
92 953
93 286
93 321
93 534
93 547
93 819
93 925
94 172
94 423
94 501
94 540
94 705
95 142
95 491
95 557
95 818
95 858
96 146
96 395
96 619
96 735
96 739
97 209
97 260
97 417
97 565
97 772
97 851
98 645
98 703
98 935
98 983
98 997
99 114
99 573
99 725
99 863
99 926
99 949
100 199
100 201
100 288
100 302
100 373
100 498
100 580
100 832
100 849
101 111
101 395
101 517
101 544
101 846
101 928
102 330
102 406
102 499
102 532
103 258
103 355
103 417
103 855
103 901
104 518
104 668
104 994
105 289
105 549
105 669
105 754
105 869
106 151
106 237
106 291
106 408
106 569
106 579
106 796
106 848
106 941
106 950
106 953
106 966
107 236
107 237
107 559
107 892
107 899
107 938
108 228
108 286
108 384
108 405
108 437
108 529
108 723
108 820
108 873
108 918
109 529
109 574
110 511
111 353
111 540
111 577
111 717
112 548
112 576
112 623
112 734
112 800
112 870
112 926
113 499
113 950
114 160
114 537
114 777
114 907
115 320
115 892
115 910
115 937
115 956
115 960
116 146
116 212
116 565
116 740
116 971
117 187
117 223
117 299
117 384
117 490
117 505
117 698
117 789
118 322
118 413
118 477
118 547
118 597
118 834
119 438
119 520
119 584
119 684
119 747
120 131
120 257
120 275
120 430
120 720
120 944
120 962
121 217
121 304
121 538
121 570
121 591
121 860
122 365
122 711
122 841
122 893
122 945
123 183
123 309
123 405
123 417
123 663
124 185
124 461
124 610
124 647
124 810
124 831
125 180
125 469
125 527
125 610
125 839
125 987
126 285
126 405
126 740
126 858
127 151
127 232
127 358
127 368
127 415
127 744
127 880
127 892
127 896
127 993
128 386
128 484
128 645
128 800
128 974
129 335
129 598
129 672
129 695
129 747
129 861
129 889
129 890
130 180
130 826
130 897
130 952
131 510
131 587
131 641
131 782
131 980
132 234
132 303
132 337
132 371
132 478
132 485
132 543
132 556
132 586
132 867
132 884
132 930
133 142
133 246
133 407
133 543
133 676
133 794
133 867
133 869
133 922
134 170
134 214
134 246
134 632
134 731
134 753
134 854
135 275
135 308
135 321
135 346
135 453
135 611
135 762
136 158
136 171
136 604
136 608
136 635
136 816
136 942
137 196
137 215
137 248
137 462
137 594
137 646
137 697
137 749
137 760
137 807
137 824
137 879
137 885
137 967
137 985
138 332
138 609
138 823
138 855
139 452
139 467
139 538
139 560
139 599
139 606
139 673
139 712
139 770
140 405
140 412
140 539
140 874
141 225
141 457
142 258
142 418
142 614
142 632
142 722
142 768
143 239
143 323
143 366
143 680
143 744
143 834
143 837
144 249
144 432
144 581
144 793
144 854
144 887
145 308
145 564
145 604
145 641
145 704
145 754
145 811
145 869
146 542
146 570
147 275
147 334
147 674
147 761
147 769
147 875
147 952
147 963
148 257
148 267
148 423
148 516
148 620
148 735
149 261
149 298
149 407
149 420
149 829
149 954
149 970
149 993
150 281
150 375
150 544
150 944
150 965
151 547
151 756
151 826
152 477
152 517
152 689
152 736
152 913
153 174
153 820
153 898
154 361
154 519
154 618
154 840
154 857
154 941
154 970
155 191
155 202
155 268
155 280
155 449
155 573
156 186
156 239
156 240
156 456
156 611
156 714
156 987
157 187
157 293
157 354
157 523
157 749
157 992
158 218
158 296
158 611
158 616
158 733
158 981
159 252
159 369
159 421
159 434
159 493
159 546
159 659
159 758
159 859
160 207
160 302
160 323
160 561
160 681
160 736
160 833
160 940
161 543
161 550
161 645
161 687
161 813
161 897
162 290
162 589
162 638
162 840
163 213
163 249
163 418
163 464
164 491
164 617
164 619
165 264
165 297
165 318
165 365
165 407
165 456
165 777
165 888
166 247
166 277
166 307
166 471
166 658
166 782
166 954
167 319
167 393
168 182
168 348
168 460
168 534
168 642
169 208
169 471
169 516
169 541
170 336
170 652
170 663
171 241
171 349
171 451
171 612
171 766
171 921
171 949
172 212
172 301
173 290
173 291
173 485
174 336
174 639
174 699
174 749
174 903
175 202
175 293
175 361
175 426
175 878
176 583
177 206
177 321
177 326
177 346
177 357
177 386
177 435
177 588
177 832
177 857
178 328
178 333
178 586
178 719
179 265
180 476
180 523
180 552
180 869
181 288
181 608
181 662
182 390
182 691
182 893
182 920
182 981
183 354
183 432
183 452
183 810
184 284
184 486
184 627
184 737
184 741
184 746
185 589
185 937
186 230
186 264
186 521
186 532
186 589
186 642
186 653
187 230
187 288
187 716
188 320
189 308
189 454
189 491
189 602
189 741
189 769
189 966
190 406
190 411
190 448
190 541
190 729
190 779
190 997
191 332
191 426
191 761
191 804
192 338
192 481
192 919
192 999
193 332
193 583
193 637
194 229
194 325
194 360
194 642
194 691
194 903
194 920
194 937
195 358
195 530
195 787
195 975
196 228
196 458
196 462
196 518
196 519
196 824
197 241
197 592
197 667
197 832
197 987
198 365
198 502
198 643
198 970
199 278
199 394
199 437
199 499
199 758
199 946
200 205
200 379
200 506
200 758
200 921
200 976
201 227
201 331
201 575
201 776
201 851
202 205
202 612
202 995
203 499
203 640
203 648
203 770
203 793
204 379
204 476
204 534
204 643
204 670
204 806
204 901
204 941
205 277
205 373
205 398
205 572
205 716
206 438
206 493
206 604
206 690
206 869
206 874
208 256
209 291
209 321
209 464
209 674
209 676
209 920
210 414
210 555
210 567
210 803
210 860
210 911
210 988
211 230
211 335
211 411
211 428
211 499
211 539
211 885
211 930
212 283
212 353
212 493
212 934
213 416
213 583
214 333
214 954
215 361
215 713
215 891
216 232
216 254
216 619
216 995
217 324
217 378
217 415
217 857
217 952
218 224
218 312
218 563
218 624
219 327
220 378
220 411
220 514
220 608
220 833
221 342
223 306
223 455
223 658
223 902
224 490
224 491
224 721
224 736
224 902
225 253
225 383
225 547
225 904
225 940
226 232
226 250
226 365
226 384
226 455
226 711
226 908
227 402
227 427
227 774
228 342
228 573
228 603
228 673
228 838
228 988
229 245
229 710
229 776
230 371
230 517
230 551
230 677
231 326
231 435
231 442
231 473
231 561
231 659
231 954
232 339
232 355
232 490
232 564
232 683
232 911
233 624
233 657
233 720
233 890
234 347
234 435
234 620
234 661
234 772
235 278
235 300
235 380
235 428
235 532
235 591
235 640
235 659
236 266
236 458
236 548
236 585
236 781
236 785
236 869
237 915
238 734
239 370
239 455
239 468
239 704
240 342
240 395
240 471
240 575
241 305
241 619
241 655
241 674
241 713
241 773
241 837
241 898
242 653
242 670
242 981
243 730
243 861
243 998
244 284
244 466
244 828
245 254
245 406
245 612
245 702
246 338
246 668
246 678
246 813
247 412
247 847
247 877
247 905
248 495
248 526
248 765
248 956
249 393
249 548
249 863
249 866
249 906
250 476
250 557
250 619
251 287
251 912
252 261
252 319
252 522
252 868
253 331
253 422
253 456
253 653
254 820
255 270
255 976
256 669
256 920
257 432
257 819
257 912
258 409
258 446
258 447
258 487
258 491
259 312
259 401
259 466
259 472
259 623
259 624
259 634
259 862
259 983
259 991
260 342
260 371
260 410
260 572
260 703
261 310
261 429
261 445
261 472
261 677
261 935
261 945
261 995
262 441
262 760
262 863
263 327
263 406
263 464
263 585
263 744
263 979
263 995
264 477
264 834
265 494
265 586
265 665
265 787
265 895
266 294
266 777
266 874
267 366
267 408
268 284
268 298
268 323
268 605
268 758
268 800
268 836
268 848
269 333
269 716
269 832
269 920
270 271
270 323
270 372
270 391
270 492
270 765
270 783
270 792
271 452
271 651
271 760
271 910
272 417
272 431
272 481
272 707
272 773
272 891
273 505
273 542
273 671
273 916
274 753
275 281
275 391
275 415
275 459
275 555
275 598
275 759
275 802
275 888
275 937
276 504
276 670
276 778
277 281
277 479
277 560
277 633
277 648
277 660
277 790
278 894
278 996
279 577
279 766
280 281
280 444
280 514
280 633
280 869
280 942
281 395
281 505
281 633
281 682
281 849
282 557
282 722
282 743
283 814
284 328
284 457
284 462
284 573
284 633
284 749
285 305
285 432
285 569
285 860
285 891
285 938
286 676
286 732
286 770
286 926
287 392
287 670
288 545
288 594
288 706
288 948
289 580
290 368
290 538
290 623
290 876
290 952
291 310
291 582
291 709
291 892
292 435
292 725
292 808
292 869
292 891
292 997
293 339
293 404
293 432
293 703
293 981
294 449
294 775
295 356
295 623
295 756
295 823
296 478
296 585
296 619
296 803
296 941
296 984
297 362
297 434
297 468
297 593
297 671
297 726
297 943
298 310
298 490
298 492
298 627
298 858
299 376
299 684
299 709
299 836
299 949
300 629
300 672
300 701
300 828
301 587
301 611
301 630
301 832
301 878
302 421
302 642
302 686
302 722
302 736
302 934
303 378
303 928
304 337
304 375
304 614
304 765
304 999
305 466
306 359
306 446
306 648
306 741
306 795
306 917
307 626
307 771
308 336
308 470
308 485
308 693
308 975
309 877
310 343
310 497
310 706
310 955
310 964
310 965
311 499
311 802
312 412
312 601
312 834
313 487
313 513
313 660
313 666
313 773
314 588
314 731
314 765
314 946
315 776
315 791
316 551
316 858
317 401
317 825
317 893
318 323
318 713
318 931
319 326
319 483
319 871
319 975
320 523
320 941
321 510
322 534
322 854
322 911
322 952
323 498
323 579
323 785
323 878
323 960
323 977
323 985
324 805
324 830
324 949
324 987
325 345
325 563
325 904
326 468
326 512
326 576
326 579
326 590
326 689
326 944
327 716
327 818
328 608
328 636
328 846
329 473
329 850
329 948
330 567
330 685
330 992
331 799
332 396
332 559
332 592
332 663
332 794
332 918
333 424
333 719
334 340
334 375
334 499
334 520
334 628
334 691
335 428
335 667
335 708
335 868
336 372
336 477
336 519
336 533
336 830
337 364
337 618
337 828
338 833
339 361
339 379
339 717
339 820
339 938
340 499
340 503
340 827
340 850
341 372
341 397
341 412
341 807
341 928
341 961
341 967
342 754
343 422
343 553
343 571
343 583
343 600
343 652
343 980
344 594
344 715
344 733
345 511
345 945
345 952
346 491
346 831
347 539
347 804
348 508
348 523
348 748
348 876
349 420
349 476
349 529
349 575
349 635
350 419
350 712
350 771
350 798
350 945
350 983
350 988
351 363
351 458
351 508
351 714
351 817
351 858
351 930
352 524
352 580
352 724
352 757
352 800
352 847
353 702
353 764
353 842
353 890
353 966
354 737
354 749
354 796
355 572
355 597
355 598
355 896
356 639
356 802
356 938
357 417
357 441
357 540
357 757
358 549
358 771
358 975
359 372
359 445
359 472
359 589
359 697
359 900
359 948
360 660
360 671
360 957
361 461
361 554
361 597
361 611
361 613
361 994
362 495
362 528
362 650
362 679
362 764
362 830
362 875
363 505
363 521
363 578
363 592
364 389
364 838
365 381
365 546
365 742
365 974
366 422
366 697
366 801
366 886
366 982
367 481
367 502
367 969
368 476
368 625
368 995
369 671
369 682
369 871
370 476
370 484
370 695
370 846
370 976
371 607
371 623
371 770
371 907
372 501
372 562
372 671
372 864
372 906
373 591
373 738
373 922
374 399
374 510
374 573
374 858
375 444
375 453
375 560
375 573
375 974
375 994
376 493
376 607
376 939
376 944
377 405
377 445
377 856
377 882
377 999
378 520
379 476
379 602
379 700
379 825
379 857
380 436
380 765
380 864
380 897
380 926
381 459
381 687
381 755
381 765
381 916
382 435
382 664
382 890
382 994
383 489
384 405
384 407
384 526
384 587
384 813
385 406
385 555
385 800
386 484
386 655
386 859
386 934
387 864
387 979
388 473
388 580
388 582
388 714
389 455
389 456
389 645
389 693
389 996
390 398
390 476
390 569
390 573
390 638
390 711
390 976
391 461
391 673
391 724
391 809
392 436
392 484
392 502
392 580
392 820
392 888
393 435
393 867
394 687
395 733
395 965
395 997
396 591
396 604
396 759
396 780
396 845
396 886
396 937
397 406
397 407
397 449
397 535
397 609
397 623
397 908
397 916
398 449
398 780
398 796
398 917
399 467
399 548
399 747
400 537
400 842
401 593
401 690
401 719
402 460
402 485
402 566
402 692
402 717
402 968
403 418
403 573
403 752
403 977
404 437
404 558
404 868
405 430
405 551
405 615
405 931
406 420
406 793
407 413
407 490
407 638
407 639
407 669
407 815
407 850
408 756
408 949
409 612
409 660
409 772
409 830
409 928
409 975
409 991
410 496
410 670
411 424
411 520
411 529
411 748
411 835
411 904
411 911
412 454
412 693
412 830
412 885
412 915
413 444
413 450
414 428
414 582
415 538
415 576
415 638
415 664
415 886
415 962
416 627
417 428
417 497
417 540
417 739
417 955
418 532
418 927
418 952
419 701
419 831
419 899
419 967
420 777
420 869
420 880
421 599
421 610
421 629
421 704
421 860
421 995
422 574
423 457
423 678
423 685
423 741
423 754
423 956
424 448
424 462
424 622
424 857
424 878
425 520
425 663
425 778
425 800
425 836
426 548
426 621
426 925
427 480
427 811
427 973
428 579
428 581
428 604
429 646
430 449
430 483
430 678
430 787
430 836
431 474
431 674
431 749
431 886
432 946
433 459
433 467
434 570
434 792
434 814
434 929
435 488
435 527
435 758
435 970
436 479
436 563
437 552
437 706
437 711
437 816
438 487
438 660
438 791
438 824
438 845
439 714
439 760
439 855
439 930
440 474
440 476
440 826
440 866
440 900
441 834
441 918
441 964
441 991
442 477
442 635
443 485
444 554
444 668
444 690
445 448
445 546
445 563
445 570
445 612
445 637
445 718
445 936
446 625
446 707
446 722
446 942
447 452
447 577
447 721
447 917
447 967
448 931
449 829
450 629
450 685
450 694
450 704
450 747
450 825
450 838
450 888
450 927
450 980
451 554
451 707
452 567
452 953
453 599
453 623
453 697
453 853
453 955
454 460
454 693
454 730
454 796
454 847
454 859
455 597
455 839
455 891
456 457
456 656
456 733
456 870
456 871
456 920
457 512
457 538
457 631
457 879
458 640
458 678
459 721
459 795
459 934
460 910
460 994
461 827
461 855
462 563
462 653
462 751
462 860
462 977
462 983
462 992
463 552
463 621
463 694
463 754
463 765
463 850
463 940
464 468
464 542
464 556
464 751
464 838
464 984
465 614
467 651
467 693
467 989
468 520
468 616
468 746
468 747
468 802
469 510
470 535
471 582
471 678
471 741
471 764
471 853
472 756
473 481
473 693
473 715
473 898
473 984
474 561
474 617
474 665
474 898
475 575
475 950
476 929
477 501
477 985
478 530
478 631
478 686
478 749
478 773
478 900
479 488
479 636
479 733
479 798
480 859
481 484
481 617
481 805
481 811
481 851
482 488
482 514
482 624
482 727
482 959
482 982
483 559
483 791
483 865
484 528
484 570
484 690
484 900
484 948
485 491
485 515
485 606
485 631
485 657
485 748
485 809
485 890
486 510
486 605
486 683
486 702
486 707
486 769
486 773
486 969
487 861
488 721
488 930
488 943
490 657
490 748
490 886
491 544
491 821
491 881
491 899
492 518
492 614
492 818
492 875
492 999
493 564
493 581
493 584
493 727
493 773
493 933
494 517
494 782
494 844
494 909
495 610
495 624
495 706
496 814
496 961
496 984
497 527
497 573
497 788
497 876
497 933
498 642
499 615
500 590
500 735
500 799
501 579
501 730
501 815
502 643
502 928
502 948
503 538
503 913
503 943
504 537
504 560
504 700
504 842
505 764
505 820
505 960
506 895
506 970
507 783
507 952
508 861
509 585
509 631
509 693
509 983
510 646
510 792
510 960
511 783
513 619
513 856
513 974
514 516
514 528
514 791
514 888
514 914
515 630
515 896
515 928
515 995
516 689
516 989
517 632
517 677
517 747
518 732
518 751
518 901
519 656
519 772
519 806
520 625
520 799
520 925
521 696
521 922
521 938
522 602
522 614
523 583
523 601
523 853
523 900
524 927
524 977
525 535
525 609
525 610
525 706
525 803
526 548
526 584
526 677
526 779
527 844
527 892
527 936
528 651
528 693
529 543
529 917
530 556
530 721
531 683
532 626
532 637
532 814
532 948
533 898
534 705
535 538
535 606
535 764
535 809
535 827
535 990
536 566
536 612
536 939
536 976
537 907
537 909
538 552
538 629
538 642
538 984
539 571
539 596
539 845
539 921
540 639
540 725
541 849
541 856
541 902
541 960
542 666
542 735
542 844
542 943
543 581
543 639
543 649
543 707
543 833
545 684
545 694
545 928
545 984
546 679
546 686
548 680
548 780
548 791
548 972
549 745
549 906
550 833
551 715
551 998
552 564
552 630
552 643
552 733
552 994
553 621
553 780
554 784
554 799
555 739
555 821
557 599
557 645
557 754
557 799
558 619
558 731
558 978
558 982
559 698
559 795
559 898
559 996
560 904
560 983
561 756
562 811
563 676
563 899
563 993
565 570
565 721
565 741
565 902
565 999
566 581
566 598
566 692
567 934
568 921
569 737
569 921
570 796
570 887
572 722
572 729
573 654
574 924
575 967
576 584
576 610
576 691
576 754
576 852
576 918
576 997
577 713
578 875
578 941
579 791
579 842
580 690
580 759
580 785
580 824
581 734
581 777
581 794
582 733
582 739
583 622
583 719
583 838
584 630
584 839
585 811
585 827
585 896
585 915
586 638
586 706
586 953
586 972
587 797
587 994
588 611
588 838
588 952
588 989
590 757
590 774
590 881
591 614
592 632
592 652
593 655
593 659
593 826
593 838
593 844
594 703
594 710
594 781
594 899
595 847
595 886
595 993
596 601
596 629
596 687
596 701
596 790
596 919
596 944
600 926
601 731
601 851
602 638
602 719
603 671
604 754
605 674
605 893
605 944
606 955
607 778
607 919
607 941
609 941
609 994
611 652
611 909
612 673
612 798
612 956
613 621
613 715
613 766
613 782
613 941
614 801
615 688
615 916
616 694
616 913
616 979
617 847
618 797
618 944
619 743
619 810
619 890
620 692
620 913
620 997
621 659
621 808
623 700
623 811
624 677
624 696
624 825
624 866
625 925
625 968
626 827
627 751
629 760
629 967
630 655
630 703
630 756
631 789
632 984
633 667
633 755
633 884
633 930
633 946
634 851
634 941
635 663
635 805
635 815
635 973
636 695
636 713
637 803
638 707
638 999
640 937
641 718
641 808
641 982
642 806
642 926
643 865
643 996
644 652
644 905
645 824
646 860
647 881
647 955
647 996
648 842
648 897
649 794
649 818
649 834
649 909
650 717
650 793
650 900
651 664
651 669
651 737
651 977
652 718
652 798
653 796
653 947
654 707
655 997
656 674
656 915
657 673
657 890
657 959
660 708
660 854
661 685
662 975
663 783
664 834
664 845
664 992
665 800
667 700
668 786
669 712
669 773
671 755
671 790
671 984
672 750
672 832
673 765
673 816
673 932
674 729
675 932
676 862
677 770
677 905
678 779
678 820
680 726
682 904
682 956
683 999
684 802
684 856
684 859
686 995
687 690
687 778
687 806
687 895
688 708
688 914
689 743
689 820
690 858
692 735
693 725
693 868
694 718
694 948
695 837
695 929
696 940
696 980
697 816
698 739
698 984
699 885
699 913
700 842
700 870
700 943
701 762
701 944
702 715
702 719
702 795
702 926
702 932
702 962
703 769
704 859
705 736
705 910
706 820
706 850
706 909
706 985
707 744
707 773
707 839
708 715
708 831
708 935
708 996
709 734
710 816
711 941
712 879
712 906
712 966
713 911
714 871
714 909
716 768
717 818
717 910
718 727
718 737
719 831
721 797
722 785
722 985
723 772
724 739
724 743
724 834
724 964
724 977
725 747
725 890
726 943
727 876
729 743
730 828
730 906
731 796
732 883
732 927
733 919
733 984
734 782
734 863
734 941
735 766
735 775
735 808
735 950
736 743
736 914
736 969
737 745
737 752
737 769
737 927
738 829
738 896
739 946
740 941
740 998
741 832
741 898
741 926
742 760
743 792
743 841
743 869
743 965
745 878
745 999
746 752
746 912
748 886
749 752
750 858
751 804
751 941
753 837
756 979
757 815
757 817
757 927
761 919
761 935
761 999
762 793
762 801
762 815
762 962
763 813
763 864
766 931
767 874
767 960
768 852
769 849
769 913
769 953
771 808
772 805
776 881
777 805
780 829
780 890
780 893
781 924
783 892
783 899
784 964
785 905
786 925
787 992
791 835
791 889
792 847
795 857
796 938
797 908
799 867
800 852
800 862
801 922
801 983
802 803
802 814
802 944
803 824
803 949
803 974
804 893
805 862
805 899
807 902
808 819
809 885
809 909
810 847
811 868
812 813
814 817
814 826
815 941
816 850
818 887
819 864
820 824
821 884
822 843
823 859
824 866
825 934
826 833
826 888
826 914
827 876
829 875
830 902
831 844
833 866
833 934
833 997
834 888
834 893
835 901
835 936
837 860
837 917
840 891
840 957
843 863
843 959
844 923
845 978
846 868
846 971
846 972
850 921
851 857
851 930
853 863
856 907
856 970
857 870
857 917
857 998
858 861
858 942
858 952
858 999
863 949
863 952
864 994
865 889
866 888
867 883
867 973
869 912
870 930
871 911
873 884
873 929
874 941
875 877
875 960
877 962
878 959
880 927
882 937
883 929
883 932
883 994
883 997
888 993
889 916
892 904
893 925
893 968
896 915
897 912
897 943
898 985
904 984
906 951
906 994
907 954
914 930
918 983
920 992
923 946
924 970
926 927
926 995
927 979
929 932
929 991
931 934
931 988
932 950
937 977
938 940
939 982
944 947
945 951
951 961
953 955
955 978
958 982
960 993
965 966
971 972
974 990
975 976
985 987
989 998
