0 42
0 501
0 729
0 740
0 815
0 862
1 104
1 577
1 652
1 819
1 908
2 197
2 409
2 506
2 526
3 76
3 328
3 503
3 829
3 926
3 951
4 140
4 325
4 428
4 631
4 686
4 947
5 114
5 290
5 375
5 392
5 719
5 791
6 36
6 163
6 494
6 516
6 917
6 955
7 203
7 304
7 339
7 344
7 347
7 559
7 720
7 811
8 142
8 752
8 784
9 223
9 304
9 322
9 526
9 544
9 618
9 674
9 750
9 814
10 193
10 240
10 345
10 353
10 449
10 623
10 656
10 985
11 506
11 582
11 816
12 731
13 54
13 127
13 358
13 588
13 653
13 673
13 694
13 826
14 107
14 188
14 303
14 438
15 91
15 99
15 419
15 588
15 689
15 704
15 875
15 979
16 36
16 77
17 173
17 391
18 282
18 368
18 532
18 673
18 875
19 121
19 604
19 781
19 823
20 159
20 277
20 397
20 507
20 531
20 668
21 128
21 291
21 433
21 570
21 666
21 687
21 690
21 764
21 960
22 430
22 617
22 676
22 772
23 368
23 646
23 870
23 923
23 959
24 121
24 220
24 381
24 383
24 622
24 691
24 783
25 44
25 121
25 242
25 331
25 453
25 612
25 675
25 924
26 63
26 82
26 95
26 148
26 333
26 569
26 634
26 693
27 125
27 271
27 300
27 617
27 878
28 279
28 280
28 459
28 462
28 486
28 891
28 932
28 937
29 217
29 274
29 573
29 598
29 655
30 291
30 346
30 524
30 631
30 632
30 695
31 411
31 416
31 457
32 207
32 524
32 699
32 712
33 187
33 261
33 339
33 414
33 641
33 778
33 811
33 873
34 191
34 220
34 232
34 236
34 274
34 375
34 407
34 493
34 749
34 817
34 903
35 324
35 376
35 528
35 541
35 880
36 311
36 517
36 716
36 734
37 498
37 544
37 586
37 732
37 749
38 114
38 366
38 414
38 458
38 591
38 881
38 945
39 452
39 532
39 657
39 666
39 946
39 968
39 996
40 105
40 146
40 243
40 600
41 86
41 369
41 641
41 917
41 945
42 83
42 182
42 918
42 935
43 327
43 488
43 630
43 716
43 874
43 974
44 78
44 508
44 550
44 788
44 846
44 895
45 87
45 110
45 170
45 255
45 823
45 947
45 958
46 55
46 120
46 252
46 440
46 638
46 650
46 842
46 959
46 979
47 159
47 190
47 619
47 740
48 267
48 318
48 383
48 406
49 191
49 310
49 507
49 570
49 681
49 763
49 864
49 977
50 77
50 125
50 347
50 495
50 600
50 650
50 651
50 967
51 334
51 377
51 559
51 821
51 919
51 970
53 80
53 778
54 225
54 677
54 893
55 114
55 200
55 441
55 521
55 572
55 690
55 743
55 978
56 302
56 314
56 331
56 558
56 960
56 990
57 355
57 383
57 426
58 268
58 747
58 770
58 809
58 942
59 62
59 80
59 116
59 625
59 646
59 647
60 178
60 358
60 378
60 610
60 689
60 899
60 909
60 988
61 81
61 223
61 712
62 317
62 362
62 445
62 536
62 614
62 689
62 760
62 780
62 974
63 81
63 153
63 164
63 482
63 550
63 631
64 124
64 327
64 438
64 528
64 638
64 945
65 750
66 111
66 252
66 436
66 469
66 627
66 947
67 414
67 855
68 320
68 652
68 654
68 757
68 793
68 879
68 917
69 187
69 557
69 752
69 849
69 965
70 82
70 425
70 445
70 657
70 665
70 987
70 995
71 308
71 481
71 547
71 588
71 636
71 667
71 737
72 148
72 538
72 697
72 818
73 235
73 284
73 444
73 570
74 169
74 687
74 700
75 81
75 333
75 538
75 757
75 905
76 133
76 217
76 570
76 974
76 995
77 532
77 755
77 890
77 908
78 126
78 188
78 195
78 742
78 901
79 274
79 407
80 627
80 865
81 122
81 236
81 277
81 507
81 726
81 747
81 752
81 775
81 782
81 791
81 977
82 169
82 520
82 534
82 609
82 629
83 265
83 360
83 440
83 460
83 727
83 947
84 163
84 555
84 659
84 672
84 850
85 123
85 257
85 314
85 417
85 463
85 645
86 263
86 299
86 407
86 453
86 458
86 540
86 596
86 607
86 893
86 953
86 997
87 131
87 261
87 508
87 580
87 616
88 295
88 897
88 964
89 114
89 180
89 245
89 427
89 479
89 609
89 881
89 992
90 444
90 477
90 922
91 185
91 191
91 467
92 111
92 164
92 242
92 675
92 696
92 908
92 965
93 230
93 376
93 544
93 689
93 742
94 167
94 433
94 461
94 826
94 838
94 845
95 183
95 272
95 663
95 666
95 806
96 124
96 247
96 256
96 449
96 513
96 571
96 965
97 163
97 217
97 620
97 891
98 359
98 943
99 137
99 178
99 572
99 924
99 925
99 936
100 204
100 250
100 364
100 728
100 789
100 818
100 851
100 891
100 974
101 768
102 160
102 192
102 237
102 325
102 863
103 133
103 180
103 341
103 463
103 740
104 112
104 897
105 118
105 163
105 294
105 766
105 792
106 190
106 242
106 255
106 361
106 403
106 455
106 601
106 812
107 860
108 298
108 700
108 964
109 142
109 199
109 213
109 405
109 513
109 738
109 834
109 877
109 944
110 156
110 315
110 358
110 717
111 262
111 279
111 455
111 648
111 759
111 851
111 871
112 168
112 360
112 785
112 957
113 366
113 581
113 798
113 820
113 899
114 215
114 536
114 576
114 767
114 846
114 888
114 889
115 128
115 314
115 513
115 608
115 828
115 991
116 265
116 338
116 384
116 397
116 507
116 641
116 690
116 967
117 149
117 206
117 272
117 323
117 648
117 772
117 915
117 995
118 124
118 291
118 701
118 721
118 765
118 930
119 129
119 213
119 310
119 533
119 559
119 645
119 721
119 991
120 260
120 305
120 418
120 437
120 615
120 875
121 275
121 354
121 360
121 582
121 697
121 751
122 251
122 259
122 300
122 408
122 491
122 637
122 839
122 947
123 314
123 324
123 345
123 466
123 526
123 647
123 693
123 699
123 721
123 963
124 387
124 396
124 573
124 754
124 778
125 380
125 436
125 552
125 818
126 430
126 686
126 722
126 753
127 312
127 782
128 337
128 735
128 861
128 980
129 195
129 239
129 678
129 758
130 234
130 238
130 298
130 368
130 388
130 586
130 761
130 764
130 929
130 975
131 398
131 636
131 868
132 473
132 659
132 769
133 151
133 198
133 238
133 271
133 624
133 646
133 796
133 860
134 726
134 780
134 921
134 961
134 991
134 994
135 423
135 842
136 454
136 845
136 885
136 892
137 190
137 653
138 171
138 206
138 313
139 155
139 157
139 264
139 274
139 312
139 433
139 558
139 825
140 168
140 263
140 268
140 576
140 792
141 269
141 301
141 344
142 380
142 517
142 578
142 596
142 843
142 851
142 984
142 993
143 364
143 403
143 554
143 600
143 915
144 166
144 303
144 491
144 609
144 611
144 842
144 958
145 603
145 775
145 785
145 926
145 927
145 996
146 312
146 554
147 465
147 767
148 178
148 341
148 411
148 425
148 633
148 656
148 716
148 854
149 691
149 788
149 803
150 301
150 304
150 517
150 734
150 896
151 389
151 531
151 704
152 165
152 290
152 607
152 930
153 157
153 234
153 326
153 439
153 730
153 739
153 913
154 275
154 550
155 214
155 224
155 238
155 412
155 658
155 673
155 764
155 851
156 374
156 532
156 699
156 736
156 945
157 202
157 390
157 517
157 815
157 860
157 963
158 234
158 432
158 764
158 914
158 947
159 220
159 267
159 426
159 628
159 771
159 944
160 360
160 439
160 512
160 531
160 628
160 807
160 828
160 863
161 201
161 670
162 440
162 449
162 562
162 578
162 598
162 739
162 825
163 338
163 393
163 559
163 563
163 569
163 663
163 800
164 212
164 317
164 324
164 385
164 432
164 465
164 473
164 628
164 687
164 797
164 807
164 875
164 893
164 957
165 435
165 456
165 467
166 171
166 218
166 337
166 437
166 801
166 907
167 217
167 922
167 973
168 192
169 305
169 367
169 395
169 552
169 727
169 731
169 841
170 528
170 563
170 662
171 290
171 451
171 706
171 759
172 177
172 181
172 466
172 480
172 717
172 737
173 347
173 409
173 499
173 964
174 464
174 551
174 743
174 862
175 417
175 627
175 768
175 806
175 899
175 949
176 820
177 585
177 899
178 367
178 535
178 550
178 582
178 937
179 322
179 399
179 490
179 547
179 551
179 726
179 797
179 833
179 917
180 626
180 685
180 769
181 392
181 457
181 472
181 621
181 630
181 712
182 216
182 678
182 779
182 885
182 902
182 916
183 209
183 275
183 340
183 914
183 932
184 408
184 641
184 768
185 203
185 217
185 322
185 436
185 527
185 706
185 734
186 598
187 223
187 359
187 470
187 558
187 644
187 827
187 859
187 924
188 322
188 880
189 294
189 429
189 645
189 872
189 955
190 404
190 414
190 661
190 849
190 959
191 307
191 309
191 322
191 428
191 785
191 829
191 947
192 301
192 499
192 585
192 739
192 740
192 790
193 358
193 842
193 947
193 954
194 197
194 307
194 355
195 209
195 242
195 621
195 814
196 306
196 600
196 691
196 839
197 392
197 433
197 458
197 490
197 573
197 604
197 670
197 878
197 970
197 976
198 760
198 799
199 694
199 775
200 391
200 422
200 484
201 221
201 843
201 876
202 210
202 636
202 674
202 889
203 331
203 340
203 350
203 452
203 556
203 776
203 886
204 297
204 381
204 427
204 433
204 479
204 991
205 316
205 392
205 463
205 614
205 717
206 214
206 321
206 542
206 835
207 579
207 745
207 895
207 904
208 709
208 827
208 902
208 967
209 336
209 559
209 855
210 286
210 307
210 399
210 427
211 244
211 273
211 348
211 391
211 436
211 470
211 695
211 769
212 322
212 459
212 596
212 637
212 716
213 243
213 248
213 376
213 502
213 855
214 257
214 687
214 995
215 315
215 343
215 540
215 575
215 696
215 806
215 833
215 920
216 283
216 670
216 713
216 933
216 946
217 235
217 444
217 497
217 551
217 570
217 595
218 333
218 412
218 456
218 682
218 758
218 958
219 377
219 435
219 459
219 535
219 744
220 391
220 483
220 643
220 923
221 239
221 494
221 534
221 943
222 433
222 622
222 983
223 255
223 430
223 717
223 865
223 868
224 410
224 496
224 580
224 582
224 664
224 777
225 596
225 606
225 696
226 244
226 343
226 533
226 676
226 778
226 908
226 944
227 522
227 676
227 694
227 840
227 984
228 314
228 517
228 694
228 734
228 739
228 957
229 376
229 585
229 770
229 921
230 471
230 534
230 599
230 699
230 843
230 926
231 246
231 526
231 909
231 976
232 941
233 322
233 610
233 636
233 745
233 885
234 441
234 509
234 621
234 993
235 459
236 539
236 582
236 810
237 594
237 696
237 969
238 494
238 777
238 854
238 880
239 254
239 933
240 279
240 305
240 491
240 515
240 531
240 729
242 312
242 345
242 429
242 606
242 755
242 926
243 551
243 952
244 427
244 528
244 626
244 656
244 658
244 749
244 802
244 887
244 936
245 672
245 801
245 830
245 967
246 410
246 493
246 581
246 667
246 900
246 997
247 508
247 512
247 536
247 744
247 747
247 843
247 858
248 278
248 339
248 908
249 453
249 552
249 581
249 760
249 779
250 278
250 362
250 443
250 926
251 662
251 897
252 779
252 961
253 287
253 335
253 382
253 895
254 447
254 463
254 550
254 709
254 808
255 389
255 487
255 508
255 572
255 622
255 823
255 853
256 261
256 267
256 469
256 644
257 489
257 703
257 764
257 957
258 568
258 965
258 996
259 342
259 451
259 460
259 938
260 271
260 299
260 324
260 674
260 792
261 313
261 503
261 567
261 587
261 989
262 719
262 958
262 983
263 357
263 373
263 784
263 810
263 814
264 506
264 944
264 945
265 524
265 594
265 658
265 686
265 798
265 856
265 989
266 278
266 590
266 918
266 990
267 385
267 428
267 548
267 726
267 842
267 868
267 914
268 559
268 688
268 740
268 781
268 889
269 683
269 722
270 498
270 674
270 707
270 716
271 429
271 502
271 890
272 381
272 485
272 812
272 909
273 343
273 345
273 462
273 834
274 316
274 572
274 651
274 679
274 928
275 441
275 630
275 798
276 569
276 720
276 966
277 445
277 566
277 631
277 742
277 754
277 859
278 735
279 314
279 710
279 991
280 315
280 496
280 606
280 825
280 831
281 324
281 406
281 442
281 568
282 418
282 500
282 563
282 743
282 879
282 916
283 396
283 690
283 889
283 966
284 618
284 641
284 706
284 731
284 744
285 297
285 304
285 496
285 533
285 624
285 681
285 767
285 988
285 995
286 367
287 603
287 685
287 693
287 745
287 930
288 347
288 504
288 857
288 880
288 966
289 543
289 588
289 599
289 618
289 708
289 728
289 950
290 340
290 360
290 938
291 577
291 589
291 598
291 841
292 753
292 971
293 320
293 386
293 505
293 524
293 559
293 721
293 748
293 780
293 809
293 919
294 296
294 320
294 400
294 423
294 979
295 396
295 413
295 426
295 910
295 950
296 528
296 656
296 761
296 890
297 444
297 538
298 304
298 656
298 701
298 761
298 764
299 521
299 699
300 462
300 673
300 805
300 845
300 858
300 917
301 374
301 480
301 666
301 849
301 856
302 780
302 805
304 508
304 561
304 640
304 712
304 793
304 937
304 947
305 373
305 435
305 437
305 514
305 566
305 791
305 793
305 978
306 356
306 380
306 459
306 618
306 805
306 859
306 920
307 429
307 556
307 645
307 656
307 814
307 921
308 359
308 468
308 737
309 680
309 789
309 811
310 365
310 773
311 379
311 801
311 847
312 570
312 608
312 884
313 623
313 646
314 336
314 350
314 465
314 750
314 869
314 910
314 971
314 976
315 451
315 495
315 662
315 718
315 911
315 921
316 773
316 949
317 406
317 433
317 436
317 581
317 840
317 966
318 826
319 329
319 340
319 419
319 625
319 776
320 438
320 477
320 488
320 550
320 989
321 422
321 597
321 667
321 764
322 363
322 874
322 904
323 418
323 696
323 969
324 347
324 623
324 690
324 788
325 343
325 485
325 531
325 809
325 820
325 822
325 829
325 938
326 462
326 601
326 633
326 707
326 720
326 735
326 841
326 869
327 700
327 772
327 831
327 960
328 440
328 648
328 817
328 959
329 363
329 544
329 599
330 456
330 575
331 375
331 415
331 472
331 649
331 692
332 676
333 756
333 799
334 698
334 701
334 882
335 513
335 514
335 656
335 952
335 962
336 482
336 736
337 365
337 525
337 637
337 841
337 868
337 954
338 389
338 564
338 621
338 768
339 346
339 361
339 387
339 469
339 577
339 823
339 837
339 852
340 376
340 399
340 408
340 438
340 528
340 700
340 874
341 403
341 414
341 666
342 847
342 979
342 980
343 463
343 604
343 714
343 724
343 746
343 914
344 428
344 524
344 682
344 785
344 834
345 359
345 439
345 453
346 734
346 837
346 856
346 876
347 366
347 543
347 793
347 805
348 435
348 552
348 594
348 924
349 420
349 685
349 942
350 930
351 437
351 601
351 738
351 753
351 886
351 943
352 354
352 540
352 838
353 388
353 539
353 614
353 648
353 658
354 953
355 492
355 610
356 862
358 367
358 396
358 403
358 759
358 776
358 795
358 996
359 416
359 633
359 724
360 376
360 380
360 622
360 627
360 867
361 631
361 649
361 878
361 944
361 945
362 373
362 494
362 804
363 588
363 813
363 992
363 993
364 449
364 545
364 886
364 934
364 976
366 407
366 531
366 771
366 777
366 892
366 938
367 388
367 530
367 539
368 525
368 841
368 954
369 446
369 723
369 812
370 422
370 746
371 546
371 751
371 816
371 818
371 826
371 844
371 990
372 458
372 745
372 855
372 857
373 729
373 860
373 896
374 691
375 389
375 572
375 634
375 819
375 848
375 927
375 952
376 382
376 569
376 725
376 822
377 524
377 567
377 717
377 767
377 924
378 407
378 460
378 536
378 862
379 483
379 490
380 402
380 744
381 628
382 590
382 595
382 904
382 971
383 538
383 694
383 768
384 676
385 449
385 468
385 729
385 739
385 762
385 768
386 562
387 550
387 651
388 442
388 527
388 532
388 578
388 616
388 634
388 674
388 731
388 784
389 483
389 562
389 633
389 642
389 701
390 476
390 677
390 990
391 867
391 907
391 974
392 538
392 696
393 432
393 653
394 917
395 661
395 698
395 749
395 796
395 852
395 956
395 958
396 441
396 678
396 786
396 844
397 562
397 564
397 607
397 891
398 533
398 604
398 653
398 727
398 768
399 479
399 842
400 439
400 458
400 697
400 824
401 495
401 791
401 938
402 686
402 909
403 680
403 989
404 848
405 787
405 832
405 875
405 985
406 544
406 748
406 821
407 513
407 538
407 595
407 616
408 981
409 816
409 975
410 483
410 498
410 523
410 627
410 685
410 876
411 418
411 434
411 663
411 729
412 565
412 659
412 726
413 509
413 544
413 550
413 666
413 752
414 528
414 699
414 728
414 913
415 474
415 495
416 484
416 499
416 670
416 769
416 794
417 978
418 609
418 618
418 991
418 999
419 473
419 644
420 652
420 746
420 757
420 759
420 952
420 992
421 602
421 943
421 976
422 434
422 581
422 738
423 625
423 664
423 910
423 954
424 589
424 664
424 795
424 913
425 852
425 880
425 897
426 700
426 733
426 934
427 462
427 786
427 997
428 553
428 579
428 602
428 799
428 834
429 778
429 883
430 589
430 603
430 639
430 873
430 942
430 958
431 453
431 833
431 879
431 978
432 448
432 808
432 826
432 837
432 905
433 597
433 666
434 475
434 625
435 609
435 634
436 563
436 803
436 866
437 645
437 748
438 473
438 597
438 937
438 997
439 995
440 475
440 682
440 893
442 619
442 718
442 756
442 905
442 954
442 978
443 584
443 677
443 732
444 602
444 705
444 707
444 736
444 850
444 925
445 459
445 470
445 502
445 522
445 530
445 657
445 706
445 845
445 914
446 668
446 765
447 576
447 577
447 705
447 787
447 889
447 968
447 997
448 808
448 895
449 630
449 858
449 863
450 528
450 605
450 700
451 783
452 528
452 875
452 984
453 522
453 778
454 749
454 906
454 964
455 967
455 996
457 677
457 813
458 462
458 578
458 861
459 697
459 704
459 761
459 915
459 977
460 530
460 606
460 641
460 667
460 718
461 735
461 961
462 578
462 582
462 639
462 680
463 531
463 722
463 847
464 532
464 843
464 875
464 891
465 490
465 502
465 537
465 604
465 966
466 725
466 768
467 552
467 762
467 862
467 908
468 692
468 747
469 633
469 680
469 784
469 814
470 515
471 502
471 762
471 897
472 693
472 834
473 559
473 632
473 671
473 719
473 730
473 921
474 721
475 608
475 771
476 541
476 606
476 862
477 577
477 707
477 773
478 495
478 657
479 601
479 611
479 623
479 887
479 992
480 650
480 736
481 529
481 533
481 580
481 664
481 679
481 692
481 732
482 730
482 866
483 485
483 664
484 619
484 938
485 764
485 886
485 887
486 816
487 528
487 659
487 713
487 758
487 794
488 609
488 644
488 904
488 971
489 603
489 653
489 715
489 733
489 983
490 570
491 682
491 781
492 632
492 962
493 588
493 603
493 896
494 497
494 673
495 663
495 702
495 714
495 820
495 881
495 957
495 966
496 578
496 758
497 509
497 776
497 899
498 569
498 600
498 727
498 757
498 840
499 567
500 866
500 883
501 531
501 692
501 719
502 975
503 709
503 761
503 840
503 948
503 979
504 731
504 783
504 839
504 853
504 881
505 732
505 788
505 906
505 918
505 923
506 586
506 891
506 938
506 983
507 578
507 915
508 944
508 964
509 520
509 696
509 737
509 765
509 871
509 938
509 970
510 688
511 675
511 858
511 954
512 513
512 531
512 619
512 705
512 908
513 612
513 644
513 680
513 729
516 867
516 994
517 527
517 923
518 732
518 793
519 600
519 611
519 872
519 882
519 994
521 690
521 832
522 523
523 532
523 547
523 744
523 931
524 686
524 688
524 719
525 671
525 808
526 722
526 787
526 877
527 659
527 811
528 693
528 898
529 848
530 531
530 947
530 981
531 576
531 675
531 863
531 981
532 678
532 905
533 582
534 997
536 583
536 619
536 873
536 881
537 822
537 826
537 851
537 877
537 916
538 565
538 761
538 973
539 601
539 688
539 762
539 799
539 810
539 817
539 953
540 770
540 892
541 584
541 623
541 919
541 923
542 564
542 766
542 808
543 614
543 662
543 719
544 913
545 579
545 754
546 735
546 990
548 687
548 735
548 910
548 951
549 700
549 954
550 714
550 767
550 779
550 858
550 873
551 554
551 740
551 903
551 986
552 870
553 639
553 825
553 895
554 612
554 626
554 644
554 986
555 640
555 645
555 788
556 599
556 942
556 991
557 651
557 669
557 750
558 564
558 604
558 698
558 942
559 762
559 851
560 625
560 684
560 911
561 759
561 978
562 790
562 861
562 899
563 672
563 718
564 659
564 840
565 663
565 675
565 910
565 992
566 659
567 994
568 619
568 640
568 665
568 849
569 772
569 815
569 856
569 883
569 906
570 813
571 589
571 888
571 903
571 994
572 864
573 699
574 796
574 808
574 835
574 881
575 616
575 690
575 908
576 654
578 699
578 819
579 752
580 813
581 597
581 716
581 726
581 848
582 979
583 888
583 949
583 958
584 940
585 748
585 884
585 907
586 894
586 959
586 967
586 978
587 795
588 694
588 758
588 855
588 912
588 951
589 628
590 780
590 892
590 990
591 989
592 622
592 923
593 704
593 816
594 965
595 598
595 772
595 844
595 949
596 685
596 767
596 862
596 942
597 721
597 996
598 706
598 846
599 609
599 619
599 648
599 654
599 824
601 636
601 982
602 776
602 787
603 695
603 794
603 883
603 961
604 607
606 672
607 648
607 721
607 840
607 923
607 990
608 631
609 686
609 761
609 865
610 829
610 990
611 648
611 674
612 664
612 720
612 722
612 817
613 677
613 800
613 809
614 794
614 951
615 620
615 657
615 737
615 953
615 965
615 982
615 989
616 707
616 977
617 655
617 668
617 725
618 927
619 854
619 884
619 978
620 630
621 832
622 910
623 692
623 988
624 739
624 741
624 923
625 899
626 835
627 736
627 902
628 784
628 983
629 637
629 670
630 655
630 666
630 696
630 727
630 963
631 639
631 674
632 733
632 944
633 662
633 698
634 788
634 795
634 909
634 996
634 999
635 766
635 812
635 856
635 857
636 646
637 735
637 751
637 846
638 679
638 761
638 785
638 843
638 978
639 783
639 836
639 885
640 777
640 872
640 952
641 868
642 881
642 932
643 715
643 899
643 995
644 780
644 813
644 833
644 847
644 956
645 779
645 812
645 879
646 718
646 894
646 939
647 768
647 817
648 782
648 856
649 661
649 666
649 723
649 878
649 910
649 980
650 821
650 914
650 963
651 660
651 771
651 850
652 661
652 703
654 994
655 717
657 737
657 959
658 841
658 906
658 961
659 848
659 915
659 918
660 686
660 717
660 813
660 840
660 890
660 921
662 784
662 816
662 940
663 744
663 764
665 731
665 876
666 789
667 819
667 999
668 701
669 712
669 778
669 851
670 777
671 715
672 710
672 804
673 721
674 768
674 791
674 806
675 724
677 701
677 948
679 840
679 884
680 741
681 772
683 865
683 969
684 900
684 962
685 920
686 858
686 889
687 818
687 889
688 948
689 707
689 726
689 845
689 954
689 986
691 869
691 963
692 730
693 760
693 773
693 845
694 737
694 749
694 832
695 794
696 717
696 802
697 723
697 877
698 701
698 827
699 963
699 996
700 814
700 866
700 876
700 996
701 759
701 829
701 979
702 826
703 742
703 851
703 864
703 949
703 956
705 956
706 762
707 798
708 874
709 775
710 721
710 948
711 729
711 939
712 754
712 846
713 756
713 901
714 748
714 863
714 883
714 923
714 967
715 841
715 869
715 882
716 721
716 792
720 989
721 813
721 814
721 984
722 811
722 896
724 772
724 850
725 777
725 898
726 804
727 797
727 823
728 854
729 883
729 961
729 985
730 842
730 853
732 786
733 807
733 926
733 935
734 787
735 813
735 924
736 923
736 968
737 758
737 828
737 945
738 937
739 864
739 877
740 935
742 780
744 878
745 792
746 768
747 908
747 994
748 775
749 845
750 799
750 819
750 826
750 829
752 836
753 879
754 844
755 970
756 981
757 957
757 982
758 934
758 939
759 971
761 910
761 925
762 828
764 942
765 984
767 803
767 838
767 948
768 794
769 981
770 892
770 911
770 916
770 924
771 945
772 902
772 994
773 807
773 882
773 898
773 942
774 962
774 979
775 808
776 870
776 957
776 958
777 828
778 924
778 977
780 931
780 992
781 845
782 783
782 850
782 966
783 864
784 787
784 809
784 892
785 954
786 793
786 882
786 895
786 993
788 947
788 952
790 927
790 940
791 806
793 866
793 906
793 964
795 926
796 958
797 907
797 920
798 818
798 875
798 991
799 809
799 949
799 953
800 845
800 854
800 974
801 803
801 999
804 823
804 957
806 985
808 940
809 847
810 862
811 827
811 864
813 943
814 822
815 883
815 924
815 959
816 842
816 889
817 886
821 899
821 932
823 828
823 938
824 956
825 845
829 855
831 840
831 957
833 941
834 836
835 924
836 933
837 994
838 948
838 979
841 852
843 878
847 978
848 885
849 995
851 889
851 908
852 959
853 963
853 967
854 957
856 871
856 994
857 972
858 964
864 886
865 957
865 966
868 926
868 961
869 873
869 906
869 998
870 982
872 899
872 955
872 963
874 971
876 986
879 901
879 907
879 928
883 984
885 958
889 944
890 926
892 954
892 978
893 905
893 965
895 917
895 935
895 962
896 993
896 995
898 992
900 902
903 918
904 960
904 977
906 933
906 955
907 971
910 963
911 984
911 985
912 928
913 919
915 962
916 931
928 951
929 934
930 995
935 960
935 974
939 985
940 974
941 976
944 998
945 982
946 984
947 976
948 975
948 991
948 993
950 954
956 957
961 997
969 995
970 984
970 997
971 977
