0 29
0 915
0 945
0 961
1 142
1 329
1 735
2 164
2 700
3 294
3 581
3 614
3 758
3 896
4 491
4 502
4 632
4 634
4 651
4 762
4 864
4 963
5 34
5 142
5 635
5 709
6 192
6 228
6 578
7 248
7 746
7 979
8 53
8 297
8 338
8 360
8 362
8 557
8 586
8 652
8 687
8 872
9 150
9 329
9 461
9 614
9 629
9 640
9 777
9 914
9 946
9 950
10 37
10 244
10 599
10 779
10 857
10 961
10 963
11 421
11 632
11 643
11 852
12 51
12 129
12 348
12 350
12 358
12 374
12 405
12 486
12 540
12 755
12 883
13 147
13 326
13 384
13 476
13 524
13 591
13 661
13 814
13 856
14 57
14 94
14 193
14 464
14 794
15 108
15 264
15 607
15 611
15 767
16 114
16 138
16 364
16 614
16 698
16 883
17 398
17 472
17 516
17 619
17 848
17 860
17 983
18 178
18 194
18 200
18 515
18 618
18 994
19 69
19 179
19 646
19 705
19 762
19 882
20 361
20 486
20 655
20 740
20 842
21 168
21 332
21 357
21 640
21 781
21 892
21 963
22 144
22 214
22 264
22 340
22 378
22 419
22 479
22 697
22 741
22 795
23 72
23 355
23 379
23 657
23 687
23 844
23 908
24 127
24 208
24 417
24 601
24 791
25 29
25 87
25 537
25 902
25 971
26 149
26 324
26 571
26 596
26 844
26 967
27 159
27 198
27 205
27 240
27 246
27 649
28 120
28 318
28 322
28 368
28 427
28 635
29 427
29 527
30 82
30 242
30 373
30 619
30 709
30 984
31 49
31 303
31 463
31 519
31 644
31 646
31 752
32 294
32 376
32 628
32 690
32 969
33 72
33 134
33 203
33 285
33 441
33 456
33 489
33 525
33 624
33 854
33 858
34 217
34 980
35 318
35 535
35 862
35 977
36 197
36 207
36 379
36 800
37 400
37 537
37 551
37 718
37 861
37 939
38 261
38 420
38 449
38 498
38 536
38 680
38 725
39 610
39 843
40 94
40 249
40 321
40 503
40 506
40 561
40 732
40 820
40 924
41 957
41 993
42 157
42 254
42 355
42 890
43 258
43 324
43 363
43 519
43 555
43 611
44 169
44 177
44 676
45 55
45 269
45 279
45 523
45 711
45 760
45 827
45 889
46 207
46 256
46 362
46 808
46 848
46 880
47 203
47 237
47 321
47 441
47 743
47 826
47 831
48 392
48 890
49 442
49 541
49 814
49 843
50 436
50 486
50 760
51 195
51 199
51 384
51 418
51 665
51 702
52 199
52 200
52 651
52 828
52 836
52 985
53 93
53 671
53 943
53 977
54 203
54 246
54 372
54 738
54 853
55 210
55 339
55 420
55 509
55 565
55 609
55 804
55 955
55 998
56 250
56 298
56 329
56 516
56 551
56 561
56 941
56 999
57 355
57 436
57 445
57 580
57 981
58 109
58 469
58 719
58 774
58 782
58 870
59 88
59 481
59 725
59 761
59 769
60 114
60 303
60 495
60 811
61 63
61 389
61 414
61 516
61 953
62 258
62 290
62 538
62 737
62 796
62 853
62 935
63 427
63 751
63 896
64 114
64 524
64 663
64 839
64 884
64 923
64 944
64 969
65 646
66 85
66 141
66 243
66 557
66 867
66 991
67 162
67 356
67 454
67 589
67 614
67 680
67 743
69 137
69 841
70 108
70 158
70 391
70 763
70 862
70 975
71 107
71 358
71 468
71 845
72 254
72 301
72 475
72 673
72 870
73 582
73 929
73 935
74 113
74 125
74 361
74 443
74 502
74 553
74 816
75 119
75 517
75 585
75 650
75 789
75 829
76 181
76 333
76 429
76 530
76 564
76 568
76 770
76 773
76 914
77 113
77 406
77 453
78 235
78 277
78 323
78 451
78 731
78 837
78 916
78 938
79 134
79 425
79 525
79 641
79 735
79 848
79 853
80 482
80 765
80 872
81 83
81 258
81 431
81 652
81 976
82 204
82 524
82 544
82 566
82 619
82 775
82 814
82 870
82 987
83 307
83 313
83 371
83 694
83 818
83 970
84 187
84 234
84 236
84 269
84 512
84 806
84 997
85 149
85 280
85 333
85 894
86 438
86 460
86 527
86 778
86 992
87 191
87 197
87 864
87 928
88 361
88 443
88 645
88 915
89 278
89 495
90 117
90 136
90 153
90 573
90 655
90 714
90 808
90 839
90 869
90 875
90 971
91 376
91 454
91 460
91 483
91 634
91 858
91 960
92 175
92 482
92 970
93 244
93 247
93 266
93 863
94 152
94 684
95 234
95 264
95 312
95 330
95 561
95 605
95 625
95 906
95 998
96 183
96 202
96 355
96 403
96 466
96 614
96 625
96 754
97 173
97 188
97 399
97 752
97 878
97 937
98 262
98 291
98 435
98 597
99 403
99 540
99 575
99 631
99 772
99 830
99 992
100 119
100 990
101 151
101 352
101 601
101 631
101 651
101 755
101 948
102 197
102 249
102 254
102 264
102 279
102 302
102 487
102 657
102 712
102 940
103 294
103 322
103 619
104 191
104 287
104 484
104 550
104 761
105 953
106 573
106 700
107 112
107 167
107 490
107 901
107 963
108 363
108 367
108 535
108 910
109 138
109 441
109 475
109 483
109 879
109 883
109 957
110 179
110 217
110 347
110 378
110 558
110 606
110 770
110 795
111 135
111 204
111 633
111 714
111 864
112 168
112 264
112 373
112 813
112 839
113 763
113 767
113 783
113 807
114 135
114 987
115 195
115 210
115 298
115 461
115 935
115 985
116 151
116 188
116 233
116 766
116 769
117 211
117 705
117 802
117 865
117 945
118 166
118 245
118 668
118 780
118 934
119 153
119 409
119 517
120 361
120 520
120 590
120 747
120 919
120 981
121 218
121 230
121 250
121 889
122 160
122 281
122 410
122 444
122 593
122 634
122 809
122 825
122 830
123 127
123 172
123 364
123 751
123 801
123 919
123 937
124 739
124 886
124 902
125 311
125 335
125 399
125 444
125 675
125 752
125 950
126 397
126 446
126 498
126 633
126 688
127 151
127 262
127 585
128 240
128 267
128 444
128 581
128 775
128 874
129 294
129 443
129 448
130 269
130 602
130 642
130 873
130 894
130 943
131 158
131 560
131 610
131 836
131 893
131 979
132 204
132 319
132 398
132 427
132 514
132 669
132 715
132 733
132 860
133 477
133 992
134 492
134 930
135 136
135 281
135 461
135 622
136 168
136 383
136 418
136 480
136 610
137 289
137 413
137 666
137 735
137 875
138 152
138 531
138 566
138 710
139 275
139 674
139 820
139 984
140 334
140 719
140 849
141 172
141 814
141 917
142 182
142 191
142 213
142 348
142 622
142 753
142 954
143 530
143 692
143 698
143 952
144 279
144 688
144 770
145 460
145 500
145 768
145 907
146 269
146 478
146 711
146 797
146 820
147 432
148 231
148 264
148 785
148 921
149 223
149 693
149 706
149 727
149 916
150 171
150 193
150 348
150 389
150 772
150 852
151 918
152 330
152 335
152 607
153 336
153 858
154 360
154 397
154 627
154 690
154 729
154 730
154 762
154 951
155 169
155 232
155 233
155 498
155 815
155 818
155 886
155 981
156 157
156 195
156 313
156 469
156 778
157 233
157 471
157 856
157 926
157 984
158 215
158 340
158 395
158 474
158 591
158 593
158 715
159 571
159 690
159 809
159 922
160 294
160 315
160 632
160 728
160 999
161 243
161 455
161 934
161 955
162 211
162 446
162 494
162 593
163 229
163 313
163 498
163 505
163 624
163 830
163 880
164 191
164 247
164 284
164 388
164 455
164 654
164 674
164 685
164 904
164 969
165 179
166 173
166 202
166 268
166 435
166 505
166 885
166 916
167 211
167 226
167 237
167 536
167 584
167 600
167 645
167 754
167 772
167 811
167 917
167 934
168 303
168 392
168 461
168 472
168 664
168 728
168 855
168 999
169 616
169 630
169 746
170 253
170 454
170 520
170 743
170 825
170 956
171 185
171 203
171 254
171 310
171 777
171 837
171 929
171 983
172 642
172 841
172 917
172 960
173 193
173 405
173 407
173 464
173 645
173 700
173 769
173 969
174 298
174 406
174 734
174 771
174 830
174 852
174 972
175 228
175 346
175 451
175 607
175 959
176 952
177 688
177 722
177 840
178 242
178 249
178 317
178 338
178 494
178 578
178 614
178 826
179 273
179 315
179 417
179 549
179 764
179 893
180 264
180 489
180 528
180 595
180 718
180 733
180 737
181 250
181 278
181 281
181 314
181 868
181 937
182 609
182 904
183 419
183 434
183 952
184 661
184 919
185 282
185 373
185 435
185 499
186 260
186 360
186 481
186 538
186 604
186 674
186 845
186 869
187 230
187 333
187 477
187 554
187 649
187 923
188 363
188 572
188 624
188 781
189 819
190 215
190 364
190 499
190 785
191 201
191 398
191 551
191 579
191 597
191 906
191 961
192 648
192 795
192 834
193 210
193 299
193 420
193 475
193 504
193 528
193 546
193 695
193 748
193 881
194 211
194 251
194 355
194 641
194 897
195 595
195 732
195 824
196 696
196 771
196 942
197 473
197 634
197 688
198 366
198 593
198 912
199 545
199 626
200 243
200 450
200 672
200 853
200 971
201 387
201 392
201 439
201 507
201 833
201 949
202 323
203 304
203 325
203 332
203 362
203 536
203 583
203 590
203 611
203 789
203 963
204 393
204 504
204 562
204 662
204 774
205 349
205 563
205 736
205 923
206 233
206 240
206 454
206 642
206 663
206 699
206 754
206 912
207 216
207 393
207 404
207 521
207 742
207 748
207 911
207 912
207 938
208 312
208 526
208 930
209 416
209 492
209 524
209 859
210 245
210 405
210 795
210 891
211 431
211 866
211 929
211 949
212 412
212 670
212 675
212 804
212 845
213 227
213 583
213 605
213 724
213 755
213 857
213 940
214 931
214 963
215 248
215 561
215 616
215 709
216 229
216 336
216 343
216 699
216 728
217 382
217 645
218 320
218 372
218 522
218 560
218 583
218 593
218 716
219 354
219 367
219 906
220 273
220 496
220 574
220 580
220 947
221 507
221 650
221 778
221 793
222 462
222 790
222 876
223 857
224 432
224 510
225 261
225 678
225 791
226 329
226 958
226 987
227 318
227 342
227 409
227 451
227 498
227 601
227 705
228 471
228 528
228 772
228 785
228 840
229 266
229 404
229 581
230 249
230 571
230 688
230 756
230 875
230 995
232 451
232 600
232 939
233 259
233 703
233 706
233 780
233 831
234 492
234 624
234 876
234 885
235 367
235 415
235 889
236 340
236 498
236 722
236 816
236 860
236 898
237 303
237 318
237 404
237 435
237 569
238 304
238 593
238 682
238 701
238 785
238 837
239 411
239 480
239 539
239 545
239 558
239 615
239 714
239 837
239 934
240 305
240 498
240 511
240 885
241 302
241 936
241 947
242 269
243 274
243 790
243 882
243 919
243 994
244 270
244 312
244 672
244 675
244 873
244 916
245 825
245 988
246 247
246 722
246 904
246 951
247 363
247 564
247 588
247 635
247 837
247 840
248 367
248 383
248 434
248 492
248 593
248 830
248 869
249 326
249 337
249 344
249 800
249 994
250 703
250 969
251 275
251 286
251 506
251 532
251 593
251 674
251 700
251 871
251 961
252 353
252 587
252 645
252 925
252 993
252 998
253 312
253 345
253 415
253 555
253 829
253 996
254 359
254 528
254 753
254 809
255 299
255 555
255 965
256 348
256 416
256 418
256 502
256 549
256 563
256 685
256 823
256 890
256 949
257 468
257 681
258 361
258 364
258 538
258 886
258 917
258 993
259 289
259 324
259 420
259 474
259 583
259 592
259 754
259 833
259 903
260 357
260 483
260 507
260 534
260 764
260 921
261 329
261 497
261 660
262 626
263 293
263 377
263 454
263 515
263 587
263 718
264 547
265 747
265 759
265 770
265 845
266 745
266 758
266 759
266 980
266 981
267 743
267 761
267 861
267 883
268 309
268 310
268 372
268 689
268 714
269 355
269 419
269 507
269 548
269 557
269 589
269 591
269 634
269 646
269 648
269 894
270 272
270 473
270 525
270 710
270 880
270 965
271 276
271 716
271 728
271 795
271 907
272 423
272 548
272 793
272 825
272 923
273 490
273 545
273 602
273 920
274 851
274 972
275 424
275 638
275 989
276 294
276 310
276 327
276 365
276 445
276 521
276 614
276 656
276 740
276 855
277 299
277 456
277 567
277 608
277 806
277 894
278 308
278 487
278 714
278 840
278 868
278 941
278 963
279 467
279 896
280 435
280 726
280 892
280 999
281 990
282 510
282 709
282 930
283 509
283 638
283 673
283 676
283 870
283 926
283 963
284 540
284 709
285 725
285 811
286 309
286 314
286 413
286 450
286 760
286 828
287 523
287 644
288 489
288 493
288 572
288 691
288 797
289 599
289 742
289 949
290 569
290 692
290 941
291 310
291 499
291 549
291 700
291 887
291 990
292 354
292 577
292 689
293 297
293 328
293 350
293 404
293 493
293 557
293 670
293 718
293 778
293 822
293 981
294 475
294 966
295 318
295 456
295 496
295 551
295 614
295 884
296 399
296 803
296 848
296 953
296 988
297 402
297 610
297 664
297 757
297 834
297 840
298 439
298 915
298 929
298 930
299 351
299 377
299 389
299 456
299 531
299 595
299 632
299 823
299 832
300 385
300 401
300 610
300 892
301 394
301 512
301 555
301 889
302 383
302 591
302 713
302 830
302 884
302 962
302 996
303 347
303 690
304 968
305 324
305 513
305 576
305 835
306 327
306 502
306 576
306 634
306 664
306 691
307 727
307 940
307 944
307 986
308 503
308 684
308 745
309 352
309 601
310 395
310 697
310 913
310 985
311 502
311 651
311 809
312 395
312 473
312 547
312 882
313 457
313 466
313 469
313 501
313 592
313 617
313 631
313 792
314 446
314 599
314 848
315 413
315 455
315 690
315 735
315 840
316 707
316 789
316 880
316 926
316 929
317 673
317 973
318 850
319 343
319 425
319 498
319 681
320 491
320 540
320 549
320 701
320 822
321 388
321 539
321 612
321 881
323 424
323 799
324 519
324 595
324 647
324 664
324 714
324 847
324 853
324 924
325 656
325 914
326 637
327 482
327 489
327 563
327 820
327 859
327 881
328 383
328 395
328 956
329 374
329 774
329 963
330 606
330 984
331 464
331 530
331 570
331 641
331 797
331 839
331 862
332 547
332 607
332 666
332 685
332 780
332 793
332 821
332 909
332 969
333 357
333 422
333 674
333 989
334 421
334 903
335 355
335 575
335 783
335 837
335 879
335 979
336 909
337 368
337 495
337 740
337 983
338 681
339 798
339 938
340 377
340 687
340 884
341 358
341 450
341 717
341 722
341 860
341 930
341 935
342 538
342 624
342 736
343 359
343 416
343 417
343 530
343 662
343 703
343 716
343 817
343 923
343 954
344 372
344 449
344 484
344 556
344 577
344 791
345 425
345 574
345 606
345 637
345 985
346 479
346 502
346 559
346 668
346 889
346 923
346 936
347 558
347 771
347 798
347 914
348 369
348 741
348 804
348 894
349 671
350 360
350 364
350 447
351 433
351 464
351 554
351 557
352 824
352 867
353 355
353 440
353 467
353 600
353 655
354 419
354 638
354 792
354 961
355 389
355 943
355 947
356 397
356 811
356 835
357 500
357 897
358 443
358 542
358 625
358 749
359 398
359 469
359 472
359 863
359 998
360 749
360 910
361 492
361 519
361 759
361 773
362 404
362 768
363 741
363 850
364 434
364 461
364 972
364 977
365 543
365 580
365 618
365 638
365 866
366 700
366 731
367 394
367 555
367 895
368 797
368 883
369 454
369 900
369 951
369 964
369 985
370 536
370 614
371 418
371 763
371 844
371 845
372 434
372 438
372 495
372 510
372 593
372 601
372 603
372 628
372 969
373 378
373 463
373 721
373 734
374 382
374 419
375 778
375 883
375 909
375 956
376 605
376 854
376 946
377 387
377 573
378 530
378 568
378 713
378 726
378 937
379 819
379 936
379 989
380 689
380 768
380 957
381 449
381 653
381 816
381 942
382 784
382 872
382 888
382 935
382 975
383 641
383 889
384 562
384 684
384 887
384 895
385 607
385 831
386 568
386 818
387 606
387 678
387 828
387 829
388 458
388 566
389 775
389 971
390 677
390 722
391 554
391 583
391 620
391 711
392 562
392 816
392 869
393 414
393 569
393 605
393 677
393 762
393 829
394 518
394 671
394 794
394 878
395 717
395 872
395 962
395 963
396 894
396 939
397 572
397 868
398 571
398 633
398 805
399 460
399 749
399 820
400 463
401 623
401 752
401 953
402 775
403 619
403 764
403 889
404 655
405 753
405 836
405 916
405 930
406 742
406 997
407 726
407 767
407 897
408 637
408 711
409 459
409 468
409 500
409 652
409 808
409 826
409 960
410 744
410 812
413 510
413 794
413 985
414 573
414 642
414 646
414 741
414 810
414 982
415 500
415 718
415 751
415 850
416 615
416 822
416 983
417 467
417 532
417 655
418 551
418 565
418 640
418 740
419 438
420 804
420 821
420 828
420 977
421 472
421 754
421 799
422 469
422 516
422 738
422 758
422 835
422 880
423 428
423 446
423 526
423 788
423 792
423 864
423 882
423 947
423 994
424 463
424 483
424 526
424 690
424 697
424 734
424 757
424 898
425 565
425 745
425 796
426 587
426 599
426 898
427 498
427 505
427 853
428 523
428 602
428 824
429 431
429 448
429 710
429 740
429 802
429 927
430 484
430 564
430 910
430 988
431 541
431 656
431 734
431 743
431 805
431 901
432 446
432 485
432 706
432 840
432 876
433 498
433 693
433 809
434 688
435 572
435 864
436 478
437 531
437 799
437 869
438 621
438 690
438 855
438 989
438 990
440 481
440 566
441 576
441 855
442 564
443 453
443 680
443 762
443 854
443 958
444 689
444 720
444 794
444 828
444 841
444 992
445 479
446 488
446 715
446 745
446 800
446 894
447 669
448 572
448 880
448 993
449 792
449 846
450 480
450 542
450 575
450 786
450 836
450 856
450 883
451 598
451 805
451 986
452 896
453 553
453 660
454 571
454 647
454 712
455 527
455 572
455 919
456 484
456 493
456 795
457 499
457 908
457 915
457 935
457 936
458 483
458 495
458 587
458 626
458 767
458 839
458 896
458 916
459 622
459 744
459 929
460 463
460 491
460 570
460 571
460 797
462 485
462 578
462 882
464 604
464 656
464 695
464 706
464 718
464 795
464 951
465 530
465 605
465 860
466 715
466 844
467 625
467 773
467 950
468 509
468 541
468 832
468 906
469 780
469 944
470 870
470 997
471 628
471 684
471 730
471 787
471 966
472 489
472 635
472 735
472 797
474 524
474 967
475 540
476 486
476 491
476 852
476 866
476 867
477 888
478 669
478 760
478 775
478 923
479 485
479 509
479 553
479 640
479 771
480 633
480 800
480 937
481 581
481 585
481 621
482 681
482 728
483 540
483 891
484 552
484 651
484 701
484 791
484 984
485 683
486 639
486 814
487 548
487 841
487 890
487 986
488 531
489 746
489 921
490 553
490 600
490 672
490 795
491 745
491 881
491 892
491 971
491 977
492 884
493 761
493 817
493 853
495 556
495 628
496 535
496 584
496 816
496 850
496 911
496 966
497 534
497 644
497 928
498 690
498 884
498 954
498 961
499 654
499 718
499 838
499 849
500 506
500 819
500 903
501 572
501 668
501 897
502 790
502 925
502 962
503 927
503 934
503 960
504 861
504 907
504 976
504 991
505 585
505 921
506 577
506 732
506 991
508 592
508 639
508 782
509 597
509 834
510 547
510 947
511 663
511 730
512 536
512 687
512 843
513 584
513 683
513 794
514 516
514 553
514 593
514 668
514 947
514 993
516 524
516 723
517 838
517 879
517 980
519 549
519 871
521 560
521 656
521 773
521 884
521 920
522 553
522 704
522 730
522 792
523 667
523 759
524 534
524 565
524 622
524 973
525 671
525 674
525 882
526 561
526 694
527 551
527 649
527 729
528 632
528 741
529 542
529 706
529 957
530 707
530 817
531 633
531 675
532 543
532 903
535 614
535 726
535 911
536 735
536 805
536 967
537 581
537 590
537 878
537 905
537 940
538 580
538 612
538 997
539 568
539 611
539 831
541 615
541 968
542 656
542 838
542 899
543 597
543 984
544 594
544 634
544 702
544 742
546 548
546 669
546 754
546 919
549 589
549 783
549 815
550 689
550 781
551 598
552 744
552 917
553 807
554 685
554 773
554 964
555 652
555 723
555 819
555 984
556 607
556 619
556 684
556 951
556 960
556 997
557 586
557 901
558 803
558 987
559 588
563 645
563 730
563 752
563 984
564 934
565 619
565 651
565 667
565 698
565 711
566 588
566 643
566 666
566 676
567 574
567 888
567 976
568 732
568 760
568 763
568 766
569 728
569 922
569 971
570 681
571 681
571 880
571 991
572 721
572 907
572 987
575 668
575 934
576 699
576 833
576 885
576 896
576 909
576 948
577 625
577 675
577 707
577 868
578 923
580 589
580 593
580 639
580 884
581 610
582 788
582 833
582 843
583 592
583 706
583 922
584 867
585 684
585 753
586 788
586 946
586 991
587 926
588 662
589 605
589 714
590 631
590 720
590 771
590 917
590 947
591 629
591 656
591 667
591 946
592 607
592 611
592 614
592 629
592 727
592 760
592 880
592 901
593 634
593 688
593 969
594 623
594 658
594 762
594 950
595 742
595 745
595 784
595 800
595 814
596 758
597 602
597 610
597 804
597 970
597 985
598 724
598 781
598 826
598 847
598 978
598 991
599 682
599 715
599 747
599 832
599 910
599 993
600 764
600 983
601 717
601 720
601 843
602 625
602 628
602 724
603 674
603 954
604 782
604 919
604 942
605 769
605 829
605 899
605 955
607 683
607 709
607 897
607 939
609 665
609 716
609 786
609 795
609 803
609 973
610 992
611 722
611 988
612 712
612 854
612 910
612 921
613 858
614 641
614 698
615 620
615 700
615 985
616 628
616 970
617 832
617 911
618 781
618 791
619 658
619 746
619 776
619 832
621 694
621 826
621 978
622 716
622 726
622 822
622 975
623 678
623 789
623 818
623 823
624 774
625 812
627 818
627 873
629 914
630 635
630 743
631 667
631 730
632 807
633 691
633 915
634 915
635 732
635 994
636 660
637 691
637 782
637 883
638 804
639 767
639 797
639 848
640 715
640 986
641 643
642 932
643 842
644 678
645 856
645 890
646 741
646 743
647 887
648 686
648 779
649 711
649 728
649 749
650 857
650 966
651 896
652 767
652 871
652 877
653 908
653 914
655 704
655 874
656 667
656 690
656 744
656 939
657 661
657 673
657 704
657 886
658 812
658 904
658 991
659 798
659 872
660 722
660 822
660 955
661 675
661 891
661 902
661 994
662 954
662 985
663 832
663 969
664 882
666 772
667 901
667 928
667 972
668 845
669 964
669 968
670 698
670 768
671 822
672 754
672 827
674 956
675 801
675 830
676 702
676 711
676 836
676 893
677 730
677 810
677 811
677 944
678 702
678 727
678 765
678 814
678 818
678 929
678 995
679 737
679 790
680 787
680 800
680 865
681 772
681 802
681 959
681 998
682 834
683 958
684 748
684 834
684 883
684 986
685 706
685 731
685 824
685 901
685 983
686 908
686 965
689 729
689 898
689 914
691 700
691 769
691 886
693 738
694 867
695 815
696 735
696 949
696 962
697 824
697 847
698 752
698 779
698 980
698 986
699 767
699 829
699 938
700 704
701 801
701 808
701 909
701 953
701 983
702 730
702 900
702 907
702 909
703 772
703 919
703 937
703 994
704 721
705 724
705 766
705 817
705 839
705 888
705 946
706 850
706 872
707 765
707 947
708 859
708 995
709 826
709 843
710 759
710 761
710 873
710 943
711 754
711 895
712 738
712 873
713 966
714 796
714 960
715 810
715 832
716 737
717 777
719 865
719 906
720 884
720 888
720 967
721 845
724 943
724 951
725 739
725 769
726 955
727 914
727 989
728 748
729 833
729 902
729 996
730 750
730 885
732 927
733 840
733 891
733 977
735 762
735 947
735 951
736 844
736 974
738 866
740 752
740 791
740 971
741 887
741 931
741 941
742 754
743 825
745 818
745 888
745 995
746 770
746 811
747 813
748 769
748 901
748 922
749 790
750 751
750 819
750 909
751 904
752 761
753 928
753 946
753 965
754 947
755 958
756 773
756 856
757 800
757 809
757 986
758 872
759 875
760 834
760 994
762 915
763 919
763 928
764 866
764 995
765 774
765 903
765 932
766 971
767 980
768 907
769 817
771 802
771 832
771 992
773 792
773 941
773 981
774 914
774 979
775 931
777 926
777 974
779 916
780 888
781 842
782 978
784 864
785 866
786 964
787 989
788 823
788 997
792 824
792 971
792 975
793 867
793 895
794 969
796 804
796 983
798 916
799 866
799 876
800 816
801 898
805 939
806 953
807 868
809 871
809 945
811 955
812 911
812 927
814 953
816 865
817 843
817 874
817 897
819 967
819 987
820 870
821 827
822 985
823 852
823 873
823 985
826 883
827 952
827 956
829 967
830 863
830 925
832 930
832 936
834 844
835 870
837 842
837 888
837 972
838 936
840 947
842 929
843 903
844 976
845 945
846 999
847 871
847 891
849 926
849 970
850 970
852 892
852 910
853 855
854 969
855 899
856 927
861 905
861 983
863 907
863 926
866 994
868 887
868 898
870 893
870 986
871 993
873 908
876 932
877 919
878 978
878 996
879 910
883 986
884 895
884 904
884 919
884 978
885 926
885 966
886 983
887 897
888 924
892 903
893 931
894 904
894 995
895 930
896 938
904 908
905 996
906 982
909 967
909 977
916 947
918 921
919 940
919 993
921 945
923 961
925 969
935 987
937 979
946 971
948 993
952 982
953 956
953 958
960 992
961 962
961 972
962 983
977 992
