0 34
0 181
0 287
0 292
0 300
0 377
1 96
1 120
1 217
1 326
1 345
1 351
1 868
1 912
1 973
2 316
2 372
2 384
2 521
2 681
3 83
3 158
3 274
3 640
3 849
3 992
4 100
4 192
4 714
4 751
4 904
4 918
5 99
5 157
5 463
5 483
5 726
5 766
6 249
6 941
6 970
7 108
7 227
7 475
7 693
7 732
7 814
7 817
8 130
8 147
8 206
8 658
9 80
9 184
9 356
9 581
9 777
9 943
10 91
10 435
10 920
10 954
10 969
11 102
11 115
11 406
11 412
11 456
11 473
11 585
11 792
12 382
12 507
12 563
12 780
12 964
13 171
13 737
14 104
14 188
14 298
14 392
14 778
14 909
14 930
14 986
15 122
16 91
16 174
16 204
16 289
16 302
16 382
16 480
16 509
16 995
17 352
17 431
17 465
17 728
17 761
17 826
18 117
18 250
18 866
19 90
19 142
19 244
19 405
19 526
19 659
19 975
20 136
20 209
20 581
20 843
20 894
20 981
21 121
21 384
21 420
21 456
21 492
21 508
21 594
21 679
21 723
22 541
22 615
22 764
22 855
23 122
23 231
23 348
23 435
23 611
23 682
23 911
24 191
24 395
24 505
24 533
24 712
24 730
24 994
25 40
25 62
25 104
25 576
25 869
25 872
26 43
26 150
26 217
26 360
26 663
27 399
27 408
27 414
27 522
27 674
27 709
27 739
27 853
28 251
28 421
29 168
29 221
29 225
29 381
29 386
29 555
29 633
29 667
29 963
30 313
30 382
30 502
30 586
30 884
30 933
30 963
31 417
31 520
31 588
31 628
31 651
31 701
31 823
32 37
32 261
32 318
32 342
32 356
32 557
32 592
33 188
33 341
33 746
33 751
33 815
34 102
34 185
34 269
34 457
34 645
34 726
35 64
35 125
35 879
35 934
36 68
36 226
36 384
36 459
36 698
36 991
37 120
37 211
37 321
37 419
37 519
37 855
38 111
38 419
38 603
38 848
39 376
39 437
39 439
39 553
39 628
40 173
40 307
40 536
40 690
40 968
40 981
41 211
41 428
41 452
41 518
41 569
41 590
41 634
41 769
41 872
42 244
42 302
42 346
42 449
42 504
42 853
42 925
43 83
43 616
43 846
43 908
43 987
44 48
44 106
44 516
44 862
44 929
44 963
45 91
45 283
45 418
45 535
45 594
45 756
45 825
45 936
46 676
46 795
46 805
47 244
47 272
47 402
47 420
47 447
47 621
47 791
47 934
48 144
48 780
48 896
48 951
49 79
49 153
49 249
49 416
49 779
49 928
50 65
50 150
50 203
50 326
50 329
50 559
50 699
50 995
51 540
51 573
51 706
51 774
51 999
52 205
52 290
52 347
52 350
52 514
52 581
52 631
53 116
53 158
53 463
53 493
54 63
54 227
54 510
54 885
55 299
55 316
56 448
56 677
56 756
56 789
56 833
57 128
57 263
57 411
57 622
57 920
58 231
58 326
58 531
58 656
58 868
58 881
58 902
59 128
59 739
60 88
60 341
60 574
60 647
60 907
60 965
61 95
61 348
61 543
61 580
62 65
62 282
62 295
62 434
62 535
62 598
62 646
62 690
62 809
62 948
63 516
64 97
64 377
64 476
64 491
64 628
64 914
65 234
65 446
65 619
65 691
66 104
66 237
66 321
67 481
67 941
67 972
68 147
68 256
68 452
68 513
68 521
68 684
68 865
68 889
68 975
69 109
69 125
69 273
69 633
69 680
69 709
69 887
70 109
70 185
70 327
70 558
70 617
70 636
70 963
71 145
71 225
71 372
71 686
71 903
71 970
72 317
72 403
72 431
72 615
72 623
72 630
72 684
72 756
72 834
73 112
73 225
73 242
73 390
73 492
73 658
73 967
74 112
74 175
74 202
74 495
74 807
74 965
75 153
75 247
75 286
75 606
76 142
76 523
76 551
76 645
77 378
77 398
77 443
77 624
77 880
77 890
77 961
78 138
79 127
79 479
79 530
79 569
79 673
79 751
79 798
79 919
80 106
80 150
80 408
80 435
80 442
80 526
80 644
81 575
81 739
81 835
81 906
82 272
82 358
82 570
82 711
82 768
83 522
83 777
83 982
84 218
85 194
85 240
85 416
85 565
85 707
85 792
86 507
86 676
87 683
87 801
88 528
88 563
88 626
89 139
89 756
89 976
90 561
91 181
91 208
91 417
91 455
91 732
91 831
91 921
92 151
92 154
92 490
92 610
92 693
92 768
92 993
93 117
93 252
93 451
93 474
93 795
93 928
94 300
94 444
94 506
94 577
94 744
94 892
95 144
95 414
95 621
95 642
95 673
95 965
96 479
96 593
96 814
96 950
97 350
97 499
97 568
97 577
97 820
98 139
98 175
98 409
98 649
98 764
98 836
99 159
99 219
99 255
99 358
99 379
99 694
100 294
100 407
100 685
100 779
101 497
102 113
102 272
102 314
102 364
102 398
102 684
102 805
102 837
103 113
103 140
103 365
103 386
103 515
103 571
103 597
103 662
103 710
103 996
104 163
104 218
104 295
104 443
104 475
104 519
104 562
104 652
104 660
104 916
104 931
105 106
105 144
105 761
105 826
106 455
106 480
106 566
106 744
106 969
106 986
107 301
107 467
107 630
107 709
107 717
107 746
107 798
108 138
108 249
108 320
108 811
108 816
109 147
109 206
109 445
109 706
109 794
110 201
110 217
110 388
110 395
110 901
111 130
111 241
111 341
111 436
111 629
111 942
112 160
112 248
112 755
112 767
112 864
112 987
112 997
113 630
113 698
113 905
114 178
114 301
114 603
114 674
114 732
115 252
115 261
115 680
116 157
116 185
116 312
116 445
116 528
116 725
116 757
117 203
117 254
117 303
117 334
117 522
117 667
118 155
118 507
118 590
118 832
119 128
119 698
119 758
119 964
120 402
120 407
120 501
120 645
120 774
120 882
121 194
121 202
121 267
121 293
121 315
121 323
121 842
122 133
122 175
122 256
122 264
122 473
122 499
122 565
122 615
122 648
122 656
122 770
122 930
123 197
123 538
123 636
123 961
124 746
124 774
124 849
124 888
124 894
125 155
125 555
125 790
125 792
125 866
126 159
126 240
126 542
126 893
127 162
127 308
127 542
127 569
127 732
128 133
128 260
128 428
128 658
128 904
129 194
129 213
129 216
129 221
129 363
129 517
129 636
129 752
129 897
129 951
130 947
131 752
132 200
132 202
132 235
132 320
132 326
132 356
132 478
132 693
132 859
133 320
133 499
133 515
133 516
133 616
134 407
134 438
134 526
134 720
134 974
135 157
135 625
135 729
135 753
135 989
136 243
136 567
136 618
136 842
136 893
136 929
137 164
137 198
137 278
137 332
137 403
138 298
138 415
138 444
138 579
138 698
139 148
139 593
139 859
139 861
139 996
140 226
140 472
140 496
140 561
140 762
140 934
140 987
141 455
141 554
141 568
141 574
142 290
142 520
142 540
142 645
142 708
142 773
142 876
143 323
143 453
143 454
143 551
143 686
143 818
143 960
144 213
144 396
144 681
145 487
145 781
146 290
146 358
146 433
146 582
146 660
146 957
147 209
147 301
147 327
147 442
147 466
147 863
147 865
148 417
148 485
148 827
148 842
148 869
148 897
149 213
149 639
149 670
149 998
150 306
150 467
150 672
150 722
151 358
151 510
151 768
152 229
152 272
152 558
152 724
152 762
153 355
153 500
153 664
153 748
153 794
153 957
154 177
154 308
154 353
154 520
154 629
154 766
154 906
155 366
155 483
155 866
156 243
156 390
156 754
156 832
157 250
157 251
157 256
157 504
157 569
157 594
157 840
157 988
158 164
158 297
158 340
158 961
159 294
159 513
160 566
160 697
161 233
161 414
161 867
161 903
161 957
162 424
162 572
162 628
162 843
162 876
162 992
163 198
163 590
163 749
163 922
164 546
164 672
164 805
164 962
164 997
165 199
165 703
165 743
166 208
166 231
166 250
166 382
166 485
166 864
166 878
166 896
166 992
167 539
167 610
168 172
168 268
168 270
168 352
168 541
168 615
168 698
168 728
168 868
168 959
169 696
169 955
170 829
170 855
170 934
171 444
171 510
171 657
171 672
171 935
171 943
172 489
172 567
172 732
172 778
172 813
172 952
173 544
173 647
173 665
173 909
173 926
174 217
174 479
174 525
174 635
174 647
174 886
175 777
175 806
175 934
175 951
176 357
176 437
176 519
176 598
176 633
177 687
177 976
178 338
178 348
178 908
179 197
179 242
179 303
179 604
179 664
179 676
180 230
180 326
180 409
180 548
180 579
180 629
180 869
180 887
180 990
181 277
181 510
181 731
182 270
182 294
182 938
182 959
183 428
183 483
183 785
183 901
184 295
184 306
184 309
184 640
184 708
184 748
184 823
184 998
185 247
185 566
186 214
186 617
186 652
186 943
186 955
187 298
187 381
187 927
188 276
188 646
188 706
188 846
188 951
189 201
189 257
189 305
189 396
189 599
189 636
189 689
189 711
190 280
190 398
190 400
190 993
191 196
191 399
191 474
191 556
191 598
191 839
191 878
191 896
191 913
193 332
193 411
193 690
193 722
193 753
193 880
194 527
194 993
195 205
195 328
195 439
195 468
195 481
195 671
195 909
195 956
196 690
196 967
197 203
197 615
198 318
198 629
198 907
199 268
199 474
199 968
200 213
200 220
200 351
200 501
201 273
201 326
201 832
202 380
202 442
202 492
202 556
202 594
202 694
202 841
202 913
203 206
203 556
203 575
203 726
203 923
203 972
204 512
204 516
204 517
204 629
204 855
204 909
205 259
205 478
205 635
205 865
206 491
206 775
207 391
207 428
207 630
207 637
207 705
207 752
208 262
208 286
208 515
208 541
208 849
208 896
209 244
209 319
209 389
209 527
209 820
209 823
209 907
209 946
210 234
211 294
212 928
213 256
213 512
213 596
213 628
213 654
213 727
213 801
213 827
214 387
214 393
214 490
214 699
214 749
215 227
215 453
215 626
215 745
215 880
216 643
216 896
216 948
217 319
217 435
217 561
217 882
218 321
218 372
218 435
218 749
218 936
219 272
219 384
219 473
219 694
219 874
219 881
219 973
220 433
220 511
220 799
220 827
220 932
220 996
221 434
221 581
221 631
221 675
221 871
221 956
222 575
222 629
222 685
222 807
222 885
223 383
223 491
223 714
224 261
224 279
224 372
224 459
224 629
224 923
224 995
225 352
225 413
225 458
225 617
225 679
226 268
226 479
226 543
227 345
227 357
227 667
227 694
228 304
228 411
228 462
228 711
228 769
229 456
229 651
229 679
229 697
229 908
229 976
229 988
230 469
230 586
231 545
231 892
232 304
232 392
232 394
232 609
232 926
232 991
233 405
233 478
233 537
233 848
233 976
234 653
234 796
234 964
234 984
235 257
235 589
236 363
237 270
237 887
237 949
238 286
238 499
239 370
239 475
239 479
239 565
239 633
239 649
239 730
239 765
239 801
240 292
240 356
240 523
240 640
240 833
240 936
241 528
241 629
241 797
241 816
241 826
242 412
242 480
242 483
242 949
243 253
243 489
243 639
243 649
244 292
244 360
244 373
244 466
244 761
244 880
244 989
245 800
245 950
245 982
246 494
246 561
246 749
246 821
247 421
247 668
247 685
247 845
247 878
247 969
248 369
248 499
248 729
248 730
248 969
249 857
249 940
250 354
250 505
250 662
250 773
250 779
250 782
251 266
251 325
251 372
251 411
251 541
251 702
251 854
251 911
251 964
251 985
252 615
252 829
252 991
252 994
253 577
253 710
254 553
254 747
254 768
255 496
255 701
255 774
256 371
256 457
256 505
256 947
257 275
257 456
257 514
257 616
258 475
258 624
258 667
258 983
259 380
260 283
260 362
260 684
260 816
260 821
260 843
263 539
263 560
263 578
263 617
263 739
263 741
263 890
263 947
263 986
264 338
264 436
264 524
264 597
264 619
265 455
265 653
265 889
266 757
266 860
266 913
266 915
266 981
267 278
267 387
267 658
267 674
267 730
267 778
267 842
267 983
268 320
268 563
268 654
268 708
268 881
268 882
268 936
268 940
269 830
269 972
270 304
270 560
270 707
270 781
270 835
271 325
271 543
271 856
272 288
272 289
272 468
272 662
272 669
272 709
272 725
272 745
272 990
273 316
273 325
273 421
273 456
273 466
274 290
274 340
274 345
274 551
274 661
274 833
274 964
275 367
275 414
275 487
275 580
275 739
275 815
276 564
276 790
276 802
277 400
277 489
277 535
277 542
277 941
277 996
278 410
278 660
278 910
279 344
279 377
279 405
279 408
279 540
279 626
279 656
279 735
279 975
280 647
280 651
280 783
281 674
281 786
281 914
281 952
281 973
282 407
282 463
282 802
283 305
283 773
283 774
284 569
284 639
284 723
284 968
285 344
285 381
285 676
285 743
285 812
285 946
285 986
286 646
286 655
287 322
287 900
287 973
288 666
289 389
289 476
289 752
289 876
289 886
289 978
290 329
290 346
290 433
290 637
290 655
290 742
291 375
291 926
292 394
292 399
292 618
292 647
292 914
292 946
292 999
293 480
293 481
293 810
293 813
294 455
294 656
294 746
294 900
295 370
295 392
295 592
295 722
296 313
296 607
297 327
297 959
298 432
298 534
298 562
298 704
298 862
298 976
299 697
300 412
300 765
300 880
300 946
301 470
301 687
301 913
302 327
302 469
302 535
302 645
303 389
303 765
303 847
304 388
304 484
304 612
304 789
304 940
305 330
305 608
305 635
305 810
306 471
306 672
306 798
306 879
306 948
306 981
307 323
307 364
307 545
307 959
308 356
308 500
308 693
308 931
308 944
309 448
309 530
310 478
310 543
310 555
310 665
310 666
310 735
311 562
311 674
312 558
312 699
312 928
312 953
312 999
313 837
313 898
313 899
314 714
314 769
314 955
315 405
315 438
315 457
315 571
315 741
315 838
316 782
316 795
316 898
317 357
317 754
317 943
317 992
318 586
318 960
318 991
319 368
319 412
319 506
319 722
320 862
320 896
321 358
321 470
321 586
322 458
322 863
322 997
323 675
323 738
323 880
323 984
324 375
324 404
324 469
324 673
324 718
324 891
325 443
325 502
325 628
325 766
325 866
325 928
325 958
325 971
326 486
327 871
328 660
328 786
329 559
329 676
330 383
330 435
330 484
330 710
330 898
330 975
331 526
331 871
332 659
332 845
332 921
333 546
333 737
333 926
334 483
334 851
335 490
335 500
335 719
335 734
335 757
335 805
335 983
336 416
336 433
336 497
336 628
336 699
336 956
337 434
337 670
337 757
338 668
338 691
338 862
338 882
338 970
339 426
339 506
339 794
340 381
340 548
340 957
341 701
341 723
341 948
342 401
342 671
342 916
343 902
344 448
344 501
344 723
344 791
344 849
346 439
346 483
346 519
346 581
346 760
347 814
348 647
348 957
348 977
349 597
349 710
349 736
350 391
350 392
350 650
350 826
350 957
351 374
351 636
352 498
352 735
352 855
353 417
353 445
353 628
353 636
353 789
353 973
354 879
354 958
355 469
355 535
355 700
355 778
355 830
355 880
355 908
356 719
356 816
357 443
357 690
357 743
357 881
357 905
358 698
358 730
358 752
358 754
358 821
358 925
358 966
359 772
359 995
361 441
361 515
361 542
361 947
362 492
362 515
362 677
362 872
363 376
363 792
363 936
364 443
364 451
364 707
364 797
365 472
365 632
365 719
365 917
367 373
367 946
368 575
368 582
368 922
368 961
369 380
369 432
369 907
369 917
369 979
370 373
370 475
370 507
370 522
370 619
370 651
370 730
370 855
370 904
370 953
371 847
371 890
372 805
373 740
373 854
373 916
374 481
374 498
375 777
375 844
376 603
376 783
376 830
376 960
377 499
378 389
378 432
378 624
378 685
379 493
379 541
379 681
380 409
380 630
380 846
381 554
381 602
381 793
381 814
381 970
382 951
383 594
383 704
383 938
384 408
384 606
384 661
384 775
384 848
385 440
385 466
385 975
387 522
387 543
387 607
387 645
387 810
387 842
388 547
388 673
388 724
388 751
388 767
388 996
389 647
389 765
389 862
390 393
390 496
390 520
390 547
390 971
391 493
391 513
391 578
391 875
391 925
391 988
391 997
392 433
392 455
392 498
392 726
393 406
393 487
393 643
393 707
393 828
393 929
393 970
394 597
394 764
394 796
395 735
396 400
396 421
396 567
396 702
396 880
396 896
396 938
396 972
397 500
397 921
397 940
398 458
398 508
398 617
398 712
398 814
399 471
399 548
399 551
399 610
399 676
399 759
399 828
400 652
400 666
400 786
400 910
402 589
402 679
402 715
402 816
402 891
402 998
403 579
403 875
404 434
404 462
404 537
404 610
404 755
404 759
405 868
406 881
407 419
407 520
407 724
407 743
407 941
407 955
408 410
408 513
408 536
408 549
408 554
408 679
408 698
408 995
409 720
409 765
409 961
409 992
410 618
410 713
410 796
411 545
411 896
411 953
412 547
412 667
412 753
412 810
412 916
412 980
412 996
413 486
415 907
415 991
416 439
416 619
416 726
417 800
417 863
417 901
417 994
418 445
418 488
418 621
418 682
418 893
418 901
418 970
419 603
419 733
419 917
420 685
420 907
421 464
421 466
421 475
421 675
421 778
421 820
422 428
422 576
422 602
422 841
422 863
423 721
423 765
423 832
424 529
424 619
424 934
425 495
425 606
425 745
425 994
426 716
426 722
426 936
427 466
427 544
427 737
427 928
428 584
428 866
428 903
428 989
429 520
429 577
429 746
430 472
430 546
431 462
431 515
431 600
431 876
432 435
432 689
432 772
432 813
432 829
432 853
432 884
432 968
432 997
433 525
433 567
433 649
433 726
434 458
434 897
435 575
435 610
436 818
436 856
436 943
436 996
437 470
437 573
437 850
437 890
438 487
438 527
438 649
438 983
439 496
439 520
439 920
440 589
440 655
440 755
440 863
440 939
441 458
441 466
441 496
441 504
441 585
442 485
442 633
442 694
442 700
442 822
443 737
443 764
443 901
443 942
444 448
444 517
444 689
444 690
445 497
445 556
445 676
445 768
445 848
445 932
445 996
446 464
446 471
446 558
446 714
446 776
447 850
447 978
448 597
448 728
448 861
448 914
450 845
451 608
451 629
451 641
451 653
451 875
452 560
452 831
452 991
453 529
453 677
453 794
453 996
454 476
454 614
454 962
455 778
456 613
456 729
456 857
457 544
457 644
457 804
458 701
458 815
459 464
459 783
459 944
460 546
460 578
460 704
460 782
461 673
461 714
461 780
462 860
462 890
462 987
463 489
463 540
463 727
463 729
463 795
463 800
463 870
464 501
464 583
464 813
464 980
464 990
465 912
466 485
466 678
467 516
467 648
467 653
467 779
467 802
467 813
467 854
467 922
467 971
468 756
468 776
468 817
470 492
470 540
471 848
472 584
472 651
473 761
475 504
475 994
477 504
477 598
477 864
477 915
477 985
478 508
478 534
478 547
478 764
478 817
478 825
478 968
478 972
479 722
480 514
480 519
480 795
480 802
480 833
481 649
481 694
481 718
481 734
481 818
481 856
481 965
481 977
482 580
482 636
482 896
483 569
483 732
483 833
483 960
483 996
484 744
484 773
484 969
484 977
485 590
485 692
485 834
485 872
485 917
486 635
486 718
486 805
487 605
487 710
487 779
487 803
487 980
488 511
488 528
488 736
488 786
488 814
489 493
489 522
489 703
489 753
489 766
489 914
489 989
491 694
492 524
492 672
492 714
492 893
492 977
493 556
493 659
493 708
493 742
493 750
494 557
494 864
494 899
495 863
495 877
497 679
497 749
497 841
498 686
498 750
498 910
499 544
499 792
501 627
501 686
501 939
502 552
502 556
502 636
502 943
503 525
503 551
503 606
503 660
503 680
503 748
503 856
503 916
503 947
505 632
505 804
505 940
505 984
506 606
506 778
507 560
507 752
507 916
508 539
508 760
508 897
509 527
509 715
510 515
510 679
510 897
510 899
511 617
512 785
512 801
513 818
513 931
514 805
514 806
514 879
515 750
516 583
516 780
516 970
517 540
517 556
517 622
517 940
518 571
518 771
518 788
519 656
519 854
520 693
520 694
521 635
521 927
522 822
522 868
522 885
522 923
523 564
523 766
523 773
523 936
524 546
524 666
524 684
524 772
525 544
525 616
525 629
525 715
525 774
525 823
525 977
527 740
529 945
530 792
530 824
531 547
531 685
532 533
532 630
532 645
532 667
532 848
532 937
533 536
533 665
534 557
534 691
535 583
535 739
535 810
535 844
536 757
536 826
537 738
537 826
537 847
537 992
538 677
539 893
539 997
540 541
540 642
540 861
542 815
543 678
543 700
543 795
543 863
544 608
544 637
544 759
544 772
545 568
546 710
546 738
546 752
547 626
547 656
547 693
547 958
547 993
548 603
548 689
548 940
548 999
549 740
549 939
550 594
550 621
550 721
551 827
552 678
552 718
552 769
552 900
552 919
552 957
553 560
553 815
554 615
554 736
554 745
555 637
555 646
555 709
555 874
556 646
556 829
557 802
557 954
558 579
558 692
558 799
558 914
559 586
559 661
559 687
559 800
559 890
560 583
560 707
560 810
560 935
561 587
561 745
561 819
563 599
563 936
564 724
564 763
564 807
565 716
565 742
565 889
565 912
566 852
566 928
568 628
568 736
568 747
568 835
568 903
569 752
569 899
569 903
571 603
571 612
571 646
571 798
572 645
572 711
572 855
573 658
573 826
573 956
574 744
574 942
575 591
575 803
575 911
575 945
576 618
579 628
579 640
579 717
580 811
580 938
581 628
581 736
581 816
581 839
581 893
582 639
582 828
582 951
582 996
583 621
583 666
583 762
584 599
584 673
584 875
584 931
585 698
585 873
586 792
586 916
586 949
588 663
588 981
589 780
589 934
590 633
590 863
590 935
591 785
591 930
593 864
594 784
595 880
595 970
596 825
598 665
598 850
598 957
599 819
600 637
600 679
600 735
600 749
600 790
600 943
601 692
601 781
601 812
601 886
601 901
602 646
602 902
603 690
603 923
604 640
604 646
604 649
604 753
604 810
604 820
605 922
606 679
606 790
608 946
608 973
608 993
609 651
609 788
609 804
610 816
610 900
611 812
611 900
613 640
613 690
613 808
613 879
613 930
614 709
614 803
615 660
615 713
615 730
615 766
616 758
617 630
617 685
617 767
617 934
617 962
618 763
619 896
619 992
620 937
620 986
621 635
621 808
622 653
622 791
622 827
622 911
623 693
623 924
624 699
624 762
624 764
625 736
625 768
626 694
626 749
626 792
626 930
627 790
627 838
628 782
628 883
629 662
629 772
629 838
629 844
630 640
630 650
630 952
633 637
633 769
633 779
633 781
633 863
633 990
634 635
634 745
634 815
635 698
635 763
635 856
635 901
636 814
636 912
637 727
637 993
638 691
638 757
639 710
639 764
639 794
639 968
640 642
640 884
641 691
641 769
642 720
642 873
642 990
644 820
644 877
645 768
645 864
645 982
646 878
646 994
647 725
647 822
648 738
648 865
648 989
649 660
650 906
650 941
651 723
651 761
651 776
651 812
651 866
652 779
652 863
654 956
655 672
655 926
656 800
656 809
657 662
657 697
657 726
657 750
657 965
658 726
659 814
659 852
659 901
660 741
660 766
660 795
660 873
662 786
663 681
663 797
663 946
664 823
665 671
665 686
666 673
666 836
667 897
668 723
668 734
668 958
668 960
669 712
669 790
670 717
670 988
671 695
671 730
671 948
671 985
672 745
672 750
673 744
673 820
673 885
674 967
676 767
676 837
676 851
677 886
677 924
678 840
678 921
679 680
680 998
681 839
681 920
682 684
682 912
683 698
683 767
684 963
687 816
687 894
687 916
689 724
689 771
689 837
689 890
689 999
690 714
691 701
691 718
691 743
691 805
691 814
691 834
692 719
692 807
692 910
692 941
694 855
694 992
695 731
695 802
695 841
696 946
696 980
696 989
697 815
697 985
699 903
700 745
700 750
701 932
701 954
702 713
702 851
702 875
703 881
704 874
705 776
705 969
706 752
706 795
706 898
706 919
707 953
708 854
708 919
708 970
709 732
709 936
710 963
711 804
711 862
713 935
714 799
715 831
715 848
715 941
715 959
716 955
716 995
717 808
718 726
719 805
719 968
720 934
721 795
721 893
721 978
722 948
723 866
723 917
724 752
726 872
726 878
727 745
727 843
729 793
729 820
730 862
731 952
732 986
733 859
733 904
734 965
735 740
735 966
737 960
737 980
737 983
740 747
740 768
740 881
740 977
740 994
741 751
741 760
741 816
743 970
745 874
745 912
746 965
746 990
747 763
747 805
747 901
748 772
748 978
749 769
749 840
750 795
750 814
750 935
751 801
752 765
754 925
755 939
756 761
756 821
756 978
757 782
758 801
759 943
760 806
760 892
761 775
761 908
761 990
762 774
763 773
765 891
766 790
766 868
767 777
767 807
768 834
769 856
772 775
772 985
773 792
773 816
773 819
773 863
774 806
774 912
776 915
777 971
778 867
778 889
779 832
779 925
779 952
780 900
780 936
782 783
783 878
783 920
783 946
784 995
787 944
790 812
792 809
792 831
792 947
794 799
794 867
794 969
795 908
795 942
796 984
796 998
797 997
798 834
798 876
799 841
800 872
802 947
802 984
803 822
803 881
805 967
805 988
806 921
807 945
808 914
811 850
811 882
813 912
814 840
814 948
815 914
816 957
816 988
820 843
820 890
821 945
822 873
823 894
824 897
824 902
825 979
826 901
827 923
827 951
829 875
830 915
831 894
832 946
838 962
839 850
840 935
841 964
841 999
844 944
844 955
845 939
848 943
848 964
848 990
849 902
850 866
851 914
852 999
853 945
853 946
854 869
854 899
855 894
855 920
855 944
855 964
858 927
860 909
862 871
862 873
864 891
864 942
864 951
864 954
865 960
866 964
867 915
867 952
867 959
869 874
869 877
871 875
871 956
872 985
877 921
877 925
878 925
878 979
883 897
884 891
887 939
892 929
892 943
893 944
896 925
897 934
897 947
900 928
900 970
905 966
906 919
916 977
917 993
917 999
918 989
919 977
920 956
920 958
922 960
922 995
923 996
924 983
925 933
931 983
932 944
935 942
945 964
955 962
957 969
957 985
959 980
959 987
967 989
970 995
973 980
980 983
980 997
