0 518
0 608
1 4
1 138
1 230
1 403
2 43
2 353
2 551
2 856
2 862
3 18
3 137
3 227
3 386
3 389
3 390
3 434
3 866
4 24
4 277
4 397
4 476
4 526
4 689
4 728
4 803
4 918
4 952
5 449
5 502
5 555
5 753
6 98
6 377
6 728
6 905
7 18
7 238
7 836
8 195
8 204
8 313
8 397
8 471
8 647
8 797
8 835
9 165
9 451
9 615
9 686
9 989
10 204
10 267
10 306
10 345
10 429
10 518
10 612
10 769
10 772
10 843
10 940
11 138
11 140
11 141
11 618
11 767
11 865
11 899
11 949
11 984
12 184
12 345
12 744
13 103
13 119
13 716
13 963
14 348
14 523
14 532
14 611
14 643
14 652
14 751
14 754
14 827
14 878
14 900
15 90
15 181
15 968
16 44
16 65
16 204
16 273
16 321
16 445
16 522
16 709
17 280
17 316
17 403
17 411
17 569
17 587
17 673
17 691
17 820
17 907
18 160
18 209
18 452
18 560
18 804
18 823
18 955
18 966
19 255
19 916
20 65
20 376
20 594
20 716
20 724
21 93
21 313
21 688
21 753
22 209
22 221
22 291
22 319
22 435
22 439
22 757
22 999
23 144
23 265
23 295
23 330
23 420
23 463
23 618
23 917
24 229
24 291
24 489
24 490
24 745
24 845
24 873
25 148
25 687
25 921
25 957
26 244
26 354
26 618
26 997
27 59
27 287
27 504
27 682
28 70
28 201
28 225
28 342
28 562
28 571
28 587
28 743
28 889
29 202
29 372
29 457
29 527
29 635
30 56
30 105
30 226
30 811
31 436
31 611
31 708
31 779
31 893
31 948
32 249
32 293
32 335
33 148
33 186
33 440
33 452
33 492
33 552
33 636
33 681
34 98
34 167
34 816
34 818
34 845
34 916
35 413
35 639
36 222
36 376
36 729
36 764
36 938
37 181
37 304
37 465
37 566
37 607
37 618
37 808
37 865
37 989
38 96
38 141
38 230
38 234
38 764
38 872
39 296
39 387
39 667
40 183
40 291
40 336
40 482
40 610
40 818
40 859
41 86
41 215
41 442
41 868
41 930
41 973
42 72
42 126
42 177
42 179
42 273
42 357
42 727
42 855
43 152
43 257
43 518
44 68
44 203
44 309
44 336
44 373
44 773
44 952
44 958
45 188
45 194
45 229
45 235
45 272
45 414
45 416
45 482
45 510
45 521
45 664
45 697
45 836
46 301
46 896
46 927
47 106
47 200
47 518
48 679
49 73
49 185
49 205
49 359
49 433
49 492
50 266
50 619
50 683
50 935
51 557
51 976
52 393
52 553
52 564
52 780
52 786
52 931
53 620
53 751
53 975
54 125
54 341
54 623
55 116
55 265
55 308
55 611
55 624
55 627
55 675
55 806
55 981
56 134
56 790
57 124
57 216
57 256
57 436
57 774
57 922
58 104
58 127
58 222
58 241
58 350
58 419
58 593
58 666
58 784
58 825
58 908
58 939
59 155
59 169
59 219
59 650
59 786
59 791
59 847
59 950
59 961
60 88
60 248
60 373
60 789
60 807
60 826
60 951
61 140
61 294
61 511
61 920
62 125
62 164
62 309
62 502
62 609
62 818
63 96
63 318
63 706
63 827
64 81
64 155
64 248
64 284
64 291
64 406
64 779
65 139
65 283
65 473
65 485
65 487
65 778
65 904
65 959
65 961
66 291
66 301
66 382
66 402
66 557
66 611
66 673
67 276
67 434
67 514
67 850
68 192
68 333
69 559
69 730
69 871
69 880
69 946
69 957
69 985
70 187
70 269
70 289
70 332
70 382
70 549
70 771
70 873
71 135
71 429
71 460
71 493
71 980
72 386
72 688
72 711
72 751
72 776
72 810
72 933
73 154
73 325
73 874
74 173
74 223
74 385
74 387
74 507
74 546
74 624
74 920
75 243
75 645
75 693
75 836
75 931
76 368
76 738
76 933
77 100
77 317
77 500
77 877
78 83
78 305
78 356
78 398
79 117
79 198
79 354
79 752
79 809
79 974
80 499
81 154
81 283
81 352
81 408
81 425
81 482
81 618
81 847
81 860
82 206
82 663
82 826
82 889
83 99
83 865
83 936
83 995
84 169
84 253
84 299
84 415
84 470
84 620
84 873
84 877
85 184
85 444
85 622
85 727
85 867
86 115
86 189
86 219
86 291
86 306
86 552
86 707
86 821
86 956
87 136
87 272
87 387
87 554
87 688
88 94
88 440
88 538
88 539
88 587
88 920
88 992
89 106
89 729
89 790
89 830
89 952
90 157
90 216
90 255
90 340
90 764
90 945
91 490
91 506
91 700
91 823
91 958
92 515
92 832
92 959
93 155
93 303
93 872
93 954
93 995
94 318
94 590
95 142
95 242
95 544
95 599
95 672
95 680
95 786
95 922
96 116
96 148
96 319
96 396
96 467
96 494
96 723
96 984
97 444
97 447
97 512
97 573
97 646
97 650
98 163
98 542
98 704
98 727
98 982
99 405
99 449
99 467
100 165
100 220
100 302
100 617
100 622
100 932
101 123
101 739
102 227
102 241
102 253
102 776
103 112
103 169
103 350
103 433
103 695
103 727
103 740
104 220
104 240
104 271
104 352
104 358
104 758
104 832
104 990
105 197
105 735
105 809
105 925
105 941
106 197
106 373
106 422
106 852
107 428
107 546
107 568
107 576
107 765
107 850
107 892
108 679
108 876
109 137
109 234
109 334
109 350
109 377
109 457
109 662
109 672
109 683
109 701
109 862
109 920
109 926
109 930
110 123
110 395
110 494
110 884
111 539
111 541
111 711
111 738
111 740
111 802
111 947
112 119
112 305
112 393
112 704
112 916
112 938
113 575
113 831
113 880
113 966
114 331
114 416
115 256
115 529
115 733
115 943
116 239
116 316
116 437
116 685
116 710
117 249
117 282
117 687
118 329
118 665
118 732
118 938
118 942
119 127
119 173
119 280
119 445
119 584
119 686
119 689
120 139
120 224
120 552
121 684
121 807
121 840
121 918
122 273
122 426
122 576
122 588
123 167
123 278
123 294
123 555
123 734
123 807
123 988
124 273
124 345
124 356
124 387
124 556
124 713
124 837
125 250
125 303
125 405
125 469
125 832
126 435
126 508
126 510
126 629
126 929
126 987
127 196
127 409
127 600
127 852
128 134
128 253
128 747
128 768
129 196
129 245
129 296
129 342
129 690
129 925
130 264
130 278
130 390
130 426
130 704
130 756
131 401
131 542
131 607
131 772
131 798
131 985
132 309
132 456
132 631
132 640
132 705
132 976
133 384
133 419
133 426
133 452
133 466
133 663
134 149
134 382
134 492
134 563
135 188
135 378
135 513
135 560
135 697
135 822
136 210
136 548
136 605
136 655
136 742
136 817
136 859
137 264
137 345
137 564
138 613
138 659
138 689
138 723
138 782
138 783
138 786
138 838
138 856
138 863
139 216
139 352
139 793
139 852
139 953
140 423
140 494
140 623
140 665
140 904
141 492
141 536
141 938
142 164
142 346
142 457
142 510
142 542
142 836
142 838
142 929
143 241
143 470
143 536
143 616
143 735
143 962
144 456
144 480
144 565
144 619
144 882
145 173
145 248
145 390
145 641
146 151
146 233
146 454
146 479
146 905
146 943
147 156
147 187
147 216
147 237
147 317
147 398
147 700
147 970
148 704
148 848
148 886
149 184
149 503
149 538
149 644
149 716
149 720
149 981
150 280
150 785
151 456
151 628
151 769
151 961
152 373
152 374
152 407
152 501
152 698
152 886
153 242
153 510
153 799
154 289
154 724
154 961
155 209
155 319
155 380
155 401
155 542
155 564
155 580
155 775
155 795
155 869
155 990
156 256
156 765
156 935
157 225
157 550
157 605
157 606
157 695
157 705
157 743
157 909
158 491
158 549
158 765
158 990
159 175
159 313
159 391
159 636
159 864
159 882
159 979
160 426
160 679
160 930
161 162
161 576
161 687
161 846
161 938
161 939
162 298
162 355
162 500
162 792
163 209
163 215
163 354
163 422
163 853
164 261
164 344
164 372
164 442
164 590
164 834
164 960
165 410
165 761
165 792
165 887
166 267
166 338
166 364
166 785
166 803
166 843
166 992
167 194
167 249
167 349
167 363
167 501
168 256
168 262
168 300
168 408
168 493
168 562
168 629
168 857
168 991
169 207
169 417
169 484
169 504
169 634
169 683
170 182
170 351
170 378
170 450
170 550
170 558
170 740
170 844
170 856
171 233
171 279
171 293
171 334
171 520
171 525
171 956
172 278
172 393
172 413
172 624
173 576
173 582
173 937
174 318
174 502
174 631
174 793
174 887
175 392
175 471
175 816
175 917
176 235
176 275
176 468
176 818
176 899
177 463
177 576
177 804
177 937
178 375
178 675
178 786
178 792
178 976
179 181
179 322
179 388
179 420
179 580
179 888
180 237
180 258
180 506
180 698
180 819
181 208
181 399
181 429
181 577
181 604
181 697
182 196
182 457
182 848
182 981
183 362
183 378
183 502
183 555
183 644
183 713
183 716
183 717
183 866
184 185
184 211
184 297
184 352
184 380
184 741
184 794
184 864
184 924
185 799
185 879
186 635
186 672
186 801
187 245
188 243
188 438
189 194
189 256
189 496
189 890
190 415
190 633
190 706
191 501
191 792
191 961
192 242
192 665
192 802
193 346
193 444
193 900
194 229
194 248
194 415
194 635
194 731
194 769
194 795
194 821
195 268
195 407
195 494
196 253
196 860
197 365
197 681
197 830
197 862
197 945
198 210
198 288
198 331
198 559
198 707
198 718
198 789
199 459
199 475
199 976
200 394
200 579
200 729
201 279
201 499
202 823
202 913
203 212
203 230
203 258
203 982
203 990
204 444
204 479
204 506
204 680
204 909
205 856
205 921
205 945
205 982
206 261
206 416
206 525
206 809
206 969
207 220
207 753
207 827
208 259
208 600
208 724
208 781
208 984
209 519
209 526
210 472
210 913
211 531
211 648
212 333
212 429
212 948
213 248
213 487
213 893
213 903
214 277
214 291
214 495
214 517
214 669
214 677
214 723
214 731
215 381
215 480
215 494
215 705
215 773
215 831
215 878
215 891
215 931
216 873
218 228
218 235
218 285
218 676
218 792
218 954
219 343
219 730
220 367
220 387
220 539
220 711
220 968
221 333
221 385
221 495
221 545
221 691
221 705
221 857
221 920
221 938
222 391
222 462
222 894
223 233
223 303
223 350
223 621
223 709
224 278
224 472
224 750
224 778
224 792
224 837
225 716
225 859
225 971
226 280
226 554
226 732
226 812
227 372
227 432
227 593
227 792
227 947
228 493
228 663
229 430
229 676
229 883
230 512
230 806
230 837
230 927
231 320
231 388
231 501
231 698
232 271
232 320
232 498
232 946
232 975
233 345
233 413
233 427
233 460
233 508
233 514
233 565
233 700
234 247
234 525
234 555
234 757
234 774
234 947
235 293
235 394
235 598
235 628
235 921
236 257
236 339
236 587
236 588
236 880
237 465
237 652
237 768
238 310
238 362
238 400
238 609
238 918
239 326
239 342
239 386
239 531
240 730
240 825
241 600
241 719
241 734
241 962
242 336
242 424
242 450
242 456
242 581
242 939
243 432
243 648
243 707
244 414
244 598
244 620
244 714
244 755
244 830
244 839
244 920
245 271
245 279
245 455
245 619
246 291
246 415
246 451
246 478
246 505
246 976
247 258
247 315
247 901
247 959
248 669
248 793
248 935
249 362
249 446
249 584
249 927
250 579
251 326
251 405
251 727
252 688
252 832
253 284
253 512
253 520
253 531
253 582
253 916
254 450
254 572
254 633
255 757
255 821
256 519
256 703
256 799
256 940
256 968
257 481
257 755
257 907
258 320
258 419
258 549
259 260
259 701
259 865
260 432
260 611
260 689
260 850
260 942
261 484
261 557
261 799
261 810
262 758
263 290
263 469
263 609
263 733
263 781
263 810
263 916
265 560
265 932
266 310
266 553
266 633
266 681
266 797
267 443
267 769
267 786
267 801
268 342
268 371
268 580
268 657
269 333
269 364
269 927
269 956
269 970
269 977
270 335
270 374
270 855
270 858
271 427
271 458
271 467
271 700
271 895
272 408
272 605
272 623
272 700
273 515
273 602
273 698
274 427
274 753
274 966
275 288
275 307
275 473
275 592
275 603
276 285
276 401
276 520
277 313
277 524
277 578
277 590
278 379
278 421
278 423
278 437
278 477
278 717
278 920
278 935
278 941
279 369
279 623
279 626
279 781
280 590
281 380
281 446
281 531
281 716
281 769
282 327
282 348
282 524
282 712
282 799
282 935
282 992
283 433
283 730
283 916
284 623
284 695
284 727
285 346
285 643
285 676
285 805
285 885
285 905
285 948
286 657
286 786
286 969
287 377
287 391
287 473
287 651
287 719
287 778
287 857
287 886
288 316
288 333
288 599
288 761
288 762
288 852
288 961
289 338
289 428
289 442
289 705
289 741
289 953
290 386
290 415
290 418
290 458
290 685
290 824
291 571
291 646
292 318
292 468
292 524
292 548
292 619
292 874
292 894
292 896
292 901
293 456
293 819
294 436
294 575
294 936
295 519
295 910
296 447
296 505
296 909
297 457
297 965
298 371
298 560
298 766
299 431
299 543
299 696
299 712
299 805
299 807
299 860
300 668
301 646
301 664
302 417
302 436
302 676
302 754
302 907
303 721
303 785
304 411
304 417
304 964
304 985
305 307
305 921
305 922
306 640
306 839
306 967
307 477
307 693
307 779
307 981
308 362
308 510
308 756
308 757
308 798
308 912
309 418
309 742
309 746
309 756
310 549
311 465
311 733
311 837
311 954
312 442
312 445
312 807
312 817
313 371
313 467
313 581
314 493
314 601
314 731
314 822
314 932
315 320
315 585
315 672
315 688
316 387
316 797
316 867
316 974
317 669
317 755
317 878
318 803
319 349
319 537
319 572
319 653
320 367
320 404
320 611
321 370
321 548
322 552
322 670
323 783
323 978
324 426
324 846
324 917
325 430
325 653
325 673
325 888
326 749
326 843
326 934
327 421
327 891
328 375
328 400
328 459
328 646
328 829
329 377
329 606
329 626
329 773
329 975
330 500
330 833
330 896
331 449
331 578
332 340
332 468
332 483
332 602
332 626
332 639
332 657
332 799
333 474
333 489
333 657
333 792
333 995
334 528
334 631
334 677
334 728
334 875
334 946
335 353
335 699
335 842
336 343
336 356
336 427
336 514
336 523
336 662
336 671
336 844
337 367
337 411
337 417
337 676
337 819
338 541
338 712
339 345
339 657
339 683
339 999
340 971
341 577
341 706
342 806
342 874
342 906
342 930
342 972
343 586
343 648
343 654
343 797
344 775
344 821
344 881
344 930
345 365
345 514
345 568
345 652
345 685
345 717
346 361
346 868
347 416
347 426
347 476
347 667
347 668
347 718
347 835
348 385
348 995
349 421
349 875
349 969
350 372
350 791
350 957
351 417
351 440
351 461
351 600
351 621
352 433
352 655
352 899
353 363
353 486
353 627
353 692
353 899
354 437
354 763
354 999
355 597
355 600
355 815
356 398
356 527
356 695
356 987
357 428
357 586
357 826
357 923
357 967
358 419
358 456
358 460
358 539
358 674
358 863
359 361
359 382
359 471
359 484
359 711
359 758
359 802
359 959
359 977
360 361
360 416
360 557
360 618
360 767
360 815
360 882
361 404
361 454
361 662
361 716
361 779
361 809
362 570
362 582
362 583
362 620
362 849
363 441
363 941
364 658
364 750
364 765
364 920
365 522
365 612
365 900
365 903
365 963
365 973
366 504
366 570
366 911
366 946
366 957
367 597
368 572
368 655
368 727
369 456
369 596
369 860
369 926
370 620
370 788
370 863
371 560
371 678
371 779
371 936
371 995
372 443
372 489
372 585
372 589
372 880
373 858
373 923
373 957
374 401
374 652
374 917
375 415
375 464
375 537
375 629
375 748
375 942
376 541
376 656
376 802
377 579
377 598
377 680
377 843
377 857
377 973
378 400
378 409
378 517
378 543
378 655
378 885
378 964
379 382
379 509
379 618
379 710
379 767
379 874
380 472
380 929
381 549
381 559
381 710
382 392
382 469
382 686
382 724
382 739
382 818
382 836
382 914
383 424
383 479
383 483
383 659
383 676
383 769
383 797
384 441
384 486
384 508
385 534
385 535
385 592
385 707
385 831
385 883
386 839
386 992
387 739
387 776
387 783
387 931
388 506
388 533
388 691
389 468
389 517
389 659
389 814
389 905
389 936
390 597
390 680
390 819
390 877
390 979
390 995
391 694
391 701
391 882
392 692
392 873
393 417
393 553
393 627
393 756
393 899
394 424
394 427
394 565
394 609
394 672
394 773
395 511
395 691
395 815
395 855
396 593
396 887
396 990
397 416
397 566
397 607
397 805
398 439
398 512
398 595
398 662
398 891
399 636
399 886
399 947
400 501
400 511
400 830
400 912
401 453
401 460
401 576
401 834
401 925
402 498
402 569
402 573
403 422
403 749
404 860
405 514
405 586
405 664
405 894
405 898
406 452
406 456
406 505
406 550
406 691
407 535
407 758
407 862
408 678
408 744
408 944
408 969
409 531
409 683
409 693
409 906
409 951
410 415
410 421
410 508
410 612
410 908
411 546
411 642
411 646
411 981
412 844
412 862
413 466
413 566
414 422
414 624
415 719
416 552
416 675
416 777
417 604
417 636
417 939
417 978
418 583
418 651
419 943
420 860
420 966
421 991
422 445
422 648
422 690
422 706
422 764
422 811
422 892
422 901
422 903
422 984
423 575
423 585
423 709
424 431
424 784
425 489
425 690
425 829
425 846
426 480
426 515
426 539
426 639
427 430
427 767
428 505
428 770
428 782
429 448
429 459
429 729
429 833
429 914
430 630
430 811
430 940
431 441
431 452
431 528
431 569
431 606
431 630
431 666
431 968
432 602
433 620
433 841
434 488
434 673
434 698
434 824
435 514
435 686
435 869
437 777
437 837
437 858
438 460
438 510
438 530
438 543
438 598
438 645
438 745
438 837
438 954
439 457
439 800
439 822
440 803
440 813
441 650
441 793
441 990
442 468
442 489
442 491
444 610
445 455
445 664
445 692
445 725
446 603
446 615
447 714
447 719
447 746
447 806
448 539
448 878
448 886
449 510
449 626
449 926
450 487
451 827
451 868
451 904
451 931
452 494
453 840
453 897
454 781
454 861
454 926
455 999
456 467
456 654
456 672
456 731
456 944
456 977
457 593
457 648
457 729
457 783
457 797
457 819
458 750
458 866
459 485
459 797
459 843
459 972
459 979
460 582
460 681
460 905
460 920
461 471
461 556
461 848
462 558
462 617
462 700
462 771
462 838
462 850
463 653
463 661
463 808
463 893
463 906
463 971
464 479
464 582
464 617
464 879
464 946
465 859
465 882
466 817
467 635
468 537
468 826
469 716
470 762
471 599
471 929
472 606
472 687
472 803
472 976
473 560
473 561
473 607
474 778
474 888
475 503
475 517
475 856
476 509
476 632
476 951
477 544
477 616
477 988
478 509
478 684
478 711
478 809
479 488
479 604
479 728
479 743
480 688
480 992
480 994
481 727
482 614
482 789
482 790
482 891
482 919
482 933
483 539
483 589
483 706
485 888
486 657
486 739
486 817
487 618
487 873
488 808
489 546
489 549
489 992
490 541
490 601
490 705
490 830
491 738
491 767
491 776
491 820
491 825
491 915
491 960
492 501
492 528
492 838
492 936
493 592
494 499
494 604
494 619
494 873
494 928
495 742
496 524
496 676
496 680
496 715
496 860
497 594
497 712
497 785
497 887
498 723
498 753
498 777
498 843
498 879
498 999
499 593
499 700
499 709
499 915
499 930
500 577
500 780
500 812
500 965
501 547
501 585
501 599
501 638
502 672
502 674
502 711
502 840
502 878
502 948
503 637
503 745
503 969
504 548
504 562
504 702
504 728
504 871
505 669
505 682
505 986
506 559
506 625
506 797
506 881
507 580
507 626
507 641
508 723
508 919
508 960
509 762
510 697
510 722
510 764
511 641
511 778
511 947
511 968
512 619
512 833
512 997
513 565
513 599
513 670
513 784
513 896
513 940
514 544
514 679
514 833
514 951
515 548
515 625
515 665
515 964
517 567
517 680
517 795
518 591
518 693
518 785
518 897
519 577
519 854
519 860
520 619
520 684
520 763
520 822
520 840
520 995
521 672
521 788
522 694
522 787
522 953
522 984
523 643
523 676
523 721
524 534
524 661
524 882
525 942
526 602
526 615
526 873
526 895
526 953
528 698
528 833
528 956
529 634
530 630
530 705
531 663
531 672
531 688
531 733
531 755
531 842
531 888
532 772
532 852
532 909
533 557
533 911
533 917
534 648
534 860
534 887
535 606
535 640
535 660
535 675
535 745
535 903
536 705
536 801
536 834
536 966
537 857
537 916
538 615
538 808
538 928
539 747
539 835
540 557
540 591
540 724
540 778
540 786
540 839
540 934
541 590
541 817
542 566
544 567
545 583
545 884
545 906
546 603
546 678
546 708
547 589
547 643
547 864
547 953
547 966
547 976
548 842
549 674
549 694
549 704
549 806
549 855
549 862
550 670
550 699
551 573
552 605
553 828
553 842
553 866
553 880
553 892
553 948
554 790
554 916
555 619
555 641
555 674
555 693
555 812
555 962
556 578
556 672
556 806
557 602
557 613
557 746
558 610
558 705
559 749
562 622
562 984
562 986
563 693
563 748
564 646
565 591
566 706
566 764
567 900
568 573
568 671
568 681
569 579
569 597
570 587
570 651
570 734
572 606
573 684
573 885
573 904
573 927
574 627
574 757
574 946
574 970
574 984
575 657
575 952
577 657
577 731
577 822
577 890
577 924
577 990
578 632
578 658
578 676
578 782
579 714
579 950
579 988
580 725
580 783
580 821
582 898
583 972
584 691
584 840
584 851
585 807
586 633
586 670
586 908
587 714
587 770
587 836
587 933
587 956
587 997
588 709
588 716
588 837
588 874
589 965
590 620
590 704
591 840
591 876
591 885
591 974
592 807
593 743
593 766
593 835
593 856
593 942
594 878
594 968
595 618
595 729
595 733
595 738
595 815
596 842
596 911
596 998
597 813
597 963
598 786
598 835
598 870
599 625
599 643
599 685
599 976
600 839
600 845
601 646
601 727
601 819
601 962
602 613
602 714
602 774
602 978
602 997
604 671
605 670
605 926
606 690
606 708
606 761
606 929
607 863
608 779
608 926
609 677
609 681
609 966
610 783
610 854
610 900
610 989
612 624
612 651
612 788
612 914
613 769
613 869
615 665
615 760
615 816
615 864
617 906
618 855
618 859
618 867
618 888
618 910
618 919
619 626
619 685
619 897
620 925
620 972
621 833
621 947
621 952
622 991
623 774
624 679
624 734
624 892
625 745
625 793
625 820
625 886
625 974
627 667
627 946
628 777
629 783
629 831
630 736
631 758
631 863
632 787
632 805
632 814
633 860
633 941
634 860
634 940
635 732
635 827
635 999
636 836
636 855
637 687
637 732
637 813
637 867
637 992
638 649
638 995
639 783
641 709
641 860
642 827
642 943
643 823
643 857
643 915
643 949
644 807
645 665
645 784
645 823
646 746
646 939
646 964
647 698
647 704
647 878
648 727
648 775
648 871
649 670
649 714
649 762
651 874
651 879
651 884
652 994
653 694
653 761
653 812
653 944
655 661
655 875
655 877
655 930
656 678
657 951
658 754
659 752
659 855
659 880
660 731
660 843
660 849
660 912
660 994
661 716
661 744
661 845
662 751
664 878
665 721
665 823
665 878
666 937
667 682
668 890
668 935
670 891
671 785
671 978
672 801
672 968
673 768
674 816
674 875
675 978
675 992
676 721
676 746
676 800
677 795
679 797
680 936
681 685
681 768
681 798
681 800
681 896
682 784
683 809
683 993
684 976
685 710
685 758
686 780
686 838
686 969
687 770
688 718
688 881
688 886
689 776
689 813
690 696
690 820
690 828
690 836
690 927
690 982
691 732
691 881
691 949
692 868
692 882
693 741
693 943
694 793
694 973
696 727
696 830
697 781
697 898
698 849
699 859
699 974
700 718
701 890
701 898
701 926
701 952
702 819
703 759
703 859
704 967
705 875
705 971
706 914
708 920
709 745
709 925
710 869
711 775
711 880
711 946
712 778
712 787
712 875
712 908
712 967
713 805
713 871
713 893
714 891
714 897
714 976
715 883
716 831
717 776
717 836
717 868
718 801
718 872
718 875
719 939
719 975
720 776
720 846
720 906
722 793
724 744
724 765
724 796
724 970
724 973
725 736
728 742
728 963
730 964
731 857
731 939
731 983
731 986
732 850
732 924
732 950
732 959
733 869
734 760
734 944
736 746
736 980
736 997
738 761
738 891
739 770
739 772
739 877
740 842
741 855
741 916
741 974
743 900
743 951
744 937
745 803
745 825
745 829
746 844
746 906
746 968
746 973
747 901
748 779
748 811
748 815
748 952
748 961
748 973
749 875
749 969
750 807
750 851
751 862
752 871
755 797
755 943
755 966
755 989
756 922
757 910
760 902
761 998
762 809
762 952
763 862
766 977
767 775
767 872
768 877
769 898
769 936
769 960
771 966
774 786
774 835
776 843
777 967
777 983
778 963
779 921
780 979
781 825
782 896
782 959
783 891
784 789
785 853
786 822
788 894
790 886
791 808
791 854
793 981
794 973
795 830
795 910
797 874
797 883
798 918
799 833
799 880
802 917
803 997
806 893
807 895
808 996
809 970
810 884
810 892
812 816
812 822
813 967
814 923
817 953
818 850
818 949
818 980
820 955
823 826
824 837
824 929
824 936
825 970
826 952
827 884
827 974
828 848
829 984
830 929
830 934
831 854
832 845
832 954
833 874
833 936
836 924
836 927
837 937
838 882
839 887
839 944
840 951
841 909
841 923
841 974
843 863
844 987
846 859
847 872
847 968
848 870
850 963
850 998
851 956
852 924
852 977
852 987
853 988
854 959
854 992
855 947
856 961
857 859
857 925
858 961
859 882
859 927
859 986
860 956
866 997
867 905
872 883
872 988
873 951
874 890
874 954
876 928
877 942
877 981
878 945
881 982
882 903
882 906
882 972
884 903
885 991
890 941
892 924
900 954
900 975
905 910
912 930
914 983
918 962
918 991
921 960
927 988
930 977
930 992
931 941
935 978
939 969
944 972
951 987
954 974
964 969
992 996
