0 106
0 229
0 313
0 558
0 569
0 740
0 869
0 886
0 904
0 915
0 940
0 962
1 116
1 192
1 414
1 573
1 595
2 38
2 47
2 81
2 206
2 320
2 547
2 651
3 64
3 68
3 513
3 713
3 832
3 965
4 23
4 33
4 337
4 387
4 500
4 896
5 68
5 124
5 164
5 328
5 397
5 554
5 834
5 927
6 11
6 429
6 524
6 768
7 36
7 73
7 242
7 251
7 295
7 527
7 598
7 781
7 972
7 987
8 126
8 234
8 287
8 299
8 479
8 554
8 731
8 833
8 863
8 931
9 152
9 279
9 540
9 928
10 89
10 295
10 452
10 542
10 801
10 838
11 179
11 301
11 324
11 399
11 643
11 720
11 878
12 381
12 493
12 574
12 670
12 699
12 707
13 200
13 499
13 530
14 127
14 289
14 420
14 536
14 547
14 789
14 968
15 20
15 140
15 306
15 418
15 637
16 373
16 600
16 863
16 999
17 152
17 205
17 361
17 418
17 528
17 599
17 688
17 935
18 72
18 253
18 344
18 362
18 717
18 952
19 52
19 58
19 168
19 183
19 347
19 630
19 756
19 906
19 971
20 63
20 168
20 559
20 635
20 858
21 228
21 252
21 280
21 294
21 643
21 753
22 110
22 503
22 563
22 868
23 229
23 311
23 608
23 614
23 657
24 401
24 404
24 487
24 767
24 770
25 61
25 75
25 141
25 231
25 264
25 777
26 79
26 87
26 363
26 730
26 943
27 94
27 151
27 243
27 269
27 689
28 378
28 576
28 601
28 696
29 325
29 351
29 416
29 547
29 584
29 618
29 983
30 335
30 607
30 609
30 753
30 898
31 117
31 288
31 488
31 890
31 984
32 254
32 497
32 543
32 581
32 666
32 917
33 292
33 457
33 695
33 776
34 274
34 673
34 752
34 850
34 964
35 139
35 337
35 721
35 741
36 178
36 278
36 583
37 176
37 520
37 583
37 836
37 844
37 916
37 957
38 879
39 177
39 240
39 406
39 525
39 550
39 598
39 819
40 114
40 401
40 909
40 926
41 328
41 480
41 646
41 853
42 150
42 198
42 540
42 615
42 935
43 277
43 653
43 762
43 838
44 88
44 102
44 232
44 241
44 377
44 668
45 131
45 267
45 286
45 430
45 603
45 706
45 831
45 856
45 972
46 108
46 114
46 475
46 710
46 724
46 844
46 907
46 964
47 204
47 433
47 562
47 673
47 876
48 167
48 207
48 234
48 288
48 474
49 118
49 195
49 217
49 293
49 411
49 716
49 755
49 825
49 885
50 94
50 230
50 355
50 369
50 673
50 715
50 814
50 966
51 586
51 828
52 109
52 161
52 210
52 305
52 408
52 702
53 85
53 189
53 343
53 373
53 477
53 594
53 629
53 778
53 897
54 98
54 212
54 285
54 311
54 535
54 568
54 572
54 577
55 323
56 367
56 400
56 505
56 572
56 709
57 84
57 85
57 216
57 277
57 308
57 442
57 806
57 827
57 857
57 868
57 919
57 990
58 71
58 183
58 658
58 923
59 311
59 527
59 543
59 594
60 61
60 202
60 419
60 459
60 485
60 623
60 626
60 627
60 692
60 941
61 77
61 514
61 679
61 922
62 142
62 323
62 420
62 622
62 850
62 857
62 922
62 947
63 129
63 179
64 397
64 679
64 822
64 958
65 239
65 388
65 445
65 587
65 607
66 353
66 369
66 934
67 107
67 178
67 372
67 515
67 628
67 957
68 105
68 115
68 204
68 276
68 402
68 696
68 848
69 82
69 210
69 217
69 491
69 687
69 967
70 275
70 500
70 907
70 916
70 963
71 246
71 580
71 601
71 615
71 691
71 825
71 845
71 912
72 224
72 428
72 495
72 525
72 634
73 297
73 446
73 760
73 791
73 932
74 233
74 318
74 508
74 694
74 711
74 747
74 857
75 310
75 926
76 260
76 301
76 459
76 467
76 557
76 704
76 972
76 979
77 84
77 163
77 196
77 221
77 473
77 505
77 825
78 313
78 558
78 572
78 623
78 705
78 777
79 204
79 463
79 661
79 709
79 732
79 797
80 196
80 207
80 306
81 176
81 681
81 718
81 940
81 977
82 102
82 335
82 396
82 446
82 462
82 968
83 236
83 303
83 311
83 379
83 444
83 940
83 988
84 87
84 115
84 116
84 373
84 396
84 613
84 684
85 169
85 346
85 391
85 405
85 605
85 877
85 989
85 992
86 266
86 271
86 457
86 822
86 873
87 207
87 525
87 743
87 993
88 168
88 264
88 337
88 533
88 572
88 680
88 783
89 107
89 307
89 415
89 441
89 565
89 771
89 804
90 182
90 522
90 901
90 981
91 477
91 647
91 689
91 712
92 112
92 366
92 496
93 185
93 748
93 856
93 918
94 129
94 395
94 429
94 548
94 612
94 662
94 670
94 952
94 982
95 173
95 589
95 620
95 756
96 147
96 186
96 419
96 485
96 533
96 671
96 947
97 312
97 407
97 441
97 481
97 659
97 707
97 912
97 940
98 239
98 300
98 442
98 571
98 912
99 201
99 266
99 368
99 463
99 466
99 567
100 211
100 300
100 347
100 605
100 755
100 821
100 875
101 482
101 691
101 738
102 223
102 278
102 397
102 530
102 726
102 776
102 949
103 374
103 553
103 781
104 344
104 370
104 408
104 429
105 187
105 617
105 697
105 804
105 827
105 933
105 959
106 141
106 469
106 595
106 687
106 801
106 808
107 135
107 425
107 576
107 589
107 625
107 647
107 964
108 201
108 300
108 604
108 612
108 615
108 902
108 919
109 162
109 310
109 461
109 539
109 639
109 657
109 992
110 191
110 275
110 331
110 569
110 656
110 798
110 839
110 961
111 258
111 689
111 779
112 209
112 478
112 602
112 720
112 870
113 171
113 196
113 658
113 798
113 911
114 185
114 268
114 290
114 380
114 687
115 207
115 302
115 876
116 171
116 237
116 427
116 439
116 471
116 579
116 590
117 356
117 418
117 473
117 566
117 977
118 164
118 433
118 490
118 703
118 743
118 979
119 364
119 660
120 147
120 316
120 545
120 632
120 855
121 408
121 923
122 183
122 733
122 793
122 802
122 884
122 894
123 454
123 539
123 670
123 770
123 814
124 187
124 375
124 440
124 467
124 714
124 824
124 970
125 241
125 289
125 632
125 678
125 689
125 892
125 895
125 897
125 937
126 199
126 213
126 481
126 510
126 668
126 919
126 928
127 152
127 159
127 370
127 525
127 794
127 901
128 222
128 368
128 503
128 563
128 903
129 180
129 275
129 300
129 486
129 606
129 644
129 745
129 902
129 921
129 991
130 152
130 376
130 546
130 625
130 663
131 247
131 646
132 545
133 326
133 402
133 429
133 438
133 467
133 558
133 692
133 746
134 195
134 314
134 542
134 731
134 742
134 750
134 765
135 788
135 978
136 290
136 367
136 677
136 732
136 783
136 980
136 993
137 337
137 418
137 514
137 677
138 413
138 595
138 631
138 747
139 180
139 582
139 687
139 709
139 712
139 714
139 745
140 165
140 222
140 225
140 319
140 336
140 596
140 787
140 878
141 158
141 185
141 198
141 315
141 696
141 773
141 926
142 192
142 848
143 811
143 900
144 309
144 320
144 715
145 155
145 231
145 258
145 420
145 472
145 598
145 638
145 715
145 960
145 987
146 359
146 563
146 852
147 194
147 479
147 605
147 839
147 919
148 149
148 162
148 388
148 570
148 610
149 304
149 404
149 473
149 673
149 836
150 304
150 911
150 953
151 347
151 426
151 761
152 512
152 558
153 184
153 203
153 428
153 849
154 185
154 901
154 907
155 175
155 202
155 243
155 289
156 191
156 229
156 292
156 721
156 748
157 365
157 485
157 547
157 643
157 894
158 279
158 367
158 473
158 490
158 576
158 680
159 172
159 488
159 935
160 162
160 200
160 346
160 495
160 630
161 371
161 391
161 398
161 911
162 314
162 335
162 401
162 682
162 896
163 241
163 467
163 484
163 801
163 891
164 173
164 369
164 427
164 646
164 735
164 768
164 792
164 918
164 952
165 438
165 489
165 924
166 417
166 839
167 213
167 437
167 518
167 583
168 271
168 364
168 539
168 699
168 965
168 979
169 367
169 412
169 597
169 665
169 720
169 757
170 292
170 410
170 675
170 808
170 942
171 356
171 437
171 561
171 686
171 898
172 328
172 342
172 363
172 722
172 996
173 215
173 373
173 465
173 499
173 666
173 746
173 820
174 236
174 317
174 485
174 620
174 661
175 226
175 228
175 444
175 601
175 741
175 914
175 926
175 944
176 263
176 290
176 441
176 630
176 748
176 787
177 240
177 414
177 528
177 531
177 991
178 294
178 358
178 666
178 671
179 299
179 388
179 592
180 232
180 354
180 459
180 465
180 552
180 584
180 800
181 363
181 426
181 616
181 729
181 925
182 291
182 428
182 550
182 685
182 780
183 336
183 508
183 521
183 838
183 849
183 908
184 462
184 499
184 723
184 726
184 857
184 969
185 236
185 315
185 381
185 517
185 827
185 918
186 461
186 560
186 847
187 359
187 497
187 777
188 189
188 421
188 569
188 655
189 196
189 863
189 971
190 284
190 313
190 363
190 387
190 460
190 469
190 507
190 594
190 812
190 893
191 553
191 568
191 576
191 671
191 867
192 228
192 374
192 524
192 954
193 218
193 232
193 969
193 975
194 446
195 327
195 437
195 442
195 663
195 977
196 221
196 404
196 680
196 711
197 403
197 425
197 773
197 838
197 870
197 951
198 456
198 542
198 611
198 652
198 876
199 468
199 503
199 620
199 703
199 796
199 837
199 899
199 969
200 228
200 439
200 732
201 329
201 449
201 497
201 717
201 962
202 233
202 320
202 456
202 463
202 539
202 798
202 918
203 391
203 523
203 547
203 716
203 720
203 733
203 763
203 904
203 930
204 962
204 977
205 545
205 703
205 758
205 851
205 867
205 926
205 946
206 282
207 236
207 385
207 561
207 710
207 778
208 298
208 668
208 960
209 897
210 492
210 598
210 865
210 898
211 323
211 482
211 484
212 289
212 483
212 534
212 631
212 662
212 685
212 892
213 253
213 407
213 869
213 943
214 241
214 689
215 436
215 447
215 511
215 544
215 892
216 622
216 651
216 935
217 306
217 444
217 695
217 776
217 924
217 926
218 392
218 438
218 628
218 677
218 844
219 270
219 302
219 338
219 557
219 729
219 823
219 840
219 903
219 983
220 756
220 895
221 385
221 393
221 807
221 911
222 226
222 370
222 662
222 697
223 303
223 350
223 738
224 616
224 714
224 743
224 917
225 344
225 446
225 484
226 713
226 842
226 844
226 866
226 936
226 966
227 445
228 290
228 618
229 561
230 343
230 701
230 835
230 906
230 979
231 346
231 667
231 895
232 247
232 395
232 479
232 617
232 688
232 703
232 979
233 707
234 354
234 778
234 830
235 609
235 706
235 949
236 359
236 372
236 524
236 600
236 621
236 731
237 398
237 451
237 583
237 797
237 979
238 544
238 644
238 897
239 258
239 303
239 749
239 977
240 490
240 737
240 761
240 879
241 257
241 310
241 544
241 563
241 675
241 768
242 356
242 472
242 528
242 800
243 507
243 892
243 908
244 360
244 511
244 564
244 665
244 992
245 300
245 447
245 573
245 688
245 963
246 264
246 410
246 547
246 604
246 866
246 950
247 317
247 487
247 566
247 725
247 911
247 991
248 276
248 340
248 436
248 526
248 562
248 596
248 609
249 349
249 396
249 492
249 921
250 417
250 608
250 742
250 774
250 800
250 848
250 998
251 390
251 683
252 311
252 358
252 451
252 585
252 618
252 805
252 808
252 810
253 926
254 461
254 769
254 821
254 889
255 518
255 529
255 614
255 783
255 879
255 929
256 506
256 834
257 351
257 427
257 600
257 724
258 286
258 312
258 370
258 571
258 880
259 296
259 322
259 570
259 598
259 608
260 651
260 685
260 919
260 934
261 393
261 610
261 735
261 782
262 314
262 498
262 806
263 446
263 578
263 619
263 685
263 697
264 283
264 473
264 714
264 831
265 289
265 368
265 399
265 422
266 307
266 434
266 908
267 446
267 494
267 804
268 456
268 585
268 632
268 869
269 408
269 503
269 534
269 612
269 644
269 718
269 771
269 772
269 930
270 406
270 662
270 720
270 894
270 923
271 442
271 655
272 968
273 412
273 502
273 558
273 937
274 531
274 556
274 636
274 644
274 866
274 908
275 413
275 722
275 741
275 840
275 912
275 993
276 373
276 418
276 618
276 675
276 875
276 918
277 440
277 608
277 683
277 753
277 755
278 783
278 812
278 932
279 672
279 708
279 819
279 892
279 952
280 621
280 643
280 742
280 824
280 992
281 554
281 681
281 976
281 985
282 504
282 518
282 523
282 726
283 415
283 520
284 409
284 429
284 552
284 717
284 742
284 820
285 365
285 537
285 690
285 744
285 761
285 803
285 922
285 972
285 979
286 390
286 417
286 419
286 489
286 585
286 983
287 941
288 343
289 336
289 457
289 486
289 657
289 837
290 334
290 548
290 580
290 656
290 812
290 918
290 927
290 963
291 414
291 510
291 977
292 307
292 491
292 523
292 550
292 674
292 704
292 751
292 790
292 876
292 922
292 963
293 493
293 688
293 846
294 606
294 790
294 860
295 348
295 501
295 588
295 682
295 728
296 333
296 964
297 416
297 491
297 624
297 669
297 989
299 667
299 770
299 899
300 323
300 411
300 507
300 603
300 974
301 747
301 857
301 957
301 978
302 396
302 952
303 372
303 503
303 707
303 720
303 769
304 334
304 523
304 601
304 963
305 348
305 359
305 441
305 486
305 644
305 686
306 345
306 414
306 446
306 500
306 758
306 931
307 465
307 653
307 852
307 981
308 361
308 830
308 831
308 990
309 500
309 951
309 997
310 323
310 876
311 317
311 321
311 388
311 628
311 920
312 322
312 353
312 391
312 674
312 932
313 323
313 542
313 644
313 798
313 909
313 927
313 985
314 626
314 629
314 855
315 358
315 378
315 661
315 717
315 724
316 416
316 775
316 821
316 904
317 550
317 607
317 676
317 863
317 926
317 979
318 426
318 513
318 554
318 555
318 653
318 861
319 454
319 658
319 677
319 727
319 911
319 988
320 458
320 591
320 623
320 668
320 844
321 556
321 634
321 662
321 825
321 847
322 419
322 429
322 572
322 637
322 960
323 352
323 415
323 690
323 729
324 490
324 895
325 404
325 512
325 583
325 669
326 424
326 685
326 731
326 752
326 796
327 464
328 503
328 528
328 752
328 902
328 967
329 373
329 498
329 523
329 714
330 381
330 574
330 839
330 897
331 799
332 425
332 511
332 726
332 921
333 347
333 552
333 627
333 857
333 955
334 480
334 768
334 839
334 840
334 857
334 951
335 352
335 366
335 513
335 563
335 737
335 810
336 344
336 357
336 498
336 762
336 855
336 984
337 592
337 602
338 675
339 555
339 563
339 761
339 936
340 504
340 648
340 785
340 957
341 660
341 693
342 745
342 948
343 412
343 787
343 929
344 385
344 399
344 457
344 764
344 948
345 399
345 411
345 881
345 991
346 436
346 448
346 732
346 770
346 823
346 985
347 353
347 360
347 440
347 529
347 623
347 931
348 407
348 558
348 725
349 379
349 651
349 785
349 918
350 356
350 635
350 637
350 722
350 982
351 359
351 527
351 597
351 650
351 699
352 421
353 396
353 533
353 580
353 645
353 785
354 363
354 659
354 773
354 856
354 935
354 967
355 718
356 547
356 828
357 479
357 589
357 639
358 521
358 844
358 896
358 949
359 414
359 771
360 661
360 692
360 713
360 757
361 545
361 713
362 491
362 774
363 369
363 413
363 577
364 532
364 538
364 627
365 436
365 566
365 720
365 858
366 441
366 467
366 468
366 566
366 576
366 610
366 611
366 819
366 838
367 391
368 586
368 591
368 627
368 632
368 680
369 378
369 804
370 490
370 769
371 646
371 688
371 718
371 948
372 479
372 523
372 746
372 750
372 835
372 887
373 670
373 883
373 986
374 433
374 758
374 824
375 425
375 728
375 778
375 876
375 914
376 379
376 543
376 612
376 914
376 970
376 974
377 393
377 451
377 636
377 711
377 918
378 470
378 644
378 861
379 389
379 455
379 461
379 535
379 899
379 994
380 652
380 811
381 682
381 972
382 400
382 431
382 585
382 627
382 805
383 507
383 916
384 599
384 946
385 620
385 874
385 878
386 414
386 856
387 403
387 429
387 658
387 693
387 818
388 476
388 525
388 644
389 453
389 661
389 757
389 957
390 629
390 673
390 777
390 964
391 569
391 952
391 953
392 462
392 753
392 973
393 913
393 990
394 666
394 942
395 397
395 468
395 527
395 949
396 675
396 738
396 758
396 836
397 638
397 727
398 519
398 578
398 724
398 732
399 524
399 870
400 478
400 532
400 597
400 887
400 962
401 605
402 486
402 541
402 564
402 665
402 711
402 926
403 522
403 715
403 870
403 882
404 459
404 501
404 528
404 591
404 633
404 933
404 952
405 585
405 705
405 749
406 634
406 895
407 435
407 441
407 568
407 638
407 645
407 981
408 515
409 610
409 737
409 931
409 948
410 873
410 940
411 543
411 752
411 913
412 423
412 434
412 549
412 594
412 613
412 855
413 489
413 535
413 851
413 904
414 461
414 504
414 554
414 764
414 822
415 435
415 567
415 661
415 675
415 856
415 922
417 641
417 925
418 557
418 605
418 633
418 684
418 700
418 939
419 594
419 646
419 726
419 853
419 949
420 790
420 824
420 883
420 990
421 488
421 564
421 605
422 567
422 867
423 456
423 508
423 750
423 802
423 954
424 500
424 521
424 537
424 632
424 680
424 725
424 849
424 901
424 937
425 514
425 578
425 656
425 769
426 553
426 669
426 700
426 750
426 788
426 893
426 982
427 548
427 683
428 832
428 878
428 940
430 739
431 560
431 662
431 703
432 483
432 517
432 591
432 620
432 665
433 453
433 501
433 683
433 715
433 740
433 882
434 611
435 718
435 922
437 607
437 745
437 867
437 901
437 977
438 564
438 709
438 741
438 876
439 647
439 667
439 685
440 447
440 899
440 974
440 983
441 463
441 491
441 572
441 934
442 528
442 766
442 825
442 863
442 995
443 466
443 525
443 783
443 957
444 523
444 740
444 868
444 996
445 657
445 692
446 939
447 456
447 509
447 633
447 837
447 929
448 478
448 822
448 933
449 538
449 856
449 941
450 621
450 955
450 992
451 460
451 588
451 615
452 497
452 548
452 550
452 622
452 723
452 814
452 893
452 984
453 737
453 758
454 666
455 496
456 762
456 824
457 474
457 996
458 462
459 502
459 602
459 853
460 544
460 809
461 612
462 574
462 815
462 974
463 724
464 511
464 513
464 594
464 610
464 627
464 942
464 995
465 524
465 865
465 892
465 919
465 955
466 797
466 801
466 818
467 481
467 591
467 678
467 861
468 483
468 929
469 491
469 576
469 640
470 515
470 579
470 681
470 704
470 736
471 642
471 722
471 915
472 518
472 547
472 976
472 992
473 484
473 604
473 645
473 724
473 982
474 517
474 679
474 823
474 839
474 963
476 692
476 759
476 874
477 497
477 954
477 998
478 741
478 754
479 708
479 790
480 571
480 896
481 489
481 651
481 674
481 721
481 832
481 854
481 994
482 483
482 633
482 869
482 883
482 973
483 645
483 825
483 874
484 951
484 961
485 639
485 691
485 836
485 905
486 695
486 764
487 612
487 764
487 916
487 957
488 558
488 868
488 911
490 567
490 637
490 693
490 798
490 866
491 657
491 836
491 845
491 930
492 852
492 963
492 973
493 571
493 869
493 892
493 913
494 603
494 887
494 897
494 935
494 936
495 544
495 690
495 834
495 921
496 758
496 768
496 865
497 557
497 754
497 847
497 869
497 975
498 862
499 543
499 560
499 633
499 766
499 856
499 875
499 942
499 962
499 978
500 648
500 968
501 547
501 644
501 817
501 820
501 946
501 995
502 545
502 577
502 626
502 672
502 877
503 720
503 756
503 892
504 636
505 713
505 761
506 555
506 991
507 543
507 584
507 694
507 746
507 781
507 825
507 856
507 887
507 893
507 985
508 621
509 552
509 675
509 857
509 904
509 933
509 961
510 743
510 760
511 673
511 948
511 974
512 813
513 606
513 655
513 797
514 542
514 675
514 679
514 736
514 766
514 855
515 745
515 785
515 888
516 546
516 601
516 744
516 815
517 674
517 981
519 589
519 640
519 664
519 841
519 887
520 834
520 975
521 624
522 676
522 790
522 813
522 951
523 547
523 586
523 607
523 615
523 708
523 957
524 560
524 601
524 630
525 701
525 740
526 564
526 606
526 950
527 535
527 656
527 854
528 847
529 653
530 546
530 679
530 774
531 888
532 665
532 674
532 769
532 784
532 876
532 924
533 615
533 662
533 861
533 882
533 920
533 967
534 717
534 982
535 636
535 703
535 764
536 651
537 627
537 639
537 762
537 764
537 776
539 614
540 809
540 879
541 613
541 749
542 610
542 852
542 899
543 623
543 995
544 922
545 551
545 615
545 809
545 931
545 976
545 990
546 813
547 582
548 640
548 764
548 904
548 971
549 614
549 825
549 873
550 590
551 743
551 881
552 856
552 889
553 706
553 887
554 663
554 671
555 761
555 766
555 767
556 587
556 647
556 659
557 714
558 665
558 873
558 923
559 820
559 931
560 709
560 914
560 922
561 614
561 713
561 980
562 633
562 860
562 951
563 906
564 740
564 909
564 929
564 953
565 982
566 591
566 610
566 793
566 849
567 570
567 834
567 888
568 616
568 627
569 908
569 946
569 988
570 575
570 839
570 876
571 645
571 943
572 625
572 698
572 749
572 796
572 805
572 845
573 960
574 708
575 939
575 954
577 581
577 794
577 855
577 921
577 962
577 964
577 968
578 750
578 910
579 900
579 984
580 826
580 894
580 896
581 733
581 756
582 672
582 722
582 769
582 969
583 625
583 656
583 780
583 910
583 994
584 653
584 735
584 752
584 771
584 873
585 755
585 803
585 845
585 995
586 614
586 716
586 741
587 596
588 905
588 921
589 767
589 972
590 784
590 959
590 979
591 758
591 847
591 933
591 938
592 720
592 871
592 967
592 981
593 681
593 749
593 965
594 683
594 818
595 620
595 808
596 606
596 717
597 805
597 904
597 996
598 806
600 619
600 760
600 972
600 997
601 737
601 817
602 648
602 695
603 826
603 854
603 976
604 962
605 695
605 897
605 962
606 647
606 700
607 647
607 708
607 997
608 746
608 810
610 730
611 710
611 751
611 965
612 662
613 638
613 696
613 811
613 878
614 738
614 904
614 938
615 767
615 809
615 876
616 986
617 701
617 712
617 790
617 799
617 933
618 633
618 656
618 814
618 902
620 879
620 897
620 948
621 726
621 747
621 751
622 720
622 813
622 893
623 710
623 749
623 754
624 909
624 945
625 776
626 629
626 648
626 922
627 791
627 914
627 982
628 716
628 880
629 712
629 802
629 914
630 868
630 894
631 762
631 934
632 756
632 840
632 894
633 761
633 835
634 690
634 867
635 789
635 828
635 905
635 961
636 660
637 734
637 977
638 855
638 923
640 699
641 674
641 838
641 912
642 830
642 835
643 731
643 767
643 987
644 646
645 720
645 776
645 941
645 963
645 975
646 655
646 695
646 880
646 975
647 773
647 839
648 704
648 759
648 777
648 819
649 659
649 986
650 971
652 664
652 736
652 737
652 787
652 963
653 894
654 759
654 835
654 950
654 986
655 762
655 963
655 964
656 903
657 745
657 805
658 785
659 859
659 991
660 999
661 958
663 666
664 760
664 962
665 809
666 906
666 973
666 980
667 719
667 740
667 785
667 838
668 908
668 920
668 999
670 726
670 877
671 762
672 775
672 843
673 731
673 929
673 949
674 847
674 874
675 700
677 695
677 713
678 796
678 841
679 741
679 765
679 820
679 886
679 892
680 704
680 708
680 776
681 762
681 840
682 726
682 733
682 827
683 701
683 704
683 789
683 970
685 686
685 885
686 778
686 811
687 843
687 937
688 909
688 982
689 734
689 754
689 820
689 900
689 970
691 743
691 916
692 872
693 718
693 880
694 711
694 738
694 828
694 998
696 779
696 820
696 915
696 917
696 985
696 992
697 992
697 996
698 980
699 804
699 935
702 851
702 897
703 799
703 807
704 920
705 888
705 955
707 869
707 941
708 785
708 786
708 794
709 799
709 882
711 734
711 952
711 971
712 962
712 980
713 745
713 910
714 743
714 846
715 827
715 965
715 969
717 848
719 806
719 956
719 988
721 936
721 997
722 917
722 956
723 838
723 840
723 856
723 881
723 925
725 917
726 750
727 802
728 790
728 964
729 786
729 842
729 847
730 948
731 769
732 896
733 803
733 862
733 865
734 939
736 817
736 870
737 867
737 873
738 883
738 971
739 885
739 992
741 751
741 948
741 959
742 764
742 898
743 832
743 998
744 756
744 850
745 836
745 973
746 947
747 772
747 920
749 772
749 995
750 858
751 967
752 785
752 956
753 773
755 816
756 989
757 929
758 853
759 870
759 883
759 905
761 964
762 827
762 897
762 926
762 967
763 791
763 885
763 991
764 867
765 797
765 918
766 912
767 897
768 986
769 797
769 866
769 920
770 867
772 920
774 853
774 976
776 947
777 929
777 936
777 941
778 860
778 864
780 861
780 884
782 841
784 828
784 859
784 948
784 992
785 815
789 902
789 923
789 969
790 828
791 953
792 895
793 912
795 856
795 907
796 911
796 986
797 919
797 922
798 852
798 857
798 896
799 896
800 975
801 896
801 916
803 825
803 847
804 991
806 983
808 979
809 957
810 931
811 920
812 895
813 815
814 956
815 981
816 980
817 844
817 924
817 999
818 985
819 965
819 972
820 931
822 877
822 881
822 972
823 920
825 828
825 995
826 968
828 870
830 842
834 900
834 901
834 905
834 925
838 975
839 893
839 991
845 878
849 935
849 940
850 880
852 906
852 919
852 969
854 875
857 896
859 975
864 897
866 945
867 976
868 960
869 922
870 905
870 983
872 958
873 912
875 973
876 902
877 929
878 991
885 938
886 912
886 951
888 989
893 904
899 999
902 936
904 929
905 987
907 917
908 989
909 918
909 929
910 928
910 972
914 966
916 984
918 935
920 998
921 957
924 946
927 933
929 981
932 940
932 950
932 999
935 972
936 972
938 977
944 991
951 994
954 969
957 963
963 967
967 983
973 994
973 995
986 991
