0 293
0 368
0 500
0 570
0 695
0 698
1 177
1 306
1 480
1 503
1 727
1 925
1 937
2 46
2 102
2 183
2 331
2 620
3 63
3 228
3 365
3 480
3 540
3 583
3 711
3 725
3 788
4 181
4 228
4 544
4 563
4 600
4 849
5 123
5 406
5 573
5 768
5 839
5 864
6 133
6 291
6 432
6 564
6 697
6 735
6 778
6 817
6 851
6 914
6 972
7 100
7 347
7 667
7 982
8 15
8 827
8 882
9 105
9 196
9 472
9 530
9 589
9 595
9 896
9 924
10 68
10 90
10 168
10 470
10 618
10 685
10 709
10 965
11 53
11 175
11 206
11 316
11 526
11 589
12 269
12 721
12 752
12 779
12 906
12 973
13 177
13 328
13 342
13 599
13 678
13 743
13 751
13 876
13 898
14 289
14 450
14 575
14 878
14 958
15 49
15 223
15 357
15 430
15 505
15 546
15 695
15 856
16 225
16 306
16 602
16 766
17 44
17 224
17 873
17 949
18 22
18 96
18 99
18 122
18 128
18 182
18 402
18 437
18 531
18 677
18 745
18 747
18 786
18 943
18 946
19 101
19 126
19 388
19 687
19 928
20 73
20 151
20 219
20 234
20 305
20 446
20 937
20 966
21 359
21 384
21 588
21 949
22 101
22 144
22 154
22 200
22 309
22 339
22 369
22 384
22 421
22 451
22 463
22 545
22 633
22 641
22 697
22 827
22 866
22 965
22 992
23 123
23 132
23 177
23 221
23 284
23 299
23 450
23 487
23 678
24 159
24 272
24 315
24 376
24 511
24 550
24 668
24 797
24 912
25 36
25 383
25 478
25 518
25 640
25 800
25 967
26 312
26 585
26 647
26 664
26 692
26 728
27 455
27 581
27 589
27 639
27 793
27 847
27 922
27 984
27 994
28 181
28 219
28 299
28 433
28 646
28 652
28 794
29 32
29 34
29 170
29 422
29 725
29 828
29 918
30 234
30 272
30 644
30 676
30 919
31 100
31 287
31 390
31 451
31 456
31 588
31 628
31 995
32 41
32 272
32 285
32 460
32 569
32 775
32 802
32 843
33 168
33 207
33 365
33 597
33 612
33 936
34 72
34 481
34 504
34 972
35 427
35 502
36 68
36 234
36 343
36 463
36 628
36 670
36 727
36 844
36 853
36 876
37 209
37 479
37 669
37 898
38 216
38 232
38 526
38 592
38 621
38 687
38 909
39 299
39 312
39 413
39 604
39 624
39 669
39 715
39 723
39 765
39 883
39 971
40 321
40 341
40 907
40 993
41 118
41 428
41 451
41 455
41 704
41 789
41 794
41 870
41 984
42 94
42 100
42 157
42 298
42 594
42 625
42 676
42 761
43 47
43 122
43 159
43 547
43 799
43 814
43 834
43 850
44 65
44 195
44 641
44 743
44 822
44 886
44 932
45 149
45 604
45 660
45 740
46 49
46 71
46 445
46 619
46 678
46 968
47 177
47 213
47 215
47 294
47 556
47 843
47 990
48 66
48 169
48 756
49 503
49 593
49 737
49 791
50 272
50 915
51 59
51 96
51 176
51 222
51 320
51 428
51 436
51 682
51 820
52 678
52 972
53 151
53 249
53 428
53 711
53 974
54 82
54 121
54 162
54 199
54 756
55 291
55 461
55 583
55 784
55 887
55 921
55 942
56 247
56 539
56 589
56 770
56 925
56 946
56 986
57 680
57 838
57 878
57 959
57 978
57 979
57 980
58 127
58 152
58 156
58 355
58 359
58 366
58 540
58 750
58 843
59 354
59 623
59 726
59 786
60 116
60 178
60 479
60 752
61 154
61 560
61 679
61 916
62 425
62 439
62 596
63 194
63 402
63 991
64 211
64 379
64 451
64 506
64 582
64 719
64 792
64 796
64 999
65 81
65 217
65 274
65 469
65 482
66 98
66 243
66 293
66 444
66 592
66 711
66 773
67 691
68 166
68 192
68 379
68 681
68 799
69 189
69 287
70 167
70 537
70 669
70 820
71 116
71 210
71 638
71 815
71 878
71 888
72 255
72 556
72 561
72 821
72 894
73 183
73 541
73 646
73 763
73 777
74 268
74 392
74 470
74 531
74 667
74 769
74 822
75 917
76 477
76 481
76 571
76 593
76 651
76 668
76 827
76 886
77 232
77 363
77 479
77 628
77 629
77 725
78 280
78 963
79 208
79 264
79 681
79 900
80 91
80 238
80 378
80 572
81 217
81 256
81 341
81 577
81 668
81 703
81 706
81 771
82 120
82 201
82 437
82 583
82 829
82 894
83 119
83 145
83 333
83 382
83 386
83 499
83 609
84 133
84 138
84 158
84 165
84 166
84 200
84 278
84 288
84 383
84 388
84 446
84 537
84 555
85 115
85 382
85 706
85 845
85 898
86 212
86 213
86 265
86 382
86 772
86 774
87 295
87 773
87 789
87 877
87 900
87 983
87 999
88 136
88 415
88 568
88 634
88 698
89 119
89 210
89 223
89 283
89 412
89 862
90 265
90 676
90 743
90 805
90 983
90 988
90 990
91 316
91 427
91 473
91 525
91 738
91 920
91 930
91 952
92 185
92 503
92 752
92 850
93 124
93 169
93 385
93 568
93 920
93 929
93 984
94 234
94 705
94 822
94 857
95 756
95 832
96 331
96 357
96 600
96 637
96 642
97 307
97 592
97 731
98 262
98 507
98 611
98 817
98 891
98 944
99 167
99 331
99 464
99 496
99 680
99 833
99 948
100 132
100 258
100 318
100 347
100 372
100 379
100 453
100 777
100 982
100 999
101 206
101 531
101 979
102 300
102 347
102 873
103 215
103 274
103 280
103 290
103 291
103 324
103 852
104 115
104 173
104 303
104 425
104 436
104 484
104 528
104 661
104 723
104 743
104 950
105 414
105 423
105 441
105 521
105 583
105 737
105 905
105 942
105 961
106 220
106 222
106 354
106 442
106 683
106 899
106 914
106 929
107 114
107 431
107 468
107 562
108 270
108 537
108 595
108 645
108 810
108 834
109 429
110 976
111 339
111 363
111 372
111 404
111 432
111 536
111 539
111 920
112 116
112 203
112 272
112 992
113 311
113 569
113 610
113 632
113 694
113 740
113 935
114 840
114 995
115 304
115 354
115 368
115 389
115 396
115 480
115 587
115 677
115 889
116 302
116 554
116 906
116 987
117 136
117 407
117 536
117 998
118 763
118 769
118 894
119 323
119 403
119 535
119 543
119 567
119 568
119 831
119 844
119 928
120 228
120 234
120 266
120 640
120 740
120 745
120 968
121 206
121 272
121 490
121 752
122 486
123 235
123 333
123 603
123 653
123 680
123 725
124 514
124 842
124 852
124 924
125 192
125 247
125 420
125 680
125 692
125 760
126 230
126 354
126 360
126 585
127 144
127 394
127 562
127 682
127 802
129 153
129 159
129 188
129 290
129 464
129 636
129 941
129 983
130 141
130 157
130 251
130 388
130 922
131 341
131 450
131 487
131 547
131 884
132 172
133 419
133 756
133 835
133 884
134 147
134 158
134 494
134 517
134 544
134 645
134 751
134 860
134 891
135 836
136 240
136 604
137 390
137 455
137 854
138 712
138 835
138 886
138 972
139 211
139 249
139 927
140 393
140 567
140 634
140 662
140 768
140 822
140 831
140 840
141 525
141 615
142 320
142 323
142 621
142 679
142 900
143 697
143 808
143 891
143 933
144 221
144 665
144 847
144 882
145 203
145 454
145 463
145 606
145 632
145 680
145 914
145 934
146 238
146 251
146 385
146 591
146 606
146 795
147 180
147 460
147 880
147 896
148 168
148 389
148 535
148 647
149 697
149 849
149 894
150 231
150 311
150 402
150 658
151 192
151 599
151 688
151 693
152 228
152 644
152 966
153 191
153 430
153 524
153 832
154 350
154 631
154 671
154 875
154 997
155 249
155 455
155 728
155 770
155 900
155 909
155 921
156 159
156 665
156 688
156 750
156 944
157 277
157 302
157 360
157 709
157 746
157 789
157 874
157 975
158 186
158 341
158 408
158 604
158 913
159 214
159 366
159 639
159 768
159 797
160 249
160 443
160 595
160 647
160 874
160 880
160 911
161 168
161 546
161 982
162 306
162 403
162 436
162 793
162 928
162 972
163 299
163 560
163 731
163 857
163 879
164 524
164 550
164 595
164 631
164 686
164 847
165 440
165 793
165 803
166 367
167 272
167 419
167 587
167 604
167 628
168 177
168 547
168 821
169 640
169 657
169 860
169 925
170 301
170 337
170 522
170 603
170 803
171 183
171 474
171 490
171 621
171 647
171 861
172 891
172 965
173 277
173 404
173 408
173 481
173 879
174 182
174 224
174 448
174 937
175 252
175 717
175 858
175 991
176 225
176 291
176 372
176 608
176 863
176 917
176 978
177 293
177 408
177 713
177 822
178 250
178 384
178 467
178 576
178 957
178 994
179 279
179 398
179 508
180 269
180 635
181 309
181 517
181 978
182 376
182 464
182 576
182 677
183 217
183 655
183 677
185 584
185 936
186 351
186 787
186 813
186 951
188 393
188 587
188 794
188 849
188 893
188 899
189 690
189 790
189 815
190 457
190 701
190 791
190 974
191 740
192 208
192 316
192 497
192 622
192 677
192 690
192 734
192 781
192 786
192 938
193 288
193 367
193 530
193 722
194 322
194 357
194 397
194 548
194 716
194 911
194 916
194 917
195 659
195 668
195 809
195 936
196 503
197 292
197 368
197 423
197 466
197 601
197 683
197 691
197 818
197 956
198 234
198 396
198 941
199 243
199 480
199 899
200 299
200 474
200 900
200 969
201 481
201 520
202 303
202 627
202 871
203 281
203 324
203 446
203 458
203 634
203 703
203 780
203 786
203 793
203 864
203 915
203 976
204 212
204 576
204 730
204 831
204 946
205 246
205 257
205 417
205 545
205 549
205 791
205 929
206 222
206 235
206 272
206 472
206 525
206 556
207 226
207 327
207 695
207 709
208 337
208 521
208 766
208 767
208 956
208 983
209 229
209 292
209 684
210 340
210 370
210 395
210 957
211 217
211 306
211 345
211 540
211 988
211 993
212 250
212 387
212 439
212 453
212 457
212 547
212 628
212 991
213 268
213 273
213 575
213 852
214 463
214 583
214 654
214 967
214 991
215 331
215 424
215 618
215 822
216 395
216 410
216 467
216 647
216 652
216 775
216 910
217 264
217 777
217 802
217 839
218 414
218 449
218 464
218 718
218 720
218 784
218 847
218 891
218 950
219 277
219 497
219 895
219 902
220 349
220 637
220 679
220 963
221 274
221 448
221 661
221 987
222 343
222 574
222 923
222 956
223 230
223 427
224 378
224 457
224 545
224 807
225 305
225 439
225 769
225 840
225 907
226 442
226 473
226 539
226 604
226 645
226 857
227 334
227 480
228 300
228 547
228 557
228 598
228 721
228 803
228 899
228 975
229 244
229 365
229 444
229 781
229 863
230 309
231 380
231 437
231 843
232 285
232 460
232 568
232 806
233 510
233 908
233 922
234 395
234 659
234 866
234 969
235 288
235 645
235 768
235 960
236 409
236 505
237 531
237 548
237 592
237 619
237 979
238 579
238 776
238 846
238 905
239 417
239 470
239 545
239 900
239 902
240 396
240 907
240 943
241 341
241 472
241 526
241 558
241 825
241 996
242 369
242 416
242 715
242 843
243 244
243 549
243 813
243 896
243 907
243 947
244 437
244 644
244 768
244 781
245 318
245 370
245 672
245 681
245 692
246 682
246 798
246 843
246 881
246 912
246 991
247 337
247 403
247 543
248 532
248 586
248 693
248 976
249 254
249 274
249 313
249 680
249 697
249 849
250 257
250 599
250 611
250 780
250 881
250 978
251 351
251 354
251 439
251 538
251 552
251 625
251 761
251 793
252 390
252 667
253 501
253 545
253 555
253 614
253 826
254 575
254 803
254 875
254 994
255 295
255 489
255 693
255 796
255 811
255 892
255 957
256 502
256 723
256 752
256 977
257 268
257 345
257 492
257 579
257 625
257 731
257 927
257 994
258 283
258 340
258 343
258 999
259 280
259 345
259 896
259 963
260 270
260 392
260 428
260 640
260 679
260 731
261 831
262 496
262 996
263 463
263 666
263 797
264 627
264 805
264 886
264 982
265 338
265 408
265 542
265 627
266 343
266 523
266 717
266 735
266 791
266 798
267 425
267 547
267 631
268 571
268 936
268 964
269 439
269 514
269 572
269 636
269 810
269 849
270 427
270 433
270 565
270 592
270 656
271 447
271 773
271 884
271 909
272 347
272 450
272 534
272 784
273 306
273 492
273 563
273 594
273 674
273 961
274 337
274 339
274 473
274 764
275 299
275 732
275 942
276 661
276 698
276 759
277 457
277 496
277 753
277 846
277 969
278 556
278 592
278 620
278 683
279 296
279 357
279 676
279 869
279 903
280 462
280 902
280 924
281 447
281 461
281 547
281 984
282 465
282 523
282 570
282 753
282 759
283 397
283 413
283 480
283 537
283 706
284 288
284 448
284 934
284 966
285 398
285 589
285 599
285 800
285 915
285 989
285 997
286 327
286 368
286 855
287 417
287 622
287 744
287 929
288 401
288 418
288 460
288 579
288 597
288 669
288 883
289 539
289 886
290 387
290 598
290 641
290 744
290 818
291 306
291 844
291 854
292 337
292 380
292 614
292 730
293 318
293 337
293 480
293 805
294 557
295 500
295 657
296 451
296 646
296 864
297 609
297 646
297 780
298 578
298 805
299 302
299 339
299 386
299 471
299 804
300 531
300 560
300 575
300 587
300 633
300 862
300 890
300 895
301 425
301 434
301 523
303 377
303 524
303 582
303 730
303 761
303 812
303 945
304 675
305 306
305 428
305 468
305 686
305 693
305 703
305 853
306 401
306 545
306 731
306 996
307 316
307 393
307 432
307 524
307 712
308 580
308 644
308 777
308 821
308 906
308 928
309 619
309 701
309 709
309 909
310 342
310 517
310 522
310 696
310 747
310 807
310 816
311 415
311 417
311 440
311 499
311 843
311 867
311 891
312 449
312 577
312 702
312 981
313 362
313 456
313 879
314 445
314 636
314 985
315 352
315 358
315 374
315 389
315 520
315 704
315 888
316 444
316 555
316 662
316 693
317 518
317 528
317 799
317 902
317 954
318 459
318 825
318 925
319 327
319 526
319 719
320 495
320 551
320 631
320 684
320 692
320 693
320 719
320 721
321 527
321 605
321 651
321 675
321 898
322 452
322 583
322 890
323 482
323 674
323 719
323 870
323 923
323 947
323 963
324 369
324 376
324 394
324 653
324 768
324 844
325 387
325 539
325 546
325 721
325 732
325 809
325 926
326 484
326 572
326 707
326 830
326 992
327 465
327 801
327 912
328 367
328 496
328 567
328 595
328 974
329 532
329 589
329 664
329 939
330 421
330 597
330 669
330 903
330 951
330 973
330 996
331 355
331 416
331 428
331 446
331 456
331 861
331 926
332 869
333 726
333 981
334 337
334 829
334 872
335 350
335 378
335 418
335 466
335 540
335 691
335 761
335 926
335 988
336 341
336 377
336 396
336 570
336 677
336 742
337 635
337 801
337 861
338 372
338 958
339 422
339 457
339 780
339 830
339 939
339 961
340 365
340 534
340 556
340 764
340 830
340 849
340 927
341 347
341 434
341 474
341 557
341 834
341 857
342 823
343 503
343 581
344 652
344 791
345 415
345 622
345 863
346 369
346 517
346 648
346 827
347 371
347 465
347 480
347 665
347 753
347 777
348 495
349 368
349 522
349 763
350 646
350 692
350 849
350 869
351 469
351 497
351 627
351 804
351 822
352 368
352 977
353 364
353 503
353 603
353 881
353 892
354 400
354 457
354 744
355 375
355 415
355 563
355 568
355 659
355 672
356 358
356 741
356 767
356 808
357 511
357 823
357 849
357 919
357 929
357 944
358 461
358 517
358 697
359 610
359 698
359 739
360 488
360 525
360 834
360 871
360 879
361 362
361 400
362 766
362 915
363 465
363 531
363 590
363 922
364 601
365 369
365 547
365 852
366 390
366 412
366 502
366 552
366 923
367 396
367 577
367 648
367 690
367 797
368 446
369 638
369 812
370 421
370 870
371 785
372 551
373 403
373 490
373 794
373 841
374 490
374 622
374 704
374 781
374 801
375 565
375 656
375 759
375 911
376 511
376 565
376 579
376 949
377 596
377 878
377 916
377 957
378 705
378 854
379 455
379 534
379 583
379 967
380 487
380 720
380 872
381 451
381 543
381 606
381 724
382 453
382 792
382 850
382 949
382 985
383 698
383 941
384 524
384 540
384 663
384 753
384 949
385 510
385 936
386 817
386 894
387 482
387 697
387 891
387 964
388 645
389 590
390 752
391 545
391 874
391 894
392 403
392 460
392 463
392 573
392 680
393 525
393 660
393 809
393 903
393 960
394 420
394 429
394 550
394 656
394 831
395 416
395 693
396 552
396 979
396 995
397 475
397 814
397 858
398 415
398 422
398 652
398 781
399 442
399 487
399 564
399 600
399 873
400 450
400 497
400 516
400 535
400 711
400 715
400 772
400 840
400 897
401 406
401 439
401 540
401 754
401 792
401 908
401 946
402 464
402 563
402 626
404 791
405 719
405 731
405 881
405 969
406 750
406 945
407 637
407 668
408 423
408 427
408 625
409 482
409 603
409 719
410 606
410 867
411 660
412 420
412 639
412 816
412 820
412 851
413 745
413 942
414 536
414 782
414 834
415 489
415 564
415 883
416 418
416 481
416 637
416 764
416 861
416 922
417 670
417 802
417 932
417 944
418 534
418 566
418 658
418 696
418 872
418 902
419 738
419 820
419 878
420 558
420 593
420 715
420 833
420 868
420 968
422 604
422 631
422 895
423 523
423 552
423 801
423 931
423 942
424 434
424 654
424 670
424 730
424 863
425 893
426 499
426 639
426 713
426 798
427 564
427 789
427 794
427 856
428 490
428 993
429 441
429 720
429 743
429 998
430 466
430 483
430 740
430 985
431 777
431 863
431 896
432 478
432 559
432 560
432 649
432 749
432 812
432 960
433 551
433 682
433 858
434 521
434 816
435 629
435 824
436 463
436 491
436 869
436 889
436 907
437 509
437 639
437 791
437 851
437 873
438 506
439 461
439 470
439 592
439 896
439 919
439 971
440 639
440 834
440 977
440 997
441 592
441 712
441 955
442 596
442 686
442 738
442 809
443 464
443 809
444 610
445 752
445 806
445 862
446 494
446 625
446 705
446 738
446 770
446 888
447 466
447 518
447 744
447 773
447 985
448 552
448 736
448 829
448 968
449 620
449 637
449 683
449 841
450 476
450 492
450 577
450 636
450 723
450 784
450 798
450 948
451 483
451 791
451 861
451 908
451 919
452 503
452 586
452 827
452 906
453 509
453 831
453 855
453 989
454 487
454 614
454 860
454 871
454 930
455 641
455 686
455 768
455 899
455 906
456 642
457 530
457 611
457 633
457 792
457 898
458 645
458 669
458 809
459 468
459 504
459 629
459 698
459 708
459 980
460 530
460 567
460 675
460 759
460 778
460 890
461 557
461 773
462 715
462 993
463 656
463 859
463 907
464 519
464 616
464 823
464 865
464 885
465 555
466 510
466 562
466 680
466 682
467 529
468 592
468 756
469 532
469 576
469 848
469 988
470 526
470 527
470 706
470 745
470 772
470 791
470 903
470 906
471 559
471 699
471 841
471 871
471 990
472 488
472 657
472 705
472 792
473 956
473 978
474 484
474 548
474 823
474 895
474 931
475 675
475 678
475 817
475 835
476 537
476 939
476 944
477 484
477 679
477 786
478 691
478 700
478 888
478 976
479 784
479 828
479 933
480 486
480 578
480 765
480 858
480 874
481 632
481 733
481 966
481 983
482 648
482 817
482 958
483 551
483 803
484 638
484 792
484 866
485 919
485 981
486 570
486 742
486 869
487 725
487 792
487 807
488 675
489 520
489 735
490 513
490 600
490 676
491 698
491 815
492 774
492 931
493 516
494 529
494 909
495 648
495 753
496 840
497 610
497 680
497 711
497 836
497 983
498 519
498 590
498 697
499 787
500 649
500 713
500 935
501 661
501 718
501 974
502 656
502 763
502 795
502 814
502 952
502 968
503 619
505 565
505 570
505 705
506 876
506 985
507 509
507 523
507 747
508 603
508 878
508 882
509 513
509 547
509 643
509 693
509 738
509 773
509 780
509 802
510 598
510 933
510 940
511 541
511 590
511 608
511 740
511 752
511 853
512 804
512 835
512 895
513 663
513 697
514 990
515 638
515 925
516 656
516 765
516 814
516 847
516 856
517 762
517 783
517 830
517 885
517 905
517 939
518 752
518 872
519 537
519 559
519 746
519 798
519 831
519 881
520 556
520 631
520 733
520 907
521 667
522 955
523 661
523 705
523 780
524 631
524 748
524 769
524 881
525 552
525 751
525 807
525 957
525 991
526 795
527 626
527 749
527 775
527 937
528 533
528 832
528 992
529 615
529 650
529 785
529 972
530 566
530 583
530 604
530 652
530 790
530 800
531 671
531 879
532 559
532 584
532 670
532 893
533 955
534 623
534 681
534 886
534 944
535 692
535 764
535 834
536 633
536 993
537 689
537 697
537 842
537 972
538 658
539 610
539 692
539 748
540 788
540 996
541 824
541 918
542 584
542 779
542 999
544 689
544 866
545 670
545 802
545 883
546 768
546 946
547 574
547 775
547 992
548 592
548 806
549 708
549 918
550 580
550 649
550 765
550 781
550 822
550 861
551 781
551 830
551 951
552 832
553 589
553 649
553 684
553 872
554 758
554 761
554 905
555 592
555 714
555 811
555 834
555 849
555 891
555 991
556 635
556 835
557 942
558 824
558 887
559 753
559 777
560 759
561 603
561 617
561 626
561 971
562 633
562 725
562 769
563 691
563 800
564 568
564 612
564 650
564 661
564 691
564 729
564 841
565 678
565 789
565 865
566 616
566 981
567 674
567 732
568 572
568 733
568 765
569 648
570 637
570 812
570 835
571 579
571 619
571 739
571 819
571 832
572 586
573 721
573 749
573 959
573 985
574 664
574 979
575 580
575 617
575 643
575 780
575 826
575 979
576 678
576 845
576 913
577 617
577 709
577 750
577 900
578 862
578 898
579 898
579 999
580 660
580 705
580 910
580 963
581 911
582 780
583 983
584 750
585 595
585 792
585 812
585 854
585 885
586 730
586 743
586 914
587 607
587 622
587 916
588 605
588 710
588 796
588 797
588 915
589 735
589 736
589 987
589 997
590 640
590 649
590 756
590 768
590 908
591 967
592 607
593 617
593 701
593 793
593 869
593 942
594 722
595 675
595 944
595 973
596 749
596 933
596 944
596 993
597 801
597 848
599 814
600 800
600 906
601 753
601 960
602 616
602 707
602 841
602 925
602 981
603 676
603 807
604 706
604 858
605 759
605 871
606 664
606 884
606 889
606 961
607 663
607 732
607 869
607 935
608 651
608 664
609 622
609 720
609 843
610 716
611 732
611 887
611 912
611 954
612 656
612 819
612 977
613 852
613 967
613 994
614 653
614 714
614 718
614 771
614 828
615 643
615 679
615 831
615 870
615 875
616 625
616 634
617 704
617 861
617 869
618 814
618 934
618 976
619 725
619 760
619 950
620 759
620 941
621 674
621 917
622 713
623 743
623 790
623 948
625 940
626 736
626 812
627 696
627 825
627 828
628 840
629 958
630 741
630 830
631 983
632 807
633 742
633 836
633 945
634 855
634 874
634 938
634 949
634 967
635 697
635 887
636 714
636 756
636 864
638 676
638 716
638 816
639 688
639 750
640 725
640 820
640 971
641 670
641 784
641 828
641 834
641 856
642 657
642 726
642 744
642 779
642 797
642 997
643 854
643 880
643 958
643 966
644 995
645 754
645 862
645 947
645 986
646 722
646 863
646 972
647 990
648 654
648 670
648 696
648 730
650 777
651 773
651 913
651 973
652 714
652 836
652 900
653 862
653 877
654 703
655 844
655 885
655 922
655 988
656 690
657 660
657 714
657 728
657 778
658 661
658 685
658 745
659 738
659 824
659 875
660 707
660 868
661 701
661 838
661 850
662 842
663 753
663 890
663 944
665 952
666 681
666 816
667 868
668 855
668 860
668 979
669 869
669 901
671 833
671 891
671 903
672 738
672 848
672 868
673 785
674 694
674 898
674 990
675 826
675 936
675 955
676 823
676 824
676 853
677 754
678 959
679 831
679 858
680 749
680 841
681 717
681 793
681 920
681 955
682 973
683 711
684 746
685 786
685 819
686 908
686 928
687 733
688 759
688 840
689 730
689 816
690 811
690 965
691 964
692 764
692 775
692 839
692 880
693 872
693 911
694 780
694 806
694 842
694 861
695 732
695 830
695 876
696 936
697 972
697 981
698 799
699 729
699 834
700 837
701 897
701 922
702 710
702 965
703 894
703 954
704 751
704 840
704 962
705 815
705 823
705 824
705 951
706 789
706 976
706 979
707 723
707 828
707 859
708 757
709 950
710 878
710 962
711 731
711 858
712 861
712 913
713 741
713 814
714 914
714 954
715 846
716 846
717 787
717 790
718 841
718 961
719 741
719 759
719 785
720 745
721 753
722 730
722 787
722 838
722 943
723 883
724 731
724 960
725 794
725 902
725 956
725 959
726 813
726 904
727 750
727 856
727 875
727 881
727 998
729 810
729 835
729 942
729 973
730 849
730 866
730 943
732 852
732 855
732 957
735 754
735 791
736 772
736 820
736 898
737 916
738 918
738 920
740 857
742 813
742 890
742 963
743 764
743 990
744 787
745 904
745 979
746 909
749 755
749 818
750 792
751 887
752 782
753 773
753 788
753 868
755 821
756 883
758 875
758 897
758 943
759 772
759 782
759 799
759 965
760 798
762 768
763 774
764 824
765 768
766 770
767 833
767 889
767 943
769 800
769 891
769 893
772 839
772 871
772 943
773 921
775 849
776 818
776 934
776 949
778 847
778 919
779 821
779 990
780 869
780 890
780 988
781 856
781 934
782 825
782 838
782 992
783 839
783 885
785 936
786 793
786 930
787 808
787 816
787 981
787 987
788 882
788 973
789 991
790 970
791 822
791 870
792 903
792 947
792 954
792 980
792 982
793 864
793 978
793 993
794 802
794 979
797 812
797 852
797 873
797 944
799 818
799 951
800 820
800 844
800 858
802 846
802 955
805 902
806 974
808 984
810 861
810 896
811 900
811 931
814 975
818 865
822 938
826 978
827 981
828 924
830 864
830 947
830 962
832 951
833 938
833 960
834 929
834 930
834 981
835 954
837 895
838 939
839 855
841 954
842 868
842 870
843 885
843 904
844 922
844 955
844 996
848 861
849 923
849 955
850 982
851 984
852 989
853 995
854 985
855 930
858 865
860 994
860 996
862 978
864 962
865 901
869 874
869 978
870 879
871 941
873 978
874 995
876 916
879 905
880 975
881 894
881 977
882 989
883 965
884 918
884 974
888 913
889 902
889 933
889 992
893 932
894 924
895 951
902 944
903 960
904 911
906 932
917 945
917 986
920 923
924 961
925 966
925 983
927 935
932 939
933 940
933 972
934 976
938 943
939 949
940 947
944 948
946 984
947 950
948 983
950 966
950 995
955 990
956 985
960 978
960 983
964 998
973 989
