0 201
0 210
0 278
0 300
0 392
0 547
0 676
0 950
1 210
1 254
1 273
1 439
1 482
1 566
1 611
1 635
1 862
1 881
2 15
2 40
2 165
2 198
2 222
2 551
2 689
2 925
3 86
3 334
3 410
3 605
3 827
4 59
4 103
4 389
4 412
4 679
4 887
5 103
5 194
5 393
5 509
5 632
6 269
6 540
6 963
7 104
7 372
7 610
7 614
7 892
7 988
8 27
8 75
8 105
8 122
8 335
8 517
8 754
8 923
9 206
9 387
9 412
9 809
9 844
9 985
10 112
10 285
10 479
10 533
10 563
10 635
10 828
10 891
11 86
11 119
11 950
12 287
12 403
12 626
13 393
13 805
13 858
13 969
14 576
14 833
14 857
15 662
15 682
16 98
16 169
16 183
16 293
16 301
16 460
16 564
16 596
16 706
16 884
16 893
16 974
17 68
17 269
17 372
17 424
17 484
17 486
17 788
17 883
18 265
18 375
18 582
18 734
18 907
19 83
19 543
19 569
19 580
19 740
19 868
19 908
19 981
20 23
20 159
20 529
20 626
20 641
20 686
20 695
21 190
21 535
21 747
21 866
21 963
22 280
22 685
23 631
23 834
23 888
23 898
24 72
24 155
24 524
24 704
25 733
25 797
25 853
25 938
26 100
26 151
26 219
26 431
26 623
26 977
27 55
27 157
27 251
27 277
27 415
27 489
27 606
27 807
27 892
28 88
28 269
28 721
28 867
28 932
28 946
29 698
29 740
29 817
29 850
30 206
30 748
30 800
31 79
31 183
31 209
31 253
31 451
31 520
31 595
31 701
31 867
32 346
32 348
32 366
32 422
32 424
32 752
32 753
32 887
33 63
33 496
33 726
33 906
33 961
34 83
34 376
34 636
34 701
34 937
34 985
35 245
35 272
35 495
35 640
35 664
35 672
35 682
35 764
35 831
36 388
36 395
36 522
37 132
37 255
37 350
37 811
37 866
37 928
38 39
38 95
38 331
38 434
38 543
38 899
39 418
39 608
39 835
39 857
39 890
39 897
40 296
40 301
40 645
40 707
41 488
41 540
41 655
41 924
41 983
41 999
42 240
42 564
42 588
42 644
42 709
42 735
42 770
42 783
42 823
42 856
42 865
43 325
43 454
43 938
44 210
44 242
44 313
44 463
44 523
44 810
44 887
45 352
45 566
45 757
45 834
46 67
46 175
46 224
46 511
46 687
46 741
46 772
46 993
47 94
47 104
47 383
47 441
47 867
48 250
48 353
48 534
48 834
48 976
49 80
49 490
49 593
49 760
49 836
50 904
51 99
51 271
51 277
51 459
51 475
51 562
51 612
51 777
51 896
51 954
52 571
52 643
52 777
53 422
53 427
53 551
53 840
54 166
54 179
54 283
54 348
54 377
54 422
54 659
54 740
54 763
54 940
54 994
55 74
55 115
55 173
55 720
55 794
55 902
55 961
56 658
56 677
56 729
57 85
57 104
57 264
57 283
57 434
57 547
57 725
57 863
57 871
58 85
58 139
58 337
58 366
58 508
58 604
58 675
59 126
59 199
59 299
59 777
59 801
59 935
60 182
60 206
60 491
60 558
60 663
60 668
61 135
61 174
61 250
61 415
61 451
61 528
61 543
61 563
61 891
61 983
62 109
62 144
62 152
62 283
62 302
62 691
62 938
63 101
63 120
63 249
63 885
63 933
64 136
64 294
64 527
64 600
64 719
65 88
65 309
65 456
65 465
65 562
65 779
66 214
66 699
66 809
66 831
66 833
67 109
67 143
68 455
68 478
68 548
68 685
69 85
69 150
69 994
70 112
70 118
70 218
70 359
70 474
70 515
70 579
70 644
70 918
71 146
71 210
71 599
72 296
72 297
72 302
72 456
72 459
72 562
72 632
73 87
73 102
73 510
73 647
73 833
73 936
73 955
74 166
74 223
74 298
74 312
74 423
74 567
74 962
75 458
75 548
75 591
76 207
76 535
76 542
76 693
76 723
77 168
77 664
78 95
78 175
78 243
78 453
79 91
79 197
79 345
79 726
80 274
80 284
80 379
80 536
80 570
80 640
80 771
80 791
80 998
81 139
81 301
81 487
81 500
81 722
81 884
82 345
82 362
82 436
83 121
83 212
83 255
83 267
83 441
83 734
83 748
83 757
83 760
84 544
84 593
84 714
85 296
85 361
85 414
85 561
85 681
86 225
86 382
86 592
86 691
86 904
86 914
87 100
87 503
87 542
87 553
87 699
87 768
88 237
88 447
88 499
88 743
89 106
89 279
89 335
89 376
89 635
89 746
90 183
90 434
90 657
90 767
90 843
91 131
91 392
91 649
91 729
91 896
92 282
92 483
92 798
92 927
92 949
93 462
93 514
93 536
93 938
94 401
94 554
94 690
94 959
95 153
95 183
95 317
95 446
95 527
95 796
95 977
96 386
96 674
96 759
96 804
97 216
97 252
97 627
97 940
98 637
98 876
98 877
99 233
99 904
100 142
100 259
100 467
100 530
100 694
100 789
101 139
101 313
101 345
101 682
101 711
101 713
101 776
101 796
101 807
102 153
102 187
102 248
102 480
102 557
102 560
102 938
103 279
103 284
103 721
104 264
104 359
104 422
104 439
104 676
104 678
104 694
104 768
104 977
105 294
105 577
105 609
105 793
105 801
105 943
105 985
106 169
106 246
106 479
106 515
106 517
106 662
106 684
106 800
106 918
107 662
107 664
107 787
107 954
107 973
107 987
108 829
108 838
108 901
108 944
109 245
109 561
109 661
109 668
109 733
109 887
109 909
109 946
109 970
110 142
110 272
110 314
110 437
110 816
111 127
111 440
111 533
111 602
111 684
111 819
112 342
113 303
113 431
113 508
113 600
113 617
114 382
114 451
114 666
114 758
114 915
115 586
115 628
115 637
115 728
115 757
116 293
116 426
116 534
116 912
116 946
117 180
117 433
117 495
117 672
117 810
118 131
118 136
118 407
118 473
118 781
118 809
118 890
118 998
119 467
119 574
119 617
120 416
120 649
120 683
120 782
121 135
121 221
121 483
121 564
121 789
121 895
122 214
122 313
122 328
122 446
122 568
122 580
122 857
123 269
123 279
123 396
123 417
123 445
123 478
123 495
123 753
123 833
123 834
123 906
124 254
124 279
124 360
124 389
124 390
124 509
124 515
124 621
124 737
125 450
125 560
125 587
125 932
126 152
126 170
126 205
126 254
126 371
126 470
126 544
126 566
126 645
126 858
126 940
127 190
127 229
127 259
127 384
127 420
127 483
127 654
127 935
128 476
128 631
129 441
129 864
129 952
129 966
129 987
130 611
130 683
131 230
131 300
131 328
131 383
131 516
131 547
131 578
131 719
132 485
132 489
132 652
133 181
133 406
133 604
133 682
133 748
134 366
134 543
134 563
135 525
136 330
136 344
136 634
136 705
136 941
136 945
137 138
137 473
137 595
137 610
137 809
137 924
138 167
138 227
138 268
138 668
138 844
138 847
139 394
139 420
139 439
139 660
140 226
140 283
140 467
140 491
140 529
141 142
141 166
141 223
141 324
141 423
141 473
141 618
142 940
143 382
143 585
143 811
143 923
143 929
143 946
144 569
144 691
144 883
145 465
145 839
146 466
146 576
146 720
146 824
146 906
146 948
147 228
147 266
147 344
147 423
148 211
148 313
148 430
148 849
148 891
149 160
149 477
149 556
149 677
149 683
149 722
149 908
150 256
150 329
150 572
150 667
150 873
150 877
151 250
151 263
151 314
151 336
151 448
151 634
151 690
152 155
152 428
153 278
153 297
153 544
153 780
154 233
154 707
154 794
155 201
155 365
155 441
155 698
155 722
155 854
156 862
156 872
156 934
157 279
157 385
157 411
157 439
157 619
158 250
158 432
158 565
158 605
159 168
159 290
159 297
159 379
159 384
159 741
159 906
160 486
160 513
160 788
160 799
160 837
160 872
160 911
160 945
161 167
161 319
161 425
161 490
161 562
161 668
161 740
161 847
161 875
161 905
162 251
162 262
162 327
162 443
162 522
162 703
162 931
162 977
163 211
163 863
163 942
164 303
164 334
164 798
164 840
164 889
164 963
164 998
165 188
165 254
165 348
165 349
165 367
165 374
165 735
165 798
165 903
166 416
166 427
166 676
166 765
167 208
167 346
167 365
167 593
167 667
167 889
167 944
168 377
168 385
168 512
168 621
168 623
168 654
168 822
168 981
168 991
169 268
169 822
169 993
170 209
170 362
170 632
170 839
171 463
171 502
171 655
171 815
171 919
172 226
172 403
172 684
172 803
173 270
173 326
173 336
173 646
173 951
173 984
174 288
174 299
174 627
175 590
175 612
175 864
175 865
176 397
176 731
176 781
176 869
176 935
177 187
177 228
177 271
177 352
177 772
178 204
178 226
178 246
178 269
178 314
178 781
178 791
178 803
179 199
179 312
179 562
179 601
179 727
180 223
180 255
180 384
180 430
180 457
180 582
180 797
180 885
180 899
180 930
180 960
181 274
181 585
181 707
181 763
181 783
181 958
182 565
182 690
182 698
182 969
183 199
183 220
183 475
183 478
183 623
183 941
184 298
184 315
184 359
184 411
184 445
184 448
184 461
184 466
184 985
185 214
185 361
185 604
185 621
185 681
185 690
186 287
186 335
186 511
186 592
186 619
186 886
186 898
186 966
187 404
187 760
187 968
188 230
188 301
188 462
188 770
188 873
188 952
189 308
189 977
190 218
190 435
190 439
190 606
190 709
190 764
191 197
191 334
191 374
191 447
191 515
191 604
191 946
191 979
192 337
192 389
192 391
192 658
192 749
193 313
193 370
193 548
193 576
193 693
193 762
193 817
194 241
194 429
194 681
194 727
195 343
196 252
196 263
196 525
196 769
196 952
197 478
197 537
197 595
197 727
197 752
197 940
198 418
198 450
198 736
198 853
199 375
199 680
199 766
200 484
200 587
200 650
200 776
200 791
201 252
201 443
201 922
202 211
202 335
202 550
202 757
202 939
203 267
203 407
203 628
203 667
203 808
203 820
204 254
204 351
204 421
204 616
204 919
205 227
205 373
205 530
205 693
205 758
205 928
205 996
206 215
206 350
206 613
206 712
206 955
207 270
207 507
207 693
207 793
207 975
208 791
209 254
209 475
209 681
209 873
210 449
210 450
210 530
210 577
210 884
210 904
210 959
211 603
211 800
211 862
211 870
211 941
211 950
212 474
212 537
212 644
212 692
212 893
212 939
212 949
213 226
213 450
213 490
213 652
213 720
213 834
213 986
214 387
214 694
214 933
214 998
215 226
215 319
215 488
215 496
215 784
215 917
216 396
216 516
216 708
216 793
216 883
217 955
217 968
218 317
218 369
218 564
218 571
218 576
218 631
218 665
219 223
219 332
219 360
220 373
220 732
220 939
221 469
221 599
221 790
221 807
223 575
223 589
223 688
223 750
223 924
224 391
224 632
224 914
225 258
225 929
226 246
226 410
226 591
226 787
226 829
226 877
227 701
227 872
227 891
228 328
228 383
228 490
228 607
228 680
228 705
228 794
228 911
229 440
229 502
229 522
229 612
229 663
229 685
229 826
229 856
229 901
229 952
230 464
230 677
230 797
230 845
230 877
230 910
230 967
231 291
231 410
231 419
231 609
231 673
231 769
231 800
231 848
231 900
231 929
232 662
232 814
233 422
233 683
233 766
233 852
233 978
234 300
234 356
234 611
234 800
235 561
235 642
235 703
235 777
236 558
236 645
236 779
236 801
236 958
237 328
237 365
237 607
237 954
238 445
238 511
238 565
238 643
238 698
238 834
238 956
239 405
239 578
239 585
239 629
239 718
240 468
240 650
241 396
241 653
241 767
241 876
241 890
241 900
242 467
242 603
242 802
242 853
242 933
242 977
243 271
243 295
243 568
243 717
243 890
244 251
244 302
244 353
244 777
244 940
245 300
245 505
245 512
245 931
246 561
246 757
246 777
246 920
248 615
248 648
248 830
248 891
249 314
249 542
249 619
249 841
249 916
250 298
250 300
250 378
250 467
250 479
250 567
250 592
250 710
250 774
250 953
251 419
252 406
252 432
252 661
252 841
252 879
253 309
253 358
253 729
254 260
254 783
254 904
254 926
255 412
255 644
255 657
255 659
256 636
256 959
257 666
257 736
257 755
257 761
258 400
258 937
259 299
259 712
259 842
259 945
259 964
260 281
260 371
260 423
260 602
260 609
261 642
261 804
261 970
262 622
262 749
262 754
262 779
262 798
262 851
263 618
264 268
264 352
264 390
264 646
264 737
264 891
265 333
265 411
265 460
265 486
265 500
265 646
266 480
267 406
267 560
267 755
267 907
268 322
268 761
268 832
268 920
269 501
269 551
269 649
269 778
270 409
270 508
270 618
270 667
270 674
270 845
271 500
271 667
271 681
272 837
272 846
273 419
273 540
273 809
273 847
273 997
274 784
274 903
274 944
274 953
275 329
275 353
275 896
275 960
275 961
275 992
276 303
276 431
276 560
277 542
277 802
277 863
278 293
278 353
278 446
278 514
278 685
278 956
279 288
279 659
279 837
280 663
280 693
280 719
281 401
281 494
281 499
281 514
281 838
281 872
282 532
282 564
282 619
282 858
282 969
283 456
283 467
283 494
283 603
283 612
283 617
283 743
284 308
284 497
284 769
284 970
285 297
285 347
285 628
285 836
285 877
285 931
286 709
286 731
286 863
287 812
287 941
288 840
289 340
289 453
289 744
289 789
289 798
289 881
289 893
289 927
289 939
290 683
290 847
290 912
291 299
291 804
291 998
292 702
292 867
292 985
292 987
293 643
293 921
293 964
294 945
295 522
295 581
295 639
295 834
296 429
296 541
296 658
296 665
296 784
296 812
296 939
297 386
297 654
297 836
297 974
298 374
298 433
298 453
298 507
299 381
299 806
300 305
300 408
300 619
300 836
300 911
301 307
301 449
301 618
301 870
301 906
301 951
302 680
303 685
303 824
303 828
303 880
304 712
305 569
305 592
305 774
305 893
305 993
306 371
306 382
306 597
306 677
306 835
307 331
307 457
307 614
308 387
308 443
308 753
308 843
309 521
309 568
309 633
309 767
309 814
309 839
309 978
310 457
310 648
310 716
310 751
310 877
311 505
311 612
311 862
311 981
312 904
313 382
313 499
313 590
313 687
313 908
313 959
313 982
314 426
314 508
314 521
314 636
314 928
314 937
315 347
315 552
315 688
315 701
315 755
315 809
315 976
316 678
317 405
317 466
317 625
317 818
318 418
318 855
318 969
318 991
319 453
319 579
319 676
320 604
320 611
320 644
320 700
320 704
320 765
321 577
321 766
321 854
322 432
322 504
322 919
322 956
323 329
323 361
323 456
323 513
323 814
323 866
324 374
324 396
324 402
324 424
324 567
325 347
325 623
326 739
327 332
327 362
327 406
327 416
327 509
327 698
327 779
328 417
328 425
328 441
328 507
328 821
328 873
328 931
329 375
329 391
329 505
330 448
330 476
330 570
330 631
330 647
330 740
330 957
331 819
332 411
332 631
332 680
332 808
332 973
333 350
333 352
333 401
333 562
333 634
334 476
335 366
335 523
335 647
335 799
335 815
336 380
336 428
336 502
336 568
336 642
336 653
336 801
337 391
338 365
338 390
338 418
338 605
338 645
338 689
338 791
339 618
339 865
340 445
340 484
340 581
340 704
340 785
340 884
342 593
343 398
344 345
344 505
345 529
345 635
345 992
346 554
346 563
346 982
347 690
347 872
348 452
348 698
348 706
348 906
348 938
348 992
349 380
349 410
349 420
349 611
349 920
350 385
350 512
350 534
350 601
350 786
350 864
351 532
351 678
351 730
351 732
351 782
351 929
351 960
352 430
352 842
353 421
353 451
353 659
353 776
353 794
353 807
353 812
354 362
354 428
354 531
354 699
354 793
355 722
355 793
355 855
355 869
356 440
356 836
356 975
357 476
357 633
357 826
357 913
358 422
358 864
358 915
359 503
359 627
359 821
359 847
359 929
360 491
360 999
362 606
362 760
362 785
362 860
362 936
364 452
364 508
364 621
364 624
364 660
364 772
364 799
364 955
365 610
365 655
365 690
366 631
366 758
366 821
366 880
367 567
368 485
368 532
369 383
369 513
369 542
369 606
369 726
369 809
369 909
370 443
370 885
370 920
370 934
371 798
371 920
372 686
373 428
373 468
373 705
373 784
374 392
374 863
374 893
374 904
374 960
375 460
375 467
375 497
375 620
375 785
375 815
375 880
375 908
376 419
376 523
376 585
376 948
377 928
377 944
377 947
378 478
378 486
378 539
378 927
379 470
379 550
379 591
379 655
379 722
379 831
380 888
380 933
381 481
381 595
381 934
382 433
382 792
382 915
383 547
383 665
383 672
383 871
385 524
385 779
385 944
386 387
386 607
386 732
386 752
386 828
387 484
387 741
387 926
387 977
388 443
388 543
388 624
388 871
389 508
389 573
389 646
389 720
389 857
389 884
390 510
390 965
391 525
391 709
391 984
391 986
392 487
392 600
392 626
392 638
392 672
393 427
393 517
393 781
393 861
394 415
394 475
394 767
394 787
395 778
395 818
396 478
396 523
396 869
396 997
397 625
397 846
397 996
398 678
398 760
399 439
399 483
399 529
399 672
399 813
399 827
399 850
399 873
399 935
400 460
400 555
400 915
401 611
401 726
401 929
402 433
402 585
402 718
402 737
402 971
403 999
404 457
404 482
405 505
405 538
405 615
406 525
406 896
407 566
407 721
407 798
408 629
408 643
408 644
408 885
409 595
409 962
409 963
410 412
410 575
410 769
410 872
411 534
411 596
411 639
411 765
411 963
412 477
412 634
412 933
412 972
413 417
413 464
414 416
414 797
414 883
414 961
415 513
415 529
416 571
416 630
416 692
416 805
416 807
416 834
416 993
417 756
418 443
418 631
418 700
418 722
418 810
419 866
420 563
420 641
420 722
420 744
420 766
420 787
421 850
422 454
422 561
422 608
422 698
422 739
423 967
424 789
424 986
425 631
425 738
426 431
426 616
426 731
426 947
426 984
427 691
427 804
427 952
428 656
428 664
428 979
429 680
429 893
430 628
430 634
430 863
431 563
431 593
432 500
432 558
432 594
432 636
432 909
433 992
434 672
434 858
434 899
434 904
434 993
435 479
435 857
436 500
436 507
436 562
436 613
438 498
438 686
438 959
439 445
439 819
440 519
440 562
440 701
441 830
441 935
442 525
442 554
442 589
442 654
442 773
443 771
443 782
443 988
444 835
444 904
445 741
445 848
446 711
446 868
447 968
448 507
448 664
448 722
448 748
448 805
449 481
449 635
449 928
450 583
450 697
451 685
451 705
451 754
451 991
452 936
452 937
452 991
454 752
454 809
455 584
455 766
456 483
456 614
456 736
456 763
457 622
457 884
458 599
458 867
458 878
458 967
459 548
459 976
460 469
460 476
460 689
460 746
460 918
461 462
461 703
461 765
461 769
462 546
463 699
463 976
464 750
464 940
466 503
466 555
466 584
466 697
466 823
466 951
467 614
468 528
468 610
468 941
469 616
470 517
470 593
470 884
471 670
471 700
472 515
472 762
472 840
472 905
473 492
473 760
473 952
474 532
474 964
475 620
475 699
475 842
475 859
476 581
476 616
476 731
476 757
476 758
476 976
477 538
477 883
477 961
478 725
479 531
479 545
479 606
479 607
479 752
479 942
480 600
480 815
481 890
481 927
482 898
483 554
483 669
484 574
484 644
484 862
484 950
484 978
485 500
485 573
485 608
485 672
485 761
485 915
486 669
486 860
487 547
487 566
487 596
487 622
487 865
487 868
487 967
488 580
488 845
488 863
489 540
489 915
490 559
490 581
490 899
490 947
491 686
491 772
492 606
492 638
492 748
492 908
493 724
493 859
493 932
493 956
493 964
494 536
494 604
494 617
494 726
494 841
495 664
495 922
496 666
496 810
496 901
497 578
497 809
497 877
498 515
498 634
498 680
499 615
500 580
500 850
501 566
501 689
502 522
502 594
502 986
503 541
503 566
504 703
504 802
504 814
505 617
505 634
505 844
505 851
506 707
506 723
506 773
506 878
506 985
507 562
507 707
508 574
508 696
508 859
508 903
509 947
510 588
510 711
511 608
511 867
511 926
512 542
512 711
512 741
512 813
513 788
513 944
514 735
514 738
514 838
514 915
514 967
515 701
515 708
515 755
517 582
517 696
517 785
517 863
518 724
518 860
519 594
520 820
520 959
520 991
521 660
521 811
521 903
522 671
522 889
523 583
523 588
523 934
524 793
524 893
525 581
525 820
526 726
526 795
526 859
526 868
526 934
527 556
527 686
527 747
527 800
528 540
528 567
528 918
529 752
529 904
529 960
529 976
530 637
530 762
530 894
531 621
531 717
532 555
532 618
532 944
533 555
533 598
533 770
533 939
534 556
534 638
534 799
534 812
535 802
535 962
536 578
536 695
536 778
536 870
536 885
537 641
537 783
538 619
538 665
538 971
539 776
539 999
540 845
541 555
541 857
541 950
542 555
542 715
542 835
542 949
543 837
543 902
543 930
543 976
544 616
544 888
545 655
545 657
546 556
546 596
546 788
546 815
546 863
546 947
547 653
547 849
548 735
548 887
550 576
550 761
551 608
551 614
551 641
551 658
551 661
551 842
552 887
553 576
553 623
553 668
553 678
554 601
554 635
554 644
554 662
554 888
555 716
555 823
556 759
556 965
557 628
557 896
558 868
559 592
559 852
559 954
560 774
561 617
561 871
561 960
561 987
563 748
563 774
563 806
563 847
563 969
564 591
564 711
564 716
564 729
565 668
565 894
565 897
566 633
566 683
566 799
567 760
567 863
567 993
568 717
568 851
569 576
569 600
569 741
569 860
569 923
570 601
570 683
571 964
572 781
572 785
572 898
572 982
572 988
573 591
574 632
574 933
575 614
575 620
575 941
575 953
576 723
577 702
578 589
578 839
579 813
580 783
581 619
581 690
581 910
581 913
582 660
583 607
583 713
583 783
583 826
583 828
583 834
584 722
584 950
584 968
584 977
585 783
586 636
586 692
586 731
586 746
586 907
586 933
587 741
587 751
587 975
588 659
588 899
588 991
589 636
589 688
589 819
590 707
590 809
590 898
590 954
591 689
591 751
591 788
591 959
592 597
592 975
592 981
593 667
593 714
593 790
593 800
594 800
594 907
595 767
595 773
595 840
596 614
596 858
596 864
596 992
597 693
597 701
597 804
597 949
597 961
598 604
598 646
598 653
598 724
599 777
599 782
600 737
601 690
601 735
601 761
601 823
601 938
602 664
602 702
602 992
603 727
603 859
604 735
604 802
604 923
604 984
605 906
606 715
607 678
607 732
607 819
608 715
608 866
609 756
609 773
609 817
609 886
610 664
610 741
610 747
610 755
610 844
610 977
611 782
612 925
612 974
613 770
613 783
613 901
615 974
615 988
616 705
616 737
616 753
616 776
617 652
618 706
618 830
619 645
619 795
619 903
621 683
621 830
621 833
621 917
623 631
623 973
624 871
625 831
627 702
627 797
628 796
628 898
630 638
630 700
631 636
631 904
631 926
632 651
632 794
633 767
633 791
633 884
633 932
633 943
634 821
635 869
635 878
635 911
637 675
637 741
638 710
638 715
638 728
638 785
638 867
639 680
639 714
639 746
641 952
643 645
643 705
643 790
643 814
643 885
643 984
644 744
644 810
644 934
644 956
645 655
645 767
647 656
648 761
648 906
650 970
650 982
650 986
651 652
651 655
651 707
651 773
651 982
652 791
653 910
653 911
654 753
655 815
655 884
656 679
656 914
657 743
657 748
658 777
658 809
659 899
660 777
660 800
660 910
660 964
661 670
661 764
661 963
663 850
663 861
664 864
664 879
664 928
664 999
665 980
666 690
666 695
666 766
667 938
671 685
671 805
671 834
671 990
672 877
672 889
672 921
674 688
674 727
674 845
674 860
675 725
675 744
675 760
676 927
676 933
677 968
678 839
678 987
678 993
680 795
680 834
680 909
681 817
682 909
683 735
683 801
684 759
684 784
684 923
685 830
686 698
686 838
686 848
686 891
686 897
687 728
687 858
687 896
688 708
688 800
688 820
689 994
690 945
691 782
692 766
693 875
693 878
696 840
696 939
697 897
697 912
697 922
697 949
698 808
698 818
699 700
699 723
699 957
699 966
701 772
701 791
702 926
705 771
706 747
706 895
707 976
708 779
708 981
710 906
710 968
710 993
711 712
713 765
713 826
714 800
714 984
716 723
716 745
716 752
716 929
717 794
717 828
717 836
717 858
717 991
718 884
719 869
720 757
720 816
721 882
722 980
724 946
726 763
726 903
726 937
726 994
727 733
727 755
729 763
729 799
734 799
736 824
736 904
737 890
737 956
738 783
738 920
740 823
741 781
741 982
742 774
743 879
744 747
744 935
745 876
745 956
747 896
748 823
749 898
749 941
751 797
752 846
753 963
754 757
754 827
754 832
754 865
754 998
755 758
755 962
755 979
757 849
758 827
760 851
761 782
762 766
762 824
762 922
763 848
765 863
766 894
766 909
766 957
768 906
769 780
770 778
770 836
771 817
771 941
773 897
773 948
774 833
774 843
774 902
775 935
776 920
777 985
779 786
779 858
779 999
780 789
780 799
780 855
781 921
783 829
783 861
784 870
785 827
785 844
788 797
788 843
788 982
789 827
789 960
792 808
792 926
794 925
795 875
795 966
796 846
796 868
796 873
796 931
796 994
797 851
797 854
797 968
798 814
801 897
802 808
802 872
803 864
804 990
804 996
806 949
806 953
806 965
807 851
808 826
808 869
808 897
808 961
809 831
810 828
810 857
812 836
812 847
812 851
812 886
814 824
814 851
814 884
815 930
818 917
819 834
819 853
819 894
819 945
822 901
823 906
826 868
826 942
826 952
829 865
830 915
830 985
831 836
833 863
833 929
835 896
835 989
841 866
842 902
842 969
843 933
843 960
846 902
846 994
847 997
848 944
849 902
849 977
850 959
853 912
853 999
854 865
854 868
855 973
860 930
861 883
861 930
862 891
862 943
862 962
864 929
864 944
867 938
869 877
869 929
869 946
872 945
874 907
874 997
875 944
876 880
876 933
876 997
877 905
877 942
878 986
880 954
880 989
881 969
882 906
887 930
890 909
891 908
891 962
892 974
892 979
893 957
893 967
894 970
899 949
900 968
904 949
907 909
907 915
907 973
907 990
908 954
909 958
909 971
912 978
914 945
915 933
916 964
920 964
922 967
923 935
924 935
924 941
924 942
924 995
926 936
930 941
937 946
938 958
939 950
940 948
947 968
947 990
953 956
954 967
959 961
971 995
977 986
