0 182
0 217
0 295
0 442
0 735
1 108
1 246
1 554
1 910
1 974
2 737
2 886
2 937
2 947
2 971
3 176
3 384
3 837
4 282
4 294
4 307
4 434
4 576
4 604
4 617
4 775
4 843
5 54
5 530
5 571
6 182
6 188
6 195
6 292
6 353
6 374
6 702
6 734
6 838
7 82
7 313
7 966
8 428
8 521
8 568
8 602
8 622
8 660
8 669
9 78
9 170
9 185
9 831
9 987
9 998
10 17
10 432
10 561
10 945
10 963
11 13
11 171
11 350
11 479
11 493
11 700
11 792
11 917
12 81
12 386
12 515
12 985
13 250
13 311
13 596
13 639
14 37
14 404
14 742
14 825
15 298
15 361
15 381
15 388
15 503
15 541
15 636
15 947
16 186
16 414
16 557
16 738
16 789
17 464
17 786
18 46
18 54
18 364
19 109
19 579
19 698
19 933
20 274
20 575
20 612
20 714
21 30
21 235
21 418
21 525
21 874
22 42
22 74
22 528
22 570
22 586
22 958
23 190
23 224
23 319
24 552
24 640
24 821
24 888
24 988
25 63
25 296
25 317
25 557
26 33
26 105
26 457
26 697
26 704
26 857
27 203
27 301
27 320
27 380
27 427
27 485
27 602
27 656
27 738
27 790
28 79
28 218
28 287
28 493
28 541
28 672
29 217
29 922
29 933
30 146
30 330
30 632
30 702
31 398
31 446
31 573
32 968
33 63
33 108
33 312
33 412
33 445
33 456
33 501
33 777
33 788
33 957
33 965
34 40
34 78
34 135
34 138
34 311
34 753
34 758
34 952
35 96
35 221
35 895
35 960
36 276
36 426
36 677
37 115
37 230
37 254
37 261
37 299
37 566
37 631
37 691
38 182
38 216
38 489
39 200
39 391
39 401
39 552
39 617
39 710
39 724
40 378
40 513
40 535
41 57
41 175
41 532
41 608
41 802
41 842
42 70
42 401
42 643
42 702
43 141
43 165
43 254
43 271
43 292
43 447
43 922
43 999
44 378
44 492
44 626
45 60
45 90
45 131
45 327
45 352
45 576
46 56
46 336
46 468
46 472
46 588
46 642
46 655
46 765
46 891
46 932
47 167
47 281
47 440
47 562
47 899
48 309
48 347
48 959
49 89
49 132
49 208
49 755
49 980
50 423
50 664
50 755
50 809
51 65
51 82
51 284
51 338
51 365
51 492
51 508
51 553
51 688
51 759
52 181
52 188
52 313
52 353
52 627
52 641
52 930
53 63
53 380
54 460
54 555
55 107
55 332
55 937
56 87
56 222
56 854
56 997
57 203
57 434
57 484
57 588
57 600
57 664
57 820
57 833
57 973
58 288
58 294
58 705
58 781
58 958
59 201
59 525
59 555
59 586
59 660
59 713
59 857
59 982
60 315
60 498
60 588
60 888
61 169
61 272
61 296
61 324
61 465
61 687
61 718
61 900
61 999
62 125
62 527
62 622
62 744
62 868
62 900
63 91
63 261
63 268
63 683
63 873
63 954
64 99
64 130
64 709
65 302
65 477
65 534
65 686
66 204
66 286
66 342
66 712
66 743
67 115
67 548
67 584
67 647
68 183
68 204
68 525
68 588
68 674
68 907
68 991
69 237
69 281
69 310
69 545
69 591
69 794
69 885
70 109
70 136
70 295
70 537
70 548
70 581
70 632
70 685
70 837
71 136
71 291
71 331
71 376
71 396
71 446
71 487
71 512
71 585
71 738
71 771
71 885
72 238
72 463
72 677
72 783
72 933
73 165
73 171
73 266
73 505
73 905
74 568
74 674
74 823
74 866
74 870
75 352
75 665
75 963
76 338
76 477
76 482
76 514
76 909
76 943
77 193
77 318
77 419
77 555
77 965
78 161
78 278
78 431
78 616
78 740
78 946
79 342
80 93
80 172
80 349
80 382
80 543
80 551
80 591
80 642
80 784
80 877
80 932
81 145
81 642
82 305
82 506
82 747
82 931
83 432
83 502
83 511
83 536
84 194
84 249
84 548
84 644
84 676
84 679
84 733
84 788
85 132
85 210
85 219
85 347
85 399
85 738
86 330
86 485
86 555
86 564
87 197
87 229
87 326
87 337
87 462
87 517
87 548
87 617
87 752
87 811
88 337
88 342
88 644
88 688
89 147
89 292
89 320
89 359
90 112
90 321
90 517
90 837
91 372
91 718
91 748
91 904
91 905
92 112
92 118
92 200
92 589
93 327
93 491
93 831
93 950
94 98
94 214
94 545
94 819
95 124
95 143
95 451
95 840
95 924
96 133
96 202
96 314
96 524
96 551
96 754
97 429
97 485
97 853
97 990
98 191
98 361
98 674
100 171
100 228
100 547
100 629
100 648
100 998
101 433
101 555
101 628
101 916
102 283
102 646
102 729
103 208
103 314
103 708
103 745
104 168
104 677
105 389
105 726
105 731
105 850
106 300
106 746
106 987
107 465
107 697
107 807
107 931
107 962
108 414
108 881
109 294
109 400
109 419
109 444
109 911
109 980
110 376
110 413
110 526
110 643
110 931
111 352
111 783
111 831
111 867
112 179
112 561
112 729
112 735
112 746
112 862
112 995
114 117
114 219
114 311
114 396
114 584
114 593
114 697
114 821
115 148
115 298
115 310
115 351
115 452
115 464
115 786
115 972
116 118
116 216
116 341
116 581
117 474
117 846
117 895
118 840
118 863
118 878
119 137
119 143
119 215
119 256
119 659
119 905
119 972
120 164
120 263
120 399
120 486
120 654
120 664
120 667
121 414
121 416
121 451
121 575
121 716
121 770
121 835
121 871
122 774
122 831
122 955
123 295
123 579
123 858
123 987
124 153
124 448
124 547
124 632
124 782
124 955
125 239
125 263
125 328
125 336
125 368
125 497
125 501
125 582
125 856
125 943
126 212
126 865
127 196
127 391
127 454
127 472
127 582
127 942
127 956
128 270
128 372
128 373
128 589
128 645
128 652
128 969
129 130
129 658
129 797
129 848
129 890
130 333
130 335
130 425
130 565
130 616
130 690
130 722
130 727
131 199
131 244
131 276
131 296
131 332
131 392
131 600
132 222
132 265
132 460
132 491
132 549
132 586
132 888
132 901
132 932
133 370
133 760
133 918
134 200
134 223
134 297
134 612
134 882
135 138
135 143
135 240
135 316
135 395
135 553
135 851
136 571
136 617
136 632
136 641
137 603
137 802
137 836
137 911
138 290
138 293
138 399
138 466
138 486
138 718
138 959
139 405
139 827
140 246
140 344
140 636
140 730
140 811
141 228
141 607
141 682
141 696
141 723
142 204
142 457
142 830
143 163
143 883
144 155
144 376
144 502
144 573
144 757
144 840
144 844
145 649
145 747
145 986
146 179
146 270
146 360
146 479
146 552
146 680
146 751
146 895
147 566
148 244
148 348
148 714
148 879
149 354
149 945
150 307
150 461
150 522
150 924
151 368
151 581
151 620
151 669
152 230
152 263
152 555
152 660
152 696
152 849
153 438
153 525
153 535
153 634
153 852
154 250
154 297
154 343
154 781
154 985
155 216
155 344
155 353
155 413
155 452
155 464
155 485
155 708
155 766
155 848
156 706
156 844
157 247
157 326
157 415
157 480
157 482
157 771
157 773
157 868
157 936
158 189
158 239
158 348
158 715
158 823
158 842
159 372
159 405
159 571
160 167
160 248
160 367
160 390
160 397
160 491
160 528
160 612
161 324
161 502
161 509
161 650
161 689
161 870
162 168
162 926
163 310
163 338
163 419
163 558
163 564
163 637
163 780
163 953
164 266
164 296
164 553
164 652
164 754
164 826
164 977
165 213
165 216
165 510
165 551
165 584
166 270
166 279
166 589
166 619
166 755
166 778
166 858
167 239
167 247
167 342
167 343
167 538
167 723
167 751
167 960
168 317
168 352
168 563
168 568
168 960
169 184
169 280
169 368
169 904
169 960
170 562
170 594
170 616
170 924
170 927
171 338
171 440
171 738
171 867
172 204
172 569
172 774
172 843
172 892
173 350
173 527
173 565
173 574
173 664
173 934
173 941
173 982
174 345
174 362
174 513
174 826
175 267
175 690
175 792
176 923
177 265
177 329
178 202
178 560
178 770
178 908
179 313
179 413
180 340
180 575
180 637
180 650
180 692
180 773
181 330
181 568
181 638
182 205
182 338
182 394
182 712
182 889
183 227
183 310
183 687
183 759
183 812
183 866
183 910
184 195
184 640
184 931
185 214
185 238
185 478
185 495
185 627
185 650
185 801
185 950
186 447
186 526
186 625
186 802
187 189
187 207
187 420
187 509
187 664
188 306
188 325
188 364
188 647
188 690
189 348
189 440
189 516
189 545
189 639
189 750
189 970
190 322
190 479
190 581
190 753
190 831
190 889
190 946
191 280
191 808
191 844
191 942
192 263
192 706
193 300
193 334
193 339
193 501
193 679
193 834
193 912
194 306
194 358
194 548
194 669
194 696
194 890
194 919
195 398
195 618
195 722
195 777
195 983
196 710
196 875
196 899
197 255
197 301
197 318
197 402
197 417
197 523
197 557
197 922
197 948
198 283
198 362
198 595
199 245
199 354
199 386
199 432
199 512
199 626
199 679
199 763
199 813
199 864
200 206
200 349
200 547
200 575
200 970
201 224
201 447
201 453
201 572
201 650
201 734
201 963
202 243
202 286
202 298
202 320
202 329
202 375
202 818
202 940
203 420
203 507
204 207
204 376
204 672
204 717
204 866
204 958
205 438
205 443
205 479
205 836
205 964
206 264
206 424
206 510
206 513
206 626
206 774
206 930
207 833
207 866
207 967
208 225
208 245
208 309
208 454
209 242
209 260
209 307
209 355
209 652
209 669
209 810
209 941
210 446
210 526
210 540
210 686
210 836
211 558
211 599
211 690
211 838
212 314
212 347
212 388
212 687
212 785
212 921
212 929
212 969
213 338
213 603
213 959
214 572
214 715
214 796
214 812
214 815
214 970
215 239
215 278
215 515
215 571
215 581
215 663
215 691
215 718
215 863
215 965
215 967
216 375
216 575
216 711
216 757
216 816
216 822
217 517
218 358
218 474
218 602
218 940
219 354
219 355
219 777
219 794
219 891
219 994
220 361
220 385
220 430
220 477
220 818
221 296
221 328
221 783
221 980
222 353
222 646
223 324
223 518
224 444
224 523
225 297
225 532
225 784
225 851
225 944
226 309
226 819
226 830
226 930
226 987
227 284
227 806
227 858
228 230
228 511
228 864
229 380
229 925
229 929
230 355
231 389
231 451
231 763
231 794
232 498
232 547
232 701
232 775
232 966
232 982
233 319
233 365
233 377
233 448
233 589
234 252
234 258
234 316
234 403
234 444
234 463
234 583
234 701
234 771
234 842
235 305
235 338
235 499
235 937
235 993
236 264
236 493
236 504
236 711
237 395
237 822
237 889
238 348
238 564
238 806
239 431
239 478
239 588
239 621
239 639
239 648
239 676
239 725
239 758
239 846
239 857
239 958
240 456
240 571
240 574
240 636
240 825
240 834
240 889
241 284
241 376
241 808
242 349
242 370
242 403
242 490
242 548
242 675
242 732
242 772
243 629
243 760
243 955
243 957
244 339
244 533
244 594
244 769
244 976
245 319
245 372
245 496
245 508
245 650
245 702
246 582
246 912
247 289
247 442
247 511
248 287
248 321
248 611
248 647
248 762
248 946
249 627
249 680
249 721
250 464
250 512
250 606
250 663
250 765
250 784
251 436
251 562
251 833
251 857
251 866
251 885
252 289
252 735
252 904
252 955
253 700
254 520
254 852
254 950
254 961
254 973
255 352
255 710
256 351
256 537
256 549
256 608
256 808
257 337
257 527
257 557
257 601
257 632
257 636
257 703
257 849
257 948
257 982
258 483
258 751
258 791
258 977
258 980
260 607
261 550
261 654
261 760
261 773
262 289
262 559
262 751
262 928
263 893
263 945
264 559
264 603
264 663
265 298
265 527
265 543
265 738
265 875
266 303
266 541
266 851
266 962
266 989
267 458
267 608
267 680
267 765
267 859
268 500
268 962
268 967
269 815
269 856
269 882
269 992
270 317
270 408
270 552
270 676
271 277
271 281
271 300
271 556
271 793
272 273
272 351
272 641
272 744
272 852
273 340
273 483
273 496
273 533
273 543
273 714
273 784
274 554
274 845
274 897
275 277
275 464
275 539
275 563
275 682
276 507
276 599
276 663
276 669
276 674
276 798
276 854
277 351
277 406
277 466
277 488
277 533
277 536
277 618
277 652
277 763
277 869
278 315
278 553
278 856
278 973
279 637
280 359
280 403
280 559
280 715
280 940
280 972
281 456
281 510
281 549
281 777
282 317
282 356
282 437
282 492
282 539
283 721
283 793
283 801
283 832
283 900
284 472
284 473
285 291
285 321
285 448
285 593
285 837
286 325
286 420
287 358
287 410
287 551
287 597
287 754
287 772
287 936
288 329
288 416
288 463
288 627
288 676
288 697
288 815
288 933
288 934
289 483
289 522
289 622
289 656
289 736
290 432
290 730
290 904
291 728
291 810
291 813
291 826
291 844
291 912
291 977
292 515
292 598
292 651
292 695
293 416
293 509
293 771
293 791
293 875
294 816
294 829
295 431
295 577
295 593
295 640
295 728
295 747
296 360
296 880
296 948
296 978
297 548
297 687
297 976
298 748
298 771
298 837
298 856
299 342
299 543
299 619
299 866
300 356
300 505
301 483
301 552
301 582
301 795
301 857
301 895
302 646
302 844
302 904
302 924
302 993
303 378
303 404
303 718
303 942
304 367
304 514
304 656
304 784
304 787
305 665
305 721
305 903
306 440
306 499
306 681
306 748
306 801
306 912
306 959
308 671
309 453
309 499
309 530
309 539
309 678
309 795
309 819
309 938
309 989
310 344
310 348
310 684
311 828
312 344
312 647
312 706
312 734
312 750
312 757
312 765
312 839
312 862
313 412
313 494
314 487
314 580
314 645
314 961
314 991
315 444
315 526
315 549
315 758
315 793
315 921
316 613
316 772
316 881
317 492
317 573
317 964
317 971
318 515
318 632
318 701
319 426
319 449
319 534
319 572
319 598
319 898
320 502
320 541
320 639
320 685
321 371
321 677
321 834
321 895
321 915
321 967
322 326
322 463
322 621
322 799
322 875
323 686
323 744
324 460
324 483
324 523
324 668
325 492
325 560
325 599
325 667
325 991
326 523
326 544
326 730
326 780
326 795
326 864
326 991
327 349
327 426
327 545
327 807
327 892
328 470
328 497
328 998
329 559
329 640
330 364
330 470
330 505
330 788
330 799
330 824
331 392
331 400
331 706
331 780
332 378
332 419
332 459
332 711
332 734
332 747
332 965
333 588
333 774
333 967
334 579
334 897
335 369
335 695
335 894
335 921
336 985
337 889
338 445
338 536
338 699
338 928
340 434
340 450
340 679
340 743
340 747
340 775
340 903
340 905
341 377
341 412
341 458
341 470
341 706
342 568
342 682
343 505
343 580
343 882
344 775
344 969
345 510
345 587
345 740
345 973
346 474
346 598
346 803
346 904
346 981
347 438
347 531
347 809
347 815
348 548
348 564
348 809
348 811
348 837
349 362
349 390
349 458
349 572
349 642
349 652
349 688
349 883
350 800
351 404
351 492
351 580
351 672
351 752
352 413
352 839
352 877
352 965
353 628
353 764
353 790
353 891
354 534
354 575
354 892
355 606
355 914
355 940
356 498
356 681
356 767
356 842
356 927
356 997
357 449
357 878
358 524
358 630
358 648
358 979
358 980
359 569
359 664
359 784
359 848
360 548
360 576
360 595
360 694
360 929
361 512
361 682
361 794
361 835
362 455
362 483
362 648
362 700
362 838
362 866
363 537
363 912
364 855
364 879
364 880
364 931
365 369
365 400
365 617
365 775
365 868
365 902
365 977
366 414
366 703
367 456
367 830
367 876
367 964
368 482
368 588
368 633
368 735
369 472
369 620
370 457
370 559
370 591
370 649
370 667
370 722
370 762
370 914
371 506
371 575
371 586
371 889
371 990
372 483
372 532
372 647
372 664
372 912
373 795
373 833
374 567
374 645
374 651
374 761
374 780
374 870
375 450
375 512
375 717
375 805
376 796
376 848
376 880
377 886
378 424
378 475
378 544
378 721
379 460
379 779
379 871
379 876
380 387
380 502
380 727
380 760
380 795
380 895
381 428
381 619
381 640
381 699
382 540
382 558
382 620
382 665
382 957
383 820
383 846
383 870
384 512
384 578
384 895
385 818
385 827
385 907
385 965
386 509
386 525
386 655
386 902
387 428
387 531
387 535
387 579
387 690
388 452
388 516
388 589
388 789
388 839
388 982
389 574
389 832
389 850
390 511
390 524
390 719
390 965
391 919
392 421
392 630
392 774
393 430
393 631
393 778
393 903
393 951
394 460
395 429
395 578
395 670
395 786
395 853
395 951
395 987
396 473
397 830
398 428
398 559
398 797
398 910
399 400
399 837
400 577
400 855
400 888
400 904
401 548
401 697
401 886
402 846
403 509
403 751
403 860
404 572
404 613
404 646
404 675
405 473
405 516
405 890
406 622
406 642
406 663
406 932
406 989
407 662
407 760
407 898
408 707
408 879
409 733
410 447
410 638
410 725
412 666
412 757
412 842
413 557
413 767
414 482
414 652
415 436
415 438
415 458
415 565
415 641
415 651
416 520
416 728
416 785
416 981
417 476
417 671
417 691
417 817
417 848
418 465
418 469
418 550
418 566
418 612
418 646
418 697
418 911
419 529
419 578
420 430
420 553
420 700
421 466
421 646
422 539
422 691
422 930
423 468
423 472
423 573
423 941
424 528
424 539
424 953
425 624
425 650
425 772
425 927
426 433
426 486
427 518
427 617
427 626
427 731
427 848
427 953
428 620
428 765
428 986
429 913
430 588
431 457
431 664
431 723
431 817
432 560
432 579
432 580
432 829
432 835
432 952
433 528
433 550
433 650
433 788
434 438
434 512
434 932
434 962
435 519
435 599
435 779
435 799
435 844
436 481
436 630
436 691
436 718
437 470
437 509
437 512
437 612
437 738
437 930
438 494
438 778
438 834
439 532
439 746
439 811
439 837
439 893
439 984
440 455
440 491
440 500
440 523
440 562
440 730
440 932
441 569
441 736
441 777
442 706
442 803
442 842
442 869
443 524
443 736
443 832
444 512
444 543
444 678
444 720
444 834
445 809
445 868
446 521
446 659
446 880
447 686
447 711
447 749
447 828
447 845
447 924
448 667
448 693
448 695
448 702
448 877
449 613
449 877
449 895
450 708
451 468
451 469
451 547
451 587
452 535
452 547
452 751
452 847
452 888
453 477
453 671
454 523
454 905
454 985
455 597
455 809
456 674
456 736
456 846
456 964
457 502
457 534
457 704
457 790
458 596
459 608
459 641
461 913
462 607
462 846
462 922
463 493
463 926
463 981
463 999
464 661
464 713
464 825
464 868
464 886
466 586
466 819
466 898
467 510
468 672
468 991
469 576
469 618
469 727
469 791
470 500
470 657
471 865
472 480
472 542
472 582
472 607
472 667
473 844
473 989
475 639
475 694
475 791
475 900
475 919
476 790
476 861
477 587
477 661
477 777
477 905
477 990
478 496
478 997
479 522
479 618
479 958
479 978
480 487
480 609
480 844
481 623
481 984
482 614
482 783
482 797
482 834
483 516
483 737
483 804
483 929
484 496
484 735
484 859
484 957
485 528
485 754
485 893
486 566
486 875
486 976
487 629
487 635
487 643
488 579
488 630
488 739
488 901
489 537
490 500
490 694
490 977
491 530
491 625
491 660
491 776
492 627
492 691
492 814
492 933
492 996
493 507
493 561
493 563
493 900
493 980
494 511
494 980
495 692
495 751
495 834
495 873
496 546
496 827
497 759
497 860
498 507
498 608
498 737
498 800
498 855
498 890
498 893
498 906
498 990
500 604
500 686
500 745
500 791
500 798
500 800
500 822
500 882
500 941
501 748
502 795
502 870
502 914
502 979
503 511
503 541
503 749
503 913
505 507
505 631
505 770
506 558
506 602
506 672
506 811
506 822
506 836
506 933
507 705
507 816
507 900
507 999
508 749
508 940
509 521
509 533
510 692
510 963
511 521
511 883
511 924
511 976
512 594
512 796
512 873
513 527
513 528
513 637
513 920
514 734
516 650
516 680
516 694
516 696
516 988
516 998
517 813
518 629
518 639
518 685
519 534
519 670
519 869
520 543
520 622
520 744
520 783
520 785
521 608
521 619
522 749
522 885
522 948
522 978
523 645
523 999
524 759
524 929
525 821
526 546
526 760
526 797
527 571
527 839
527 843
527 963
528 568
528 648
528 833
528 994
529 948
529 961
529 972
530 988
531 581
531 663
533 570
533 592
533 599
533 646
533 664
533 908
534 546
534 716
535 637
535 669
535 677
535 721
536 834
537 742
537 794
538 555
538 710
538 846
538 901
538 947
539 761
539 800
539 863
539 892
539 944
540 652
540 792
540 799
540 861
541 868
542 631
543 554
543 560
543 642
543 960
543 988
544 586
544 589
544 614
544 713
544 933
545 750
545 857
545 889
546 738
546 857
547 619
547 692
547 742
548 721
548 742
548 967
549 566
549 640
549 708
549 866
549 987
549 988
550 915
550 919
551 816
551 835
553 609
553 779
554 852
555 576
555 621
555 705
555 795
556 885
557 704
557 958
558 613
558 779
559 708
559 833
559 884
559 901
559 987
561 713
561 790
561 861
562 981
563 619
563 620
563 869
565 942
565 997
566 590
566 715
566 966
567 655
568 794
568 927
568 946
569 700
569 780
569 835
569 991
570 849
570 974
571 634
571 719
572 699
573 664
573 985
573 986
574 628
574 780
574 937
575 642
575 709
576 612
576 628
577 786
578 595
578 768
578 793
579 973
580 790
580 866
580 914
580 921
581 860
581 985
582 798
582 980
583 694
583 785
583 878
584 664
584 725
584 784
584 879
585 787
585 923
585 953
585 961
587 599
587 693
587 706
587 771
587 775
588 774
588 803
588 844
588 941
589 775
589 892
590 621
590 835
590 965
591 732
591 801
592 603
592 797
592 802
593 734
593 785
593 859
593 970
594 614
594 795
595 890
595 956
596 859
596 879
596 884
596 950
597 607
597 879
597 905
597 927
598 615
599 711
599 719
599 843
599 890
600 609
600 615
600 674
600 705
600 868
600 927
601 898
602 711
602 743
602 775
602 838
603 762
604 800
605 749
605 760
605 829
605 915
606 856
606 926
608 749
608 766
608 775
609 661
609 792
610 621
610 685
610 872
611 999
612 629
612 900
612 926
613 736
613 782
613 795
613 805
613 906
614 889
615 626
615 965
615 971
616 826
616 936
617 627
617 681
617 923
617 965
618 980
619 653
619 769
619 798
619 905
620 788
620 845
620 902
621 672
621 858
621 926
621 946
621 988
622 654
622 755
622 919
622 975
623 669
623 881
623 980
624 940
625 750
626 960
626 983
627 836
627 879
628 905
628 993
629 670
629 696
629 959
630 747
630 780
630 856
631 840
632 810
632 959
634 657
635 784
635 843
635 898
636 915
638 822
639 646
639 883
639 917
639 929
641 685
641 864
641 968
642 774
642 785
642 932
643 734
643 865
644 796
644 941
645 726
645 730
646 820
646 897
647 692
647 848
648 724
648 759
648 996
649 691
650 684
650 719
650 799
650 939
651 753
651 780
652 692
652 772
652 948
653 717
653 763
653 769
653 973
655 819
655 956
656 668
657 708
657 859
657 926
657 948
658 954
658 980
660 667
660 866
660 892
661 798
661 924
663 947
664 885
664 927
666 717
666 947
667 920
667 940
668 713
668 726
668 793
669 677
669 679
669 732
669 763
669 965
669 985
670 838
671 765
672 915
673 689
673 848
673 854
674 858
674 870
676 815
677 740
677 866
679 749
679 827
679 875
679 938
680 772
680 873
682 943
683 759
683 913
684 848
685 756
685 789
686 949
687 752
687 772
687 838
688 804
688 894
689 754
689 936
690 949
692 810
694 775
694 787
696 853
697 739
697 884
697 951
698 987
699 778
700 834
701 747
702 741
702 882
703 840
704 912
706 759
707 891
707 918
708 961
709 967
711 819
712 731
712 842
712 923
715 822
715 852
715 965
716 884
716 919
716 967
717 766
717 919
717 976
718 978
719 846
720 760
720 897
721 908
722 753
722 819
722 915
723 863
723 904
723 989
724 968
726 836
726 932
728 944
730 764
731 946
732 777
732 888
733 956
734 756
734 955
735 940
735 972
735 984
737 776
737 828
739 844
740 757
740 899
740 999
741 787
742 935
743 813
743 918
744 906
745 759
745 871
746 875
746 918
747 769
747 991
749 824
750 785
750 860
751 966
751 985
753 761
753 905
755 830
755 933
756 868
756 889
756 977
757 823
757 936
761 865
763 785
763 873
763 894
763 942
764 779
764 793
764 874
765 794
766 918
767 830
768 826
771 828
771 953
771 957
773 861
774 783
774 799
774 906
775 841
776 787
777 884
777 903
777 960
778 784
778 913
780 946
781 836
781 882
783 918
784 962
786 831
789 945
791 866
791 971
792 939
794 870
794 883
794 914
795 859
796 851
796 890
796 935
797 823
797 874
798 896
798 939
803 867
804 854
804 902
805 889
807 810
808 908
812 897
813 854
813 864
813 930
813 935
814 817
815 851
815 899
815 900
815 927
816 912
819 958
820 824
820 918
820 998
821 935
822 837
822 933
823 865
825 955
825 993
826 919
827 873
827 982
828 883
828 972
829 945
830 961
831 938
835 838
835 858
836 894
837 921
838 996
839 924
839 969
840 937
840 992
841 870
841 982
842 913
844 898
845 877
846 944
847 922
848 920
848 931
849 855
851 912
851 922
852 904
853 893
854 999
856 888
857 884
861 891
862 989
864 883
865 904
866 990
867 931
867 977
869 914
871 885
874 987
875 969
880 926
881 898
881 995
884 930
885 900
885 985
887 930
889 926
889 931
889 945
891 942
891 960
897 996
901 919
902 944
906 942
908 949
910 928
911 928
918 921
921 924
922 928
925 934
928 963
928 985
931 964
932 979
938 956
940 955
943 982
943 993
944 988
946 966
947 989
948 969
949 980
959 983
973 987
982 991
982 995
