0 202
0 304
0 470
1 23
1 240
1 346
1 367
1 709
2 5
2 110
2 470
2 554
2 627
3 116
3 242
3 608
3 685
3 737
3 955
3 966
4 178
4 253
4 378
4 391
4 615
4 669
4 767
4 875
5 167
5 272
5 328
5 417
5 452
5 512
5 653
5 772
5 791
5 871
6 253
6 269
6 451
6 718
7 211
7 384
7 512
7 532
7 742
7 811
7 894
7 960
8 87
8 143
8 520
9 253
9 257
9 448
9 625
9 901
9 958
10 87
10 96
10 170
10 415
10 515
10 600
10 844
10 897
11 332
11 438
11 507
11 751
12 153
12 456
12 460
12 479
12 551
12 605
12 640
12 709
13 173
13 449
13 541
13 696
13 724
13 772
13 981
14 137
14 324
14 547
14 596
14 721
14 911
14 935
15 866
16 65
16 86
16 109
16 236
16 252
16 302
16 520
16 523
16 594
17 476
17 686
17 756
17 811
17 890
18 136
18 389
18 421
18 614
18 813
19 124
19 177
19 752
19 890
20 210
20 549
20 975
21 68
21 234
21 625
21 635
21 694
22 289
22 297
22 344
22 365
22 439
22 471
22 584
23 129
23 130
23 327
23 895
24 58
24 363
24 733
24 808
24 885
24 895
24 951
25 251
26 193
26 683
26 761
26 814
26 891
26 998
27 162
27 267
27 645
27 777
27 878
28 567
28 720
29 41
29 66
29 310
29 439
29 751
29 753
29 833
29 956
30 55
30 167
30 250
30 772
31 120
31 276
31 279
31 361
31 494
31 746
32 69
32 272
32 354
32 481
32 686
32 723
32 743
32 768
33 154
33 165
33 267
33 717
33 814
33 962
34 236
34 755
35 66
35 150
35 421
35 615
35 720
35 908
36 43
36 182
36 373
36 514
36 625
36 675
36 937
37 152
37 202
37 208
37 588
37 597
37 608
38 68
38 301
38 310
38 582
39 650
39 685
39 818
39 949
40 852
41 115
41 266
41 357
41 489
41 983
42 117
42 156
42 267
42 295
42 507
42 705
42 829
42 830
42 840
42 920
42 993
43 53
43 85
43 108
43 256
43 297
43 302
43 383
43 514
43 717
43 771
43 817
44 75
44 260
44 299
44 417
44 801
45 123
45 204
45 335
45 416
45 450
45 720
45 892
45 901
46 165
46 452
46 514
46 701
47 75
47 238
47 242
47 281
47 742
47 768
48 509
48 619
48 832
49 70
49 549
49 560
49 605
49 713
49 767
49 941
49 962
49 993
50 108
50 155
50 233
50 327
50 335
50 694
50 933
50 946
51 93
51 204
51 222
51 693
51 740
51 805
52 345
52 357
52 411
52 481
52 790
52 864
52 892
52 894
52 954
53 197
53 477
53 504
53 538
53 779
53 795
53 922
54 65
54 415
54 475
54 522
54 523
54 545
54 767
54 874
55 202
55 475
55 676
56 112
56 435
56 482
56 613
56 698
56 787
57 112
57 456
57 469
57 475
57 654
57 711
57 720
57 731
57 803
57 863
58 283
58 288
58 968
59 247
59 428
59 482
59 515
59 779
59 937
60 135
60 326
60 622
60 674
60 800
60 826
60 869
60 938
60 956
61 65
61 898
62 290
62 417
63 152
63 222
63 245
63 282
63 287
63 618
63 708
63 791
63 861
63 881
63 979
64 179
64 632
64 691
64 913
64 951
65 231
65 288
65 293
65 407
65 881
66 67
66 428
66 491
66 527
66 533
66 784
66 958
67 121
67 237
67 292
67 370
67 508
67 782
68 107
68 166
68 274
68 292
68 593
68 690
68 777
68 787
68 893
68 998
69 707
69 962
70 100
70 142
70 200
70 414
70 534
70 671
70 805
71 77
71 196
71 423
71 488
71 500
71 535
71 637
71 842
71 847
72 82
72 202
72 595
72 767
72 957
73 85
73 213
73 238
73 529
73 881
73 898
73 920
73 973
74 179
74 335
74 428
74 717
74 740
75 127
75 301
75 451
75 693
75 972
76 223
76 464
76 551
76 657
76 699
76 933
77 138
77 880
77 961
78 678
78 761
78 829
79 259
79 458
79 561
79 658
79 779
80 293
80 300
80 428
80 881
81 272
81 657
81 661
81 683
81 712
81 750
81 813
81 939
82 235
82 317
82 605
82 711
82 918
83 468
83 758
83 801
83 980
83 993
84 343
84 371
84 426
84 615
84 792
84 943
85 160
85 318
85 415
85 657
85 977
86 247
86 518
86 746
87 305
87 433
87 787
88 138
88 167
88 216
88 379
88 432
88 673
88 701
88 810
88 941
88 954
88 977
89 131
89 244
89 363
90 180
90 276
90 330
90 645
90 759
91 128
91 233
91 313
91 443
91 639
91 660
91 814
91 941
92 98
92 287
92 387
92 590
92 905
93 212
93 389
93 398
93 437
93 442
93 495
93 876
93 907
93 967
94 254
94 262
94 694
94 711
94 894
95 157
95 848
95 979
96 415
96 443
96 466
96 842
97 246
97 283
97 324
97 366
97 781
97 796
97 863
97 870
97 990
98 661
99 459
99 541
99 629
100 215
100 350
100 406
100 506
100 614
100 832
101 230
101 285
101 304
101 359
101 389
101 598
101 639
101 988
102 162
102 487
102 660
102 733
102 765
102 800
102 891
103 124
103 448
103 774
104 525
104 555
104 695
104 998
105 399
105 790
106 563
106 583
107 200
107 303
107 604
107 946
108 124
108 204
108 592
108 646
108 721
108 878
109 463
110 432
110 488
110 996
111 186
111 422
111 476
111 667
111 671
111 712
111 946
111 950
112 294
112 478
113 115
113 175
113 372
113 661
113 717
113 882
113 918
114 163
114 195
114 241
114 289
114 431
114 543
115 128
115 229
115 239
115 499
115 861
116 371
116 390
116 417
116 580
116 694
116 882
116 953
116 977
117 266
117 372
117 533
117 645
117 670
118 336
118 758
118 784
119 190
119 386
119 443
119 471
119 765
120 383
120 406
121 249
121 274
121 552
121 744
121 939
122 191
122 344
122 681
122 784
123 153
123 251
123 615
123 839
124 223
124 315
124 620
124 977
125 219
125 229
125 270
125 521
125 642
125 803
125 884
126 197
126 221
126 294
126 468
126 550
126 843
127 494
128 158
128 189
128 285
128 557
128 577
128 603
128 645
128 721
128 835
129 209
129 393
129 397
129 540
129 624
129 952
130 424
130 643
130 770
130 882
130 995
131 205
131 438
131 538
131 725
131 761
131 775
132 347
132 580
132 707
132 988
133 147
133 180
133 218
133 284
133 429
133 693
133 796
133 945
134 216
134 540
134 565
134 731
135 183
135 194
135 504
135 716
135 831
135 983
136 286
136 330
136 382
136 387
136 576
136 679
137 229
137 427
137 477
137 494
137 576
137 636
137 810
137 965
137 982
138 219
138 363
138 408
138 695
138 777
138 941
139 170
139 216
139 335
139 868
139 909
139 976
140 389
140 390
140 394
140 586
140 858
140 992
141 367
141 420
141 618
141 683
141 732
141 794
141 807
141 974
142 492
142 621
142 918
142 930
143 154
143 607
144 421
144 585
144 742
144 921
145 234
145 269
145 305
145 322
145 519
145 963
146 194
146 217
146 294
146 631
146 867
147 445
147 474
147 479
147 539
147 612
147 620
147 854
147 966
147 996
148 290
148 301
148 338
148 358
148 411
148 448
148 965
149 627
149 667
149 949
151 289
151 837
151 846
151 928
151 967
152 423
152 443
152 769
152 858
152 929
152 947
153 311
153 369
153 467
153 613
153 665
153 782
153 847
153 861
153 921
153 972
154 303
154 359
154 449
154 521
154 705
154 768
155 237
155 372
155 443
155 503
155 592
155 667
155 801
155 869
156 360
156 837
156 988
156 999
157 266
157 413
157 422
157 477
157 488
157 768
158 330
158 850
158 919
159 296
160 324
160 376
161 180
161 309
161 733
161 806
161 881
161 950
161 955
162 215
162 265
162 616
162 702
162 785
162 898
163 350
163 549
163 625
164 734
164 878
164 989
165 168
165 639
165 726
166 173
166 281
166 359
166 360
166 441
166 567
166 842
166 857
166 993
167 306
167 506
167 614
167 659
167 661
167 690
167 762
167 998
168 174
168 400
168 535
168 633
168 668
168 851
169 173
169 226
169 391
169 452
169 576
169 606
169 608
169 677
169 786
169 794
169 822
170 285
170 292
170 676
170 919
171 303
172 858
173 454
173 462
173 622
173 638
173 692
173 801
173 917
173 966
174 265
174 429
174 464
174 501
175 333
175 411
175 591
175 700
175 717
175 974
176 252
176 662
176 730
176 960
177 345
177 507
177 539
177 548
177 575
177 601
177 627
177 929
178 884
178 983
179 277
179 380
179 554
179 733
179 889
179 987
180 441
180 463
180 509
180 552
181 494
181 937
181 980
182 186
182 543
182 573
182 799
182 807
182 813
183 257
183 360
183 957
184 313
184 354
184 578
184 715
184 830
184 976
185 822
185 905
186 493
186 668
186 748
186 889
187 726
187 745
187 796
187 805
187 830
187 846
187 879
187 994
188 455
188 705
188 964
189 230
189 307
189 457
189 748
190 805
191 360
191 372
191 762
191 960
192 480
192 585
192 825
193 205
193 485
194 466
194 566
194 634
194 714
194 810
195 509
195 690
195 880
195 964
196 236
196 504
196 820
196 856
197 333
197 448
197 531
197 695
197 965
197 984
198 378
198 382
198 406
198 556
198 600
198 961
199 319
199 323
199 410
199 492
199 778
199 918
200 362
200 586
200 736
200 776
200 945
201 219
201 314
201 324
201 445
201 555
201 718
202 305
202 647
202 937
203 236
203 282
203 418
203 483
203 604
203 645
203 662
203 690
203 873
203 902
203 941
204 236
204 272
204 325
204 432
204 723
204 732
204 792
205 303
205 310
205 365
205 409
205 593
205 676
205 968
206 598
206 668
206 928
207 335
207 622
207 658
207 664
207 756
208 327
208 400
208 603
208 750
208 884
209 223
209 341
209 384
209 447
209 495
209 523
209 616
209 820
209 841
209 876
210 217
210 258
210 390
210 751
210 839
211 447
211 457
211 600
211 633
211 904
212 283
212 774
212 798
212 849
212 897
212 937
213 217
213 259
213 502
213 558
213 955
214 234
214 245
214 299
214 476
214 713
214 768
215 458
215 479
215 567
215 657
215 940
216 300
216 703
216 722
216 985
217 469
217 623
217 812
217 983
218 534
218 679
218 948
218 966
219 368
219 575
219 672
219 994
220 278
220 612
220 802
220 937
220 947
220 958
220 969
220 983
221 283
221 479
221 934
221 938
222 273
222 299
222 359
222 541
222 572
222 636
222 942
223 301
223 442
223 454
223 958
225 316
225 336
225 367
225 560
225 776
225 824
225 830
225 832
225 867
226 347
226 548
226 789
226 941
227 230
227 526
227 556
227 608
227 780
227 982
228 281
228 460
228 756
228 771
228 964
229 508
229 528
229 538
229 640
229 871
229 916
230 249
230 308
230 359
230 518
230 695
230 902
231 791
232 320
232 353
232 543
232 630
232 952
233 236
233 327
233 554
233 583
233 675
234 414
234 737
234 845
234 997
235 244
235 248
235 465
235 504
235 508
235 525
235 683
235 764
236 554
236 575
236 729
236 731
236 952
237 469
237 558
237 590
237 609
237 665
238 468
238 537
238 609
238 645
238 843
238 996
239 358
239 434
239 565
239 873
239 917
240 249
240 254
240 263
240 347
240 828
241 260
241 572
241 614
241 675
241 740
242 278
242 375
242 421
242 703
242 784
242 877
243 436
243 455
243 605
243 792
244 276
244 826
246 698
246 724
246 787
246 839
246 881
246 888
246 942
246 983
247 322
247 330
247 651
247 740
247 802
248 339
248 424
248 734
248 775
248 886
248 908
249 380
249 395
249 408
249 472
249 488
249 661
249 751
249 777
249 785
250 299
250 410
250 477
250 648
250 934
251 267
251 885
252 293
252 312
252 464
252 723
252 966
253 810
254 257
254 498
254 622
254 630
254 856
254 949
255 360
255 529
255 999
256 293
256 324
256 402
256 841
257 372
257 379
257 866
257 917
259 481
259 633
259 714
259 787
259 871
259 980
260 272
260 303
260 368
260 397
260 612
260 763
260 827
260 945
260 973
261 287
261 680
261 850
261 935
262 354
262 494
262 533
262 580
262 704
262 876
263 397
263 447
263 586
263 614
263 772
263 849
264 426
264 523
264 906
264 976
265 364
265 426
265 484
265 638
265 822
265 859
265 966
266 718
266 972
266 977
267 589
267 696
268 393
268 634
268 742
268 883
268 971
269 370
269 568
269 825
269 925
269 931
270 384
270 640
271 593
271 675
271 723
272 297
272 340
272 404
272 422
272 510
272 545
272 617
273 638
273 885
274 314
274 695
274 711
274 739
274 752
274 867
274 938
275 427
275 805
275 909
276 431
276 518
276 694
276 916
276 928
277 721
277 837
277 893
278 925
278 980
279 373
279 626
279 767
279 798
279 837
280 403
280 608
280 632
280 779
280 846
281 427
281 540
282 324
282 426
282 530
282 571
282 682
282 971
283 376
283 566
283 613
283 701
284 318
284 434
284 466
284 535
284 547
284 591
284 750
284 896
284 936
285 288
285 308
285 454
285 479
285 942
285 984
286 297
286 453
286 632
286 937
287 298
287 443
287 451
287 458
287 579
287 606
287 610
287 670
287 687
287 918
288 381
288 507
288 573
288 574
288 774
289 468
289 509
289 538
289 567
289 891
290 463
290 600
291 633
291 700
292 307
292 314
292 354
292 363
292 536
292 540
292 672
292 803
292 889
292 931
293 425
293 617
293 707
294 383
294 409
294 626
294 788
294 872
295 310
295 621
295 699
295 817
296 344
296 551
296 594
296 608
296 766
296 978
297 425
297 654
297 783
297 792
297 874
297 915
297 972
298 373
298 467
298 496
298 613
298 773
298 848
299 380
299 381
299 854
300 331
300 440
300 585
300 856
301 487
301 611
301 863
301 886
302 327
302 353
302 766
302 782
302 834
302 951
302 952
303 537
303 842
303 851
304 854
305 819
306 733
306 812
307 461
307 690
308 527
308 727
308 918
309 332
309 669
309 722
309 816
309 833
309 860
310 362
310 618
311 421
311 474
311 632
311 704
311 810
312 606
312 715
313 455
313 661
313 665
313 849
313 885
313 893
314 421
314 535
314 625
314 771
314 886
314 950
315 501
315 508
315 748
315 815
316 480
316 535
316 542
316 606
316 792
317 341
317 480
317 892
318 875
319 339
319 531
319 544
319 603
319 712
319 736
319 753
320 521
320 530
320 675
320 974
321 705
321 832
322 425
322 982
323 328
323 335
323 349
323 350
323 557
323 722
323 833
323 884
324 901
325 350
325 680
325 708
325 741
325 777
325 825
325 877
325 898
325 961
325 977
326 451
326 470
326 594
326 669
326 972
327 522
327 817
327 890
328 541
329 457
329 887
329 947
331 356
331 676
331 714
331 930
332 365
332 524
332 617
332 855
332 865
332 960
333 455
333 472
333 686
333 800
333 847
333 891
333 952
334 344
334 586
334 643
334 649
334 740
334 797
334 866
335 354
335 355
335 651
335 869
336 959
337 484
337 579
338 529
338 610
338 646
338 713
338 741
339 567
339 984
340 364
340 384
341 633
341 639
341 778
342 354
342 461
342 530
342 604
342 616
342 790
342 922
343 345
343 403
343 410
343 665
343 955
344 350
344 637
344 824
344 906
345 360
345 363
345 407
346 386
346 563
347 415
347 641
347 907
348 571
348 648
348 673
348 708
348 848
348 904
349 623
349 730
349 872
349 976
350 478
350 794
350 878
351 476
351 642
351 714
352 461
352 669
352 687
352 816
352 933
354 407
354 588
354 801
354 834
355 736
355 937
356 493
357 407
357 666
357 717
357 822
357 946
357 988
358 578
358 594
358 686
358 876
358 988
359 427
359 498
359 591
359 825
359 967
360 426
360 557
360 710
360 785
361 396
361 398
361 411
361 434
361 462
361 521
361 533
361 616
361 657
361 767
361 776
361 994
362 638
362 925
363 395
363 399
363 510
363 520
363 854
363 876
364 370
364 448
364 721
364 744
364 856
364 919
365 545
365 661
366 375
366 507
366 562
366 694
366 786
367 734
367 961
367 989
367 996
368 434
368 547
368 638
368 716
368 849
368 857
369 880
370 488
370 632
370 709
370 815
370 915
371 494
371 822
371 861
371 919
371 922
371 967
372 656
372 805
372 968
373 618
374 393
374 540
374 632
374 773
374 817
374 891
374 923
375 499
375 917
376 799
376 833
376 894
377 513
377 747
377 910
377 991
378 721
379 574
379 707
380 607
381 383
381 472
381 509
381 782
381 993
382 423
382 468
382 477
382 639
382 743
382 951
383 940
384 500
384 666
384 710
384 774
384 977
385 395
385 442
385 722
385 876
386 462
386 548
386 669
386 783
386 828
386 860
387 411
387 489
387 518
387 581
387 768
388 479
388 672
388 700
389 673
389 684
389 729
389 922
390 474
390 585
390 667
390 697
390 837
390 923
391 511
391 692
392 710
393 564
393 645
393 783
393 798
393 803
394 509
394 571
394 672
394 768
395 977
396 719
396 977
396 995
397 775
398 735
398 960
398 968
399 479
399 654
399 689
399 699
399 994
400 956
400 981
401 480
401 703
401 801
401 904
402 654
403 659
403 672
403 962
404 584
404 590
404 678
405 630
405 706
405 711
405 797
406 425
406 509
406 827
406 974
407 472
407 596
407 660
407 764
408 791
408 883
408 887
409 588
409 596
409 664
409 876
409 892
410 671
410 728
411 522
411 622
411 743
411 982
412 476
412 873
412 956
412 997
413 789
413 974
415 681
416 763
416 834
416 922
417 485
417 673
418 466
418 711
419 565
419 582
419 653
419 721
419 796
419 878
420 527
420 819
420 837
420 932
421 518
421 710
421 732
421 926
421 933
423 603
423 661
423 682
423 776
423 871
423 942
423 964
424 433
424 449
424 710
424 900
424 915
425 435
425 745
425 838
425 878
426 620
427 706
427 778
427 800
427 859
427 982
428 482
428 605
428 670
428 692
428 734
428 951
429 569
429 903
429 914
429 936
430 510
430 558
430 590
430 786
430 847
430 970
431 463
431 635
431 669
432 611
432 676
433 559
433 665
434 720
434 841
435 570
435 801
436 658
436 676
436 802
436 836
436 840
436 842
437 740
437 837
439 513
439 709
439 732
439 800
439 866
440 571
440 587
440 769
440 948
441 484
441 701
441 823
442 616
442 864
443 516
443 562
444 776
445 783
445 790
445 878
445 882
445 913
445 970
445 973
446 464
446 727
446 753
446 775
446 895
447 618
447 647
447 688
447 780
447 903
448 518
448 519
448 574
448 723
448 951
449 551
449 645
449 677
450 487
450 686
450 819
450 846
451 560
451 920
451 937
452 722
452 742
452 781
453 858
454 542
454 939
455 474
455 478
455 630
455 653
455 923
455 994
456 532
456 686
456 717
456 730
456 744
456 883
457 543
457 728
457 995
458 480
458 641
458 788
458 893
459 511
459 589
459 804
459 818
460 475
460 846
461 670
461 780
462 463
462 559
462 795
463 741
463 825
463 880
463 915
463 967
464 510
464 714
464 791
465 564
465 579
465 740
465 903
466 900
466 961
467 501
467 838
467 856
467 902
467 958
468 633
468 699
468 810
468 817
468 970
469 520
469 575
469 938
470 538
470 684
471 724
471 791
471 855
471 873
471 928
471 940
471 967
472 579
472 606
472 674
473 629
473 786
473 801
473 844
473 896
474 964
475 605
475 959
476 609
476 716
476 741
476 824
476 866
477 655
477 775
478 567
479 690
479 894
480 573
480 672
480 864
480 887
481 511
481 664
481 822
482 543
482 869
483 623
483 946
484 969
484 973
485 634
485 727
485 760
485 776
485 824
485 887
486 559
486 866
486 965
487 769
487 830
487 877
488 886
488 968
489 846
489 986
490 600
490 610
490 675
490 823
490 910
490 911
491 633
491 744
491 767
492 499
492 767
492 769
493 650
493 688
493 813
493 935
494 703
494 768
494 817
494 878
494 888
494 957
495 602
495 622
495 848
496 626
496 763
496 950
497 867
498 603
498 609
498 699
498 793
499 607
499 807
499 889
500 633
500 780
500 839
501 680
502 504
502 521
502 611
502 874
502 948
503 741
504 679
504 707
505 592
505 616
505 801
505 980
506 527
506 552
506 617
506 985
507 663
507 675
507 688
507 738
507 901
508 558
508 698
508 919
509 554
509 632
509 786
511 561
511 830
511 839
512 532
512 797
512 972
513 761
513 795
513 802
513 982
514 565
514 595
514 737
514 771
514 826
514 938
515 550
515 693
515 788
515 790
516 577
516 785
516 837
517 531
517 676
517 809
517 910
518 860
518 922
519 685
519 821
520 700
521 736
521 749
521 816
521 883
522 889
523 685
523 733
523 862
524 640
524 804
524 863
525 782
526 597
526 945
526 968
527 571
527 876
527 999
528 545
528 606
528 659
528 704
528 733
529 707
529 839
529 929
530 541
530 601
530 892
531 549
531 746
532 575
532 915
533 594
533 639
533 782
533 821
534 677
534 784
534 807
535 633
535 734
535 767
535 820
536 693
536 763
537 583
537 741
537 876
537 889
537 937
538 730
538 780
538 799
538 818
538 849
539 677
539 823
539 858
539 877
539 882
540 613
540 706
540 838
541 915
542 551
542 750
542 922
543 547
543 636
543 651
543 673
543 862
543 902
544 671
544 713
544 734
545 619
545 724
545 842
546 606
546 656
546 687
546 711
546 810
547 978
548 562
548 709
548 881
548 955
549 771
549 808
549 874
550 956
551 567
551 757
552 575
552 578
552 655
552 899
552 936
552 940
554 582
554 635
554 642
554 822
555 746
555 875
556 592
556 605
556 796
556 855
556 988
557 665
557 717
557 777
557 904
557 978
557 988
559 587
559 589
559 945
560 741
561 810
562 563
562 724
562 829
562 857
562 911
562 956
562 976
562 993
563 568
563 663
563 855
564 714
564 737
564 853
564 861
565 645
566 686
566 831
566 886
567 745
567 793
567 813
567 931
567 953
568 709
568 757
568 836
569 761
569 859
570 603
570 693
570 812
570 919
571 831
571 918
571 928
572 818
572 906
572 961
572 986
573 988
574 644
575 665
575 713
575 803
575 902
576 640
576 691
576 808
576 885
576 918
578 705
578 710
578 740
578 868
578 937
579 652
579 878
579 909
579 999
580 591
580 751
580 876
581 635
581 876
582 824
582 879
582 999
583 753
583 800
583 881
583 974
584 754
585 592
585 612
585 851
585 912
586 646
586 997
587 839
587 992
588 812
588 852
588 936
589 933
590 764
590 996
591 709
591 934
591 965
591 982
593 762
593 911
593 931
594 744
595 718
595 728
595 770
595 801
596 651
596 672
596 681
596 787
597 601
597 623
597 642
597 938
597 960
598 672
599 631
599 710
599 881
600 713
600 802
600 879
601 717
602 741
602 755
602 946
603 631
603 644
603 665
603 776
603 864
604 695
604 699
604 807
605 835
605 911
605 927
606 608
606 802
606 935
609 646
609 873
610 669
611 817
611 853
612 787
612 888
613 940
613 942
614 616
614 867
615 880
615 959
616 767
617 863
618 770
618 817
618 899
618 964
619 788
619 867
620 644
620 954
621 657
621 745
622 955
623 747
623 806
623 964
624 637
625 802
625 864
625 865
625 912
626 685
626 961
626 981
628 717
630 981
631 789
631 853
632 762
632 953
632 989
634 841
635 690
636 730
636 907
637 779
637 803
637 956
637 967
638 911
639 708
639 727
640 735
640 743
640 757
640 882
640 915
641 789
643 725
643 927
644 720
644 840
645 740
645 787
645 797
645 945
646 767
646 863
646 938
647 841
647 905
648 760
648 780
649 656
649 836
649 950
650 727
650 927
651 749
651 830
651 956
652 777
652 850
653 726
653 855
653 871
654 842
654 927
655 704
656 878
656 988
657 918
658 946
659 803
659 876
660 882
661 710
661 720
661 752
661 928
662 846
663 679
663 752
663 784
663 955
665 803
666 898
667 711
669 675
669 789
669 839
669 862
669 922
670 928
670 969
671 700
671 763
671 820
671 973
672 707
672 721
672 788
672 822
672 894
672 900
672 973
673 674
673 853
673 854
673 929
675 716
675 850
675 942
676 760
676 774
677 816
678 797
678 917
679 753
679 770
679 838
679 902
680 739
680 929
681 872
681 984
682 728
683 812
684 749
684 756
685 864
685 867
685 989
686 774
686 873
687 841
687 852
687 987
688 865
688 876
690 741
690 744
690 866
690 888
691 728
691 976
692 730
694 846
694 931
696 754
696 766
696 957
697 801
697 941
698 899
699 976
701 826
701 860
701 948
702 716
702 827
702 905
703 867
705 883
707 757
708 716
709 737
709 903
709 922
709 995
711 969
712 737
712 851
713 968
714 955
715 798
717 718
717 779
717 805
718 729
718 782
720 765
720 767
720 842
721 796
721 921
721 956
723 907
723 993
724 991
725 889
725 963
727 828
727 881
728 742
728 883
729 732
729 812
730 880
730 949
731 968
732 987
732 991
734 746
734 797
734 939
735 825
735 835
735 937
736 816
737 907
737 955
738 934
739 787
739 916
740 743
740 773
740 918
740 925
741 961
743 965
744 873
745 826
745 864
746 888
747 788
747 871
748 750
749 826
750 845
752 873
753 995
754 828
754 979
754 994
755 790
756 766
756 779
757 848
757 862
757 912
758 823
758 844
758 865
758 950
760 875
760 925
760 932
761 770
761 905
762 877
765 951
766 840
767 805
767 894
768 972
769 823
769 979
770 845
770 860
770 876
770 945
772 964
772 977
773 822
774 987
775 948
777 829
777 892
777 918
777 979
779 793
779 841
779 944
779 982
780 991
782 812
782 847
783 876
783 950
784 827
784 859
784 907
784 910
785 793
785 930
786 855
788 841
789 923
789 966
790 797
792 923
793 814
794 833
795 828
796 894
797 859
798 981
800 937
801 907
802 818
802 944
803 961
804 871
805 935
806 919
807 898
808 865
811 834
812 857
813 823
813 951
815 878
819 898
819 945
820 867
820 874
821 823
821 833
821 942
823 952
823 998
824 966
825 942
826 907
826 908
827 831
830 891
831 985
832 867
834 846
835 840
835 872
836 912
837 963
838 857
838 992
839 963
841 911
844 867
845 980
846 952
848 896
849 912
849 994
852 916
853 963
855 946
855 987
857 870
864 889
865 947
867 909
867 946
869 957
869 974
870 957
874 880
875 950
876 924
882 917
883 918
886 988
887 943
888 981
889 906
892 963
892 966
892 999
893 950
893 991
894 907
899 901
899 931
901 957
904 929
905 937
906 972
909 951
911 958
911 966
912 997
916 969
916 973
919 992
920 972
921 942
922 962
923 972
923 978
927 928
928 960
928 992
929 945
929 980
930 936
931 943
933 997
938 985
939 990
945 946
947 959
949 966
954 999
977 999
986 990
