0 55
0 85
0 110
0 141
0 160
0 820
1 546
1 953
1 978
2 94
2 380
3 73
3 88
3 131
3 173
3 320
3 352
3 567
3 620
3 769
3 887
3 943
4 86
4 100
4 190
4 275
4 290
4 611
4 653
4 722
4 784
5 74
5 218
5 969
6 63
6 421
6 661
7 120
7 226
7 268
7 420
7 826
7 852
8 79
8 139
8 191
8 308
8 310
8 489
8 536
8 583
8 717
8 820
8 850
8 851
9 316
9 348
9 357
9 391
9 424
9 434
9 913
10 64
10 241
10 398
10 401
11 107
11 327
11 440
11 551
11 797
12 118
12 748
12 756
12 877
12 971
13 601
13 973
14 21
14 52
14 96
14 113
14 255
14 331
14 352
14 521
15 308
15 313
15 654
15 887
15 902
16 468
16 646
16 654
16 673
16 739
17 218
17 231
17 875
18 238
18 304
18 714
19 85
19 148
19 366
19 454
19 512
19 687
19 875
19 975
20 43
20 185
20 194
20 602
20 632
20 693
20 748
21 82
21 86
21 117
21 143
21 414
21 444
21 476
21 634
21 670
22 152
22 338
22 458
22 495
22 786
22 834
22 843
23 225
23 496
23 918
23 974
24 90
24 331
24 392
24 447
24 519
24 619
24 741
24 813
25 175
25 269
25 999
26 91
26 169
26 205
26 394
26 400
26 453
26 500
26 604
26 678
26 746
27 144
27 441
27 730
27 862
28 37
28 123
28 125
28 236
28 258
28 336
28 356
28 629
28 816
28 964
28 998
29 82
29 547
29 570
29 864
30 352
30 377
30 683
30 712
30 891
30 921
31 167
31 247
31 725
31 737
31 841
31 872
31 955
31 986
32 214
32 241
32 410
32 454
32 553
32 749
33 273
33 443
33 444
33 601
33 741
33 754
34 196
34 224
34 248
34 405
34 606
34 880
35 57
35 378
36 554
36 556
36 659
36 791
37 253
37 270
37 608
37 671
38 235
38 579
38 838
39 56
39 240
39 623
39 822
40 88
40 202
40 378
40 455
40 842
40 871
41 640
41 695
41 738
41 804
41 816
41 908
42 359
42 837
42 878
43 167
43 345
43 444
43 614
43 776
45 51
45 290
45 407
45 429
45 626
45 717
46 329
46 330
46 469
46 564
46 602
46 632
46 683
46 987
47 127
47 172
47 240
47 305
47 487
47 552
47 932
48 551
48 682
48 814
49 298
49 419
49 426
49 432
49 509
49 555
49 697
49 855
49 933
50 123
50 298
50 391
50 422
50 957
51 179
51 251
51 270
51 380
51 542
51 813
51 864
51 981
52 235
52 516
52 687
52 708
52 750
52 803
53 319
53 862
54 280
54 823
55 127
55 346
55 446
55 657
55 757
55 758
55 912
55 968
56 295
56 511
56 859
56 977
57 539
57 805
57 896
58 283
58 423
58 597
58 901
59 414
59 452
59 459
59 908
60 195
60 489
60 671
60 829
61 209
61 213
61 219
61 261
61 592
62 182
62 221
62 466
62 613
62 712
62 782
62 877
62 905
63 92
63 162
63 187
63 195
63 563
63 585
63 760
63 854
64 179
64 325
64 386
64 434
64 578
64 583
64 590
64 608
64 864
65 286
65 414
65 627
65 705
65 844
66 75
66 148
66 345
66 384
66 611
66 723
66 856
66 971
66 987
67 300
67 366
67 521
67 850
67 987
68 108
68 344
68 453
68 641
68 691
69 122
69 312
69 476
69 531
69 566
69 655
69 786
69 938
70 174
70 178
70 335
70 438
70 868
70 898
70 914
71 110
71 258
71 430
71 482
71 500
71 599
71 739
71 794
71 942
71 964
72 495
73 371
73 709
73 852
74 105
74 347
74 461
74 716
74 932
75 290
75 437
75 510
75 526
75 550
75 681
75 737
75 846
76 88
76 137
76 231
76 469
76 683
76 866
76 899
76 999
77 258
77 402
77 459
77 893
77 907
78 315
78 321
78 438
78 672
78 741
79 312
79 458
79 698
79 810
79 815
79 987
80 242
80 490
80 577
80 666
80 689
80 758
80 884
81 259
81 360
81 578
81 629
81 675
81 802
82 176
82 451
82 547
82 640
83 216
83 250
83 540
83 707
83 860
84 121
84 164
84 246
84 306
84 382
84 468
84 527
84 623
84 678
84 743
84 746
84 934
85 226
85 267
85 501
85 558
86 150
86 255
86 276
86 286
86 517
86 669
86 774
87 289
87 706
87 799
87 861
87 901
87 960
88 414
89 178
89 221
89 419
89 656
89 829
90 459
90 787
90 828
91 131
91 244
91 332
91 877
91 951
92 494
92 838
93 212
93 556
93 690
94 473
94 651
94 671
94 772
94 953
95 442
95 604
95 927
96 349
96 377
96 431
96 455
96 504
97 426
97 714
97 746
97 907
97 933
98 121
98 156
98 167
98 483
98 511
98 836
98 965
99 149
99 640
99 948
99 975
100 135
100 214
100 272
100 450
100 592
100 622
100 855
100 894
100 978
101 302
101 387
102 152
102 459
102 546
102 723
102 781
102 846
103 215
103 395
103 613
103 690
103 916
103 991
104 112
104 836
105 312
105 388
105 540
105 748
105 848
105 898
106 888
107 165
107 229
107 331
107 356
107 468
107 707
108 444
108 505
108 745
108 780
109 292
109 357
109 364
109 446
109 609
109 735
109 791
110 200
110 499
110 666
110 700
110 863
110 965
111 159
111 195
111 212
111 360
111 790
111 862
111 915
112 142
112 161
112 180
112 216
112 318
112 372
112 452
112 665
112 823
112 871
113 184
113 274
113 305
113 325
113 342
113 420
113 462
113 704
113 842
113 952
114 302
114 306
114 337
114 403
114 432
114 751
115 274
115 729
116 135
116 156
116 485
116 581
116 896
117 189
117 209
117 221
117 580
117 636
117 761
118 125
118 153
118 172
118 252
118 442
118 521
118 795
118 977
119 218
119 335
119 492
119 602
119 627
119 721
119 933
120 203
120 259
120 568
120 678
120 840
121 561
121 704
121 759
121 837
122 353
122 371
122 679
123 694
124 155
124 625
124 647
124 785
125 257
125 431
125 470
125 515
125 700
126 528
126 804
126 967
127 133
127 158
127 201
127 378
127 704
127 887
128 335
128 615
128 670
129 155
129 200
129 429
129 842
130 182
130 217
130 372
130 834
131 434
131 574
131 584
131 867
131 956
132 185
132 312
132 407
132 501
132 531
133 543
133 816
133 867
134 335
134 496
134 542
134 587
134 604
134 635
134 687
134 692
134 756
135 200
135 232
135 663
135 710
135 841
135 967
136 267
136 305
136 784
136 865
137 609
137 706
137 974
138 178
138 215
138 305
138 377
138 675
138 772
139 183
139 699
139 712
139 907
140 247
140 557
140 560
140 626
140 709
140 886
141 334
142 571
142 613
142 888
142 999
143 327
143 367
143 405
143 529
143 588
144 496
144 736
144 947
145 148
145 618
146 236
146 466
146 616
146 768
146 938
146 996
147 283
147 568
147 878
147 902
148 354
148 434
148 517
148 533
149 465
149 692
149 768
149 932
149 989
150 173
150 411
150 528
150 621
151 180
151 380
151 621
151 794
151 850
152 161
152 826
153 239
153 436
153 597
153 612
153 740
153 826
153 952
153 991
154 278
154 457
154 524
154 535
154 656
154 729
154 806
155 395
155 599
155 613
157 484
157 911
158 301
158 306
158 347
158 403
158 404
158 523
158 602
158 860
158 916
158 954
159 331
159 354
159 395
159 502
159 638
159 696
159 909
160 443
160 640
160 643
160 893
161 195
161 282
161 288
161 321
161 661
161 864
162 203
162 267
162 303
162 383
162 386
162 509
162 610
162 621
162 639
162 739
162 992
163 193
163 350
163 685
164 345
164 374
164 890
164 906
165 375
165 728
166 278
166 380
166 696
166 828
166 922
167 419
167 699
167 750
167 917
168 385
168 737
168 940
169 210
169 228
169 262
169 558
169 587
169 686
169 824
169 859
169 913
170 523
170 657
170 708
170 756
170 872
171 300
171 498
171 537
171 676
172 225
172 462
172 476
172 685
173 396
173 749
173 785
174 213
174 327
174 370
174 643
174 783
174 909
174 918
175 383
175 583
175 652
175 764
175 861
176 206
176 354
176 359
176 591
176 622
176 736
176 918
176 930
177 296
177 564
177 783
177 793
177 864
177 971
178 235
178 282
178 294
178 482
178 908
179 666
179 674
179 703
179 816
179 923
180 460
180 610
180 703
180 790
180 860
180 922
181 435
181 631
181 775
181 990
182 382
182 557
182 618
183 218
183 669
183 768
183 791
183 792
183 891
185 238
185 265
185 268
185 434
185 482
185 709
185 850
186 334
186 365
186 509
186 565
187 236
187 238
187 386
187 911
188 253
188 467
188 593
188 718
188 814
188 909
188 982
189 244
189 347
189 434
189 624
189 832
190 262
190 417
190 467
190 471
190 497
190 541
190 675
190 719
190 797
190 841
190 901
190 930
191 263
191 268
191 295
191 694
191 753
191 765
191 984
192 492
192 572
192 874
193 453
193 572
193 987
194 373
194 526
194 589
194 690
194 696
194 983
194 988
194 989
195 803
196 294
196 442
197 202
197 544
197 732
198 236
198 299
198 462
198 729
198 759
198 827
198 869
198 978
199 587
199 909
200 643
200 674
201 360
201 476
201 681
201 794
201 944
202 879
203 234
203 597
203 691
203 702
203 704
203 803
203 842
204 257
204 713
204 981
205 312
205 336
205 544
205 558
205 724
205 855
205 993
206 306
206 337
206 349
206 472
206 594
206 624
206 645
206 656
206 678
206 931
206 935
207 592
207 797
207 888
207 929
207 970
208 471
208 567
208 568
208 606
208 728
208 814
208 921
209 557
209 754
209 773
209 781
209 801
209 855
210 287
210 292
210 446
210 576
210 819
211 331
211 550
211 585
212 243
212 392
212 540
212 577
212 829
212 847
213 338
213 528
213 540
213 632
213 763
213 772
213 804
214 287
214 459
215 245
215 256
215 382
215 507
215 625
215 708
215 826
215 870
215 963
215 978
216 327
216 702
216 828
217 315
217 318
217 350
217 432
217 443
217 469
217 733
217 959
217 979
217 980
217 981
218 235
218 382
218 422
218 525
218 881
219 508
219 574
219 728
219 956
220 238
220 302
220 438
220 630
220 653
221 770
221 902
221 968
222 555
222 843
222 870
222 976
223 357
223 430
223 598
223 611
223 726
223 772
223 813
224 390
224 564
224 712
225 264
225 265
225 349
225 472
225 585
225 714
225 959
226 252
226 418
226 609
226 846
226 888
226 945
227 583
227 584
228 316
228 632
228 834
228 858
228 978
229 753
229 774
230 266
230 604
231 433
231 471
231 720
231 802
231 889
232 294
233 360
233 411
233 677
233 678
233 776
234 282
234 381
234 383
234 492
234 725
234 919
234 930
235 358
235 652
235 991
236 440
236 797
236 836
236 845
236 910
237 250
237 659
237 700
237 763
237 887
238 241
238 322
238 360
238 808
239 856
240 297
240 612
240 622
240 816
240 832
241 669
241 905
241 926
242 722
242 991
243 279
243 292
243 328
243 535
243 780
243 956
244 270
244 277
244 367
244 665
244 784
244 946
245 336
245 413
245 534
246 344
246 396
246 458
246 663
246 901
247 312
247 700
247 788
248 596
248 619
248 632
248 786
249 790
249 903
249 979
249 995
250 458
250 620
250 666
250 768
250 986
251 265
251 337
251 374
251 494
251 635
251 711
252 315
252 527
252 571
252 624
252 906
253 485
253 569
253 660
253 855
253 944
254 400
254 427
254 540
254 603
254 810
254 963
255 318
255 538
255 701
255 846
256 363
256 467
256 644
256 934
257 450
257 679
257 742
258 514
258 583
258 833
258 849
258 915
258 927
259 272
259 289
259 884
260 267
260 270
260 503
260 702
260 954
261 324
261 564
261 643
261 683
261 960
262 318
262 322
262 329
262 523
262 883
262 918
263 330
263 370
263 449
263 634
263 868
264 349
264 841
264 895
265 370
265 414
265 449
265 483
266 585
266 622
266 715
266 726
266 745
266 757
266 768
266 817
267 478
267 716
267 924
268 473
268 558
268 638
269 325
269 345
269 630
269 757
269 786
269 964
270 277
270 304
270 305
270 435
270 460
270 674
270 793
270 807
271 273
271 346
271 359
271 586
271 655
271 743
271 887
272 276
272 787
272 873
273 446
273 514
273 548
273 626
273 843
273 994
274 355
274 639
274 866
274 911
275 394
275 890
276 427
276 624
276 696
276 955
277 361
277 429
277 631
277 778
277 803
277 941
278 348
278 383
278 586
279 283
279 335
279 469
279 630
279 800
279 886
280 577
280 615
280 881
280 939
280 980
281 529
281 844
281 888
282 426
282 455
282 464
282 472
282 491
282 683
282 729
282 735
282 807
283 428
283 578
283 737
283 787
283 903
283 926
284 374
284 392
284 785
284 788
284 928
284 965
285 355
285 486
285 680
285 810
285 943
286 334
286 357
286 401
286 461
286 537
286 538
286 622
286 650
286 844
286 877
287 362
287 899
287 907
288 620
288 700
289 398
289 723
290 349
290 416
290 418
290 989
291 465
291 513
291 521
291 523
291 684
291 778
291 816
291 940
292 794
292 980
292 988
293 320
293 745
293 748
293 807
293 929
294 648
295 377
295 405
296 449
296 536
296 541
296 544
296 634
296 783
296 879
297 388
297 785
297 841
298 441
298 530
298 652
298 709
298 892
298 914
298 958
299 502
299 689
300 344
300 583
300 818
300 901
300 987
301 388
301 464
301 575
301 652
301 743
302 318
302 583
302 611
302 983
302 990
303 395
303 796
304 393
304 617
305 498
305 579
305 648
305 684
305 803
305 898
306 361
306 503
306 703
306 919
306 983
307 374
308 522
308 528
308 731
308 911
309 471
309 480
309 614
309 622
309 891
309 965
309 968
309 994
310 550
310 832
310 899
311 683
311 705
311 721
312 335
312 556
312 599
312 628
312 788
312 887
312 921
312 978
313 393
313 639
313 666
313 693
313 696
313 713
313 835
313 919
314 670
314 837
315 959
315 998
316 440
316 469
316 470
316 532
316 799
316 861
316 935
317 383
317 480
317 584
317 642
317 982
319 454
319 686
319 814
319 864
320 522
320 683
320 769
320 811
320 922
321 614
321 808
321 843
321 912
322 592
322 916
323 651
323 781
323 817
323 849
323 900
323 936
324 461
324 509
324 722
324 846
324 928
324 964
325 416
326 387
326 422
326 556
327 405
327 930
328 523
328 718
328 797
329 746
329 866
329 868
329 885
330 605
330 622
330 629
330 661
331 909
332 657
333 378
333 456
333 794
333 859
333 878
333 900
333 948
333 998
334 466
334 546
335 466
335 503
335 695
335 700
335 744
335 778
335 784
335 991
336 443
336 619
336 671
336 702
336 782
336 854
337 487
337 559
337 560
337 588
337 684
337 737
337 784
337 843
338 424
338 588
338 611
338 722
338 830
339 542
339 636
339 643
339 659
340 690
340 947
341 373
341 381
341 425
341 591
341 607
341 886
342 536
342 901
342 942
343 357
343 447
343 473
343 644
343 685
343 953
344 587
344 833
345 491
345 562
345 695
345 722
345 754
346 400
346 426
346 479
346 513
346 578
347 530
347 641
347 989
348 518
349 394
349 496
349 638
349 668
349 721
349 728
349 915
350 431
350 459
350 642
351 352
351 480
351 502
351 656
351 669
352 686
352 707
352 988
353 409
353 411
353 511
354 442
354 520
354 604
354 886
354 925
355 539
355 562
355 794
355 797
355 856
355 954
356 405
356 600
356 716
356 739
356 950
358 614
358 786
358 837
359 437
359 623
360 461
360 476
360 478
360 544
360 566
360 852
360 899
361 728
361 975
362 476
362 498
362 505
362 553
362 754
363 461
363 771
364 539
365 626
365 837
365 920
366 662
366 718
366 784
366 805
367 372
367 468
367 621
367 867
367 932
368 436
368 554
368 643
368 678
368 736
368 780
370 693
370 799
370 912
371 519
372 497
372 564
372 950
372 965
373 386
373 826
373 882
374 527
374 546
374 725
374 915
374 930
375 533
375 586
375 799
376 457
376 481
376 611
376 915
376 926
376 999
377 398
377 541
377 709
377 869
377 872
377 934
377 954
377 968
378 385
378 386
378 413
378 588
378 657
378 787
378 851
379 401
379 589
379 646
380 408
380 431
380 563
381 422
381 589
381 866
381 872
382 500
382 519
382 723
383 394
383 395
383 668
383 995
384 694
384 696
384 865
384 966
385 593
385 904
385 949
386 466
386 727
386 850
386 911
387 494
387 501
387 814
387 876
388 682
388 801
388 818
388 830
388 849
389 681
389 721
389 976
390 413
390 446
390 789
390 884
391 484
392 804
393 728
393 843
394 422
394 484
395 466
395 657
395 799
395 884
396 630
396 777
396 939
397 564
397 982
398 662
398 740
399 999
400 462
400 993
401 499
401 817
401 984
402 586
402 701
402 783
402 850
402 965
403 665
403 924
404 536
404 692
404 768
404 911
405 728
405 945
405 958
405 965
406 699
406 777
406 804
406 948
407 574
407 773
407 913
407 939
408 442
408 459
408 500
408 679
409 429
409 564
409 653
409 706
409 831
409 845
409 889
410 463
410 706
411 505
411 518
411 571
412 418
412 470
412 615
412 632
412 738
412 773
412 883
412 940
413 460
413 463
413 791
413 883
413 969
414 424
414 519
414 527
415 541
415 835
415 840
416 548
416 745
416 799
416 814
416 952
417 434
417 719
417 932
417 954
418 539
418 695
418 733
418 769
418 897
419 495
419 661
419 787
419 870
419 994
420 488
420 500
420 605
420 643
420 880
421 807
421 898
421 901
422 944
422 986
423 460
423 644
423 677
423 772
423 826
423 983
425 635
425 846
425 896
425 961
425 985
426 463
426 687
426 773
426 890
427 456
427 671
427 712
427 774
427 844
427 892
428 732
429 544
429 576
429 619
429 827
430 472
430 580
430 655
430 836
431 563
431 749
431 883
431 889
431 906
431 995
432 732
432 770
432 917
433 541
433 543
433 698
433 787
433 996
434 469
434 747
434 789
434 829
434 990
435 488
435 622
436 489
436 539
436 605
437 480
437 866
438 575
438 613
438 706
439 568
439 703
439 717
440 714
440 880
442 623
442 703
443 684
443 730
443 760
443 855
444 459
444 477
444 480
444 585
444 647
444 674
444 734
445 493
445 595
445 859
446 595
446 685
446 981
447 523
447 705
447 725
447 759
447 766
447 921
448 496
448 551
448 581
448 750
448 821
448 979
449 580
449 627
449 794
449 880
449 895
449 904
449 961
450 489
450 579
450 598
450 644
450 787
450 818
450 905
450 976
451 700
451 718
451 949
452 528
452 568
452 831
453 561
453 698
453 725
453 844
454 459
454 598
454 623
454 879
454 943
455 532
455 709
455 816
455 854
456 754
456 989
457 460
457 510
457 808
458 545
458 710
458 754
460 513
460 522
460 952
461 490
461 643
461 757
461 891
461 920
462 490
462 739
462 920
463 577
463 675
463 825
463 849
463 869
464 585
464 652
465 595
465 890
465 898
465 922
466 485
466 636
466 645
467 537
467 586
467 862
468 589
468 639
468 831
468 832
469 638
470 498
470 517
470 539
470 555
470 784
471 579
471 969
472 542
472 595
472 611
472 823
472 835
473 538
473 744
473 797
474 638
474 949
475 583
475 628
475 801
476 494
477 669
477 785
477 887
478 665
478 780
478 912
479 543
480 568
480 835
480 930
480 997
481 632
481 639
481 793
481 811
482 503
482 524
482 530
482 948
483 788
483 826
485 645
485 673
485 771
485 778
485 858
486 807
486 848
487 531
487 665
487 680
487 775
487 794
488 604
488 619
488 725
488 958
489 609
489 656
489 683
489 752
490 805
491 690
491 973
492 993
493 665
493 695
493 721
493 922
494 582
494 827
494 975
495 695
495 928
496 501
496 506
496 537
497 522
497 882
498 549
498 561
498 733
498 877
498 962
499 538
499 621
499 770
500 571
500 575
500 697
500 762
500 812
501 542
501 745
501 782
501 850
502 629
502 654
502 764
502 916
502 966
503 804
503 947
504 627
504 759
505 802
505 925
506 612
506 709
506 738
506 816
506 936
506 970
506 989
507 875
508 519
509 811
509 900
509 920
510 988
511 512
511 560
511 561
512 579
512 685
512 932
513 592
513 821
514 699
514 703
514 749
514 915
515 623
515 842
515 957
516 650
516 682
517 699
517 811
517 866
517 914
518 563
518 704
519 738
519 859
519 891
520 859
520 886
521 693
521 855
522 826
523 715
523 761
523 793
524 629
524 721
525 831
526 972
527 565
527 614
527 708
527 808
527 819
527 836
527 925
527 999
528 727
528 874
528 991
529 795
529 902
530 543
530 565
530 566
530 755
530 990
531 590
531 617
531 659
531 663
531 754
532 792
533 548
534 766
534 857
536 539
536 762
537 674
537 873
537 908
538 613
538 711
538 741
538 777
538 892
539 656
539 721
539 759
539 968
540 592
540 613
540 711
540 824
540 891
541 577
541 596
541 695
541 908
542 599
542 729
542 859
543 608
543 681
543 971
544 680
544 746
544 810
544 993
545 848
546 765
547 564
547 605
547 941
548 788
548 813
548 891
548 944
549 892
549 909
550 602
550 603
550 868
550 882
551 817
551 925
552 790
553 727
553 733
553 856
553 890
554 823
554 982
555 706
555 862
556 587
556 615
556 835
556 933
557 608
557 761
558 622
558 681
558 938
559 845
559 913
560 637
560 670
561 891
562 617
562 706
562 783
562 784
562 878
562 953
563 580
563 630
563 733
563 814
564 664
564 798
564 813
564 824
564 924
565 852
565 976
566 903
567 987
568 642
569 644
569 895
570 944
570 946
570 973
571 829
572 664
572 742
573 868
574 706
574 767
574 805
575 857
575 963
576 677
576 756
576 923
577 619
577 837
578 729
579 748
580 769
581 584
581 611
581 693
581 730
582 591
582 675
582 822
582 875
582 943
582 949
583 606
584 699
585 697
585 810
585 849
586 843
586 938
586 984
587 622
587 641
587 845
587 862
588 666
588 676
588 768
589 622
589 670
589 687
589 709
589 731
589 751
589 796
590 704
591 721
591 803
592 912
593 753
593 760
593 985
593 995
594 933
595 630
595 749
596 853
596 865
596 890
598 677
598 842
598 976
600 725
600 746
600 779
601 820
602 694
602 757
602 813
602 972
603 700
603 779
603 826
605 649
605 696
606 638
606 715
606 918
607 633
607 722
608 693
608 812
608 858
608 893
609 745
609 802
610 628
610 911
610 925
612 679
612 694
612 915
613 778
613 834
613 875
615 968
616 985
617 669
617 725
617 865
618 819
618 867
619 726
619 818
620 711
620 759
620 862
621 683
621 945
622 705
623 682
623 870
623 959
624 808
624 810
625 713
625 929
625 996
626 804
626 869
628 789
629 746
629 969
630 975
631 870
631 894
632 674
632 787
632 911
632 923
632 928
632 942
633 819
633 982
634 661
634 822
634 964
635 867
635 890
635 918
636 732
636 825
636 841
636 852
636 945
636 961
637 668
637 670
637 689
638 731
638 762
639 814
639 957
641 803
643 704
643 860
643 906
643 931
645 698
645 743
645 779
645 905
645 907
645 947
646 793
646 829
646 955
647 681
647 789
647 821
648 977
649 698
650 827
650 834
650 923
651 775
651 779
651 790
651 821
652 744
652 833
652 928
653 827
653 882
654 716
654 851
655 986
655 993
656 774
657 896
658 690
658 726
659 798
659 896
660 727
660 907
660 949
661 953
661 974
662 805
662 974
662 986
663 716
663 876
663 966
664 692
664 771
664 811
665 712
665 780
665 795
665 855
665 954
666 830
666 891
667 818
667 988
668 842
668 850
669 810
669 896
669 914
670 894
671 924
672 790
672 797
673 801
673 984
674 806
674 809
674 833
674 850
676 684
676 871
677 702
677 733
678 987
679 773
679 893
679 959
680 743
680 868
680 872
681 847
681 894
682 798
682 832
683 737
683 842
683 909
683 967
684 700
685 809
685 814
685 900
685 955
686 834
686 878
686 920
687 796
687 870
687 905
688 970
689 796
689 979
690 906
690 929
691 945
691 973
692 838
693 883
694 705
694 895
695 740
695 994
697 948
697 982
698 875
698 882
700 793
701 809
701 837
702 856
703 734
705 882
705 938
706 760
707 827
707 832
707 956
708 781
708 845
708 997
709 872
709 897
710 713
710 871
710 982
711 766
711 927
712 899
713 817
713 884
714 770
715 834
716 770
716 872
716 961
717 835
717 897
717 929
718 778
719 800
719 945
720 819
721 990
722 859
723 786
723 916
723 941
723 963
724 896
724 960
725 856
725 922
725 968
726 746
726 824
728 944
729 761
729 952
729 990
730 757
730 796
730 820
731 745
731 758
731 827
731 900
731 919
732 826
732 836
732 966
734 739
735 956
735 989
736 800
736 884
736 904
736 916
739 834
739 866
739 874
740 776
740 883
740 966
741 888
741 904
742 908
743 923
744 790
744 809
745 844
746 782
746 989
747 782
747 899
749 776
749 793
752 754
752 759
752 767
752 779
752 964
752 999
753 915
754 763
754 962
754 980
756 906
756 919
757 831
757 849
757 909
757 987
758 991
759 840
759 964
760 763
760 904
760 939
762 905
763 815
763 951
764 943
765 943
766 901
767 861
769 895
770 788
770 907
771 847
773 885
773 968
774 818
774 964
774 996
775 808
775 852
775 943
777 812
777 861
778 884
778 910
781 885
783 808
783 873
783 877
784 887
786 880
787 874
787 941
787 969
787 976
788 832
789 994
790 797
790 981
792 796
792 959
793 799
793 983
794 849
796 829
796 841
798 835
798 850
799 841
799 899
799 962
800 858
800 939
800 963
801 806
802 917
803 819
803 822
804 842
804 943
808 855
809 813
809 906
809 945
810 836
810 883
812 855
812 886
815 826
815 862
817 961
818 824
818 989
819 865
821 859
821 920
827 942
829 879
829 881
830 900
836 856
838 875
838 921
838 979
839 867
839 903
840 894
840 904
840 928
841 980
842 860
842 922
844 888
844 889
845 853
847 876
850 961
850 976
853 882
853 993
855 874
857 957
858 961
859 938
861 983
863 994
864 975
865 885
869 926
872 924
873 932
876 933
876 947
876 955
877 925
877 987
881 950
881 978
884 921
885 997
888 978
890 949
891 910
892 929
893 991
898 946
902 991
903 973
905 999
906 967
906 971
908 990
909 947
917 985
918 937
920 995
921 934
921 943
927 948
929 966
932 953
933 996
936 954
936 984
942 970
942 997
946 966
946 981
947 985
948 978
948 997
949 970
950 991
954 971
962 989
969 980
