0 48
0 388
0 442
0 452
0 939
1 20
1 157
1 183
1 378
1 510
1 540
1 682
1 703
1 982
2 68
2 160
2 269
2 569
2 666
2 831
2 839
3 114
3 187
3 734
3 786
3 815
3 816
3 871
4 506
4 551
4 624
4 869
5 382
5 587
5 775
5 778
5 820
6 517
6 598
6 667
6 801
7 82
7 258
7 407
7 441
7 492
7 905
8 22
8 151
8 156
8 631
8 638
8 851
8 868
8 978
9 42
9 292
9 367
9 374
9 428
9 528
9 609
9 690
9 964
10 56
10 115
10 453
10 454
10 464
10 515
10 575
10 600
10 703
10 706
10 958
11 157
11 295
11 357
11 521
11 733
11 789
11 831
11 847
12 309
12 564
12 876
12 898
12 932
13 76
13 435
13 609
13 673
13 748
13 770
13 803
13 823
13 866
13 995
14 61
14 165
14 301
14 359
14 781
14 810
14 862
14 958
14 968
15 229
15 286
15 331
15 395
15 619
15 644
15 904
16 28
16 131
16 279
16 494
16 507
16 536
16 607
16 663
17 185
17 796
18 20
18 114
18 216
18 462
18 701
18 818
18 989
19 72
19 100
19 156
19 289
19 352
19 538
19 730
19 847
20 811
20 905
20 913
20 966
21 97
21 221
21 624
21 999
22 248
22 370
22 443
22 464
22 473
22 496
22 602
22 667
22 915
23 190
23 365
23 384
23 487
23 686
23 719
23 799
23 805
24 460
24 467
24 478
24 701
24 863
24 921
25 77
25 124
25 431
25 741
26 30
26 100
26 395
26 607
26 631
26 736
26 756
26 774
26 948
27 133
27 294
27 476
27 506
27 559
27 631
27 734
27 791
28 399
28 564
28 687
28 704
29 386
29 391
29 529
29 656
29 698
29 727
29 740
30 54
30 984
31 63
31 294
31 417
31 637
31 697
31 996
32 233
32 249
32 363
32 377
32 811
32 924
33 107
33 619
33 626
34 412
34 670
34 751
34 780
34 788
34 908
35 130
35 194
35 253
35 494
35 552
35 624
35 737
35 786
35 857
36 73
36 87
36 186
36 196
36 254
36 386
36 451
36 507
36 661
37 208
37 320
37 573
37 606
37 650
37 653
37 949
38 120
38 230
38 769
38 901
38 915
38 997
39 76
39 133
39 362
39 560
39 738
39 879
40 99
40 114
40 156
40 162
40 633
41 269
41 338
41 576
41 711
41 742
41 804
41 842
41 889
42 105
42 431
42 493
42 554
42 555
42 921
42 964
43 100
43 609
43 970
44 93
44 101
44 169
44 460
44 591
44 886
44 890
44 926
44 984
45 243
45 482
45 484
45 653
45 814
45 863
46 74
46 351
46 463
46 632
46 747
47 359
47 424
47 450
47 509
47 528
47 788
48 293
48 513
48 811
49 100
49 397
49 793
49 971
50 179
50 203
50 511
50 547
50 595
50 681
50 943
50 996
51 140
51 294
51 299
51 476
51 545
51 573
51 854
52 308
52 392
52 491
52 652
52 665
52 889
52 981
53 497
53 736
53 845
53 855
53 883
53 980
54 90
54 254
54 310
54 339
54 718
55 194
55 200
55 245
55 631
55 638
55 665
55 734
55 785
55 908
55 980
56 93
56 154
56 220
56 238
56 318
56 335
57 215
57 295
57 449
58 121
58 186
58 696
58 741
58 746
59 320
59 445
59 456
59 533
59 853
60 124
60 551
60 924
61 75
61 202
61 334
61 753
61 796
61 969
61 995
62 243
62 473
62 874
63 70
63 162
63 420
63 558
63 616
64 145
64 207
64 367
64 847
64 935
65 91
65 155
65 298
65 492
65 651
65 699
65 724
65 784
65 932
66 120
66 147
66 212
66 248
66 285
66 441
66 743
66 777
66 803
66 957
67 68
67 79
67 364
67 698
68 236
68 346
68 416
68 688
68 806
68 888
69 129
69 188
69 422
69 724
70 116
70 442
70 538
70 606
70 729
70 755
71 553
71 768
71 853
71 864
71 981
72 101
72 360
72 430
72 671
72 728
72 736
72 792
72 862
72 951
72 968
73 90
73 184
73 304
73 365
73 458
73 498
73 569
74 140
74 533
74 571
74 596
74 726
74 787
74 804
74 992
75 196
75 672
75 920
76 84
76 358
76 394
76 545
76 644
76 740
76 860
76 965
77 799
78 232
78 782
79 409
79 585
79 641
79 666
79 813
80 102
80 299
80 404
80 424
80 539
80 547
80 599
80 668
80 849
80 998
81 242
81 319
81 351
81 468
81 568
81 616
81 768
81 842
82 221
82 559
82 623
82 872
82 892
82 934
83 226
83 252
83 520
83 681
83 757
83 792
83 893
83 995
84 239
84 256
84 395
84 406
84 828
85 175
85 191
85 273
85 365
85 696
85 703
86 237
86 591
86 707
86 754
87 227
87 284
87 563
87 568
87 572
87 577
87 584
87 664
87 757
87 918
87 957
88 151
88 171
88 238
88 288
88 296
88 320
88 375
88 505
88 646
88 695
88 698
88 704
88 899
89 126
89 284
89 575
89 701
89 726
90 301
90 341
91 272
91 400
91 621
91 740
91 819
92 280
92 293
92 806
92 813
92 898
93 108
93 123
93 301
93 374
93 902
94 241
94 272
94 330
94 718
95 342
95 358
95 415
95 427
95 653
95 690
95 731
95 894
96 212
97 100
97 213
97 307
97 664
97 717
98 254
98 386
98 403
98 459
98 693
98 880
99 171
99 437
99 461
99 839
99 905
100 112
100 281
100 282
100 339
100 862
100 967
101 430
101 480
101 698
101 893
102 142
102 191
102 285
102 295
102 831
102 844
102 884
102 975
102 996
103 374
104 789
105 646
105 705
105 765
105 791
105 865
105 937
106 576
106 754
106 976
107 131
107 230
107 242
107 433
107 436
107 448
108 474
108 515
108 668
108 733
108 735
109 122
109 274
109 288
109 322
109 373
109 443
109 487
109 564
109 775
110 113
110 129
110 176
110 408
110 414
110 769
110 898
111 732
111 941
112 133
112 183
112 324
112 520
112 624
112 697
112 753
113 135
113 252
114 312
114 404
114 924
115 188
115 329
115 506
115 614
115 881
116 312
116 425
116 721
116 839
117 138
117 442
117 498
117 701
117 762
117 842
118 310
118 349
118 428
118 542
118 788
118 816
118 939
118 962
118 987
119 136
119 202
119 362
119 556
119 568
119 664
119 764
119 788
120 172
120 412
120 592
120 737
121 264
121 967
122 255
122 340
122 861
123 369
123 377
123 378
123 427
123 565
123 599
123 887
123 991
124 159
124 227
124 300
124 465
124 475
124 490
124 821
124 835
125 213
125 248
125 519
125 535
125 683
126 308
126 371
126 374
126 396
126 408
126 892
127 345
127 430
127 926
127 929
127 954
127 965
128 201
128 229
128 391
128 475
128 644
128 697
129 136
129 141
129 245
129 449
129 468
129 698
129 951
130 723
130 937
130 997
131 161
131 201
131 435
131 496
131 529
131 574
131 742
131 904
131 941
132 325
132 651
132 694
132 726
132 806
132 867
132 929
132 983
133 239
133 745
133 848
134 281
134 316
134 382
134 704
134 715
134 965
135 158
135 358
135 525
135 560
135 675
135 676
135 869
135 930
136 977
137 306
137 690
137 813
138 239
138 292
138 308
138 516
138 798
138 973
139 360
139 364
139 402
139 521
139 960
140 186
140 264
140 506
140 608
140 676
140 811
141 142
141 205
141 384
141 581
141 667
141 748
141 954
142 266
142 622
142 722
142 837
142 840
142 967
143 199
143 376
143 491
143 806
143 846
143 939
144 514
144 531
144 641
144 735
144 799
145 167
145 344
145 506
145 688
145 841
146 236
146 444
146 454
146 722
146 751
147 281
147 348
147 439
147 870
147 909
148 298
148 503
148 610
148 647
148 688
148 762
148 779
148 885
149 536
149 988
150 267
150 415
151 323
151 486
151 667
151 706
151 720
151 856
151 959
152 294
152 357
152 510
152 711
152 793
153 241
153 585
153 650
153 669
153 850
153 890
154 239
154 292
154 856
154 974
155 333
155 421
155 502
155 965
156 248
156 322
156 334
156 804
156 933
157 299
157 479
157 539
157 871
157 893
157 988
158 160
158 760
158 817
158 985
159 191
159 220
159 416
159 914
160 602
160 650
160 957
161 206
161 208
161 274
161 334
161 766
161 846
162 281
162 390
162 527
162 817
162 837
162 853
163 568
163 750
164 339
164 466
164 467
164 479
164 496
164 538
164 882
165 454
165 543
165 988
166 464
166 511
166 900
167 216
167 332
167 556
167 557
167 764
167 814
168 192
168 221
168 263
168 394
169 177
169 368
169 538
169 543
169 645
169 798
169 972
170 280
170 460
170 464
170 619
170 686
170 815
170 864
170 931
171 528
171 676
171 752
171 765
172 252
172 270
172 562
172 903
173 285
173 316
173 369
173 618
174 193
174 308
174 478
175 263
175 500
175 715
175 993
176 335
176 493
176 708
176 814
176 923
177 258
177 310
177 746
177 914
178 390
178 519
178 701
179 234
179 564
179 594
179 796
180 304
180 318
180 565
180 676
180 701
180 748
180 881
181 192
181 324
181 635
181 700
181 813
181 914
181 961
182 280
182 553
182 713
183 347
183 406
183 454
183 695
184 363
184 552
184 618
184 812
184 862
185 301
185 418
185 732
185 857
185 861
185 883
185 943
186 304
186 435
186 477
186 479
186 505
186 771
186 793
187 200
187 229
187 309
187 403
187 487
187 501
187 578
187 595
187 649
188 408
188 626
188 660
189 533
189 537
189 836
189 956
190 239
190 454
190 516
191 390
191 434
191 751
191 945
191 966
192 333
192 421
192 569
192 719
192 765
193 475
193 656
193 767
194 198
194 379
194 409
194 534
194 550
194 624
194 745
194 781
194 898
194 941
194 959
195 263
195 598
195 647
195 699
195 757
196 496
196 498
196 517
196 589
196 668
197 254
197 264
197 338
197 342
197 706
197 801
198 289
198 334
198 506
198 566
198 654
198 952
199 227
199 410
199 636
199 771
200 361
200 479
200 544
200 753
200 974
201 569
201 734
201 874
201 921
202 312
202 340
202 536
202 579
202 639
203 305
203 379
203 674
203 922
204 415
204 469
204 587
204 618
204 800
204 949
205 344
205 386
205 709
205 954
205 968
206 365
206 873
207 261
207 316
207 588
207 634
207 714
208 644
208 671
208 773
208 866
208 875
208 975
209 395
209 546
209 965
210 366
210 711
210 737
210 808
210 848
211 365
211 398
211 432
211 588
212 629
212 773
212 804
212 880
213 261
213 289
213 341
213 422
213 558
213 615
213 619
213 697
214 229
214 419
214 730
215 305
215 405
215 466
215 596
216 283
216 360
216 426
216 563
216 633
216 764
217 254
217 398
217 975
218 374
218 560
218 851
219 355
219 426
219 668
219 713
219 745
219 813
219 886
220 267
220 411
220 431
220 540
220 542
220 947
220 961
220 982
220 983
220 989
221 362
221 369
221 373
221 430
221 465
221 528
221 618
222 439
222 562
222 645
222 698
222 843
224 314
224 382
224 469
224 717
224 829
224 887
224 926
224 933
225 534
225 536
225 563
225 589
225 676
225 706
225 813
225 935
225 969
226 485
226 971
226 973
227 247
227 604
227 721
227 895
227 929
228 406
228 759
228 863
229 349
229 366
230 433
230 712
230 828
230 934
230 957
230 998
231 540
231 661
231 804
231 815
231 881
232 652
232 852
233 346
233 444
233 457
233 465
233 533
233 671
233 788
233 887
234 316
234 383
234 394
234 441
234 723
234 768
234 913
235 279
235 428
235 465
235 626
236 251
236 258
236 506
236 890
237 427
237 430
237 543
237 544
237 814
237 821
237 838
238 340
238 450
238 530
238 751
238 780
238 854
239 515
240 620
240 625
240 863
241 254
241 327
241 461
241 566
241 680
241 738
241 756
241 781
241 817
241 897
241 908
242 659
242 906
242 987
243 843
244 385
244 434
244 532
244 583
245 331
245 369
245 433
245 448
245 463
245 684
245 699
245 883
246 399
246 478
246 542
246 565
247 294
247 330
247 366
247 588
247 613
247 754
247 773
248 256
248 579
248 680
249 437
249 440
249 632
249 722
250 279
250 301
250 590
250 657
250 686
251 320
251 872
252 259
252 689
252 803
252 831
252 979
253 268
253 386
253 663
253 876
253 914
253 983
254 563
254 698
254 742
255 691
255 980
256 528
256 546
257 748
257 809
257 897
257 945
257 985
258 304
258 318
258 333
258 423
258 528
258 539
258 592
258 636
258 978
259 284
259 696
259 716
259 877
259 935
259 973
260 478
260 512
260 525
260 725
261 274
261 278
261 465
261 901
261 922
262 340
262 365
262 969
263 589
263 695
263 727
263 728
263 784
263 801
263 804
263 904
263 916
264 400
264 459
264 483
264 674
264 679
264 739
265 402
265 443
265 686
265 699
266 518
266 561
266 823
266 919
266 984
267 536
268 367
268 509
268 510
268 614
268 845
269 314
269 335
269 344
269 411
269 933
269 950
270 506
270 562
270 630
270 647
270 805
270 808
271 398
271 626
271 638
271 756
271 920
271 943
272 296
272 346
272 445
272 490
272 640
273 431
273 483
273 773
273 794
273 944
274 278
274 599
274 604
274 617
274 913
274 991
275 562
275 568
276 364
276 748
277 579
277 618
278 956
279 858
279 880
279 892
279 905
280 328
280 653
280 666
280 899
281 334
281 340
281 537
281 822
282 345
282 349
282 414
282 528
282 620
282 679
282 685
282 786
282 829
282 838
283 381
283 485
283 522
283 528
283 538
283 628
283 714
283 720
283 783
283 791
284 293
284 578
284 826
284 930
284 961
285 758
285 801
285 917
286 564
286 680
286 886
286 906
286 922
287 357
287 459
287 596
287 926
287 939
287 993
288 472
288 763
288 870
289 332
289 859
290 337
290 370
290 711
290 718
290 876
290 962
291 494
291 905
292 515
292 661
292 848
293 519
293 593
293 633
293 746
293 757
293 777
293 896
295 323
295 751
295 924
296 927
297 574
298 331
298 586
298 843
298 907
299 621
299 622
299 799
299 854
299 861
300 385
300 458
300 526
300 567
300 576
300 722
301 432
301 555
301 637
301 645
301 672
301 676
301 696
301 840
301 841
301 912
302 388
302 393
302 418
302 634
302 864
302 893
303 513
303 533
303 597
303 618
303 934
304 341
304 940
305 399
305 640
305 665
306 353
306 439
306 483
306 556
306 593
306 714
306 728
308 382
308 431
308 463
308 508
309 682
309 684
309 967
310 598
310 746
310 879
311 558
311 561
311 563
311 642
311 659
311 934
312 356
312 502
312 751
313 376
313 465
313 475
313 504
313 509
313 689
313 763
313 782
313 851
314 637
314 657
314 874
314 883
314 954
314 998
315 366
315 410
315 454
315 554
315 653
315 660
315 770
315 912
316 648
316 719
317 363
317 495
317 619
317 814
318 669
318 862
318 989
319 352
319 520
319 553
319 593
319 805
319 881
319 958
320 841
321 342
321 473
321 752
322 417
322 469
322 525
322 586
323 695
323 701
323 970
324 608
325 414
325 504
325 908
326 848
326 893
327 431
327 564
327 676
327 692
328 447
328 778
329 336
329 466
330 462
330 680
330 723
330 840
330 934
331 347
331 357
331 559
331 796
331 837
331 921
331 969
332 606
332 905
333 452
333 505
333 552
334 450
334 536
335 358
335 644
335 800
335 876
336 357
337 626
337 674
337 679
337 924
338 411
338 490
338 545
338 630
338 784
338 834
339 514
339 668
339 734
339 785
339 825
339 961
339 993
340 358
340 510
340 547
340 584
340 692
340 722
340 789
341 412
341 471
341 839
341 902
342 660
342 684
342 700
342 834
342 845
342 891
343 464
344 664
345 397
345 413
345 703
345 777
345 972
346 672
346 694
346 795
346 843
346 925
346 957
347 425
347 620
347 834
348 794
348 816
348 879
349 818
350 357
350 405
350 433
350 738
350 879
350 956
351 488
351 835
352 396
352 428
352 624
352 947
353 497
353 510
353 537
353 806
353 819
353 996
354 476
354 484
354 750
354 957
355 511
355 530
355 584
356 473
356 711
356 809
356 833
356 945
357 399
357 710
358 407
358 607
358 842
359 532
359 602
360 546
360 746
360 913
361 478
361 621
361 729
361 778
362 641
362 943
362 946
363 786
363 852
364 667
364 704
365 606
365 911
366 539
366 604
366 797
366 882
367 431
367 726
367 748
367 778
367 868
367 877
368 640
368 961
369 403
369 809
369 945
369 987
369 991
370 371
370 661
370 696
370 993
371 427
371 627
372 386
372 667
373 525
373 536
373 616
373 665
373 690
374 496
374 760
374 762
374 797
374 815
374 963
375 463
375 786
375 819
375 860
376 393
376 487
376 909
377 518
377 852
378 537
378 743
378 894
379 390
379 482
379 590
379 653
379 733
379 812
380 552
380 887
380 899
381 727
382 441
382 867
383 437
383 858
383 937
383 998
384 784
384 834
384 843
385 757
385 851
386 546
386 595
386 710
387 540
387 697
387 890
388 668
388 728
388 873
389 505
389 779
389 916
390 518
390 526
390 556
390 568
390 587
390 792
390 968
390 987
391 405
391 609
391 711
391 897
391 915
392 407
392 460
392 517
392 597
392 796
393 539
393 707
393 717
393 768
394 445
394 470
394 566
394 683
394 786
395 396
395 826
396 677
396 796
397 534
397 552
397 822
397 971
397 983
398 900
399 481
399 512
399 628
399 773
399 775
399 798
399 836
399 851
399 926
400 534
400 711
400 753
400 947
401 729
401 916
402 553
402 681
403 864
403 897
404 535
404 554
404 742
405 711
405 825
406 628
406 787
406 822
406 991
406 999
407 412
407 797
407 810
407 918
408 484
408 525
408 661
408 726
408 786
408 791
408 805
408 865
408 915
408 958
409 578
409 787
409 964
409 966
410 727
410 776
410 810
410 845
411 554
411 790
411 825
411 908
412 664
412 874
412 980
413 686
413 777
414 773
414 824
415 664
415 693
415 863
415 952
415 995
416 580
416 704
416 720
416 791
417 504
417 537
418 646
418 781
419 547
419 551
419 622
419 665
419 679
420 505
421 581
421 584
421 910
421 912
421 925
422 456
422 583
422 673
422 718
422 902
422 941
422 993
424 952
425 838
425 853
425 898
425 917
426 555
426 723
426 836
426 853
428 526
428 804
428 808
428 890
429 475
429 551
430 652
430 738
430 839
430 859
431 481
431 514
431 820
431 825
431 875
432 680
433 524
433 534
433 815
433 858
434 650
434 989
435 466
435 576
435 719
435 782
435 853
435 860
435 876
436 679
436 945
437 532
437 619
438 491
438 678
438 738
439 583
439 700
439 713
440 477
440 540
440 819
440 977
441 639
441 661
441 710
442 481
442 545
443 497
443 843
444 453
444 475
444 494
444 626
444 865
445 974
446 543
447 558
447 586
448 568
448 935
449 494
449 512
449 574
449 713
450 996
451 613
451 767
452 646
452 875
452 988
453 761
453 818
454 457
454 516
454 575
454 771
455 606
455 614
455 752
455 943
455 985
456 535
456 562
456 777
456 868
456 916
456 938
457 520
457 526
457 912
457 925
458 508
458 531
458 705
458 843
458 931
458 933
458 977
459 629
459 940
461 470
461 543
462 696
462 726
462 840
462 996
464 794
464 992
465 470
465 660
465 720
466 546
466 686
466 869
466 904
467 685
468 627
468 714
468 719
469 503
469 658
469 717
469 760
470 663
470 733
471 601
471 883
471 944
472 640
473 598
473 689
473 904
474 922
474 925
475 532
475 859
476 657
476 842
477 520
477 671
477 747
478 789
478 880
479 690
479 967
480 611
480 849
481 517
481 787
482 781
482 823
483 684
484 623
484 967
485 553
485 757
485 812
485 990
486 503
486 548
486 688
487 503
487 701
487 928
487 964
488 632
488 667
488 723
488 932
488 969
489 601
490 818
490 840
491 602
491 653
491 711
491 793
491 801
491 858
492 722
492 835
492 932
492 963
493 709
494 734
494 895
494 897
495 631
495 711
495 930
496 572
496 711
496 788
497 761
498 600
498 925
498 926
499 838
499 904
500 668
500 673
500 679
500 919
500 969
501 566
501 583
501 646
502 546
502 980
503 763
503 772
503 851
504 530
504 828
505 621
507 557
508 766
508 914
509 526
509 551
510 626
510 818
510 875
511 574
512 729
512 812
512 837
512 855
512 863
512 886
513 742
513 948
514 551
514 739
514 788
515 801
515 805
515 807
516 650
516 834
516 920
517 591
517 761
517 768
518 540
518 816
519 546
519 828
519 927
520 627
520 754
520 846
521 820
522 585
522 620
522 857
523 911
524 618
524 676
524 677
524 694
524 899
525 694
526 559
526 590
526 841
526 863
526 894
527 842
528 616
528 932
529 564
529 751
529 894
530 559
530 618
530 743
531 539
531 726
531 788
531 880
532 750
532 840
533 602
533 690
533 696
533 847
534 803
534 872
534 978
535 668
535 832
536 546
536 680
537 583
537 952
538 592
538 802
538 917
538 940
539 613
539 746
539 975
540 631
540 865
541 724
541 753
541 806
541 898
541 905
541 968
542 588
542 864
543 649
543 715
543 843
543 907
543 989
544 667
544 724
544 829
545 733
546 716
547 568
547 636
547 639
547 671
547 685
547 823
548 552
548 614
549 595
549 898
550 802
550 949
550 978
551 657
551 678
551 976
552 834
553 558
553 621
553 639
553 653
554 582
554 619
554 821
555 900
555 949
556 654
556 702
557 590
557 868
557 960
558 571
558 807
559 583
559 825
560 660
560 818
560 865
560 944
561 611
561 662
563 649
563 722
563 977
564 573
564 604
564 641
564 675
564 916
565 604
565 612
565 677
566 641
566 807
567 602
567 753
568 580
568 657
569 641
569 808
570 735
570 746
570 815
570 832
570 936
571 684
571 995
572 635
572 637
572 840
572 900
572 946
573 646
574 635
574 828
574 931
574 962
575 777
575 965
576 668
576 886
577 774
577 907
578 747
579 608
579 836
580 915
580 948
581 604
581 676
581 823
581 937
581 946
581 958
582 865
584 613
585 610
585 625
585 690
586 654
586 781
586 913
587 606
588 596
588 919
589 723
589 890
590 825
590 899
590 958
591 615
591 802
592 683
593 786
593 928
594 648
595 794
595 894
595 914
596 765
596 781
596 898
597 673
597 961
599 983
600 654
600 763
602 713
602 717
603 639
603 772
603 834
603 896
604 646
604 651
604 964
606 849
607 649
608 640
608 764
608 768
608 868
608 893
609 625
609 756
609 841
609 897
610 720
610 838
610 973
610 993
611 739
611 919
612 661
612 729
612 883
613 884
614 689
614 717
614 797
614 825
614 974
615 735
615 795
615 972
616 643
617 643
618 681
618 803
618 832
618 997
619 786
619 814
619 957
620 976
621 720
621 967
622 635
622 795
623 643
623 829
624 888
625 913
625 926
625 945
626 719
626 996
627 676
627 784
627 795
627 932
627 964
628 881
629 647
629 916
630 635
630 686
631 664
631 665
631 879
631 974
632 646
632 798
632 917
633 695
633 996
634 638
634 781
634 970
635 684
636 670
636 951
636 998
637 650
637 663
637 796
637 860
638 905
639 868
639 874
641 694
641 730
641 750
641 818
641 838
641 999
642 878
642 962
642 967
643 690
643 760
643 988
645 726
645 962
646 759
646 928
646 945
647 766
647 800
647 837
647 971
648 846
650 941
651 713
651 998
652 845
652 883
653 798
653 826
653 849
653 875
655 790
655 883
656 746
656 755
656 878
657 737
658 748
658 802
660 854
661 674
661 921
661 944
661 974
662 761
662 774
662 871
663 687
663 713
665 944
665 974
666 668
666 838
667 820
667 864
667 926
667 962
668 743
668 780
671 979
672 832
672 845
673 854
673 911
674 832
675 942
676 692
676 827
676 835
676 909
676 910
677 695
677 729
677 875
677 958
678 940
678 957
679 934
680 733
680 824
680 905
681 750
681 767
681 827
681 835
682 818
682 826
682 839
682 993
683 710
683 794
683 826
683 849
683 983
684 749
684 933
684 977
685 704
685 742
685 839
685 868
686 696
686 767
686 840
686 897
686 975
686 978
688 952
689 889
689 907
690 872
690 943
691 853
691 909
691 989
692 759
692 816
692 899
694 809
694 828
694 965
695 753
695 916
697 704
697 706
697 734
697 877
697 994
698 961
699 813
699 909
700 762
701 882
701 899
702 965
702 981
704 774
704 778
704 839
704 961
704 982
706 711
706 801
706 826
706 998
707 724
707 831
708 729
709 752
709 788
709 826
710 729
710 783
710 965
711 772
711 895
712 750
712 926
712 997
713 924
713 958
714 839
714 860
714 867
716 773
716 948
717 870
718 862
718 870
718 954
719 924
720 730
720 797
722 739
722 793
722 981
723 942
724 761
724 852
724 967
726 986
726 988
730 890
730 959
731 897
732 779
732 919
732 935
733 845
734 881
735 835
735 856
735 991
737 804
739 749
739 863
739 972
740 897
741 875
742 832
742 853
743 867
743 905
743 983
744 921
745 811
745 848
745 929
746 857
747 782
747 900
748 834
748 953
748 969
750 879
750 957
751 754
751 788
751 829
752 911
752 984
754 851
755 879
755 935
756 881
756 913
756 985
757 995
758 926
760 890
760 898
760 911
761 819
762 769
762 813
763 950
764 882
765 904
765 987
766 794
766 838
767 815
767 871
767 951
768 972
769 882
769 932
771 952
772 815
772 838
774 873
774 889
775 806
775 920
776 850
776 980
777 951
778 914
778 965
778 976
779 844
779 899
779 943
781 870
781 894
784 854
784 936
785 869
785 875
785 926
785 965
786 876
786 920
786 949
787 893
787 911
788 981
789 814
789 873
789 955
791 937
791 962
792 943
792 997
795 934
797 897
798 826
798 837
798 869
800 888
802 919
802 996
803 935
806 841
806 845
808 987
809 915
809 982
810 825
810 876
810 993
811 953
812 929
813 873
813 905
814 818
814 859
815 944
815 959
816 909
817 831
817 863
818 821
818 998
819 936
819 941
821 959
824 910
828 940
828 996
830 972
831 853
831 860
836 839
841 900
842 973
843 859
843 868
843 900
843 912
844 903
844 927
849 990
850 887
851 878
851 960
852 855
854 904
854 906
857 865
858 864
862 888
862 928
862 956
863 954
869 899
870 920
871 998
872 896
873 901
873 991
874 963
875 992
877 946
878 975
878 990
880 977
881 916
882 894
882 910
882 974
882 982
883 924
884 887
884 941
884 975
886 999
887 967
889 920
890 996
892 992
893 940
894 926
894 947
894 991
895 932
896 920
903 926
904 916
907 918
907 924
910 957
910 997
914 983
917 955
917 971
918 944
922 994
924 949
929 960
939 959
941 945
941 958
942 966
949 971
951 990
952 972
956 986
957 999
958 977
961 998
964 986
973 980
973 998
987 992
