0 85
0 245
0 281
0 309
0 382
0 408
0 541
0 709
0 865
1 67
1 221
1 393
1 567
1 625
1 757
2 849
3 89
3 240
3 293
3 481
3 921
3 927
4 376
4 387
4 438
4 493
4 792
4 870
4 928
5 61
5 85
5 132
5 227
5 412
5 513
5 551
5 654
5 714
5 774
5 800
5 869
5 912
5 947
5 989
6 75
6 164
6 316
6 769
6 841
7 259
7 434
7 553
7 714
8 122
8 472
8 644
8 645
8 651
8 771
8 879
9 320
9 356
9 385
9 525
9 598
9 636
9 707
9 904
10 96
10 99
10 548
10 775
10 859
10 879
10 882
10 898
11 55
11 402
11 464
11 544
11 758
11 760
11 885
11 893
11 948
12 363
12 547
13 674
13 916
14 70
14 408
14 450
14 581
14 666
14 820
15 220
15 289
15 613
15 920
15 984
16 188
16 193
16 232
16 238
16 670
16 766
16 797
16 804
16 928
17 401
17 687
17 697
17 735
17 783
18 104
18 243
18 414
19 68
19 180
19 184
19 231
19 330
19 581
19 621
19 724
19 806
20 86
20 138
20 144
20 382
20 779
20 918
20 947
21 28
21 109
21 124
21 387
21 439
21 472
21 493
21 711
21 883
22 30
22 184
22 369
22 460
22 490
22 652
22 676
22 682
22 808
22 817
22 914
23 75
23 265
23 433
23 888
24 34
24 157
24 185
24 245
24 372
24 612
24 639
24 930
25 76
25 89
25 439
25 580
25 814
25 904
26 92
26 579
26 702
26 758
27 327
27 573
27 819
28 64
28 147
28 169
28 232
28 405
28 790
28 948
29 69
29 75
29 247
29 403
29 421
29 578
29 597
29 632
29 834
29 835
29 978
30 58
30 286
30 289
30 381
30 544
30 790
30 852
31 143
31 246
31 326
31 391
31 693
31 763
31 765
32 33
32 68
32 181
32 204
32 210
32 295
32 465
32 747
33 236
33 494
33 765
33 858
34 99
34 157
34 253
34 399
34 411
34 415
34 468
34 632
34 738
34 861
34 868
35 260
35 461
35 709
35 966
36 110
36 153
36 350
36 611
36 723
37 54
37 185
37 281
37 585
37 636
37 747
37 760
38 212
38 236
38 539
38 613
39 150
39 175
39 195
39 279
39 813
40 167
40 362
40 371
40 485
40 553
40 718
41 409
41 512
41 737
41 865
41 888
41 899
41 951
42 171
42 299
42 300
42 364
42 403
42 413
42 461
42 843
42 953
43 282
43 307
43 338
43 690
43 785
44 263
44 406
44 499
44 562
44 690
44 825
44 838
44 947
45 282
45 486
45 506
45 532
45 667
45 875
46 329
46 882
47 112
47 416
47 890
47 915
47 960
48 123
48 138
48 389
48 688
48 779
48 912
49 230
49 313
49 357
49 503
49 779
50 186
50 335
50 438
50 605
50 625
50 800
51 185
51 189
51 355
51 407
51 449
51 489
51 647
51 885
51 886
51 920
52 65
52 213
52 601
52 626
52 663
52 686
53 163
53 324
53 806
54 73
54 268
54 613
54 620
54 658
54 958
55 117
55 150
55 254
55 318
55 396
55 429
55 889
55 893
55 956
56 176
56 281
56 603
56 768
57 348
57 760
58 800
58 938
59 200
59 520
59 565
59 964
60 158
60 386
60 514
60 759
61 275
61 293
61 390
61 418
61 516
61 541
61 694
61 728
61 970
61 993
62 254
62 414
62 463
62 551
62 949
63 162
63 183
63 319
63 685
63 749
64 558
64 562
64 569
64 642
65 196
65 634
65 745
66 435
66 568
66 570
66 576
66 798
66 850
67 141
67 321
67 602
67 712
67 759
68 184
68 856
68 872
69 114
69 221
69 246
69 650
69 977
69 982
70 346
70 372
70 435
70 707
70 725
70 761
70 811
71 330
71 372
71 469
71 548
71 797
72 183
72 312
72 822
72 927
73 137
73 162
73 622
73 774
73 811
73 823
74 375
74 406
74 476
74 596
74 653
74 855
75 146
75 205
75 468
75 780
75 813
75 824
75 890
76 439
76 464
76 506
77 103
77 106
77 126
77 327
77 982
77 990
78 256
78 377
78 480
78 637
78 778
78 816
78 853
78 988
79 554
79 714
79 733
79 892
79 902
79 926
80 190
80 295
80 383
80 515
80 636
81 333
81 364
81 470
81 531
81 620
81 681
81 732
81 809
81 949
82 134
82 217
82 283
82 363
82 700
82 897
83 414
83 417
83 450
83 513
83 633
83 640
83 774
84 255
84 551
84 798
84 944
85 257
85 365
85 451
85 607
85 683
85 762
85 827
85 990
86 190
86 579
86 583
86 764
86 881
86 917
87 360
87 532
87 604
87 625
87 705
87 714
87 997
88 443
89 150
89 352
89 555
89 846
89 949
90 180
90 192
90 649
90 729
90 938
90 994
91 202
91 388
91 443
91 476
91 798
92 272
92 638
92 935
93 628
94 382
94 488
94 502
94 830
95 494
95 657
95 733
95 801
95 874
95 935
95 960
96 328
96 467
96 479
96 533
96 565
96 582
96 683
96 690
96 822
97 168
97 566
97 783
97 842
97 965
98 645
98 811
98 820
98 882
98 901
98 956
98 978
99 241
99 397
99 916
99 949
100 530
100 556
100 598
100 611
100 674
100 783
100 863
100 883
100 885
100 909
101 158
101 166
101 262
101 501
101 546
101 764
101 790
101 834
102 271
102 332
102 659
103 146
103 314
103 434
103 719
103 773
103 797
103 807
103 841
103 847
103 981
104 160
104 194
104 454
104 461
104 693
105 197
105 277
105 421
105 476
105 539
105 840
105 878
106 308
106 447
106 455
106 571
106 783
106 829
107 437
107 644
107 807
107 896
107 979
108 350
108 383
108 532
108 615
108 616
108 715
108 914
109 116
109 200
109 243
110 150
110 235
110 395
110 493
110 566
110 852
110 910
111 211
111 222
111 314
111 414
111 432
111 502
111 508
111 701
111 831
111 839
111 843
112 320
112 830
112 889
112 908
113 225
113 625
114 149
114 773
115 471
115 812
116 308
116 491
116 588
116 592
117 215
117 957
118 537
118 588
118 604
118 675
118 757
118 801
118 855
119 376
119 555
119 565
119 569
119 603
119 773
120 275
120 372
120 375
120 386
120 654
120 688
120 721
120 857
121 146
121 718
121 720
122 123
122 519
122 599
122 671
122 957
123 375
123 903
124 295
124 537
125 410
125 529
125 655
126 226
126 516
126 696
126 790
126 837
126 902
126 947
127 135
127 354
127 549
127 734
127 861
127 922
128 472
128 715
128 915
128 925
129 241
129 360
129 412
129 553
129 656
130 612
131 250
131 362
131 549
131 699
131 704
132 168
132 335
132 684
132 832
133 239
133 243
133 325
134 236
134 309
134 395
134 511
134 760
134 793
135 223
135 307
135 595
135 866
136 337
136 343
136 349
136 476
136 618
136 706
137 256
137 528
137 598
137 644
137 713
137 986
137 989
138 263
138 471
138 669
138 743
138 747
139 195
139 362
139 434
139 677
139 724
139 747
139 750
139 979
139 995
140 211
140 212
140 225
140 639
140 731
141 232
141 712
141 773
141 848
142 191
142 368
142 541
142 643
142 682
142 873
143 252
143 354
143 377
143 445
143 698
143 726
143 882
144 344
144 374
144 380
144 384
145 196
145 323
145 436
146 163
146 663
147 329
147 486
147 747
147 805
147 857
148 374
148 385
148 471
148 551
148 553
148 631
148 840
148 845
149 290
149 489
149 587
149 992
150 223
150 275
150 294
150 689
150 703
150 710
150 790
151 552
151 824
152 218
152 501
152 898
153 314
153 382
153 419
153 550
153 610
153 657
153 990
154 160
154 318
154 338
154 361
154 393
154 439
154 836
155 274
155 365
155 407
155 596
155 657
156 409
156 699
156 730
156 973
156 987
157 333
157 424
157 668
157 693
157 739
157 915
158 241
158 272
158 353
158 357
158 489
158 764
159 458
159 760
159 824
159 922
160 184
160 201
160 486
160 857
160 882
160 886
160 903
160 923
161 541
161 779
161 913
161 959
162 294
162 318
162 442
162 864
162 894
163 346
163 992
164 171
164 669
164 768
164 815
165 398
165 511
165 705
165 879
166 395
166 491
166 646
166 748
166 845
166 943
167 193
167 490
167 504
167 557
167 979
168 335
168 391
168 488
168 548
168 572
169 213
169 423
169 424
169 535
169 682
169 937
169 952
170 188
170 347
170 632
170 673
170 739
171 581
171 666
171 689
171 890
171 963
172 255
172 496
172 507
172 723
172 832
172 842
173 309
173 440
173 838
173 963
173 991
174 416
174 422
174 508
174 818
175 382
175 605
175 906
175 961
176 231
176 367
176 410
176 416
176 480
177 218
177 243
177 268
177 592
177 741
178 333
178 427
178 435
178 467
178 523
178 572
178 583
178 894
179 197
179 217
179 465
179 589
180 205
180 273
180 668
180 764
181 296
181 537
181 735
181 860
181 972
182 450
182 563
182 646
182 681
182 769
182 964
183 607
183 941
183 989
184 264
184 628
185 290
185 304
185 495
185 703
185 919
186 322
186 463
186 523
186 768
187 277
187 450
187 498
187 809
188 219
188 342
188 681
188 699
189 276
189 444
189 759
189 846
189 924
190 290
190 459
191 193
191 224
191 231
191 353
191 407
191 471
191 555
191 894
191 898
192 306
192 313
192 359
192 405
192 411
192 887
193 215
193 628
193 679
193 753
193 754
194 362
194 548
194 931
195 259
195 359
195 368
195 501
195 542
195 741
195 799
196 556
196 864
196 974
197 489
197 501
197 748
198 404
198 481
198 903
199 408
199 481
199 517
199 708
199 961
200 420
200 468
200 514
200 578
200 641
200 847
201 388
201 755
201 756
201 818
201 892
202 211
202 335
202 564
202 600
202 651
202 664
202 878
202 903
203 247
203 272
203 671
203 877
203 931
204 285
204 387
204 782
205 611
206 274
206 461
207 253
207 290
207 428
207 982
208 236
208 294
208 549
208 554
209 428
209 630
209 972
210 333
210 589
210 711
210 735
210 873
211 344
211 511
211 897
212 254
212 279
212 503
212 698
212 713
212 762
212 903
213 431
213 510
213 581
214 230
214 235
214 242
214 638
214 795
214 842
214 927
214 995
215 533
215 567
215 812
215 832
216 264
216 438
216 625
216 666
216 714
216 934
216 963
216 967
216 988
217 502
217 652
218 520
218 806
218 940
219 324
219 345
219 410
219 594
219 804
220 256
220 406
220 634
220 679
221 402
221 440
221 699
221 936
222 238
222 252
222 329
222 451
222 528
222 759
222 893
222 910
223 697
223 715
223 743
223 755
223 976
224 418
224 697
224 947
224 996
225 725
226 824
227 236
227 458
227 464
227 553
227 699
227 798
227 817
228 231
228 238
228 482
228 818
228 838
228 844
229 248
229 289
229 349
229 533
229 596
229 844
230 305
230 688
230 794
231 320
231 502
231 505
231 574
231 695
231 762
231 999
232 280
232 457
232 550
232 733
233 457
233 635
233 654
233 965
234 632
234 920
235 392
235 712
235 782
236 401
236 499
236 611
236 636
236 752
236 837
237 249
237 269
237 357
237 803
237 999
238 357
238 398
238 438
238 534
238 626
238 793
238 820
239 337
239 372
239 695
239 795
240 442
240 499
240 676
240 874
241 762
241 775
241 813
241 856
241 968
242 253
242 503
242 644
242 927
243 413
243 664
243 823
243 893
243 915
244 255
244 483
244 576
244 605
244 858
244 901
245 295
245 316
245 485
245 529
245 679
245 970
246 338
246 520
246 943
247 312
247 493
247 545
247 696
247 887
247 924
248 353
248 410
248 758
248 780
249 575
249 596
249 680
249 824
249 959
250 274
250 340
250 909
251 408
251 526
251 702
251 750
251 753
251 983
252 432
252 472
252 702
253 347
253 450
253 917
254 372
254 376
254 440
254 517
254 722
254 786
254 856
254 869
254 939
255 287
255 290
255 359
255 363
255 380
255 893
255 946
255 993
256 325
256 388
256 920
257 258
257 399
257 541
257 647
257 701
258 450
258 577
258 638
258 658
259 333
259 474
259 527
259 538
259 658
260 318
260 951
260 960
261 265
261 343
261 407
261 600
261 609
261 626
261 721
261 725
262 479
262 792
262 859
263 565
263 627
263 794
263 829
263 868
264 513
264 562
264 730
264 838
264 884
265 429
265 439
265 479
265 687
265 733
265 985
265 999
266 341
266 376
266 408
266 604
266 923
267 299
267 514
267 623
267 688
268 642
268 659
269 292
269 353
269 492
269 613
269 679
270 321
270 352
270 657
271 365
271 791
271 878
271 892
271 954
271 983
271 992
272 293
272 363
272 649
272 834
272 860
273 507
273 702
273 938
274 461
274 591
274 628
274 762
274 969
276 485
276 720
276 760
277 280
277 312
277 453
277 580
277 600
277 836
278 375
278 389
278 456
278 571
278 576
278 711
278 914
279 454
279 759
280 470
280 596
280 623
281 310
281 733
281 927
281 965
281 979
281 982
282 357
282 382
282 622
282 630
282 983
283 537
283 846
283 847
284 407
284 789
284 866
284 923
285 366
285 404
285 454
285 525
285 953
286 672
286 870
286 905
286 965
286 988
286 992
287 315
287 583
288 465
288 515
288 566
288 633
289 444
289 567
289 873
289 889
290 328
290 521
290 738
290 812
291 953
292 311
292 607
292 811
292 836
293 576
293 793
293 978
294 472
294 858
294 903
295 363
295 623
296 344
296 515
296 973
297 343
297 378
297 399
297 763
298 548
298 691
298 740
298 839
298 870
298 965
299 336
299 612
299 698
299 700
299 725
300 572
300 601
301 404
301 617
302 552
302 886
302 992
303 564
303 650
303 736
303 807
303 825
303 887
303 931
304 342
304 372
304 454
304 869
305 498
305 501
305 532
305 623
305 674
305 775
305 837
306 691
306 713
306 738
306 742
306 916
307 359
307 389
308 371
308 416
308 520
308 678
309 573
309 688
309 939
310 326
310 458
310 596
310 705
310 879
311 546
311 585
311 646
311 776
311 802
311 856
312 403
312 944
313 546
313 582
313 690
314 374
314 449
314 597
314 971
315 449
315 943
315 997
316 408
316 620
316 694
316 742
316 937
316 949
317 389
317 504
317 531
317 540
317 670
317 846
318 401
318 528
318 542
318 554
318 750
318 970
319 357
319 370
319 400
320 573
320 979
321 885
322 675
322 959
323 384
323 500
323 768
324 426
324 661
325 340
325 368
325 391
325 538
325 597
326 408
326 498
326 696
326 748
326 813
327 446
327 466
327 653
327 733
327 772
327 846
327 905
327 977
328 634
329 412
329 669
329 913
330 399
330 479
330 573
331 351
331 355
331 388
332 335
332 386
332 824
333 556
333 658
333 700
333 859
334 479
334 503
334 604
334 878
335 460
336 379
336 395
336 551
336 567
336 584
336 888
336 940
336 959
337 390
337 395
338 650
338 777
338 865
338 904
339 600
339 658
339 753
340 451
340 745
340 920
340 955
341 388
341 629
341 680
341 919
342 434
342 454
342 706
342 747
342 903
343 378
343 385
343 604
343 689
343 965
344 758
344 777
345 427
345 471
345 556
345 589
345 987
346 616
346 730
346 813
346 830
346 984
347 455
347 509
347 558
347 624
347 668
347 770
347 924
348 650
348 996
349 545
349 672
349 729
350 388
350 639
350 741
351 515
351 662
351 682
351 708
351 782
351 800
352 456
352 586
352 945
353 369
353 532
353 620
353 635
353 916
354 502
354 560
354 690
354 830
354 881
355 623
355 659
355 768
356 455
356 942
356 977
357 409
357 595
357 635
358 372
358 520
358 529
358 964
359 495
359 512
359 557
360 386
360 407
360 443
360 466
360 915
360 995
361 457
361 522
361 647
361 988
362 378
362 423
362 642
362 931
363 692
364 535
364 663
365 507
366 392
366 579
366 863
367 448
367 598
367 635
367 690
367 721
367 818
367 866
367 901
368 849
368 979
369 480
369 495
369 910
369 945
370 437
370 559
370 572
370 579
371 507
371 535
371 571
371 612
371 700
371 856
371 885
371 913
372 924
372 973
374 385
374 396
374 513
374 639
374 689
375 435
375 535
375 786
375 880
376 383
376 388
376 580
376 591
376 714
376 819
377 395
377 760
378 415
378 515
378 911
378 969
379 801
379 863
379 951
379 968
380 813
380 827
380 854
381 777
381 853
382 459
382 471
382 688
382 782
382 816
382 838
383 512
383 547
383 903
384 636
384 737
385 424
385 579
385 667
385 981
386 814
386 845
386 850
386 901
387 483
387 591
387 604
387 721
387 845
387 905
387 941
388 407
388 477
388 512
388 596
388 980
389 444
389 455
389 485
389 642
389 808
389 844
389 912
390 519
390 538
390 736
391 496
391 872
391 956
392 520
392 667
393 437
393 787
393 885
393 908
394 646
394 872
395 416
395 424
395 486
395 526
395 573
395 748
395 800
396 485
396 650
396 681
396 698
396 717
396 929
397 404
397 978
398 416
398 439
398 449
398 548
399 424
399 427
399 692
399 740
399 907
399 996
400 474
400 534
400 904
401 702
401 821
401 936
402 778
402 818
402 837
402 914
403 629
403 825
403 880
403 900
404 741
404 846
405 647
405 650
405 737
406 414
406 656
406 976
407 533
407 917
407 938
408 646
408 789
408 919
410 622
410 717
410 778
410 801
410 831
410 850
410 909
411 462
411 503
411 971
412 416
412 509
412 604
412 944
413 459
413 522
413 636
413 862
413 912
413 972
413 979
414 638
414 896
415 727
415 976
416 554
416 650
416 728
416 845
416 914
417 484
418 731
418 791
419 620
419 776
419 974
420 473
420 474
420 696
420 815
421 586
421 661
421 960
422 528
422 871
422 906
422 999
425 478
425 584
425 849
426 454
426 519
426 764
426 989
427 454
427 593
427 690
427 749
427 762
427 918
428 590
428 898
429 607
429 976
430 506
430 702
431 746
431 795
433 513
433 611
433 847
433 939
434 446
434 634
434 656
434 904
435 437
435 469
435 572
435 659
435 712
435 731
435 855
435 915
435 924
436 596
436 740
436 854
436 887
436 929
436 947
437 454
437 999
438 732
438 741
438 927
438 952
438 962
440 512
440 534
441 550
441 556
441 604
442 519
442 587
442 591
442 972
443 455
443 465
443 534
443 607
443 679
443 718
443 846
444 551
444 639
444 771
445 972
446 635
446 827
447 464
447 581
447 995
448 476
448 503
448 802
448 849
449 843
450 760
450 903
451 493
451 726
451 988
452 655
452 861
453 684
453 985
453 987
454 521
454 647
454 658
454 748
454 841
454 846
454 860
455 583
455 649
455 752
455 805
456 495
456 793
457 545
457 780
458 756
459 487
459 666
459 829
459 962
460 678
460 881
460 904
461 690
461 913
462 836
463 716
464 715
464 847
464 860
464 946
465 923
466 748
466 894
466 914
466 972
467 892
467 962
468 543
468 832
468 877
469 502
469 785
469 916
470 695
470 915
470 999
471 489
471 516
471 611
471 639
471 648
471 748
471 812
472 493
472 664
472 729
472 792
472 879
472 898
473 512
473 554
473 613
473 647
473 934
475 714
475 734
475 742
475 767
476 477
476 757
476 773
477 513
477 538
477 838
477 947
478 706
479 552
479 626
479 664
480 592
480 910
481 494
481 560
481 641
481 973
481 980
482 811
482 853
482 998
483 486
483 587
483 977
484 833
484 866
485 589
485 642
485 776
486 499
487 524
487 536
487 864
487 883
487 907
488 512
488 527
488 642
488 774
488 915
488 980
489 650
489 657
489 664
489 758
489 778
489 941
490 502
490 593
490 836
491 494
491 982
492 611
492 904
493 651
493 881
494 730
495 501
495 594
495 665
495 714
495 927
496 556
496 558
496 654
496 782
496 793
497 575
497 600
497 720
497 935
497 959
497 974
498 662
498 694
498 938
499 501
499 687
499 756
500 816
501 626
501 673
501 708
502 697
503 651
503 751
503 903
503 937
504 520
504 568
504 624
504 648
504 704
504 751
505 517
505 535
505 801
505 828
505 845
505 930
506 563
506 733
506 776
506 789
506 841
506 847
506 906
507 532
507 809
507 825
507 975
509 946
511 778
511 858
512 562
512 615
512 642
512 887
513 955
514 545
514 867
514 907
514 953
515 748
515 790
516 547
516 822
516 896
516 924
517 558
518 868
518 942
519 711
519 921
520 926
520 979
521 611
521 618
521 627
521 684
521 954
522 560
522 740
522 955
523 737
523 835
523 859
523 890
524 645
525 678
525 715
525 808
525 887
526 577
526 682
526 834
527 699
527 701
527 924
528 547
528 656
528 911
529 602
529 613
529 653
530 599
530 779
530 783
531 580
531 649
531 752
531 851
532 608
532 719
532 756
532 831
532 976
533 712
533 964
535 747
535 920
537 648
537 836
538 615
538 703
538 717
538 931
540 832
541 692
541 788
541 904
542 645
542 946
543 628
543 823
543 911
543 966
544 556
544 588
544 785
544 791
545 586
545 603
545 639
545 733
545 884
546 651
546 817
546 823
547 761
547 810
547 988
547 998
548 555
548 673
548 794
548 993
548 996
549 649
549 666
549 903
549 936
550 653
550 693
550 748
550 755
551 559
551 856
552 976
552 985
554 851
555 557
555 665
555 804
556 796
557 720
558 773
558 806
558 943
559 597
559 701
560 954
561 610
561 701
561 771
561 997
562 952
562 973
563 613
563 632
563 699
563 770
563 825
564 580
564 938
565 638
565 680
565 708
565 775
567 632
568 582
568 583
568 807
569 682
569 908
570 601
570 670
570 711
570 841
570 852
571 791
571 797
571 820
571 865
571 891
572 796
572 857
573 574
573 611
573 670
573 887
574 634
574 743
574 814
574 885
575 715
575 721
576 663
576 922
577 739
578 633
578 775
578 789
579 659
579 696
579 999
580 601
580 634
580 794
580 882
581 716
582 726
582 905
582 929
583 639
583 737
583 917
583 976
583 999
584 626
584 730
584 850
585 639
585 821
585 857
585 955
586 894
587 714
587 773
587 816
587 879
587 947
587 956
588 655
588 674
588 755
588 845
589 987
590 630
590 681
590 722
590 806
590 870
590 953
591 628
591 782
591 886
591 941
591 995
592 780
592 904
593 714
593 875
593 920
594 679
595 608
595 609
595 855
595 884
597 815
598 686
599 640
599 761
599 832
599 854
599 907
599 999
600 812
601 640
602 759
603 817
603 840
603 862
603 967
604 708
604 726
604 731
604 932
604 984
605 718
605 957
606 721
607 616
607 829
608 619
608 825
608 893
609 634
609 954
609 966
610 658
611 661
611 672
612 692
612 700
612 866
613 853
613 867
613 919
613 961
614 777
614 991
615 775
615 966
616 954
617 636
617 674
618 859
618 992
619 732
619 871
619 901
620 836
621 659
621 673
621 761
621 805
621 819
622 649
622 737
622 981
623 843
623 896
624 674
624 882
624 900
624 915
625 800
625 882
625 974
625 989
626 630
627 941
627 977
627 986
628 663
628 749
628 879
628 882
628 900
629 727
629 843
629 865
630 909
630 936
630 941
631 702
631 752
631 907
631 918
632 907
633 703
633 738
633 826
633 866
634 834
636 836
636 860
636 861
637 771
637 804
638 938
639 734
639 860
639 896
640 702
640 809
642 953
644 718
645 732
646 682
646 788
646 798
646 838
647 696
648 705
648 708
648 849
648 885
648 944
649 769
649 780
649 888
649 957
650 727
651 856
652 812
652 816
652 961
653 711
653 722
653 963
653 970
654 798
654 828
655 714
655 846
655 929
656 858
656 932
657 713
657 782
657 880
657 896
657 946
657 961
658 747
658 834
658 945
658 953
659 681
659 768
660 734
660 818
660 923
661 707
661 888
662 663
662 704
663 736
663 910
664 725
664 736
664 910
665 684
665 697
665 778
666 788
667 677
668 930
669 701
669 758
669 815
670 671
670 708
670 825
670 957
671 923
671 955
672 681
672 802
672 833
673 748
674 678
674 691
674 752
674 867
674 944
674 975
675 705
675 845
675 968
676 706
676 983
676 997
677 764
678 730
678 945
679 793
679 934
681 684
681 699
681 755
682 725
683 745
683 994
684 885
685 691
685 739
685 941
685 956
686 722
686 815
686 905
686 997
687 914
688 780
688 903
689 776
689 787
689 865
690 787
690 846
691 786
691 860
692 799
692 813
692 827
692 981
693 718
693 742
693 909
694 826
694 855
694 918
695 896
697 778
698 841
699 909
700 835
701 805
702 717
702 771
702 949
703 716
703 791
703 810
703 827
704 838
705 853
706 734
706 813
706 968
707 752
707 753
707 875
707 975
708 844
708 875
708 960
709 828
709 919
710 957
711 755
711 774
711 974
711 983
712 713
712 747
712 878
712 883
713 754
713 871
713 968
714 805
715 737
715 765
715 766
715 877
716 726
716 797
716 802
718 895
718 986
719 801
720 984
722 888
722 965
722 984
723 787
723 919
724 898
725 803
725 900
726 808
726 836
726 965
727 854
728 867
729 736
729 839
729 884
730 906
731 906
732 968
733 803
733 846
733 901
733 939
734 845
734 982
735 932
736 810
736 814
736 869
737 888
737 926
738 823
738 830
739 833
739 965
740 885
740 907
740 985
741 819
742 873
743 923
744 854
744 871
744 944
744 973
745 770
745 901
746 830
746 860
746 964
747 986
748 993
749 908
751 790
751 839
751 878
751 981
752 819
752 884
753 822
754 818
754 823
754 844
755 770
755 996
756 788
756 990
758 943
759 820
759 847
760 797
760 846
760 910
760 934
760 985
761 813
764 983
765 810
765 814
766 892
767 931
768 779
768 821
769 882
769 938
771 868
771 943
774 898
775 872
777 932
778 842
778 887
778 893
778 905
780 928
781 911
781 929
782 798
782 842
783 860
784 851
784 959
785 915
785 970
786 978
788 956
789 910
790 901
791 953
792 919
793 815
793 952
793 956
797 938
799 808
799 823
799 920
799 972
801 903
801 943
801 965
801 978
803 832
803 889
803 920
803 954
804 906
804 952
805 825
805 971
806 901
807 852
807 918
807 924
807 983
809 849
810 926
812 843
813 830
815 861
815 938
816 895
818 909
818 921
818 965
819 836
822 832
822 847
822 848
822 918
824 837
825 828
827 927
828 859
828 871
828 898
830 917
830 947
831 949
833 844
836 921
837 852
838 860
838 922
838 954
838 984
839 932
840 965
840 976
841 934
842 852
842 953
843 869
844 897
844 944
845 938
845 960
847 992
848 983
850 897
850 949
852 957
854 949
856 911
859 911
860 884
861 957
866 883
868 914
868 937
869 874
869 885
869 976
870 977
873 896
875 910
875 974
877 878
878 885
882 889
882 980
883 916
885 934
886 942
887 925
890 893
890 913
892 993
894 953
896 898
896 946
896 954
897 912
899 993
900 909
900 992
901 979
905 975
907 960
911 933
913 930
914 966
916 991
917 936
917 968
918 941
919 955
919 973
921 997
923 965
929 971
930 937
936 974
939 940
943 985
944 994
947 957
947 958
949 980
955 965
955 999
977 989
980 989
