0 110
0 165
0 180
0 434
0 548
0 670
0 718
0 730
0 740
0 990
1 43
1 237
1 529
1 695
2 511
2 722
3 110
3 199
3 261
3 669
3 747
3 748
3 881
4 274
4 279
4 383
4 528
5 151
5 334
5 536
5 589
5 626
5 671
5 885
6 181
6 221
6 267
6 530
6 666
6 677
6 678
7 86
7 131
7 173
7 271
7 282
7 375
8 189
8 275
8 364
8 428
8 756
9 260
9 586
9 602
9 678
9 758
9 951
10 11
10 161
10 225
10 372
10 457
10 512
10 518
10 705
10 819
10 906
11 105
11 240
11 498
11 575
11 778
11 995
11 997
12 838
12 934
13 131
13 148
13 774
13 786
13 829
14 172
14 209
14 389
14 681
14 911
14 947
14 955
15 49
15 185
15 300
15 883
15 909
15 965
16 21
16 70
16 145
16 246
16 542
16 648
16 732
16 737
16 939
17 279
17 347
17 718
17 752
17 795
17 811
17 908
18 21
18 727
18 854
19 346
19 503
19 568
19 588
19 751
19 952
20 473
20 574
20 651
21 718
21 892
21 911
21 976
22 162
22 233
22 741
22 778
23 223
23 390
23 424
23 514
23 616
23 733
23 743
23 879
24 82
24 132
24 253
24 279
24 680
24 991
25 173
25 519
25 549
25 789
26 70
26 194
26 335
26 381
26 683
27 118
27 607
27 687
27 854
27 911
28 538
28 557
28 654
28 672
28 909
29 106
29 478
29 486
29 658
29 929
30 191
30 199
30 201
30 368
30 680
30 782
30 939
31 327
31 366
31 794
31 982
32 78
32 401
32 471
32 522
32 939
33 81
33 177
33 403
33 415
33 421
33 423
33 544
33 560
34 86
34 113
34 136
34 175
34 533
34 899
35 114
35 166
35 193
35 379
35 449
35 671
35 704
36 103
36 186
36 253
36 292
36 582
36 855
37 453
37 772
38 108
38 305
38 511
38 814
38 907
39 145
39 311
39 573
39 595
39 718
39 732
40 447
40 530
40 870
40 983
41 439
41 631
41 813
41 977
42 339
42 490
42 598
43 122
43 247
43 412
43 563
44 83
44 525
44 969
44 998
45 152
45 260
45 521
45 547
45 992
46 119
46 304
46 336
46 341
46 949
47 124
47 146
47 312
47 607
47 694
48 69
48 111
48 131
48 165
48 215
48 270
48 331
48 429
48 877
48 933
48 987
49 90
49 349
49 601
49 843
49 859
50 73
50 83
50 109
50 336
51 612
51 633
51 818
51 932
52 484
52 538
53 74
53 287
53 628
53 729
54 252
54 424
54 438
54 462
54 696
54 906
54 910
55 82
55 91
55 144
55 156
55 181
55 280
55 392
55 497
55 846
56 112
56 211
56 406
56 424
56 705
56 763
56 898
57 85
57 164
57 179
57 279
57 328
57 487
57 673
57 854
57 859
58 516
58 573
58 799
59 105
59 257
59 926
60 111
60 115
60 122
60 135
60 164
60 262
60 464
60 515
60 537
60 862
60 989
61 179
61 358
61 431
61 450
61 678
61 719
61 779
62 70
62 269
62 602
62 613
62 648
62 687
62 728
63 317
63 751
64 167
64 231
64 709
64 812
65 68
65 622
65 957
65 997
66 233
66 305
66 622
67 70
67 419
67 654
67 866
68 151
68 153
68 196
68 203
68 217
68 405
68 449
68 746
68 970
69 160
69 202
69 463
69 592
69 683
69 696
69 702
69 723
69 809
70 255
70 426
70 452
70 776
70 866
70 983
70 989
71 352
71 440
71 682
72 217
72 354
72 800
72 976
73 128
73 292
73 319
73 628
73 835
73 909
74 331
74 437
74 464
74 605
74 829
75 110
75 257
75 357
75 472
75 553
75 638
75 808
76 96
76 211
76 240
76 317
76 401
76 550
76 554
76 566
76 625
76 643
76 916
76 947
76 963
77 134
77 187
77 190
77 206
77 513
77 566
77 727
77 899
78 277
78 456
78 583
79 196
79 292
79 313
79 586
79 599
79 631
79 687
79 822
79 925
80 658
80 999
81 411
81 421
81 479
82 143
82 256
82 527
82 741
82 743
82 751
83 176
83 230
83 482
83 683
83 688
83 697
83 913
84 282
84 446
84 510
84 686
85 360
85 393
85 645
86 105
86 118
86 125
86 325
86 349
86 389
86 484
87 119
87 146
87 410
87 755
88 293
88 732
88 901
89 235
89 377
89 650
89 700
89 713
89 753
89 780
89 785
89 898
89 916
89 965
90 463
90 711
90 838
91 226
91 253
91 318
91 744
91 779
92 203
92 222
92 276
92 432
92 444
93 133
93 196
93 288
93 317
93 470
93 488
93 543
93 576
93 777
94 319
94 371
94 733
94 896
95 177
95 212
95 299
95 848
96 205
96 322
96 539
96 685
96 702
96 933
97 155
97 398
97 658
97 664
97 929
98 528
99 121
99 593
99 702
99 741
99 813
99 867
99 986
100 264
100 283
100 285
100 581
100 765
100 944
100 959
101 198
101 235
102 226
102 694
102 997
103 118
103 247
103 252
103 281
103 291
103 334
103 357
103 440
103 452
103 481
103 503
103 513
103 517
103 645
103 669
104 471
104 494
104 563
104 764
105 147
105 213
105 425
105 648
105 680
105 797
106 138
106 300
106 518
106 562
106 585
106 723
106 814
106 944
107 317
107 376
107 408
107 409
107 468
107 722
107 834
107 893
108 111
108 483
108 561
108 804
109 152
109 296
109 412
109 572
109 596
109 817
109 912
110 528
110 686
110 856
110 938
111 120
111 588
111 788
111 853
111 948
111 990
112 298
112 322
112 565
112 636
112 837
113 531
113 560
113 606
113 723
113 915
114 171
114 179
114 215
114 305
114 325
114 481
114 743
114 849
115 185
115 263
115 536
115 711
115 769
115 825
116 249
116 366
116 403
116 417
116 540
116 758
116 873
117 229
117 523
117 695
117 736
117 779
117 800
117 802
117 845
117 862
117 933
118 148
118 528
118 671
118 729
118 745
118 886
119 193
119 296
119 402
119 733
119 758
119 990
120 424
120 526
120 562
120 582
120 786
120 861
120 978
120 996
121 574
121 725
121 963
121 984
122 135
122 172
122 217
122 233
122 739
122 909
123 209
123 369
123 552
123 610
123 659
123 732
123 885
124 126
124 209
124 319
124 594
124 906
124 952
124 975
125 214
125 237
125 248
125 276
125 651
125 707
125 940
126 187
126 576
126 608
126 670
126 893
127 337
127 400
127 404
127 576
127 605
127 619
127 709
128 204
128 424
128 437
128 552
128 578
128 604
128 742
128 822
128 870
128 871
128 963
129 169
129 499
129 898
129 936
130 211
130 303
130 639
130 676
130 760
130 882
130 886
131 201
131 324
131 372
131 422
131 437
131 457
131 469
131 519
131 707
131 736
131 749
131 985
132 262
132 283
132 368
132 578
133 443
133 588
133 603
133 929
133 934
134 201
134 209
134 224
134 272
134 392
134 591
134 618
134 622
134 702
135 305
135 505
135 830
135 832
135 850
135 854
135 914
135 942
135 973
136 434
136 636
136 723
138 162
138 302
138 420
138 641
138 677
138 990
139 415
140 159
140 278
140 580
140 737
140 785
141 194
141 230
141 557
141 951
141 978
142 259
142 267
142 401
142 654
142 872
143 480
143 813
144 294
144 302
144 882
144 956
145 489
145 543
145 872
145 991
146 174
146 330
146 443
146 494
146 689
146 701
146 778
146 950
147 526
147 538
147 747
147 773
148 441
148 565
148 666
148 984
149 170
149 335
149 409
149 419
149 661
149 665
150 300
150 340
150 516
151 527
151 617
151 805
151 818
151 902
151 985
152 164
152 748
152 780
152 896
153 173
153 844
154 416
154 516
154 581
154 854
154 912
154 970
155 384
155 489
155 527
155 540
156 187
156 564
156 626
156 789
156 803
156 911
157 374
157 884
157 936
157 961
158 226
158 246
158 388
158 713
159 305
159 403
159 599
159 684
159 812
159 853
160 201
160 410
160 518
160 760
161 837
162 163
162 623
162 626
162 878
163 378
163 901
164 194
164 269
164 644
164 750
164 845
164 969
165 239
165 381
165 437
165 525
165 769
166 514
166 528
166 821
167 483
167 541
167 566
167 597
167 750
167 770
167 952
167 953
168 303
168 323
168 912
168 916
168 998
169 418
169 425
169 451
169 455
169 762
169 851
169 904
169 909
170 250
170 369
170 425
170 628
170 768
170 902
171 277
171 486
171 556
171 628
171 679
171 701
171 751
171 787
171 917
171 973
172 581
173 311
173 324
173 484
173 693
173 739
173 749
173 838
173 971
174 228
174 422
174 590
174 844
174 861
174 884
175 580
175 634
175 859
175 980
176 238
176 369
176 791
176 822
177 455
178 227
178 434
178 484
178 504
178 573
178 644
178 800
178 822
178 833
178 937
179 398
179 552
179 572
179 655
179 832
179 847
180 184
180 401
180 489
180 952
180 956
181 272
181 317
181 365
181 409
181 422
181 714
182 264
182 639
182 689
182 694
182 776
182 840
183 660
183 918
183 920
183 974
183 996
184 387
184 479
184 587
184 716
184 808
184 907
185 302
185 311
185 894
185 966
186 772
186 951
187 233
187 490
187 681
187 793
188 457
188 508
188 635
188 777
188 877
189 367
189 581
189 617
189 747
189 936
189 945
190 223
190 266
190 516
190 704
190 880
190 955
191 220
191 270
191 347
191 584
191 716
191 778
192 827
192 849
192 857
192 872
192 904
192 909
193 580
193 933
193 996
194 405
194 411
194 556
194 899
194 905
194 984
195 200
195 398
195 571
195 762
195 768
196 267
196 291
196 849
196 860
196 879
196 901
196 908
197 242
197 333
197 347
197 591
197 597
197 620
198 302
198 348
198 401
198 535
198 966
199 255
199 605
200 381
200 426
201 475
201 583
201 725
201 760
201 822
202 434
202 605
202 618
202 662
202 749
202 829
203 265
203 314
203 764
203 855
203 887
203 899
204 289
204 524
204 633
204 685
204 776
204 850
204 992
204 995
205 231
205 361
205 397
205 418
205 448
205 753
205 860
205 896
205 935
207 555
207 716
207 823
207 875
208 399
208 459
208 529
208 716
209 240
209 260
209 270
209 332
209 335
209 478
209 661
210 234
210 812
210 831
211 282
211 378
211 512
212 272
212 363
212 627
212 650
212 942
213 307
213 396
213 399
213 784
213 838
214 301
214 302
214 579
214 702
214 830
214 994
215 299
215 432
215 544
215 559
215 562
215 563
215 596
215 747
216 302
216 453
216 544
216 786
216 892
216 901
216 963
216 970
217 575
218 687
218 894
218 904
218 946
219 466
219 561
219 794
219 905
219 932
219 975
220 298
220 469
220 602
221 258
221 534
221 817
222 310
222 315
222 366
222 501
222 673
222 757
223 576
223 632
223 664
223 804
224 243
224 348
224 415
224 504
224 525
224 569
224 653
224 933
225 263
225 739
225 829
225 960
226 233
226 321
226 375
226 474
226 487
226 590
226 671
226 699
226 745
226 754
226 755
227 686
227 687
227 754
228 318
228 470
228 588
229 337
229 640
229 762
230 286
230 521
230 761
231 322
231 547
231 828
231 864
231 903
231 983
232 327
232 380
232 623
232 731
232 910
233 845
233 847
233 889
233 959
234 371
234 393
234 549
234 584
234 935
235 615
235 752
236 247
236 286
236 362
236 466
236 547
236 619
236 931
237 316
237 343
237 545
237 779
237 885
238 446
238 775
239 326
239 396
239 474
240 396
240 500
240 614
240 791
240 904
241 337
241 390
241 395
241 476
241 598
241 796
241 810
242 347
242 466
242 579
242 627
242 791
242 948
243 393
243 520
244 383
244 541
244 933
245 253
245 255
245 332
245 372
245 458
245 785
246 253
246 277
246 487
246 499
246 678
246 696
246 734
246 757
246 942
247 440
247 504
247 618
247 710
247 722
247 749
247 859
248 292
248 357
249 300
249 341
249 920
249 922
250 419
250 840
251 260
251 369
251 445
251 483
251 867
252 441
252 631
252 768
252 792
252 796
252 938
253 324
253 375
253 414
253 536
253 556
253 647
253 686
253 827
253 888
254 470
254 534
254 551
254 785
255 308
255 364
255 478
255 495
255 799
256 310
256 511
256 778
256 932
257 271
257 716
258 276
258 440
258 692
258 852
259 318
259 534
259 535
259 697
259 805
259 857
260 296
260 964
261 894
261 928
261 973
262 494
262 777
262 855
263 610
263 704
264 436
264 626
264 652
264 813
264 822
264 896
265 505
266 357
266 555
266 604
266 907
267 484
268 325
268 521
268 528
268 756
268 792
268 864
268 969
269 392
269 430
269 683
269 747
269 794
270 376
270 634
270 700
270 846
271 336
271 454
271 557
272 448
272 707
272 769
272 784
272 794
272 844
272 985
272 998
273 434
273 477
273 581
273 603
273 759
273 844
273 972
274 375
274 410
274 470
274 623
274 747
275 295
275 620
275 685
275 754
275 911
276 316
276 333
276 472
276 758
276 823
277 353
277 517
277 893
278 639
278 760
279 654
279 668
280 408
280 443
281 326
281 452
281 508
281 860
282 325
282 434
282 665
282 895
282 956
282 965
283 315
283 714
283 835
284 364
284 485
284 875
285 286
285 468
285 599
285 694
285 810
285 893
286 490
286 519
286 771
286 928
287 581
288 367
288 391
288 427
288 560
288 672
288 748
288 794
288 829
288 939
289 458
289 740
289 871
290 343
290 405
290 504
290 661
290 766
290 933
291 366
291 376
291 399
291 436
291 469
291 482
291 533
291 659
292 584
292 651
292 725
292 743
292 989
293 320
293 629
293 721
294 371
294 378
294 810
294 877
294 892
294 945
295 379
295 805
296 687
296 715
296 986
297 412
297 674
297 715
297 954
298 462
298 795
298 896
299 344
299 504
299 540
299 609
299 639
299 930
300 466
300 860
300 865
301 425
301 465
301 747
302 438
302 548
302 941
302 997
303 571
303 632
303 711
303 808
303 830
303 932
304 360
304 406
304 942
305 478
305 572
305 645
305 706
305 961
306 382
306 834
306 863
307 581
307 678
307 830
307 879
309 374
309 410
309 811
309 843
309 950
309 953
310 333
310 540
310 691
310 741
310 831
311 657
311 695
312 502
312 754
313 538
313 999
314 388
314 389
314 614
314 796
314 947
315 529
315 586
315 736
315 783
316 318
316 746
316 852
316 959
317 590
317 672
317 709
317 803
317 851
317 884
318 508
318 537
318 629
318 778
318 893
319 346
319 551
319 553
319 809
320 387
320 605
320 623
320 664
320 804
320 834
320 957
321 410
321 558
321 924
322 450
322 759
323 350
323 381
323 577
323 628
323 703
323 858
324 369
324 400
324 522
324 714
324 908
324 937
325 331
325 670
325 882
325 883
326 330
326 606
326 866
327 576
327 577
327 672
327 755
327 941
327 986
328 337
328 536
328 599
328 689
328 923
328 988
329 622
329 765
329 781
329 971
329 973
329 982
330 884
331 432
331 480
332 364
332 477
332 494
332 851
332 935
333 436
333 440
333 539
333 825
333 850
334 443
334 514
334 575
334 860
335 513
335 574
335 823
336 370
336 397
336 442
337 381
337 395
337 655
337 990
337 999
338 443
338 502
338 503
338 657
338 726
338 740
338 812
339 664
339 790
340 383
340 419
340 444
340 481
340 707
340 806
341 724
341 753
341 788
341 800
341 817
341 998
342 491
342 697
342 894
343 381
343 578
343 863
345 466
345 563
345 856
346 576
346 968
347 602
347 748
347 792
347 942
348 469
348 486
348 745
349 431
349 472
349 726
350 385
350 536
350 675
350 701
350 785
350 957
351 372
351 400
351 653
351 705
351 737
351 835
351 884
351 885
352 489
352 590
352 901
353 669
353 823
354 385
354 412
354 570
354 616
354 970
355 367
355 559
356 375
356 711
356 778
356 825
356 835
356 924
357 382
357 395
357 576
357 595
357 762
358 571
358 652
358 759
358 816
359 677
359 922
359 986
360 570
360 966
361 415
361 430
361 433
361 682
361 690
361 826
361 941
362 383
362 872
362 992
363 543
363 658
363 703
363 820
364 446
364 455
364 882
364 939
364 988
365 502
365 645
366 603
366 943
366 954
366 979
367 381
367 447
367 702
367 809
367 844
368 511
368 736
368 871
368 889
369 664
370 431
370 444
370 541
370 605
370 707
370 873
371 649
371 836
371 988
372 553
372 583
372 701
372 809
372 997
373 479
373 640
373 681
374 417
374 425
374 654
374 744
374 762
374 778
374 842
374 974
374 984
375 432
375 494
375 624
375 765
375 799
375 879
376 410
376 639
376 671
377 550
377 621
378 513
378 909
379 529
379 742
380 429
380 843
380 995
381 938
382 471
382 635
382 737
383 391
383 542
383 846
383 863
384 627
385 639
385 764
385 858
385 981
386 478
386 675
387 390
387 562
387 652
387 662
387 689
387 714
387 723
388 766
388 890
388 920
389 589
389 681
389 809
389 849
390 630
390 631
390 948
390 954
391 415
391 428
391 561
391 586
391 639
391 943
392 425
392 753
392 766
393 665
393 711
393 982
394 409
394 532
394 667
394 841
395 541
396 403
396 672
397 571
398 567
398 846
398 867
398 877
398 933
399 408
399 425
399 755
399 894
399 991
400 666
400 723
400 832
401 623
401 788
401 859
402 514
402 619
402 740
402 930
402 932
402 941
402 952
403 417
403 477
403 650
403 997
404 513
404 602
405 482
405 565
405 567
406 500
406 557
406 584
406 685
406 943
407 498
407 661
407 716
408 544
408 575
408 936
408 997
409 483
409 738
409 957
409 965
410 454
410 764
410 852
411 603
411 638
411 709
411 781
411 813
412 429
412 763
413 513
413 707
413 995
414 702
414 757
414 786
414 825
414 953
414 958
415 959
416 639
416 696
417 650
417 671
417 825
418 465
418 467
418 540
418 826
419 453
419 521
419 553
419 581
419 816
419 850
420 517
420 548
420 653
420 735
420 857
421 572
421 891
421 945
421 966
421 994
422 530
422 597
423 843
424 776
424 803
425 554
425 570
425 645
425 957
426 530
426 937
427 598
427 627
427 818
428 744
428 865
428 960
429 437
429 469
429 519
429 623
429 717
429 938
431 507
431 586
431 960
432 513
432 520
432 670
432 867
433 474
434 458
434 523
434 666
434 674
434 709
435 436
435 464
435 844
436 481
436 860
437 526
437 706
437 757
437 774
437 861
437 889
438 659
439 461
439 647
439 667
439 684
439 753
439 767
439 888
439 941
441 710
441 726
441 736
441 915
442 534
442 895
442 932
442 962
442 982
443 735
443 747
443 798
443 882
443 929
443 986
444 515
444 573
444 719
444 972
445 488
445 622
445 631
445 657
445 909
446 567
446 617
446 756
447 482
447 537
447 610
447 676
447 755
447 859
447 982
448 471
448 870
448 955
449 667
449 829
449 885
450 645
450 884
450 901
450 990
451 860
451 999
452 615
452 694
452 866
453 620
453 722
453 852
453 909
453 958
453 974
454 466
454 997
455 478
455 825
456 733
456 952
456 972
457 573
457 852
457 993
458 863
458 885
458 888
459 468
459 565
459 616
459 679
460 674
460 729
460 938
461 528
461 542
461 556
461 589
461 598
462 468
462 496
462 948
463 763
463 794
463 819
465 650
465 711
465 859
465 892
465 939
465 940
466 506
466 561
466 609
466 623
466 630
466 866
467 535
467 832
468 611
469 499
469 677
469 744
469 890
470 488
470 627
470 892
471 587
471 723
472 540
472 676
472 693
472 913
473 602
473 762
473 930
473 963
474 579
474 763
475 645
476 485
476 540
476 556
476 721
476 806
476 818
476 994
477 614
477 788
477 848
478 692
478 780
479 686
479 870
480 496
480 860
480 977
480 984
481 710
481 806
481 834
482 620
482 744
482 784
482 810
482 879
482 895
483 548
483 722
483 924
484 654
484 745
484 836
484 843
485 644
485 721
485 821
485 878
486 686
486 944
488 741
488 771
488 777
488 815
488 870
489 643
489 787
489 854
491 596
492 816
492 988
493 525
493 856
494 692
495 583
495 606
496 680
496 721
496 994
497 593
497 717
497 876
497 970
498 606
498 819
498 901
498 982
499 540
499 678
499 960
499 964
500 523
500 624
500 700
500 734
500 800
500 814
500 904
501 518
501 777
501 898
502 504
502 747
502 780
503 654
503 959
504 685
504 914
504 957
505 506
505 842
506 611
506 774
506 901
507 595
507 705
509 518
509 698
509 966
510 541
510 692
510 707
510 814
511 638
511 865
511 886
511 887
512 668
512 746
512 812
513 760
513 847
514 616
514 636
514 657
515 984
515 995
516 767
516 858
517 694
517 701
517 712
517 764
517 834
517 916
518 578
518 637
518 843
518 932
519 932
520 626
520 880
521 574
521 788
521 853
522 744
523 707
523 865
523 925
524 757
524 904
525 638
525 812
525 922
526 593
526 647
526 791
526 953
527 825
527 845
528 833
528 888
529 710
530 554
530 709
530 831
531 535
531 739
531 859
532 650
533 731
533 899
534 689
534 738
534 764
534 866
534 965
534 992
535 913
536 642
536 816
538 558
538 565
538 650
538 708
539 557
539 765
540 569
540 570
540 728
540 932
540 995
541 564
541 678
541 739
541 807
541 986
542 719
542 821
543 626
543 655
544 657
544 706
544 734
544 940
545 626
545 649
545 767
545 798
545 902
545 999
546 940
548 807
549 614
549 752
550 812
550 825
551 659
551 806
552 562
552 753
552 966
554 579
554 783
554 819
554 866
554 922
555 752
556 939
557 690
557 832
558 582
558 718
558 831
559 688
559 707
559 710
559 863
559 873
560 723
560 875
561 724
561 869
561 926
562 779
562 810
562 943
563 569
563 645
564 673
564 818
564 846
564 868
564 870
564 883
566 578
566 610
566 827
566 897
567 606
567 670
568 595
568 624
568 812
568 889
568 953
569 580
569 691
569 793
569 870
570 714
570 731
570 864
571 598
571 724
571 792
572 576
572 600
573 735
573 754
573 763
573 786
573 895
573 982
574 623
575 605
575 685
575 961
576 823
576 850
577 649
577 867
578 698
578 754
578 787
578 991
580 885
581 792
581 795
582 605
582 701
582 705
583 587
583 716
583 898
583 983
584 588
584 985
585 676
585 851
586 715
586 946
587 667
587 685
588 977
589 614
589 866
589 921
590 786
590 789
590 814
591 796
591 846
591 894
592 689
593 604
593 828
593 901
594 879
595 822
595 948
596 668
596 673
596 835
597 999
598 669
598 802
599 610
599 844
600 680
600 692
600 720
600 770
601 675
601 901
602 753
602 944
603 989
605 619
605 793
605 813
605 830
606 641
606 761
607 962
608 996
609 693
609 722
609 861
610 627
610 668
610 826
611 738
611 815
612 714
612 753
615 906
616 734
616 905
618 657
619 659
619 709
620 802
620 881
622 857
623 747
623 774
623 983
626 858
627 841
627 951
628 698
628 896
629 713
629 870
629 876
629 977
630 702
630 734
630 793
630 830
630 904
630 991
631 675
632 691
632 919
632 947
633 743
634 986
635 980
637 652
637 770
637 832
637 986
638 714
638 719
638 732
639 892
639 951
641 975
641 996
642 719
643 962
643 991
644 809
645 694
645 787
646 676
646 825
649 826
650 705
650 998
652 752
652 790
652 951
652 969
653 735
653 781
653 868
654 748
655 693
655 743
655 848
655 892
655 920
656 760
657 775
657 779
657 863
658 757
658 816
658 985
659 922
660 909
660 958
660 974
661 854
661 879
661 999
662 749
663 745
664 792
664 931
667 916
668 744
668 766
668 860
668 919
668 967
669 714
669 715
669 717
669 828
669 906
669 958
669 990
671 768
671 842
671 899
672 679
672 887
672 936
674 948
676 689
676 693
676 775
676 821
676 980
677 772
678 739
678 805
678 966
679 719
679 911
679 996
680 714
680 775
680 868
681 769
682 689
682 745
683 703
683 839
683 878
683 880
683 892
683 992
683 993
684 776
684 800
684 817
684 885
685 906
687 729
688 695
688 843
688 863
689 713
689 724
689 830
690 715
690 881
690 961
691 720
691 778
691 858
691 863
691 972
692 999
695 834
695 869
696 807
696 884
696 937
696 938
697 790
697 950
698 724
700 717
700 771
700 789
701 784
702 820
702 887
702 936
702 966
704 757
705 970
706 944
707 730
708 713
708 982
709 768
709 914
710 775
710 910
711 755
711 859
711 866
712 715
713 934
713 971
714 917
715 785
715 789
715 859
715 861
716 735
716 822
717 914
718 768
718 896
719 954
720 805
720 904
721 973
721 989
721 996
722 985
723 763
723 934
723 944
723 978
724 763
724 892
724 964
724 992
725 735
725 777
726 864
726 954
727 880
728 920
729 768
729 830
730 765
730 815
731 745
731 777
731 931
732 751
732 848
732 946
733 844
734 969
735 876
735 986
736 785
736 970
737 845
737 856
738 937
739 976
740 974
741 984
742 808
742 849
743 985
743 995
745 755
745 844
746 964
746 970
747 776
747 930
748 749
748 847
748 970
749 903
750 790
750 791
750 866
750 962
752 960
756 805
756 993
757 828
757 880
758 989
759 838
759 839
760 920
761 921
762 925
763 968
765 968
767 868
767 941
768 959
770 936
770 950
772 799
772 808
772 822
772 831
773 893
774 854
774 961
775 865
775 937
775 946
776 964
777 786
777 810
777 818
778 789
778 910
778 938
781 828
781 907
781 920
783 963
785 950
785 964
785 972
786 853
787 960
789 806
789 933
790 813
790 840
793 891
793 929
794 805
794 878
795 809
796 878
796 908
798 935
798 983
799 843
799 919
799 925
799 997
801 989
802 881
802 979
804 820
805 911
805 964
806 933
807 980
808 953
808 996
810 886
811 832
813 898
816 840
816 894
819 990
820 992
822 971
824 935
825 844
825 952
825 986
826 850
827 859
828 834
831 834
831 845
831 889
831 914
836 855
837 850
837 958
838 841
838 980
839 983
840 944
840 980
842 884
842 976
843 960
844 986
844 998
847 947
848 903
848 965
851 991
852 888
854 932
855 867
855 960
857 893
857 981
858 888
858 944
859 938
860 900
861 908
861 980
864 889
865 896
865 934
866 979
867 875
869 949
870 949
871 945
873 909
873 922
874 921
875 999
877 938
878 961
882 911
883 967
885 940
887 900
888 903
890 895
890 900
891 985
894 986
895 914
898 985
902 921
902 965
902 987
903 950
903 958
904 916
906 918
909 914
909 956
911 967
912 918
912 919
912 970
914 947
915 954
916 991
918 947
920 941
922 946
922 988
926 929
927 962
927 970
932 937
932 952
934 937
937 961
939 983
941 954
942 943
946 948
950 979
994 998
996 999
