0 281
0 293
0 413
0 573
0 578
0 697
0 907
0 987
1 30
1 72
1 560
1 587
2 271
2 477
2 483
2 603
2 611
2 625
2 777
2 794
2 858
3 86
3 377
3 703
3 813
3 919
3 929
4 33
4 127
4 261
4 699
4 879
5 72
5 362
5 602
5 838
6 185
6 223
6 581
6 746
6 842
6 991
7 48
7 84
7 287
7 661
7 782
7 998
8 15
8 78
8 266
8 359
8 415
8 542
8 731
8 821
8 911
8 986
9 102
10 39
10 353
10 589
10 606
10 705
10 897
10 943
11 94
11 316
11 421
11 473
11 481
11 616
11 781
11 930
12 197
12 304
12 361
12 418
12 514
12 717
13 33
13 38
13 324
13 371
13 738
13 946
14 204
14 362
14 491
14 628
14 855
15 124
15 228
15 438
15 744
15 831
15 839
16 47
16 217
16 357
16 525
16 717
16 847
17 30
17 165
17 448
17 589
17 844
17 865
18 168
18 541
18 670
18 802
18 953
19 49
19 76
19 979
20 253
20 672
21 287
21 432
21 441
21 492
21 538
22 75
22 146
22 268
22 568
23 169
23 265
23 643
23 660
23 739
23 742
23 825
23 895
24 410
24 524
25 138
25 147
25 166
25 318
25 853
26 47
26 68
26 234
26 306
26 869
27 91
27 220
27 348
27 418
27 489
27 526
27 738
27 821
28 168
28 308
28 637
28 758
28 950
28 999
29 66
29 212
29 550
29 613
30 176
30 360
30 470
30 513
30 693
30 879
31 98
31 130
31 175
31 282
31 336
31 453
31 541
31 636
31 819
31 909
31 916
32 263
32 395
32 697
33 40
33 199
33 222
33 662
33 687
33 696
34 59
34 185
34 321
34 707
34 751
35 408
35 415
35 465
35 545
35 674
35 777
36 178
36 555
36 583
37 389
37 568
38 145
38 270
38 355
38 499
38 574
38 685
38 778
39 260
39 295
40 364
40 579
40 767
41 56
41 108
41 323
41 819
42 54
42 103
42 271
42 318
42 448
42 759
42 903
43 78
43 172
43 200
43 388
43 748
44 132
44 169
44 262
44 393
44 501
44 623
44 802
45 100
45 148
45 245
45 267
45 329
45 437
45 675
45 785
46 123
46 300
46 312
46 661
46 885
47 315
47 509
47 782
47 922
47 952
48 107
48 233
48 306
48 325
48 346
48 492
48 539
48 637
48 840
48 894
49 292
49 306
49 352
49 621
49 630
49 786
49 818
50 65
50 125
50 473
50 866
51 118
51 584
52 285
52 319
52 354
52 474
52 640
52 830
52 991
53 116
53 293
53 337
53 467
53 504
53 510
53 738
53 795
53 852
54 157
54 245
54 267
54 592
54 632
54 733
54 773
54 861
55 156
55 220
55 319
55 362
55 499
55 514
55 826
56 351
56 400
56 412
56 549
56 845
56 922
56 966
57 145
57 180
57 402
58 186
58 217
58 232
58 266
58 864
59 271
59 573
59 823
59 862
59 932
59 990
60 93
60 112
60 509
60 768
60 888
61 115
61 398
61 637
61 724
61 909
61 932
62 67
62 322
62 367
62 393
62 552
62 811
63 267
63 367
63 377
63 380
63 867
63 889
63 948
64 447
64 572
64 849
65 122
65 897
66 145
66 171
66 342
66 444
66 460
66 551
66 802
66 990
67 156
67 219
67 502
67 675
67 741
67 970
68 273
68 411
68 414
68 607
68 786
68 877
68 975
69 126
69 748
69 909
69 964
70 395
70 439
70 520
70 653
70 663
70 791
70 875
71 84
71 107
71 159
71 365
71 375
72 173
72 193
72 194
72 214
72 390
72 461
72 538
72 563
72 615
72 724
72 836
72 838
72 934
72 971
73 138
73 296
73 310
73 442
73 616
73 680
73 828
73 871
73 926
74 117
74 132
74 150
74 233
74 452
74 508
74 711
74 909
74 977
75 347
75 541
76 221
76 761
76 860
76 930
77 390
77 517
77 600
78 168
78 192
78 249
78 279
78 456
78 561
78 570
78 660
78 699
78 755
78 771
79 139
79 142
79 228
79 407
79 535
79 569
79 604
79 606
79 928
79 993
80 268
80 327
80 596
80 797
80 822
81 126
81 392
81 464
81 633
82 589
82 793
83 245
83 512
83 536
83 606
83 712
83 904
84 414
84 669
84 887
85 157
85 353
85 582
85 622
85 744
85 758
85 772
86 131
86 328
86 386
86 793
86 804
86 963
87 92
87 660
88 159
88 172
88 188
88 197
88 211
88 485
88 592
88 787
88 902
89 285
89 342
89 497
89 608
89 847
90 397
90 529
90 591
90 634
91 658
92 210
92 303
92 554
92 854
93 184
93 720
93 892
93 944
94 247
94 734
94 808
94 896
94 965
95 159
95 251
95 352
95 439
95 482
95 514
95 562
95 623
95 728
95 966
96 474
96 486
96 601
96 679
96 733
96 941
97 247
97 436
97 557
97 594
97 625
97 687
97 982
98 374
98 622
99 362
99 844
100 149
100 331
100 719
100 893
101 153
101 237
101 256
101 329
101 792
101 972
101 987
102 334
102 489
102 651
102 682
103 110
103 179
103 182
103 400
103 518
103 674
103 681
103 852
104 143
104 254
104 555
104 850
105 886
105 935
106 628
106 880
106 991
106 994
107 129
107 416
107 527
107 547
107 573
107 634
108 259
108 274
108 297
108 356
108 421
108 610
108 788
109 123
109 303
109 309
109 357
109 474
109 773
109 843
110 113
110 153
110 341
110 916
110 985
111 155
111 233
111 594
111 611
111 624
111 637
111 741
112 689
112 959
112 970
113 533
114 587
114 700
114 702
114 727
115 274
115 575
115 934
115 975
116 408
116 518
116 775
116 808
116 845
117 154
117 301
117 537
117 683
118 122
118 430
118 520
118 583
118 648
118 734
118 868
119 418
119 483
119 543
119 704
119 846
119 892
120 393
120 528
120 584
120 585
120 595
120 722
120 961
121 141
121 302
121 496
121 534
121 643
121 739
121 875
122 630
122 809
122 819
123 437
123 488
123 663
123 726
124 234
124 523
124 590
124 607
124 718
124 823
125 141
125 681
125 903
126 276
126 445
126 528
126 724
127 677
127 928
127 932
128 299
128 312
128 447
128 463
128 485
128 516
129 147
129 395
129 421
129 426
130 361
130 468
130 539
130 567
130 652
130 656
130 748
130 998
131 136
131 502
131 592
131 688
131 689
131 762
131 930
132 317
132 420
132 462
132 566
132 595
132 629
132 653
132 800
132 898
132 947
133 306
133 365
133 435
133 518
133 734
133 943
134 275
134 845
135 298
135 337
135 401
135 515
135 647
135 844
135 933
135 965
136 347
136 451
136 470
136 543
136 883
137 303
137 520
137 734
137 916
137 967
138 139
138 331
138 479
138 885
138 948
139 370
139 778
140 147
140 377
140 599
140 688
140 850
141 708
141 805
141 909
141 935
142 246
142 257
142 745
142 994
143 166
143 239
143 278
143 493
143 537
143 621
143 733
143 760
143 818
143 836
143 918
143 931
144 228
144 552
144 618
144 784
144 828
145 457
145 484
145 490
145 594
145 761
145 792
145 972
146 156
146 214
146 248
146 432
146 552
146 693
147 187
147 192
147 292
147 314
147 348
147 455
147 728
147 737
147 766
147 857
147 933
147 984
148 285
148 464
148 535
148 792
149 184
149 263
149 494
149 761
149 778
150 298
150 502
151 386
151 676
152 395
152 432
152 506
152 712
152 721
152 853
152 873
152 919
152 946
153 275
153 284
153 682
153 825
153 832
154 355
154 655
154 668
154 736
154 832
154 839
155 224
155 246
155 326
155 696
155 767
156 206
156 325
156 366
156 515
156 525
156 560
156 845
156 886
156 994
156 995
157 220
157 248
157 521
157 741
157 816
157 851
157 918
157 983
158 318
158 514
158 690
158 883
159 347
159 752
159 938
160 161
160 250
160 364
160 366
160 371
160 428
160 565
160 706
161 534
161 614
161 659
162 231
162 313
162 383
162 451
162 549
162 932
163 302
163 346
163 524
163 672
163 708
163 944
163 969
163 990
164 315
164 316
164 375
164 647
164 696
164 921
165 615
165 719
165 721
166 420
166 646
166 993
167 233
167 353
167 529
167 543
167 560
167 899
168 200
168 441
168 888
168 948
169 242
169 537
169 582
169 587
170 194
170 501
170 515
170 629
170 698
170 746
170 885
170 973
171 284
171 347
171 404
171 511
171 584
171 648
171 710
171 818
171 929
171 953
171 963
172 356
172 700
172 960
172 979
172 981
173 342
173 465
173 487
173 605
174 398
174 720
174 877
175 216
175 441
175 524
175 646
175 719
175 738
175 809
176 294
176 668
176 730
176 892
176 907
177 566
177 617
177 709
178 312
178 463
178 486
178 687
178 818
179 437
179 447
179 593
179 821
179 982
180 294
180 616
180 775
180 869
180 914
181 329
181 661
181 671
182 538
182 650
182 949
182 989
183 288
183 307
183 876
183 900
183 932
183 967
184 211
184 339
184 412
184 482
184 680
184 930
185 674
186 244
186 359
186 480
186 565
186 919
187 503
187 576
187 653
187 695
187 740
187 975
188 404
188 418
188 801
188 897
188 947
188 977
189 284
189 502
189 972
190 332
190 450
190 465
190 616
190 658
191 192
191 503
191 508
191 512
191 789
192 489
192 597
192 671
192 699
192 826
193 469
193 569
193 742
193 813
193 903
194 298
194 791
195 440
195 485
195 869
196 264
196 321
196 412
196 468
196 839
197 323
197 333
197 492
197 718
197 761
197 854
198 479
198 497
198 672
198 736
198 842
198 960
199 293
199 358
199 440
199 753
199 772
199 778
199 837
199 890
200 374
200 853
201 204
201 434
201 458
201 690
202 220
202 319
202 342
202 356
202 369
202 933
203 984
204 301
204 406
204 450
204 545
204 608
204 652
204 736
204 761
205 349
205 481
205 681
205 741
205 890
205 941
206 341
206 362
206 545
207 437
207 594
208 425
208 552
208 888
208 990
209 770
209 989
210 380
210 402
210 646
210 826
210 833
210 864
211 329
211 480
211 579
211 831
211 897
212 255
212 297
212 425
212 715
212 996
213 635
213 723
213 845
213 850
213 932
213 998
214 443
214 502
214 547
214 660
214 743
214 865
215 352
215 408
215 491
215 604
216 296
216 426
216 626
216 728
216 858
216 925
217 320
217 524
217 678
217 703
217 842
218 261
218 740
218 826
218 842
219 236
219 417
219 497
219 710
219 786
219 824
219 952
219 968
220 304
220 363
220 502
220 718
220 828
220 938
221 305
221 520
221 542
221 564
221 982
222 235
222 527
222 727
223 244
223 604
224 269
224 451
225 349
225 459
225 464
225 693
225 780
226 269
226 299
227 260
227 300
227 344
227 509
227 654
227 678
227 724
227 730
227 868
228 425
228 637
228 936
229 361
229 722
229 978
230 316
230 491
230 655
230 841
230 872
231 268
231 274
231 387
231 431
231 923
232 311
232 508
232 575
232 605
233 895
233 914
234 316
234 460
234 535
234 742
234 890
235 338
235 393
235 563
235 597
235 797
236 326
236 413
236 483
236 801
236 860
236 944
237 656
237 841
238 354
238 504
238 734
238 837
239 266
239 385
239 434
239 451
239 476
239 490
239 785
239 856
239 895
239 900
240 258
240 277
240 699
240 832
240 868
241 250
241 423
241 523
241 567
241 648
241 742
242 272
242 828
243 297
243 605
243 659
243 661
243 733
243 754
243 983
244 484
244 556
244 892
244 926
244 931
244 932
245 267
245 311
245 396
245 444
245 678
246 660
247 276
247 315
247 538
247 761
248 389
248 649
248 663
248 936
248 956
249 594
249 821
250 288
250 392
250 430
250 440
250 667
250 884
250 937
251 326
251 752
252 351
252 624
252 749
252 860
252 872
252 905
253 914
254 476
254 753
254 757
254 921
255 364
255 606
255 749
256 334
256 443
256 581
256 837
256 942
257 556
257 613
257 663
258 303
258 370
258 773
259 285
259 432
259 666
260 442
260 563
260 641
260 658
260 735
260 803
260 815
261 681
261 948
262 534
262 550
262 822
262 902
263 595
263 782
263 966
263 991
264 862
265 349
265 386
265 680
265 752
265 764
265 981
266 581
266 596
266 922
267 313
267 425
267 580
267 603
267 678
267 876
267 997
268 640
268 797
268 901
268 964
269 419
269 730
270 496
270 719
270 825
270 919
270 934
271 656
271 795
272 473
272 649
272 957
273 424
273 463
273 857
273 997
274 569
274 714
274 917
274 975
274 996
275 323
275 455
275 522
275 732
275 786
275 974
276 408
276 422
276 480
276 501
276 672
277 499
278 427
278 740
278 912
278 924
279 407
279 591
279 662
279 881
281 638
281 802
282 324
282 488
283 652
283 714
284 426
284 509
284 555
284 683
285 484
285 520
285 595
285 616
285 624
285 698
285 803
285 852
286 554
286 618
286 682
287 395
287 490
287 719
287 729
288 386
288 399
288 484
288 588
288 801
289 293
289 539
289 690
289 729
289 789
290 422
290 509
290 518
290 537
290 582
290 603
290 617
290 639
290 732
290 795
290 961
291 479
291 488
292 373
292 811
292 889
293 412
293 458
293 472
293 920
294 514
294 518
294 766
294 809
294 872
294 899
295 545
295 625
295 648
295 744
295 801
295 981
296 423
296 570
296 683
296 761
296 762
296 798
297 403
297 438
297 499
297 740
297 754
298 420
298 602
298 629
298 678
298 948
299 634
299 635
299 925
300 471
300 537
300 988
301 669
301 672
301 884
302 356
302 534
302 614
302 654
302 670
302 730
302 747
302 791
303 332
303 338
303 718
303 759
303 935
304 310
304 430
304 709
304 732
304 978
305 404
305 813
305 863
306 483
306 824
306 977
307 672
307 834
307 932
308 486
308 839
309 471
309 474
309 531
310 314
310 742
310 750
310 978
311 387
311 436
311 733
311 824
311 882
312 319
312 354
312 448
312 640
312 702
312 884
312 893
312 949
312 956
312 990
313 488
313 788
314 371
314 439
314 513
314 617
314 800
314 823
314 900
315 502
315 541
315 813
316 982
317 474
317 695
317 793
317 924
318 837
318 918
319 497
319 737
319 865
320 365
320 412
320 788
320 929
321 712
322 749
322 896
323 459
323 514
323 950
324 355
325 404
325 803
325 871
325 999
326 579
326 595
326 835
327 333
327 477
327 550
327 669
327 717
327 866
327 870
328 442
328 708
329 468
329 485
329 730
329 793
329 810
329 848
330 455
330 602
330 811
330 828
331 376
331 631
331 706
331 968
332 377
332 648
332 679
332 705
332 733
332 856
333 380
333 792
333 903
333 909
334 373
334 540
334 568
334 610
334 615
334 765
334 876
335 619
335 825
336 500
336 557
336 584
336 785
337 497
337 567
337 789
337 822
338 468
338 512
338 515
338 686
339 929
340 471
340 523
340 607
340 631
340 812
340 814
341 420
342 464
342 591
342 832
343 594
343 610
344 397
344 663
344 833
344 937
345 759
345 871
346 400
346 478
346 577
346 616
347 499
347 540
347 879
348 770
349 381
349 660
349 749
349 754
350 534
350 565
350 656
350 814
350 820
350 997
351 980
352 560
352 585
352 654
352 799
352 837
353 650
353 815
353 946
354 508
354 686
354 785
355 417
355 422
355 753
355 846
355 991
356 421
356 584
356 653
356 996
357 778
357 830
358 621
358 631
358 633
358 926
360 405
360 446
360 664
361 483
361 950
362 494
362 548
362 804
363 426
363 602
363 864
364 497
364 517
364 975
365 367
365 739
366 520
366 875
367 693
368 505
368 517
368 635
368 864
368 989
369 392
369 520
369 550
369 593
369 643
369 888
369 927
370 713
370 925
371 435
371 476
371 644
371 678
371 814
371 965
372 478
372 617
373 440
373 565
373 776
374 764
374 802
375 459
375 484
375 564
375 581
375 756
375 938
376 585
376 591
376 849
377 428
377 443
377 522
377 554
377 624
377 858
377 961
378 402
378 613
378 697
378 874
379 608
379 708
380 406
380 439
380 797
381 548
381 627
381 686
381 700
381 958
382 512
382 523
382 824
382 969
383 485
383 494
384 407
384 462
384 643
384 706
384 867
384 868
384 906
384 929
384 984
385 386
385 968
386 764
386 941
387 422
388 563
388 825
389 425
389 834
390 490
390 755
390 990
391 465
391 643
391 714
392 738
392 969
392 998
393 689
393 836
393 997
394 574
395 411
395 431
395 619
396 923
397 429
397 448
397 523
397 546
397 690
397 908
398 412
398 504
398 775
398 952
399 421
399 430
399 431
399 540
399 623
399 736
399 768
399 825
399 847
399 992
400 435
400 674
400 861
400 965
401 542
401 778
401 779
401 809
402 411
402 544
402 646
402 755
402 872
402 932
403 566
404 557
404 578
404 627
404 671
405 456
405 471
405 513
405 698
405 794
405 828
406 577
406 716
407 515
407 572
407 750
407 776
407 792
408 756
408 908
409 611
409 624
409 643
409 679
409 755
410 985
411 528
411 724
411 833
411 869
412 519
412 533
412 558
412 613
412 646
412 688
412 798
413 495
413 724
413 877
413 928
413 946
415 484
415 552
415 882
416 548
416 610
416 745
417 926
418 526
418 685
419 459
419 469
419 526
419 927
420 522
420 637
420 664
420 668
420 718
421 759
421 835
422 591
423 442
423 540
423 587
423 800
423 891
423 993
424 473
424 512
425 453
425 454
425 579
425 945
425 960
425 992
426 441
426 526
426 714
426 769
426 917
427 471
427 747
428 436
428 443
428 620
428 704
428 902
428 952
428 980
429 687
429 928
430 561
430 925
430 992
431 528
431 683
431 700
431 798
431 828
431 928
432 499
433 554
433 862
434 976
435 470
435 736
435 927
436 450
436 758
436 902
437 696
437 719
437 722
437 894
438 515
438 716
438 881
439 486
439 541
439 787
439 998
440 567
440 587
440 646
440 700
440 706
440 727
441 863
441 897
442 938
442 954
443 477
443 539
444 464
444 519
444 848
444 892
445 726
445 792
445 860
448 646
448 752
449 956
450 715
450 839
450 918
450 934
450 946
450 948
451 474
451 503
451 524
451 672
451 691
451 794
452 646
452 875
452 935
453 658
453 731
453 733
453 752
454 797
454 874
455 700
455 809
455 980
456 459
456 600
457 547
457 602
457 652
457 730
457 790
457 828
457 842
458 590
458 623
459 648
459 717
459 744
459 943
459 968
460 462
460 491
460 596
460 702
460 806
460 814
460 906
461 720
461 803
461 908
462 717
462 894
464 722
464 951
465 507
465 552
465 751
465 859
466 537
466 538
466 651
466 745
466 841
466 997
467 697
467 774
468 522
468 731
468 774
468 971
469 672
469 998
470 497
470 627
470 953
470 995
471 489
471 501
471 791
471 949
471 989
472 499
472 594
473 800
473 829
473 902
473 982
474 549
474 597
474 606
474 769
475 531
476 730
476 950
476 967
477 579
477 922
478 902
478 916
479 605
479 929
481 485
481 654
481 711
481 779
482 698
482 855
483 617
483 868
483 960
485 504
485 641
486 497
486 545
486 697
486 974
486 991
487 535
487 825
488 507
488 898
489 542
489 706
489 938
490 772
490 777
490 838
490 888
490 931
491 542
491 570
491 945
492 630
492 866
492 895
493 510
493 728
493 747
493 961
493 978
494 736
495 500
495 642
495 742
495 834
495 876
496 557
496 575
496 584
496 751
496 788
497 850
497 868
498 631
498 635
498 850
498 966
499 669
500 543
500 750
500 780
500 913
501 658
501 857
503 770
503 997
504 549
504 704
505 824
505 944
505 951
506 566
506 611
506 688
506 748
506 813
506 917
507 842
508 509
508 645
508 950
509 564
509 605
510 941
511 886
511 933
512 551
512 615
512 720
512 764
512 840
513 793
514 587
514 685
515 556
515 910
515 939
516 753
517 576
518 644
518 678
518 736
518 869
518 884
518 934
519 604
519 657
519 948
519 995
520 521
520 680
520 925
521 725
521 841
521 980
522 575
522 770
523 591
523 823
525 548
525 550
526 728
527 559
527 620
528 869
529 665
529 687
529 705
530 617
530 818
530 990
531 799
533 575
533 666
533 841
534 537
534 696
534 771
534 798
534 974
535 563
535 658
535 935
535 969
536 663
536 880
536 983
537 569
537 676
537 699
538 908
539 540
539 716
540 550
540 572
540 684
540 937
541 609
541 716
541 808
541 838
541 926
542 586
542 676
542 856
543 689
543 873
545 618
545 642
545 948
546 567
546 725
546 818
546 927
547 575
547 610
547 787
547 896
548 559
548 831
548 883
548 920
549 687
549 704
549 773
549 843
550 609
550 669
550 933
550 941
550 978
551 649
551 832
552 556
552 824
552 936
552 973
552 976
553 980
554 745
554 899
555 867
557 714
557 747
557 825
557 912
558 666
558 976
559 565
560 766
561 721
561 777
561 946
562 820
562 857
562 912
563 647
564 618
564 634
565 696
565 846
565 869
565 935
565 956
566 594
566 611
566 738
566 838
567 579
567 785
567 790
568 873
569 918
570 905
570 961
571 846
571 856
572 645
573 778
574 908
575 775
576 601
576 949
577 915
578 586
578 952
578 961
578 968
579 761
579 843
580 876
580 991
581 729
581 949
582 766
582 997
583 673
583 715
583 903
584 710
584 831
586 674
586 928
587 625
587 733
587 834
588 653
588 715
588 814
589 685
589 841
589 919
590 920
591 864
592 808
592 961
593 778
593 876
594 628
594 653
594 661
594 673
594 687
594 897
595 674
595 731
595 818
595 886
595 997
596 679
596 722
597 961
598 796
598 947
599 707
599 852
599 900
600 821
600 942
600 971
602 637
602 655
603 661
603 803
603 806
603 890
604 794
604 836
604 891
605 740
605 783
606 677
607 636
607 641
607 896
608 754
608 993
609 742
610 820
611 649
611 686
611 703
611 788
611 970
612 658
612 687
612 950
613 713
613 747
613 947
614 633
614 642
614 830
614 918
615 720
615 796
616 762
616 969
616 991
617 681
617 806
617 865
618 842
619 686
619 990
620 755
620 894
621 625
621 847
621 940
622 751
622 948
623 919
623 925
623 985
624 680
624 700
625 649
625 689
625 875
626 809
626 993
627 746
627 829
627 839
627 949
627 987
629 808
630 763
630 823
630 959
631 797
631 828
631 889
632 724
632 818
633 856
635 738
635 804
635 948
636 672
636 676
636 735
637 658
637 693
637 848
638 672
639 819
639 908
640 652
640 921
641 843
642 670
642 730
643 737
644 758
644 888
644 923
644 954
646 800
647 947
648 687
648 738
650 709
651 743
651 754
651 856
651 934
651 942
651 949
652 773
652 838
652 843
652 925
652 950
654 655
654 762
655 950
656 727
656 788
657 672
657 817
657 831
657 897
658 744
658 965
658 983
659 751
659 758
659 863
660 865
660 989
661 730
662 703
663 934
664 732
664 864
664 969
664 977
665 846
666 744
666 835
666 944
667 974
668 742
668 748
668 810
668 825
668 883
668 910
669 748
670 773
670 988
671 743
671 982
672 695
672 868
673 762
673 904
673 930
674 694
675 691
675 728
675 931
676 799
677 679
677 716
677 946
678 747
678 913
679 691
680 753
681 947
682 692
682 701
683 851
683 868
683 944
684 688
684 804
684 869
684 977
685 822
685 823
686 828
687 713
687 914
688 734
688 787
688 911
688 912
688 914
688 933
689 885
690 965
691 692
691 720
691 878
691 949
692 921
693 710
693 819
693 886
693 890
693 953
693 994
695 718
696 815
696 831
696 943
697 915
698 808
701 797
701 924
701 925
701 983
702 834
702 894
703 764
703 988
704 909
704 943
704 963
704 984
705 891
705 981
706 821
707 878
707 981
708 751
708 925
708 957
709 743
710 731
710 861
711 917
712 748
712 757
712 822
712 827
713 803
714 818
714 900
714 946
715 965
716 871
716 893
717 797
717 838
719 779
719 866
719 916
720 772
721 820
721 852
721 921
721 954
722 866
722 976
723 899
724 852
724 895
724 911
725 894
726 731
726 761
726 864
727 759
728 959
728 978
729 860
730 878
730 890
731 860
732 818
732 931
734 877
734 879
736 956
738 912
738 914
738 922
739 743
739 815
740 802
742 823
743 967
744 843
744 859
747 846
747 862
747 925
748 781
748 796
748 877
749 763
749 895
749 954
750 793
750 916
751 794
751 965
752 913
752 928
752 932
752 965
752 979
753 757
753 972
754 770
754 815
754 972
755 805
756 883
756 930
756 967
757 906
758 849
758 907
759 871
761 821
761 872
762 826
762 919
762 968
763 764
763 853
764 986
765 790
766 904
766 945
767 788
767 793
768 797
768 811
768 848
771 820
771 967
772 845
772 966
773 803
773 880
774 857
775 781
776 826
776 916
777 791
777 890
778 953
778 962
780 929
781 860
782 926
782 985
782 995
783 853
784 827
784 871
785 849
785 850
785 954
785 994
786 859
786 945
788 875
788 918
789 841
789 909
790 920
791 841
791 875
792 965
794 900
795 845
795 906
797 923
797 977
799 881
800 909
802 928
802 932
803 848
803 868
803 873
803 934
803 937
804 869
806 860
806 982
807 985
809 978
811 861
812 816
812 849
812 867
814 836
815 820
815 853
815 878
817 968
822 901
823 876
825 933
825 969
827 843
828 951
830 899
830 953
833 881
833 944
833 987
834 840
834 855
834 988
835 850
836 897
837 877
837 901
842 901
842 937
843 851
843 908
843 942
844 850
844 865
845 917
845 997
846 895
847 877
847 889
848 869
848 957
849 850
849 885
853 866
853 941
854 932
855 966
856 893
858 893
858 934
860 885
861 886
861 911
861 983
862 994
865 967
865 992
870 920
871 926
871 997
872 956
874 990
875 951
879 961
881 900
881 986
884 889
885 934
886 919
887 917
888 913
888 968
890 978
891 906
893 914
893 968
894 922
895 973
897 942
898 923
900 986
901 939
907 927
908 977
909 999
915 975
916 958
916 995
920 995
922 976
923 927
923 978
924 927
925 943
926 959
926 971
928 943
929 946
929 972
930 978
931 980
935 986
936 962
937 986
940 978
942 986
951 970
954 963
956 959
956 997
965 972
966 969
970 997
970 999
974 989
979 999
980 998
984 993
986 999
