0 9
0 179
0 264
0 381
0 392
0 447
0 557
1 45
1 428
1 468
1 672
1 684
1 699
2 121
2 127
2 128
2 279
2 424
2 453
2 601
2 794
2 884
3 125
3 170
3 505
3 654
3 832
3 910
3 960
4 21
4 39
4 98
4 190
4 209
4 295
4 503
4 570
5 20
5 102
5 137
5 264
5 334
5 788
6 81
6 307
6 804
7 191
7 551
7 567
7 884
8 397
8 591
8 681
8 974
9 174
9 358
9 546
9 762
9 798
10 53
10 115
10 302
10 376
10 504
10 542
10 581
10 732
11 35
11 180
11 265
11 664
11 724
11 874
11 912
12 36
12 99
12 220
12 543
12 742
12 764
12 874
13 59
13 409
13 434
13 514
13 555
13 704
13 719
13 782
13 893
14 391
14 412
14 613
14 743
14 758
14 836
15 195
15 229
15 234
15 369
15 465
15 664
15 696
15 944
16 247
16 272
16 491
16 525
16 765
16 795
17 578
17 898
18 86
18 206
18 388
18 465
18 580
18 699
19 66
19 140
19 229
19 390
19 912
20 274
20 281
20 357
20 410
20 541
20 976
21 244
21 396
21 498
21 792
21 800
21 916
22 61
22 401
22 447
22 534
22 655
22 826
23 374
23 550
23 638
23 743
23 789
23 943
23 988
24 186
24 415
24 438
25 331
25 463
25 583
25 585
25 596
25 645
25 798
25 804
25 815
26 183
26 277
26 464
26 563
26 762
27 163
27 329
27 890
28 454
28 609
28 713
28 963
29 73
29 127
29 463
29 823
29 985
30 104
30 406
30 793
30 810
30 916
30 999
31 128
31 380
31 471
31 718
31 744
32 220
32 229
32 267
32 427
32 478
32 517
32 689
32 842
33 90
33 268
33 444
33 572
33 585
33 612
33 663
34 114
34 317
34 341
34 478
34 733
34 894
34 962
35 342
35 505
35 836
36 316
36 435
36 542
37 88
37 180
37 362
37 383
37 551
37 754
37 756
37 936
38 176
38 336
38 393
38 545
38 753
38 773
38 853
38 881
38 904
38 973
39 110
39 223
39 287
39 309
39 789
39 809
40 76
40 594
40 736
40 915
41 607
41 698
42 155
42 241
42 312
42 580
42 828
43 448
43 622
43 806
43 812
43 898
43 905
44 177
44 181
44 611
44 783
44 818
44 975
44 991
45 585
45 616
46 430
46 716
47 120
47 171
47 585
47 774
47 940
47 995
48 433
48 658
48 686
48 786
49 55
49 535
49 797
49 827
49 852
50 74
50 520
50 615
50 678
50 705
51 74
51 372
51 586
51 640
51 642
51 805
51 982
51 983
52 314
52 340
52 795
52 905
52 934
53 69
53 159
53 344
53 751
53 988
54 447
54 495
54 656
54 682
54 758
54 917
54 938
54 971
54 976
55 228
55 307
55 367
55 985
56 243
56 326
56 457
56 893
56 907
56 945
57 221
57 347
57 367
57 448
57 524
57 706
58 77
58 595
59 332
59 399
59 474
59 506
59 510
59 514
60 130
60 236
60 254
60 551
60 567
61 162
61 230
61 721
61 966
62 66
62 491
62 530
63 183
63 336
63 361
63 685
63 740
63 867
63 985
64 79
64 265
64 607
64 915
65 156
65 551
66 159
66 276
66 352
66 560
66 829
67 71
67 113
67 482
67 680
67 877
67 883
68 411
68 875
68 890
69 118
69 172
69 397
69 575
69 693
69 759
70 232
70 328
70 968
71 97
71 217
71 293
71 691
71 748
72 145
72 156
72 179
72 558
72 622
72 668
72 698
72 712
72 728
73 315
73 336
73 608
73 854
74 307
74 386
74 646
74 722
74 786
74 840
75 90
75 91
75 149
75 347
75 350
76 193
76 277
76 306
76 367
76 799
76 939
77 285
77 391
77 820
78 594
78 799
78 895
79 451
79 458
79 463
79 766
79 851
79 976
80 109
80 309
80 376
80 542
80 632
80 653
80 867
80 940
80 946
81 251
81 345
81 380
81 618
81 641
81 708
81 787
81 843
81 853
82 223
82 813
82 922
82 976
82 993
83 164
83 206
83 452
83 704
83 718
83 773
84 98
84 459
84 957
84 973
85 287
85 292
85 437
85 795
85 861
86 108
86 196
86 201
86 320
86 368
86 370
86 773
86 811
86 821
86 850
86 883
86 941
87 119
87 139
87 332
87 421
87 538
87 723
87 759
87 773
87 948
88 228
88 256
88 259
89 103
89 381
89 413
89 414
89 650
89 708
89 839
89 937
90 515
90 673
90 950
91 122
91 231
91 334
91 509
91 804
91 910
92 406
92 410
92 430
92 687
92 749
92 864
93 155
93 190
93 254
93 414
93 500
93 502
93 508
93 549
93 590
93 861
94 241
94 296
94 423
94 437
94 562
94 825
95 96
95 317
95 371
95 401
95 607
95 852
95 857
95 985
96 113
96 252
96 261
96 277
96 444
96 571
97 145
97 311
97 346
97 452
97 988
98 149
98 368
98 643
99 589
99 791
99 844
99 865
100 228
100 299
100 396
100 484
100 486
100 651
100 825
100 991
101 597
101 805
101 868
102 177
102 332
102 466
102 610
102 631
102 880
102 894
102 899
102 957
103 627
103 974
103 998
104 235
104 243
104 267
104 451
104 644
104 734
104 749
104 755
104 780
104 848
105 161
105 254
105 264
105 777
105 918
106 549
106 631
106 706
106 793
106 794
107 244
107 445
107 524
107 551
107 804
107 812
107 862
107 932
107 981
108 338
108 658
108 695
108 704
108 707
108 715
108 862
108 922
109 190
109 206
109 276
109 321
109 473
109 583
109 650
109 684
109 725
109 945
110 616
110 966
111 117
111 143
111 438
111 485
111 632
111 803
112 338
112 436
112 462
112 883
113 182
113 402
113 605
113 606
114 190
114 292
114 327
114 665
114 759
114 818
115 471
115 479
115 520
115 523
116 196
116 765
117 207
117 858
118 119
118 254
118 327
118 749
118 943
118 982
119 452
119 560
120 134
120 219
120 558
120 597
120 873
120 999
121 421
121 489
121 541
121 607
121 972
121 982
122 175
122 296
122 665
122 808
122 940
123 256
123 606
123 646
123 754
123 950
124 187
124 224
124 379
124 593
124 701
125 608
125 751
125 875
125 906
125 997
126 129
126 188
126 383
126 503
126 574
126 606
126 719
126 773
126 810
126 873
126 922
127 183
127 219
127 287
127 415
127 426
127 623
127 770
127 998
128 206
128 330
128 744
128 764
129 169
129 383
129 768
129 930
130 199
130 323
130 359
130 462
130 484
130 592
130 661
130 724
130 750
130 768
131 207
131 349
131 661
131 749
131 894
131 921
132 307
132 563
132 646
132 876
133 477
133 778
133 880
134 173
134 413
134 424
134 697
134 729
134 774
135 183
135 260
135 317
135 581
135 626
135 680
135 709
136 467
136 495
136 825
137 154
137 513
137 694
137 711
137 737
137 930
137 980
138 265
138 277
138 686
138 955
139 172
139 303
139 320
139 660
139 790
140 201
140 230
140 257
140 331
140 506
140 545
140 596
140 628
141 157
141 463
141 704
142 168
142 171
142 510
142 769
142 922
143 234
143 371
143 571
143 788
144 463
144 711
144 760
144 862
145 225
145 240
145 462
145 489
145 715
146 277
146 520
146 610
146 643
146 645
147 160
147 275
147 391
147 458
147 897
148 181
148 251
148 314
148 322
148 345
148 352
148 444
148 493
148 829
149 279
149 630
150 182
150 201
150 362
150 379
150 647
151 236
151 370
151 604
151 621
151 723
152 367
152 879
152 914
153 363
153 511
153 731
153 745
153 848
153 906
154 247
154 732
154 758
154 845
154 896
155 769
156 844
156 892
157 345
157 774
157 837
157 864
158 370
158 393
158 448
158 537
158 973
158 993
159 313
159 619
160 340
160 866
160 889
160 957
161 717
161 979
161 993
162 182
162 215
162 354
162 562
162 989
163 479
163 512
163 743
163 811
164 294
164 376
164 406
164 413
164 690
164 775
164 925
164 991
165 177
165 384
166 547
166 703
167 789
167 850
167 900
168 280
168 514
168 529
168 552
168 646
169 433
169 648
169 841
169 937
169 956
170 208
170 241
170 689
171 350
171 597
171 608
171 758
172 377
172 718
172 930
173 328
173 371
173 424
173 652
173 689
173 717
173 973
173 991
174 283
174 492
174 562
174 654
174 722
174 769
174 820
175 532
175 802
175 885
176 226
176 227
176 365
176 494
176 793
177 425
177 460
177 484
177 609
178 181
178 229
178 807
179 272
179 325
179 341
179 354
179 574
179 648
179 686
179 928
180 739
180 784
180 947
180 982
181 336
181 404
181 622
181 670
181 680
181 760
181 873
181 988
182 218
182 312
182 509
183 256
183 742
183 746
184 309
184 362
184 482
184 964
185 257
185 599
185 700
185 820
185 876
186 370
186 538
186 891
186 992
187 231
187 255
187 257
187 782
187 788
188 397
188 398
188 544
188 794
188 798
188 875
188 937
188 956
189 781
189 923
189 950
190 193
190 530
190 715
190 994
191 338
191 344
191 358
191 582
191 649
192 355
192 392
192 480
192 564
192 984
193 203
193 260
193 382
193 918
194 205
194 297
194 548
194 700
194 720
195 247
195 782
195 864
196 250
196 251
196 385
196 423
196 542
196 557
196 614
196 999
197 391
197 681
197 797
198 269
198 280
198 413
199 323
199 438
199 556
199 845
199 986
200 627
200 633
200 771
201 290
201 385
201 447
201 545
201 677
201 965
202 291
202 386
202 527
202 794
203 280
203 303
203 306
203 433
203 717
203 793
204 228
204 326
204 547
204 832
204 972
204 999
205 256
205 287
205 299
205 500
205 506
205 612
205 659
205 696
205 748
205 912
206 342
206 425
206 504
206 620
206 998
207 340
207 363
207 420
207 549
207 569
207 649
207 742
207 880
208 266
208 353
208 792
209 730
210 304
210 573
210 952
211 318
211 464
211 474
211 683
211 880
211 995
212 349
212 362
212 447
212 458
212 982
213 294
213 357
213 491
213 500
213 956
214 218
214 459
214 716
214 786
214 844
215 240
215 617
215 950
216 297
216 418
216 465
216 542
216 590
216 904
217 345
217 346
217 594
217 638
218 242
218 435
218 557
218 790
218 994
219 267
219 371
219 396
219 479
219 791
219 867
220 271
220 330
220 380
220 384
220 489
220 650
220 816
220 872
220 887
220 900
221 439
221 471
221 732
221 895
222 415
222 438
222 443
222 604
222 645
222 668
223 273
223 431
223 746
223 780
223 883
223 926
224 265
224 460
225 600
225 658
225 930
226 323
226 373
226 405
226 730
226 794
226 826
227 470
227 757
227 829
228 276
228 312
228 636
228 641
228 752
228 919
229 249
229 279
229 521
229 673
229 962
230 333
230 384
230 424
230 702
230 703
231 321
231 445
231 533
231 615
231 694
231 705
231 884
231 941
233 314
233 340
233 536
233 688
233 760
233 776
234 246
234 475
234 567
234 774
234 943
234 949
235 269
235 504
235 753
235 866
235 955
236 321
236 393
236 777
236 854
236 998
237 740
237 889
237 911
238 257
238 590
238 623
238 970
239 456
239 550
239 575
239 584
239 614
239 661
239 894
240 303
240 556
240 609
240 683
241 339
241 577
241 659
241 985
242 896
242 966
243 642
243 665
243 770
243 782
243 817
243 889
243 942
244 484
244 549
244 670
244 880
245 504
245 793
245 960
246 285
246 673
246 681
246 772
247 373
247 427
247 443
247 539
247 620
247 649
247 814
247 985
248 469
248 479
248 758
249 264
249 542
249 641
249 684
249 815
249 881
249 894
250 268
250 789
251 389
251 418
251 772
251 893
252 293
252 315
252 409
252 448
252 523
252 556
252 602
252 837
253 294
253 409
253 429
253 434
253 450
253 586
253 609
253 763
253 952
254 304
254 373
254 513
254 757
254 792
255 369
256 375
256 473
256 527
256 554
256 844
257 414
257 530
257 668
257 918
258 346
258 404
258 458
258 649
258 684
259 905
259 924
260 300
260 624
260 638
260 678
260 871
261 346
261 860
261 886
261 994
262 795
262 812
262 889
263 277
263 960
264 302
264 355
264 612
264 846
265 363
265 462
265 971
265 995
266 342
266 659
267 408
267 463
267 711
267 742
267 924
267 983
268 300
268 549
268 614
268 811
268 876
268 955
269 281
269 363
269 589
269 929
270 775
270 884
271 311
271 358
271 435
271 799
272 731
272 785
272 898
272 923
272 939
272 965
273 491
273 874
274 306
274 317
274 603
274 626
274 810
275 578
275 934
275 955
276 350
276 668
276 688
276 875
276 922
276 979
276 986
277 510
277 825
277 826
277 938
278 411
278 520
278 667
278 683
279 385
279 387
279 394
279 739
279 806
279 824
279 842
279 939
280 625
280 811
280 837
281 458
281 461
281 595
281 774
281 796
281 845
282 313
282 808
283 622
283 952
283 982
284 598
284 684
284 767
284 836
284 924
285 492
285 575
285 803
285 877
285 898
285 909
285 935
286 436
286 560
286 667
286 952
287 603
287 634
287 710
287 917
288 655
288 699
288 857
288 946
289 315
289 320
289 515
289 529
289 727
290 622
290 677
290 719
290 749
290 772
290 792
290 916
290 997
291 362
291 465
291 535
291 570
291 587
291 720
291 833
291 906
292 559
292 582
292 867
292 919
293 770
293 811
294 419
294 484
294 603
294 824
294 908
295 565
295 690
295 786
296 305
296 336
296 526
296 841
296 927
297 358
297 364
297 465
297 494
297 641
297 667
297 693
297 780
297 865
298 442
298 564
299 325
299 457
299 785
299 791
300 539
301 321
301 347
301 649
301 724
301 760
301 810
302 369
302 380
302 424
302 477
302 535
303 352
303 357
303 482
303 511
303 527
303 611
303 802
304 348
304 659
304 714
304 815
305 341
305 654
305 691
305 820
306 559
307 510
307 630
307 764
307 826
308 818
308 843
308 874
308 892
308 934
309 361
309 631
309 678
309 803
309 916
310 356
310 396
310 557
310 612
311 450
311 877
312 342
312 375
312 467
312 865
313 425
313 580
313 599
313 902
313 979
314 552
314 753
314 926
315 364
315 721
315 731
315 760
316 368
316 509
316 613
316 621
316 993
317 361
317 408
317 749
317 808
318 430
318 498
318 614
318 659
318 662
318 731
318 790
319 323
319 379
319 401
319 573
319 604
319 749
319 805
320 436
320 438
320 461
320 976
321 383
321 726
321 892
321 928
321 960
322 370
322 419
322 524
322 614
322 727
322 805
323 333
323 433
324 434
324 471
324 492
324 880
325 326
325 330
325 403
325 416
325 422
325 703
325 961
326 968
327 369
327 582
327 792
327 887
327 939
328 436
328 528
328 587
328 805
329 377
329 596
329 638
329 789
329 838
329 886
329 893
330 360
330 488
330 721
331 456
331 565
331 618
332 510
332 564
332 944
332 989
333 530
333 630
333 942
334 674
334 830
335 517
335 660
335 945
335 951
336 391
336 719
336 931
337 354
337 410
337 753
337 758
337 887
337 958
338 397
338 595
338 706
338 867
339 351
339 792
340 346
340 539
340 982
340 992
341 762
342 731
343 352
343 572
343 656
343 673
343 903
344 393
344 595
344 756
345 401
345 633
345 646
345 839
346 501
346 502
346 504
346 568
347 419
347 516
347 925
348 592
348 662
348 859
349 814
350 469
350 501
350 564
350 718
350 824
351 441
351 714
351 883
351 976
351 985
352 497
352 754
352 850
352 922
352 934
352 966
353 526
353 593
353 962
354 702
355 438
355 632
355 713
355 934
356 484
356 551
356 683
357 460
357 546
358 618
358 911
359 442
360 364
360 381
361 368
361 635
361 766
361 843
361 875
362 549
362 603
362 697
362 853
362 876
362 877
362 950
363 620
363 826
364 371
364 437
364 541
364 939
364 968
365 408
365 522
365 545
365 656
365 818
365 981
366 468
366 760
366 905
366 976
366 987
368 696
368 777
368 811
369 782
369 835
369 986
370 409
370 708
370 721
370 984
371 639
371 727
371 794
371 837
372 410
372 844
372 929
373 527
373 635
373 730
373 924
374 407
374 474
374 487
374 714
374 814
375 738
375 912
376 624
376 634
376 889
377 570
377 592
377 746
377 785
377 950
378 749
378 930
379 459
379 664
380 770
381 406
381 449
381 583
381 595
381 634
381 775
382 423
382 429
382 579
382 809
383 761
383 897
383 924
383 941
384 393
384 831
384 839
384 863
385 461
385 512
385 781
387 637
387 909
388 521
388 595
389 688
389 725
389 790
390 632
390 757
390 959
391 423
391 439
391 475
391 605
391 712
391 837
391 932
392 536
392 557
392 685
392 764
392 841
392 936
393 768
393 795
394 582
394 877
395 493
395 512
395 652
395 837
396 454
396 479
396 689
397 985
398 625
398 637
398 853
399 413
399 433
399 448
399 450
399 478
399 535
399 641
400 430
400 466
400 558
400 603
400 817
401 508
401 573
402 421
402 486
402 939
403 516
403 518
403 852
403 942
404 628
404 856
405 451
405 542
405 588
405 845
406 588
406 897
406 986
407 481
407 574
407 622
407 742
407 994
408 641
408 846
409 509
410 460
410 550
410 570
410 835
410 987
411 743
411 948
412 474
413 703
413 766
413 767
413 932
414 584
414 586
414 707
414 752
415 501
415 516
415 782
416 626
416 639
416 672
416 680
416 853
416 895
416 913
416 947
416 960
416 964
417 601
417 883
417 956
418 428
418 641
418 815
419 995
420 474
420 599
421 422
422 467
422 588
422 953
423 581
424 433
424 453
424 487
424 526
424 918
425 904
425 983
426 493
426 502
426 578
426 599
426 672
426 851
427 641
427 648
427 844
427 886
427 922
428 529
428 556
428 643
428 861
428 961
429 464
429 528
429 690
429 722
430 519
430 595
430 668
430 808
430 884
430 916
431 498
431 651
431 688
431 797
431 991
432 500
432 571
432 602
432 778
433 483
433 495
433 860
433 872
433 910
434 692
434 791
435 462
435 755
436 643
436 860
437 499
437 635
437 983
438 465
438 558
438 663
439 538
439 667
440 507
440 509
440 520
440 704
440 821
440 990
441 628
441 937
442 911
443 521
443 600
443 734
443 788
444 480
444 571
444 628
444 814
444 859
445 787
445 790
445 809
445 900
445 929
446 653
446 698
447 470
447 527
447 762
447 984
448 456
448 470
448 534
448 621
448 629
448 731
449 494
449 596
449 767
449 931
450 558
450 652
450 660
450 674
450 773
450 834
450 845
451 701
452 585
452 614
452 857
452 917
453 808
454 472
454 856
454 895
454 928
455 678
455 966
456 520
456 796
456 863
457 560
457 648
457 687
457 906
458 671
459 895
459 936
459 968
459 990
460 774
460 790
461 549
461 662
461 840
461 895
462 575
462 951
463 476
463 496
463 666
463 836
464 638
464 887
464 918
464 989
465 543
466 475
466 749
467 600
467 733
467 898
469 519
469 553
469 715
469 852
469 864
469 895
469 959
470 563
470 682
470 780
470 792
470 959
471 745
471 767
472 749
472 782
472 832
472 939
473 906
474 714
474 818
475 542
475 602
475 924
476 877
476 881
477 498
477 569
477 625
477 810
477 876
478 596
478 646
478 712
478 881
478 908
479 708
479 750
479 888
480 491
480 548
480 671
480 701
481 576
482 699
482 756
482 961
483 580
483 685
483 692
484 761
484 973
485 491
485 698
485 783
485 805
485 822
486 636
486 710
486 813
486 825
486 907
486 919
486 946
487 532
487 591
487 622
488 608
488 889
489 607
489 735
489 794
489 858
490 755
491 614
491 765
491 829
492 963
493 570
493 795
493 830
494 549
494 975
495 542
495 704
495 763
495 782
495 802
495 833
496 585
496 637
496 907
497 650
497 752
497 827
497 849
497 928
498 506
498 558
499 785
499 915
500 673
500 809
500 816
500 913
500 936
500 982
501 728
501 774
501 798
501 860
501 999
502 538
502 620
502 637
502 670
502 709
502 721
502 994
503 525
503 573
503 597
503 610
503 881
504 825
504 848
505 674
505 914
506 644
507 517
507 613
507 946
509 633
509 871
510 652
510 843
511 562
511 606
511 702
511 889
512 651
512 657
512 871
513 537
513 569
513 613
513 635
513 842
514 808
514 825
515 693
515 785
516 700
516 900
517 587
517 777
517 854
517 858
517 908
517 930
518 776
518 952
519 622
519 796
519 822
520 533
520 823
520 842
521 730
522 687
522 722
522 929
522 996
523 581
524 651
524 871
524 892
524 911
525 607
525 679
525 790
525 815
525 855
525 980
526 737
526 748
526 897
527 673
527 743
527 804
527 888
529 548
529 672
530 574
530 703
530 757
530 956
531 743
531 748
531 879
531 950
532 713
533 776
533 920
535 751
535 753
535 762
536 610
536 635
537 740
537 827
537 961
538 751
538 957
539 813
539 835
539 852
539 920
539 992
540 774
540 800
541 557
541 635
541 789
541 895
541 928
542 572
542 782
542 795
543 608
543 733
543 993
544 545
544 598
544 693
544 704
544 779
544 970
545 561
545 763
545 810
545 926
545 936
545 987
546 640
546 747
546 756
546 823
546 902
547 705
547 795
547 831
548 849
548 886
549 660
549 989
549 990
550 838
551 635
551 739
551 845
551 909
551 973
552 592
552 735
552 841
553 720
553 891
553 931
553 971
554 860
556 628
556 734
556 917
556 988
557 730
557 968
558 577
558 586
558 740
558 951
559 781
559 819
559 827
559 974
560 579
560 979
560 997
561 667
562 869
562 939
563 618
564 578
564 629
564 715
564 775
564 904
565 872
565 949
565 983
566 604
566 754
566 763
566 919
567 749
567 835
568 590
568 927
569 638
569 672
569 903
570 589
571 805
571 902
571 988
572 626
573 763
573 934
574 620
574 760
574 833
574 888
575 620
575 748
577 667
577 946
578 645
578 663
579 618
579 652
580 894
580 962
581 643
581 662
581 678
581 689
582 749
582 768
583 711
583 997
584 618
586 631
586 918
587 644
587 693
587 796
587 829
587 922
588 625
588 654
588 761
588 864
590 661
591 613
591 667
592 834
592 948
593 755
594 865
594 927
594 942
595 667
595 994
596 735
596 909
596 933
596 962
596 977
597 613
597 888
598 661
598 701
598 748
598 825
599 621
600 777
601 891
601 974
602 610
602 624
602 649
602 897
602 981
603 639
603 652
603 858
603 919
604 722
604 792
604 805
605 831
607 882
608 694
608 854
609 795
609 819
610 690
610 934
610 947
610 983
611 663
611 735
612 613
612 658
612 732
612 735
612 750
612 758
612 865
612 951
613 955
614 627
614 630
614 810
614 813
615 724
615 758
615 872
615 883
616 695
618 882
619 798
619 947
619 984
620 710
620 964
621 741
621 943
622 661
622 772
622 897
622 936
623 649
623 656
623 856
624 637
624 670
624 762
624 779
625 734
625 744
625 874
625 875
626 891
626 913
627 661
627 757
627 812
627 838
628 721
628 759
628 870
628 916
629 632
629 868
630 825
631 645
631 669
631 888
631 905
631 931
632 635
632 713
632 737
632 814
632 874
632 886
632 922
632 974
632 996
633 647
633 686
633 741
633 763
634 636
634 819
635 668
636 833
636 881
637 826
637 889
638 661
638 801
638 841
639 695
640 840
640 873
640 877
641 790
642 900
642 952
644 660
644 895
645 858
645 910
646 738
646 756
646 953
648 936
649 656
650 959
651 734
651 744
651 798
651 826
651 861
651 867
652 681
652 779
652 791
652 976
653 731
653 956
654 688
654 822
655 942
656 720
656 738
656 741
656 881
656 962
657 904
657 972
657 987
658 700
658 958
659 969
661 854
662 741
662 867
663 731
663 958
664 787
665 789
666 751
666 773
666 847
667 683
667 864
668 954
669 749
669 938
670 943
671 776
671 967
672 702
672 725
672 804
672 871
673 720
674 921
674 991
676 763
677 710
677 792
677 827
678 849
678 861
678 864
678 871
678 907
678 997
679 698
679 920
679 984
681 686
682 952
683 700
683 799
684 694
684 913
685 737
686 844
686 936
687 999
688 864
690 702
690 752
692 773
693 750
694 761
695 728
695 740
695 964
696 935
698 703
698 833
698 877
699 832
700 917
700 919
701 873
702 852
703 816
703 888
703 916
703 981
704 857
704 873
705 826
705 865
705 967
707 826
708 774
708 928
709 761
709 916
709 966
710 849
711 737
711 750
711 761
711 772
712 755
712 783
713 974
714 987
715 986
717 861
718 909
719 911
720 852
720 887
721 991
723 762
723 964
724 732
724 847
724 921
725 881
725 882
725 943
726 750
726 820
726 846
726 971
727 789
727 860
727 952
728 733
728 738
728 739
729 967
729 985
729 987
730 960
731 935
733 866
733 905
734 760
734 841
735 979
736 795
737 770
737 788
737 853
737 864
743 840
743 870
744 828
745 854
746 960
747 765
747 825
748 776
748 879
750 887
751 781
752 781
753 901
755 929
756 835
756 853
757 982
758 856
758 879
762 772
762 811
762 979
765 774
765 907
767 954
769 802
770 810
770 910
771 840
772 855
772 951
773 934
774 902
775 802
775 895
776 828
776 970
778 896
778 936
780 806
780 851
780 859
780 928
781 811
783 784
784 825
785 844
785 858
786 837
786 923
786 956
787 789
787 831
788 846
788 933
788 969
789 831
789 897
789 959
790 843
792 873
792 894
793 806
794 856
795 881
795 909
795 978
796 820
797 933
798 846
798 892
798 977
799 869
800 933
801 981
802 878
802 979
804 859
804 971
805 834
805 946
806 979
807 841
807 851
807 916
809 975
810 890
811 866
811 909
811 984
812 903
813 862
813 884
815 966
816 858
818 819
818 860
818 928
818 988
821 900
822 966
823 850
823 916
824 977
824 981
824 995
826 959
833 922
837 866
838 855
842 929
842 940
842 968
843 976
843 988
845 906
846 933
846 965
847 988
847 989
848 937
848 973
852 945
852 984
853 884
853 999
854 950
855 916
856 944
857 946
860 937
861 867
861 939
862 962
864 945
865 985
867 881
867 887
867 898
867 919
867 938
869 967
871 946
872 911
873 879
874 890
876 879
876 989
878 968
879 916
884 959
890 983
891 907
891 911
894 923
894 995
895 947
896 989
897 921
899 923
901 955
903 923
903 977
912 997
913 927
914 959
926 962
926 992
926 994
927 938
927 991
927 993
930 949
937 973
942 953
942 991
943 961
944 953
948 965
950 952
953 973
959 985
968 984
968 992
972 991
973 990
977 979
