0 198
0 200
0 207
0 558
0 740
0 882
1 10
1 426
1 661
1 687
1 826
1 840
1 891
2 298
2 412
2 473
2 747
3 317
3 813
3 874
4 5
4 93
4 100
4 237
4 442
4 890
4 935
4 976
5 658
5 891
5 935
6 169
6 293
6 388
6 426
6 477
6 712
6 756
6 757
7 22
7 62
7 643
7 683
7 816
8 65
8 229
8 230
8 690
8 860
9 200
9 542
9 583
9 692
9 721
9 752
9 764
10 164
10 372
10 473
10 708
10 715
11 177
11 829
11 983
11 998
12 164
12 523
12 711
12 741
13 73
13 176
13 222
13 697
13 708
14 80
14 193
14 419
14 487
14 531
14 547
14 667
15 23
15 157
15 273
15 418
15 571
15 845
15 892
15 941
15 956
16 402
16 434
16 486
16 739
16 783
17 152
17 187
17 226
17 347
17 387
17 579
17 657
17 751
17 860
17 889
17 987
18 178
18 233
18 310
18 530
18 784
18 812
18 946
19 243
19 372
19 507
19 515
19 640
19 822
20 282
20 401
20 435
20 596
20 868
20 913
21 278
21 589
21 917
22 63
22 199
22 356
22 769
22 840
23 39
23 185
23 253
23 268
23 297
23 738
24 111
24 196
24 262
24 422
24 591
24 625
24 645
24 856
24 964
25 51
25 144
25 442
25 444
25 521
25 585
25 767
26 124
26 571
26 672
26 935
27 53
27 298
27 765
28 429
28 443
28 665
28 791
29 113
29 189
29 782
29 928
30 277
30 417
30 661
30 696
30 710
30 786
30 878
30 892
31 119
31 495
31 608
31 727
31 730
31 782
32 282
32 514
32 745
32 987
33 59
33 224
33 337
33 518
33 567
33 790
33 901
34 308
34 363
34 543
34 761
34 762
34 783
34 814
34 908
34 915
35 129
35 169
35 251
35 544
35 682
35 688
36 92
36 265
37 274
37 395
37 498
37 777
38 236
38 329
38 536
38 725
38 748
38 803
38 819
39 46
39 215
39 403
39 872
40 110
40 296
40 640
40 861
41 105
41 326
41 525
41 653
41 763
41 798
42 302
42 773
42 786
42 922
43 355
43 356
43 454
43 553
43 638
43 850
43 877
43 889
44 58
44 229
44 278
44 482
44 785
44 932
45 174
45 219
45 429
45 589
45 600
45 610
45 806
45 869
45 972
46 265
46 267
46 384
46 493
46 558
46 618
46 887
46 994
47 94
47 336
47 507
47 739
48 116
48 153
48 232
48 392
48 883
48 918
49 269
49 603
49 684
49 895
49 908
49 921
49 958
50 548
50 732
50 910
51 564
52 142
52 521
52 613
53 324
53 356
53 454
53 493
53 611
53 640
53 666
53 861
54 73
54 195
54 522
54 589
54 659
54 663
54 737
54 967
55 123
55 177
55 231
55 233
55 336
55 467
55 767
55 819
55 862
55 969
56 300
56 467
56 486
56 594
56 675
56 805
56 955
57 622
57 623
57 628
57 793
57 992
58 216
58 766
59 476
59 484
59 506
59 691
59 699
59 758
59 774
59 815
59 948
60 124
60 260
60 880
60 881
60 999
61 108
61 190
61 210
61 294
61 384
61 769
61 895
62 189
62 197
62 302
62 414
62 481
62 694
62 737
62 870
62 924
63 112
63 158
63 805
64 174
64 567
64 720
64 910
64 971
64 996
65 257
65 415
65 612
66 76
66 123
66 154
66 192
66 546
66 592
66 876
67 128
67 387
67 625
67 794
67 920
68 537
68 661
68 719
68 890
68 918
68 943
69 187
69 259
69 402
69 782
69 915
69 948
70 270
70 505
70 537
70 594
70 840
71 306
71 416
71 745
71 747
71 881
71 992
72 621
72 702
72 985
73 130
73 421
73 439
73 512
73 665
73 675
73 774
73 778
73 807
73 883
74 182
74 219
74 497
74 875
74 973
75 155
75 253
75 448
75 481
75 704
75 709
75 992
76 89
76 100
76 203
76 396
76 628
76 805
76 897
76 957
77 79
77 216
77 367
77 372
77 374
77 459
77 473
77 955
78 257
78 308
78 366
78 395
78 415
78 492
78 781
78 825
79 600
80 173
80 285
80 326
80 367
80 427
80 535
81 667
82 172
82 238
82 409
82 522
82 594
82 697
82 861
83 119
83 206
83 317
83 456
83 508
83 723
83 728
83 952
83 979
84 172
84 406
84 499
84 748
84 751
85 163
85 373
85 642
85 847
85 936
86 90
86 323
86 682
86 933
87 409
87 434
87 539
87 637
87 909
87 964
88 413
88 438
88 501
88 940
89 203
89 262
89 332
89 575
89 873
89 924
90 189
90 233
90 239
90 269
90 304
90 408
90 743
90 848
91 119
91 137
91 513
91 531
91 995
92 512
92 721
92 739
92 815
92 967
93 111
93 247
93 403
93 514
93 682
94 286
94 402
94 418
94 630
94 640
94 797
94 843
94 976
95 102
95 162
95 279
95 475
95 505
95 615
95 742
95 957
96 277
96 429
96 706
96 835
97 124
97 160
97 214
97 545
97 560
98 143
98 241
98 270
98 754
98 995
99 133
99 315
99 388
99 429
99 487
100 666
101 197
101 527
101 628
101 818
101 866
101 946
101 956
102 171
102 277
102 736
102 895
103 193
103 564
103 681
103 927
104 871
104 972
105 472
105 494
105 747
105 750
106 818
107 132
107 429
107 619
107 956
108 118
108 155
108 335
108 590
108 716
108 766
109 138
109 139
109 318
109 520
109 693
109 833
110 178
110 431
110 511
110 629
111 267
111 451
111 579
111 603
111 728
111 743
111 772
111 900
112 148
112 223
112 322
112 430
112 437
113 451
113 959
114 182
114 258
114 283
114 471
114 573
114 656
114 885
114 886
115 253
116 384
116 438
116 580
116 615
116 824
116 880
117 135
117 166
117 582
117 595
117 687
117 838
117 993
118 146
118 249
118 545
118 817
118 992
119 203
119 314
119 952
119 991
120 360
120 394
120 428
120 791
120 979
121 365
121 502
121 884
122 274
122 306
122 312
122 522
122 589
122 726
122 844
123 161
123 352
123 489
123 820
123 843
123 901
124 183
124 291
124 486
124 596
124 830
124 850
125 339
125 723
125 851
125 880
125 973
126 339
126 398
126 572
126 729
128 715
129 801
130 700
130 953
131 223
131 510
131 595
132 531
132 664
132 710
132 865
132 886
132 913
132 964
133 752
133 979
134 196
134 416
134 457
134 475
134 761
134 808
134 940
135 274
135 591
135 613
135 845
135 928
136 370
136 740
136 839
136 880
137 225
137 345
137 603
137 672
137 713
137 793
138 160
138 267
138 472
138 505
138 518
138 557
138 603
138 763
138 797
138 813
139 400
139 710
139 728
140 173
140 304
140 892
141 299
141 355
141 360
141 521
141 544
142 230
142 296
142 971
143 220
143 633
143 773
143 837
143 861
143 863
143 931
144 603
144 708
144 761
144 782
145 197
145 320
145 368
145 519
145 692
145 780
145 937
145 967
145 969
146 153
146 860
146 909
147 240
147 623
148 200
148 214
148 476
148 687
148 713
149 224
149 319
149 660
149 683
149 888
150 310
150 443
150 510
151 315
151 383
151 439
151 541
151 680
151 856
151 890
152 614
153 228
153 243
153 412
153 516
153 552
153 694
153 858
154 420
154 445
154 620
154 745
154 755
154 884
154 911
155 192
155 378
155 389
155 421
155 533
156 478
156 540
156 565
156 631
156 728
157 357
157 436
157 452
157 534
157 691
158 438
158 451
158 633
158 716
159 504
159 557
159 701
159 955
160 283
160 291
160 514
160 539
160 542
160 924
160 925
161 260
161 329
161 529
161 673
161 954
162 367
162 455
162 612
162 743
162 828
163 287
163 370
163 397
163 450
163 492
163 578
163 868
163 938
165 241
165 426
165 684
165 758
165 863
165 870
166 443
166 546
166 641
166 675
166 969
167 210
167 394
167 646
167 672
167 731
167 870
167 872
168 416
168 493
168 527
168 738
168 768
169 295
169 430
169 896
169 929
169 966
169 984
170 415
170 608
170 664
170 746
171 468
171 545
171 605
171 610
171 747
171 822
171 908
171 932
172 341
172 366
172 417
172 470
172 503
172 787
172 822
172 848
172 861
173 254
173 551
173 632
173 646
173 737
174 426
174 478
174 490
174 526
174 560
174 953
174 986
175 216
175 314
175 488
175 786
176 388
176 621
176 672
176 789
176 797
177 420
177 523
177 553
177 613
177 657
177 937
178 362
178 445
178 620
178 852
178 857
178 952
179 208
179 329
179 782
180 484
180 596
180 769
181 567
181 928
181 960
182 349
182 783
182 982
183 222
183 375
183 891
184 328
184 400
184 565
184 719
184 847
184 874
184 904
185 361
185 372
185 505
185 855
185 881
186 357
186 390
186 401
186 468
186 513
186 568
186 824
186 858
187 274
187 421
187 444
187 780
187 797
187 859
188 192
188 235
188 282
188 309
189 416
189 779
189 866
190 407
190 411
190 588
190 674
190 768
190 946
191 331
191 557
191 759
192 533
192 777
192 922
193 373
193 609
193 844
193 877
194 349
194 696
194 785
195 280
195 420
195 473
195 770
196 462
196 648
196 736
196 911
196 955
197 302
197 340
197 408
197 541
197 607
197 634
197 816
197 860
197 998
198 943
198 962
199 290
199 466
199 530
199 606
200 218
200 262
200 522
200 577
200 585
200 651
200 954
200 986
201 223
201 265
201 285
201 366
201 612
201 694
201 719
201 943
202 286
202 513
202 701
203 228
203 465
203 481
203 673
203 706
203 719
203 796
203 920
203 923
203 961
203 975
204 224
204 363
204 387
204 454
204 673
204 782
204 987
204 991
205 234
205 237
205 298
205 365
205 555
205 706
205 719
206 337
206 338
206 628
206 679
206 746
206 929
206 989
207 217
207 398
207 532
207 634
207 758
207 777
208 280
208 402
208 517
208 595
208 596
208 746
208 858
208 889
209 288
209 335
209 363
209 595
209 695
209 912
210 214
210 228
210 315
210 484
210 563
210 707
210 740
210 825
210 837
210 956
210 969
211 297
211 542
211 551
211 728
211 758
211 989
212 344
212 889
212 959
213 306
213 365
213 366
213 385
213 389
213 575
213 611
213 829
214 352
214 594
214 635
214 699
214 812
215 427
215 475
215 552
215 641
215 957
216 566
216 588
216 589
216 739
216 816
216 877
216 946
216 951
216 985
217 367
217 439
217 593
217 645
217 687
217 725
217 784
217 860
217 969
218 378
218 413
218 437
218 628
218 644
218 869
218 946
218 947
218 977
219 426
219 730
219 878
219 913
220 237
220 564
220 603
220 604
220 751
220 965
221 327
221 345
221 678
221 812
222 365
222 475
222 574
222 575
222 690
222 754
222 807
222 939
223 835
223 848
223 858
223 990
224 288
224 377
224 678
224 695
224 812
224 922
225 263
225 352
225 376
225 854
225 868
225 925
225 958
226 374
226 406
226 657
226 953
227 254
227 368
227 402
227 440
227 515
227 870
228 391
228 423
228 548
228 774
229 367
229 491
229 564
229 750
229 799
229 962
230 291
230 632
230 668
230 839
230 963
230 975
231 479
231 943
232 449
232 796
233 318
233 362
233 372
233 616
233 638
233 647
233 669
233 675
233 709
234 305
234 745
234 772
234 815
234 838
234 861
235 487
235 670
235 815
235 850
235 972
236 650
236 667
236 777
236 812
236 905
237 374
237 519
237 835
237 955
238 429
238 437
238 709
238 746
238 820
239 253
239 747
240 392
240 423
240 575
240 609
240 691
240 707
240 798
240 877
241 480
241 567
241 830
241 850
241 940
241 949
242 883
243 315
243 423
243 438
243 579
243 706
243 736
244 272
244 313
244 449
244 848
244 951
245 320
245 460
245 508
245 798
245 998
246 296
246 351
246 622
246 748
247 335
247 355
247 539
248 250
248 324
248 522
248 551
248 599
248 663
249 390
249 558
249 594
249 651
250 372
250 425
250 573
251 366
251 374
251 528
251 582
251 674
251 835
252 343
252 460
252 936
253 278
253 290
253 375
253 413
253 452
253 650
253 832
254 478
254 507
254 566
254 591
254 927
255 306
255 339
255 401
255 469
255 823
255 850
255 919
255 924
255 954
255 970
256 303
256 751
256 782
256 870
256 926
256 938
257 672
257 730
257 739
257 816
258 528
258 673
258 942
259 307
259 637
259 723
259 751
260 353
260 578
260 856
260 925
261 418
261 490
261 990
262 272
262 282
262 419
262 650
262 790
263 275
263 303
263 614
263 658
263 680
264 672
264 924
265 391
265 456
265 687
265 811
265 890
265 953
266 328
266 356
266 463
266 588
266 915
267 318
267 415
267 550
267 592
267 595
267 606
267 737
267 898
268 403
268 428
268 479
268 587
268 715
269 610
269 946
270 801
270 914
271 512
271 545
271 665
271 752
272 333
272 395
272 552
272 655
272 719
272 834
273 332
273 424
273 680
273 690
273 749
273 858
274 694
275 365
275 391
275 403
275 586
275 868
275 912
276 399
276 436
276 577
276 639
276 729
276 915
276 982
277 563
277 604
277 757
277 874
278 473
278 878
279 298
279 400
279 510
280 391
280 446
280 516
280 774
280 810
280 816
280 818
280 862
280 967
281 489
281 803
281 956
282 411
282 535
282 629
282 668
282 714
282 848
283 456
283 469
283 546
283 664
283 872
284 312
284 329
284 412
284 586
284 853
285 455
285 510
285 619
285 679
285 681
285 916
286 485
286 612
286 658
286 945
287 380
287 842
288 747
288 781
288 950
288 992
289 548
289 601
289 773
289 782
289 809
290 384
290 811
291 643
291 645
291 779
292 363
292 444
292 504
292 803
292 971
293 367
293 470
293 471
293 580
293 857
293 987
294 304
294 471
294 485
294 574
294 683
294 783
294 812
294 890
295 628
295 745
296 341
296 347
296 360
296 363
296 485
296 525
296 732
296 966
297 322
297 365
297 433
297 809
297 837
298 401
298 564
298 761
298 861
299 485
299 697
299 991
300 445
300 546
300 813
300 861
301 332
301 656
301 724
301 791
301 793
302 358
303 597
303 812
304 491
304 560
304 756
304 764
304 910
305 417
306 692
306 992
307 448
308 412
308 537
308 598
308 670
308 722
308 981
309 452
309 508
309 661
309 665
309 723
309 808
309 831
310 390
310 427
310 451
310 992
311 392
311 444
312 313
312 571
312 663
312 718
312 797
312 872
312 931
312 935
313 541
313 582
313 659
313 681
313 877
314 381
314 448
314 456
314 898
314 914
315 436
315 948
316 719
316 752
316 798
316 963
316 977
317 707
317 840
317 875
317 905
317 984
318 457
319 600
319 634
319 973
320 333
320 460
320 575
320 651
321 522
321 671
321 845
321 927
321 943
321 994
322 405
322 539
322 807
322 835
322 889
322 949
323 356
323 374
323 434
323 707
323 976
324 493
324 736
324 757
324 799
324 850
324 854
324 995
325 635
325 900
325 957
326 430
326 604
326 668
327 550
327 619
327 803
328 567
328 751
328 907
329 356
329 450
329 947
329 979
330 416
330 463
330 468
330 912
331 737
331 859
331 880
331 941
332 655
332 688
332 796
333 383
333 427
333 547
333 552
333 719
334 417
334 459
334 860
334 960
335 343
335 348
335 395
335 465
335 772
335 803
336 337
336 371
336 654
336 669
336 805
336 953
337 664
337 701
338 432
338 644
338 688
338 855
339 512
340 632
340 719
340 827
340 892
341 607
341 685
341 700
342 786
342 792
342 902
342 948
343 529
343 569
343 710
343 712
343 875
343 903
344 458
344 684
344 954
345 800
345 801
345 802
345 865
345 956
345 963
345 965
346 555
346 562
346 576
346 888
347 350
347 557
347 761
347 894
347 927
348 507
348 760
349 387
349 490
349 691
349 901
349 970
350 500
350 566
350 632
350 651
350 792
350 856
350 894
351 469
351 593
352 653
352 869
353 396
353 744
353 800
353 954
353 962
354 525
354 603
354 790
354 840
354 876
354 972
355 377
355 923
356 397
356 710
357 421
357 725
358 459
358 539
358 631
358 698
358 732
358 867
359 519
359 613
359 724
359 928
359 942
360 388
360 649
360 749
360 802
361 542
361 608
361 925
363 563
363 792
363 852
363 902
363 915
364 615
364 702
364 820
364 822
364 902
364 957
364 970
365 669
366 702
366 836
366 915
366 917
367 642
367 833
367 869
368 445
368 604
368 756
368 782
368 904
369 416
369 463
369 528
369 586
369 895
370 542
370 650
370 936
371 451
371 904
372 684
372 844
372 937
372 970
373 559
373 926
374 619
374 630
374 970
375 481
375 565
375 703
376 495
377 617
378 422
378 847
378 855
379 483
379 513
379 540
379 774
379 839
379 843
380 522
380 678
380 757
380 907
380 963
381 414
381 473
381 477
381 487
381 528
381 617
381 864
381 908
382 836
383 402
383 576
383 589
383 607
383 735
383 833
384 609
384 698
384 998
385 911
386 573
386 637
386 694
386 796
386 927
387 559
387 566
387 896
388 770
388 874
388 977
388 996
389 705
389 801
389 931
389 997
390 423
390 484
390 726
390 854
391 758
392 645
392 899
393 434
394 464
394 499
394 846
395 627
395 715
395 742
396 454
396 724
396 914
397 539
397 595
397 702
397 921
398 714
398 953
399 452
399 727
399 797
399 946
400 409
400 918
401 560
401 704
401 713
401 831
401 872
401 884
401 905
402 777
402 833
403 517
403 661
403 810
403 835
403 855
403 899
404 461
404 575
404 642
404 933
405 426
405 737
406 549
406 710
406 802
406 840
406 890
406 957
407 515
407 516
407 530
407 860
408 693
408 729
408 844
408 976
408 984
409 525
409 657
409 675
409 961
410 692
410 850
410 976
411 651
411 984
412 488
412 504
412 593
413 482
413 532
413 570
413 606
413 666
413 818
414 476
415 658
416 500
416 845
417 479
417 636
418 561
419 674
419 942
420 453
420 646
420 780
420 956
420 989
421 511
421 630
421 818
422 495
422 685
422 782
422 919
423 493
423 590
423 714
423 820
423 915
424 594
424 996
425 604
425 681
425 812
425 990
426 496
426 782
426 827
427 470
427 482
427 592
427 773
427 810
427 829
427 888
428 618
429 554
429 631
429 793
429 832
429 987
430 603
430 799
430 801
431 562
431 569
431 819
432 515
432 639
432 743
432 806
432 861
434 503
434 534
434 551
434 593
434 805
434 917
435 580
435 587
435 721
435 820
435 885
436 437
436 456
436 582
436 630
436 651
436 714
437 555
437 632
437 982
437 988
438 454
438 988
439 472
439 502
439 950
439 955
440 575
440 714
440 852
440 896
441 472
441 685
442 595
442 770
442 792
443 646
443 877
443 885
443 927
444 558
444 599
444 625
444 762
444 968
444 974
445 562
445 689
446 519
446 762
446 807
447 501
447 747
447 755
448 680
448 869
448 939
449 563
449 675
449 794
449 876
450 631
450 671
451 486
451 552
451 558
451 624
451 660
451 817
452 592
452 662
452 764
453 474
453 698
453 896
454 490
454 832
454 936
455 632
455 844
455 994
456 606
456 796
456 822
456 937
457 574
457 592
457 920
457 929
458 582
458 899
459 911
460 542
460 551
460 566
460 609
460 803
461 528
461 983
462 611
462 773
463 802
463 814
464 674
464 949
465 658
465 826
465 865
465 918
465 950
466 481
466 592
466 928
466 931
466 934
467 560
468 701
468 718
468 876
468 921
468 938
469 540
471 660
471 696
472 656
472 756
472 783
472 868
473 524
473 689
474 622
474 859
474 952
475 616
475 622
475 629
475 871
476 834
476 845
477 692
477 735
477 943
477 985
478 553
478 688
478 696
478 757
478 823
478 854
479 684
479 901
479 946
480 512
480 560
480 711
480 735
480 831
480 862
481 586
481 670
482 659
482 952
483 665
483 807
483 858
484 833
484 927
485 632
486 637
487 510
487 537
488 571
488 595
488 714
488 835
488 982
489 620
489 632
489 658
489 747
489 896
490 840
491 738
491 753
491 856
491 978
492 851
493 523
493 672
493 727
494 653
494 736
494 802
494 809
494 972
495 590
495 892
496 688
496 835
496 914
497 657
498 510
498 630
498 731
498 956
498 965
499 721
499 761
499 851
500 629
500 850
500 883
500 969
501 749
501 831
502 538
502 550
502 750
502 832
503 859
503 940
504 556
504 750
504 857
505 809
505 833
505 922
506 590
506 631
506 710
506 957
506 966
507 619
507 693
507 973
507 984
508 744
509 532
509 793
509 855
510 674
510 677
510 751
512 564
512 576
513 560
513 630
513 647
513 658
513 706
513 717
513 932
514 637
514 688
514 804
514 963
515 670
516 565
516 677
516 888
516 927
517 861
518 772
519 682
519 725
519 856
520 550
520 724
521 588
521 736
521 793
521 799
521 978
522 942
523 970
524 716
524 724
524 746
525 679
525 812
526 715
527 575
527 795
527 815
528 676
528 808
528 877
529 611
530 609
530 937
530 952
531 587
531 588
532 598
532 844
533 669
533 732
534 546
534 959
535 579
535 649
535 674
535 739
535 784
535 815
535 956
535 962
536 594
536 647
536 847
536 941
537 632
537 643
537 738
537 741
537 984
538 574
538 711
538 851
538 886
539 854
539 856
539 943
540 598
540 616
540 681
540 691
540 705
540 806
540 820
540 871
540 888
540 944
541 754
541 847
542 792
542 813
542 988
543 582
543 709
543 771
543 944
544 851
545 669
545 863
545 885
546 602
546 730
546 845
547 600
547 728
547 786
547 976
548 759
548 907
550 556
550 729
550 937
550 968
551 583
552 612
552 690
552 785
552 787
552 918
553 580
553 704
553 758
553 829
553 869
554 982
556 592
556 604
556 716
556 769
556 923
556 997
557 638
557 809
557 843
558 624
558 626
558 685
558 700
558 979
559 625
559 629
559 696
560 829
561 675
561 953
562 573
562 642
562 646
562 689
562 698
563 727
564 665
565 929
566 726
566 797
566 980
567 777
567 809
568 661
568 693
569 606
569 938
570 610
570 631
570 663
570 874
570 897
570 933
571 780
571 999
572 760
572 769
572 865
572 873
572 991
573 606
573 789
573 914
573 980
574 679
574 943
575 581
575 600
575 725
576 674
576 701
576 707
576 728
576 814
576 910
577 600
577 910
577 914
577 957
578 678
578 778
578 788
579 764
579 813
579 901
580 630
580 687
580 692
581 766
582 646
582 746
582 766
582 774
582 775
582 826
582 842
583 730
584 641
584 671
584 712
584 732
584 778
585 719
585 744
585 913
585 927
586 603
586 654
586 995
587 786
587 789
587 921
588 740
588 841
589 660
589 724
589 793
589 809
589 998
590 611
590 992
591 673
591 816
591 892
591 915
591 928
593 599
593 680
593 746
593 812
593 936
594 709
595 967
596 707
596 708
596 751
596 847
596 936
597 789
597 903
598 628
599 611
599 928
600 668
600 765
600 770
600 920
601 659
602 623
602 642
602 880
603 663
603 804
603 834
604 638
604 829
604 979
605 994
605 995
605 999
606 787
606 859
607 642
607 847
607 865
608 642
608 849
608 854
609 656
609 754
609 877
610 681
610 699
611 801
611 908
612 717
612 728
613 752
613 972
614 724
614 954
615 616
615 634
615 686
615 893
616 718
618 619
618 752
618 854
618 962
619 689
619 921
620 799
620 874
620 891
620 910
621 670
621 874
621 876
622 686
622 820
622 939
622 986
623 827
623 890
623 895
624 726
624 778
626 867
628 868
629 734
629 884
630 794
630 829
631 685
631 723
633 757
633 925
633 954
633 984
634 643
635 766
635 935
636 890
637 876
638 662
638 774
639 732
639 978
640 866
640 927
640 933
640 942
641 728
641 942
642 805
642 816
642 910
643 804
643 835
643 951
645 779
645 945
645 975
645 987
646 762
646 967
647 808
647 895
648 708
648 869
649 777
649 947
650 698
650 868
650 950
650 992
651 708
651 915
651 934
652 780
652 898
653 773
654 909
655 865
655 941
656 685
657 761
657 850
657 952
657 961
658 688
658 723
658 856
658 881
658 951
659 743
659 792
659 817
659 872
660 668
662 711
662 813
663 715
663 811
663 889
663 896
663 919
664 811
664 815
664 935
665 935
666 867
666 913
667 829
668 702
668 938
669 852
670 696
671 803
672 723
672 755
672 767
673 982
673 996
674 894
675 691
675 875
675 908
675 957
676 688
676 783
676 804
676 860
676 879
676 970
677 767
678 760
678 923
679 853
680 807
680 969
681 871
681 962
682 784
682 938
683 808
683 978
684 688
685 757
686 700
687 982
688 791
688 811
688 883
689 735
689 736
689 803
690 910
690 953
690 973
691 761
692 832
693 901
694 758
694 798
694 839
694 912
696 952
696 992
697 735
697 865
697 883
698 780
699 720
699 735
699 885
699 908
701 712
701 801
701 985
702 781
702 829
703 845
704 813
704 821
705 904
705 939
706 791
706 833
706 894
706 971
707 798
709 779
710 836
710 843
710 943
711 791
711 914
711 977
712 720
712 910
712 911
712 971
713 744
713 802
713 943
713 981
714 743
714 785
715 902
715 907
715 954
715 976
717 806
717 934
717 969
718 914
719 839
721 850
722 923
724 843
725 977
726 961
727 985
728 902
729 731
729 805
730 856
731 779
731 842
732 746
735 836
736 954
739 747
739 896
739 950
742 765
742 889
746 752
746 867
746 903
746 942
746 949
747 884
748 878
749 804
749 873
752 782
752 896
753 858
753 880
755 811
757 904
758 791
758 824
758 834
758 919
758 937
759 805
760 948
761 926
764 799
765 779
766 886
766 950
767 902
767 932
767 945
768 924
769 783
769 865
769 969
770 920
770 979
771 861
771 875
771 896
773 775
773 808
773 896
775 932
776 876
776 950
777 815
777 835
777 894
778 940
780 855
780 941
782 913
782 953
782 996
783 846
783 897
783 987
783 999
784 891
785 928
786 981
787 812
787 837
787 903
787 994
789 803
789 810
789 889
790 922
790 949
791 828
791 864
792 949
792 976
793 874
793 929
795 828
795 943
796 877
796 954
796 963
799 943
800 844
800 869
801 819
801 828
804 854
805 816
806 832
806 947
807 814
809 825
809 867
809 889
809 929
810 881
812 856
812 927
812 999
814 919
814 942
815 883
816 818
816 845
817 873
817 970
817 993
818 839
820 894
820 988
821 880
822 875
822 912
824 841
824 983
825 903
829 842
829 928
829 943
830 854
830 947
831 871
833 846
833 995
834 938
837 983
838 869
838 976
838 977
839 947
839 965
840 864
840 936
841 995
842 969
843 878
844 930
845 954
846 961
846 983
849 932
849 974
853 856
853 861
858 864
858 894
858 927
858 956
859 869
861 961
863 872
865 920
867 883
869 984
870 929
870 997
872 997
872 999
873 983
874 999
877 919
880 909
880 995
882 923
882 933
882 962
883 895
883 939
883 949
886 898
889 916
890 911
890 951
891 927
892 933
897 954
901 904
903 909
905 985
916 952
916 971
918 968
920 965
929 930
933 984
937 952
940 959
947 953
951 968
952 969
954 965
957 973
965 983
968 986
977 989
992 994
