0 35
0 146
0 162
0 375
0 496
0 536
0 724
1 190
1 359
1 362
1 463
1 508
1 662
1 809
1 925
2 189
2 400
2 618
2 820
3 275
3 374
3 382
3 393
3 606
3 668
3 837
4 292
4 461
4 707
4 878
5 77
5 212
5 283
5 631
5 716
5 828
5 939
6 196
6 565
6 869
7 31
7 72
7 696
7 701
7 736
8 357
8 467
8 481
9 184
9 227
9 263
9 305
9 428
9 652
10 12
10 166
10 255
10 257
10 363
10 588
10 721
10 768
10 867
10 932
11 181
11 192
11 357
11 452
11 610
11 871
12 62
12 469
12 575
12 610
12 672
12 718
12 760
12 767
12 826
13 126
13 162
13 234
13 495
13 519
13 685
13 928
14 87
14 186
14 191
14 286
14 478
14 590
14 620
14 634
14 813
15 328
15 374
15 497
15 659
15 792
16 272
16 346
16 494
16 551
16 576
16 770
16 822
16 910
17 42
17 90
17 106
17 229
17 385
18 260
18 400
18 726
18 979
19 215
19 386
19 387
19 540
19 558
19 617
19 637
19 718
19 936
19 992
20 188
20 831
21 275
21 446
21 821
21 959
22 136
22 291
22 371
22 389
22 428
22 546
22 664
22 749
22 803
23 218
23 306
23 636
23 716
23 794
23 807
23 914
24 246
24 564
24 679
24 785
24 861
25 112
25 442
25 470
25 842
26 103
26 166
26 279
26 329
26 384
26 444
26 487
26 861
27 275
27 524
27 566
27 592
27 742
27 745
28 33
28 53
28 190
28 231
28 528
28 534
28 837
29 160
29 355
29 388
29 916
30 337
30 746
31 219
31 412
31 599
31 610
31 852
31 973
31 974
32 199
32 221
32 331
32 373
32 389
32 409
32 616
32 695
33 55
33 137
33 268
33 304
33 536
33 544
33 975
34 47
34 215
34 344
34 391
34 450
34 679
34 764
34 799
34 920
35 762
35 873
36 74
36 290
36 323
36 394
36 588
36 647
36 675
36 723
36 871
36 987
37 265
37 572
37 811
37 833
38 54
38 833
38 932
39 117
39 138
39 210
39 418
39 421
39 602
39 700
39 839
39 978
40 51
40 157
40 240
40 895
41 149
41 417
41 550
41 825
42 247
42 511
42 887
43 115
43 220
43 231
43 322
43 382
43 424
43 504
43 591
43 885
43 979
44 51
44 295
44 429
44 561
45 57
45 73
45 177
45 184
45 206
45 439
45 456
45 617
45 696
46 176
46 192
46 318
46 529
46 800
46 917
46 997
47 56
47 59
47 91
47 286
47 288
47 329
47 353
47 364
47 499
48 327
48 380
48 598
49 59
49 229
49 403
49 484
49 533
50 197
50 419
50 539
50 673
50 781
50 939
51 228
51 304
51 444
51 464
51 650
51 681
51 931
51 986
52 91
52 254
52 912
53 174
53 753
53 765
54 358
54 428
54 439
54 522
54 530
54 550
54 854
54 856
55 147
55 207
55 282
55 476
56 216
56 375
56 498
56 913
56 953
57 434
57 541
57 790
58 344
58 413
58 487
58 496
58 603
59 219
59 283
59 312
59 360
59 531
59 798
60 250
60 295
60 320
60 330
60 448
60 563
60 582
61 127
61 213
61 531
61 699
62 605
62 675
63 91
63 96
63 403
63 457
63 527
63 628
63 710
63 922
63 970
64 125
64 243
64 301
64 435
64 760
65 386
65 522
65 540
66 162
66 191
66 376
66 438
66 722
66 926
67 134
67 237
67 566
68 92
68 274
68 286
68 289
68 293
68 442
68 663
68 944
69 163
69 220
69 270
69 337
69 950
70 309
70 320
70 422
70 539
70 717
70 791
70 815
70 869
70 989
71 104
71 137
71 277
71 343
71 347
71 451
71 527
71 807
71 865
72 149
72 380
72 503
72 545
72 668
72 916
73 119
73 167
73 289
73 426
73 551
73 596
74 190
74 279
74 557
74 583
74 589
74 611
74 932
75 830
76 77
76 148
76 248
76 559
76 719
76 764
76 864
77 187
77 567
77 606
77 814
77 824
77 955
78 359
78 364
78 673
78 897
79 82
79 268
79 368
79 724
79 990
80 95
80 351
80 520
80 662
80 812
81 358
81 592
81 610
81 708
82 562
82 984
83 256
83 312
83 496
83 526
83 580
83 613
83 730
83 825
83 868
84 430
84 763
84 808
84 905
85 112
85 120
85 431
85 804
85 984
86 337
86 751
86 951
87 154
87 272
87 351
87 352
87 372
87 509
87 652
87 836
87 850
87 910
88 221
88 530
88 813
88 886
88 895
88 964
89 122
89 338
89 345
89 767
89 837
89 906
89 949
89 978
90 415
90 541
90 592
90 695
90 731
90 852
91 342
91 378
91 576
91 611
91 717
91 797
91 848
91 851
92 104
92 352
92 449
92 612
92 759
93 260
93 350
93 640
94 193
94 524
94 776
94 793
94 832
94 987
95 287
95 411
95 456
95 991
96 247
96 268
96 766
97 235
97 470
97 699
97 906
98 122
98 147
98 961
98 994
99 183
99 539
99 741
100 160
100 296
101 362
102 311
102 322
102 340
102 350
102 359
102 623
102 677
102 722
102 790
102 842
102 920
103 145
103 490
103 525
103 712
103 739
103 760
103 799
103 814
103 826
103 934
103 986
104 196
104 391
104 913
104 941
105 346
105 460
105 623
105 660
106 116
106 214
106 249
106 253
106 324
106 518
107 128
107 162
107 273
107 693
107 751
107 838
107 983
108 219
108 317
108 341
108 369
108 646
108 761
108 969
109 119
109 172
109 179
109 275
109 434
109 471
109 827
109 836
109 952
109 992
110 344
110 534
110 541
110 669
110 779
110 808
110 832
110 929
111 155
111 363
111 438
111 767
112 265
112 599
112 615
113 133
113 522
113 603
113 609
113 996
114 174
114 331
114 400
114 425
114 557
114 624
114 674
114 696
114 868
114 892
115 195
115 231
115 370
115 412
115 607
115 652
115 749
115 773
115 784
116 415
116 493
116 536
116 684
116 890
116 984
117 413
117 675
117 873
117 947
118 254
118 636
118 654
118 699
118 987
119 385
119 596
119 821
119 872
120 292
120 561
120 752
120 774
120 943
121 499
121 564
121 659
121 667
121 824
121 890
121 964
122 228
122 260
122 267
122 677
123 435
123 643
123 955
124 191
124 208
124 766
124 875
124 884
125 277
125 456
125 659
125 972
126 334
126 453
126 500
126 660
126 916
126 936
127 142
127 196
127 308
127 332
127 401
127 884
128 173
128 412
128 417
128 845
129 212
129 366
129 648
129 867
129 871
129 910
129 927
130 147
130 273
130 349
130 649
130 792
130 795
130 889
131 397
132 167
132 228
132 237
132 768
132 769
132 867
132 885
132 906
133 390
133 753
134 228
134 245
134 669
134 865
134 873
134 909
135 312
135 410
135 462
135 734
135 816
136 443
136 689
136 786
137 153
137 184
137 317
137 395
137 405
137 480
137 725
138 153
138 297
138 321
138 346
138 498
138 705
138 728
138 822
138 980
139 454
139 522
139 708
139 802
139 831
139 880
139 912
139 946
140 146
140 162
140 261
140 567
140 650
140 815
141 185
141 327
142 494
142 743
142 931
142 948
143 304
143 309
143 510
143 746
143 850
144 439
144 660
144 702
144 764
144 891
145 322
145 466
145 709
145 806
145 840
145 962
146 206
146 408
146 680
146 796
146 830
147 390
147 419
147 505
147 660
147 699
147 772
147 852
148 209
148 345
148 389
148 439
148 469
148 507
148 637
148 790
148 864
148 932
149 367
149 376
149 378
149 631
149 698
149 750
149 785
149 807
149 873
149 901
150 186
150 566
150 588
150 650
150 774
150 867
150 924
150 958
150 978
151 238
151 339
151 701
151 711
151 838
151 911
151 963
152 164
152 242
152 307
152 412
152 548
152 907
153 172
153 210
153 220
154 158
154 329
154 509
154 835
154 867
154 980
155 422
155 470
155 594
155 615
155 821
156 208
156 395
156 772
156 941
157 264
157 389
157 495
157 539
158 373
158 425
159 213
159 265
159 481
159 518
159 584
159 861
160 710
160 818
161 162
161 476
161 741
161 818
161 865
161 869
162 229
162 240
162 249
162 260
162 383
162 434
162 475
162 546
162 595
162 877
163 178
163 373
163 561
163 576
163 597
163 600
163 678
163 908
164 266
164 795
164 887
164 953
165 218
165 228
165 490
165 672
165 707
165 713
165 891
165 914
167 398
167 479
167 516
167 586
167 589
167 705
167 882
167 934
168 183
168 221
168 244
168 246
168 377
168 395
168 985
169 373
169 763
169 955
170 224
170 569
170 631
170 726
170 752
170 757
170 987
171 178
171 206
171 241
171 445
171 593
171 634
171 721
171 971
172 312
172 514
172 659
172 935
173 248
173 444
173 516
173 768
173 814
174 256
174 318
174 352
174 369
174 699
174 774
174 799
175 189
175 377
175 898
176 747
176 839
177 786
178 384
178 436
178 517
178 691
178 711
179 416
179 538
179 596
179 815
179 869
179 928
179 931
180 209
180 457
180 620
181 414
181 521
181 566
181 599
181 680
181 845
181 853
181 905
181 922
182 249
182 430
182 581
182 607
182 622
182 686
182 789
183 333
183 453
184 348
184 446
184 747
184 820
184 873
184 876
184 925
184 958
185 411
185 535
185 692
185 773
185 915
186 306
186 345
186 420
186 555
186 602
186 994
187 430
187 452
187 694
187 802
187 831
188 278
188 447
188 563
188 923
188 949
189 266
189 297
189 430
189 451
189 495
189 517
189 767
189 816
189 954
190 293
190 343
190 400
190 464
190 568
190 612
190 667
190 669
190 727
190 779
190 783
190 834
191 211
191 355
191 423
191 689
191 693
191 695
191 740
191 972
192 222
192 286
192 382
192 432
193 271
193 383
193 599
193 971
194 519
194 556
194 796
195 202
195 262
195 371
195 438
195 487
195 494
195 502
195 548
195 725
196 271
196 813
196 911
197 329
197 433
197 640
197 708
197 861
197 876
197 951
198 331
198 505
198 675
198 726
198 803
198 978
199 235
199 295
199 508
199 554
199 640
199 927
200 261
200 416
200 851
200 886
201 219
201 602
201 734
201 820
202 237
202 451
202 623
202 836
202 865
203 418
203 542
203 653
203 911
204 269
204 443
204 512
204 599
204 888
204 929
204 988
205 444
205 658
205 869
205 877
205 947
206 549
206 700
206 809
206 927
207 302
207 431
207 435
207 516
207 637
208 252
208 580
208 976
209 210
209 218
209 565
209 568
209 764
209 858
209 949
210 290
210 481
210 574
210 628
210 634
210 932
210 999
212 289
212 427
212 495
213 215
213 242
213 330
213 334
213 374
213 392
213 465
213 527
213 593
213 776
213 899
214 224
215 370
215 493
215 797
216 323
216 347
216 741
216 765
217 295
217 791
217 911
217 950
218 241
218 417
218 578
218 730
218 987
219 280
220 299
220 330
220 661
221 349
221 356
221 423
221 573
221 630
221 653
221 814
221 957
221 960
221 996
222 327
222 613
222 750
223 310
223 633
223 650
223 667
223 699
224 334
224 336
224 412
224 839
225 277
225 636
225 693
225 718
225 795
225 797
226 292
226 476
226 526
226 540
226 581
227 379
227 412
227 471
227 535
227 632
227 857
228 269
228 342
228 722
228 780
228 976
229 249
229 408
229 629
229 673
229 874
229 980
230 268
230 282
230 296
230 531
230 548
230 976
231 263
231 511
231 941
231 965
232 502
232 812
232 874
232 973
233 430
233 449
233 472
233 640
233 848
233 936
233 988
234 266
234 675
234 793
235 561
235 617
235 632
235 953
236 311
236 315
236 337
236 872
237 988
237 999
238 293
238 489
238 514
238 552
238 753
239 310
239 324
239 357
239 641
239 838
239 897
240 250
240 573
240 724
240 904
240 948
241 258
241 687
241 867
242 248
242 298
242 345
242 375
242 537
242 622
242 647
242 866
243 266
243 554
243 594
243 656
243 821
244 293
244 315
244 339
244 389
244 473
244 564
244 692
244 802
244 893
245 277
245 687
245 829
246 373
246 512
246 584
246 625
246 688
247 578
247 626
247 850
248 369
248 397
248 511
248 639
248 642
248 665
248 770
249 436
249 492
249 557
249 718
249 771
250 298
250 384
250 392
250 394
250 669
251 357
251 506
251 636
251 756
252 276
252 448
253 376
253 537
253 703
253 761
254 316
254 441
254 748
254 816
254 888
254 974
255 271
255 317
255 667
255 861
255 890
255 903
256 312
256 621
256 708
256 774
256 898
257 465
257 820
258 505
259 621
259 646
259 958
260 529
260 806
260 942
261 446
261 613
261 770
261 845
261 947
261 954
262 287
262 442
262 684
262 778
262 936
263 378
263 523
263 682
263 719
264 340
264 400
264 502
264 601
264 663
264 990
265 800
265 824
265 853
265 985
266 674
266 886
266 948
267 365
267 629
267 656
267 819
267 960
268 561
268 819
268 964
268 996
269 535
269 613
269 783
269 870
270 496
270 508
271 525
271 531
271 543
271 550
271 566
272 313
272 845
273 543
273 784
274 300
274 335
274 510
274 527
274 621
274 670
274 736
274 919
274 938
275 360
275 735
275 902
275 903
276 485
276 576
276 891
277 385
277 480
277 686
277 896
278 322
278 460
278 709
278 849
278 867
279 330
279 341
279 548
279 887
280 282
280 372
280 428
280 435
280 498
280 558
280 590
280 904
280 979
281 429
281 631
281 700
282 524
282 734
282 792
282 848
282 920
283 338
283 407
283 499
283 958
284 336
284 348
284 367
284 445
284 635
284 705
284 950
285 322
286 503
286 769
286 777
286 814
287 371
287 438
287 494
288 363
288 416
288 447
288 630
288 659
289 387
289 637
289 864
289 891
290 298
290 318
290 426
290 912
291 305
291 358
291 379
291 465
291 911
292 473
292 592
292 616
292 775
293 375
293 838
294 382
294 454
294 508
295 401
295 762
295 853
296 301
296 481
296 612
296 792
296 956
296 970
297 630
297 995
298 432
298 603
298 858
299 306
299 418
299 631
299 936
300 322
300 810
301 595
301 836
301 857
302 521
302 642
302 749
302 943
303 383
303 454
303 967
304 315
304 664
304 960
305 646
305 711
305 876
305 891
306 504
306 650
306 976
307 311
307 387
307 701
307 744
308 326
308 540
308 672
308 749
309 428
309 549
309 830
309 958
309 986
310 423
310 563
310 821
310 914
311 353
311 469
311 859
312 340
312 397
312 524
313 569
313 624
313 851
314 495
314 552
314 686
314 716
314 987
315 394
315 497
315 752
315 851
316 614
316 627
316 666
316 705
316 764
316 913
316 941
317 504
317 575
317 645
317 689
318 336
318 422
318 513
318 854
319 926
320 343
320 764
320 852
320 862
320 911
321 418
321 625
321 633
321 762
322 497
322 539
322 688
322 769
322 912
323 343
323 420
323 758
325 601
325 918
326 343
326 761
327 334
327 401
327 731
327 806
327 864
327 882
328 870
329 435
329 640
330 540
330 699
330 867
330 991
331 380
332 410
332 649
332 656
332 706
333 374
334 413
334 570
334 695
334 910
335 358
335 523
336 390
336 484
336 683
337 373
337 447
337 808
337 890
337 976
338 393
338 783
338 829
338 981
339 510
339 932
339 957
340 373
340 484
340 588
340 913
341 545
341 871
342 898
342 909
343 383
343 493
343 725
343 877
343 927
343 930
343 984
344 503
344 609
344 653
344 672
344 865
345 348
346 394
346 416
346 601
347 387
347 417
347 615
347 981
349 657
349 789
349 830
349 941
350 678
350 756
350 947
351 674
351 719
351 760
351 836
352 395
352 550
353 444
353 517
353 609
353 711
353 746
353 902
355 405
355 488
355 672
355 677
356 393
356 517
356 773
356 808
356 906
357 401
357 579
357 727
357 740
358 422
358 448
358 534
358 556
358 706
358 992
359 585
359 948
359 976
360 642
361 390
361 478
362 713
362 768
362 886
363 508
363 682
363 715
363 742
363 808
363 897
363 923
364 374
364 669
364 739
364 853
364 939
365 414
365 440
365 741
366 439
366 895
366 968
366 969
367 539
367 564
367 886
368 379
368 640
368 813
369 371
369 594
369 629
369 714
370 635
370 937
371 430
371 501
371 728
371 850
371 998
372 832
372 936
373 428
373 677
373 776
373 944
373 950
374 422
374 466
374 588
375 380
375 541
375 573
375 609
375 843
375 968
376 502
376 655
376 729
377 611
377 647
378 423
378 716
378 988
379 383
379 546
379 822
379 876
379 886
380 457
381 569
381 723
381 920
381 986
382 576
382 738
382 826
383 440
383 485
383 549
383 693
383 848
384 614
384 747
385 618
385 696
385 740
385 764
385 902
385 997
386 529
386 542
386 611
386 828
386 882
387 483
387 576
387 581
389 505
389 582
389 904
389 959
389 972
390 516
390 622
390 821
390 881
390 888
390 907
390 936
391 410
392 477
392 821
392 879
393 760
393 828
394 807
394 865
394 978
395 436
395 714
395 818
395 927
395 959
396 439
396 551
396 626
396 772
397 398
397 421
397 620
397 762
397 821
398 441
398 466
398 646
398 769
398 779
399 483
399 683
399 822
399 987
400 623
401 442
401 496
401 556
401 653
401 660
401 776
401 837
401 871
401 953
402 858
403 682
403 712
403 980
404 486
404 735
405 407
405 490
405 491
405 614
405 628
405 994
406 552
406 852
406 858
406 898
406 978
407 538
407 704
407 836
407 928
407 988
408 856
408 919
409 572
409 802
409 813
409 946
409 964
410 984
411 435
411 599
411 601
411 787
411 804
411 881
412 423
412 511
412 739
412 989
413 450
413 577
413 981
414 783
414 919
414 966
414 985
415 765
415 854
416 425
416 596
416 747
416 902
417 444
417 545
417 993
418 519
418 833
418 859
419 457
419 545
419 738
420 828
420 887
421 655
421 720
421 915
421 963
422 427
422 654
422 941
423 586
423 959
424 526
424 585
425 663
426 443
426 483
426 740
426 766
426 886
427 468
427 477
427 531
427 863
428 630
429 440
430 717
430 822
430 989
431 483
431 488
431 493
431 507
431 542
431 573
431 802
431 936
431 949
432 455
432 770
432 797
432 907
433 627
433 794
434 612
434 818
434 994
435 631
435 834
435 905
435 915
436 493
436 507
436 547
436 637
436 729
437 545
437 561
437 606
437 690
437 696
437 781
437 812
437 949
438 543
438 811
439 633
439 681
439 874
439 963
440 519
441 468
441 596
441 632
441 666
442 518
442 659
443 721
443 864
443 972
444 507
444 737
445 495
445 614
445 615
445 739
445 958
446 787
446 790
448 837
448 875
449 464
449 625
449 842
449 992
450 700
450 817
450 858
450 910
450 979
451 549
451 776
451 851
451 875
452 489
452 505
452 877
453 797
453 803
454 562
454 805
454 914
454 972
455 535
456 590
456 860
456 944
458 541
459 588
459 706
459 756
459 815
459 950
459 988
460 475
460 645
460 786
460 927
460 956
461 477
461 530
461 639
461 738
461 925
461 927
462 520
462 527
462 881
462 981
463 736
463 742
463 879
463 946
464 552
464 901
464 919
465 804
465 826
465 925
466 544
466 980
467 541
467 665
468 677
468 739
468 809
468 960
469 561
470 489
470 491
470 751
470 767
470 777
470 838
470 841
470 917
471 573
471 824
472 761
473 649
473 745
473 763
474 619
474 885
474 972
475 482
475 492
475 616
475 709
475 717
475 747
475 770
476 695
476 782
477 488
477 510
477 519
477 527
477 590
477 702
477 769
477 878
477 913
477 927
478 689
478 806
478 972
478 987
479 779
480 585
480 895
480 935
480 973
481 608
481 666
481 714
481 725
481 862
482 638
482 713
482 921
483 488
483 516
483 572
483 600
483 824
483 840
483 970
484 488
484 591
484 913
485 890
485 958
486 766
486 807
486 812
487 550
487 738
487 992
488 565
488 947
489 545
489 922
490 538
490 866
490 954
490 973
491 628
492 799
493 539
494 892
494 947
495 603
495 681
496 633
498 661
498 672
498 685
498 984
500 508
500 935
501 668
501 669
502 550
502 834
502 848
502 854
503 533
503 704
503 827
503 953
504 862
505 564
505 621
505 802
505 845
506 610
506 646
506 724
506 818
506 872
506 924
507 558
507 772
507 947
508 656
508 949
509 873
509 879
509 947
510 592
510 867
510 918
511 779
511 809
512 606
512 822
512 917
513 725
513 849
513 862
513 863
513 968
514 748
514 767
515 523
515 622
515 729
515 770
515 959
515 966
516 726
516 727
516 889
516 998
517 580
517 733
517 784
518 590
518 602
518 865
519 597
519 611
519 657
519 725
519 800
519 870
520 853
520 931
521 607
521 664
521 785
521 947
521 990
522 653
523 672
523 688
523 895
524 775
524 841
524 888
525 550
525 551
525 617
525 629
525 635
525 799
525 849
525 869
525 899
527 579
527 779
527 851
528 717
528 761
528 812
528 898
529 878
529 952
530 679
530 861
531 705
531 773
532 578
532 616
532 805
533 546
533 577
533 668
533 755
534 880
535 642
535 816
535 875
535 903
535 932
536 767
536 792
536 916
536 954
537 768
538 943
538 979
538 987
539 794
540 579
540 590
540 670
540 701
540 845
540 995
541 879
542 583
542 646
542 696
542 908
543 724
543 824
543 826
543 927
544 545
544 754
544 787
546 587
546 733
547 695
547 865
549 671
549 723
550 610
550 619
550 704
550 739
550 962
551 885
552 648
552 684
552 916
552 948
553 605
553 711
553 886
553 925
555 632
555 676
555 740
555 802
556 624
556 642
557 694
557 842
558 723
558 835
558 877
558 981
559 673
559 940
561 589
562 718
562 787
562 819
562 867
563 876
563 988
564 660
564 861
564 938
564 993
565 850
565 901
566 595
566 949
566 950
567 828
568 576
568 622
568 733
568 775
569 901
570 827
571 715
571 979
573 602
574 664
574 730
574 836
575 814
575 861
576 835
576 965
576 977
577 816
577 912
577 930
578 768
578 815
579 965
580 780
580 882
581 958
581 959
582 789
583 678
583 812
583 901
583 906
583 949
584 840
584 843
585 745
585 833
585 957
586 701
586 717
586 981
587 738
587 771
587 837
588 605
588 927
589 799
590 679
592 965
593 671
593 702
594 615
594 679
594 698
594 762
594 856
594 926
595 821
596 661
596 877
596 919
596 944
597 605
597 613
597 679
597 948
597 966
598 618
598 627
598 705
598 864
598 999
599 683
601 728
601 739
601 794
601 833
602 654
602 773
602 866
602 958
603 623
603 958
604 606
604 677
604 857
604 894
604 909
604 998
605 895
605 934
605 983
606 759
607 810
608 936
610 776
611 850
611 919
612 762
612 766
612 967
613 875
613 919
613 992
614 997
615 674
615 819
615 916
616 773
616 954
617 710
617 755
618 654
618 768
618 787
618 957
618 970
619 820
619 945
620 674
620 913
620 924
620 930
623 781
623 820
624 780
624 854
625 651
626 747
626 809
626 831
626 835
626 914
626 948
626 957
627 680
627 808
627 974
628 869
628 874
628 977
629 851
629 902
631 660
631 887
632 846
634 743
634 821
634 920
635 895
636 761
637 801
637 875
637 962
638 662
638 748
638 781
639 673
639 699
639 949
639 988
640 675
640 779
640 981
640 989
641 778
641 983
642 860
642 996
643 900
643 970
644 739
644 849
644 958
645 757
645 981
646 659
646 674
646 881
649 691
650 989
650 993
651 660
651 664
651 850
652 653
652 782
653 762
654 730
654 861
655 688
655 714
655 732
656 930
657 865
658 669
658 767
658 966
660 818
660 993
661 819
662 899
664 697
664 700
665 924
666 682
666 926
666 994
667 849
667 904
667 920
668 858
668 955
669 827
670 671
670 729
670 798
670 888
671 694
671 865
671 922
671 993
672 694
672 770
673 761
673 781
673 828
673 850
673 951
674 736
675 722
675 828
675 874
676 816
677 749
677 923
677 969
678 795
678 883
678 992
679 764
679 940
680 897
680 949
681 693
682 829
682 837
682 975
683 737
683 782
683 825
683 931
684 756
685 802
685 828
685 884
686 861
687 773
688 948
689 856
689 978
691 969
692 739
692 917
693 704
693 771
693 917
693 951
694 851
694 937
695 719
695 743
695 792
695 806
695 887
695 920
696 719
696 870
698 802
698 819
699 790
700 718
701 727
702 704
702 707
702 770
702 811
702 829
702 888
703 810
705 811
705 873
705 918
706 745
706 773
706 995
707 729
707 825
707 906
708 777
708 781
708 803
708 822
709 856
709 988
709 998
710 941
711 913
711 956
712 881
713 714
714 767
715 974
715 999
716 811
717 735
717 739
717 858
718 744
718 788
718 804
718 808
718 859
718 879
719 749
719 824
723 865
723 932
724 907
725 733
726 732
728 846
729 796
729 879
729 966
730 946
731 779
731 824
731 968
732 825
733 836
734 952
735 760
736 766
736 783
736 795
737 821
737 919
738 817
738 941
739 761
739 825
741 814
741 951
742 749
742 793
743 880
744 897
745 878
745 950
745 989
749 940
749 941
750 841
750 870
751 871
751 934
751 992
752 841
752 895
752 924
752 965
752 982
754 823
754 948
756 812
757 776
757 876
758 779
758 957
759 959
760 796
761 878
762 765
762 945
763 841
763 869
764 878
764 996
766 779
766 781
767 830
767 885
768 776
768 833
768 837
768 884
768 979
769 811
769 902
769 989
770 969
772 923
773 974
774 848
774 979
775 871
775 904
775 934
775 962
778 824
778 841
779 957
781 815
781 838
781 943
781 990
783 842
783 901
784 815
784 976
785 826
785 894
787 872
787 957
788 951
789 992
789 999
790 886
792 851
793 802
793 825
793 848
795 927
795 960
796 999
797 858
798 826
798 924
799 840
799 957
799 969
800 845
801 904
802 826
802 866
802 933
804 893
806 808
807 907
807 972
807 977
808 861
808 928
809 926
810 859
810 872
810 956
811 853
811 926
812 916
812 990
813 986
813 997
814 854
814 882
817 835
817 965
818 894
819 926
819 989
830 875
831 858
832 949
832 961
834 972
835 878
836 851
836 990
838 985
841 973
842 852
842 979
844 969
845 924
850 887
851 931
858 935
859 929
859 931
859 961
860 916
861 973
864 918
865 878
865 933
873 915
873 953
874 884
876 883
876 929
877 981
878 891
881 884
882 944
882 963
883 992
883 999
884 898
884 908
884 919
884 955
885 930
885 951
887 998
888 983
888 991
890 930
891 943
891 966
894 912
894 917
894 991
897 900
897 928
897 992
900 954
903 973
904 955
905 915
906 999
907 974
908 921
908 928
908 995
910 968
911 942
914 983
918 957
919 923
919 963
920 926
920 987
921 988
926 927
927 941
927 976
927 994
929 978
930 986
931 945
931 951
937 950
942 950
943 997
947 972
948 959
948 996
949 995
950 973
953 969
956 986
961 981
964 978
969 971
978 992
