0 99
0 175
0 479
0 579
0 924
0 984
1 367
1 503
1 767
1 902
1 958
2 48
2 651
3 155
3 408
3 476
3 540
3 593
3 657
4 287
4 341
4 378
4 475
4 831
4 919
4 950
5 240
5 595
5 633
5 693
5 694
5 774
5 832
6 171
6 192
6 394
6 458
6 680
6 853
7 12
7 30
7 246
7 524
7 572
7 620
7 656
7 759
7 803
7 836
8 48
8 100
8 148
8 423
8 788
8 933
8 962
9 228
9 389
9 491
9 578
9 615
9 719
10 153
10 204
10 274
10 419
10 500
10 655
10 863
11 94
11 161
11 245
11 356
11 673
11 868
12 47
12 151
12 291
12 562
12 993
13 60
13 120
13 183
13 216
13 633
14 74
14 229
14 231
14 317
14 493
14 799
15 72
15 259
15 503
15 657
15 742
16 214
16 221
16 431
16 718
16 775
17 72
17 157
17 183
17 324
18 27
18 30
18 119
18 199
18 316
18 358
18 392
18 467
18 546
18 786
19 250
19 289
19 358
19 478
19 582
19 637
19 914
19 922
20 44
20 211
20 333
20 372
20 465
20 885
21 127
21 325
21 638
21 929
22 74
22 330
22 628
23 201
23 226
23 344
23 784
23 804
24 171
24 319
24 551
24 694
25 77
25 597
25 733
25 997
26 73
26 301
26 375
26 626
27 278
27 346
27 463
27 741
27 809
27 857
28 371
28 433
28 495
28 620
28 743
28 971
29 206
29 641
29 685
30 143
30 203
30 355
30 386
30 524
30 571
30 619
31 123
31 437
31 765
32 33
32 44
32 68
32 162
32 280
32 307
32 330
32 499
32 501
32 771
32 890
33 63
33 333
33 370
33 631
33 914
33 958
33 987
33 995
34 421
34 628
34 922
35 437
35 532
36 39
36 178
36 231
36 565
36 904
36 992
37 95
37 518
37 546
37 562
37 604
37 625
37 744
37 850
38 130
38 143
38 347
38 606
38 782
38 857
39 86
39 473
39 480
39 837
39 930
39 951
40 171
40 246
40 344
40 748
41 271
41 371
41 808
41 968
42 480
42 734
42 842
43 215
43 305
43 378
43 390
43 393
43 409
43 576
43 649
43 747
43 761
43 906
43 995
44 136
44 214
44 234
44 312
44 518
44 780
44 969
45 64
45 338
45 407
45 789
45 851
46 90
46 120
46 210
46 253
46 573
46 839
47 81
47 526
48 429
48 703
48 780
49 154
49 256
49 303
49 524
49 553
50 319
50 673
51 144
51 224
51 258
51 700
51 853
52 93
52 422
52 458
52 526
52 639
52 817
53 164
53 256
53 329
53 340
54 162
54 823
55 224
55 316
55 375
55 484
55 538
55 840
55 979
56 192
56 307
56 628
56 909
56 994
57 133
57 144
57 149
57 336
57 438
57 531
57 730
57 932
58 326
58 906
58 983
58 987
59 103
59 328
59 481
59 595
59 951
59 958
60 95
60 266
60 401
60 447
60 510
60 722
60 942
60 962
61 267
61 463
61 479
61 530
61 559
61 587
61 691
62 253
62 491
62 552
62 741
63 401
63 466
63 518
63 585
63 639
63 675
63 774
63 945
64 458
64 643
64 680
64 978
65 328
65 344
65 395
65 543
65 822
65 873
66 757
66 813
66 875
67 185
67 407
67 513
67 895
67 913
68 195
68 210
68 419
68 662
69 270
69 349
69 615
70 180
70 231
70 318
70 592
70 651
70 969
71 395
71 583
71 804
72 108
72 261
72 361
72 448
72 475
72 526
72 662
73 879
73 921
74 504
74 589
74 651
74 662
75 319
75 412
75 539
75 686
76 259
76 310
76 729
77 82
77 266
77 592
77 677
77 703
77 896
78 179
78 240
78 251
78 263
78 474
78 565
78 938
79 475
79 669
79 899
80 646
80 875
81 325
81 476
81 580
81 588
81 743
81 932
82 88
82 272
82 311
82 857
82 917
83 87
83 364
83 614
83 694
83 849
83 874
83 950
84 157
84 335
84 378
84 503
84 633
84 644
84 944
85 249
85 266
85 319
85 343
85 579
85 641
85 706
85 799
86 151
86 213
86 388
86 830
86 835
87 291
87 353
87 620
87 924
88 99
88 211
88 258
88 313
88 505
88 625
88 660
88 949
89 495
89 584
89 601
89 817
89 862
90 186
90 266
90 350
91 193
91 254
91 313
91 355
91 391
91 680
91 804
91 818
92 151
92 415
92 691
93 203
93 205
93 340
93 413
93 419
93 629
93 753
93 846
93 947
94 201
94 218
94 302
94 345
94 358
94 386
95 96
95 477
95 533
95 555
95 615
95 710
95 755
96 287
96 564
96 705
96 931
97 245
97 458
97 508
97 607
97 660
97 816
97 934
98 105
98 237
98 286
98 294
98 644
98 729
98 902
98 960
99 539
99 927
99 990
100 442
100 757
100 765
100 896
100 980
101 108
101 175
101 256
101 290
101 311
101 696
101 811
101 813
101 848
101 962
102 344
102 404
102 412
103 182
103 484
103 518
103 596
104 279
104 345
104 528
104 618
104 747
104 751
104 859
105 120
105 205
105 275
105 374
105 460
105 514
105 530
105 819
105 999
106 134
106 200
106 356
106 406
106 440
106 492
106 503
106 565
106 568
106 713
106 949
106 973
107 306
107 359
107 472
107 508
107 638
107 827
108 335
108 552
108 757
109 134
109 198
109 387
109 961
110 220
110 270
110 441
110 840
110 931
111 132
111 268
111 380
111 528
111 608
111 744
111 913
112 584
112 699
112 828
112 886
113 135
113 283
113 340
113 445
113 496
113 687
113 695
113 771
114 507
114 575
114 691
114 782
114 913
115 328
115 339
115 629
115 755
115 816
116 172
116 313
116 349
116 615
116 813
117 131
117 295
117 349
117 378
117 402
117 552
117 833
117 984
118 154
118 187
118 621
118 630
118 705
118 745
119 120
119 141
119 238
119 528
119 899
120 134
120 323
120 355
120 565
120 806
121 293
121 532
122 186
122 447
122 669
122 805
122 842
123 158
123 396
123 642
123 718
123 740
123 748
123 853
124 315
124 372
124 500
124 679
124 693
124 697
124 744
125 295
125 296
125 420
125 567
125 827
125 845
125 866
126 219
126 279
126 344
126 481
126 507
126 829
127 187
127 493
127 526
127 721
127 774
128 194
128 377
128 405
128 570
128 730
129 315
129 523
129 604
129 609
129 851
129 948
129 954
130 313
130 652
130 678
130 989
131 304
131 809
131 816
132 174
132 323
132 413
132 589
132 751
132 771
132 797
133 940
134 302
134 333
134 816
134 913
135 340
135 974
136 228
136 401
136 436
136 666
136 836
137 172
137 228
137 245
137 246
137 461
137 467
137 480
137 749
138 722
138 729
140 212
140 248
140 269
140 287
140 475
140 546
140 617
140 869
140 944
140 988
141 309
141 320
141 487
141 859
141 969
142 452
142 789
143 175
143 395
143 631
143 662
143 709
143 969
144 486
144 520
144 758
144 946
145 294
145 461
145 861
146 312
146 397
146 409
147 178
147 560
147 697
147 791
147 903
148 720
149 342
149 526
149 639
149 917
149 979
150 176
150 228
150 243
150 518
150 681
150 699
150 735
151 224
151 339
151 384
151 400
151 530
151 818
151 939
151 949
152 315
152 325
152 561
152 618
152 898
153 352
153 433
153 515
153 544
153 630
153 687
153 821
153 881
154 204
154 288
154 445
154 714
154 768
155 340
155 445
155 922
156 169
156 177
156 279
156 281
156 537
156 614
156 714
156 800
156 936
157 405
157 609
157 994
158 285
158 311
158 419
158 482
158 541
158 565
158 644
158 790
158 977
159 248
159 314
159 368
159 684
159 775
160 167
160 415
160 440
160 544
160 709
160 775
161 431
161 687
161 871
162 218
162 370
162 545
163 245
163 360
163 372
163 375
163 501
163 512
163 544
164 385
164 393
164 672
165 193
165 697
165 922
166 332
166 359
166 391
166 630
166 769
167 327
167 385
167 411
167 520
167 749
167 821
167 837
168 529
168 534
169 296
169 436
169 546
169 568
169 780
169 997
170 213
170 300
170 318
170 340
170 506
170 730
170 751
170 829
170 935
170 962
171 269
171 504
171 556
171 627
171 776
171 911
171 972
171 987
172 248
172 263
172 370
172 587
172 748
173 306
173 478
173 564
173 730
173 940
173 986
173 996
174 403
174 457
174 526
174 614
174 753
175 233
175 260
175 320
175 406
175 450
175 668
175 895
176 378
176 413
176 464
176 484
176 761
176 893
177 202
177 444
177 490
178 385
178 452
178 473
178 503
178 696
178 830
179 224
179 301
179 562
180 208
180 353
180 637
180 718
180 814
180 919
181 247
181 539
181 778
181 820
181 853
181 945
182 424
182 638
182 693
182 870
183 484
183 768
183 863
184 311
184 557
184 990
185 497
185 564
185 794
185 823
185 950
186 383
186 683
187 562
187 666
187 758
188 332
188 336
188 342
188 450
188 571
188 848
188 849
188 914
188 924
188 934
189 501
189 673
189 754
190 204
190 245
190 327
190 409
190 518
190 655
190 783
190 955
191 747
191 825
191 916
192 204
192 235
192 263
193 322
193 442
193 482
193 620
194 597
195 459
195 709
196 300
196 303
196 313
196 408
196 519
196 617
196 721
196 790
196 827
196 941
196 999
197 267
197 471
197 896
198 403
198 855
199 202
199 355
199 434
199 755
199 765
200 364
200 482
200 531
200 923
201 727
201 738
201 769
201 951
202 441
202 608
202 741
202 882
203 272
203 299
203 932
203 956
203 971
204 507
204 513
204 866
205 370
205 601
206 454
207 723
208 585
208 753
208 769
209 353
209 784
210 282
210 448
210 729
210 750
210 769
210 842
211 283
211 404
211 445
211 541
211 656
211 657
212 214
212 291
212 552
212 599
212 729
212 808
213 315
213 609
213 827
214 260
214 474
214 824
215 266
215 403
215 558
215 806
216 657
216 795
217 265
217 411
217 462
217 542
217 699
217 998
218 732
219 568
219 585
219 640
219 660
219 761
219 837
219 855
219 927
219 977
219 989
220 329
220 430
220 560
221 246
221 337
221 401
221 586
221 633
221 889
221 995
222 560
222 851
222 858
223 270
223 391
223 999
224 226
224 857
224 868
224 906
225 434
225 473
225 595
225 834
225 864
225 871
225 983
226 234
226 301
226 692
226 696
227 587
227 784
227 843
227 952
228 545
228 592
228 747
228 845
228 870
229 395
229 426
229 742
230 450
230 529
230 600
230 666
231 328
231 919
231 955
231 989
232 258
232 289
232 620
232 677
232 702
232 818
232 959
233 417
233 576
233 666
233 803
233 819
233 922
234 266
234 331
234 732
235 340
235 806
235 898
235 936
236 791
237 465
237 513
237 578
237 735
237 815
237 863
237 879
238 251
238 277
238 457
238 850
239 289
239 506
239 617
239 717
239 722
239 734
239 789
239 935
240 258
240 296
240 531
240 563
240 588
240 754
240 896
240 912
240 941
240 991
241 274
241 755
242 272
242 336
242 370
242 493
242 682
242 970
242 989
243 486
243 651
243 919
243 933
244 304
244 411
244 431
244 443
244 464
244 572
244 576
244 951
244 969
245 333
245 595
245 676
245 986
246 304
246 351
246 358
246 474
246 749
246 792
247 479
247 492
247 633
247 742
247 745
247 836
247 924
247 943
248 357
248 520
248 569
248 644
248 690
249 306
249 835
249 851
249 919
249 965
249 970
250 280
250 592
250 694
250 776
250 798
250 859
250 966
251 568
251 939
252 491
252 820
253 420
253 574
254 533
254 796
254 837
254 992
255 292
255 708
255 711
255 810
255 917
256 325
256 329
256 598
256 754
257 297
257 552
257 621
257 971
258 269
258 354
258 668
258 777
258 901
259 439
259 581
259 849
259 897
260 355
260 488
260 732
260 858
261 451
261 748
261 863
261 936
262 321
262 448
262 656
262 848
263 661
263 708
263 891
264 276
264 752
264 814
264 919
265 366
265 696
266 366
266 655
266 746
266 816
266 822
266 950
267 312
267 383
267 511
267 517
268 331
268 352
268 521
268 528
268 844
268 869
269 629
269 712
269 736
269 753
269 776
269 799
269 906
269 978
270 519
270 747
270 821
270 855
271 400
271 550
271 598
271 683
272 530
272 724
272 741
272 801
272 953
273 848
273 924
274 305
274 385
274 792
274 847
274 878
275 329
275 500
275 601
275 746
275 900
276 296
276 363
276 438
276 765
276 886
277 476
277 714
278 471
278 678
278 947
279 359
279 376
279 498
279 514
279 853
279 922
280 522
280 622
280 694
281 321
281 334
281 457
281 512
281 570
281 598
281 634
281 875
282 348
282 477
282 505
282 627
283 300
283 368
283 394
283 422
283 545
283 686
283 710
283 828
283 841
284 697
284 972
284 973
285 359
285 420
285 531
285 705
285 876
286 446
286 492
286 573
286 582
286 870
286 941
287 319
287 351
287 418
287 443
287 608
287 636
287 644
287 982
288 410
288 420
288 769
289 409
289 585
290 364
290 433
290 562
290 849
291 344
291 609
291 753
291 891
291 902
291 965
292 635
292 887
292 991
293 411
293 509
293 639
293 729
293 840
294 409
294 546
294 593
294 653
294 673
295 398
295 879
296 756
297 633
297 646
298 304
298 352
298 537
298 614
298 656
298 829
299 468
299 637
299 925
300 558
300 607
300 767
300 931
301 323
301 513
302 317
302 332
302 658
302 760
302 813
302 866
303 438
303 458
303 603
304 508
304 619
304 977
305 774
305 775
305 839
305 877
306 389
306 451
306 467
306 545
306 770
306 979
307 736
307 800
307 854
307 967
308 620
308 672
308 845
308 963
308 993
309 323
309 355
309 385
309 521
309 801
309 829
310 601
310 834
310 941
310 977
311 326
311 395
311 399
311 504
311 748
312 323
312 589
312 673
312 827
313 533
313 589
313 885
314 413
314 431
314 544
315 484
316 390
316 531
316 737
317 355
317 507
317 523
317 801
317 964
318 548
318 607
318 929
319 338
319 371
319 584
319 656
319 819
319 931
320 330
320 383
320 442
320 751
321 532
321 589
321 629
321 661
321 668
322 458
322 516
322 577
322 827
322 935
323 357
323 492
323 553
323 644
323 900
323 964
323 975
324 482
324 603
324 644
324 810
325 684
325 756
325 782
325 810
325 912
326 510
327 652
327 715
327 848
327 959
328 519
328 805
328 883
329 552
329 594
329 756
329 871
329 997
330 380
330 544
330 626
330 738
330 761
330 763
331 386
331 597
331 603
331 789
331 839
331 850
331 921
332 334
332 761
332 773
332 900
334 430
334 518
334 868
334 900
335 538
335 868
336 344
336 575
336 592
336 906
337 520
337 576
337 790
337 846
338 350
338 477
338 631
338 635
338 687
339 877
339 989
340 599
340 742
340 747
340 789
341 404
341 405
341 748
341 750
341 856
342 572
342 631
342 663
342 982
343 469
343 995
344 472
344 534
344 544
344 721
344 723
344 765
344 921
345 416
345 474
345 628
345 704
345 813
345 879
346 380
347 624
347 812
347 899
348 501
348 721
348 723
348 762
350 495
350 646
350 989
351 516
351 751
352 443
352 487
352 686
352 866
353 544
354 681
354 746
354 782
354 855
355 455
355 542
355 801
356 550
356 631
356 845
357 418
357 454
357 507
357 514
357 778
357 975
358 406
358 433
358 589
358 660
358 686
358 734
358 927
358 959
359 830
359 958
360 447
360 734
360 802
360 983
361 813
361 852
362 653
362 765
362 792
362 937
362 980
363 520
363 579
363 757
363 888
363 923
364 730
364 739
364 960
364 968
365 451
365 456
365 530
365 633
365 759
365 908
365 951
366 652
366 782
366 909
367 373
367 375
367 541
367 600
367 850
368 519
368 743
368 769
368 840
369 496
369 625
369 727
369 808
370 774
371 549
371 665
372 567
372 784
372 789
373 415
373 467
373 606
373 709
373 836
373 985
374 516
374 818
375 446
375 706
375 711
375 824
375 856
376 386
376 660
376 856
376 902
377 670
377 960
378 490
378 500
378 587
378 677
378 993
379 473
379 496
379 526
379 737
380 458
380 686
381 572
381 581
381 646
381 967
382 802
382 886
382 906
382 976
383 407
383 446
383 475
383 483
383 491
383 515
383 742
384 476
384 865
384 934
385 443
385 598
385 686
385 868
385 908
386 544
386 731
387 635
387 647
387 652
387 688
387 745
387 936
388 482
388 675
388 689
388 755
388 982
390 408
390 554
390 587
390 623
390 678
390 737
390 816
391 419
391 435
391 709
391 846
391 969
391 985
392 566
392 600
393 496
393 537
393 639
393 713
393 765
393 897
394 556
394 657
394 882
395 453
395 517
395 659
395 833
395 860
395 972
396 409
396 596
396 704
396 719
396 729
396 742
397 531
397 691
397 833
397 925
398 452
398 733
398 804
398 822
399 913
400 455
400 522
400 542
401 740
401 950
402 942
402 996
403 501
403 612
403 652
403 906
404 753
404 908
405 459
405 460
405 642
405 753
405 757
405 945
405 996
406 757
407 738
408 771
408 869
408 996
409 435
409 488
409 525
409 611
409 756
410 420
410 552
410 560
410 960
410 974
411 453
411 541
411 582
411 770
411 845
412 784
413 445
413 591
413 867
413 934
413 973
413 984
414 422
414 457
414 642
414 783
414 985
415 704
415 732
415 775
415 881
416 450
416 886
417 451
417 588
417 764
417 850
417 952
417 955
418 511
418 735
418 772
418 808
419 710
420 723
421 437
421 577
421 645
421 747
421 808
421 900
422 683
422 913
422 967
423 431
423 788
423 861
423 927
423 959
424 555
424 840
425 595
425 631
427 855
428 470
428 671
429 834
429 986
430 947
431 505
431 615
431 777
431 787
431 967
431 977
432 450
432 868
433 645
433 669
433 850
433 944
434 436
434 729
434 886
434 990
435 469
436 787
437 565
437 677
437 856
437 901
437 916
437 946
437 990
438 630
438 671
438 675
438 699
438 726
438 986
438 993
439 504
439 550
439 567
439 634
439 806
440 465
440 581
440 668
440 739
440 803
440 820
440 829
440 841
441 647
441 657
441 704
441 729
441 836
441 889
442 457
442 516
442 598
442 770
442 836
442 911
442 991
443 509
443 609
443 770
443 784
443 969
444 545
444 647
444 658
444 969
445 476
445 568
445 651
445 828
445 883
445 899
445 990
446 899
447 471
447 583
447 648
447 675
447 776
447 903
447 929
447 950
448 450
448 617
448 822
448 854
448 857
448 923
448 953
449 816
449 965
450 667
451 464
451 491
451 512
451 580
452 474
452 504
452 542
452 551
452 883
452 891
452 905
453 922
453 937
453 955
454 497
455 523
455 598
455 671
456 613
456 962
457 536
458 510
458 566
458 588
458 609
458 856
459 571
459 627
459 834
460 550
460 739
460 794
460 849
460 874
460 927
461 556
461 712
461 929
461 961
462 535
462 598
462 675
462 697
462 719
462 871
463 836
464 476
464 666
464 884
464 903
464 991
465 477
465 591
465 861
465 939
466 689
466 765
466 791
466 813
466 968
467 797
468 549
468 788
468 836
469 620
469 629
469 652
469 726
469 919
469 956
469 980
469 998
470 690
470 716
470 811
470 832
471 579
471 976
472 597
472 599
472 675
472 727
472 756
472 762
472 945
473 590
473 717
474 498
475 701
476 537
476 610
476 725
477 796
478 517
478 649
479 647
479 946
480 540
480 577
481 500
481 708
481 757
481 759
481 906
482 665
482 674
482 782
482 797
483 703
483 928
483 944
484 514
484 704
484 755
484 758
484 785
484 822
484 896
485 837
485 838
485 979
486 774
486 851
487 688
487 795
487 976
488 691
488 946
488 962
488 985
489 554
489 709
489 726
489 897
490 809
490 829
490 887
491 620
492 509
492 528
492 755
492 840
492 981
492 991
493 779
493 846
494 708
494 919
494 935
494 987
495 687
495 774
495 994
496 655
496 885
497 586
497 626
497 717
497 799
497 936
498 524
498 570
498 698
498 718
498 720
498 782
498 952
499 614
499 783
499 784
499 817
500 611
500 943
501 562
502 506
502 759
503 504
503 542
503 664
504 744
505 525
505 634
505 673
505 992
506 864
507 589
508 690
508 827
509 854
510 530
510 600
510 612
510 842
511 566
511 654
511 656
511 746
511 748
511 768
511 873
511 880
512 628
512 708
512 775
512 799
513 544
513 739
513 887
514 567
514 571
514 668
514 769
514 850
514 906
514 944
515 770
515 994
516 541
516 572
516 743
516 888
517 533
517 716
517 771
517 811
517 895
518 679
519 610
520 845
520 860
520 881
521 692
522 688
522 966
523 566
523 722
523 838
524 641
524 675
524 714
524 784
524 824
525 578
525 942
526 728
526 761
526 826
526 998
527 975
527 997
528 584
528 608
528 956
529 600
529 680
530 573
531 645
531 732
531 830
531 837
531 985
532 545
532 717
532 917
533 546
533 834
534 624
534 849
535 551
535 566
535 710
535 780
535 941
536 628
536 796
536 863
537 855
538 790
538 969
539 546
539 818
540 604
540 636
540 723
540 996
541 544
541 910
542 699
542 765
542 931
543 583
543 751
544 725
544 868
544 906
544 939
544 991
545 554
545 576
545 668
545 743
545 960
546 647
547 552
547 639
547 671
547 804
547 975
548 750
548 822
549 655
549 810
550 960
550 972
551 769
551 819
551 885
551 940
552 596
552 852
552 872
552 936
552 962
553 622
553 802
553 975
554 564
554 639
554 745
554 941
555 760
555 772
555 840
555 874
555 913
555 961
556 673
556 715
556 778
556 782
556 972
556 974
557 609
557 789
558 648
558 795
558 977
559 803
559 959
560 677
560 762
561 639
563 580
563 612
563 739
564 920
564 930
565 572
565 872
566 575
566 882
567 780
568 668
568 807
568 837
568 940
569 603
569 751
569 802
570 647
570 776
570 978
571 691
571 729
571 737
572 832
572 864
573 605
573 748
573 770
573 990
574 643
574 715
575 601
575 609
575 785
575 994
576 608
577 604
577 693
577 825
578 602
578 731
578 845
578 879
580 690
581 588
581 672
581 896
582 706
582 750
582 787
583 713
583 720
583 766
583 895
584 865
585 637
585 868
586 630
586 661
587 726
587 815
587 943
588 723
588 786
588 899
589 655
590 677
590 966
592 945
593 678
593 757
593 846
593 858
593 952
594 686
594 706
594 708
594 947
595 920
596 658
596 776
596 861
596 870
596 874
598 688
598 728
599 736
599 775
599 860
599 866
600 723
600 794
600 927
601 941
602 608
604 698
604 722
604 854
604 938
605 898
605 912
606 656
607 685
607 874
608 677
608 909
608 947
609 623
609 857
610 628
610 948
611 942
612 987
613 884
613 892
613 930
614 745
614 950
615 643
615 689
615 750
615 879
616 818
616 966
616 997
617 724
617 832
617 855
618 666
618 839
618 976
619 780
619 799
619 945
620 719
621 999
622 662
622 680
623 713
623 745
624 676
624 797
624 828
624 906
625 831
626 802
626 936
627 740
627 760
627 837
628 754
629 713
629 761
629 900
630 773
630 943
630 995
631 966
633 708
633 905
633 951
634 869
634 910
634 951
634 981
635 645
635 795
635 799
636 775
636 859
637 742
637 812
637 843
637 914
638 810
638 846
639 736
640 678
640 693
641 897
642 662
643 689
643 971
644 809
644 950
645 786
646 721
646 784
646 895
647 666
647 832
648 900
648 920
648 971
649 872
650 720
650 726
650 795
650 847
651 816
651 851
651 893
652 686
652 720
652 931
652 941
653 700
653 725
654 772
654 779
655 754
655 885
655 910
656 759
656 893
656 921
657 807
657 841
659 745
660 781
661 683
661 787
661 955
662 932
662 970
663 729
664 753
664 754
665 839
665 998
666 881
668 853
668 912
668 969
669 738
670 791
670 821
670 832
671 778
672 847
673 949
674 946
675 678
676 711
676 911
677 734
677 853
678 716
678 943
678 947
678 954
679 710
679 944
679 977
680 895
681 902
681 970
683 719
683 858
683 916
684 975
685 687
685 926
685 992
686 845
686 857
687 864
687 869
688 747
689 848
689 879
689 927
690 964
691 772
692 718
692 797
692 819
692 997
693 780
694 793
695 804
697 746
697 868
698 837
698 933
699 720
701 995
702 789
703 758
704 829
705 808
705 829
706 760
706 847
706 875
707 790
707 964
712 998
713 765
713 792
713 956
713 976
714 973
715 722
715 854
715 877
716 758
717 853
718 725
718 905
719 785
720 793
720 794
720 835
720 906
721 804
722 833
723 863
723 950
725 862
725 873
725 954
725 957
726 938
727 966
729 913
730 770
730 799
730 806
730 881
730 981
731 958
732 760
732 914
732 962
733 740
733 754
733 988
734 986
736 840
736 861
736 919
736 935
737 973
738 758
738 772
738 835
738 998
739 799
740 742
743 763
743 924
744 823
744 973
746 867
746 870
747 778
747 942
747 955
749 764
749 977
749 987
749 988
750 764
750 892
750 946
750 964
751 771
751 905
752 820
753 885
754 757
754 769
754 888
754 917
756 822
757 966
759 803
761 938
762 765
762 941
763 807
763 833
763 909
763 994
764 852
764 957
764 974
765 814
766 881
766 977
767 918
768 811
768 895
771 873
771 987
772 936
773 810
773 966
773 979
775 789
777 841
777 876
777 963
777 985
778 799
778 839
779 938
780 814
780 892
780 997
781 795
781 803
781 866
782 802
782 946
782 985
783 813
783 870
784 865
785 892
786 966
787 813
788 970
789 862
791 967
793 970
795 802
795 841
797 862
797 940
799 890
799 957
800 941
803 915
803 931
804 862
806 886
807 927
808 826
808 858
808 924
808 959
809 909
809 969
810 894
810 926
811 821
812 962
814 946
815 872
817 890
817 893
818 964
819 926
821 936
822 835
824 862
825 915
826 871
826 979
826 982
827 841
828 888
829 840
829 924
830 850
833 963
834 884
834 980
835 868
835 977
836 993
839 927
841 843
842 941
842 946
843 886
845 995
846 897
846 903
852 857
852 861
852 916
852 934
852 936
852 970
853 951
854 939
856 956
857 864
860 910
861 875
861 915
862 892
863 889
864 889
864 993
865 987
866 950
867 994
870 890
871 915
871 919
873 980
874 877
874 880
874 954
875 927
876 894
876 977
878 893
880 884
881 964
882 922
883 984
884 901
884 928
889 899
889 984
892 981
893 958
893 967
897 910
898 991
900 918
900 991
901 942
901 963
905 990
906 978
907 936
909 931
909 960
911 935
911 958
920 991
922 980
936 987
938 990
947 948
950 975
954 995
956 984
962 965
963 984
971 973
988 991
