0 66
0 286
0 437
0 669
0 908
1 398
1 520
1 535
1 909
2 455
2 627
2 668
2 821
3 16
3 18
3 74
3 262
3 476
4 502
4 605
4 616
4 692
5 218
5 412
5 516
5 842
5 926
6 323
6 461
6 810
7 13
7 30
7 59
7 85
7 252
7 458
7 478
7 887
8 79
8 217
8 239
8 448
8 600
8 804
8 879
9 131
9 164
9 191
9 309
9 557
9 565
9 569
9 736
9 941
10 92
10 141
10 286
10 808
10 847
10 909
10 995
11 34
11 71
11 182
11 559
11 844
12 67
12 92
12 210
12 552
12 807
12 982
13 153
13 299
13 309
13 445
13 574
13 637
13 822
14 20
14 185
14 316
14 381
14 411
14 489
14 544
14 572
14 836
14 888
15 272
15 274
15 421
15 592
15 814
15 889
16 154
16 567
16 601
16 617
16 847
17 78
17 429
17 557
17 694
17 880
18 283
18 395
18 672
18 788
18 897
19 166
19 425
19 469
19 559
19 609
19 718
19 792
19 947
20 56
20 488
20 924
21 199
21 413
21 514
21 662
21 669
21 905
21 912
22 193
22 357
22 384
22 511
22 617
23 39
23 114
23 403
24 118
24 279
24 327
24 499
24 532
24 548
24 589
24 750
24 752
24 878
25 148
25 155
25 665
25 681
25 858
25 898
25 904
26 31
26 287
26 482
26 489
26 523
26 541
26 627
26 932
26 982
27 68
27 201
28 510
28 701
28 704
29 335
29 426
29 725
30 349
30 411
30 607
30 699
30 718
30 735
30 758
30 848
30 925
31 52
31 138
31 633
31 904
32 42
32 190
32 984
33 231
33 232
33 353
33 543
34 224
34 236
34 304
34 336
34 349
35 89
35 136
35 212
35 280
35 305
35 310
35 342
35 486
35 515
35 623
35 692
35 739
35 780
35 975
36 222
36 281
36 339
36 573
36 599
36 615
36 631
36 789
36 943
37 506
37 541
37 591
37 634
37 725
37 737
37 893
37 904
37 986
38 54
38 145
38 158
38 175
38 229
38 322
38 753
39 71
39 230
39 322
39 527
39 753
39 800
39 817
39 864
39 899
39 964
40 466
40 597
40 821
40 911
41 205
41 244
41 358
41 443
41 529
41 609
41 642
41 712
41 767
41 970
42 225
42 264
42 398
42 501
42 529
43 196
43 225
43 260
43 361
43 377
43 703
43 786
43 859
43 991
44 127
44 133
44 137
44 187
44 435
44 552
44 593
44 718
44 915
45 100
45 106
45 364
45 401
45 491
45 831
45 910
46 176
46 287
46 656
46 888
47 304
47 347
47 531
47 571
47 889
48 59
48 86
48 91
48 203
48 327
48 535
48 720
48 845
49 148
49 165
49 243
49 392
49 418
49 460
49 695
49 884
49 940
50 92
50 136
50 140
50 409
50 411
50 473
50 557
50 703
51 727
51 900
52 90
52 182
52 275
52 472
52 597
52 632
52 812
52 828
53 942
54 118
54 143
54 292
54 407
54 518
54 699
54 776
54 909
54 974
55 381
55 411
55 435
55 808
56 251
56 493
56 769
57 511
57 579
57 618
57 659
57 662
57 669
57 706
57 852
57 944
58 132
58 155
58 165
58 169
58 285
58 560
58 664
58 996
59 168
59 554
59 573
59 797
59 857
59 930
60 140
60 334
60 442
60 559
60 845
60 917
61 214
61 312
61 426
61 512
61 558
61 668
62 113
62 135
62 554
62 695
62 710
62 977
63 280
63 340
63 660
63 954
64 114
64 291
64 476
64 546
64 664
65 132
65 257
65 265
65 476
65 495
65 999
66 164
66 226
66 582
67 349
67 548
67 719
67 825
68 340
68 365
68 390
68 970
68 978
69 132
69 138
69 227
69 407
69 483
69 489
69 698
69 714
69 802
69 850
69 883
69 917
70 338
70 585
70 604
70 673
70 735
71 199
71 321
71 409
71 493
71 587
71 616
71 642
71 985
72 101
72 240
72 317
72 405
73 185
73 412
73 678
74 367
74 491
74 576
74 594
74 604
74 686
74 700
74 854
74 973
75 102
75 169
75 340
75 486
75 537
75 664
75 861
76 299
76 697
76 885
76 889
77 135
77 213
77 317
77 386
77 406
77 537
77 593
77 812
77 870
78 120
78 554
78 560
78 618
78 642
78 873
79 280
79 471
79 509
79 663
79 710
79 712
79 775
79 810
79 927
80 222
80 286
80 649
80 780
81 290
81 291
81 404
81 412
81 482
81 530
81 554
81 626
81 753
81 911
81 950
81 952
81 967
82 190
82 444
82 709
82 863
83 338
83 549
83 692
83 887
83 969
83 991
84 150
84 242
84 290
84 299
84 658
84 683
84 720
85 155
85 315
85 355
85 472
85 503
85 788
86 340
86 410
86 498
87 151
87 278
87 429
87 557
87 695
87 729
87 731
87 793
87 864
88 171
88 266
88 271
88 374
88 402
88 841
89 578
89 581
89 663
89 858
89 871
90 204
90 267
90 361
90 496
90 561
90 626
90 721
90 871
91 469
91 903
92 210
92 310
92 762
92 770
93 202
93 249
93 346
93 413
93 655
93 665
93 683
94 107
94 541
94 630
94 700
95 613
95 680
95 905
95 942
96 486
96 889
97 141
97 252
97 459
97 476
97 554
98 239
98 559
98 739
99 165
99 292
99 344
99 542
99 585
99 644
99 940
99 983
100 140
100 227
100 258
100 597
100 688
100 820
100 843
101 518
101 598
101 909
101 925
101 928
101 949
102 385
102 504
102 716
102 903
103 305
103 523
103 524
103 798
104 154
104 203
104 284
104 312
104 339
104 518
104 585
104 706
104 920
105 225
105 247
105 254
105 272
105 273
105 776
106 156
106 212
106 401
106 407
106 545
106 630
106 828
106 899
107 263
107 616
107 738
107 909
107 957
108 439
108 588
108 622
109 121
109 176
109 349
109 652
109 765
109 769
109 907
109 963
110 177
110 178
110 353
110 554
110 652
110 874
110 969
111 343
111 363
111 873
111 923
112 136
112 561
112 600
112 645
113 136
113 645
113 775
114 639
114 693
114 998
115 201
115 317
115 602
115 840
115 955
115 961
115 992
116 249
116 827
116 878
117 517
117 604
117 689
118 410
118 591
118 680
118 945
119 224
119 326
119 499
119 546
119 622
119 901
120 186
120 304
120 308
120 321
120 356
120 529
120 647
120 797
121 154
121 248
121 340
121 423
121 491
121 563
121 582
121 868
121 899
121 900
122 547
122 755
122 790
122 818
123 175
123 380
123 799
124 155
124 163
124 209
124 370
124 429
124 448
124 480
124 554
124 570
124 758
124 818
125 315
125 329
125 652
125 683
125 710
125 923
126 273
126 348
126 359
126 516
126 575
126 716
127 143
127 347
127 380
128 233
128 255
128 426
128 516
128 914
128 943
128 944
128 978
129 228
129 578
129 584
129 922
129 988
130 340
130 581
130 649
130 704
130 721
130 939
131 338
131 392
131 725
131 759
131 796
132 326
132 343
132 637
132 770
132 866
132 878
132 926
133 265
133 594
133 669
133 684
133 715
133 731
133 759
133 965
134 186
134 472
134 558
134 724
134 785
134 970
135 219
135 328
135 528
135 563
136 234
136 268
136 269
136 301
136 534
136 784
136 830
137 351
137 432
137 451
137 700
137 748
137 944
137 997
138 161
138 231
138 254
138 307
138 506
138 523
138 567
138 632
138 716
138 790
138 915
139 224
139 339
139 367
139 473
139 575
139 607
139 780
139 984
140 249
140 629
140 704
140 809
140 990
141 167
141 405
142 220
142 796
142 831
142 973
143 324
143 431
143 601
143 643
143 694
143 982
145 264
145 269
145 332
145 610
145 656
145 757
145 791
145 992
146 159
146 183
146 235
146 396
146 576
146 627
146 845
146 847
146 984
147 154
147 445
147 537
147 621
147 921
148 168
148 264
148 392
148 606
148 609
148 752
149 208
149 408
149 699
150 184
150 451
150 702
150 922
151 328
151 421
152 260
152 269
152 274
152 289
152 594
152 896
153 429
153 731
153 792
153 900
154 316
154 647
154 672
154 810
154 882
154 976
155 276
155 362
155 425
155 505
155 533
155 690
155 863
155 902
156 330
156 587
156 662
156 759
156 964
156 982
157 603
157 976
158 273
158 306
158 597
158 679
158 729
158 737
158 795
158 867
158 942
158 987
159 161
159 163
159 385
159 719
159 770
160 180
160 277
160 350
160 506
160 564
160 616
160 666
161 287
161 600
161 644
161 796
162 419
162 567
162 734
163 290
163 303
163 836
164 306
164 329
164 378
164 460
164 634
164 723
164 924
165 336
165 413
165 508
165 565
165 604
165 838
166 480
166 590
166 718
166 784
166 955
166 978
167 293
167 333
167 363
167 541
167 626
167 723
168 299
168 359
168 950
169 305
169 362
170 196
170 387
170 714
170 800
170 892
171 356
171 725
172 173
172 178
172 433
172 812
172 837
172 914
173 350
173 413
173 499
173 509
173 672
173 879
174 194
174 350
174 484
174 617
175 218
175 239
175 277
175 673
175 767
175 951
176 372
176 575
176 710
176 783
176 806
177 310
177 493
178 532
178 551
178 817
178 962
179 236
179 342
179 379
179 605
179 799
179 896
179 928
179 939
179 962
179 993
180 498
180 772
180 773
180 856
181 586
181 794
182 318
182 403
182 437
182 563
182 584
183 484
183 537
183 712
184 235
184 448
184 578
184 806
184 900
185 572
185 722
186 223
186 254
186 429
186 714
186 987
187 432
187 470
187 508
187 673
187 926
187 943
188 216
188 235
188 340
188 361
188 372
188 467
188 517
188 664
189 274
189 302
189 417
189 834
190 217
190 468
190 617
190 743
190 791
190 854
190 928
191 402
191 557
191 625
191 669
191 839
191 998
192 337
192 423
192 888
193 332
193 430
193 470
193 697
193 745
193 987
194 232
194 396
194 467
194 618
194 757
194 800
194 870
195 350
195 597
195 959
196 354
196 466
196 529
196 589
196 697
196 726
196 730
196 979
197 292
197 502
197 596
197 835
197 869
197 913
197 929
198 574
198 584
198 706
198 813
199 445
199 653
199 792
200 378
200 556
200 735
200 759
200 803
200 953
201 347
201 392
201 400
201 659
201 685
201 782
201 798
202 353
202 428
202 678
202 688
202 831
202 985
203 343
203 429
203 571
203 712
203 815
203 825
203 959
204 467
204 518
204 632
205 401
205 555
206 248
206 573
206 694
206 770
206 828
207 235
207 471
207 802
207 884
208 391
208 491
208 625
208 649
208 895
208 947
209 281
209 969
210 336
210 467
210 611
210 683
210 815
210 818
210 927
211 322
211 377
211 507
211 522
211 866
212 273
212 718
212 789
212 804
212 822
212 974
213 500
214 418
214 444
214 913
215 263
215 264
215 285
215 318
215 423
215 608
215 611
215 724
215 938
216 480
216 627
216 705
216 731
216 841
216 990
217 333
217 541
217 551
217 572
217 818
217 838
218 402
218 493
218 589
218 595
218 714
219 294
219 427
219 559
219 680
219 944
219 952
220 536
220 718
220 990
221 809
221 932
221 967
222 269
222 295
222 303
222 532
222 673
222 683
222 688
222 740
223 371
223 423
223 451
223 571
223 678
223 685
223 892
223 893
224 585
224 783
224 964
225 268
225 648
225 881
225 938
225 970
226 543
226 578
226 593
226 656
226 814
227 228
227 455
227 614
227 663
227 703
227 833
227 858
228 283
228 299
228 312
228 331
228 436
228 721
228 847
228 885
229 266
229 343
229 492
229 717
229 873
229 883
230 708
230 755
231 516
232 242
232 270
232 414
232 664
233 294
233 298
233 345
233 446
233 519
233 703
233 954
234 359
234 489
234 739
234 757
234 877
234 907
235 447
235 518
235 537
235 746
235 956
235 990
236 758
236 970
237 779
237 785
237 826
238 248
238 342
238 345
238 477
238 501
238 699
238 888
238 902
238 916
238 998
239 249
239 381
239 413
239 437
239 600
239 789
239 867
240 254
240 256
240 281
240 340
240 442
240 890
240 892
240 970
240 974
240 997
241 360
241 593
241 601
241 702
242 371
242 742
243 463
243 748
243 825
244 286
244 303
244 503
244 622
244 639
244 987
245 435
245 471
245 553
245 651
245 660
245 807
245 965
246 263
246 334
246 397
246 462
246 672
247 628
247 972
247 982
248 373
248 395
248 571
248 589
248 732
248 791
248 823
248 933
249 316
249 457
249 896
250 362
250 630
250 829
250 942
251 609
251 972
252 330
252 359
252 370
252 438
252 971
252 995
253 331
253 410
253 641
254 275
254 603
254 962
254 968
255 412
255 539
256 268
256 588
256 599
257 267
257 299
257 422
257 579
257 753
257 795
257 937
258 467
258 949
259 263
259 539
259 615
259 750
259 769
259 796
259 830
259 904
260 470
260 940
261 270
261 428
261 645
262 376
262 572
262 725
262 777
262 846
262 859
262 890
262 956
263 501
263 683
263 696
263 734
264 651
264 729
265 321
265 347
265 481
265 529
265 619
265 648
265 675
265 695
265 725
265 739
265 824
265 825
265 897
266 269
266 496
266 744
266 799
266 879
266 921
266 923
267 328
267 488
267 522
267 773
267 872
267 977
268 479
268 484
268 749
268 837
269 459
269 616
269 806
269 808
270 539
270 950
270 979
270 988
271 349
271 365
271 767
271 862
272 390
272 506
272 667
272 789
272 877
272 977
273 624
273 685
273 852
274 296
274 507
274 711
274 802
274 903
274 937
275 304
275 318
275 593
275 631
275 779
276 539
276 685
277 376
277 396
277 524
278 515
278 738
278 815
279 286
279 447
279 866
279 949
280 326
280 524
280 541
280 579
280 584
280 630
280 672
280 946
280 998
281 376
281 420
281 692
281 861
282 297
282 345
282 489
282 652
282 826
282 970
283 337
283 559
283 681
283 714
284 532
284 533
284 681
284 720
284 855
285 402
285 507
285 515
285 524
285 638
285 927
286 361
286 429
286 450
286 580
286 882
288 416
288 483
288 564
289 361
289 731
290 330
290 343
290 409
290 486
290 543
290 771
291 350
291 390
291 954
292 581
292 650
294 445
294 618
294 664
294 670
294 746
294 835
295 307
295 415
295 452
295 575
295 589
295 666
295 671
296 917
296 943
297 310
297 357
297 639
297 660
297 703
297 724
297 961
298 553
298 995
299 315
299 371
299 492
300 480
300 533
300 548
300 717
300 995
301 731
302 538
302 587
302 591
302 602
302 655
302 779
302 924
303 412
303 509
303 658
303 760
303 821
303 926
303 934
304 446
304 536
304 765
304 806
305 436
305 590
305 688
306 737
306 774
306 870
306 888
307 394
307 512
308 383
308 402
308 502
309 450
309 679
309 966
310 635
310 783
310 842
311 328
311 383
311 627
311 671
311 866
311 907
313 843
314 684
314 704
314 706
314 817
314 856
314 926
315 465
315 824
316 617
316 919
316 978
317 583
317 806
317 833
318 529
318 674
319 600
319 852
319 962
320 711
320 923
321 401
321 483
321 790
321 815
321 844
321 882
322 507
322 758
323 634
323 716
323 993
324 430
324 521
324 625
324 773
324 858
324 957
325 773
326 392
326 523
326 534
326 541
326 565
326 782
326 793
326 919
327 341
327 515
327 622
327 721
327 842
328 752
329 558
329 673
329 718
329 783
329 947
330 645
330 750
331 614
331 793
332 597
332 697
332 985
333 440
333 492
333 588
333 600
333 807
333 852
334 336
334 404
334 585
335 471
335 579
335 681
335 759
336 394
336 403
336 649
336 707
336 754
336 855
337 746
337 891
337 900
337 940
337 960
337 977
338 369
338 554
338 677
339 516
339 604
339 804
340 406
340 438
340 462
340 626
340 845
340 992
341 343
342 406
342 444
342 467
343 481
343 868
344 347
344 575
344 578
344 869
345 494
345 561
345 685
346 534
346 650
346 856
347 606
347 755
347 906
348 704
348 710
348 802
348 831
349 373
349 403
349 716
349 838
350 423
350 655
350 770
350 903
350 962
350 965
351 357
351 535
351 589
351 870
351 885
351 925
352 506
352 551
352 710
352 995
353 668
354 624
354 874
355 570
355 599
355 713
355 968
356 512
356 545
356 864
357 411
357 440
357 617
357 724
357 726
357 938
358 379
358 406
358 526
358 694
358 702
359 839
359 932
359 996
360 694
361 386
361 562
361 703
361 771
361 974
362 578
362 647
362 734
363 438
363 626
364 365
364 510
364 641
365 464
365 626
365 704
365 810
366 615
366 763
367 694
367 711
368 421
368 436
368 444
368 575
368 875
368 997
369 418
369 677
369 876
370 610
370 746
370 815
371 543
371 593
371 604
371 643
371 740
372 791
373 501
373 542
373 607
373 663
374 392
374 481
374 541
374 678
375 445
375 460
375 743
375 914
376 500
376 882
376 896
376 911
376 931
376 998
377 835
378 525
379 645
379 793
379 813
379 815
379 896
379 944
379 972
380 653
380 699
380 932
381 922
382 665
382 831
383 454
383 529
383 561
384 422
384 510
384 843
384 980
385 482
385 579
385 922
385 957
385 979
386 480
386 997
387 646
387 867
388 422
389 728
389 777
389 823
389 946
390 394
390 636
390 667
391 839
392 743
392 773
392 913
394 488
394 523
394 633
394 673
394 822
395 615
395 867
396 575
396 804
396 885
396 928
397 405
397 478
397 543
397 545
397 671
397 699
397 743
397 837
397 941
398 814
398 837
399 408
399 824
400 456
400 584
400 815
400 979
401 453
401 907
402 430
402 500
402 763
402 800
402 918
403 481
403 773
404 588
404 665
404 749
404 752
404 765
404 822
405 434
405 560
406 542
407 567
407 753
408 687
408 837
408 919
409 999
410 533
410 577
410 738
410 818
410 998
411 648
411 675
411 712
411 817
411 822
411 974
412 456
412 817
412 892
412 926
413 427
413 436
413 524
413 767
413 920
413 965
413 979
414 609
414 616
414 635
414 653
414 671
414 674
415 561
415 755
416 460
417 910
418 743
418 835
419 634
419 738
419 761
420 467
420 644
420 660
420 915
420 998
421 633
421 697
421 774
421 890
422 548
422 740
422 927
422 959
423 588
424 460
424 587
424 592
424 748
424 750
424 784
424 817
424 905
424 920
424 999
425 474
425 642
425 645
425 708
425 727
425 730
425 762
425 765
425 816
426 665
426 771
427 512
428 534
428 942
428 947
429 524
429 549
429 748
429 763
429 907
430 709
430 832
431 468
431 782
431 785
432 869
432 884
433 638
434 833
435 633
435 719
435 971
435 990
436 448
436 678
436 751
436 894
437 582
437 652
437 678
437 957
438 634
438 975
439 787
439 997
440 472
440 477
440 582
440 943
441 466
441 494
441 700
441 962
442 635
442 726
442 818
444 573
444 608
444 994
445 890
445 969
445 970
446 538
446 608
446 694
446 956
447 655
447 828
447 987
447 998
448 465
448 568
449 524
449 623
449 678
449 854
449 919
449 927
449 956
451 678
451 764
451 778
452 484
452 556
452 615
452 643
452 741
452 751
452 899
452 983
453 885
454 523
454 600
454 696
454 986
455 458
455 774
456 537
456 646
456 786
456 802
456 944
456 967
457 701
457 715
457 765
457 766
457 948
458 520
458 628
458 665
458 670
458 741
459 502
459 559
459 933
459 982
460 469
460 540
460 654
461 483
461 488
461 569
461 892
461 930
461 975
462 607
462 781
463 662
463 786
463 914
463 934
464 576
464 612
464 720
464 752
464 911
464 968
464 999
465 657
465 845
465 863
465 972
466 689
466 773
466 908
467 527
467 635
467 726
467 997
468 541
468 941
469 695
469 699
469 877
469 884
469 914
469 965
470 773
470 822
471 501
471 555
471 690
471 739
471 954
471 980
471 997
472 531
472 547
472 550
473 656
473 666
473 745
474 595
474 623
474 666
474 794
474 861
475 479
475 851
475 899
476 564
476 940
476 943
477 729
477 867
478 479
479 826
479 938
480 484
480 563
480 577
480 598
480 629
480 660
480 949
481 515
481 698
482 702
482 827
482 901
483 820
483 920
484 556
484 806
484 947
485 535
485 662
485 803
485 900
486 645
486 676
486 818
486 942
487 664
487 700
487 790
487 913
487 935
488 541
488 679
488 845
489 537
489 585
489 589
489 774
489 840
489 868
489 963
489 973
490 545
490 613
490 637
490 754
490 888
490 933
491 696
491 730
491 880
493 534
493 624
493 625
494 600
494 606
494 769
495 503
495 560
495 782
495 827
495 874
495 927
496 642
496 661
496 894
497 609
498 520
498 803
498 807
499 787
499 899
499 903
499 930
500 595
500 623
500 817
500 933
501 618
501 942
502 573
502 645
502 694
502 786
502 822
502 964
503 658
503 773
503 815
503 818
503 830
503 984
503 988
504 611
504 726
504 729
504 848
505 573
505 818
505 891
506 736
507 687
507 903
508 558
508 561
508 754
508 945
509 608
510 679
510 809
511 714
511 742
511 875
512 739
512 807
512 979
513 905
513 979
514 927
515 736
515 745
515 911
515 978
516 916
517 932
518 662
518 980
519 594
519 734
519 786
520 680
520 940
521 720
521 816
521 819
521 962
522 561
523 897
524 581
524 656
524 670
525 645
525 930
525 970
525 992
526 759
527 798
527 983
528 816
528 963
529 641
529 650
529 755
530 685
530 891
530 920
531 902
533 789
533 800
534 593
534 645
534 692
534 720
534 945
535 560
535 587
535 662
535 725
535 779
536 587
537 708
537 844
538 798
539 712
541 560
541 660
541 850
541 935
542 584
543 684
543 702
543 834
543 868
543 918
544 653
544 678
544 692
544 735
544 766
544 772
544 801
544 881
545 604
545 721
545 754
545 786
545 841
546 638
546 696
546 778
547 863
548 574
548 607
548 808
548 920
550 583
550 623
550 904
551 587
551 597
551 631
551 643
551 673
551 716
552 894
552 977
553 565
553 870
553 980
554 613
554 690
554 715
554 876
555 634
555 693
555 765
557 691
557 914
559 913
559 957
560 769
560 861
561 796
562 674
562 747
562 932
563 785
564 914
565 590
565 663
565 775
565 877
565 962
565 997
566 617
566 786
566 867
566 908
568 861
568 926
569 953
569 997
570 940
570 951
571 700
571 774
571 799
571 857
572 746
573 820
573 920
573 957
574 593
574 605
574 608
574 671
574 765
575 706
575 794
576 584
576 933
577 688
577 805
578 900
579 660
579 755
579 764
579 772
581 599
581 638
581 756
581 757
581 818
581 970
582 943
583 636
583 946
584 585
584 612
584 637
584 809
584 922
585 603
585 765
585 898
585 983
586 736
586 745
587 649
587 799
587 891
588 643
590 601
591 953
592 655
592 895
594 668
594 853
594 862
594 924
595 642
595 753
596 924
596 975
597 669
597 807
597 900
597 903
598 667
598 835
599 668
599 676
600 645
601 955
602 772
602 914
602 926
602 957
602 959
602 976
603 946
604 685
604 703
605 670
605 731
605 956
606 942
607 925
608 622
608 752
608 832
608 865
608 928
609 666
609 698
609 769
609 927
610 714
610 797
610 913
611 660
612 813
612 864
612 961
613 633
613 674
613 794
614 745
614 847
615 655
615 831
616 736
617 773
618 966
618 991
619 657
619 923
620 939
620 987
621 623
621 627
621 706
621 889
621 911
621 935
622 853
622 978
624 637
624 831
624 948
625 697
625 847
626 853
627 648
627 901
627 908
627 925
628 648
628 660
628 833
628 916
628 917
629 691
629 958
630 697
630 757
630 867
631 926
631 987
632 659
632 750
632 882
632 940
632 988
633 762
633 843
634 648
634 917
635 649
635 715
636 642
636 712
636 742
636 885
636 912
637 656
637 658
637 660
637 820
638 662
638 961
639 710
639 930
639 933
640 753
640 885
643 703
643 834
643 880
644 776
644 873
645 683
645 759
645 914
646 971
647 895
647 932
647 981
648 788
649 706
649 711
649 780
649 856
649 913
650 920
651 705
654 714
654 803
655 687
657 809
659 760
659 917
660 787
661 883
661 899
661 924
663 742
663 768
663 951
664 736
665 713
665 826
665 985
667 750
667 896
667 922
668 750
668 950
669 787
670 811
670 869
670 923
670 924
670 979
671 726
671 894
673 743
673 789
674 781
674 863
674 949
675 724
675 779
675 792
675 793
675 974
676 707
676 864
676 995
676 999
677 679
677 777
677 848
677 874
677 924
677 973
678 743
679 775
680 733
681 769
681 972
682 726
682 829
682 873
682 878
683 792
684 957
684 992
685 768
685 769
686 728
686 860
686 888
687 890
687 909
688 721
688 802
688 935
689 693
689 715
689 842
690 772
690 796
691 889
692 931
692 939
693 698
693 743
693 797
693 799
693 821
694 759
694 773
694 876
695 779
695 809
695 878
696 718
696 905
698 938
699 893
699 920
699 927
699 942
700 776
700 811
701 964
703 835
704 713
704 846
704 922
704 990
705 931
706 739
706 775
706 781
706 901
706 972
706 999
707 865
709 716
709 858
710 722
710 743
710 748
710 770
710 861
711 764
711 810
711 984
712 916
712 952
712 963
713 756
713 802
715 802
716 786
716 953
717 740
717 903
717 906
719 743
719 983
720 882
721 852
721 859
721 900
722 763
722 880
722 912
723 824
723 868
724 827
724 945
725 914
726 821
726 835
726 907
727 922
729 800
729 987
730 741
732 733
732 748
732 861
732 864
732 999
733 783
733 803
733 939
734 970
735 978
736 956
738 742
738 743
738 765
738 829
739 786
740 746
740 848
740 922
742 751
742 797
742 800
742 849
743 796
743 801
743 902
744 992
745 790
745 868
745 885
746 814
746 907
747 808
747 830
748 950
748 961
750 818
751 781
752 842
753 881
753 950
753 953
754 834
754 841
754 981
755 843
755 945
755 950
756 910
756 949
759 945
760 805
761 959
762 826
763 857
765 855
765 869
766 868
766 992
770 810
772 841
772 985
773 835
774 830
774 889
775 818
775 854
775 880
776 858
778 866
778 996
781 847
781 861
782 897
784 806
785 924
786 929
787 841
789 834
790 925
790 930
790 931
791 987
792 978
793 829
794 994
797 829
797 975
798 805
798 807
798 893
798 918
800 883
802 810
802 889
803 956
804 915
805 999
806 942
807 949
808 985
813 860
813 926
814 868
815 920
816 877
818 832
818 851
818 923
819 990
820 887
821 851
821 860
821 952
822 881
823 859
824 965
826 913
828 880
829 904
831 908
831 950
832 899
834 844
836 845
837 839
839 871
839 935
839 970
840 863
841 930
842 885
842 927
843 859
844 999
845 846
845 912
846 888
846 901
847 875
853 910
855 877
855 996
859 983
860 933
863 872
863 922
864 905
864 950
865 903
865 918
865 946
867 920
868 869
868 947
869 955
871 900
875 929
876 930
877 987
877 994
878 984
879 898
880 942
880 943
882 920
882 941
883 919
886 982
890 911
891 937
901 907
901 972
901 984
901 995
902 955
902 965
911 998
913 933
924 935
924 990
926 937
929 930
929 983
931 991
933 949
933 992
935 963
937 979
937 988
946 995
947 960
948 974
949 970
949 976
955 986
960 999
972 995
977 984
977 997
981 989
