0 1
0 2
0 3
0 4
0 5
0 7
0 8
0 10
0 15
0 20
0 21
0 37
0 47
0 48
0 53
0 70
0 73
0 83
0 85
0 91
0 95
0 96
0 100
0 106
0 123
0 126
0 136
0 138
0 155
0 159
0 171
0 172
0 174
0 179
0 184
0 198
0 202
0 204
0 205
0 231
0 285
0 302
0 385
0 388
0 504
0 635
0 652
0 686
0 731
0 753
0 759
0 823
0 843
0 846
0 890
0 892
0 916
0 919
0 976
0 993
1 2
1 3
1 4
1 5
1 7
1 8
1 15
1 20
1 35
1 45
1 63
1 80
1 95
1 98
1 112
1 113
1 125
1 131
1 140
1 146
1 147
1 152
1 157
1 159
1 163
1 165
1 176
1 181
1 186
1 264
1 277
1 279
1 344
1 378
1 392
1 415
1 481
1 497
1 521
1 641
1 693
1 694
1 699
1 716
1 737
1 778
1 805
1 872
1 900
1 912
2 3
2 4
2 5
2 6
2 9
2 10
2 18
2 26
2 32
2 40
2 43
2 54
2 55
2 56
2 57
2 59
2 65
2 67
2 76
2 87
2 89
2 125
2 128
2 132
2 145
2 156
2 158
2 163
2 178
2 188
2 189
2 199
2 201
2 208
2 214
2 218
2 230
2 278
2 322
2 329
2 368
2 383
2 386
2 413
2 451
2 457
2 489
2 513
2 524
2 560
2 610
2 629
2 636
2 658
2 668
2 896
2 974
2 987
3 4
3 5
3 9
3 22
3 23
3 25
3 34
3 37
3 47
3 63
3 87
3 92
3 97
3 103
3 104
3 105
3 111
3 114
3 120
3 122
3 127
3 138
3 141
3 149
3 151
3 164
3 165
3 170
3 182
3 186
3 191
3 197
3 203
3 232
3 255
3 274
3 446
3 526
3 531
3 538
3 554
3 563
3 703
3 711
3 773
3 845
3 905
3 922
3 946
3 948
3 994
4 5
4 38
4 45
4 79
4 143
4 149
4 151
4 166
4 171
4 187
4 219
4 318
4 350
4 424
4 506
4 670
5 7
5 12
5 21
5 26
5 34
5 42
5 66
5 70
5 71
5 72
5 93
5 97
5 113
5 115
5 120
5 133
5 149
5 162
5 178
5 179
5 184
5 190
5 200
5 204
5 240
5 295
5 304
5 358
5 540
5 562
5 634
5 654
5 701
5 749
5 850
5 878
5 996
6 11
6 13
6 31
6 37
6 39
6 42
6 50
6 54
6 57
6 61
6 67
6 75
6 77
6 111
6 113
6 140
6 160
6 175
6 182
6 184
6 225
6 269
6 359
6 468
6 515
6 643
6 653
6 705
6 728
6 740
6 751
6 765
6 796
6 870
6 894
6 914
6 942
6 975
6 985
6 68
6 129
6 8
6 10
6 18
6 36
7 8
7 14
7 27
7 78
7 98
7 109
7 401
7 422
7 600
7 615
7 826
7 996
8 16
8 17
8 19
8 22
8 26
8 46
8 68
8 88
8 95
8 119
8 127
8 145
8 157
8 170
8 177
8 192
8 227
8 238
8 267
8 275
8 402
8 410
8 445
8 460
8 478
8 529
8 588
8 590
8 593
8 609
8 626
8 637
8 700
8 712
8 727
8 849
8 983
8 990
8 106
8 9
9 11
9 14
9 27
9 37
9 43
9 50
9 62
9 77
9 85
9 97
9 101
9 147
9 181
9 196
9 249
9 288
9 317
9 334
9 345
9 370
9 379
9 417
9 443
9 493
9 511
9 571
9 580
9 581
9 608
9 644
9 656
9 660
9 677
9 690
9 751
9 790
9 811
9 819
9 821
9 853
9 854
9 861
9 866
9 886
9 917
9 978
9 16
9 25
9 31
9 154
10 15
10 18
10 29
10 41
10 82
10 119
10 239
10 366
10 398
10 447
10 499
10 557
10 617
10 639
10 867
10 989
10 19
11 403
11 768
11 106
11 22
11 136
12 16
12 17
12 142
12 173
12 234
12 242
12 441
12 508
13 103
13 106
13 46
13 49
13 90
13 97
14 58
14 89
14 572
14 106
14 15
14 18
14 27
14 28
14 32
14 37
14 45
14 54
14 60
14 78
14 83
14 84
14 93
14 103
14 117
14 139
14 199
15 18
15 29
15 219
15 229
15 251
15 323
15 339
15 502
15 532
15 556
15 599
15 676
15 718
15 745
15 764
15 769
15 815
15 938
15 945
15 953
15 962
15 971
15 41
16 17
16 19
16 21
16 22
16 34
16 74
16 105
16 145
16 330
16 361
16 364
16 495
16 551
16 779
16 797
16 839
16 24
16 81
17 22
17 28
17 41
17 89
17 371
17 566
17 715
17 782
17 876
17 947
17 969
17 106
17 152
17 177
18 29
18 81
18 559
18 682
18 726
18 732
18 973
18 19
18 30
18 54
18 155
19 179
19 281
19 361
19 376
19 561
19 604
19 795
19 930
19 21
19 38
19 52
19 69
19 70
19 88
19 118
20 24
20 32
20 49
20 108
20 110
20 114
20 130
20 164
20 187
20 193
20 308
20 342
20 432
20 486
20 517
20 655
20 950
21 33
21 657
21 31
22 25
22 26
22 33
22 46
22 54
22 58
22 71
22 79
22 85
22 88
22 94
22 125
22 136
22 158
22 167
22 173
22 185
22 199
22 212
22 227
22 233
22 243
22 248
22 287
22 333
22 375
22 400
22 435
22 467
22 530
22 543
22 546
22 549
22 570
22 573
22 574
22 589
22 679
22 742
22 772
22 802
22 804
22 828
22 841
22 848
22 873
22 927
22 935
22 936
22 937
22 941
22 970
22 980
22 992
22 999
22 106
22 61
22 66
22 97
23 52
24 60
24 84
24 90
24 211
24 444
24 766
25 30
25 47
25 70
25 94
25 127
25 141
25 144
25 158
25 159
25 199
25 434
25 448
25 484
25 485
25 659
25 708
25 735
25 756
25 780
25 840
25 855
25 921
25 922
25 29
25 81
25 128
26 122
26 134
26 425
26 607
26 611
26 669
26 808
26 958
26 106
26 47
26 58
26 60
26 63
26 82
26 119
26 148
27 38
27 109
27 167
28 459
28 466
29 65
29 156
29 258
29 265
29 284
29 362
29 474
29 528
29 534
29 576
29 585
29 726
29 106
29 73
29 116
29 118
29 150
29 152
30 43
30 222
30 235
30 477
30 834
30 848
30 883
30 106
30 74
30 80
31 923
31 91
32 36
32 49
32 59
32 73
32 90
32 117
32 131
32 195
32 292
32 461
32 545
32 755
32 929
33 55
33 121
33 142
33 343
34 49
34 51
34 59
34 60
34 64
34 73
34 74
34 91
34 133
34 146
34 191
34 203
34 259
34 291
34 357
34 490
34 625
34 661
34 758
34 789
34 800
34 860
34 891
34 955
34 977
34 992
35 108
35 776
36 91
36 96
36 124
36 164
36 437
36 472
36 548
36 649
36 842
36 884
37 39
37 44
37 45
37 50
37 53
37 56
37 57
37 62
37 77
37 100
37 111
37 135
37 147
37 183
37 226
37 289
37 328
37 338
37 407
37 433
37 505
37 683
37 792
37 844
37 906
37 940
37 106
37 43
37 52
37 127
38 106
38 130
39 128
39 325
39 407
39 417
39 569
41 107
41 123
41 142
41 223
41 252
41 271
41 326
41 348
41 393
41 426
41 427
41 436
41 458
41 491
41 520
41 542
41 619
41 639
41 646
41 721
41 770
41 801
41 837
41 901
41 911
41 964
41 106
41 79
41 144
41 145
42 77
42 86
42 175
42 374
42 606
43 200
43 209
44 321
44 598
44 959
44 175
45 56
45 62
45 81
45 92
45 100
45 115
45 118
45 132
45 189
45 319
45 340
45 488
45 584
45 592
45 622
45 638
45 662
45 674
45 688
45 689
45 707
45 736
45 743
45 775
45 862
45 902
45 913
45 918
45 952
45 972
45 80
45 119
46 94
46 185
46 360
46 512
46 616
46 178
47 76
47 79
47 209
47 215
47 389
47 605
47 663
47 667
47 798
47 67
47 141
48 814
48 129
49 138
49 868
50 175
50 165
51 130
52 148
52 201
52 431
52 56
52 101
52 131
52 143
53 475
53 595
53 915
54 246
54 438
54 603
54 774
54 831
54 940
54 86
54 94
54 112
55 107
55 198
55 206
55 324
55 396
55 423
55 487
55 601
55 691
55 697
55 706
55 739
55 824
55 885
55 908
55 939
56 135
56 367
57 61
57 63
57 313
57 380
57 624
57 630
57 710
57 761
57 835
57 995
57 129
59 60
59 110
59 205
59 207
59 784
59 803
60 69
60 193
60 471
60 492
60 738
60 836
60 871
61 116
61 144
61 338
61 399
61 632
61 695
61 895
61 925
61 956
61 174
62 723
63 67
63 75
63 102
63 128
63 671
63 763
63 898
63 129
63 183
64 535
64 858
65 154
65 411
66 710
66 106
67 514
67 565
67 681
67 106
67 120
67 132
68 202
68 244
68 311
68 337
68 678
68 81
68 157
69 220
69 314
69 419
69 464
69 986
69 110
70 146
70 228
70 245
70 331
70 454
70 713
70 76
70 123
71 84
71 305
71 307
71 965
71 988
72 88
72 162
72 665
72 129
72 73
72 85
72 115
73 96
73 104
73 408
73 414
73 519
73 807
73 205
74 162
74 257
74 309
74 704
74 968
74 106
75 168
75 178
75 200
75 236
75 256
75 347
75 541
75 553
75 565
75 637
75 733
75 735
75 874
75 933
75 176
76 192
76 578
76 777
77 139
77 172
77 483
77 645
77 651
77 991
78 167
78 105
78 121
79 283
79 864
80 99
80 108
80 87
81 118
81 816
81 85
81 91
81 138
82 250
82 351
82 439
82 473
82 555
82 564
82 825
82 881
82 85
83 84
83 141
84 104
84 112
84 88
84 89
85 105
85 166
85 247
85 430
85 647
85 138
85 145
85 154
86 469
86 93
87 101
87 140
88 479
88 579
88 875
89 123
89 178
89 299
89 303
89 332
89 354
89 509
89 510
89 522
89 711
89 897
89 951
90 110
90 205
90 356
90 692
91 114
91 130
91 276
91 408
91 678
91 744
91 813
91 100
91 195
92 237
92 406
92 129
93 729
93 140
94 109
94 129
94 166
94 294
94 159
95 409
95 829
96 341
96 377
96 464
96 516
96 558
96 847
96 903
96 106
97 139
97 160
99 177
99 722
100 174
100 196
100 381
100 391
100 594
100 783
100 882
100 105
101 282
101 499
101 501
101 613
101 747
101 762
102 176
102 106
103 160
103 197
103 129
105 141
105 167
105 286
105 301
105 310
105 449
105 573
105 932
105 126
106 926
106 113
106 120
106 123
106 137
106 140
106 143
106 146
106 147
106 148
106 151
107 148
107 268
107 304
107 476
107 498
107 503
107 760
107 788
108 143
108 153
108 203
108 412
108 440
108 462
108 620
108 697
108 812
108 879
108 883
108 943
108 954
108 982
109 527
109 725
109 833
110 297
110 365
110 450
110 496
110 602
110 685
110 766
110 910
110 934
110 997
111 369
111 429
111 931
111 129
111 168
112 117
112 124
112 151
112 568
112 621
112 125
113 121
113 133
113 137
113 168
113 196
113 316
113 463
113 523
113 533
113 539
113 550
113 593
113 709
113 818
113 820
113 944
114 180
114 261
114 416
114 465
114 618
114 809
114 963
114 981
115 161
115 794
115 810
117 126
117 253
117 293
117 306
117 312
117 336
117 428
117 486
117 496
117 544
117 587
117 640
117 799
117 889
118 863
118 960
118 133
119 132
119 133
119 270
119 373
119 698
119 750
119 787
119 791
119 827
119 888
119 907
119 924
119 939
119 967
119 179
120 254
120 346
120 418
120 536
120 680
120 719
120 166
121 150
121 266
121 696
121 786
121 877
123 185
123 204
123 221
123 268
123 290
123 315
123 353
123 395
123 455
123 482
123 552
123 586
123 591
123 623
123 720
123 730
123 734
123 746
123 757
123 767
123 781
123 806
123 817
123 852
123 899
123 966
124 169
124 129
125 217
125 887
125 955
126 470
126 701
126 856
128 575
128 793
128 909
129 957
129 136
129 144
130 131
130 327
130 702
131 260
131 537
131 860
132 213
132 280
132 518
132 865
132 907
133 152
133 173
133 384
133 577
133 612
133 830
133 859
134 160
134 421
135 597
135 642
135 869
135 904
135 160
136 672
137 194
137 224
137 298
137 614
137 628
137 748
137 186
138 627
139 666
139 673
139 142
140 390
140 142
141 143
142 161
142 216
142 224
142 272
142 352
142 372
142 500
142 507
142 583
142 631
142 633
142 741
142 754
142 920
142 961
143 650
143 687
144 210
144 263
144 335
144 387
144 456
144 494
144 596
144 998
145 273
145 296
145 349
145 394
145 404
145 405
145 525
145 684
145 717
145 771
145 822
145 838
145 929
145 950
146 442
146 648
146 851
146 928
146 979
146 984
147 300
147 355
147 785
148 262
148 382
148 453
148 480
148 752
148 893
148 949
149 175
149 241
150 303
150 363
150 397
150 675
151 195
151 320
151 547
151 724
151 857
151 880
151 903
152 194
152 154
153 452
153 664
153 832
154 797
154 189
154 203
155 187
155 420
155 567
155 582
155 714
156 189
166 178
174 186
188 199
