0 1
0 2
0 3
0 6
0 7
0 17
0 20
0 26
0 30
0 31
0 32
0 34
0 38
0 40
0 41
0 43
0 46
0 49
0 58
0 60
0 79
0 80
0 82
0 85
0 90
0 97
0 101
0 105
0 109
0 110
0 112
0 114
0 123
0 126
0 128
0 129
0 133
0 142
0 157
0 167
0 168
0 169
0 170
0 171
0 172
0 178
0 185
0 189
0 193
0 196
0 199
0 202
0 204
0 205
0 216
0 222
0 239
0 259
0 285
0 294
0 297
0 312
0 340
0 370
0 394
0 410
0 411
0 415
0 429
0 441
0 452
0 514
0 545
0 581
0 608
0 669
0 684
0 753
0 803
0 812
0 818
0 860
0 861
0 886
0 887
0 929
0 935
0 967
0 976
0 991
1 2
1 3
1 4
1 7
1 9
1 42
1 51
1 52
1 59
1 71
1 79
1 83
1 88
1 96
1 101
1 115
1 121
1 162
1 177
1 179
1 191
1 198
1 200
1 235
1 256
1 323
1 329
1 352
1 472
1 585
1 599
1 652
1 657
1 688
1 779
1 857
1 973
2 3
2 4
2 5
2 6
2 8
2 9
2 10
2 13
2 14
2 17
2 18
2 21
2 23
2 24
2 30
2 31
2 44
2 45
2 50
2 56
2 58
2 59
2 64
2 71
2 74
2 76
2 78
2 80
2 81
2 82
2 84
2 90
2 95
2 102
2 104
2 106
2 115
2 117
2 118
2 122
2 124
2 129
2 134
2 140
2 142
2 143
2 155
2 157
2 160
2 162
2 171
2 176
2 177
2 181
2 185
2 186
2 191
2 196
2 199
2 200
2 201
2 203
2 237
2 276
2 283
2 310
2 319
2 332
2 355
2 357
2 425
2 451
2 491
2 492
2 556
2 658
2 664
2 668
2 731
2 782
2 789
2 792
2 804
2 821
2 862
2 863
2 875
2 891
2 900
2 901
2 936
2 938
2 950
2 951
2 960
2 995
2 999
3 6
3 8
3 9
3 16
3 17
3 19
3 22
3 29
3 43
3 45
3 46
3 56
3 59
3 72
3 74
3 77
3 81
3 83
3 87
3 89
3 91
3 93
3 97
3 103
3 104
3 106
3 107
3 112
3 113
3 116
3 119
3 120
3 130
3 138
3 140
3 142
3 146
3 150
3 151
3 154
3 156
3 163
3 168
3 172
3 173
3 177
3 180
3 184
3 187
3 201
3 209
3 212
3 223
3 246
3 387
3 424
3 444
3 469
3 505
3 506
3 528
3 557
3 560
3 624
3 640
3 646
3 656
3 705
3 730
3 766
3 767
3 840
3 845
3 879
3 881
3 905
3 906
3 917
3 994
4 5
4 7
4 12
4 73
4 85
4 290
4 383
4 617
4 146
4 6
4 13
4 23
4 55
4 57
4 103
4 120
5 826
6 13
6 15
6 22
6 44
6 248
6 302
6 146
6 10
6 14
6 21
6 53
6 64
6 76
7 9
7 10
7 11
7 12
7 26
7 27
7 36
7 43
7 47
7 48
7 60
7 72
7 93
7 102
7 110
7 115
7 116
7 121
7 127
7 145
7 148
7 149
7 164
7 227
7 251
7 295
7 315
7 334
7 354
7 363
7 373
7 382
7 419
7 442
7 499
7 503
7 524
7 530
7 565
7 601
7 636
7 661
7 712
7 721
7 744
7 762
7 770
7 775
7 794
7 796
7 836
7 848
7 855
7 884
7 907
7 948
7 955
7 963
7 993
7 146
7 15
7 39
7 113
8 14
8 21
8 32
8 34
8 40
8 103
8 271
8 322
8 428
8 696
8 739
8 751
8 815
8 922
8 979
8 146
8 24
8 33
8 71
9 10
9 11
9 16
9 24
9 33
9 47
9 50
9 54
9 77
9 106
9 128
9 181
9 192
9 241
9 356
9 378
9 455
9 498
9 566
9 614
9 909
10 11
10 16
10 33
10 63
10 161
10 164
10 299
10 433
10 462
10 996
10 146
10 12
10 13
10 28
10 32
10 44
10 84
10 92
10 93
10 106
10 151
11 18
11 24
11 33
11 53
11 63
11 69
11 314
11 439
11 459
11 610
11 800
11 832
11 890
11 898
11 146
11 27
11 135
12 764
12 964
12 17
12 22
12 25
12 41
12 62
12 64
12 65
12 80
12 124
12 128
12 142
12 152
13 15
13 20
13 27
13 35
13 36
13 48
13 52
13 87
13 98
13 188
13 238
13 281
13 298
13 301
13 313
13 403
13 417
13 465
13 540
13 582
13 616
13 643
13 678
13 727
13 773
13 786
13 823
13 918
13 925
13 977
13 982
13 18
13 41
14 28
14 37
14 56
14 263
14 275
14 461
14 473
14 479
14 563
14 574
14 813
14 829
14 837
14 853
14 880
14 978
14 16
14 46
14 58
14 64
14 66
14 74
14 144
15 30
15 67
15 70
15 113
15 125
15 136
15 189
15 221
15 254
15 408
15 466
15 632
15 683
15 873
15 945
15 997
15 16
15 43
16 43
16 119
16 154
16 277
16 533
16 698
16 923
16 990
16 147
17 29
17 38
17 81
17 92
17 114
17 146
17 243
17 326
17 431
17 434
17 508
17 975
18 740
18 24
18 29
18 45
18 50
18 84
18 86
18 87
18 94
18 99
19 67
19 113
19 787
19 146
20 22
20 52
20 273
20 443
20 930
20 968
21 34
21 228
21 461
21 604
21 672
21 741
21 820
21 866
21 998
21 133
21 139
22 52
22 75
22 134
22 136
22 137
22 267
22 269
22 345
22 366
22 397
22 607
22 716
22 23
23 25
23 27
23 37
23 57
23 65
23 68
23 76
23 86
23 93
23 96
23 114
23 117
23 127
23 146
23 158
23 184
23 194
23 199
23 215
23 288
23 407
23 454
23 467
23 478
23 515
23 577
23 583
23 634
23 639
23 742
23 768
23 784
23 822
23 892
23 969
23 106
24 54
24 146
24 31
24 33
24 35
24 39
24 40
24 46
24 81
24 107
24 131
24 145
24 150
25 37
25 55
25 519
26 42
27 61
27 68
27 88
27 117
27 526
27 96
28 35
28 67
28 98
28 195
28 396
28 426
28 436
28 487
28 550
28 553
28 564
28 570
28 572
28 623
28 627
28 637
28 641
28 642
28 645
28 655
28 682
28 687
28 690
28 694
28 702
28 761
28 771
28 835
28 899
28 912
29 38
29 39
29 51
29 111
29 265
29 496
29 668
29 846
29 865
29 941
29 33
29 61
29 70
29 72
29 75
29 85
29 133
31 331
31 122
31 130
31 176
32 103
32 418
32 882
32 54
32 59
32 75
33 58
33 63
33 66
33 94
33 100
33 128
33 352
33 402
33 435
33 522
33 653
33 816
33 37
33 103
34 49
34 169
34 179
34 368
34 494
34 659
34 691
34 852
34 926
35 838
35 68
35 148
36 73
36 94
36 156
36 252
36 307
36 328
36 343
36 382
36 699
36 718
36 719
36 723
36 734
36 920
36 937
37 55
37 105
37 108
37 124
37 139
37 168
37 170
37 230
37 280
37 287
37 320
37 392
37 405
37 432
37 438
37 457
37 488
37 501
37 516
37 586
37 663
37 701
37 704
37 720
37 747
37 757
37 763
37 772
37 801
37 910
37 913
37 921
37 947
37 146
38 57
38 171
38 376
38 502
38 170
39 108
39 872
39 66
40 49
40 51
40 55
40 62
40 78
40 147
40 194
40 198
40 207
40 226
40 257
40 289
40 316
40 324
40 349
40 361
40 421
40 440
40 446
40 450
40 453
40 474
40 483
40 544
40 573
40 591
40 618
40 622
40 633
40 654
40 665
40 680
40 709
40 729
40 743
40 765
40 807
40 810
40 814
40 839
40 877
40 885
40 896
40 902
40 908
40 953
40 86
40 134
41 144
41 348
41 359
41 468
41 120
42 145
43 46
44 75
44 308
44 342
44 517
44 525
44 554
44 620
44 834
44 77
45 139
45 358
45 364
45 523
45 606
45 631
45 962
45 146
45 138
45 149
46 47
46 59
46 427
46 628
46 73
46 91
47 54
47 132
47 159
47 193
47 931
47 954
48 244
48 689
48 733
48 897
49 138
49 186
49 210
49 223
49 253
49 264
49 292
49 336
49 477
49 531
49 536
49 568
49 571
49 612
49 660
49 675
49 713
49 769
49 793
49 798
49 888
49 942
50 53
50 87
50 100
50 153
50 176
50 202
50 224
50 281
50 291
50 311
50 325
50 335
50 345
50 351
50 365
50 427
50 475
50 535
50 576
50 791
50 831
50 864
50 889
50 986
50 54
50 65
50 78
50 81
50 125
50 142
51 64
51 218
51 323
51 449
51 146
52 292
52 404
52 736
52 756
52 785
52 925
52 146
52 65
54 121
54 384
54 430
54 992
54 82
54 132
55 65
55 303
55 485
55 509
55 558
55 649
56 293
56 673
56 947
56 160
57 270
58 109
58 940
59 83
59 233
59 300
59 339
59 413
59 484
59 500
59 541
59 559
59 584
59 600
59 746
59 961
59 971
59 998
59 95
59 110
59 172
60 141
60 309
60 406
60 146
60 123
60 129
60 131
61 726
62 423
62 648
62 85
63 156
63 414
63 448
63 827
64 94
64 141
64 190
64 268
64 512
64 613
64 735
64 828
64 871
64 965
64 972
64 83
65 79
65 90
65 175
65 232
65 327
65 805
65 903
65 980
67 157
67 213
67 219
67 380
67 398
67 443
67 630
67 685
67 707
67 755
67 914
68 416
69 321
69 984
70 217
70 958
71 86
71 197
71 245
71 274
71 374
71 399
71 579
71 598
71 615
71 624
71 650
71 883
71 904
71 85
71 150
72 89
72 150
73 116
73 117
73 135
73 211
73 489
73 518
73 592
73 635
73 946
74 192
75 155
75 546
75 974
75 76
76 105
76 662
76 79
76 119
77 182
78 144
78 147
78 266
78 527
78 895
78 166
79 539
79 552
79 745
79 799
79 870
79 924
79 146
79 94
79 173
79 186
80 161
80 551
80 774
81 111
81 596
81 625
81 830
82 192
82 481
82 534
83 236
83 258
83 482
83 983
83 96
83 111
84 353
84 695
84 859
84 878
85 88
85 272
85 458
85 587
85 693
85 139
86 170
87 180
87 445
88 400
88 647
88 670
88 851
89 102
89 165
89 529
89 715
90 184
90 262
90 686
90 165
91 304
91 797
91 109
91 147
92 93
92 101
92 104
93 416
93 981
94 101
94 119
94 152
94 172
94 255
94 486
94 638
94 869
94 876
94 915
94 944
94 988
95 118
95 206
95 347
95 493
95 609
95 671
95 674
95 802
95 169
96 99
96 149
96 231
96 595
96 621
96 987
96 98
96 118
96 143
96 145
97 159
97 183
97 229
98 619
98 776
98 780
100 174
100 520
100 146
100 154
101 174
101 260
101 532
103 214
103 510
103 597
103 752
103 966
103 970
104 109
104 132
104 181
104 760
104 833
105 107
105 124
105 126
105 131
105 135
105 166
105 182
105 191
105 196
105 220
105 374
105 393
105 409
105 437
105 456
105 476
105 547
105 700
105 714
105 724
105 728
105 843
105 849
105 854
105 919
105 928
105 980
105 981
105 146
106 174
107 127
107 131
107 136
107 145
107 225
107 234
107 242
107 305
107 306
107 344
107 346
107 350
107 372
107 375
107 377
107 381
107 388
107 471
107 497
107 507
107 538
107 549
107 562
107 578
107 667
107 681
107 692
107 706
107 730
107 732
107 749
107 750
107 758
107 790
107 795
107 850
107 916
108 247
108 357
108 369
108 537
108 819
108 184
109 858
110 232
110 326
110 379
110 603
110 754
110 777
110 867
111 143
111 548
111 580
111 611
111 710
112 590
113 360
114 296
114 386
114 464
114 817
115 150
115 190
115 244
115 286
115 348
115 504
115 569
115 651
115 679
115 703
115 781
115 811
115 927
115 933
115 939
115 187
116 201
116 561
116 841
116 844
116 932
116 956
117 330
118 123
118 151
118 198
118 279
118 317
118 420
118 589
118 711
118 934
118 949
118 122
121 250
121 278
121 341
121 412
121 594
121 605
121 666
121 778
122 176
123 697
123 722
123 146
124 175
124 318
124 676
124 146
125 134
127 447
127 748
127 959
127 201
128 161
128 788
128 806
129 249
129 337
130 195
130 284
130 894
131 490
131 985
132 152
132 783
132 825
135 148
135 282
135 385
135 543
135 708
135 808
135 824
135 874
135 989
136 173
136 401
136 567
136 602
136 725
137 470
137 146
138 169
138 188
138 575
138 911
138 943
138 146
139 390
139 513
140 203
140 200
141 463
141 593
141 809
141 847
141 199
142 350
142 511
142 521
142 677
143 367
143 371
143 629
144 391
144 588
145 626
145 957
146 208
146 856
146 147
148 422
149 150
149 205
149 261
149 333
149 338
149 362
149 389
149 395
149 555
149 644
149 717
149 738
149 759
149 842
149 868
149 893
149 952
150 240
150 480
150 495
150 737
151 460
152 181
152 542
164 176
