0 1
0 2
0 3
0 6
0 11
0 16
0 20
0 26
0 30
0 36
0 40
0 41
0 53
0 57
0 61
0 69
0 77
0 83
0 84
0 88
0 95
0 99
0 101
0 103
0 124
0 129
0 138
0 139
0 151
0 152
0 160
0 166
0 170
0 172
0 181
0 195
0 225
0 251
0 267
0 298
0 308
0 356
0 401
0 454
0 460
0 481
0 523
0 534
0 581
0 593
0 679
0 744
0 752
0 792
0 795
0 824
0 889
0 900
0 917
0 918
0 929
0 990
1 2
1 3
1 4
1 9
1 10
1 11
1 21
1 23
1 34
1 37
1 51
1 55
1 67
1 68
1 70
1 72
1 74
1 76
1 80
1 84
1 92
1 93
1 107
1 113
1 114
1 115
1 117
1 118
1 123
1 134
1 135
1 137
1 139
1 140
1 144
1 151
1 161
1 163
1 168
1 169
1 184
1 197
1 201
1 202
1 373
1 382
1 443
1 515
1 527
1 548
1 597
1 647
1 659
1 669
1 686
1 700
1 714
1 735
1 751
1 787
1 840
1 845
1 879
1 882
1 891
1 894
1 913
1 924
1 930
1 940
1 966
2 3
2 5
2 6
2 11
2 19
2 25
2 30
2 32
2 33
2 34
2 35
2 36
2 38
2 41
2 42
2 43
2 45
2 48
2 51
2 53
2 59
2 63
2 67
2 78
2 80
2 87
2 88
2 96
2 114
2 116
2 122
2 123
2 125
2 131
2 133
2 142
2 146
2 147
2 152
2 154
2 155
2 174
2 179
2 186
2 189
2 192
2 198
2 221
2 236
2 263
2 275
2 472
2 488
2 670
2 673
2 741
2 755
2 778
2 788
2 850
2 866
2 867
2 899
2 932
3 4
3 5
3 7
3 10
3 14
3 15
3 18
3 19
3 22
3 23
3 29
3 37
3 38
3 45
3 57
3 62
3 64
3 76
3 82
3 85
3 87
3 92
3 97
3 100
3 102
3 104
3 110
3 114
3 121
3 123
3 133
3 134
3 136
3 137
3 140
3 141
3 145
3 148
3 149
3 150
3 154
3 157
3 162
3 165
3 176
3 177
3 178
3 180
3 192
3 198
3 199
3 200
3 242
3 248
3 255
3 262
3 281
3 335
3 355
3 422
3 426
3 427
3 436
3 530
3 535
3 559
3 610
3 622
3 646
3 657
3 684
3 802
3 809
3 870
3 873
3 898
3 915
3 948
3 989
4 12
4 16
4 54
4 364
4 982
4 59
4 5
4 6
4 9
4 10
4 15
4 36
4 37
4 39
4 63
4 70
4 82
4 152
5 17
5 19
5 188
5 196
5 313
5 772
5 7
5 9
5 10
5 12
5 13
5 42
5 54
5 84
5 85
5 98
5 137
5 147
5 149
6 7
6 8
6 9
6 12
6 14
6 28
6 44
6 61
6 81
6 99
6 110
6 111
6 116
6 119
6 141
6 148
6 211
6 212
6 305
6 343
6 364
6 452
6 466
6 484
6 506
6 524
6 552
6 572
6 606
6 655
6 680
6 697
6 781
6 931
6 59
7 9
7 31
7 54
7 316
7 556
7 905
7 8
7 15
7 29
7 44
7 48
7 51
7 78
7 88
7 95
7 102
7 114
7 117
7 126
7 127
7 153
8 12
8 37
8 105
8 59
9 17
9 25
9 26
9 27
9 31
9 47
9 54
9 81
9 85
9 111
9 222
9 235
9 237
9 320
9 397
9 410
9 419
9 446
9 449
9 470
9 480
9 500
9 507
9 519
9 566
9 570
9 595
9 602
9 629
9 636
9 637
9 645
9 651
9 672
9 685
9 690
9 789
9 796
9 813
9 830
9 853
9 854
9 856
9 860
9 890
9 903
9 908
9 923
9 926
9 938
9 947
9 950
9 953
9 962
9 997
9 999
9 10
9 11
9 12
9 19
9 39
9 53
9 77
9 93
9 129
9 136
10 14
10 23
10 29
10 51
10 62
10 84
10 102
10 131
10 144
10 187
10 204
10 398
10 421
10 614
10 665
10 681
10 776
10 114
11 13
11 21
11 89
11 118
11 158
11 334
11 386
11 434
11 512
11 568
11 617
11 770
11 995
11 17
11 45
11 49
11 57
11 71
11 76
12 16
12 64
12 111
12 141
12 587
12 906
12 13
12 32
13 288
13 340
13 375
13 16
13 22
13 23
13 24
13 29
13 32
13 35
13 49
13 60
13 68
13 70
13 92
13 99
13 100
13 102
13 122
13 131
13 147
14 16
14 22
14 36
14 93
14 98
14 105
14 144
14 159
14 232
14 243
14 292
14 337
14 343
14 361
14 366
14 491
14 501
14 505
14 516
14 583
14 604
14 703
14 757
14 884
14 928
14 965
14 59
14 130
15 21
15 25
15 40
15 46
15 59
15 71
15 75
15 79
15 105
15 109
15 128
15 129
15 130
16 18
16 24
16 38
16 46
16 56
16 91
16 101
16 113
16 147
16 162
16 227
16 233
16 238
16 269
16 278
16 286
16 330
16 345
16 348
16 357
16 368
16 369
16 372
16 387
16 393
16 442
16 471
16 486
16 558
16 585
16 596
16 612
16 629
16 653
16 694
16 702
16 759
16 768
16 818
16 822
16 823
16 837
16 852
16 861
16 865
16 937
16 945
16 952
16 49
17 324
17 522
17 557
17 717
17 730
17 848
18 30
18 48
18 50
18 167
18 258
18 299
18 359
18 562
18 747
18 803
18 807
18 976
19 27
19 182
19 353
19 416
19 774
20 34
20 756
21 79
21 118
21 134
21 200
21 328
21 342
21 495
21 27
21 30
21 62
21 94
22 32
22 49
22 98
23 34
23 35
23 39
23 40
23 44
23 49
23 51
23 59
23 72
23 75
23 81
23 88
23 89
23 93
23 108
23 115
23 126
23 131
23 133
23 152
23 158
23 159
23 180
23 187
23 194
23 195
23 198
23 199
23 204
23 209
23 220
23 250
23 261
23 273
23 274
23 277
23 291
23 333
23 336
23 339
23 350
23 367
23 444
23 447
23 457
23 462
23 464
23 467
23 482
23 512
23 521
23 576
23 589
23 590
23 608
23 628
23 633
23 638
23 640
23 642
23 643
23 650
23 654
23 656
23 688
23 710
23 725
23 760
23 773
23 786
23 812
23 821
23 832
23 836
23 844
23 871
23 872
23 886
23 934
23 942
23 958
23 979
23 986
24 45
24 58
24 91
24 165
24 390
24 459
24 635
24 698
24 888
24 59
25 26
25 63
25 97
25 164
25 185
25 230
25 287
25 326
25 479
25 571
25 737
25 765
25 985
25 31
26 234
27 47
27 83
27 130
27 146
27 154
27 183
27 321
27 399
27 438
27 440
27 630
27 632
27 851
27 876
27 893
27 998
29 32
29 36
29 62
29 68
29 82
29 100
29 329
29 779
29 969
29 37
29 46
29 91
29 130
30 48
30 65
30 312
30 409
30 689
30 763
30 875
30 50
30 55
30 70
30 89
30 116
30 201
31 211
31 469
31 810
31 36
31 103
32 78
32 98
32 579
32 847
32 957
32 52
32 56
32 80
32 106
32 108
33 169
33 196
34 41
34 43
34 52
34 94
34 109
34 112
34 127
34 147
34 167
34 247
34 252
34 288
34 300
34 303
34 309
34 406
34 435
34 468
34 502
34 610
34 648
34 682
34 701
34 743
34 761
34 767
34 808
34 826
34 862
34 877
34 936
34 944
35 264
35 964
36 49
36 179
36 215
36 339
36 487
36 540
36 600
36 55
36 127
36 145
36 150
36 187
37 64
37 65
37 111
37 315
37 41
37 54
37 67
38 106
38 239
38 241
38 283
38 388
38 820
38 825
38 839
38 912
38 971
39 40
39 44
39 143
39 228
39 50
39 63
39 69
39 72
39 85
39 96
39 106
39 133
39 137
39 140
39 151
40 115
40 120
40 195
40 199
40 389
40 814
40 975
41 56
41 67
41 82
41 84
41 87
41 95
41 96
41 112
41 142
41 161
41 202
41 280
41 323
41 344
41 423
41 448
41 451
41 483
41 620
41 677
41 734
41 740
41 811
41 833
41 868
41 897
41 954
41 43
43 58
43 80
43 97
43 317
43 692
43 983
44 79
44 405
44 450
44 532
44 605
44 616
44 711
44 718
44 842
44 58
45 270
45 362
45 432
45 513
45 750
45 794
45 980
45 60
46 213
46 365
46 58
46 109
47 63
47 71
47 122
47 146
47 260
47 503
47 719
47 753
47 764
47 878
47 994
48 68
48 294
48 295
48 371
48 413
48 531
48 542
48 615
48 621
48 689
48 721
48 793
48 797
48 895
48 896
49 347
49 644
49 771
49 90
49 105
49 108
49 119
50 85
51 96
51 253
51 424
51 560
51 675
52 66
52 474
52 798
52 82
53 70
53 73
53 156
53 170
53 674
53 732
53 736
53 738
53 780
53 881
54 99
54 493
54 901
54 105
56 58
56 106
56 301
56 380
56 385
56 456
56 463
56 749
56 874
56 967
57 599
57 607
57 666
57 782
57 66
58 147
58 201
58 271
58 693
58 699
58 841
58 883
58 92
58 120
59 60
59 181
59 206
59 415
59 543
59 574
59 631
59 970
59 61
59 88
59 93
60 73
60 199
60 203
61 254
61 265
61 94
61 120
62 539
62 578
62 791
63 166
63 182
63 183
63 218
63 246
63 351
63 391
63 395
63 445
63 449
63 573
63 592
63 765
63 769
63 941
63 67
63 107
64 318
65 86
65 124
65 145
65 219
65 381
65 428
65 550
65 611
65 683
65 919
65 935
66 804
67 75
67 132
67 202
67 991
67 73
68 108
68 155
68 282
68 304
68 528
68 564
68 641
68 658
68 726
68 925
68 955
69 177
69 194
69 394
69 492
69 547
69 785
69 974
70 268
70 296
70 325
70 619
70 660
70 723
70 817
70 909
70 927
70 89
70 99
70 118
70 143
70 182
71 90
71 240
71 526
71 74
71 102
71 126
72 88
72 314
72 652
72 144
73 153
73 863
76 129
76 193
76 475
76 618
76 720
76 834
76 984
77 122
77 229
78 310
78 403
78 121
79 465
80 182
80 349
80 520
80 580
80 709
80 733
80 972
80 91
80 156
81 86
81 119
81 148
81 245
81 319
81 418
81 613
81 695
81 800
81 819
81 828
81 904
81 921
81 960
81 184
82 125
82 662
83 311
83 911
84 132
84 489
84 525
85 171
85 188
85 553
85 663
85 746
85 855
85 92
85 93
85 134
85 164
87 640
87 192
88 120
88 134
88 664
88 671
88 978
89 244
89 407
89 146
89 181
90 116
91 170
91 172
91 186
91 210
91 223
91 276
91 307
91 370
91 374
91 378
91 420
91 453
91 455
91 485
91 504
91 538
91 545
91 720
91 729
91 753
91 758
91 763
91 790
91 801
91 805
91 854
91 880
91 889
91 946
91 951
91 981
91 992
91 166
92 787
92 125
92 133
93 108
93 127
93 205
93 224
93 272
93 284
93 293
93 341
93 377
93 396
93 437
93 441
93 458
93 494
93 601
93 687
93 728
93 731
93 754
93 784
93 857
93 943
93 949
94 150
95 279
95 327
95 354
95 598
95 120
96 226
96 603
96 956
97 290
97 297
97 799
97 977
98 136
99 478
99 819
99 131
100 155
101 306
101 197
102 541
102 550
102 727
102 827
102 859
104 177
104 259
104 360
104 476
104 498
104 609
104 649
104 885
104 910
105 160
105 332
105 417
106 400
106 509
106 533
106 722
106 162
108 128
108 190
108 544
108 594
108 715
108 783
108 829
108 922
109 331
110 135
110 197
110 816
110 959
111 993
112 869
112 161
113 124
113 624
114 159
114 208
114 379
114 402
114 425
114 565
114 577
114 704
114 835
114 892
115 121
115 567
115 914
116 563
116 846
118 157
118 404
119 191
119 231
119 537
120 139
120 200
120 214
120 431
120 496
120 517
120 561
120 575
120 831
120 961
121 129
121 175
121 178
121 203
121 358
121 392
121 412
121 430
121 766
122 128
122 156
122 186
122 196
122 302
122 322
122 408
122 414
122 461
122 477
122 497
122 508
122 511
122 546
122 555
122 678
122 705
122 706
122 739
122 806
122 838
122 887
122 902
122 177
123 582
123 692
123 176
124 661
124 712
124 762
124 980
125 256
126 591
126 973
126 139
127 355
129 439
129 473
129 586
129 172
130 185
131 141
132 190
132 968
133 411
133 713
133 724
133 745
133 939
134 352
134 383
134 920
135 285
135 627
135 691
136 668
136 202
137 916
139 175
139 217
139 249
139 346
139 429
139 518
139 549
140 173
140 363
140 433
140 551
141 510
141 529
141 696
141 728
141 748
142 145
142 176
142 499
142 667
142 742
143 963
143 178
144 584
144 815
144 907
145 164
145 167
145 289
145 536
145 562
145 625
145 707
145 775
145 777
145 849
145 987
145 996
146 514
146 569
146 623
146 843
146 186
147 216
147 257
147 338
147 588
147 626
147 639
147 676
147 716
147 988
148 266
148 554
148 634
148 708
148 864
150 376
150 384
150 490
151 858
151 933
152 207
153 851
164 188
177 194
197 201
