0 1
0 2
0 3
0 4
0 6
0 7
0 9
0 17
0 28
0 40
0 56
0 59
0 63
0 68
0 69
0 98
0 101
0 104
0 106
0 108
0 111
0 120
0 129
0 140
0 142
0 149
0 159
0 165
0 167
0 170
0 176
0 180
0 183
0 192
0 193
0 198
0 216
0 238
0 240
0 391
0 406
0 417
0 429
0 448
0 474
0 528
0 540
0 605
0 620
0 688
0 803
0 894
0 918
0 972
0 987
1 2
1 3
1 4
1 7
1 8
1 10
1 13
1 16
1 21
1 26
1 36
1 37
1 38
1 43
1 44
1 46
1 52
1 54
1 63
1 70
1 72
1 74
1 75
1 77
1 82
1 84
1 85
1 87
1 97
1 100
1 103
1 106
1 110
1 111
1 113
1 117
1 121
1 130
1 138
1 139
1 140
1 146
1 154
1 155
1 160
1 164
1 168
1 169
1 170
1 179
1 181
1 184
1 189
1 200
1 203
1 237
1 330
1 396
1 397
1 405
1 445
1 450
1 486
1 490
1 500
1 589
1 619
1 679
1 693
1 716
1 742
1 745
1 796
1 797
1 808
1 810
1 854
1 891
1 910
1 922
1 977
2 3
2 5
2 7
2 8
2 10
2 11
2 14
2 16
2 27
2 33
2 36
2 38
2 46
2 48
2 52
2 72
2 77
2 79
2 80
2 83
2 95
2 97
2 102
2 105
2 107
2 108
2 123
2 129
2 131
2 134
2 135
2 136
2 139
2 142
2 145
2 149
2 151
2 152
2 153
2 156
2 167
2 173
2 174
2 177
2 183
2 184
2 185
2 189
2 191
2 196
2 199
2 248
2 279
2 284
2 291
2 304
2 347
2 355
2 362
2 366
2 480
2 498
2 503
2 533
2 552
2 574
2 602
2 606
2 626
2 640
2 656
2 657
2 681
2 684
2 685
2 690
2 707
2 710
2 754
2 779
2 838
2 864
2 915
2 957
3 21
3 24
3 33
3 40
3 44
3 52
3 56
3 71
3 72
3 78
3 89
3 92
3 100
3 107
3 109
3 115
3 116
3 124
3 132
3 144
3 147
3 148
3 156
3 175
3 181
3 182
3 187
3 194
3 198
3 199
3 203
3 227
3 247
3 309
3 325
3 327
3 333
3 573
3 765
3 786
3 815
3 835
3 853
3 856
3 862
3 876
3 922
3 926
3 946
3 948
4 6
4 12
4 20
4 22
4 41
4 47
4 85
4 100
4 126
4 187
4 199
4 259
4 310
4 505
4 518
4 520
4 587
4 673
4 745
4 883
4 931
4 991
4 90
4 57
4 5
4 8
4 10
4 13
4 15
4 19
4 27
4 35
4 40
4 44
4 74
4 121
4 151
5 13
5 14
5 25
5 88
5 103
5 108
5 821
5 969
5 6
5 9
5 19
5 37
5 42
5 53
5 66
5 120
6 12
6 17
6 21
6 32
6 38
6 41
6 47
6 53
6 65
6 99
6 175
6 184
6 218
6 263
6 343
6 379
6 464
6 491
6 578
6 579
6 599
6 604
6 654
6 823
6 872
6 988
6 7
6 9
6 14
6 18
6 27
6 35
6 37
6 49
6 50
6 77
6 93
6 104
6 108
6 133
6 151
6 180
7 8
7 18
7 19
7 29
7 98
7 132
7 436
7 863
7 11
7 14
7 52
7 89
8 15
8 18
8 29
8 45
8 98
8 127
8 133
8 152
8 281
8 302
8 410
8 472
8 536
8 601
8 914
9 51
9 319
9 613
9 913
9 12
9 15
9 36
9 42
9 43
9 109
9 138
9 143
10 11
10 45
10 49
10 61
10 67
10 76
10 122
10 161
10 194
10 305
10 338
10 387
10 510
10 593
10 611
10 623
10 643
10 675
10 682
10 836
10 857
10 15
10 21
10 22
10 30
11 28
11 54
11 61
11 120
11 136
11 201
11 262
11 264
11 23
11 32
11 68
12 20
12 24
12 59
12 63
12 223
12 324
12 713
12 776
12 840
12 898
13 14
13 23
13 24
13 35
13 81
13 91
13 97
13 113
13 130
13 143
13 351
13 365
13 556
13 753
13 924
13 93
14 558
14 637
14 790
14 984
14 29
14 34
14 39
14 46
14 54
14 92
14 98
14 106
14 123
14 153
15 18
15 48
15 92
15 132
15 555
15 952
15 19
15 26
15 45
15 86
16 27
16 201
16 261
16 484
16 544
16 917
17 156
17 199
18 34
18 51
18 64
18 66
18 133
18 160
18 166
18 217
18 372
18 401
18 547
18 571
18 613
18 847
18 954
18 59
18 87
19 29
19 66
19 85
20 21
20 22
20 24
20 36
20 53
20 303
20 569
20 807
20 963
21 34
21 94
21 101
21 126
21 326
21 348
21 430
21 487
21 488
21 801
21 825
21 834
21 889
21 939
21 152
22 32
22 313
22 321
22 364
22 440
22 817
22 31
22 41
22 76
22 91
22 111
23 25
23 56
23 73
23 83
23 116
23 470
23 477
23 193
24 25
24 32
24 41
24 55
24 58
24 59
24 68
24 69
24 73
24 83
24 95
24 112
24 115
24 137
24 165
24 178
24 184
24 190
24 195
24 209
24 225
24 231
24 243
24 253
24 269
24 276
24 349
24 352
24 363
24 368
24 404
24 407
24 409
24 427
24 442
24 447
24 453
24 520
24 526
24 534
24 542
24 545
24 546
24 549
24 554
24 559
24 622
24 632
24 658
24 670
24 701
24 725
24 729
24 732
24 738
24 742
24 750
24 763
24 778
24 782
24 814
24 818
24 839
24 900
24 923
24 925
24 933
24 947
24 974
24 992
25 112
25 473
25 614
25 615
25 770
25 965
25 979
26 512
26 584
26 47
26 51
26 58
26 116
26 135
26 143
27 31
27 136
27 153
27 194
27 211
27 219
27 380
27 33
27 77
27 78
27 83
27 90
27 109
27 121
28 31
28 54
28 67
28 699
28 736
28 752
28 794
28 859
29 30
29 37
29 39
29 42
29 43
29 50
29 57
29 70
29 75
29 80
29 86
29 109
29 121
29 125
29 146
29 153
29 172
29 176
29 224
29 240
29 265
29 358
29 367
29 418
29 434
29 451
29 462
29 463
29 485
29 493
29 517
29 548
29 588
29 598
29 629
29 633
29 641
29 650
29 691
29 711
29 720
29 758
29 766
29 772
29 813
29 824
29 837
29 850
29 871
29 880
29 904
29 943
29 958
29 964
29 993
29 997
29 36
29 55
30 88
31 93
31 120
31 179
31 232
31 375
31 381
31 468
31 949
31 80
32 60
32 65
32 156
32 318
32 336
32 388
32 421
32 482
32 529
32 844
32 961
32 47
32 86
32 119
32 133
32 184
33 37
33 39
33 118
33 163
33 207
33 400
33 413
33 522
33 566
33 577
33 651
33 48
33 70
33 142
33 144
33 149
34 42
34 64
34 229
34 357
34 446
34 757
34 846
34 897
34 996
34 80
34 106
35 47
35 51
35 60
35 72
35 135
36 114
36 159
36 173
36 306
36 354
36 408
36 411
36 466
36 592
36 653
36 674
36 704
36 764
36 881
36 886
36 990
36 90
36 40
36 61
36 98
36 119
37 39
37 57
37 62
37 110
37 202
37 314
37 521
37 548
37 71
37 81
38 51
38 78
38 96
38 107
38 119
38 127
38 430
38 516
38 539
38 585
38 678
38 719
38 749
38 799
38 822
38 966
38 175
39 43
39 50
39 57
39 77
39 90
39 99
39 204
39 378
39 384
39 419
39 443
39 460
39 499
39 530
39 634
39 638
39 655
39 762
39 784
39 788
39 800
39 802
39 842
39 903
39 907
40 181
40 741
40 69
40 126
40 201
41 55
41 59
41 65
41 591
41 680
41 795
41 868
41 951
42 61
42 67
42 82
42 135
42 162
42 174
42 257
42 316
42 370
42 420
42 463
42 479
42 501
42 535
42 541
42 594
42 600
42 661
42 708
42 726
42 774
42 791
42 816
42 820
42 841
42 848
42 855
42 885
42 912
42 935
42 976
42 995
43 88
43 90
43 92
43 111
43 131
43 146
43 163
43 308
43 437
43 496
43 617
43 867
43 879
43 985
43 63
43 72
43 73
43 105
43 110
44 51
44 56
44 59
44 60
44 62
44 82
44 83
44 107
44 124
45 205
45 236
45 342
45 532
45 627
45 668
45 718
45 793
45 955
46 697
46 721
46 751
46 760
46 849
46 145
47 53
47 55
47 79
47 241
47 425
47 683
47 805
47 57
47 85
47 94
47 116
48 129
48 141
48 596
48 954
48 88
50 80
50 123
50 128
50 273
50 353
50 438
50 476
50 506
50 575
50 767
50 832
50 875
51 570
51 667
51 669
51 773
51 892
51 54
51 76
51 100
52 74
52 873
53 119
53 250
53 288
53 297
53 478
53 564
53 581
53 689
53 747
53 811
53 833
53 870
53 970
53 56
53 65
53 69
54 93
54 120
54 242
54 267
54 565
54 980
54 73
54 79
54 124
54 127
54 134
55 58
55 81
55 185
55 190
55 208
55 252
55 369
55 377
55 586
55 785
55 944
55 72
56 861
56 63
56 97
57 86
57 426
57 64
57 79
57 95
57 136
58 71
58 158
58 183
58 973
59 60
59 65
59 79
59 274
59 421
59 599
59 630
59 719
59 727
59 882
60 295
60 583
60 665
60 806
60 74
60 95
61 769
61 884
63 94
63 569
63 590
63 618
63 636
63 671
63 686
63 712
63 715
63 781
63 968
63 975
64 271
64 412
64 422
64 695
64 789
64 804
65 68
65 579
65 702
65 901
65 938
65 139
66 212
66 783
66 75
66 110
67 117
67 122
67 150
67 161
67 233
67 270
67 289
67 292
67 375
67 416
67 483
67 490
67 576
67 597
67 616
67 621
67 646
67 666
67 685
67 756
67 780
67 890
67 893
68 100
68 403
69 87
69 119
69 154
69 170
69 414
69 456
69 504
69 537
69 595
69 608
69 700
69 724
69 827
69 899
69 909
69 956
69 149
70 128
70 426
70 538
70 967
71 567
71 744
71 759
71 798
71 111
72 90
72 101
72 107
73 251
73 188
74 84
74 89
74 296
74 458
74 519
74 730
74 932
75 171
75 277
75 469
75 635
75 733
75 819
75 950
75 164
76 93
76 282
76 341
76 714
76 906
76 81
77 86
77 132
77 311
77 698
77 746
77 137
78 110
78 235
78 317
78 609
78 715
79 525
79 731
79 981
80 105
80 582
80 717
80 983
81 340
81 449
81 509
82 142
82 280
82 467
82 481
82 735
82 743
82 920
82 971
82 989
83 134
83 159
83 210
83 214
83 230
83 307
83 312
83 382
83 415
83 465
83 835
83 860
83 933
83 978
83 127
84 91
84 155
84 188
84 200
84 672
84 865
85 180
85 243
85 959
86 234
86 300
86 346
86 568
87 628
88 121
88 197
88 220
88 266
88 272
88 475
88 687
88 722
88 907
88 932
88 134
88 146
89 222
89 373
89 455
90 123
90 323
90 475
90 845
90 163
91 287
91 761
92 104
92 182
92 329
92 356
92 423
92 563
92 639
92 647
92 869
93 676
93 181
94 454
94 139
95 103
95 298
95 560
96 283
97 112
97 386
97 982
98 286
98 422
98 153
99 495
99 527
99 612
99 709
99 734
99 852
99 905
100 128
100 195
100 625
100 874
101 102
101 350
101 464
101 680
103 866
103 916
103 986
104 152
104 198
104 696
104 128
104 150
105 896
105 908
106 226
106 278
106 828
107 696
107 888
107 911
107 123
108 147
108 360
108 826
108 960
109 172
109 334
109 385
109 452
109 457
109 471
109 508
109 514
109 515
110 166
110 198
110 268
110 337
110 489
110 607
110 895
110 940
110 136
112 147
112 301
112 660
112 664
113 173
113 402
113 424
113 158
115 187
116 138
116 395
116 550
116 560
117 145
117 256
117 331
117 332
117 645
117 662
117 692
117 703
117 705
117 809
117 877
117 962
119 126
119 144
120 133
120 145
120 157
120 181
120 192
120 239
120 361
120 461
120 497
120 507
120 544
120 561
120 646
120 728
120 771
120 829
120 919
120 942
120 945
120 950
121 125
121 213
121 908
121 128
121 137
123 189
123 260
123 376
124 831
124 197
125 392
125 936
126 631
127 228
127 335
127 553
127 694
127 739
127 830
127 851
128 215
128 494
128 511
128 934
128 998
129 166
129 572
129 659
129 695
130 143
130 374
130 399
130 652
130 927
131 390
131 432
131 624
131 677
131 777
131 928
131 929
132 151
132 196
132 293
132 328
132 345
132 398
132 433
132 439
132 444
132 492
132 523
132 524
132 557
132 568
132 644
132 733
132 768
132 921
132 937
132 941
132 964
133 290
133 371
133 420
133 737
133 740
133 169
134 389
134 435
135 246
135 502
135 775
136 244
136 431
136 610
136 648
137 534
138 143
138 428
139 221
139 249
139 394
140 294
140 763
140 812
142 144
142 203
142 258
142 339
142 513
142 562
142 580
142 642
142 748
142 787
142 887
143 299
143 307
143 183
144 145
144 169
144 543
144 611
144 994
145 171
145 285
145 706
145 792
145 810
145 151
145 203
146 202
146 245
146 531
146 953
147 220
147 255
147 755
148 322
148 603
148 858
149 393
151 182
151 649
151 758
152 186
152 254
152 315
152 441
152 663
153 206
153 275
153 320
153 344
153 359
153 383
153 459
153 474
153 551
153 723
153 843
153 878
153 902
153 930
153 999
161 171
172 176
