0 1
0 2
0 3
0 4
0 6
0 7
0 12
0 13
0 14
0 15
0 16
0 19
0 30
0 33
0 34
0 36
0 39
0 42
0 43
0 44
0 46
0 48
0 50
0 54
0 56
0 60
0 63
0 76
0 77
0 79
0 81
0 83
0 84
0 87
0 90
0 94
0 98
0 99
0 100
0 104
0 114
0 115
0 120
0 122
0 130
0 131
0 132
0 137
0 139
0 141
0 148
0 150
0 151
0 156
0 163
0 164
0 166
0 167
0 170
0 171
0 173
0 178
0 182
0 185
0 186
0 187
0 194
0 197
0 200
0 201
0 209
0 222
0 280
0 284
0 298
0 305
0 308
0 342
0 349
0 384
0 409
0 431
0 446
0 472
0 497
0 508
0 518
0 535
0 542
0 585
0 631
0 633
0 638
0 643
0 656
0 658
0 673
0 701
0 713
0 795
0 825
0 850
0 857
0 858
0 905
0 916
0 921
0 928
0 951
0 987
0 994
1 2
1 3
1 4
1 5
1 6
1 10
1 11
1 12
1 16
1 17
1 18
1 19
1 22
1 25
1 45
1 47
1 61
1 68
1 69
1 73
1 77
1 89
1 96
1 97
1 100
1 103
1 104
1 107
1 113
1 132
1 142
1 149
1 163
1 170
1 173
1 180
1 182
1 189
1 195
1 334
1 340
1 540
1 547
1 597
1 792
1 811
1 855
1 900
1 917
1 936
1 944
2 3
2 4
2 5
2 7
2 11
2 26
2 53
2 66
2 67
2 68
2 81
2 103
2 111
2 117
2 121
2 123
2 127
2 133
2 143
2 147
2 152
2 156
2 157
2 200
2 201
2 220
2 247
2 265
2 283
2 306
2 330
2 357
2 413
2 487
2 523
2 565
2 601
2 706
2 750
2 779
2 795
2 823
2 977
2 998
3 4
3 12
3 13
3 19
3 41
3 53
3 80
3 90
3 91
3 95
3 101
3 109
3 110
3 117
3 122
3 129
3 142
3 154
3 157
3 161
3 174
3 175
3 177
3 182
3 193
3 196
3 203
3 304
3 331
3 341
3 382
3 530
3 681
3 757
3 963
4 6
4 10
4 11
4 12
4 25
4 36
4 45
4 59
4 60
4 61
4 70
4 82
4 95
4 108
4 118
4 127
4 132
4 136
4 137
4 154
4 158
4 167
4 168
4 199
4 290
4 293
4 307
4 441
4 533
4 571
4 611
4 620
4 642
4 803
4 828
4 965
5 7
5 8
5 24
5 26
5 40
5 301
5 496
5 690
5 709
5 767
5 780
5 48
5 106
5 13
5 14
5 17
5 35
5 38
5 58
5 68
5 81
5 82
5 100
5 104
5 107
5 111
6 9
6 30
6 37
6 38
6 132
6 275
6 350
6 356
6 455
6 687
6 731
6 775
6 798
6 813
6 845
6 861
6 167
7 8
7 9
7 24
7 98
7 145
7 156
7 165
7 185
7 188
7 238
7 272
7 285
7 360
7 398
7 555
7 600
7 653
7 682
7 690
7 710
7 843
7 48
7 31
8 43
8 169
8 257
8 337
8 48
8 9
8 21
8 24
8 44
8 110
8 113
8 132
8 140
9 28
9 37
9 78
9 128
9 160
9 183
9 260
9 279
9 291
9 316
9 328
9 377
9 402
9 421
9 422
9 435
9 439
9 520
9 529
9 531
9 619
9 636
9 650
9 672
9 720
9 755
9 772
9 807
9 846
9 849
9 875
9 882
9 897
9 899
9 924
9 933
9 958
9 980
9 983
9 990
9 48
9 106
9 14
9 19
9 41
9 50
9 76
9 91
9 97
9 113
10 86
10 119
10 123
10 190
10 231
10 273
10 335
10 686
10 717
10 48
10 13
10 16
10 20
10 34
10 51
10 52
10 108
10 138
11 17
11 33
11 62
11 72
11 153
11 196
11 255
11 262
11 378
11 462
11 621
11 640
11 794
11 821
11 854
12 16
12 19
12 29
12 32
12 42
12 45
12 65
12 67
12 73
12 121
12 126
12 202
12 253
12 263
12 313
12 406
12 450
12 452
12 465
12 491
12 669
12 726
12 797
12 815
12 866
12 876
12 954
12 48
12 30
12 47
12 77
13 15
13 52
13 143
13 494
13 575
13 84
13 180
14 15
14 17
14 20
14 23
14 27
14 54
14 69
14 74
14 83
14 86
14 89
14 117
14 136
14 146
14 151
14 203
14 216
14 217
14 221
14 223
14 225
14 229
14 242
14 254
14 257
14 268
14 288
14 297
14 343
14 346
14 353
14 354
14 363
14 389
14 390
14 400
14 403
14 428
14 430
14 480
14 519
14 576
14 609
14 613
14 614
14 618
14 637
14 641
14 668
14 677
14 679
14 692
14 694
14 696
14 699
14 770
14 787
14 788
14 814
14 839
14 910
14 953
14 964
14 979
14 40
14 76
14 95
15 277
15 381
15 393
15 589
15 599
15 615
15 784
15 969
16 35
16 64
16 90
16 219
16 23
16 74
16 89
16 99
16 115
16 121
17 20
17 23
17 27
17 39
17 41
17 54
17 55
17 62
17 85
17 89
17 97
17 108
17 133
17 142
17 153
17 168
17 171
17 172
17 180
17 181
17 191
17 194
17 196
17 278
17 292
17 309
17 322
17 333
17 344
17 369
17 373
17 380
17 391
17 414
17 453
17 454
17 457
17 503
17 510
17 548
17 573
17 591
17 603
17 608
17 627
17 662
17 666
17 674
17 702
17 719
17 724
17 732
17 742
17 751
17 787
17 799
17 804
17 835
17 856
17 885
17 893
17 911
17 914
17 920
17 960
17 961
17 986
17 60
18 21
18 39
18 83
19 31
19 32
19 35
19 64
19 65
19 82
19 339
19 424
19 451
19 459
19 541
19 570
19 663
19 670
19 748
19 879
19 972
19 98
20 295
20 303
20 327
20 721
20 886
20 966
20 48
20 30
20 45
20 46
20 108
20 138
21 84
22 50
22 102
23 28
23 37
23 38
23 48
23 52
23 58
23 70
23 75
23 89
23 96
23 99
23 110
23 124
23 167
23 173
23 187
23 241
23 246
23 332
23 386
23 394
23 399
23 416
23 417
23 421
23 438
23 445
23 468
23 477
23 482
23 505
23 513
23 525
23 539
23 543
23 550
23 563
23 579
23 593
23 607
23 624
23 630
23 632
23 649
23 661
23 685
23 691
23 700
23 703
23 715
23 718
23 737
23 746
23 752
23 765
23 868
23 872
23 874
23 880
23 887
23 904
23 912
23 934
23 937
23 941
23 970
23 991
24 47
24 86
24 144
24 211
24 212
24 502
24 646
24 134
25 49
25 202
25 423
25 561
25 626
25 659
26 43
26 88
26 216
26 527
27 90
27 92
27 361
27 443
27 784
27 106
27 43
28 33
28 51
28 62
28 72
28 93
28 135
28 138
28 189
28 261
28 299
28 348
28 352
28 355
28 486
28 515
28 534
28 536
28 552
28 587
28 610
28 647
28 723
28 731
28 734
28 769
28 774
28 818
28 847
28 873
28 888
28 890
28 908
28 926
28 968
28 974
28 48
28 42
29 159
29 106
29 48
29 38
29 39
29 49
29 60
29 65
29 79
29 86
29 94
29 97
29 100
29 116
29 136
29 151
29 152
29 166
30 51
30 58
30 70
30 78
30 149
30 162
30 435
30 479
30 553
30 763
30 805
30 832
30 909
30 949
31 55
31 138
31 141
31 176
31 177
31 204
31 378
31 483
31 526
31 557
31 654
31 762
31 789
31 896
31 965
32 56
32 179
32 186
32 193
32 432
32 629
32 782
32 48
32 142
33 55
33 71
33 112
33 120
33 230
33 434
33 458
33 484
33 538
33 838
34 105
34 137
34 314
34 199
35 801
35 50
37 157
37 408
37 429
37 500
37 943
37 106
37 48
37 47
37 68
37 112
37 114
37 117
38 93
38 164
38 192
38 372
38 481
38 695
38 809
38 826
38 989
38 94
39 45
39 401
39 689
39 867
39 48
39 49
39 111
39 139
39 197
40 463
41 46
41 196
41 315
41 470
41 714
41 178
42 60
42 65
42 91
42 276
42 124
43 161
43 233
43 248
43 466
43 598
43 978
44 889
44 57
45 243
45 283
45 287
45 293
45 317
45 426
45 427
45 521
45 759
45 860
45 864
46 922
48 365
48 522
48 930
48 959
48 60
48 75
48 76
48 78
48 87
48 122
48 133
48 144
48 149
49 52
49 67
49 74
49 79
49 112
50 78
50 79
50 580
50 744
50 73
50 131
50 135
51 456
52 85
52 146
52 208
52 321
52 806
52 878
52 96
53 57
53 63
53 86
53 98
53 109
53 128
53 198
53 359
53 371
53 374
53 498
53 564
53 699
53 802
53 810
53 851
53 910
53 924
53 947
54 94
54 172
54 179
54 294
54 324
54 364
54 385
54 405
54 628
54 697
54 729
54 859
54 883
54 929
54 942
54 982
55 651
55 740
56 59
56 60
56 106
57 956
57 84
58 61
58 218
58 728
59 155
59 509
60 159
60 660
60 738
60 817
60 938
60 93
61 411
62 274
62 776
62 820
62 926
62 955
63 320
63 363
63 545
64 325
64 396
64 665
64 783
64 819
65 347
65 392
65 616
65 108
67 92
67 125
67 152
67 425
67 506
67 758
68 95
68 511
68 106
68 123
68 148
69 228
69 492
69 562
70 94
70 106
70 152
70 166
70 226
70 232
70 286
70 302
70 329
70 338
70 590
70 594
70 657
70 678
70 849
70 971
70 988
71 181
71 224
72 267
73 318
73 569
73 808
73 942
75 172
76 99
76 134
76 638
76 133
77 602
77 106
77 78
77 80
77 83
77 90
77 93
77 98
77 122
78 124
78 504
78 760
78 800
79 469
79 981
79 173
80 198
80 842
81 215
81 319
81 871
81 141
82 148
82 155
83 140
83 176
83 461
83 473
83 537
83 551
83 584
83 648
83 711
83 768
83 831
83 852
83 881
83 902
83 931
83 976
83 177
84 97
84 140
84 383
84 490
84 532
84 777
84 834
84 946
84 106
84 129
85 106
85 171
86 109
86 227
86 311
86 639
87 716
87 906
87 121
89 150
89 200
89 206
89 326
89 471
89 786
89 895
90 190
90 442
90 457
90 478
90 488
90 512
90 516
90 753
90 768
90 793
90 948
90 102
92 101
92 105
92 199
92 204
92 213
92 249
92 364
92 440
92 474
92 517
92 558
92 566
92 680
92 739
92 771
92 785
92 816
92 830
92 884
92 892
92 985
93 252
93 375
93 192
94 152
94 829
94 923
95 214
95 437
95 116
95 134
96 592
96 103
97 485
97 606
97 749
97 754
97 761
97 999
97 101
97 145
98 200
98 296
98 560
98 617
98 727
98 895
98 913
98 919
98 127
100 188
100 239
100 256
100 436
100 447
100 824
100 161
101 281
101 387
101 870
102 106
102 105
103 418
103 841
104 119
104 698
104 796
106 120
107 112
107 404
107 460
107 489
107 684
107 697
107 778
107 791
107 854
107 891
108 116
108 129
108 158
108 282
108 300
108 312
108 336
108 376
108 419
108 444
108 449
108 464
108 507
108 528
108 549
108 574
108 582
108 595
108 596
108 605
108 655
108 741
108 745
108 790
108 837
108 869
108 898
108 901
108 907
108 935
108 945
108 991
109 114
109 395
109 495
109 645
111 264
111 568
111 623
111 743
111 125
111 147
111 160
112 773
112 925
113 172
113 132
114 514
114 574
114 675
116 175
116 251
117 236
117 544
117 604
117 622
117 863
117 939
117 984
117 156
118 914
119 123
119 184
120 141
120 158
120 412
120 664
121 126
121 197
121 289
121 362
121 397
121 546
121 577
121 652
121 707
123 258
123 259
124 207
125 240
125 467
125 475
125 524
125 918
125 973
125 995
125 194
125 204
127 131
127 186
127 271
127 308
127 323
127 368
127 379
127 634
127 644
127 667
127 756
127 764
127 822
127 836
127 142
128 145
128 170
128 185
128 554
128 567
128 572
128 588
128 612
128 725
128 851
128 903
128 967
129 205
129 246
129 722
129 993
129 139
131 962
131 163
132 174
132 245
132 266
132 366
132 581
132 634
132 827
132 877
132 894
132 975
132 138
132 193
133 168
133 844
135 676
136 146
136 183
136 370
136 388
136 915
137 240
137 317
137 448
138 444
138 992
139 712
139 747
139 164
140 197
140 201
140 210
140 499
140 200
141 433
141 586
141 181
142 270
142 351
142 559
143 181
143 367
143 407
143 848
143 189
145 269
145 781
145 952
146 151
146 184
146 188
146 244
146 476
146 498
146 501
146 625
146 693
146 704
146 733
146 840
146 940
146 997
147 374
147 927
148 177
148 250
148 635
148 735
148 766
148 957
149 160
149 174
149 358
149 415
149 865
149 932
149 996
151 237
151 410
151 420
151 862
152 235
152 280
152 310
152 556
152 578
152 583
152 677
152 683
152 730
153 493
153 812
153 833
154 234
154 345
154 671
154 688
154 705
154 708
154 736
154 762
154 853
154 950
162 192
172 180
184 188
