0 1
0 2
0 3
0 4
0 5
0 6
0 7
0 8
0 10
0 12
0 15
0 21
0 24
0 31
0 33
0 34
0 38
0 49
0 51
0 54
0 58
0 59
0 81
0 83
0 85
0 91
0 94
0 109
0 112
0 113
0 131
0 149
0 152
0 156
0 157
0 162
0 164
0 169
0 173
0 175
0 176
0 181
0 183
0 187
0 192
0 195
0 197
0 207
0 229
0 262
0 315
0 338
0 374
0 416
0 456
0 474
0 488
0 513
0 621
0 660
0 683
0 706
0 709
0 710
0 736
0 747
0 752
0 758
0 763
0 807
0 819
0 830
0 887
0 903
0 930
0 935
0 966
0 982
0 987
0 992
0 998
1 2
1 3
1 4
1 6
1 8
1 10
1 13
1 16
1 18
1 22
1 32
1 38
1 50
1 52
1 56
1 58
1 59
1 71
1 78
1 81
1 91
1 108
1 112
1 116
1 125
1 132
1 136
1 144
1 151
1 154
1 160
1 168
1 182
1 184
1 186
1 197
1 198
1 201
1 263
1 299
1 317
1 363
1 371
1 408
1 468
1 534
1 548
1 572
1 614
1 631
1 638
1 761
1 770
1 872
1 893
1 919
1 953
2 3
2 4
2 8
2 17
2 20
2 46
2 48
2 53
2 69
2 100
2 104
2 113
2 119
2 131
2 134
2 143
2 151
2 154
2 160
2 162
2 168
2 169
2 170
2 172
2 178
2 180
2 188
2 192
2 194
2 202
2 237
2 251
2 313
2 340
2 453
2 531
2 571
2 600
2 630
2 684
2 700
2 715
2 719
2 860
2 866
2 877
2 896
3 4
3 6
3 10
3 12
3 20
3 21
3 27
3 30
3 36
3 46
3 47
3 55
3 56
3 63
3 67
3 79
3 81
3 99
3 110
3 112
3 116
3 117
3 129
3 137
3 148
3 163
3 166
3 176
3 177
3 184
3 188
3 202
3 246
3 333
3 358
3 384
3 436
3 505
3 533
3 540
3 546
3 583
3 586
3 606
3 626
3 633
3 644
3 671
3 679
3 685
3 721
3 743
3 753
3 768
3 783
3 815
3 845
3 867
3 879
3 908
3 963
3 972
3 979
3 985
4 5
4 6
4 9
4 19
4 24
4 30
4 39
4 43
4 49
4 55
4 59
4 75
4 76
4 80
4 84
4 94
4 97
4 101
4 104
4 138
4 139
4 144
4 151
4 152
4 154
4 166
4 170
4 171
4 178
4 180
4 191
4 203
4 204
4 222
4 281
4 284
4 289
4 293
4 304
4 305
4 326
4 337
4 377
4 409
4 413
4 418
4 495
4 514
4 544
4 556
4 612
4 680
4 766
4 849
4 856
4 892
4 928
4 952
4 958
5 7
5 11
5 21
5 44
5 123
5 231
5 249
5 967
5 84
5 46
6 17
6 28
6 127
6 353
6 410
6 411
6 576
6 890
6 933
6 84
6 80
7 14
7 16
7 18
7 43
7 53
7 64
7 128
7 187
7 283
7 287
7 311
7 441
7 635
7 655
7 656
7 681
7 738
7 820
7 822
7 837
7 898
7 948
7 951
8 9
8 23
8 27
8 34
8 36
8 37
8 41
8 45
8 52
8 60
8 67
8 84
8 98
8 105
8 114
8 115
8 122
8 124
8 131
8 138
8 150
8 153
8 156
8 189
8 212
8 214
8 257
8 301
8 316
8 402
8 437
8 438
8 447
8 448
8 452
8 464
8 470
8 472
8 482
8 487
8 519
8 526
8 538
8 557
8 574
8 575
8 602
8 603
8 632
8 674
8 688
8 776
8 793
8 800
8 812
8 854
8 857
8 859
8 874
8 896
8 902
8 913
8 934
8 936
8 954
8 957
8 984
9 25
9 29
9 70
9 103
9 138
9 238
9 486
9 553
9 557
9 589
9 664
9 84
9 14
9 21
9 24
9 26
9 30
9 36
9 38
9 46
9 66
9 73
9 89
9 91
9 102
9 121
10 11
10 31
10 140
10 165
10 193
10 364
10 385
10 404
10 714
10 803
10 882
10 980
10 84
10 22
10 25
10 40
10 43
10 136
10 197
11 24
11 48
11 74
11 85
11 87
11 88
11 91
11 120
11 123
11 158
11 159
11 181
11 188
11 255
11 269
11 318
11 354
11 360
11 387
11 462
11 496
11 499
11 509
11 522
11 545
11 550
11 642
11 697
11 704
11 712
11 880
11 897
11 905
11 941
11 952
11 84
11 12
11 13
11 14
11 19
11 20
11 21
11 47
11 77
11 101
12 35
12 53
12 666
12 17
12 95
13 124
13 310
13 435
13 779
13 821
13 84
13 21
13 87
14 17
14 90
14 425
14 593
14 868
14 28
14 44
14 51
15 35
15 181
15 791
15 84
16 18
16 30
16 328
16 504
16 508
16 850
16 946
16 84
16 177
16 194
17 27
17 29
17 37
17 43
17 54
17 60
17 63
17 64
17 81
17 82
17 99
17 102
17 129
17 137
17 167
17 175
17 187
17 217
17 226
17 227
17 270
17 275
17 306
17 322
17 343
17 356
17 386
17 388
17 389
17 422
17 430
17 454
17 459
17 501
17 542
17 609
17 617
17 723
17 731
17 739
17 773
17 774
17 827
17 833
17 847
17 855
17 864
17 934
17 940
17 942
17 973
17 997
17 58
17 70
17 84
18 19
18 22
18 87
18 121
18 127
18 133
18 145
18 161
18 164
18 175
18 196
18 200
18 221
18 224
18 273
18 278
18 285
18 331
18 341
18 355
18 368
18 372
18 376
18 443
18 461
18 484
18 537
18 539
18 595
18 652
18 659
18 662
18 672
18 690
18 733
18 749
18 767
18 775
18 787
18 790
18 792
18 796
18 829
18 846
18 861
18 876
18 884
18 900
18 917
18 921
18 924
18 929
18 931
18 949
18 969
18 976
18 994
19 38
19 84
19 27
19 35
19 48
19 51
19 72
19 90
19 111
20 135
20 206
20 241
20 288
20 84
20 54
20 62
20 70
20 100
20 104
21 50
21 110
21 128
21 141
21 220
21 29
21 33
21 41
21 52
21 54
21 56
21 63
21 64
21 84
21 104
21 107
21 111
21 137
22 29
22 66
22 161
22 186
22 314
22 319
22 345
22 424
22 566
22 651
22 915
22 955
22 84
22 63
22 71
22 152
23 26
23 409
24 71
24 130
24 203
24 204
24 369
24 627
24 939
24 970
24 84
24 35
24 91
24 146
25 171
25 195
25 579
25 618
25 795
25 916
25 76
26 532
26 46
27 32
27 42
27 45
27 56
27 61
27 62
27 115
27 119
27 242
27 417
27 433
27 616
27 728
27 757
27 974
27 986
27 84
28 194
28 397
28 754
28 34
28 42
28 50
29 41
29 47
29 96
29 124
29 209
29 260
29 357
29 428
29 640
29 669
29 692
29 761
29 804
29 844
29 853
29 886
30 57
30 68
30 70
30 205
30 273
30 399
30 412
30 458
30 529
30 562
30 584
30 594
30 628
30 84
31 39
31 88
31 121
31 168
31 213
31 657
32 37
32 107
32 152
32 682
32 864
32 84
32 78
33 605
33 675
34 67
34 96
34 244
34 383
34 543
34 624
34 760
34 904
34 988
34 89
35 44
35 46
35 147
35 445
35 490
35 597
35 623
35 693
35 785
36 510
36 705
36 84
36 58
36 85
36 124
36 147
37 40
37 87
37 97
37 156
37 308
37 478
37 568
37 634
37 698
37 945
38 89
38 92
38 118
38 440
38 463
38 625
38 636
38 643
38 650
38 718
38 777
38 797
38 831
38 84
38 88
39 55
39 145
39 349
39 361
39 498
39 547
39 750
39 883
39 937
39 185
40 381
40 74
41 240
42 48
42 95
42 107
43 56
43 62
43 71
43 73
43 77
43 83
43 102
43 106
43 114
43 126
43 176
43 190
43 204
43 232
43 239
43 248
43 280
43 324
43 327
43 382
43 394
43 398
43 419
43 460
43 469
43 479
43 502
43 515
43 551
43 559
43 561
43 582
43 668
43 678
43 716
43 722
43 746
43 825
43 899
43 922
43 938
43 947
43 959
43 962
43 995
43 999
43 55
44 48
44 64
44 139
44 203
44 250
44 266
44 268
44 291
44 293
44 366
44 390
44 393
44 473
44 475
44 485
44 528
44 550
44 610
44 653
44 707
44 713
44 734
44 767
44 784
44 824
44 838
44 848
44 858
44 870
44 873
44 881
44 907
44 950
44 162
46 113
46 139
46 272
46 291
46 528
46 98
46 99
46 135
47 667
48 72
48 88
48 120
48 164
48 358
48 432
48 670
48 769
48 771
48 991
48 140
48 151
49 130
49 405
49 599
49 203
50 101
51 89
51 120
51 196
51 633
51 835
51 943
51 56
51 117
52 62
52 146
52 218
52 467
52 503
52 911
52 57
53 65
53 109
53 126
53 172
53 339
53 591
53 629
53 806
53 840
54 55
54 69
54 329
54 516
54 852
54 977
54 112
55 78
55 90
55 111
55 186
55 282
55 805
55 869
56 60
56 93
56 117
56 140
56 352
56 686
56 720
56 724
56 73
56 94
56 96
56 148
57 79
57 86
57 195
57 585
57 729
57 152
58 185
58 649
58 677
58 741
59 90
59 177
60 75
60 140
60 391
60 414
60 521
60 756
61 102
61 146
61 298
61 346
61 351
61 407
61 423
61 455
61 480
61 565
61 645
61 687
61 914
62 86
62 95
62 178
62 265
62 296
62 332
62 396
62 429
62 477
62 512
62 592
62 751
62 786
62 789
62 842
62 84
62 81
62 93
62 94
62 125
63 66
63 69
64 113
64 115
64 159
64 219
64 365
64 740
64 755
64 798
64 875
64 888
64 918
64 990
64 84
64 86
64 118
64 127
66 89
66 119
66 300
66 334
66 401
66 535
66 654
66 871
66 906
66 933
66 84
66 112
66 163
67 95
67 96
67 98
67 103
67 142
67 362
67 406
67 84
67 123
67 192
68 253
68 367
69 163
69 112
70 75
71 233
71 536
71 839
72 84
73 143
74 91
74 109
74 276
75 862
76 84
76 126
77 170
79 130
79 147
79 174
79 199
79 778
79 809
81 604
83 101
83 110
83 179
83 465
83 817
84 143
84 87
84 91
84 92
84 97
84 98
84 113
84 116
84 119
84 121
84 123
84 124
84 129
84 134
84 140
84 142
84 146
84 147
86 98
86 103
86 373
86 549
86 613
86 802
86 983
86 984
86 150
87 143
87 167
87 201
87 256
87 258
87 449
87 598
87 647
87 650
87 764
87 843
87 932
88 267
88 279
88 330
88 499
88 511
88 742
88 925
88 114
88 158
88 184
89 513
89 131
89 134
90 799
90 895
90 973
90 128
90 153
90 160
91 121
91 439
91 570
91 673
91 759
91 808
91 836
92 277
92 180
92 188
93 103
95 261
95 415
96 518
96 573
96 663
96 810
97 259
97 493
97 564
97 681
97 978
99 483
99 541
100 392
100 580
100 694
100 725
100 878
100 950
100 995
101 216
103 264
103 286
103 289
103 344
103 788
103 964
104 762
105 122
105 993
106 126
107 115
107 136
108 506
109 183
109 245
109 320
109 507
109 588
109 608
109 637
109 673
109 695
109 730
109 823
109 889
109 200
110 182
110 295
110 403
110 611
110 745
110 885
111 141
111 151
112 481
112 119
113 136
113 336
113 596
114 125
114 142
114 202
114 234
114 254
114 312
114 323
114 379
114 450
114 497
114 524
114 530
114 567
114 658
114 665
114 717
114 726
114 781
114 814
114 894
114 996
115 420
116 944
117 131
117 290
117 691
118 135
118 927
119 154
119 215
119 271
119 316
119 321
119 523
119 569
119 615
119 625
119 703
119 737
119 766
119 772
119 891
119 989
120 135
120 243
120 395
120 471
120 648
120 661
120 735
120 834
120 851
120 912
120 975
121 133
121 492
121 702
121 961
121 981
121 145
122 236
122 294
122 359
122 426
122 434
122 527
122 641
122 659
122 676
122 708
122 780
122 926
123 230
123 605
124 309
124 351
124 421
124 619
124 901
125 208
125 302
125 303
125 965
126 765
127 191
127 347
127 418
127 442
127 520
127 622
127 951
127 956
128 139
128 748
128 190
129 172
129 198
129 235
129 587
129 590
129 689
129 818
129 909
129 920
129 960
129 971
130 999
131 210
131 211
131 342
131 382
131 491
131 500
131 555
131 577
131 614
131 620
131 711
131 716
131 811
131 141
131 148
132 136
132 444
132 457
132 476
132 732
132 863
132 204
133 258
134 135
134 154
135 292
135 375
135 402
135 494
135 601
136 350
136 139
136 152
137 348
137 400
137 489
139 155
139 431
139 466
139 727
139 828
139 865
140 252
140 274
140 297
140 307
140 378
140 517
140 560
140 563
140 578
140 581
140 607
140 639
140 646
140 699
140 794
140 801
140 813
140 832
140 910
140 923
140 156
143 446
143 447
143 525
143 816
144 335
144 370
144 696
145 157
145 225
145 427
145 554
145 558
145 701
145 759
145 826
145 968
145 168
146 228
146 451
147 782
147 189
149 315
149 841
151 247
151 325
151 744
151 833
152 223
152 380
154 552
165 168
