0 1
0 2
0 3
0 4
0 8
0 9
0 10
0 12
0 18
0 26
0 28
0 29
0 32
0 35
0 42
0 52
0 56
0 61
0 65
0 73
0 75
0 78
0 86
0 87
0 92
0 93
0 98
0 103
0 112
0 113
0 114
0 118
0 121
0 133
0 137
0 142
0 143
0 147
0 148
0 152
0 157
0 162
0 163
0 168
0 182
0 184
0 192
0 195
0 199
0 203
0 219
0 235
0 296
0 311
0 315
0 347
0 458
0 465
0 562
0 578
0 595
0 626
0 654
0 684
0 749
0 752
0 768
0 829
0 861
0 870
0 891
0 941
0 946
0 970
1 2
1 3
1 4
1 24
1 28
1 69
1 83
1 97
1 101
1 112
1 149
1 192
1 207
1 289
1 380
1 386
1 438
1 529
1 658
1 669
2 3
2 4
2 5
2 6
2 7
2 11
2 14
2 15
2 16
2 18
2 20
2 23
2 29
2 34
2 41
2 42
2 47
2 53
2 57
2 68
2 72
2 76
2 79
2 80
2 91
2 95
2 104
2 108
2 111
2 115
2 116
2 118
2 127
2 128
2 131
2 140
2 144
2 149
2 150
2 151
2 157
2 163
2 167
2 168
2 169
2 178
2 179
2 183
2 184
2 188
2 191
2 192
2 195
2 198
2 199
2 204
2 233
2 243
2 244
2 271
2 285
2 307
2 316
2 330
2 331
2 332
2 361
2 363
2 384
2 394
2 409
2 428
2 473
2 497
2 504
2 508
2 546
2 557
2 579
2 586
2 611
2 619
2 630
2 647
2 688
2 713
2 724
2 794
2 801
2 825
2 832
2 868
2 886
2 899
2 913
2 987
3 4
3 5
3 7
3 8
3 9
3 11
3 14
3 15
3 17
3 19
3 23
3 42
3 48
3 50
3 53
3 58
3 74
3 86
3 87
3 98
3 101
3 102
3 108
3 115
3 118
3 128
3 129
3 130
3 132
3 133
3 135
3 138
3 139
3 143
3 144
3 149
3 151
3 158
3 160
3 165
3 168
3 177
3 180
3 182
3 195
3 197
3 274
3 295
3 344
3 424
3 541
3 553
3 577
3 663
3 673
3 691
3 697
3 705
3 711
3 737
3 757
3 801
3 830
3 853
3 914
3 918
3 919
3 932
3 978
3 989
3 992
4 13
4 16
4 29
4 33
4 44
4 51
4 69
4 78
4 81
4 88
4 105
4 107
4 124
4 126
4 132
4 133
4 145
4 153
4 170
4 186
4 191
4 198
4 199
4 355
4 372
4 610
4 694
4 716
4 860
4 909
5 6
5 10
5 46
5 54
5 70
5 239
5 456
5 618
5 632
5 650
5 7
5 51
5 29
5 121
6 10
6 46
6 60
6 153
6 226
6 313
6 317
6 499
6 549
6 927
6 7
6 51
6 8
6 14
6 18
6 21
6 30
6 31
6 32
6 41
6 49
6 54
6 127
6 152
7 19
7 22
7 66
7 326
7 506
7 520
7 607
7 949
7 51
7 10
7 18
7 61
7 62
7 85
7 97
7 124
7 135
8 12
8 45
8 49
8 146
8 172
8 205
8 228
8 275
8 348
8 388
8 423
8 466
8 512
8 566
8 569
8 719
8 798
8 905
8 926
8 27
8 60
8 79
8 93
9 14
9 15
9 24
9 25
9 34
9 48
9 74
9 116
9 309
9 402
9 440
9 451
9 464
9 477
9 704
9 739
9 967
10 13
10 23
10 62
10 75
10 108
10 166
10 229
10 236
10 247
10 345
10 399
10 555
10 581
10 598
10 648
10 708
10 816
10 956
10 966
10 980
10 11
10 15
10 16
10 20
10 25
10 26
10 27
10 28
10 32
10 38
10 47
10 71
10 96
10 138
10 140
11 19
11 20
11 53
11 147
11 340
11 391
11 788
11 23
11 71
11 91
12 30
12 97
12 106
12 308
12 381
12 427
12 528
12 622
12 646
12 769
12 795
12 906
12 968
13 782
14 15
14 17
14 18
14 27
14 28
14 33
14 35
14 36
14 37
14 56
14 69
14 90
14 109
14 123
14 124
14 136
14 145
14 161
14 165
14 169
14 189
14 201
14 217
14 237
14 249
14 261
14 273
14 297
14 337
14 338
14 350
14 360
14 389
14 390
14 404
14 407
14 410
14 447
14 500
14 542
14 544
14 547
14 575
14 606
14 609
14 615
14 627
14 640
14 643
14 652
14 666
14 682
14 687
14 689
14 709
14 722
14 745
14 779
14 807
14 812
14 889
14 903
14 922
14 936
14 937
14 947
14 948
14 951
14 961
14 962
14 972
14 973
14 979
14 22
14 38
15 25
15 27
15 34
15 43
15 59
15 114
15 144
15 174
15 185
15 328
15 375
15 378
15 408
15 472
15 715
15 843
15 68
16 30
16 38
16 49
16 556
16 667
16 791
16 920
16 99
17 18
17 21
17 32
17 36
17 40
17 95
17 100
17 104
17 109
17 149
17 158
17 175
17 178
17 283
17 294
17 781
17 893
18 21
18 169
18 189
18 216
18 449
18 457
18 31
18 32
18 40
18 44
18 46
18 55
18 78
18 81
18 82
18 90
18 91
18 92
18 104
18 105
18 113
18 120
18 123
18 175
19 26
19 99
19 138
19 155
19 260
19 353
19 536
19 543
19 593
19 875
19 177
20 22
20 82
20 134
20 208
20 262
20 924
20 33
20 133
20 137
21 57
21 537
21 22
21 23
21 24
21 43
21 68
21 90
21 131
21 147
22 26
22 47
22 53
22 88
22 113
22 119
22 321
22 888
22 30
22 72
22 80
22 86
22 116
23 37
23 46
23 85
23 212
23 425
23 40
23 110
24 136
24 179
24 668
24 934
24 28
24 79
24 146
24 158
25 39
25 276
25 421
25 41
25 55
25 67
25 75
25 94
25 139
26 66
26 77
26 89
26 125
26 139
26 142
26 154
26 160
26 215
26 224
26 270
26 279
26 298
26 310
26 327
26 329
26 393
26 420
26 455
26 462
26 467
26 486
26 489
26 490
26 505
26 525
26 530
26 576
26 597
26 623
26 629
26 641
26 649
26 671
26 674
26 679
26 693
26 710
26 712
26 718
26 725
26 732
26 747
26 820
26 852
26 865
26 869
26 876
26 896
26 907
26 916
26 925
26 929
26 952
26 957
26 965
26 976
27 48
27 59
27 364
27 481
27 485
27 567
28 31
28 42
28 54
28 60
28 67
28 72
28 109
28 129
28 130
28 159
28 170
28 178
28 182
28 194
28 230
28 265
28 267
28 334
28 376
28 379
28 382
28 411
28 480
28 493
28 602
28 638
28 675
28 700
28 858
28 880
28 884
28 955
28 50
28 100
29 110
30 78
30 97
31 32
31 34
31 40
31 44
31 81
31 115
31 135
31 150
31 156
31 188
31 201
31 292
31 365
31 370
31 385
31 469
31 477
31 483
31 513
31 545
31 551
31 573
31 620
31 621
31 683
31 690
31 711
31 815
31 849
31 895
31 954
31 64
31 91
32 115
32 552
32 802
32 34
32 61
32 63
32 98
33 43
33 150
33 161
33 281
33 491
33 613
33 831
33 917
33 944
33 83
33 89
33 149
34 84
34 97
34 112
34 114
34 120
34 164
34 172
34 176
34 192
34 211
34 231
34 232
34 290
34 314
34 373
34 377
34 400
34 439
34 442
34 446
34 475
34 535
34 556
34 634
34 664
34 683
34 685
34 731
34 766
34 775
34 804
34 810
34 822
34 841
34 849
34 857
34 879
34 882
34 892
34 901
34 903
34 940
34 960
34 990
34 991
34 56
34 64
34 76
34 123
34 130
34 144
34 149
35 52
35 95
35 187
35 783
36 65
36 127
37 50
37 76
37 92
37 94
37 103
37 128
37 133
37 159
37 166
37 255
37 268
37 339
37 354
37 414
37 492
37 502
37 582
37 589
37 601
37 614
37 637
37 645
37 657
37 755
37 780
37 821
37 874
37 890
37 897
37 912
37 963
37 983
37 199
38 45
38 51
38 84
38 203
38 250
38 282
38 361
38 369
38 434
38 800
38 39
38 48
39 98
39 135
39 174
39 193
39 364
39 476
39 482
39 677
39 678
39 702
39 728
39 41
39 60
40 452
40 43
40 75
40 101
40 154
41 717
41 729
41 773
41 824
41 921
41 53
41 60
41 70
41 162
41 193
42 67
42 142
42 227
42 676
42 692
42 51
42 44
43 834
43 63
43 94
43 95
44 145
44 147
44 185
44 516
44 592
44 742
44 777
45 71
45 209
45 278
45 416
45 585
45 642
46 61
46 72
46 85
46 89
46 272
46 996
46 51
46 58
46 108
47 63
47 73
47 82
47 99
47 110
47 126
47 155
47 305
47 357
47 396
47 401
47 644
47 653
47 751
47 776
47 48
47 157
48 94
48 115
48 130
48 153
49 80
49 106
49 228
50 62
51 90
51 108
51 206
51 301
51 723
51 767
51 54
51 72
51 87
51 103
51 147
53 55
53 64
53 113
53 181
53 341
53 397
53 429
53 433
53 437
53 517
53 526
53 625
53 721
53 733
53 792
53 833
53 876
53 925
53 67
53 129
54 85
54 105
55 796
56 152
56 242
56 259
56 335
56 367
56 521
56 714
56 923
56 141
58 145
59 426
59 527
59 624
59 734
60 450
60 69
61 67
61 898
61 132
61 143
61 159
62 122
62 241
62 291
62 554
62 590
62 945
63 96
63 146
63 181
63 200
63 352
63 430
63 603
63 639
63 877
63 938
63 942
63 70
64 87
64 131
64 221
64 248
65 94
65 123
65 179
65 707
65 790
65 793
66 387
67 70
67 218
67 245
67 304
67 454
67 950
68 126
68 192
69 83
69 109
69 124
69 189
69 324
69 342
69 594
69 703
69 148
70 92
70 139
70 981
71 86
71 534
72 101
72 129
72 153
72 299
72 368
72 498
72 736
72 835
72 933
72 969
73 99
73 138
73 193
73 343
73 392
73 405
73 460
73 506
73 616
73 701
73 836
73 970
75 246
75 351
75 984
75 88
78 167
79 188
79 503
79 510
79 588
79 744
79 772
79 839
79 904
79 194
80 511
80 565
80 859
80 190
81 148
81 84
81 86
82 181
82 559
82 762
82 805
82 814
82 997
84 287
84 377
85 107
85 286
85 680
85 695
85 136
85 144
86 220
86 234
86 258
86 325
86 484
86 631
86 646
86 842
86 974
87 173
87 487
87 501
87 617
87 756
87 774
87 854
87 959
88 395
88 463
88 137
90 91
90 141
90 206
90 238
90 240
90 253
90 284
90 293
90 312
90 398
90 413
90 432
90 468
90 515
90 548
90 564
90 572
90 580
90 587
90 591
90 635
90 696
90 726
90 759
90 760
90 761
90 763
90 817
90 837
90 840
90 847
90 857
90 894
90 902
90 910
90 911
90 958
90 975
90 995
91 132
91 92
91 106
91 128
92 102
92 254
92 269
92 383
92 519
92 533
92 538
92 583
92 818
92 881
92 883
92 953
92 964
92 977
92 982
94 746
94 826
94 121
95 303
95 406
95 445
95 509
96 496
96 173
97 563
97 699
97 131
97 132
97 145
98 175
98 188
98 346
98 507
98 531
98 605
98 670
98 681
98 686
98 758
98 867
99 210
99 252
99 318
99 418
99 478
99 496
99 599
99 636
99 656
99 819
99 856
99 866
99 928
99 943
99 994
99 160
100 280
100 494
101 102
101 166
101 561
101 813
101 823
101 971
104 123
104 214
104 356
104 362
104 419
104 443
104 514
104 722
104 764
104 844
106 140
106 277
106 532
106 612
106 628
106 655
106 753
106 754
106 864
106 169
107 122
107 154
107 204
107 306
107 727
107 730
107 820
108 120
108 137
108 171
108 176
108 182
108 187
108 202
108 251
108 288
108 320
108 422
108 448
108 453
108 461
108 474
108 522
108 523
108 539
108 550
108 560
108 600
108 735
108 750
108 765
108 827
108 838
108 846
108 850
108 851
108 862
108 863
108 939
108 143
109 665
109 778
110 117
110 222
110 743
110 873
110 118
110 125
111 186
112 118
112 203
112 266
112 374
112 412
112 431
112 444
112 570
112 633
112 659
112 672
112 720
112 770
112 803
112 887
112 935
113 196
113 264
113 459
113 495
113 848
114 447
115 574
118 190
118 257
118 371
118 529
118 748
118 809
118 986
119 661
119 878
120 203
123 179
123 201
123 662
123 789
123 855
126 143
126 183
126 435
126 441
126 604
127 915
128 524
128 558
128 786
128 180
129 322
129 698
129 771
130 141
131 225
131 985
132 141
132 263
132 871
132 198
133 136
133 175
133 256
133 349
133 417
133 470
133 479
133 608
133 642
133 706
133 740
133 741
133 784
133 787
133 799
133 930
133 947
133 988
133 993
133 999
134 359
134 909
135 568
136 170
137 139
137 151
138 900
138 155
139 336
139 596
140 366
140 415
141 176
141 436
141 787
142 180
142 186
142 358
142 471
142 660
142 838
143 162
143 213
143 433
143 488
143 518
143 584
143 885
143 148
144 319
147 828
147 931
148 702
149 323
149 651
149 738
149 156
150 197
150 300
150 540
150 742
151 223
151 302
151 333
151 403
151 469
151 571
151 785
151 797
151 811
151 845
151 908
151 998
152 337
152 806
153 808
154 872
156 163
157 160
164 190
167 192
173 191
174 192
176 190
193 196
193 195
198 203
