0 1
0 2
0 3
0 4
0 5
0 6
0 8
0 10
0 13
0 22
0 23
0 25
0 26
0 31
0 34
0 36
0 44
0 45
0 48
0 49
0 51
0 52
0 54
0 59
0 60
0 74
0 76
0 77
0 83
0 87
0 90
0 92
0 96
0 98
0 99
0 101
0 102
0 103
0 109
0 110
0 115
0 120
0 130
0 131
0 133
0 137
0 140
0 143
0 144
0 148
0 152
0 159
0 165
0 169
0 186
0 188
0 191
0 201
0 203
0 249
0 252
0 277
0 313
0 337
0 360
0 427
0 449
0 475
0 483
0 502
0 515
0 522
0 526
0 530
0 579
0 589
0 631
0 661
0 672
0 680
0 705
0 713
0 733
0 765
0 799
0 840
0 846
0 882
0 944
0 970
1 2
1 3
1 5
1 7
1 9
1 11
1 13
1 14
1 17
1 21
1 25
1 28
1 31
1 32
1 33
1 36
1 38
1 43
1 50
1 55
1 59
1 63
1 65
1 68
1 69
1 71
1 74
1 76
1 83
1 86
1 90
1 91
1 97
1 100
1 103
1 106
1 108
1 111
1 116
1 117
1 124
1 132
1 133
1 138
1 139
1 141
1 147
1 159
1 163
1 164
1 169
1 170
1 171
1 175
1 176
1 179
1 188
1 193
1 195
1 197
1 199
1 200
1 202
1 216
1 260
1 263
1 297
1 319
1 328
1 415
1 470
1 474
1 501
1 509
1 511
1 516
1 546
1 569
1 571
1 591
1 623
1 665
1 670
1 690
1 746
1 749
1 750
1 756
1 840
1 849
1 852
1 903
1 925
1 945
1 961
1 984
2 3
2 7
2 9
2 17
2 19
2 21
2 31
2 35
2 39
2 51
2 54
2 55
2 59
2 60
2 70
2 72
2 73
2 76
2 85
2 88
2 89
2 98
2 106
2 111
2 112
2 114
2 122
2 124
2 125
2 129
2 134
2 137
2 138
2 139
2 141
2 146
2 152
2 153
2 154
2 159
2 164
2 169
2 172
2 173
2 176
2 184
2 192
2 198
2 199
2 203
2 219
2 225
2 253
2 316
2 329
2 335
2 357
2 378
2 451
2 482
2 544
2 547
2 570
2 630
2 669
2 673
2 738
2 741
2 832
2 836
2 848
2 860
2 872
2 886
2 898
2 905
2 917
2 973
3 11
3 19
3 76
3 81
3 87
3 96
3 100
3 101
3 107
3 112
3 115
3 153
3 156
3 160
3 165
3 261
3 439
3 554
3 580
3 760
3 895
4 14
4 19
4 53
4 80
4 108
4 119
4 259
4 286
4 373
4 387
4 420
4 543
4 692
4 717
4 806
4 125
4 5
4 6
4 18
4 25
5 9
5 10
5 40
5 60
5 130
5 190
5 385
5 410
5 588
5 763
5 802
5 814
5 6
5 12
5 20
5 27
5 29
5 38
5 47
5 53
5 63
5 76
5 77
5 86
5 100
5 107
5 120
5 123
6 18
6 29
6 47
6 57
6 161
6 256
6 422
6 437
6 594
6 649
6 707
6 828
6 833
6 837
6 915
6 10
6 11
6 21
6 24
6 30
6 31
6 44
6 66
6 78
6 131
7 11
7 12
7 27
7 48
7 321
7 531
7 668
7 771
8 16
8 18
8 29
8 37
8 49
8 77
8 397
8 463
8 841
8 879
9 10
9 39
9 45
9 46
9 66
9 67
9 118
9 125
9 168
9 175
9 287
9 425
9 464
9 479
9 510
9 637
9 763
9 774
9 808
9 847
9 894
9 960
10 17
10 22
10 23
10 24
10 25
10 30
10 36
10 39
10 40
10 69
10 74
10 88
10 104
10 109
10 118
10 140
10 158
10 167
10 175
10 191
10 194
10 222
10 228
10 231
10 238
10 241
10 247
10 249
10 250
10 271
10 285
10 296
10 302
10 353
10 359
10 379
10 391
10 392
10 395
10 398
10 402
10 431
10 443
10 448
10 479
10 482
10 496
10 513
10 517
10 561
10 573
10 586
10 621
10 651
10 655
10 704
10 723
10 747
10 755
10 775
10 790
10 795
10 805
10 842
10 845
10 869
10 873
10 883
10 908
10 910
10 914
10 922
10 926
10 928
10 930
10 935
10 951
10 958
10 965
10 966
10 971
10 998
10 49
11 12
11 20
11 87
11 233
11 309
11 426
11 498
11 532
11 652
11 783
11 822
11 931
11 997
11 17
11 18
11 26
11 36
11 125
11 146
12 20
12 61
12 64
12 78
12 84
12 91
12 99
12 197
12 201
12 209
12 283
12 344
12 352
12 403
12 566
12 633
12 693
12 702
12 752
12 782
12 809
12 952
12 15
12 53
12 68
12 76
12 107
12 171
13 15
13 27
13 33
13 51
13 567
13 125
14 15
14 28
14 62
15 901
15 125
15 62
15 77
15 91
15 134
16 18
16 57
16 65
16 84
16 274
16 473
16 734
16 779
17 22
17 28
17 30
17 34
17 90
17 95
17 113
17 136
17 158
17 162
17 180
17 191
17 314
17 333
17 375
17 414
17 541
17 551
17 653
17 773
17 829
17 891
17 904
17 913
17 987
17 63
17 152
18 29
18 42
18 147
18 312
18 557
18 575
18 624
18 746
18 972
18 51
18 107
19 24
19 199
19 125
19 40
19 92
19 104
19 135
20 58
20 78
20 715
20 797
20 35
20 39
20 90
20 101
20 113
20 122
21 53
21 63
21 278
21 492
21 714
21 722
21 759
21 125
21 124
22 104
22 126
22 173
22 207
22 230
22 281
22 365
24 66
24 73
24 93
24 157
24 227
24 246
24 265
24 280
24 327
24 390
24 456
24 481
24 499
24 525
24 545
24 549
24 639
24 657
24 781
24 865
24 949
24 950
24 979
24 125
24 34
24 48
24 58
24 87
24 119
24 132
25 30
25 89
25 361
25 407
25 434
25 688
25 938
25 40
25 152
26 163
26 165
26 372
26 977
26 125
26 39
27 35
27 58
27 62
27 94
27 114
27 127
27 189
27 217
27 229
27 282
27 324
27 338
27 351
27 371
27 389
27 405
27 413
27 424
27 433
27 458
27 503
27 508
27 514
27 527
27 564
27 584
27 587
27 632
27 636
27 641
27 644
27 687
27 694
27 725
27 826
27 827
27 839
27 844
27 878
27 897
27 920
27 927
27 932
27 962
27 968
27 976
27 992
27 28
27 37
27 50
27 67
27 72
27 109
27 117
28 33
28 62
28 126
28 162
28 172
28 218
28 264
28 273
28 307
28 310
28 318
28 369
28 377
28 388
28 429
28 453
28 476
28 553
28 559
28 568
28 606
28 619
28 629
28 683
28 714
28 730
28 736
28 770
28 784
28 859
28 912
28 933
28 940
28 946
28 948
28 980
28 194
29 37
29 41
29 52
29 56
29 57
29 86
29 105
29 110
29 135
29 155
29 161
29 177
29 178
29 204
29 211
29 253
29 288
29 340
29 366
29 552
29 596
29 607
29 609
29 625
29 732
29 786
29 811
29 812
30 598
30 70
31 38
31 41
31 49
31 131
31 215
31 224
31 660
31 982
31 44
31 46
31 67
31 92
31 137
32 471
32 681
32 125
33 111
33 507
33 125
33 79
34 423
34 104
35 53
35 63
35 93
35 97
35 100
35 149
35 174
35 294
35 616
35 643
35 654
35 761
35 864
35 909
35 939
36 268
36 484
36 533
36 550
36 88
37 68
37 184
37 266
37 293
37 304
37 489
37 614
37 879
37 62
38 71
38 121
38 183
38 195
38 317
38 742
38 843
38 907
38 125
38 53
38 57
38 133
38 155
39 45
39 67
39 98
39 167
39 203
39 236
39 308
39 341
39 428
39 542
39 563
39 711
39 896
40 132
40 512
40 743
40 798
40 72
40 176
41 42
41 49
41 50
41 86
41 232
41 125
41 71
42 418
42 642
42 791
42 125
42 44
42 46
42 55
42 75
42 93
42 101
42 112
42 113
42 116
42 129
43 125
43 79
43 111
44 143
44 223
44 237
44 411
44 620
44 49
44 73
44 76
44 103
45 95
45 122
45 128
45 142
45 162
45 176
45 182
45 284
45 332
45 409
45 419
45 469
45 528
45 572
45 578
45 618
45 712
45 739
45 777
45 807
45 821
45 850
45 870
45 880
45 884
45 906
45 919
45 924
45 934
45 941
45 964
45 978
45 985
46 142
46 493
46 585
46 656
46 986
47 838
47 118
47 150
48 156
48 255
48 384
48 81
49 135
49 345
49 356
49 416
49 468
49 524
49 831
50 121
50 147
51 380
51 622
51 724
51 788
51 99
51 129
52 304
52 450
52 863
52 994
52 125
52 54
52 78
52 177
53 111
53 374
53 449
53 529
53 595
53 967
54 121
54 166
54 213
54 295
54 399
54 874
54 942
54 89
54 108
55 68
55 145
55 737
56 975
57 105
57 166
57 187
57 305
57 664
57 698
57 701
57 792
57 69
57 74
57 90
58 92
58 98
58 133
58 150
59 64
59 78
59 92
59 124
59 171
59 245
59 488
59 558
59 663
59 918
60 208
60 243
60 289
60 590
60 785
60 953
60 971
61 765
62 97
62 114
62 270
62 382
62 406
62 455
62 461
62 536
62 627
62 645
62 667
62 751
62 764
62 937
62 198
63 71
63 101
63 262
63 292
63 326
63 433
63 441
63 446
63 544
63 582
63 634
63 646
63 689
63 699
63 706
63 768
63 793
63 794
63 800
63 820
63 988
63 995
64 79
64 486
64 855
65 75
65 85
65 135
65 701
65 720
65 890
66 130
66 350
66 563
66 686
66 762
66 818
66 969
66 991
66 125
67 82
67 206
67 212
67 271
67 336
67 601
67 989
67 95
68 320
68 599
70 248
70 740
70 787
70 905
71 79
71 251
71 368
71 741
71 955
72 135
73 990
73 95
73 126
74 95
74 102
74 122
74 136
74 146
74 365
74 412
74 432
74 638
74 676
74 753
74 775
75 87
75 99
76 113
76 126
76 194
76 358
76 444
76 457
76 480
76 114
76 139
77 110
77 80
78 79
78 123
78 386
78 727
78 94
78 98
78 151
79 99
79 234
79 436
79 521
79 731
79 877
79 81
79 111
80 199
81 125
83 131
83 240
83 875
83 916
83 125
84 117
84 153
84 170
84 177
84 315
84 404
84 417
84 421
84 465
84 491
84 523
84 560
84 824
84 888
84 996
84 999
85 116
85 343
85 442
85 555
85 562
85 803
86 96
86 556
87 99
87 108
87 111
87 137
87 142
87 153
88 257
88 298
88 506
88 518
88 592
88 593
88 617
88 677
88 854
88 856
88 867
88 881
88 923
88 949
89 126
89 342
89 432
89 868
90 182
90 313
90 394
90 462
90 485
90 495
90 505
90 815
90 142
91 139
91 174
91 242
91 363
91 477
91 514
91 640
91 956
91 110
92 152
92 408
92 478
92 574
92 93
93 106
94 112
95 110
95 150
95 214
95 291
95 364
95 695
95 757
95 857
95 965
95 983
96 148
96 235
96 311
96 330
96 376
96 417
96 430
96 445
96 534
96 612
96 758
96 834
96 929
96 993
96 191
97 144
97 605
97 648
97 691
97 804
98 602
99 138
99 325
99 349
99 367
99 465
99 519
99 539
99 662
99 729
99 772
99 778
99 780
99 885
99 981
99 196
100 149
100 157
100 267
100 767
100 781
100 125
101 134
101 172
101 226
101 269
101 455
101 608
101 647
101 666
101 796
101 835
101 911
102 143
102 703
102 162
103 145
103 830
103 148
104 577
104 876
104 173
104 200
105 125
105 299
105 710
105 862
105 892
106 180
106 182
108 306
108 381
108 613
108 887
108 172
109 168
109 181
109 400
109 464
109 611
109 635
109 776
109 125
109 127
109 179
110 290
110 125
110 130
111 347
111 348
111 466
112 190
112 334
112 853
113 181
113 239
113 355
113 383
113 610
113 674
113 963
113 138
113 146
114 137
114 157
114 202
114 205
114 259
114 461
114 487
114 678
114 813
115 142
115 168
116 151
116 490
116 548
116 801
116 947
116 121
116 195
117 127
119 726
119 954
121 459
121 698
121 858
121 974
121 166
121 184
122 254
122 718
122 745
122 943
123 427
124 460
124 497
124 597
124 735
125 179
125 454
125 675
125 679
125 734
125 929
125 936
125 140
125 145
125 181
126 244
126 346
126 685
126 744
126 851
127 810
127 902
130 336
131 185
131 189
131 192
131 195
131 272
131 276
131 303
131 322
131 339
131 370
131 396
131 435
131 494
131 537
131 540
131 603
131 650
131 663
131 671
131 684
131 696
131 748
131 754
131 789
131 823
131 839
131 844
131 861
131 866
131 889
131 893
131 921
131 957
132 140
132 362
132 474
132 721
133 628
134 210
135 500
135 899
136 154
137 279
137 825
138 276
138 300
138 452
138 658
138 708
138 769
138 900
138 977
138 163
139 728
140 216
140 565
140 896
141 148
141 275
141 438
141 576
141 581
141 600
141 697
141 700
142 258
142 323
142 354
142 393
142 467
142 583
142 817
143 709
143 766
143 925
143 959
144 401
144 472
144 626
144 992
145 331
145 345
146 447
146 716
146 816
147 538
147 615
149 440
149 626
149 659
151 161
152 170
152 193
152 196
152 220
152 301
152 504
152 520
152 535
152 604
152 682
152 719
152 819
152 871
152 201
153 221
153 170
156 163
179 203
