0 1
0 2
0 3
0 4
0 5
0 7
0 8
0 18
0 23
0 30
0 55
0 57
0 68
0 69
0 72
0 73
0 86
0 91
0 92
0 98
0 102
0 148
0 157
0 163
0 164
0 179
0 184
0 185
0 186
0 205
0 224
0 239
0 294
0 308
0 323
0 391
0 471
0 480
0 500
0 582
0 631
0 666
0 687
0 716
0 749
0 766
0 769
0 782
0 806
0 972
1 2
1 3
1 4
1 5
1 6
1 75
1 79
1 111
1 120
1 175
1 187
1 189
1 200
1 212
1 224
1 288
1 293
1 358
1 363
1 405
1 406
1 439
1 444
1 519
1 645
1 825
1 885
1 900
1 988
2 3
2 4
2 5
2 9
2 10
2 15
2 20
2 23
2 25
2 28
2 29
2 34
2 40
2 43
2 45
2 46
2 60
2 72
2 73
2 82
2 90
2 95
2 96
2 98
2 104
2 114
2 115
2 117
2 125
2 138
2 140
2 143
2 145
2 148
2 153
2 163
2 164
2 165
2 169
2 178
2 182
2 187
2 199
2 262
2 303
2 312
2 367
2 447
2 522
2 629
2 733
2 760
2 770
2 771
2 805
2 821
2 831
2 867
2 890
2 893
2 901
2 904
2 931
2 941
2 953
2 963
2 995
3 4
3 5
3 6
3 7
3 12
3 18
3 23
3 25
3 41
3 45
3 48
3 50
3 55
3 64
3 84
3 87
3 94
3 96
3 103
3 105
3 107
3 110
3 119
3 122
3 126
3 127
3 135
3 138
3 146
3 163
3 170
3 176
3 180
3 187
3 192
3 198
3 313
3 347
3 359
3 420
3 471
3 581
3 585
3 677
3 679
3 713
3 737
3 815
3 836
3 973
4 5
4 9
4 22
4 28
4 30
4 38
4 39
4 44
4 46
4 50
4 59
4 62
4 88
4 89
4 93
4 114
4 120
4 121
4 125
4 133
4 142
4 144
4 146
4 147
4 161
4 162
4 168
4 170
4 171
4 184
4 191
4 197
4 217
4 249
4 328
4 372
4 499
4 548
4 578
4 590
4 647
4 671
4 691
4 707
4 714
4 768
4 862
4 889
4 932
4 965
5 8
5 10
5 26
5 31
5 32
5 34
5 36
5 39
5 43
5 74
5 75
5 82
5 96
5 100
5 104
5 110
5 155
5 161
5 176
5 188
5 190
5 214
5 215
5 242
5 369
5 370
5 478
5 571
5 580
5 583
5 738
5 809
5 838
5 947
6 12
6 13
6 14
6 19
6 24
6 29
6 37
6 38
6 48
6 70
6 87
6 93
6 101
6 103
6 115
6 139
6 150
6 155
6 169
6 182
6 192
6 195
6 204
6 206
6 209
6 211
6 246
6 255
6 286
6 314
6 361
6 375
6 385
6 393
6 414
6 423
6 456
6 474
6 477
6 482
6 494
6 495
6 497
6 502
6 512
6 516
6 545
6 555
6 562
6 597
6 638
6 654
6 657
6 661
6 693
6 694
6 731
6 734
6 763
6 765
6 785
6 801
6 817
6 834
6 841
6 856
6 880
6 886
6 892
6 918
6 954
6 958
6 976
6 999
6 34
6 7
6 8
6 9
6 66
6 68
7 10
7 11
7 16
7 17
7 26
7 54
7 60
7 90
7 114
7 118
7 230
7 518
7 523
7 634
7 899
7 34
7 8
7 9
7 19
7 28
7 30
7 33
7 42
7 43
7 70
7 79
7 95
7 115
8 9
8 15
8 21
8 23
8 25
8 27
8 33
8 37
8 52
8 53
8 54
8 58
8 61
8 63
8 69
8 73
8 76
8 81
8 83
8 91
8 96
8 100
8 102
8 112
8 113
8 132
8 138
8 151
8 156
8 166
8 193
8 194
8 202
8 208
8 247
8 256
8 258
8 311
8 315
8 318
8 320
8 334
8 336
8 340
8 346
8 357
8 362
8 387
8 402
8 425
8 428
8 445
8 460
8 483
8 484
8 487
8 504
8 508
8 527
8 538
8 568
8 579
8 584
8 594
8 604
8 609
8 610
8 613
8 617
8 619
8 632
8 635
8 640
8 648
8 651
8 653
8 656
8 664
8 670
8 672
8 674
8 709
8 721
8 726
8 732
8 736
8 738
8 741
8 747
8 755
8 756
8 761
8 778
8 806
8 816
8 829
8 859
8 863
8 866
8 868
8 895
8 896
8 906
8 911
8 917
8 919
8 928
8 936
8 945
8 955
8 959
8 986
8 989
8 19
8 26
9 27
9 33
9 144
9 151
9 663
9 759
9 11
9 13
9 14
9 15
9 18
9 28
9 36
9 40
9 43
9 45
9 54
9 65
9 67
9 97
9 106
9 120
9 138
9 148
10 13
10 114
10 118
10 160
10 598
10 621
10 874
10 894
10 987
10 34
10 48
10 89
11 23
11 43
11 54
11 90
11 106
11 116
11 142
12 78
12 85
12 302
13 16
13 17
13 41
13 69
13 78
13 87
13 131
13 145
13 153
13 289
13 297
13 390
13 488
13 531
13 644
13 729
13 884
13 910
13 937
13 944
13 997
13 34
13 22
13 75
14 20
14 68
14 69
14 137
14 179
15 21
15 66
15 100
15 122
15 162
15 207
15 251
15 259
15 266
15 274
15 280
15 309
15 321
15 337
15 373
15 377
15 506
15 605
15 608
15 680
15 686
15 689
15 774
15 788
15 823
15 849
15 24
15 102
16 26
16 59
16 98
16 103
16 129
16 133
16 196
16 203
16 241
16 281
16 282
16 291
16 339
16 395
16 426
16 454
16 455
16 463
16 542
16 549
16 572
16 589
16 596
16 606
16 643
16 650
16 658
16 682
16 685
16 717
16 753
16 757
16 764
16 767
16 824
16 977
16 979
17 160
17 360
17 566
17 599
17 641
17 758
17 860
18 49
18 77
18 168
18 210
18 56
18 119
18 134
18 176
19 145
19 185
19 472
19 902
19 25
19 31
19 53
20 21
20 66
20 106
20 126
20 183
20 272
20 409
20 457
20 459
20 530
20 575
20 675
20 697
20 775
20 844
20 68
20 130
20 137
21 505
21 34
21 73
21 144
22 127
22 141
22 151
23 27
23 33
23 56
23 63
23 186
23 412
23 440
23 649
23 710
23 791
23 898
23 920
24 34
24 35
24 53
24 59
25 34
25 66
25 80
25 113
25 218
25 227
25 348
25 352
25 364
25 403
25 437
25 688
25 746
25 912
25 943
25 31
25 41
25 172
26 35
26 45
26 60
26 473
26 546
26 789
26 34
26 93
26 143
27 76
27 82
27 219
27 290
27 330
27 452
27 520
27 563
27 810
27 878
27 908
28 42
28 81
28 91
28 228
28 266
28 492
28 739
28 881
28 998
28 40
28 104
28 155
29 71
29 167
29 171
29 299
29 858
30 64
30 136
30 231
30 449
30 927
30 37
30 38
30 78
30 87
30 89
30 137
30 138
31 85
31 404
31 541
31 718
31 921
31 42
31 46
31 51
31 101
31 152
32 39
32 46
32 83
32 331
32 389
32 879
33 47
34 80
34 285
34 396
34 417
34 612
34 622
34 642
34 820
34 843
34 854
34 35
34 47
34 51
34 59
34 75
34 124
34 130
35 41
35 49
35 51
35 65
35 90
35 116
35 154
35 158
35 188
35 213
35 225
35 353
35 365
35 400
35 458
35 496
35 510
35 515
35 557
35 618
35 627
35 665
35 702
35 725
35 802
35 814
35 870
35 905
35 907
35 981
35 993
35 64
35 84
35 169
37 53
37 124
37 142
37 275
37 368
37 394
37 466
37 493
37 507
37 513
37 540
37 603
37 698
37 783
37 794
37 837
37 913
37 915
37 923
37 930
37 942
37 970
37 990
37 95
38 88
38 128
38 129
38 192
38 236
38 265
38 283
38 292
38 509
38 712
38 735
38 796
38 826
38 63
38 92
39 83
39 407
39 567
39 591
39 946
39 980
39 992
40 54
40 335
40 630
40 726
40 839
40 846
40 42
40 77
40 86
40 90
40 136
40 162
41 60
41 696
41 940
41 52
41 99
41 109
41 144
41 155
42 89
42 117
42 378
42 777
42 45
42 73
42 84
42 104
42 108
42 120
42 150
43 52
43 122
43 350
43 351
43 800
43 69
43 70
43 87
43 98
43 100
43 103
43 113
43 145
43 183
44 61
44 97
44 139
44 379
44 529
44 699
44 706
44 724
44 883
45 57
45 257
45 467
45 118
45 126
46 54
46 141
46 158
46 203
46 297
46 298
46 431
46 432
46 551
46 573
46 832
46 848
46 968
47 81
47 129
48 157
48 300
48 386
48 82
48 89
48 131
49 63
49 77
49 108
49 204
49 220
49 238
49 424
49 517
49 939
50 67
50 137
50 176
50 532
50 914
50 204
51 81
52 436
52 75
52 95
54 106
54 132
54 160
54 344
54 408
54 588
54 600
54 620
54 903
54 949
54 985
54 114
55 56
55 70
55 94
55 105
55 126
55 127
55 131
55 137
55 143
55 166
55 248
55 264
55 316
55 349
55 354
55 371
55 464
55 491
55 593
55 623
55 625
55 646
55 668
55 692
55 720
55 776
55 792
55 833
55 935
55 996
56 74
56 91
56 123
57 83
57 453
58 166
58 181
58 235
58 186
59 99
59 101
59 102
59 117
59 130
59 196
59 200
59 216
59 537
59 550
59 561
59 586
59 607
59 608
59 633
59 659
59 695
59 784
59 795
59 812
59 887
59 950
59 967
59 982
59 984
59 195
60 178
60 277
60 443
60 535
60 564
60 772
60 780
61 479
61 200
62 80
62 89
63 150
63 173
63 418
63 624
63 828
63 835
63 156
63 197
64 75
64 871
64 121
65 475
66 159
66 416
66 601
66 711
66 752
66 873
66 969
67 83
67 104
67 182
68 172
68 419
68 779
68 891
68 97
68 109
68 138
68 154
69 123
69 164
69 198
69 410
69 415
69 639
69 662
69 667
69 803
69 877
69 71
70 71
70 191
70 468
70 486
70 502
70 715
70 807
70 128
71 191
72 124
72 260
72 626
72 852
73 295
73 388
73 558
73 576
73 744
74 88
75 133
75 684
75 188
76 92
76 156
76 448
76 520
77 101
77 184
77 190
77 279
77 341
77 514
77 857
78 422
78 615
78 652
80 434
80 451
81 261
81 876
82 181
83 201
83 338
83 366
83 376
83 430
83 587
83 592
83 781
83 951
84 961
84 105
84 116
85 278
85 168
87 103
87 111
87 179
87 191
87 220
87 223
87 273
87 284
87 296
87 319
87 355
87 433
87 438
87 476
87 485
87 514
87 569
87 628
87 705
87 727
87 730
87 743
87 751
87 762
87 773
87 842
87 882
87 922
87 933
87 934
87 978
87 983
88 135
88 229
88 263
88 461
89 136
89 172
89 490
89 534
89 560
89 133
90 304
91 392
91 525
91 897
91 956
91 962
92 577
92 957
92 966
93 170
93 132
96 108
96 134
96 162
96 172
96 237
96 243
96 267
96 315
96 322
96 324
96 346
96 374
96 398
96 470
96 481
96 539
96 556
96 560
96 611
96 640
96 676
96 678
96 704
96 787
96 794
96 813
96 847
96 853
96 855
96 872
96 938
96 161
96 174
97 130
97 144
97 179
97 202
97 253
97 326
97 332
97 570
97 596
97 818
97 974
98 109
98 327
98 129
98 150
99 917
100 547
100 602
100 616
100 929
101 442
101 808
101 991
101 189
102 268
102 271
102 317
102 521
102 526
102 536
102 864
102 888
102 199
103 196
103 245
103 252
103 281
103 489
103 754
103 798
104 307
104 498
104 673
105 287
105 627
106 169
106 180
106 325
106 655
106 660
106 728
106 748
106 960
107 221
107 244
107 250
107 750
108 123
108 149
108 152
108 232
108 234
108 397
108 543
108 544
108 559
108 786
108 909
110 429
111 333
113 152
114 136
114 305
114 343
114 446
114 524
114 552
114 701
114 703
114 811
114 840
114 907
114 975
114 994
114 122
115 345
115 740
115 830
115 948
115 132
115 192
116 121
117 162
117 194
117 276
117 336
117 637
117 745
118 450
118 180
119 154
120 155
120 240
120 574
120 595
120 754
120 149
121 197
122 310
122 382
122 614
122 952
123 254
124 205
127 708
127 845
127 198
128 147
129 421
129 469
129 503
129 797
129 967
129 190
130 189
130 722
130 799
130 822
131 411
132 508
132 201
133 511
133 755
133 804
133 819
133 827
133 971
135 383
136 175
136 222
136 241
136 329
136 356
136 384
136 395
136 441
136 462
136 669
136 700
136 758
136 925
138 301
138 681
138 719
138 913
139 269
139 553
140 157
141 164
143 154
143 168
143 226
143 342
143 607
143 683
143 790
143 900
143 916
143 964
144 174
144 413
145 177
145 533
146 173
146 233
146 306
146 381
146 501
146 798
148 195
148 401
148 924
150 177
150 565
151 465
152 554
153 427
153 690
153 793
154 155
154 171
154 184
154 270
154 399
154 435
154 528
154 636
154 723
154 850
154 851
154 861
154 865
154 875
154 926
155 380
155 742
155 869
163 176
171 191
174 183
176 205
189 196
