0 1
0 2
0 3
0 4
0 6
0 10
0 20
0 35
0 47
0 61
0 67
0 79
0 95
0 96
0 100
0 113
0 118
0 140
0 142
0 143
0 146
0 157
0 168
0 183
0 192
0 212
0 251
0 255
0 269
0 334
0 394
0 433
0 463
0 486
0 545
0 549
0 551
0 582
0 597
0 599
0 674
0 812
0 899
0 922
0 937
0 980
1 2
1 3
1 4
1 5
1 6
1 8
1 11
1 12
1 15
1 22
1 26
1 36
1 38
1 41
1 53
1 55
1 65
1 66
1 73
1 74
1 76
1 78
1 83
1 85
1 91
1 99
1 105
1 110
1 119
1 124
1 134
1 166
1 179
1 198
1 210
1 214
1 243
1 249
1 257
1 355
1 395
1 418
1 427
1 498
1 635
1 771
1 786
1 796
1 816
1 894
1 896
1 941
1 948
2 3
2 4
2 8
2 20
2 29
2 34
2 41
2 52
2 61
2 68
2 81
2 83
2 84
2 90
2 92
2 94
2 97
2 100
2 108
2 120
2 125
2 151
2 163
2 168
2 183
2 187
2 188
2 207
2 208
2 215
2 277
2 281
2 324
2 387
2 483
2 492
2 533
2 552
2 591
2 605
2 617
2 642
2 835
2 884
2 898
2 944
3 4
3 6
3 9
3 11
3 14
3 15
3 16
3 18
3 25
3 39
3 52
3 53
3 60
3 68
3 73
3 82
3 90
3 93
3 97
3 99
3 100
3 103
3 107
3 123
3 127
3 128
3 129
3 132
3 136
3 138
3 139
3 147
3 153
3 154
3 155
3 159
3 164
3 169
3 172
3 182
3 193
3 195
3 196
3 198
3 199
3 201
3 223
3 268
3 272
3 315
3 321
3 402
3 471
3 508
3 530
3 588
3 645
3 664
3 695
3 773
3 794
3 868
3 924
3 934
3 956
3 972
3 975
3 994
4 8
4 15
4 17
4 19
4 23
4 32
4 33
4 39
4 45
4 51
4 52
4 55
4 59
4 64
4 65
4 67
4 69
4 72
4 73
4 77
4 82
4 86
4 98
4 103
4 109
4 113
4 124
4 132
4 135
4 148
4 152
4 163
4 166
4 175
4 183
4 185
4 186
4 193
4 197
4 202
4 217
4 234
4 256
4 294
4 312
4 330
4 343
4 367
4 409
4 494
4 531
4 548
4 561
4 577
4 589
4 604
4 665
4 682
4 716
4 718
4 724
4 783
4 789
4 818
4 869
4 882
4 890
4 900
4 989
5 9
5 10
5 21
5 26
5 35
5 58
5 63
5 71
5 77
5 115
5 122
5 150
5 189
5 231
5 261
5 265
5 328
5 333
5 390
5 464
5 532
5 572
5 629
5 657
5 701
5 705
5 714
5 744
5 760
5 795
5 830
5 836
5 865
5 954
5 978
5 24
5 11
5 12
5 30
5 60
5 64
5 131
6 7
6 13
6 24
6 42
6 50
6 58
6 79
6 91
6 101
6 102
6 104
6 112
6 153
6 172
6 173
6 273
6 310
6 373
6 377
6 426
6 430
6 448
6 619
6 630
6 640
6 736
6 810
7 24
7 8
7 9
7 39
7 48
7 73
7 95
7 106
7 118
7 119
7 128
7 201
8 14
8 49
8 86
8 108
8 113
8 158
8 317
8 607
8 631
8 632
8 659
8 722
8 828
8 831
8 853
8 861
8 904
8 952
8 9
8 10
8 22
8 27
8 32
8 38
8 63
8 68
8 70
8 75
8 79
8 107
8 114
8 129
8 135
8 136
8 147
9 114
9 171
9 326
9 502
9 60
9 69
9 75
10 17
10 18
10 21
10 25
10 27
10 33
10 43
10 45
10 66
10 71
10 105
10 115
10 130
10 137
10 152
10 156
10 160
10 161
10 175
10 176
10 177
10 181
10 188
10 199
10 206
10 220
10 229
10 232
10 241
10 248
10 285
10 307
10 314
10 319
10 320
10 337
10 365
10 432
10 442
10 445
10 449
10 478
10 479
10 484
10 514
10 527
10 553
10 554
10 555
10 562
10 569
10 590
10 603
10 608
10 636
10 641
10 676
10 677
10 690
10 697
10 704
10 715
10 767
10 769
10 780
10 782
10 817
10 836
10 889
10 897
10 905
10 909
10 915
10 916
10 939
10 970
10 977
10 983
10 985
10 12
10 13
10 24
10 38
10 49
10 83
10 98
10 123
10 168
11 12
11 16
11 32
11 70
11 142
11 261
11 359
11 579
11 609
11 627
11 650
11 961
11 987
11 14
11 19
11 26
11 31
11 33
11 45
11 52
11 57
11 61
11 63
11 64
11 71
11 76
11 81
11 87
11 89
11 105
11 129
11 153
12 32
12 117
12 122
12 323
12 369
12 467
12 694
12 739
12 823
12 841
12 965
12 13
12 14
12 15
12 18
12 27
12 40
12 44
12 65
12 120
12 137
12 145
13 201
13 101
13 154
14 62
14 178
14 288
14 325
14 327
14 342
14 518
14 683
14 867
14 22
14 29
14 31
14 36
14 58
14 61
14 66
14 127
14 139
14 147
14 186
15 17
15 19
15 22
15 26
15 38
15 44
15 49
15 64
15 97
15 111
15 120
15 131
15 160
15 167
15 216
15 219
15 236
15 237
15 239
15 282
15 283
15 284
15 294
15 313
15 331
15 340
15 370
15 371
15 375
15 382
15 429
15 438
15 473
15 477
15 523
15 529
15 535
15 541
15 566
15 573
15 585
15 620
15 622
15 623
15 625
15 644
15 655
15 673
15 675
15 720
15 721
15 725
15 726
15 728
15 731
15 745
15 765
15 775
15 781
15 792
15 820
15 827
15 833
15 834
15 846
15 856
15 871
15 880
15 887
15 888
15 913
15 919
15 923
15 935
15 968
15 976
15 992
15 996
16 56
17 150
17 167
17 191
17 242
17 399
17 428
17 468
17 481
17 753
17 24
17 21
17 25
17 33
17 38
17 41
17 42
17 46
17 47
17 54
17 59
17 74
17 90
17 98
17 110
17 115
17 117
17 126
17 152
18 25
18 28
18 75
18 91
18 457
18 565
19 24
19 37
19 274
19 383
19 606
19 749
19 887
19 893
20 25
20 31
20 41
20 54
20 88
20 108
20 120
20 124
20 135
20 165
20 177
20 257
20 329
20 345
20 346
20 422
20 436
20 447
20 491
20 510
20 525
20 557
20 593
20 662
20 706
20 717
20 720
20 727
20 803
20 852
20 859
20 877
20 878
20 891
20 902
20 919
21 71
22 167
22 713
22 805
22 25
22 26
22 45
22 47
22 65
22 107
22 122
22 142
22 148
24 30
24 162
24 165
24 240
24 276
24 322
24 791
24 829
24 936
24 982
24 45
24 88
24 96
24 101
25 28
25 31
25 40
25 80
25 89
25 144
25 170
25 260
25 298
25 499
25 35
25 50
25 92
25 114
26 45
26 51
26 61
26 65
26 83
26 225
26 296
26 397
26 455
26 663
26 800
26 930
26 97
27 414
27 581
27 658
27 914
27 73
27 78
27 80
28 29
28 31
28 80
28 286
28 643
29 43
29 78
29 175
30 48
30 146
30 153
30 200
30 730
30 854
30 885
30 94
30 125
31 78
31 89
31 181
31 405
31 680
31 49
31 87
32 56
32 149
32 844
32 85
32 97
33 52
33 57
33 140
33 222
33 290
33 332
33 626
33 639
33 811
33 35
33 50
33 117
34 84
34 87
34 107
34 121
34 141
34 142
34 173
34 299
34 309
34 336
34 368
34 452
34 576
34 611
34 612
34 616
34 689
34 691
34 751
34 784
34 808
34 839
34 925
34 962
35 344
35 42
36 70
36 87
36 187
36 925
36 949
36 990
36 124
37 103
37 338
37 374
37 460
37 847
37 864
37 895
38 68
38 40
38 164
39 42
39 72
39 89
39 96
39 103
40 100
40 151
41 47
41 102
41 126
41 134
41 140
41 156
41 264
41 270
41 380
41 404
41 424
41 425
41 470
41 488
41 505
41 516
41 526
41 536
41 542
41 580
41 809
41 843
41 870
41 945
41 66
41 93
41 111
41 133
41 138
41 152
42 50
42 99
42 195
42 259
42 858
42 67
42 103
42 200
43 46
43 66
44 98
45 77
45 174
45 413
45 441
45 446
45 656
45 668
45 111
46 400
47 94
47 134
48 435
48 666
48 58
48 204
49 120
49 253
49 495
49 746
49 997
49 112
50 94
50 112
50 121
50 204
50 292
50 341
50 637
50 686
50 703
50 719
50 984
50 108
51 174
51 221
51 238
51 761
51 851
51 951
52 76
52 85
52 89
52 82
52 149
53 406
53 456
54 185
55 65
55 116
55 318
55 964
55 203
56 60
56 79
56 98
56 106
56 132
56 171
56 226
56 250
56 336
56 396
56 417
56 485
56 496
56 574
56 602
56 723
56 740
56 754
56 776
56 860
56 866
56 906
56 931
56 957
57 520
57 850
58 63
58 67
58 84
58 101
58 109
58 112
58 114
58 149
58 151
58 179
58 184
58 202
58 209
58 289
58 356
58 443
58 459
58 509
58 511
58 517
58 522
58 546
58 598
58 614
58 755
58 756
58 768
58 772
58 806
58 832
58 840
58 863
58 81
58 195
59 190
59 735
59 799
60 584
60 596
60 768
60 918
60 149
60 193
61 138
61 93
62 872
62 874
63 280
63 712
64 362
64 437
64 482
64 653
64 732
64 75
65 123
65 160
65 363
65 421
65 519
65 563
65 571
65 738
65 793
65 77
65 104
66 75
66 156
66 398
66 453
66 458
67 154
67 838
67 146
68 388
68 419
68 444
68 461
68 526
68 575
68 633
68 878
68 883
68 907
68 938
69 145
70 107
70 182
70 350
70 729
70 85
70 130
71 111
71 178
71 182
71 228
71 247
71 262
71 282
71 291
71 302
71 303
71 316
71 364
71 408
71 441
71 624
71 692
71 702
71 798
71 876
71 927
71 944
71 981
71 993
71 120
72 748
72 87
72 133
73 93
73 98
73 114
73 119
73 266
73 651
73 652
73 678
73 688
73 763
73 824
73 973
73 74
73 123
74 129
74 750
74 911
74 104
74 124
74 153
75 133
75 184
75 194
75 203
75 431
75 439
75 539
75 681
75 684
75 770
75 779
75 815
75 821
75 845
75 879
75 932
75 99
76 128
76 188
76 194
77 138
77 235
77 246
77 267
77 814
77 819
78 148
79 136
79 80
80 175
80 475
80 801
81 105
81 654
81 837
81 113
81 117
81 132
82 186
82 91
83 145
83 912
84 127
84 570
85 423
86 613
86 687
87 180
87 224
87 300
87 311
87 354
87 360
87 379
87 392
87 415
87 450
87 592
87 601
87 759
87 908
87 929
87 947
88 165
89 742
91 101
91 102
91 106
91 144
91 162
91 176
91 202
91 227
91 240
91 279
91 297
91 353
91 366
91 372
91 376
91 378
91 380
91 385
91 393
91 487
91 515
91 540
91 649
91 698
91 734
91 737
91 762
91 787
91 788
91 790
91 802
91 813
91 858
91 862
91 917
91 921
91 933
91 942
91 971
92 416
92 128
93 764
93 130
94 110
94 129
94 213
94 218
94 244
94 451
94 476
94 547
94 567
94 594
94 669
94 766
94 842
94 855
94 875
94 959
94 991
94 127
96 102
97 225
97 966
98 304
100 349
100 352
100 512
100 538
100 556
100 583
100 648
100 711
100 807
100 892
100 901
100 986
100 994
101 104
101 169
101 230
101 357
101 407
101 528
101 578
101 797
102 144
102 162
102 389
103 113
103 301
103 358
103 420
103 434
103 537
103 660
104 141
104 287
104 926
104 958
105 233
105 351
105 469
105 524
105 560
105 757
105 870
105 963
105 983
106 489
106 490
106 618
106 173
107 204
107 940
107 942
107 953
107 140
108 139
108 466
108 696
108 873
108 110
109 121
109 141
109 335
109 472
109 543
110 672
111 550
111 743
111 916
112 162
112 391
112 804
112 826
113 131
113 186
113 303
113 774
114 147
114 151
114 245
114 263
114 412
114 474
114 504
114 685
114 822
114 857
114 950
114 122
115 205
115 278
115 319
115 476
115 493
115 500
115 507
115 513
115 517
115 558
115 568
115 615
115 638
115 646
115 671
115 708
115 886
115 955
115 967
115 979
115 988
115 998
116 118
116 600
117 142
118 305
119 361
119 621
119 670
119 999
120 164
120 249
120 293
120 586
120 758
121 396
121 480
121 501
122 169
123 194
123 339
123 411
123 462
123 700
123 741
123 752
124 211
124 306
124 403
124 521
124 610
124 903
124 928
124 946
125 154
125 187
125 295
125 401
125 410
125 848
125 974
127 825
128 166
129 275
129 486
129 777
132 149
132 534
134 710
134 995
134 176
135 454
135 595
135 910
135 151
136 377
136 440
138 145
138 503
139 271
140 386
140 465
140 679
140 177
141 190
141 348
141 580
141 628
141 667
142 266
142 308
142 733
142 920
142 943
144 192
144 384
144 709
144 969
144 189
145 881
145 159
146 564
146 162
146 180
147 347
147 647
147 150
148 189
148 194
148 506
148 699
148 707
149 168
149 252
149 544
149 634
149 661
149 747
149 778
149 849
149 155
150 559
150 785
151 155
151 258
151 304
152 160
152 197
152 535
152 587
153 201
153 254
153 497
153 693
153 960
154 169
154 381
158 196
166 183
167 174
174 191
178 182
