0 1
0 2
0 3
0 4
0 5
0 9
0 13
0 19
0 34
0 45
0 47
0 55
0 65
0 68
0 76
0 88
0 91
0 97
0 102
0 107
0 144
0 146
0 158
0 161
0 167
0 180
0 187
0 191
0 197
0 199
0 203
0 206
0 263
0 316
0 375
0 407
0 428
0 508
0 593
0 606
0 669
0 679
0 742
0 777
0 815
0 855
0 903
1 2
1 3
1 4
1 5
1 8
1 10
1 20
1 22
1 26
1 32
1 47
1 55
1 73
1 77
1 78
1 82
1 84
1 89
1 90
1 96
1 106
1 108
1 115
1 120
1 135
1 142
1 143
1 151
1 156
1 159
1 166
1 167
1 172
1 177
1 182
1 194
1 199
1 268
1 283
1 294
1 322
1 324
1 346
1 369
1 385
1 489
1 504
1 532
1 549
1 676
1 826
1 874
1 884
1 905
1 911
2 3
2 4
2 5
2 6
2 7
2 12
2 13
2 17
2 26
2 34
2 64
2 68
2 71
2 87
2 105
2 112
2 126
2 138
2 146
2 147
2 153
2 160
2 165
2 192
2 198
2 199
2 201
2 204
2 217
2 230
2 253
2 343
2 364
2 391
2 444
2 574
2 736
2 747
2 822
2 910
2 942
3 4
3 5
3 8
3 9
3 10
3 13
3 15
3 16
3 18
3 24
3 29
3 31
3 34
3 37
3 41
3 44
3 46
3 53
3 67
3 74
3 75
3 79
3 80
3 84
3 93
3 96
3 101
3 109
3 110
3 111
3 120
3 123
3 127
3 130
3 131
3 133
3 139
3 140
3 142
3 143
3 147
3 151
3 153
3 154
3 155
3 163
3 166
3 170
3 172
3 180
3 182
3 193
3 204
3 221
3 274
3 281
3 299
3 323
3 329
3 332
3 340
3 377
3 381
3 428
3 447
3 466
3 572
3 688
3 765
3 816
3 820
3 821
3 839
3 852
3 867
3 896
3 941
3 964
3 974
3 995
4 5
4 6
4 9
4 10
4 12
4 18
4 20
4 21
4 22
4 31
4 36
4 38
4 47
4 49
4 50
4 51
4 59
4 75
4 82
4 83
4 96
4 99
4 100
4 122
4 123
4 130
4 132
4 155
4 160
4 169
4 170
4 172
4 191
4 193
4 196
4 244
4 282
4 300
4 372
4 380
4 446
4 516
4 581
4 608
4 643
4 650
4 663
4 717
4 720
4 722
4 725
4 869
4 886
4 898
4 915
4 926
4 952
5 20
5 28
5 37
5 44
5 46
5 49
5 54
5 58
5 69
5 78
5 88
5 90
5 106
5 109
5 117
5 127
5 133
5 134
5 135
5 146
5 170
5 175
5 277
5 408
5 423
5 456
5 485
5 489
5 640
5 661
5 666
5 797
5 847
5 862
5 891
5 988
6 12
6 15
6 29
6 38
6 57
6 62
6 111
6 124
6 203
6 227
6 307
6 344
6 359
6 367
6 378
6 418
6 424
6 432
6 496
6 511
6 587
6 635
6 787
6 843
6 984
7 11
7 20
7 92
7 139
7 158
7 212
7 415
7 482
7 491
7 561
7 603
7 667
7 775
7 784
7 833
7 909
7 959
7 71
7 8
7 9
7 14
7 15
7 56
7 64
7 76
7 145
8 9
8 14
8 43
8 48
8 75
8 136
8 173
8 245
8 459
8 719
8 824
8 948
8 33
8 59
8 115
8 144
9 10
9 11
9 14
9 17
9 18
9 21
9 23
9 27
9 36
9 42
9 45
9 50
9 60
9 66
9 72
9 78
9 85
9 86
9 113
9 125
9 128
9 163
9 164
9 178
9 181
9 185
9 202
9 214
9 223
9 233
9 234
9 242
9 247
9 250
9 270
9 273
9 289
9 303
9 311
9 321
9 348
9 373
9 374
9 395
9 414
9 448
9 456
9 477
9 509
9 518
9 521
9 523
9 525
9 585
9 596
9 597
9 607
9 631
9 634
9 645
9 653
9 673
9 683
9 706
9 707
9 713
9 730
9 732
9 737
9 749
9 751
9 753
9 762
9 768
9 783
9 795
9 812
9 829
9 836
9 842
9 844
9 863
9 878
9 890
9 912
9 913
9 916
9 921
9 922
9 933
9 947
9 961
9 971
9 973
9 975
9 992
9 997
9 13
10 11
10 17
10 24
10 27
10 28
10 36
10 74
10 85
10 120
10 208
10 214
10 222
10 308
10 411
10 600
10 689
10 715
10 761
10 778
10 876
10 925
10 71
10 18
10 29
10 38
10 42
10 62
10 67
10 150
11 30
11 39
11 52
11 88
11 108
11 114
11 121
11 127
11 142
11 176
11 184
11 215
11 226
11 243
11 290
11 296
11 320
11 383
11 427
11 430
11 443
11 462
11 528
11 583
11 589
11 664
11 704
11 708
11 750
11 814
11 828
11 883
11 887
11 892
11 953
11 999
11 71
11 13
11 20
11 24
11 51
11 55
11 77
11 95
12 15
12 29
12 62
12 118
12 197
12 205
12 220
12 229
12 248
12 401
12 434
12 451
12 711
12 739
12 740
12 817
12 198
13 934
13 71
13 22
13 24
13 45
13 47
13 94
13 104
13 149
14 460
14 69
14 133
15 16
15 313
15 628
15 813
15 71
15 17
15 20
15 103
15 133
16 90
16 94
16 104
16 107
16 112
16 115
16 254
16 347
16 358
16 372
16 389
16 400
16 440
16 515
16 544
16 547
16 582
16 586
16 590
16 591
16 616
16 639
16 658
16 680
16 695
16 702
16 726
16 764
16 770
16 774
16 786
16 809
16 848
16 965
16 966
16 969
16 71
16 21
16 148
16 199
17 436
17 595
17 31
17 34
17 40
17 47
17 49
17 53
17 60
17 61
17 74
17 86
17 96
17 103
17 144
17 151
17 155
18 19
18 165
18 190
18 755
18 71
18 46
19 25
19 41
19 42
19 43
19 57
19 58
19 69
19 100
19 124
19 143
19 149
19 168
19 171
19 173
19 174
19 186
19 196
19 205
19 219
19 225
19 236
19 237
19 241
19 252
19 257
19 266
19 267
19 280
19 300
19 301
19 325
19 350
19 368
19 399
19 412
19 442
19 445
19 458
19 469
19 472
19 480
19 543
19 546
19 571
19 642
19 674
19 711
19 718
19 724
19 769
19 801
19 804
19 827
19 830
19 846
19 854
19 868
19 870
19 875
19 888
19 908
19 923
19 940
20 30
20 32
20 39
20 44
20 51
20 77
20 80
20 92
20 108
20 139
20 169
20 176
20 218
20 328
20 384
20 393
20 404
20 449
20 457
20 467
20 478
20 497
20 520
20 569
20 615
20 682
20 684
20 766
20 840
20 861
20 979
20 25
20 48
20 57
20 67
20 68
20 72
20 83
20 130
20 132
20 143
22 31
22 33
22 64
22 67
22 116
22 894
22 23
22 35
22 81
22 89
23 95
23 39
23 71
23 73
23 93
23 147
24 27
24 92
25 35
25 41
25 284
25 370
25 383
25 578
25 609
25 683
25 792
25 796
25 871
25 71
26 42
26 79
26 124
26 126
26 149
26 198
26 309
26 360
26 398
26 417
26 420
26 471
26 474
26 484
26 493
26 495
26 499
26 584
26 619
26 656
26 693
26 823
26 825
26 834
26 835
26 850
26 856
26 906
26 918
26 929
26 968
26 980
26 981
27 103
28 131
28 216
28 330
28 651
28 902
28 71
29 107
29 231
29 265
29 379
29 455
29 503
29 527
29 535
29 565
29 598
29 633
29 735
29 951
29 121
30 73
30 184
30 772
30 950
30 201
31 33
31 56
31 71
31 97
31 122
31 132
31 141
31 157
31 183
31 276
31 435
31 437
31 533
31 540
31 613
31 652
31 788
31 845
31 851
32 40
32 44
32 51
32 615
32 677
32 986
33 183
33 78
34 56
34 94
34 115
34 117
34 132
34 148
34 152
34 183
34 187
34 194
34 224
34 304
34 314
34 392
34 396
34 433
34 494
34 526
34 545
34 550
34 594
34 620
34 657
34 689
34 705
34 752
34 756
34 802
34 831
34 920
34 972
34 976
34 998
34 80
35 944
35 39
35 87
35 108
36 61
36 141
36 421
36 872
36 161
37 468
38 111
38 195
38 205
38 490
38 539
38 641
38 654
38 728
38 738
38 748
38 910
38 41
39 40
39 249
39 336
39 394
39 450
39 541
39 625
39 955
39 48
39 70
39 94
39 117
39 119
39 134
39 137
39 184
40 52
40 99
40 260
40 286
40 927
41 140
41 136
41 138
42 53
42 138
42 291
42 492
42 506
42 638
42 935
43 134
43 901
43 71
43 73
43 78
44 74
44 77
44 82
44 121
44 142
44 178
44 188
44 207
44 262
44 318
44 326
44 481
44 500
44 513
44 603
44 648
44 672
44 729
44 745
44 759
44 799
44 838
44 865
44 879
44 895
44 962
45 56
45 70
45 71
45 189
45 339
45 429
45 453
45 533
45 557
45 574
45 592
45 602
45 627
45 647
45 668
45 694
45 733
45 760
45 889
45 957
46 53
46 110
46 114
46 153
46 655
46 660
46 832
46 890
46 149
46 180
47 553
47 810
47 982
48 65
48 89
48 108
48 120
48 134
48 140
49 68
49 285
49 406
49 686
49 67
49 122
49 123
50 54
50 58
50 81
50 800
50 938
50 71
50 111
51 155
51 176
51 502
51 551
51 577
51 808
51 52
51 123
51 135
52 98
52 162
52 465
52 570
52 692
52 704
52 716
52 734
52 991
52 78
53 60
53 63
53 81
53 128
53 210
53 235
53 365
53 366
53 888
54 604
54 204
55 419
56 338
56 446
56 617
56 819
56 924
56 985
56 98
56 114
57 287
57 319
57 782
57 99
58 238
58 767
58 185
60 670
60 916
61 646
61 189
62 76
62 327
62 376
62 439
62 562
62 621
62 937
63 84
63 185
63 190
64 240
64 255
64 441
64 881
64 907
65 698
65 793
65 996
67 144
67 194
67 271
67 306
67 422
67 512
67 914
67 104
68 137
68 177
68 486
68 573
68 575
68 624
68 630
68 773
68 880
68 899
68 99
68 125
68 138
69 149
69 186
69 510
69 579
70 696
70 896
71 94
71 209
71 73
71 111
71 147
71 151
72 208
73 98
73 427
73 454
73 507
73 681
73 75
73 80
73 86
73 101
73 152
74 125
74 904
74 135
75 168
75 200
75 345
75 447
76 709
76 85
77 564
77 687
77 806
78 161
78 182
78 644
78 943
78 179
79 112
79 211
79 256
79 270
79 279
79 475
79 555
79 616
79 685
79 699
79 712
79 714
79 731
79 741
79 743
79 744
79 798
79 803
79 858
79 970
80 382
80 129
81 122
81 181
82 464
82 531
82 636
82 960
83 129
84 397
84 994
85 386
85 853
85 946
86 117
89 188
89 818
89 116
90 232
90 246
90 351
90 536
91 852
91 162
92 452
92 837
92 149
94 104
94 116
94 425
94 483
94 690
94 811
95 264
95 356
95 538
95 626
95 794
95 900
95 102
96 409
96 473
97 115
97 125
97 145
97 195
97 269
97 275
97 293
97 298
97 512
97 517
97 542
97 554
97 559
97 605
97 671
97 691
97 697
97 701
97 746
97 780
97 849
97 864
97 873
97 978
97 191
99 703
99 776
99 885
99 100
100 119
100 109
101 335
101 141
102 106
102 163
102 182
102 295
102 413
102 623
102 928
104 990
107 259
108 568
108 155
109 228
109 505
110 371
111 334
111 438
111 537
111 662
111 721
111 785
112 117
112 317
112 353
112 514
114 444
114 710
114 993
115 183
115 302
115 522
115 548
115 567
115 791
115 857
115 936
115 956
116 179
116 386
116 479
116 529
116 610
116 612
116 643
116 665
116 848
116 859
117 151
117 361
117 426
117 700
117 727
117 130
119 470
119 519
119 614
119 789
119 931
120 137
120 530
120 659
121 331
121 779
122 341
122 501
122 601
122 807
122 919
122 949
122 967
122 987
122 157
122 194
123 130
123 132
123 157
123 305
123 317
123 342
123 349
123 355
123 416
123 534
123 566
123 611
123 632
123 675
123 893
123 939
123 150
123 152
124 197
124 352
124 431
124 451
124 599
124 945
124 977
125 136
125 200
125 272
125 297
125 354
125 463
125 805
125 897
125 954
126 150
126 171
126 174
126 203
126 337
126 172
127 152
128 556
130 312
130 333
131 315
131 363
131 402
131 405
131 487
131 498
131 524
131 637
131 649
131 678
131 781
131 877
132 144
132 282
132 310
132 548
132 790
132 841
133 251
134 136
134 149
134 388
134 476
134 558
134 622
134 723
134 758
134 763
134 917
134 181
135 136
136 239
136 460
136 580
137 387
137 757
137 771
139 288
139 402
139 410
139 930
140 390
141 213
141 560
141 932
141 983
141 989
141 167
142 258
143 145
145 563
145 175
148 261
149 292
151 461
151 726
151 754
151 866
152 162
152 357
152 403
152 405
152 576
152 588
152 629
152 860
152 958
152 963
153 362
153 488
153 523
153 618
153 882
154 278
155 552
195 196
