0 1
0 2
0 3
0 4
0 5
0 8
0 9
0 11
0 13
0 14
0 25
0 29
0 30
0 34
0 37
0 42
0 43
0 45
0 48
0 54
0 56
0 59
0 62
0 67
0 68
0 73
0 80
0 88
0 94
0 97
0 99
0 107
0 113
0 117
0 122
0 124
0 129
0 131
0 132
0 133
0 135
0 137
0 140
0 152
0 153
0 154
0 165
0 166
0 173
0 179
0 181
0 182
0 183
0 192
0 193
0 197
0 199
0 201
0 204
0 298
0 300
0 309
0 357
0 396
0 414
0 444
0 454
0 455
0 456
0 465
0 498
0 504
0 507
0 531
0 548
0 573
0 589
0 655
0 719
0 721
0 765
0 766
0 772
0 803
0 835
0 865
0 866
0 899
0 904
0 959
0 998
1 2
1 3
1 4
1 8
1 20
1 34
1 44
1 52
1 53
1 59
1 60
1 72
1 87
1 90
1 104
1 113
1 135
1 147
1 158
1 174
1 203
1 225
1 310
1 368
1 606
1 654
1 778
1 956
2 3
2 4
2 7
2 9
2 17
2 19
2 22
2 26
2 27
2 36
2 38
2 39
2 51
2 53
2 54
2 56
2 63
2 69
2 77
2 92
2 94
2 102
2 105
2 112
2 113
2 122
2 132
2 134
2 139
2 143
2 146
2 156
2 157
2 158
2 161
2 167
2 171
2 184
2 236
2 246
2 277
2 408
2 421
2 457
2 469
2 484
2 543
2 554
2 629
2 647
2 663
2 668
2 704
2 757
2 775
2 824
2 834
2 967
2 990
3 4
3 8
3 9
3 13
3 18
3 24
3 27
3 44
3 46
3 52
3 70
3 77
3 78
3 89
3 99
3 104
3 109
3 114
3 134
3 151
3 154
3 161
3 173
3 174
3 175
3 185
3 187
3 233
3 352
3 571
3 612
3 619
3 736
3 741
3 813
3 852
3 885
3 910
4 5
4 9
4 10
4 11
4 13
4 15
4 16
4 37
4 39
4 41
4 49
4 50
4 67
4 74
4 75
4 76
4 80
4 85
4 86
4 88
4 102
4 110
4 112
4 114
4 119
4 125
4 127
4 137
4 138
4 140
4 150
4 154
4 155
4 161
4 173
4 177
4 180
4 186
4 194
4 195
4 231
4 291
4 293
4 301
4 360
4 430
4 474
4 510
4 516
4 524
4 544
4 577
4 579
4 585
4 595
4 597
4 621
4 622
4 657
4 662
4 700
4 712
4 724
4 830
4 913
4 945
4 970
4 971
4 976
4 984
5 6
5 12
5 23
5 63
5 65
5 114
5 222
5 550
5 561
5 590
5 659
5 715
5 46
5 7
5 8
5 13
5 14
5 94
5 150
6 10
6 23
6 65
6 95
6 141
6 312
6 323
6 488
6 519
6 537
6 565
6 593
6 672
6 955
7 41
7 283
7 46
7 8
7 11
7 14
7 16
7 20
7 22
7 35
7 37
7 56
7 60
7 69
7 90
7 91
7 113
7 129
8 10
8 30
8 39
8 60
8 61
8 164
8 413
8 13
8 16
8 67
9 21
9 157
9 172
9 390
9 463
9 938
10 12
10 23
10 29
10 30
10 38
10 39
10 60
10 61
10 73
10 75
10 77
10 88
10 106
10 117
10 120
10 122
10 214
10 218
10 247
10 259
10 280
10 336
10 363
10 391
10 401
10 475
10 525
10 539
10 558
10 617
10 676
10 697
10 707
10 716
10 737
10 762
10 799
10 827
10 843
10 848
10 850
10 851
10 894
10 898
10 925
10 46
10 36
10 112
11 15
11 21
11 28
11 35
11 37
11 46
11 64
11 68
11 87
11 91
11 109
11 112
11 127
11 150
11 186
11 187
11 354
11 384
11 478
11 512
11 527
11 567
11 580
11 594
11 611
11 623
11 759
11 809
11 856
11 877
11 922
12 20
12 21
12 35
12 40
12 50
12 74
12 96
12 116
12 130
12 136
12 147
12 180
12 206
12 227
12 250
12 294
12 296
12 305
12 326
12 351
12 374
12 426
12 429
12 431
12 442
12 451
12 459
12 460
12 493
12 514
12 515
12 526
12 528
12 532
12 541
12 584
12 600
12 641
12 644
12 646
12 684
12 685
12 720
12 723
12 739
12 826
12 832
12 855
12 861
12 893
12 934
12 935
12 942
12 949
12 950
12 972
13 14
13 16
13 22
13 26
13 36
13 170
13 224
13 253
13 267
13 302
13 303
13 318
13 339
13 448
13 581
13 624
13 881
13 963
13 54
13 55
13 93
14 16
14 17
14 18
14 98
14 192
14 299
14 435
14 438
14 536
14 640
14 692
14 773
14 841
14 36
14 46
15 235
15 46
15 20
15 21
15 22
15 28
15 32
15 33
15 40
15 44
15 48
15 49
15 55
15 58
15 59
15 73
15 74
15 89
15 100
15 102
15 104
15 120
15 123
15 144
15 148
16 25
16 49
16 190
16 389
16 613
16 670
16 751
16 34
16 54
16 69
16 88
16 115
16 137
17 42
17 84
17 189
17 289
17 560
17 569
17 760
17 929
17 989
18 26
18 32
18 42
18 67
18 84
18 152
18 202
18 207
18 219
18 260
18 292
18 461
18 462
18 738
18 794
18 801
18 831
18 878
18 46
18 37
20 22
20 50
20 89
20 115
20 149
20 400
20 517
20 873
20 892
20 907
20 964
20 25
20 27
20 34
20 39
20 43
20 46
20 60
20 77
20 79
20 93
20 95
20 133
20 143
21 64
21 143
21 176
21 333
21 378
21 418
21 564
21 667
21 722
21 731
21 746
21 768
21 795
21 915
21 928
21 986
21 46
21 45
21 81
21 83
21 107
21 146
21 201
22 50
22 51
22 98
22 132
22 153
22 178
22 258
22 356
22 359
22 395
22 528
22 545
22 609
22 776
22 817
22 860
22 884
22 897
22 979
22 46
22 40
22 62
22 151
23 35
23 65
23 81
23 325
23 730
24 31
24 32
24 85
24 115
24 163
24 279
24 289
24 428
24 437
24 445
24 480
24 598
24 664
24 673
24 696
24 756
24 786
24 789
24 802
24 995
25 29
25 33
25 35
25 40
25 47
25 80
25 96
25 100
25 133
25 139
25 144
25 177
25 205
25 211
25 244
25 341
25 345
25 360
25 439
25 473
25 555
25 562
25 563
25 592
25 632
25 674
25 732
25 740
25 777
25 814
25 886
25 895
25 930
25 951
25 982
25 996
26 182
26 261
26 337
26 366
26 506
27 605
27 687
27 770
27 29
27 58
27 61
27 72
27 127
27 182
28 46
28 57
28 66
28 121
28 200
28 212
28 255
28 282
28 330
28 392
28 491
28 615
28 689
28 792
28 845
28 849
28 900
28 948
28 973
28 993
29 45
29 73
29 99
29 240
29 315
29 334
29 602
29 992
29 80
29 81
29 155
30 78
30 90
30 679
30 710
30 742
31 108
31 136
31 387
31 703
32 574
32 694
32 819
32 962
32 35
32 64
32 68
32 75
33 74
33 118
33 128
33 134
34 54
34 61
34 93
34 229
34 838
34 98
35 104
35 148
35 155
35 175
35 188
35 410
35 452
35 639
35 694
35 736
35 743
35 132
36 47
36 56
36 115
36 130
36 154
36 197
36 216
36 220
36 230
36 239
36 288
36 331
36 342
36 344
36 502
36 503
36 521
36 556
36 627
36 656
36 671
36 698
36 704
36 729
36 784
36 853
36 882
36 940
36 983
36 63
36 101
36 124
37 58
37 79
37 388
37 394
37 434
37 446
37 682
37 699
37 812
37 868
37 936
37 83
37 100
37 117
37 126
38 377
38 941
39 71
39 81
39 97
39 245
39 276
39 471
39 501
39 46
39 79
39 112
40 180
40 154
41 81
41 88
41 141
41 193
41 340
41 382
41 479
41 483
41 518
41 570
41 638
41 771
41 796
41 980
41 991
41 202
42 405
42 522
42 173
43 79
43 86
43 127
43 159
43 176
43 199
43 332
43 407
43 572
43 596
43 635
43 754
43 797
43 818
43 900
43 921
44 338
44 871
45 78
45 116
45 542
45 997
46 113
46 142
46 151
46 186
46 268
46 273
46 284
46 508
46 734
46 749
46 761
46 779
46 857
46 52
46 71
46 87
46 106
46 109
46 114
46 121
46 135
46 138
47 52
47 181
47 242
47 313
47 367
47 630
48 55
48 92
48 245
48 470
48 588
48 822
48 198
48 200
49 163
49 285
49 373
49 582
49 608
49 616
49 794
49 999
49 50
49 90
50 101
50 346
50 447
50 664
50 883
50 919
51 108
51 553
51 890
52 170
52 554
52 680
52 889
52 946
53 96
53 107
53 304
53 385
53 415
53 416
53 477
53 601
53 780
54 55
54 56
54 68
54 70
54 75
54 90
54 263
54 266
54 417
54 485
54 67
55 126
55 297
55 833
55 80
55 84
56 62
56 97
56 108
56 143
56 147
56 162
56 203
56 208
56 234
56 305
56 343
56 372
56 409
56 443
56 458
56 481
56 486
56 489
56 497
56 591
56 631
56 644
56 709
56 747
56 783
56 837
56 840
56 864
56 867
56 869
56 961
56 966
56 971
56 131
56 148
58 145
58 347
58 64
58 81
58 135
58 151
59 99
59 119
59 457
59 575
59 791
60 140
60 427
60 618
60 879
60 66
60 110
60 150
61 71
61 164
61 252
61 628
61 677
61 987
61 145
61 184
62 160
62 87
63 896
63 98
64 68
64 82
64 161
64 174
64 146
65 369
65 499
66 634
66 108
66 195
67 131
67 183
67 249
68 79
68 91
68 109
68 126
68 184
68 223
68 275
68 370
68 424
68 450
68 472
68 530
68 547
68 559
68 617
68 648
68 693
68 713
68 787
68 807
68 836
68 839
68 880
68 911
68 160
69 398
69 440
69 735
69 933
69 169
70 308
71 73
71 78
71 104
71 140
73 399
73 82
73 87
73 110
74 232
74 248
74 420
74 495
74 626
74 675
74 681
74 728
74 887
74 932
74 118
75 102
75 215
75 290
75 422
75 490
75 669
75 690
75 917
76 604
77 100
77 106
77 119
77 286
77 610
77 872
78 100
78 111
78 274
78 316
78 505
78 533
78 961
78 977
79 156
79 179
79 576
79 645
79 725
80 83
80 119
81 116
81 118
81 120
81 144
81 146
81 196
81 198
81 403
81 412
81 468
81 476
81 525
81 529
81 540
81 566
81 643
81 691
81 739
81 774
81 800
81 816
81 905
81 920
81 926
81 927
81 947
81 952
81 968
82 91
82 169
82 319
82 348
82 578
82 179
86 129
86 142
86 317
86 365
86 821
86 839
87 91
87 128
87 228
87 527
87 139
88 335
88 379
88 658
88 808
89 257
89 271
89 649
89 661
89 906
90 118
90 891
91 103
91 105
91 110
91 142
91 383
91 441
91 727
92 160
92 666
92 764
92 823
94 806
94 894
94 167
96 153
96 178
96 307
96 358
96 362
96 389
96 428
96 451
96 511
96 601
96 755
96 815
96 870
96 876
96 903
96 918
96 958
96 975
96 978
96 172
97 138
97 226
97 320
97 322
97 466
97 954
98 99
99 168
99 419
99 464
99 568
99 901
99 181
99 189
100 107
100 123
100 181
100 191
100 209
100 376
100 381
100 523
100 785
100 842
100 847
100 902
100 103
100 124
100 133
100 149
101 386
101 116
102 355
102 404
102 406
102 487
102 748
102 798
102 937
103 596
103 909
103 953
103 186
104 494
104 509
105 145
106 133
106 148
106 168
106 200
106 241
106 283
106 551
106 782
107 166
107 172
108 287
108 944
109 128
109 129
109 295
109 482
109 534
109 546
109 614
109 702
109 706
109 753
109 769
109 910
109 924
109 943
109 994
109 147
110 137
110 960
110 965
111 375
111 701
112 187
112 188
112 221
112 270
112 272
112 361
112 364
112 393
112 425
112 449
112 549
112 686
112 705
112 711
112 804
112 825
112 845
112 862
112 888
112 908
112 939
112 943
112 988
112 115
112 161
113 269
113 311
113 371
113 788
114 254
114 587
114 650
114 844
114 914
115 251
115 324
115 125
116 146
116 243
116 278
116 513
116 620
116 665
116 832
116 985
118 433
118 781
118 974
119 281
119 349
119 492
119 793
120 162
120 213
120 774
120 820
120 858
120 912
120 931
121 180
122 552
122 775
122 859
125 149
125 306
125 861
126 162
126 633
127 397
128 402
128 500
128 726
128 969
128 137
129 210
129 327
129 763
129 175
129 176
130 217
130 264
130 538
130 875
130 178
132 981
133 642
133 683
134 314
134 321
134 350
134 423
134 432
134 436
134 636
134 745
134 874
135 256
135 957
136 165
138 443
138 767
139 583
139 168
140 651
140 717
141 265
141 854
143 149
143 217
143 625
143 652
145 535
145 660
146 846
147 262
147 328
147 467
147 520
147 733
147 752
147 790
147 811
148 238
148 353
148 496
148 828
149 356
149 678
149 750
149 810
149 829
150 586
150 187
151 330
151 603
152 653
152 916
153 223
153 339
153 380
153 405
153 411
153 557
153 574
153 599
153 607
153 637
153 688
153 695
153 708
153 714
153 718
153 726
153 744
153 758
153 805
153 863
153 923
154 201
154 237
154 329
154 453
163 183
