0 1
0 2
0 3
0 4
0 5
0 7
0 17
0 39
0 51
0 59
0 82
0 91
0 104
0 106
0 111
0 120
0 121
0 125
0 136
0 160
0 177
0 183
0 187
0 189
0 202
0 232
0 264
0 285
0 323
0 349
0 381
0 391
0 439
0 444
0 587
0 637
0 812
0 821
0 873
0 958
0 970
0 994
1 2
1 3
1 4
1 5
1 6
1 8
1 11
1 14
1 16
1 19
1 21
1 23
1 27
1 29
1 34
1 44
1 49
1 54
1 58
1 63
1 67
1 76
1 80
1 81
1 86
1 89
1 101
1 118
1 119
1 127
1 132
1 138
1 139
1 152
1 155
1 163
1 165
1 166
1 170
1 171
1 172
1 175
1 193
1 199
1 201
1 231
1 278
1 293
1 357
1 395
1 458
1 483
1 515
1 525
1 583
1 663
1 678
1 690
1 718
1 728
1 733
1 754
1 784
1 887
1 903
1 979
2 3
2 4
2 5
2 7
2 8
2 10
2 12
2 13
2 26
2 27
2 32
2 33
2 42
2 49
2 52
2 55
2 63
2 70
2 84
2 91
2 93
2 105
2 107
2 108
2 113
2 117
2 123
2 126
2 129
2 143
2 144
2 147
2 148
2 149
2 177
2 197
2 200
2 373
2 384
2 449
2 459
2 505
2 511
2 523
2 589
2 610
2 614
2 671
2 691
2 745
2 805
2 860
2 890
2 960
2 964
2 971
3 4
3 5
3 8
3 14
3 15
3 18
3 36
3 39
3 53
3 55
3 62
3 72
3 73
3 89
3 90
3 91
3 107
3 111
3 124
3 137
3 141
3 142
3 144
3 168
3 191
3 225
3 317
3 364
3 473
3 475
3 490
3 497
3 516
3 641
3 642
3 687
3 740
3 808
3 834
3 840
3 854
3 933
3 968
4 5
4 11
4 13
4 23
4 25
4 33
4 40
4 45
4 54
4 77
4 81
4 107
4 108
4 120
4 121
4 122
4 134
4 163
4 164
4 171
4 183
4 212
4 308
4 312
4 433
4 453
4 529
4 546
4 638
4 660
4 827
4 871
4 916
4 925
5 6
5 12
5 30
5 34
5 40
5 41
5 61
5 63
5 72
5 82
5 84
5 89
5 101
5 127
5 129
5 142
5 152
5 156
5 157
5 160
5 162
5 167
5 224
5 277
5 313
5 482
5 488
5 590
5 596
5 621
5 735
5 781
5 782
5 795
5 839
5 896
5 947
5 954
6 9
6 15
6 17
6 25
6 52
6 128
6 185
6 203
6 393
6 547
6 633
7 9
7 814
8 13
8 19
8 46
8 58
8 89
8 108
8 109
8 161
8 276
8 296
8 315
8 356
8 639
8 746
8 772
8 775
8 966
8 10
8 43
8 33
8 11
8 15
8 21
8 32
8 40
8 75
8 145
8 146
8 150
9 15
9 17
9 21
9 22
9 145
9 185
9 342
9 409
9 559
9 670
9 789
10 14
10 29
10 99
10 102
10 116
10 127
10 146
10 240
10 262
10 266
10 447
10 550
10 668
10 682
10 718
10 872
10 969
10 984
10 43
10 33
10 129
10 16
10 17
10 20
10 23
10 31
10 32
10 38
10 54
10 58
10 63
10 68
10 74
10 91
10 92
10 94
10 100
10 118
10 119
10 147
11 23
11 62
11 83
11 95
11 103
11 630
11 634
11 43
11 19
11 26
11 52
11 54
11 73
11 78
11 122
12 16
12 18
12 51
12 102
12 705
12 895
12 959
12 33
12 40
12 43
12 151
13 30
13 35
13 47
13 57
13 129
13 174
13 265
13 383
13 405
13 593
13 620
13 783
13 815
13 844
13 858
14 27
14 28
14 42
14 153
14 158
14 176
14 272
14 435
14 457
14 539
14 552
14 572
14 573
14 586
14 591
14 647
14 770
14 865
15 22
15 200
15 203
15 248
15 366
15 561
15 722
15 765
15 33
16 20
16 32
16 362
16 25
17 19
17 24
17 26
17 30
17 31
17 35
17 38
17 41
17 43
17 46
17 80
17 96
17 100
17 106
17 123
17 125
17 128
17 145
17 167
17 202
17 227
17 255
17 294
17 305
17 329
17 330
17 334
17 380
17 385
17 386
17 389
17 441
17 474
17 481
17 486
17 498
17 502
17 532
17 541
17 556
17 594
17 598
17 603
17 604
17 617
17 629
17 649
17 651
17 659
17 700
17 725
17 729
17 739
17 749
17 776
17 777
17 779
17 788
17 794
17 802
17 845
17 909
17 914
17 915
17 939
17 977
17 982
17 986
17 33
17 18
17 22
17 151
18 20
18 78
18 135
18 908
18 33
18 64
18 67
18 94
19 47
19 97
19 159
20 23
20 51
20 78
20 222
20 247
20 287
20 312
20 340
20 355
20 416
20 579
20 636
20 650
20 658
20 669
20 683
20 694
20 703
20 705
20 721
20 750
20 826
20 846
20 869
20 905
20 981
20 33
20 24
21 43
21 105
21 169
21 324
21 375
21 469
21 129
21 23
21 36
21 55
21 134
22 32
22 50
22 87
22 178
22 183
22 189
22 250
22 306
22 316
22 462
22 500
22 538
22 553
22 581
22 608
22 633
22 645
22 710
22 727
22 847
22 898
22 43
22 29
22 34
22 61
22 113
22 138
22 169
22 185
22 200
23 31
23 112
23 133
23 170
23 210
23 261
23 549
23 868
23 874
23 879
23 893
23 946
23 48
23 95
23 99
23 131
24 32
24 43
24 56
24 71
24 75
24 100
24 120
24 147
24 207
24 211
24 226
24 270
24 299
24 307
24 390
24 455
24 461
24 491
24 631
24 640
24 762
24 774
24 818
24 853
24 952
24 980
24 998
24 82
25 34
25 145
25 360
25 532
25 922
26 50
26 133
27 28
27 66
27 67
27 104
27 160
27 165
27 177
27 181
27 254
27 292
27 339
27 592
27 654
27 761
27 793
27 796
27 843
27 936
28 64
28 76
28 98
28 122
28 140
28 197
28 205
28 219
28 291
28 337
28 415
28 622
28 730
28 851
28 857
28 880
28 995
28 129
28 56
28 193
29 129
29 39
29 41
29 49
29 64
29 76
29 87
29 90
29 104
29 110
29 125
29 140
29 141
30 39
30 46
30 47
30 144
30 174
30 440
30 786
30 923
31 36
31 38
31 60
31 62
31 68
31 83
31 86
31 118
31 139
31 148
31 185
31 191
31 230
31 239
31 407
31 422
31 518
31 533
31 566
31 574
31 599
31 606
31 656
31 695
31 704
31 714
31 800
31 803
31 829
31 850
31 910
31 956
31 965
31 974
32 37
32 45
32 48
32 50
32 74
32 78
32 88
32 94
32 115
32 131
32 147
32 149
32 179
32 279
32 284
32 301
32 359
32 361
32 430
32 464
32 564
32 661
32 938
32 963
32 985
32 67
32 77
32 84
32 111
32 117
33 37
33 45
33 59
33 60
33 75
33 92
33 113
33 163
33 199
33 213
33 215
33 274
33 295
33 318
33 342
33 348
33 382
33 437
33 454
33 469
33 553
33 569
33 582
33 597
33 616
33 635
33 686
33 720
33 790
33 801
33 823
33 825
33 831
33 901
33 902
33 129
33 43
33 35
33 40
33 42
33 56
33 70
33 88
33 98
33 106
33 107
33 122
33 126
33 145
34 186
34 752
34 768
34 115
34 203
35 220
35 235
35 414
35 717
35 79
36 61
36 79
36 98
36 162
36 166
36 173
36 204
36 233
36 237
36 364
36 370
36 374
36 392
36 507
36 534
36 555
36 672
36 771
36 863
36 867
36 891
36 920
36 948
36 955
36 967
36 37
36 38
36 51
36 58
36 59
36 101
36 115
36 116
36 135
36 143
36 160
37 448
37 698
37 738
37 804
37 950
37 43
37 111
38 117
38 199
38 396
38 120
39 47
39 57
39 65
39 77
39 98
39 153
39 209
39 218
39 277
39 300
39 311
39 368
39 371
39 379
39 397
39 418
39 487
39 540
39 545
39 558
39 584
39 609
39 615
39 618
39 675
39 676
39 817
39 855
39 864
39 886
39 940
39 975
39 81
39 99
39 159
40 44
40 568
40 930
40 85
41 65
41 109
41 451
41 43
42 64
42 110
42 164
42 208
42 510
42 526
42 539
42 567
42 576
42 688
42 791
42 105
42 116
42 190
43 56
43 351
43 644
43 743
43 896
43 129
43 53
43 57
43 142
44 238
44 484
44 771
44 987
45 69
45 74
45 75
45 78
45 92
45 319
45 542
45 607
45 715
45 878
46 65
46 84
46 111
46 708
47 188
47 509
47 926
48 110
48 136
48 333
48 403
48 492
48 519
48 554
48 972
48 101
48 144
49 54
49 86
49 208
49 256
49 400
49 427
49 126
50 344
50 425
50 810
50 921
51 53
51 102
51 216
51 242
51 341
51 432
51 577
51 627
51 731
51 813
51 885
51 941
51 973
52 399
52 463
52 495
52 499
53 102
53 154
53 369
53 376
53 446
53 567
53 655
53 917
53 996
54 82
54 133
54 530
54 653
54 685
54 907
54 912
54 945
55 178
55 361
55 412
55 702
55 747
55 766
55 828
55 888
55 949
56 514
56 543
56 670
56 833
56 861
56 899
56 60
56 113
56 115
56 152
57 184
57 327
57 352
57 496
57 706
58 385
59 143
59 83
59 90
59 121
60 87
60 423
60 619
60 625
60 61
60 91
61 164
61 286
61 684
61 102
62 139
62 190
62 228
62 600
62 821
62 875
63 153
63 181
63 401
63 465
63 613
63 662
63 677
63 680
63 108
64 66
64 201
64 98
64 155
65 109
65 124
65 130
65 188
65 194
65 196
65 271
65 347
65 501
65 563
65 570
65 632
66 343
66 592
66 643
66 755
66 809
66 162
66 176
67 126
67 571
67 584
67 77
67 97
67 122
68 87
68 479
68 894
68 900
69 707
69 778
70 267
70 282
70 378
70 129
71 346
72 97
72 221
72 236
72 358
72 388
72 575
72 798
72 832
72 202
73 304
73 442
73 520
73 531
73 674
73 841
74 85
74 548
74 628
74 732
74 824
74 877
75 85
75 179
75 445
75 537
75 578
75 711
75 744
75 819
75 932
76 290
76 332
76 377
76 400
76 595
76 664
76 713
76 852
76 170
76 177
77 90
77 310
77 588
77 109
77 112
77 125
77 158
77 201
78 420
78 512
78 726
78 757
78 806
80 198
80 246
80 365
80 398
80 536
80 792
82 93
82 275
82 413
82 648
82 760
82 836
82 987
82 990
83 530
84 100
84 249
84 280
84 477
84 517
84 544
84 557
84 611
84 701
84 719
84 773
84 822
84 842
84 929
84 978
84 191
86 182
86 187
86 935
87 191
89 96
89 155
89 192
89 196
89 244
89 259
89 325
89 452
89 601
89 756
89 835
89 968
89 997
90 116
90 335
90 428
90 721
90 797
90 830
90 866
91 103
91 112
91 238
91 421
91 424
91 434
91 493
91 585
91 646
91 693
91 837
91 884
91 974
91 991
92 114
92 131
93 95
93 350
93 862
94 105
94 137
94 153
95 436
95 666
95 130
96 195
96 699
96 999
96 192
98 158
98 162
98 201
98 283
98 521
98 528
98 692
98 697
98 867
98 883
98 112
98 140
99 314
99 551
99 165
100 320
100 904
100 951
100 114
101 176
101 229
101 338
101 937
101 992
101 129
102 175
102 252
102 485
102 504
102 535
102 652
102 943
102 962
102 117
102 171
103 322
103 328
103 354
103 129
103 109
104 116
104 961
105 214
105 298
105 367
105 466
105 665
105 927
106 363
106 387
106 438
106 712
106 848
107 175
107 430
107 503
107 751
107 130
108 742
108 989
109 132
109 167
109 281
109 408
109 429
109 513
109 601
109 856
109 913
109 129
111 161
111 192
111 234
111 565
111 763
111 944
111 119
113 737
114 135
114 245
114 410
114 522
114 769
114 129
115 268
116 140
116 171
116 181
116 205
116 288
116 472
116 811
116 150
117 186
119 169
119 163
120 258
120 707
120 723
120 799
122 149
122 151
122 223
122 241
122 263
122 303
122 345
122 431
122 623
122 696
122 983
122 198
123 150
123 269
123 618
123 716
123 748
123 881
124 155
124 394
124 517
124 953
124 188
125 188
125 217
125 257
125 278
125 297
125 326
125 336
125 372
125 402
125 456
125 468
125 489
125 520
125 524
125 657
125 724
125 736
125 759
125 785
125 838
125 874
125 876
125 892
125 897
125 911
125 924
125 976
125 136
125 184
126 467
126 605
126 741
126 919
126 143
127 134
127 417
127 443
128 460
128 494
128 612
129 906
129 993
129 132
129 135
129 138
129 141
130 196
131 137
131 198
131 787
132 174
132 849
132 149
132 168
133 156
133 170
133 190
133 681
133 816
133 889
133 918
134 251
134 253
134 308
134 780
134 197
135 207
135 243
135 476
135 506
135 764
135 887
135 988
136 260
137 141
137 426
137 450
137 154
138 331
138 807
140 157
140 206
140 273
140 415
140 580
140 957
141 602
141 178
142 156
143 404
143 419
143 560
143 667
144 477
144 478
144 767
144 859
144 966
144 194
145 302
145 309
145 411
145 624
146 204
146 480
146 689
146 882
148 186
148 298
148 470
148 626
148 679
149 562
149 734
149 931
150 180
150 753
150 820
150 928
152 289
152 406
152 673
152 825
153 353
153 527
153 758
153 870
153 942
154 508
154 709
155 321
155 471
155 540
155 934
167 198
185 191
199 203
