0 1
0 2
0 3
0 4
0 5
0 8
0 9
0 21
0 22
0 27
0 35
0 39
0 40
0 44
0 48
0 51
0 56
0 58
0 59
0 60
0 66
0 67
0 70
0 75
0 80
0 81
0 99
0 100
0 101
0 105
0 108
0 109
0 112
0 122
0 124
0 125
0 131
0 133
0 136
0 137
0 144
0 156
0 161
0 165
0 173
0 174
0 182
0 184
0 188
0 197
0 237
0 244
0 252
0 254
0 257
0 355
0 460
0 470
0 501
0 535
0 574
0 575
0 594
0 598
0 619
0 659
0 678
0 715
0 728
0 838
0 840
0 850
0 851
1 2
1 3
1 4
1 9
1 11
1 14
1 19
1 36
1 38
1 39
1 44
1 57
1 65
1 76
1 81
1 106
1 120
1 121
1 138
1 148
1 160
1 171
1 177
1 181
1 182
1 194
1 197
1 208
1 216
1 225
1 439
1 444
1 452
1 471
1 511
1 536
1 538
1 566
1 574
1 654
1 695
1 733
1 772
1 805
2 3
2 4
2 5
2 7
2 8
2 9
2 22
2 26
2 27
2 42
2 50
2 62
2 86
2 95
2 103
2 116
2 117
2 124
2 130
2 136
2 143
2 150
2 157
2 160
2 164
2 165
2 183
2 203
2 204
2 265
2 335
2 464
2 684
2 687
2 747
2 774
2 859
2 877
2 879
2 897
3 4
3 5
3 6
3 7
3 8
3 11
3 12
3 21
3 22
3 27
3 34
3 35
3 36
3 37
3 38
3 45
3 50
3 57
3 64
3 71
3 72
3 74
3 80
3 85
3 87
3 89
3 90
3 97
3 106
3 109
3 110
3 141
3 144
3 152
3 154
3 157
3 162
3 166
3 168
3 178
3 181
3 187
3 192
3 193
3 196
3 197
3 199
3 211
3 290
3 294
3 311
3 332
3 333
3 334
3 396
3 457
3 467
3 506
3 559
3 573
3 604
3 661
3 683
3 704
3 767
3 778
3 785
3 804
3 817
3 833
3 845
3 857
3 861
3 887
3 908
3 917
3 952
4 8
4 11
4 13
4 29
4 34
4 37
4 42
4 49
4 56
4 59
4 61
4 63
4 69
4 72
4 78
4 79
4 85
4 86
4 87
4 93
4 96
4 120
4 123
4 132
4 136
4 137
4 139
4 146
4 150
4 155
4 160
4 162
4 163
4 164
4 170
4 172
4 233
4 279
4 288
4 299
4 345
4 356
4 367
4 404
4 411
4 422
4 427
4 455
4 465
4 578
4 614
4 626
4 731
4 869
4 894
4 912
4 950
4 968
4 979
5 12
5 13
5 91
5 92
5 103
5 153
5 185
5 244
5 379
5 598
5 746
5 969
5 8
5 30
5 6
5 7
5 9
5 10
5 11
5 14
5 20
5 36
5 37
5 38
5 56
5 68
5 69
5 76
5 81
5 82
5 106
5 136
5 137
6 14
6 15
6 23
6 29
6 55
6 202
6 242
6 273
6 338
6 828
6 937
6 8
6 37
6 51
6 71
6 97
6 110
7 19
7 54
7 60
7 63
7 121
7 145
7 238
7 382
7 547
7 585
7 662
7 980
7 8
7 10
7 11
7 14
7 38
7 56
7 106
7 133
8 37
8 62
8 76
8 113
8 129
8 146
8 250
8 348
8 486
8 528
8 617
8 640
8 802
8 803
8 896
8 970
8 991
8 30
8 14
8 20
8 38
8 50
8 51
8 55
8 59
8 69
8 90
8 102
8 114
8 127
8 131
8 138
9 10
9 18
9 26
9 34
9 43
9 46
9 93
9 138
9 147
9 171
9 193
9 201
9 352
9 456
9 519
9 653
9 820
9 865
9 947
9 953
9 126
10 18
10 546
10 612
10 12
10 17
10 29
10 56
10 62
10 63
10 121
10 123
10 132
10 133
11 33
11 41
11 66
11 77
11 200
11 241
11 315
11 484
11 596
11 599
11 643
11 668
11 693
12 13
12 28
12 50
12 79
12 94
12 96
12 104
12 167
12 188
12 260
12 442
12 518
12 690
12 754
12 771
12 776
12 15
12 18
12 33
12 85
12 99
12 114
13 16
13 92
13 127
13 174
13 182
13 229
13 313
13 30
13 64
13 75
13 86
13 101
13 103
13 109
13 116
13 124
13 169
14 15
14 17
14 20
14 23
14 39
14 40
14 48
14 107
14 118
14 132
14 240
14 361
14 487
14 503
14 539
14 647
14 719
14 812
14 815
14 892
14 928
14 18
14 21
14 24
14 42
14 46
14 54
14 59
14 67
14 69
14 71
14 83
14 105
14 117
14 139
15 23
15 107
15 134
15 166
15 289
15 479
15 485
15 507
15 665
15 786
15 826
15 136
15 149
16 67
16 102
16 508
16 769
17 210
17 422
17 499
17 533
17 623
17 748
17 797
17 819
17 55
17 58
18 26
18 30
18 43
18 59
18 162
18 219
18 310
18 453
18 580
18 998
18 32
18 34
19 24
19 32
19 49
19 53
19 54
19 198
19 304
19 389
19 402
19 825
19 836
19 907
19 967
20 98
20 144
21 51
21 61
21 236
21 324
21 438
21 488
21 513
21 691
21 717
21 741
21 751
21 796
21 801
21 36
21 40
21 41
21 44
21 45
21 46
21 77
21 81
21 86
22 31
22 47
22 70
22 349
22 371
22 392
22 674
22 694
22 721
22 822
22 922
22 983
22 995
22 192
23 64
23 68
23 112
23 259
23 390
23 523
23 570
23 30
24 25
24 266
24 477
25 32
25 49
25 54
25 88
25 89
25 114
25 116
25 139
25 145
25 152
25 221
25 272
25 284
25 697
25 873
25 961
26 28
26 77
26 84
26 85
26 129
26 147
26 156
26 161
26 291
26 336
26 342
26 372
26 403
26 405
26 423
26 462
26 466
26 512
26 592
26 625
26 634
26 688
26 848
26 864
26 868
26 925
26 956
27 30
27 33
27 46
27 53
27 73
27 112
27 183
27 201
27 205
27 228
27 251
27 282
27 368
27 415
27 424
27 482
27 537
27 540
27 628
27 636
27 648
27 675
27 716
27 758
27 782
27 824
28 45
28 77
28 91
28 175
28 195
28 301
28 329
28 622
28 632
28 792
28 849
28 866
28 870
28 885
28 893
28 938
28 939
28 941
28 984
29 33
29 40
29 45
29 66
29 105
29 113
29 202
29 305
29 312
29 416
29 419
29 469
29 491
29 500
29 509
29 510
29 568
29 597
29 775
29 799
29 807
29 867
29 936
29 940
29 148
30 31
30 42
30 43
30 53
30 94
30 111
30 117
30 180
30 185
30 214
30 277
30 287
30 292
30 313
30 393
30 398
30 406
30 418
30 433
30 449
30 461
30 542
30 554
30 571
30 608
30 649
30 663
30 676
30 685
30 722
30 749
30 752
30 810
30 811
30 841
30 842
30 981
30 982
30 60
30 70
30 80
30 138
30 145
31 52
31 58
31 79
31 102
31 977
32 262
32 525
32 638
32 204
33 38
33 55
33 57
33 82
33 90
33 112
33 131
33 168
33 173
33 178
33 187
33 196
33 207
33 251
33 254
33 295
33 308
33 315
33 319
33 325
33 357
33 366
33 370
33 374
33 386
33 430
33 443
33 484
33 513
33 515
33 530
33 553
33 561
33 562
33 569
33 579
33 666
33 692
33 701
33 709
33 710
33 725
33 742
33 761
33 768
33 779
33 784
33 787
33 788
33 818
33 835
33 854
33 881
33 900
33 911
33 913
33 923
33 924
33 926
33 935
33 942
33 987
33 65
33 158
34 83
34 378
34 495
34 552
34 880
34 132
34 201
35 93
36 73
36 114
36 116
36 149
36 401
36 520
36 672
36 679
36 756
36 813
36 874
36 39
36 43
36 134
37 158
37 199
37 255
37 346
37 905
37 76
37 105
38 55
38 101
38 227
38 710
38 50
38 51
38 88
38 104
38 145
39 64
39 258
39 973
39 75
40 65
40 354
40 395
40 57
40 135
40 146
41 245
41 327
41 651
41 720
41 43
41 91
42 52
42 58
42 97
42 195
42 360
42 380
42 493
42 541
42 582
42 712
42 932
42 962
42 965
43 46
43 53
43 142
43 298
43 426
43 563
43 628
43 738
43 78
44 113
44 123
44 408
44 432
44 644
44 795
44 938
45 212
45 220
45 409
45 528
45 572
45 607
45 733
46 95
46 716
46 72
47 256
47 508
47 185
48 78
49 109
49 137
49 194
49 435
49 504
49 517
49 595
49 876
49 878
50 70
50 91
50 92
50 126
50 302
50 458
50 472
50 493
50 527
50 613
50 615
50 682
50 723
50 806
50 957
50 84
51 179
51 459
51 107
52 119
52 213
52 317
52 363
52 516
52 616
52 954
53 71
53 142
53 151
53 230
53 321
53 543
53 605
53 621
53 627
53 652
53 664
53 773
53 814
53 891
53 989
54 60
54 69
54 198
54 278
54 425
54 436
54 910
56 206
56 588
56 63
56 100
56 181
57 235
57 330
57 496
58 104
58 381
58 744
58 901
59 171
59 201
59 226
59 264
59 542
59 963
59 70
59 83
59 147
60 151
60 274
60 285
60 337
60 480
60 560
60 602
60 611
60 827
60 978
60 140
60 198
61 179
62 66
62 99
62 113
62 117
62 130
62 148
62 150
62 224
62 343
62 365
62 421
62 434
62 531
62 581
62 670
62 677
62 862
62 918
62 920
62 67
62 170
62 173
63 821
63 118
63 130
64 100
65 73
65 177
65 248
65 545
65 558
65 658
65 875
66 124
66 175
66 179
66 200
66 215
66 303
66 309
66 475
66 549
66 681
66 755
66 927
66 986
67 167
67 359
67 377
67 478
67 635
67 714
67 753
67 974
67 80
68 90
69 149
69 89
69 102
70 94
70 143
70 502
70 630
70 730
71 520
71 524
71 713
71 978
71 112
72 451
72 629
72 886
72 888
72 903
72 161
73 118
73 141
73 177
73 314
73 388
73 522
73 548
73 565
73 610
73 743
73 809
73 816
73 834
73 843
73 872
73 910
75 199
75 189
76 98
77 128
77 316
77 735
77 736
77 934
78 96
78 126
78 127
78 191
78 306
78 318
78 369
78 417
78 514
78 521
78 556
78 631
78 724
78 800
78 830
78 831
78 832
78 985
78 143
79 125
79 135
80 95
80 150
80 171
80 217
80 339
80 883
80 84
80 97
80 107
81 122
81 157
81 296
81 88
82 142
82 140
82 150
83 91
83 112
84 189
84 168
85 323
85 351
85 732
85 933
85 98
86 87
86 281
86 286
86 293
86 425
86 739
86 949
86 956
86 993
87 124
87 218
87 246
87 919
88 95
91 102
91 712
91 943
92 320
92 899
92 925
93 223
93 474
93 526
93 544
93 583
93 603
93 760
93 766
93 909
93 930
93 944
94 140
94 180
94 450
94 473
94 587
94 656
95 102
95 110
95 385
95 397
95 431
95 454
95 591
95 637
95 700
95 764
95 777
96 127
96 353
96 447
96 481
96 680
96 708
96 884
96 975
97 624
97 763
97 855
97 110
97 152
98 686
98 997
99 110
100 119
101 107
101 689
102 115
102 300
102 601
102 606
102 642
102 745
102 780
102 106
102 113
102 127
102 153
102 160
103 232
103 326
103 750
103 757
103 124
104 283
104 972
104 180
105 441
105 551
105 117
106 276
106 328
106 410
106 490
106 514
106 650
106 882
107 280
108 958
109 358
110 261
110 344
110 407
110 463
110 660
110 781
110 844
110 847
110 868
110 964
110 988
110 990
110 191
111 159
111 194
111 400
111 538
111 790
112 118
112 489
112 729
112 770
112 853
112 115
112 146
113 448
113 789
113 902
114 429
114 125
115 667
115 182
116 137
116 142
116 143
116 145
116 172
116 204
116 270
116 350
116 364
116 383
116 399
116 505
116 550
116 555
116 586
116 618
116 620
116 641
116 646
116 702
116 706
116 707
116 793
116 852
116 889
116 890
116 906
116 929
116 959
116 960
117 159
117 193
117 263
117 603
118 271
118 567
118 671
118 196
120 148
121 331
121 476
121 494
121 522
121 639
121 931
122 203
122 231
122 243
122 297
122 322
122 347
122 437
122 498
122 534
122 584
122 589
122 602
122 609
122 765
122 837
122 846
122 860
122 898
122 948
122 955
123 189
124 239
124 247
124 391
124 443
124 718
124 808
124 139
125 387
127 174
127 190
127 373
127 446
127 645
127 829
128 156
128 999
129 250
131 143
131 187
132 134
132 163
132 203
132 414
132 703
132 705
132 823
132 856
132 858
134 222
134 268
134 794
134 839
134 921
135 440
136 269
136 600
137 262
137 341
137 375
137 657
137 698
137 994
138 209
138 734
140 529
141 420
142 155
142 253
142 564
142 798
142 990
143 169
143 176
143 185
143 186
143 307
143 412
143 428
143 468
143 483
143 576
143 577
143 673
143 699
143 762
143 783
143 791
143 871
143 916
143 945
143 992
146 249
146 267
146 590
146 599
146 966
147 340
147 362
147 497
147 532
147 557
147 696
147 740
147 971
147 199
148 633
148 895
148 946
149 394
149 593
149 655
149 197
150 234
150 492
150 566
150 669
150 711
150 726
150 904
150 914
150 976
150 996
151 186
151 384
151 445
151 915
151 951
151 989
152 275
152 413
152 737
153 376
153 759
154 727
154 863
154 162
155 181
168 184
180 192
188 195
