0 1
0 2
0 3
0 4
0 6
0 10
0 13
0 16
0 17
0 18
0 19
0 22
0 27
0 42
0 44
0 46
0 48
0 55
0 59
0 60
0 61
0 62
0 66
0 77
0 80
0 82
0 89
0 94
0 100
0 105
0 110
0 113
0 124
0 130
0 134
0 136
0 143
0 148
0 151
0 160
0 161
0 167
0 175
0 177
0 182
0 220
0 225
0 254
0 257
0 318
0 340
0 359
0 361
0 375
0 377
0 421
0 502
0 546
0 637
0 654
0 696
0 740
0 783
0 802
0 810
0 817
0 899
0 913
0 985
0 990
0 999
1 2
1 3
1 4
1 6
1 8
1 9
1 11
1 18
1 24
1 29
1 34
1 43
1 44
1 53
1 54
1 62
1 64
1 67
1 68
1 72
1 76
1 82
1 87
1 90
1 104
1 105
1 112
1 114
1 122
1 123
1 129
1 134
1 135
1 137
1 139
1 158
1 159
1 162
1 178
1 188
1 191
1 192
1 211
1 234
1 294
1 371
1 496
1 543
1 584
1 599
1 642
1 682
1 765
1 792
1 871
1 892
1 903
1 923
1 983
1 998
2 3
2 4
2 5
2 6
2 20
2 26
2 28
2 37
2 38
2 47
2 49
2 53
2 67
2 69
2 84
2 103
2 118
2 130
2 135
2 141
2 151
2 152
2 174
2 176
2 180
2 185
2 186
2 187
2 199
2 204
2 286
2 311
2 484
2 666
2 755
2 803
2 827
2 838
2 852
2 905
2 989
3 4
3 5
3 13
3 17
3 24
3 32
3 34
3 36
3 38
3 42
3 44
3 50
3 65
3 79
3 85
3 89
3 91
3 95
3 96
3 97
3 107
3 111
3 128
3 136
3 144
3 150
3 159
3 160
3 163
3 166
3 173
3 175
3 177
3 178
3 179
3 180
3 187
3 190
3 192
3 193
3 197
3 198
3 199
3 209
3 279
3 362
3 389
3 399
3 407
3 451
3 454
3 479
3 497
3 498
3 511
3 537
3 541
3 542
3 547
3 559
3 652
3 659
3 676
3 686
3 693
3 700
3 732
3 733
3 738
3 767
3 790
3 847
3 848
3 858
3 863
3 864
3 866
3 911
3 926
3 934
3 986
4 5
4 7
4 8
4 9
4 15
4 16
4 19
4 24
4 33
4 45
4 51
4 52
4 72
4 78
4 85
4 99
4 106
4 114
4 126
4 131
4 132
4 137
4 149
4 176
4 179
4 183
4 202
4 235
4 264
4 312
4 593
4 603
4 639
4 752
4 826
4 933
5 17
5 37
5 50
5 107
5 153
5 287
5 473
5 489
5 656
5 714
5 735
5 736
5 772
5 907
5 31
5 101
5 7
5 9
5 11
5 12
5 20
5 21
5 33
5 48
5 93
5 95
5 112
5 116
6 10
6 11
6 18
6 68
6 71
6 118
6 131
6 601
7 14
7 23
7 30
7 32
7 587
7 729
7 101
7 9
7 34
7 83
7 93
8 10
8 12
8 21
8 22
8 27
8 33
8 43
8 164
8 246
8 335
8 397
8 506
8 635
8 718
9 72
9 84
9 31
9 10
9 13
9 14
9 37
9 41
9 55
9 73
9 74
9 79
9 81
9 94
9 108
10 11
10 12
10 16
10 34
10 39
10 56
10 62
10 65
10 86
10 102
10 117
10 126
10 143
10 178
10 183
10 237
10 255
10 272
10 306
10 360
10 404
10 405
10 443
10 487
10 527
10 545
10 623
10 629
10 687
10 691
10 704
10 757
10 800
10 833
10 861
10 889
10 938
10 956
10 992
10 31
10 22
10 26
10 177
11 51
11 56
11 143
11 722
11 31
11 18
11 140
12 25
12 223
12 244
12 649
12 791
12 33
12 88
12 139
12 141
13 15
13 58
13 79
13 88
13 96
13 281
13 423
13 585
13 634
13 660
13 684
13 710
13 17
13 21
13 25
13 35
13 71
13 78
13 103
13 105
13 110
13 140
13 146
14 456
14 711
14 16
14 36
14 39
14 58
14 62
14 70
14 90
14 118
15 24
15 88
15 155
15 157
15 194
15 252
15 281
15 396
15 432
16 20
16 23
16 27
16 29
16 30
16 40
16 56
16 57
16 70
16 87
16 128
16 137
16 191
16 195
16 196
16 210
16 247
16 267
16 303
16 304
16 313
16 344
16 426
16 430
16 436
16 452
16 470
16 485
16 492
16 516
16 523
16 531
16 533
16 556
16 569
16 577
16 653
16 741
16 748
16 770
16 795
16 811
16 818
16 839
16 859
16 881
16 882
16 901
16 909
16 920
16 929
16 937
16 948
16 965
16 968
16 984
16 38
16 45
17 22
17 385
17 400
17 688
17 779
17 807
17 837
17 970
17 72
17 101
17 134
18 26
18 31
18 36
18 37
18 44
18 45
18 69
18 71
18 92
18 100
18 111
18 153
18 166
18 201
18 208
18 251
18 324
18 348
18 372
18 420
18 476
18 526
18 555
18 558
18 626
18 693
18 698
18 723
18 747
18 822
18 876
18 908
18 925
18 991
18 996
18 35
18 40
18 43
19 57
20 23
20 56
20 60
20 65
20 120
20 132
21 22
21 31
21 46
21 112
21 207
21 417
21 441
21 692
21 30
21 44
21 75
21 82
21 97
21 120
22 28
22 35
22 41
22 61
22 76
22 78
22 81
22 98
22 102
22 125
22 149
22 164
22 200
22 229
22 238
22 271
22 273
22 280
22 289
22 347
22 403
22 408
22 414
22 447
22 466
22 467
22 468
22 475
22 528
22 557
22 582
22 586
22 614
22 618
22 620
22 655
22 672
22 712
22 768
22 775
22 828
22 842
22 900
22 915
22 967
22 995
22 46
23 40
23 55
23 139
23 148
23 162
23 390
23 457
23 477
23 570
23 689
23 720
23 41
23 42
23 47
23 73
23 78
23 79
24 59
24 74
24 296
24 299
24 517
24 573
24 596
24 604
24 845
26 62
26 83
26 227
26 243
26 328
26 398
26 463
26 520
26 535
26 626
26 743
26 949
26 953
26 974
26 987
27 36
27 41
27 43
27 56
27 77
27 81
27 104
27 106
27 109
27 119
27 122
27 125
27 127
27 198
27 200
27 297
27 358
27 369
27 384
27 416
27 461
27 487
27 558
27 576
27 598
27 680
27 742
27 744
27 750
27 759
27 821
27 840
27 895
27 897
27 930
27 975
28 64
28 123
28 342
28 500
28 536
28 572
28 946
29 808
30 55
30 57
30 99
30 114
30 120
30 133
30 154
30 305
30 580
30 762
30 856
30 860
31 66
31 86
31 170
31 236
31 521
31 50
31 118
32 40
32 54
32 55
32 72
32 141
32 190
32 298
32 492
32 538
32 553
32 578
32 903
32 916
32 977
34 75
34 633
35 77
35 107
35 142
36 67
36 73
36 106
36 196
36 217
36 290
36 825
36 161
36 184
37 50
37 107
37 189
37 242
37 274
37 307
37 383
37 469
37 38
37 42
37 47
37 52
37 53
37 54
37 58
37 68
37 70
37 77
37 84
37 89
37 104
37 131
37 160
38 428
38 58
39 703
39 97
39 104
40 54
40 147
40 253
40 329
40 351
40 388
40 419
40 445
40 801
40 132
41 103
41 127
41 138
41 203
41 327
41 437
41 449
41 458
41 462
41 488
41 503
41 504
41 544
41 581
41 597
41 607
41 648
41 728
41 823
41 836
41 886
41 924
41 964
41 171
42 74
42 226
42 641
42 874
42 932
42 979
42 65
42 106
42 111
42 126
42 133
42 193
43 98
43 122
43 138
43 495
43 797
43 880
44 49
44 58
44 75
44 80
44 101
44 156
44 159
44 161
44 184
44 185
44 228
44 232
44 262
44 269
44 277
44 278
44 309
44 323
44 364
44 382
44 418
44 429
44 433
44 460
44 529
44 530
44 552
44 579
44 591
44 608
44 612
44 619
44 630
44 681
44 706
44 713
44 730
44 737
44 769
44 777
44 834
44 854
44 875
44 952
44 955
44 966
44 982
44 993
44 51
44 154
45 50
45 135
46 239
46 56
46 76
47 63
47 88
47 92
47 144
48 156
48 422
48 778
48 52
49 79
49 128
49 145
49 155
49 157
49 215
49 315
49 518
49 554
49 734
49 794
49 941
49 944
49 981
50 146
50 322
50 539
50 662
50 669
50 890
50 898
50 921
50 960
50 962
50 66
50 131
50 197
51 183
51 455
51 617
51 664
51 670
51 694
51 816
51 925
51 973
52 61
53 73
53 202
53 308
53 628
53 632
53 785
53 853
54 118
54 334
54 560
54 574
54 829
54 844
54 884
54 922
55 129
55 133
55 150
55 190
55 393
55 472
55 513
55 583
55 729
55 835
55 919
56 60
56 63
56 82
56 205
56 350
56 678
56 773
56 846
56 91
56 122
57 139
58 132
58 84
58 89
58 107
58 108
58 130
58 139
58 148
58 154
58 155
59 141
59 165
59 270
59 366
59 412
59 435
59 448
59 514
59 571
59 709
59 763
59 814
59 818
59 867
59 873
59 957
61 189
61 339
62 66
62 163
62 260
62 275
62 288
62 341
62 345
62 354
62 480
62 494
62 519
62 540
62 559
62 567
62 611
62 725
62 776
62 796
62 812
62 910
62 994
62 995
62 122
64 121
64 431
64 499
64 550
64 638
64 872
65 68
65 97
65 186
65 69
65 138
66 138
66 173
66 203
66 283
66 336
66 359
66 798
66 969
66 164
67 301
67 316
67 401
67 602
67 850
67 950
70 125
71 93
71 109
71 532
71 563
71 113
72 145
72 191
72 212
72 249
72 250
72 300
72 310
72 391
72 415
72 424
72 483
72 510
72 566
72 668
72 754
72 824
72 849
73 93
73 387
73 739
73 939
73 121
74 376
78 92
78 954
78 94
78 99
78 100
78 149
78 175
79 411
79 524
79 631
79 661
79 868
80 241
80 592
80 727
80 771
80 815
81 158
81 997
81 167
82 93
82 101
82 131
82 261
82 367
82 439
82 731
82 143
82 144
84 154
84 214
84 402
84 589
84 644
84 663
84 665
84 745
84 749
84 784
84 865
84 878
84 888
84 917
84 961
84 988
84 146
84 147
84 162
84 198
85 140
85 190
85 191
85 249
85 285
85 616
85 877
86 509
86 976
87 145
87 363
87 548
87 551
87 643
87 647
87 857
87 942
88 221
88 93
88 119
89 595
89 99
89 114
89 149
90 337
90 357
90 438
90 442
90 446
90 507
90 869
90 885
90 987
90 201
91 667
91 170
92 274
92 317
92 870
92 958
93 343
93 657
93 904
93 196
94 108
94 123
94 171
94 181
94 248
94 356
94 374
94 386
94 427
94 505
94 695
94 697
94 787
94 789
94 883
94 978
94 996
94 119
94 129
94 143
95 338
95 413
96 512
97 110
97 116
97 167
97 240
97 365
97 370
97 450
97 565
97 622
97 701
97 726
97 766
97 786
97 914
97 959
97 963
97 114
98 451
98 515
98 613
99 133
99 148
99 346
99 355
99 944
99 957
100 256
100 325
100 168
101 184
101 392
101 481
101 705
102 174
102 200
102 213
102 222
102 293
102 330
102 349
102 501
102 625
102 627
102 636
102 646
102 650
102 655
102 675
102 724
102 761
102 793
102 894
102 943
103 224
103 284
103 434
103 562
103 760
103 805
104 186
104 862
104 918
104 117
105 809
105 832
106 115
106 185
106 192
106 331
106 399
106 404
106 411
106 478
106 804
106 820
106 891
106 902
106 931
106 127
107 129
107 166
108 203
108 216
109 161
109 184
109 310
109 381
109 471
109 738
109 746
109 795
109 945
110 170
110 173
110 206
110 352
110 465
110 564
110 673
110 674
110 725
110 780
110 781
110 928
110 156
111 266
111 459
111 609
111 651
111 707
111 830
111 841
112 453
112 851
112 896
113 155
113 245
113 486
113 491
113 493
113 568
113 575
113 615
113 619
113 640
113 777
113 827
114 379
114 380
114 912
114 150
115 677
117 218
117 685
117 163
118 144
118 172
118 263
118 302
118 378
118 561
118 599
118 645
118 721
118 753
118 879
119 126
119 135
122 154
122 395
122 658
122 702
122 831
122 887
122 935
123 169
123 320
123 332
123 525
123 606
123 610
123 621
123 714
123 951
124 176
124 406
124 200
129 295
129 428
130 282
131 294
132 193
132 258
132 265
132 292
132 319
132 522
132 699
132 758
132 799
132 843
132 927
132 972
133 136
134 192
134 194
134 368
134 482
134 590
134 719
134 855
135 142
135 394
135 425
135 444
135 588
135 717
137 268
137 679
137 187
138 321
138 594
138 605
138 686
138 716
138 756
138 819
138 980
139 410
139 690
139 782
139 940
141 168
141 180
141 189
141 233
141 276
141 474
141 490
141 542
141 600
141 708
141 715
141 751
141 806
141 808
141 906
141 936
142 508
144 230
144 373
144 409
144 464
145 148
145 764
145 844
146 468
146 621
148 172
148 440
148 788
148 813
148 971
150 291
150 683
151 219
151 231
151 353
153 947
154 187
154 259
154 314
154 326
154 333
154 534
154 549
154 624
154 671
154 774
154 893
162 179
169 189
172 195
