0 1
0 2
0 3
0 4
0 5
0 6
0 12
0 14
0 15
0 16
0 20
0 22
0 24
0 28
0 30
0 31
0 33
0 39
0 42
0 44
0 47
0 51
0 54
0 62
0 72
0 75
0 83
0 85
0 87
0 88
0 89
0 90
0 91
0 92
0 95
0 96
0 98
0 99
0 100
0 102
0 104
0 105
0 107
0 116
0 117
0 125
0 127
0 138
0 140
0 142
0 144
0 146
0 151
0 154
0 159
0 161
0 165
0 166
0 174
0 176
0 183
0 189
0 199
0 200
0 202
0 226
0 242
0 256
0 343
0 361
0 373
0 377
0 438
0 466
0 510
0 550
0 593
0 635
0 639
0 641
0 653
0 654
0 663
0 739
0 744
0 772
0 826
0 869
0 886
0 941
0 947
1 2
1 3
1 4
1 7
1 8
1 9
1 25
1 50
1 59
1 67
1 73
1 83
1 89
1 91
1 95
1 105
1 106
1 108
1 120
1 126
1 141
1 156
1 157
1 160
1 164
1 166
1 191
1 338
1 363
1 408
1 472
1 590
1 684
1 768
1 802
1 806
1 873
1 985
2 3
2 4
2 7
2 10
2 22
2 26
2 29
2 32
2 53
2 59
2 63
2 70
2 75
2 76
2 86
2 94
2 98
2 101
2 112
2 113
2 115
2 127
2 129
2 135
2 173
2 179
2 201
2 203
2 222
2 237
2 331
2 345
2 446
2 460
2 490
2 541
2 545
2 598
2 642
2 708
2 712
2 743
2 759
2 807
2 982
3 4
3 6
3 7
3 10
3 12
3 17
3 23
3 27
3 28
3 32
3 33
3 37
3 39
3 40
3 48
3 49
3 59
3 67
3 69
3 72
3 79
3 80
3 85
3 86
3 89
3 92
3 96
3 97
3 101
3 103
3 109
3 111
3 117
3 119
3 123
3 128
3 130
3 136
3 144
3 146
3 150
3 152
3 157
3 159
3 160
3 163
3 169
3 170
3 172
3 175
3 176
3 178
3 180
3 184
3 187
3 190
3 195
3 197
3 199
3 230
3 232
3 238
3 245
3 247
3 278
3 282
3 285
3 288
3 296
3 353
3 391
3 424
3 433
3 448
3 452
3 477
3 520
3 527
3 557
3 563
3 586
3 592
3 606
3 650
3 658
3 680
3 710
3 719
3 723
3 749
3 793
3 803
3 818
3 828
3 846
3 848
3 868
3 931
3 978
3 987
4 6
4 17
4 20
4 56
4 67
4 82
4 87
4 93
4 115
4 124
4 131
4 133
4 135
4 136
4 139
4 141
4 165
4 180
4 183
4 184
4 190
4 318
4 344
4 411
4 426
4 504
4 517
4 644
4 690
4 705
4 801
5 9
5 11
5 13
5 14
5 16
5 22
5 24
5 25
5 28
5 29
5 42
5 44
5 47
5 52
5 70
5 77
5 94
5 103
5 106
5 107
5 115
5 120
5 147
5 167
5 185
5 208
5 219
5 229
5 235
5 268
5 275
5 297
5 308
5 317
5 329
5 332
5 357
5 371
5 438
5 445
5 455
5 470
5 485
5 486
5 512
5 528
5 560
5 561
5 574
5 576
5 608
5 629
5 637
5 665
5 670
5 677
5 701
5 702
5 726
5 729
5 774
5 783
5 799
5 804
5 827
5 836
5 839
5 849
5 875
5 890
5 892
5 909
5 918
5 928
5 951
5 953
5 957
5 971
5 980
5 983
5 994
5 140
5 6
5 31
5 35
5 123
5 141
6 8
6 17
6 31
6 123
6 140
6 351
6 369
6 419
6 474
6 502
6 507
6 585
6 659
6 734
6 738
6 7
6 9
6 10
6 11
6 12
6 14
6 16
6 28
6 49
6 52
6 54
6 55
6 62
6 63
6 74
6 81
6 96
6 98
6 102
6 115
6 129
6 141
6 151
7 12
7 19
7 26
7 37
7 43
7 69
7 78
7 114
7 188
7 258
7 303
7 430
7 450
7 622
7 652
7 675
7 767
7 785
7 810
7 17
7 18
7 56
7 68
7 71
7 140
7 150
8 25
8 31
8 92
8 191
8 293
8 459
8 777
8 780
8 851
8 140
8 19
8 106
8 151
9 14
9 73
9 143
9 253
9 913
9 75
10 704
10 20
10 24
10 25
10 30
10 62
11 24
11 57
11 83
11 110
11 151
11 552
11 797
11 13
11 28
11 44
11 51
11 64
11 66
11 81
11 84
11 87
11 104
11 153
12 19
12 35
12 36
12 41
12 43
12 46
12 64
12 65
12 195
12 216
12 233
12 311
12 375
12 425
12 437
12 471
12 483
12 521
12 605
12 696
12 742
12 781
12 843
12 860
12 884
12 885
12 912
12 954
12 999
12 42
13 48
13 608
13 728
13 29
13 71
13 154
14 15
14 18
14 21
14 30
14 40
14 44
14 45
14 61
14 74
14 81
14 97
14 120
14 125
14 130
14 131
14 135
14 147
14 173
14 185
14 193
14 302
14 320
14 322
14 323
14 337
14 367
14 378
14 400
14 451
14 480
14 488
14 511
14 535
14 554
14 581
14 582
14 588
14 597
14 618
14 633
14 636
14 694
14 722
14 769
14 784
14 829
14 830
14 845
14 847
14 888
14 910
14 919
14 934
14 949
14 977
14 984
14 993
14 140
14 17
14 20
14 28
14 54
14 73
14 78
14 150
15 21
15 577
15 140
16 72
16 85
16 182
16 280
16 366
16 493
16 522
16 926
16 938
16 32
16 33
16 132
17 20
17 25
17 27
17 31
17 45
17 56
17 116
17 134
17 140
17 271
17 307
17 309
17 416
17 575
17 609
17 668
17 751
17 899
17 981
17 22
17 29
17 43
17 59
17 67
18 101
18 413
18 762
18 766
19 35
19 51
19 65
19 157
19 188
19 198
19 284
19 393
19 542
19 550
19 553
19 611
19 778
19 788
19 822
19 853
19 879
19 882
19 915
19 45
20 239
20 319
20 350
20 558
20 695
20 775
20 795
20 140
20 32
20 55
20 99
21 22
21 368
21 693
21 727
21 920
21 140
21 169
22 66
22 103
22 126
22 153
22 175
22 178
22 321
22 325
22 469
22 744
22 140
22 25
22 30
22 86
22 89
22 105
23 40
23 55
23 58
23 62
23 89
23 146
23 149
23 180
23 234
23 282
23 347
23 475
23 515
23 524
23 673
23 787
23 906
23 940
23 140
24 372
25 34
25 56
25 58
25 60
25 90
25 111
25 122
25 137
25 138
25 176
25 179
25 180
25 184
25 190
25 246
25 270
25 291
25 292
25 312
25 313
25 324
25 333
25 364
25 396
25 406
25 434
25 441
25 454
25 456
25 463
25 479
25 491
25 514
25 526
25 533
25 549
25 551
25 555
25 579
25 610
25 612
25 619
25 640
25 655
25 676
25 703
25 715
25 717
25 737
25 748
25 750
25 757
25 761
25 792
25 805
25 820
25 823
25 833
25 840
25 861
25 866
25 881
25 887
25 894
25 896
25 927
25 941
25 970
25 974
25 32
25 48
25 61
25 167
26 198
26 140
26 30
26 65
27 127
27 410
27 140
28 30
28 52
28 265
28 453
28 763
28 952
28 38
28 40
28 128
28 146
29 77
29 152
29 865
29 933
29 34
30 61
30 154
30 254
30 261
30 352
30 632
30 972
30 67
30 80
30 94
30 135
31 39
31 82
31 84
31 93
31 116
31 138
31 162
31 177
31 192
31 241
31 277
31 394
31 566
31 874
31 47
31 191
32 55
32 98
32 99
32 401
32 422
32 484
32 794
32 834
32 46
32 112
32 144
33 455
33 537
34 111
35 37
35 43
35 158
35 498
35 626
35 84
36 38
36 223
37 49
37 76
37 91
37 148
37 274
37 294
37 335
37 390
37 616
37 685
37 961
38 240
38 589
38 140
38 94
38 117
38 125
38 127
39 134
39 240
39 273
39 319
39 461
39 478
39 570
39 858
39 948
39 140
39 122
40 55
40 100
40 153
40 161
40 225
40 429
40 516
40 782
40 958
40 979
40 113
40 133
41 46
41 51
41 77
41 88
41 96
41 118
41 122
41 179
41 186
41 236
41 244
41 250
41 259
41 286
41 299
41 306
41 355
41 382
41 389
41 500
41 587
41 811
41 877
41 884
41 945
41 166
42 168
42 374
42 595
42 667
44 91
45 916
45 70
46 114
46 596
46 613
47 60
47 164
47 193
47 305
47 384
47 439
47 442
47 476
47 505
47 531
47 583
47 612
47 614
47 867
47 914
47 930
47 932
47 935
47 978
47 992
47 140
47 63
48 97
48 922
49 54
49 57
49 64
49 65
49 69
49 108
49 129
49 233
49 314
49 334
49 525
49 687
49 716
49 973
49 52
49 103
50 436
50 482
50 756
51 57
51 64
51 137
51 159
51 500
51 546
51 559
51 638
51 669
51 686
51 815
51 158
52 73
52 140
53 55
53 79
53 167
53 181
53 428
53 465
53 473
53 481
53 564
53 765
53 929
53 988
54 220
54 58
55 62
55 99
55 145
55 193
55 194
55 203
55 255
55 342
55 417
55 420
55 495
55 572
55 674
55 718
55 720
55 764
55 864
55 924
55 60
55 61
55 66
55 100
56 209
56 295
56 356
56 523
56 688
56 700
56 998
56 68
56 204
57 165
57 172
57 224
57 300
57 330
57 354
57 359
57 440
57 458
57 486
57 544
57 569
57 645
57 681
57 682
57 691
57 714
57 791
57 825
57 863
57 960
57 991
57 140
58 100
58 134
58 358
58 497
58 543
58 600
58 662
58 746
58 819
58 140
59 148
59 156
59 201
59 326
59 344
59 349
59 380
59 435
59 752
59 760
59 857
59 889
59 966
59 969
59 995
59 140
59 60
59 108
60 315
60 414
60 509
60 607
60 837
61 68
61 106
61 647
61 921
61 92
61 109
61 116
61 123
61 145
62 109
62 339
62 370
62 444
62 872
62 880
62 923
62 140
62 136
63 206
64 156
64 201
64 602
64 628
64 790
64 140
64 153
65 379
65 386
65 387
65 567
65 580
65 604
65 675
65 201
66 649
66 730
67 71
67 77
67 131
67 150
67 362
67 408
67 584
67 681
67 776
67 814
67 856
67 939
67 975
67 164
68 164
68 107
69 211
69 346
69 409
69 651
69 808
70 85
70 117
70 139
70 178
70 301
70 397
70 489
70 506
70 508
70 656
70 796
70 852
70 80
70 146
71 911
71 140
72 144
72 210
73 392
73 972
73 102
74 203
74 298
74 418
74 621
74 809
74 142
75 83
75 151
75 615
75 735
75 140
76 731
76 962
77 666
79 986
79 140
81 125
81 672
81 122
82 104
82 132
82 161
82 205
82 231
82 243
82 264
82 266
82 289
82 304
82 327
82 340
82 388
82 395
82 599
82 623
82 630
82 692
82 770
82 813
82 870
82 891
82 897
82 967
83 102
84 492
84 536
84 539
84 591
84 620
84 660
84 664
84 697
84 713
84 773
84 950
85 133
85 168
86 217
86 578
86 135
87 118
87 139
89 464
89 683
89 689
89 725
89 779
89 844
89 120
90 155
90 316
90 603
90 617
90 832
90 902
90 140
90 180
91 381
91 518
91 707
92 163
93 162
93 248
93 263
93 279
93 376
93 403
93 565
93 753
93 816
93 964
94 185
94 214
94 269
94 399
94 412
94 428
94 540
94 556
94 624
94 646
94 155
95 142
95 383
95 407
95 487
95 501
95 573
96 281
96 547
96 562
96 904
96 184
97 272
97 276
97 698
97 174
98 566
98 775
98 908
99 145
99 336
99 462
99 963
100 625
100 140
101 519
102 405
102 181
102 186
103 287
103 532
104 149
104 538
104 194
105 212
105 468
105 533
105 140
106 191
106 348
106 457
106 850
106 937
107 741
107 755
107 789
108 126
108 143
108 174
108 499
108 661
108 699
108 740
108 824
108 925
108 954
108 140
109 968
109 110
110 679
111 114
111 204
111 534
111 842
112 423
112 854
112 116
112 124
113 415
113 601
114 121
114 310
114 503
114 568
114 570
114 594
114 634
114 754
114 878
114 893
115 771
115 800
116 507
116 523
116 575
116 898
117 118
117 182
117 733
118 186
118 213
118 215
118 218
118 251
118 252
118 360
118 443
118 496
118 530
118 745
118 855
118 859
118 900
118 944
118 956
120 449
122 152
122 128
122 154
123 207
123 905
123 946
126 221
126 267
126 494
126 548
127 196
127 262
127 341
127 467
127 543
127 862
127 152
128 177
128 190
129 227
129 365
129 172
131 257
131 724
131 917
131 936
132 817
132 160
133 143
133 398
133 721
133 812
133 838
133 903
133 976
134 260
134 279
134 385
134 431
134 706
134 798
134 959
134 196
135 178
135 831
135 876
135 997
135 144
136 421
137 138
137 404
137 529
137 942
137 943
137 187
138 171
138 228
138 249
138 402
138 513
138 627
138 631
138 643
138 657
138 706
138 758
138 835
138 907
138 965
138 989
139 530
139 571
139 709
139 711
140 324
140 147
141 290
141 440
141 732
141 841
141 895
142 648
143 283
143 357
143 432
143 447
143 883
143 955
143 958
144 678
145 990
146 671
146 786
147 901
148 328
148 156
148 171
149 736
150 197
152 186
153 427
153 747
153 821
153 871
153 996
153 202
160 163
165 183
184 200
