0 1
0 2
0 3
0 4
0 7
0 52
0 57
0 73
0 77
0 86
0 113
0 116
0 133
0 134
0 149
0 161
0 175
0 182
0 184
0 201
0 204
0 242
0 275
0 319
0 333
0 428
0 534
0 595
0 657
0 786
0 839
0 865
0 904
1 2
1 3
1 4
1 5
1 6
1 7
1 10
1 11
1 13
1 17
1 18
1 21
1 23
1 25
1 28
1 29
1 30
1 32
1 38
1 40
1 42
1 47
1 49
1 50
1 54
1 61
1 63
1 65
1 71
1 72
1 79
1 81
1 87
1 90
1 92
1 105
1 108
1 110
1 112
1 115
1 119
1 124
1 133
1 157
1 159
1 162
1 167
1 169
1 172
1 179
1 182
1 193
1 195
1 196
1 206
1 217
1 269
1 355
1 366
1 384
1 392
1 393
1 438
1 486
1 514
1 517
1 524
1 593
1 626
1 628
1 636
1 678
1 699
1 705
1 708
1 712
1 718
1 721
1 770
1 776
1 791
1 827
1 842
1 848
1 854
1 859
1 861
1 880
1 886
1 914
1 915
1 958
1 965
1 971
1 995
2 3
2 4
2 19
2 20
2 22
2 23
2 29
2 37
2 39
2 45
2 53
2 63
2 68
2 69
2 85
2 92
2 98
2 105
2 109
2 115
2 125
2 128
2 130
2 131
2 134
2 142
2 157
2 172
2 173
2 182
2 201
2 205
2 314
2 346
2 444
2 455
2 525
2 577
2 598
2 601
2 686
2 711
2 720
2 760
2 816
2 833
2 950
2 974
2 988
2 990
2 991
3 4
3 5
3 8
3 13
3 15
3 28
3 40
3 41
3 42
3 59
3 72
3 75
3 110
3 111
3 132
3 134
3 150
3 154
3 174
3 211
3 242
3 285
3 308
3 330
3 341
3 376
3 411
3 465
3 536
3 548
3 611
3 619
3 638
3 651
3 797
3 798
3 855
3 868
4 6
4 8
4 11
4 12
4 16
4 19
4 27
4 28
4 32
4 33
4 37
4 41
4 46
4 63
4 66
4 79
4 81
4 86
4 96
4 103
4 104
4 105
4 106
4 108
4 111
4 117
4 129
4 134
4 143
4 147
4 148
4 153
4 156
4 158
4 159
4 164
4 165
4 173
4 183
4 184
4 187
4 192
4 194
4 199
4 223
4 229
4 298
4 313
4 316
4 317
4 345
4 355
4 399
4 405
4 407
4 426
4 435
4 464
4 475
4 498
4 517
4 522
4 530
4 591
4 606
4 634
4 643
4 656
4 660
4 666
4 675
4 709
4 731
4 740
4 767
4 836
4 844
4 848
4 884
4 908
4 919
4 942
4 943
4 958
5 9
5 12
5 16
5 24
5 55
5 69
5 76
5 88
5 131
5 153
5 248
5 362
5 413
5 800
5 910
5 65
5 6
5 8
6 7
6 11
6 20
6 29
6 31
6 35
6 68
6 71
6 77
6 86
6 108
6 126
6 137
6 168
6 181
6 193
6 198
6 199
6 201
6 287
6 296
6 323
6 324
6 335
6 373
6 387
6 435
6 494
6 496
6 501
6 512
6 526
6 542
6 554
6 589
6 590
6 633
6 646
6 649
6 725
6 733
6 744
6 755
6 775
6 794
6 804
6 813
6 819
6 836
6 876
6 895
6 955
6 976
6 997
6 998
6 123
6 9
6 12
6 14
6 15
6 22
6 28
6 30
6 69
6 74
7 8
7 18
7 31
7 33
7 112
7 114
7 118
7 204
7 240
7 807
7 922
7 123
7 19
7 27
7 37
7 46
7 140
7 153
8 18
8 26
8 31
8 56
8 60
8 105
8 198
8 228
8 315
8 547
8 690
8 752
8 808
8 850
8 899
8 907
8 942
9 10
9 11
9 15
9 16
9 17
9 23
9 28
9 42
9 46
9 47
9 51
9 54
9 65
9 72
9 73
9 78
9 80
9 83
9 103
9 106
9 109
9 122
9 124
10 84
10 171
10 180
10 491
11 17
11 21
11 38
11 39
11 65
11 104
11 419
11 979
11 146
12 14
12 15
12 16
12 22
12 24
12 36
12 42
12 43
12 69
12 82
12 95
12 96
12 97
12 123
12 131
12 136
12 139
12 145
12 155
12 161
12 163
12 175
12 176
12 185
12 191
12 196
12 203
12 212
12 218
12 234
12 235
12 236
12 241
12 252
12 258
12 259
12 266
12 267
12 277
12 282
12 288
12 289
12 291
12 299
12 312
12 320
12 322
12 336
12 338
12 343
12 357
12 360
12 363
12 365
12 382
12 389
12 400
12 401
12 403
12 436
12 437
12 457
12 459
12 461
12 467
12 476
12 507
12 513
12 553
12 558
12 567
12 574
12 614
12 620
12 621
12 629
12 668
12 726
12 743
12 750
12 751
12 761
12 763
12 774
12 778
12 784
12 787
12 801
12 803
12 811
12 820
12 826
12 829
12 838
12 849
12 858
12 867
12 873
12 877
12 887
12 896
12 900
12 902
12 906
12 910
12 921
12 924
12 925
12 930
12 947
12 954
12 987
12 992
12 996
12 19
12 25
12 29
12 33
12 105
12 119
13 23
13 30
13 34
13 35
13 57
13 190
13 264
13 305
13 311
13 332
13 364
13 396
13 443
13 490
13 510
13 531
13 575
13 631
13 642
13 123
13 15
14 16
14 128
15 41
15 76
15 88
15 246
15 463
15 503
15 511
15 845
15 37
15 49
15 57
15 61
15 65
15 86
16 55
16 60
16 66
16 76
16 80
16 82
16 88
16 97
16 122
16 166
16 185
16 189
16 192
16 263
16 304
16 344
16 434
16 447
16 537
16 541
16 553
16 571
16 581
16 630
16 639
16 680
16 689
16 691
16 815
16 828
16 843
16 862
16 864
16 872
16 881
16 892
16 911
16 936
16 938
16 940
16 945
16 53
16 149
16 160
17 265
17 707
17 123
17 26
17 31
17 43
18 44
18 51
18 70
18 71
18 83
18 98
18 107
18 116
18 167
18 186
18 200
18 265
18 368
18 371
18 395
18 429
18 458
18 492
18 500
18 506
18 546
18 555
18 562
18 583
18 655
18 663
18 665
18 670
18 698
18 714
18 756
18 832
18 885
18 983
18 984
18 181
19 21
19 75
20 37
20 38
20 102
20 232
20 397
20 430
20 764
21 86
21 481
21 694
21 837
21 26
21 27
21 63
21 154
22 26
22 41
22 85
22 90
22 99
22 120
22 128
22 152
22 207
22 230
22 239
22 250
22 294
22 302
22 309
22 318
22 325
22 326
22 351
22 358
22 454
22 529
22 569
22 572
22 608
22 635
22 710
22 793
22 835
22 901
22 937
22 941
23 25
23 30
23 79
23 91
23 109
23 119
23 124
23 140
23 370
23 374
23 432
23 596
23 616
23 704
23 747
23 772
23 792
23 821
23 918
23 939
23 65
23 31
23 35
23 41
23 44
23 45
23 64
23 97
23 105
23 114
23 131
23 142
23 147
26 48
26 56
26 78
26 114
26 127
26 170
26 213
26 378
26 390
26 402
26 442
26 450
26 469
26 493
26 504
26 564
26 623
26 637
26 647
26 661
26 706
26 717
26 734
26 746
26 777
26 779
26 841
26 890
26 905
26 935
26 953
26 962
26 968
26 994
26 32
26 37
26 182
27 118
27 76
27 94
27 113
27 148
28 30
28 32
28 46
28 57
28 61
28 281
28 283
28 297
28 350
28 588
28 688
28 939
28 963
28 47
29 35
29 38
29 39
29 52
29 59
29 65
29 142
29 260
29 369
29 473
29 495
29 528
29 957
30 100
30 44
30 134
31 111
31 661
31 99
31 107
32 45
32 138
32 167
32 219
32 245
32 456
32 970
32 65
32 49
32 51
32 60
32 79
32 82
33 39
33 58
33 61
33 81
33 106
33 112
33 151
34 35
34 62
34 73
34 93
34 140
34 220
34 585
34 738
34 785
34 993
35 62
35 75
35 87
35 89
35 93
35 106
35 137
35 144
35 174
35 194
35 231
35 412
35 420
35 421
35 452
35 487
35 502
35 509
35 521
35 540
35 543
35 545
35 550
35 568
35 580
35 679
35 713
35 722
35 739
35 748
35 789
35 823
35 824
35 834
35 874
35 878
35 898
35 923
35 975
35 978
35 999
35 171
36 871
37 47
37 53
37 57
37 67
37 79
37 101
37 102
37 125
37 162
37 164
37 174
37 202
37 209
37 233
37 245
37 260
37 272
37 273
37 385
37 386
37 451
37 559
37 565
37 582
37 586
37 602
37 632
37 682
37 693
37 695
37 723
37 745
37 796
37 805
37 810
37 830
37 846
37 847
37 856
37 870
37 913
37 952
37 966
37 967
37 982
37 137
38 52
38 121
38 130
38 151
38 184
38 261
38 592
38 667
39 59
39 152
39 539
39 744
39 831
39 62
39 107
40 123
40 63
41 43
41 54
41 78
41 80
41 99
41 154
41 160
41 161
41 177
41 188
41 221
41 254
41 301
41 375
41 424
41 466
41 472
41 508
41 570
41 574
41 578
41 597
41 605
41 716
41 719
41 730
41 758
41 762
41 782
41 825
41 833
41 852
41 932
41 935
42 58
42 66
42 78
42 99
42 113
42 120
42 176
42 255
42 262
42 357
43 135
43 188
43 284
43 851
44 48
44 505
44 58
45 56
45 126
45 143
45 200
45 268
45 383
45 416
45 446
45 477
45 483
45 538
45 650
45 652
45 696
45 703
45 742
45 781
45 894
45 917
45 948
45 964
46 49
46 106
46 702
46 981
46 48
46 96
46 108
46 115
47 70
47 156
47 158
47 171
47 184
47 307
47 340
47 404
47 425
47 492
47 812
47 933
47 48
48 67
48 114
49 66
49 123
49 134
49 197
50 74
50 146
50 216
50 423
50 573
50 674
50 980
51 356
51 373
51 71
51 85
51 89
51 91
52 137
52 247
52 754
53 56
54 160
54 84
54 135
55 293
55 65
55 67
57 64
57 194
57 197
57 224
57 438
57 449
57 482
57 523
57 551
57 563
57 683
57 891
57 969
58 113
58 123
58 579
59 92
59 121
59 126
59 179
59 290
59 814
59 817
59 65
59 97
59 98
60 67
60 81
60 107
60 587
60 684
60 790
60 883
60 964
61 94
61 164
61 190
61 452
61 499
61 90
61 99
62 98
62 128
63 298
63 609
63 613
63 700
63 796
63 856
63 93
63 116
64 576
64 753
64 780
64 909
64 125
65 87
65 123
65 95
66 80
66 123
66 215
67 98
67 107
67 124
67 197
67 219
67 251
67 271
67 380
67 427
67 439
67 560
67 654
67 669
67 672
67 771
67 840
67 863
67 961
67 989
68 171
68 795
69 135
69 203
69 671
69 759
70 882
71 84
71 89
71 398
71 460
71 806
71 903
71 920
71 949
73 100
73 210
73 418
73 532
73 584
73 612
73 738
73 802
73 853
73 926
73 985
75 253
75 799
75 77
76 98
76 123
76 249
76 310
76 367
76 603
76 618
76 677
77 243
77 83
77 150
78 123
78 110
79 132
79 190
79 208
79 339
79 342
79 359
79 379
79 788
79 164
80 280
80 410
80 104
80 122
80 129
81 173
81 226
81 622
81 729
81 149
82 95
82 352
83 92
83 119
83 146
84 141
84 187
86 533
86 594
86 627
86 123
87 462
87 889
88 97
88 135
88 321
88 610
88 676
88 769
89 819
90 369
90 478
90 99
90 156
91 118
92 292
92 931
92 97
92 137
92 199
93 576
93 664
93 101
94 334
94 516
94 951
95 417
95 749
95 189
96 277
96 929
97 727
97 132
98 112
98 122
98 214
98 228
98 378
98 422
98 445
98 479
98 518
98 549
98 593
98 604
98 653
98 724
98 944
99 113
99 136
99 189
99 270
99 274
99 337
99 358
99 406
99 415
99 544
99 741
99 893
99 121
100 728
101 279
101 286
101 474
101 977
102 123
103 519
104 199
104 497
105 168
105 170
105 366
105 408
105 488
105 640
105 697
105 765
105 127
105 132
106 225
106 673
106 687
107 170
107 222
107 414
107 644
107 697
107 768
107 113
108 204
108 244
108 256
108 295
108 928
109 148
109 165
109 227
109 300
109 327
109 329
109 331
109 377
109 448
109 471
109 625
109 645
109 701
109 766
109 866
109 875
109 888
109 960
109 973
110 276
110 409
110 485
110 527
110 615
111 126
111 198
111 441
111 757
112 116
112 879
112 131
113 120
113 177
113 196
113 433
113 556
113 916
114 141
114 391
114 489
114 599
114 658
114 735
114 736
114 773
114 959
114 195
117 238
117 648
117 912
117 123
118 348
118 408
119 353
119 681
119 732
119 869
119 145
119 150
121 303
121 381
121 897
121 150
122 319
122 715
122 126
122 155
123 189
123 191
123 257
123 278
123 372
123 403
123 440
123 453
123 470
123 535
123 617
123 624
123 659
123 692
123 934
123 953
124 347
124 349
124 468
124 480
124 484
124 515
124 561
124 566
124 607
124 742
124 783
124 927
124 952
124 972
125 134
126 195
126 354
126 520
126 641
126 685
126 956
127 172
130 180
130 306
130 662
130 818
131 552
133 161
135 328
135 557
136 394
139 809
140 202
143 388
143 200
145 860
145 946
145 196
146 986
147 181
147 204
148 237
148 361
148 149
150 857
151 600
151 737
151 822
152 178
152 431
154 165
157 204
166 173
174 199
187 200
190 194
198 201
