0 1
0 2
0 3
0 4
0 5
0 7
0 11
0 16
0 31
0 34
0 52
0 60
0 61
0 72
0 74
0 75
0 76
0 77
0 80
0 89
0 94
0 109
0 111
0 114
0 120
0 139
0 140
0 153
0 157
0 160
0 168
0 175
0 178
0 179
0 184
0 188
0 204
0 287
0 316
0 320
0 330
0 345
0 401
0 407
0 416
0 428
0 506
0 598
0 639
0 656
0 710
0 788
0 839
0 849
0 862
0 926
0 984
1 2
1 3
1 4
1 12
1 60
1 82
1 94
1 101
1 107
1 117
1 121
1 127
1 198
1 199
1 203
1 379
1 388
1 425
1 490
1 493
1 526
1 551
1 563
1 687
1 856
1 977
2 3
2 4
2 5
2 13
2 21
2 26
2 33
2 35
2 37
2 38
2 46
2 47
2 49
2 50
2 51
2 54
2 67
2 68
2 69
2 70
2 73
2 75
2 79
2 110
2 121
2 123
2 126
2 139
2 141
2 143
2 145
2 152
2 159
2 162
2 163
2 169
2 170
2 176
2 184
2 185
2 189
2 195
2 196
2 204
2 244
2 253
2 291
2 313
2 344
2 444
2 497
2 503
2 535
2 555
2 566
2 577
2 591
2 620
2 653
2 660
2 684
2 745
2 772
2 794
2 865
2 875
2 889
2 928
2 946
2 969
2 973
3 4
3 5
3 6
3 7
3 8
3 10
3 12
3 15
3 16
3 18
3 25
3 29
3 31
3 35
3 37
3 41
3 44
3 51
3 57
3 58
3 60
3 61
3 63
3 64
3 67
3 71
3 73
3 78
3 81
3 90
3 93
3 97
3 100
3 103
3 104
3 107
3 114
3 116
3 124
3 128
3 130
3 134
3 139
3 141
3 144
3 146
3 149
3 152
3 157
3 159
3 161
3 164
3 166
3 168
3 169
3 173
3 180
3 183
3 197
3 203
3 204
3 206
3 215
3 289
3 326
3 341
3 348
3 434
3 435
3 455
3 471
3 478
3 581
3 595
3 635
3 673
3 690
3 727
3 790
3 830
3 845
3 848
3 853
3 854
3 883
3 894
3 905
3 998
4 9
4 16
4 17
4 22
4 28
4 42
4 44
4 48
4 51
4 56
4 58
4 64
4 75
4 76
4 79
4 81
4 84
4 97
4 98
4 108
4 115
4 123
4 127
4 133
4 140
4 144
4 145
4 151
4 156
4 158
4 184
4 193
4 321
4 369
4 371
4 395
4 421
4 454
4 560
4 618
4 696
4 697
4 801
4 838
4 909
4 938
4 979
4 981
4 994
5 12
5 13
5 174
5 432
5 643
5 37
5 6
5 9
5 11
5 26
5 40
5 51
5 70
5 79
6 10
6 11
6 15
6 17
6 18
6 20
6 21
6 23
6 31
6 32
6 36
6 37
6 42
6 74
6 88
6 106
6 109
6 143
6 165
6 170
6 230
6 238
6 248
6 262
6 288
6 294
6 303
6 310
6 313
6 354
6 357
6 383
6 392
6 397
6 400
6 449
6 483
6 485
6 492
6 499
6 510
6 520
6 529
6 550
6 575
6 590
6 600
6 610
6 613
6 621
6 623
6 633
6 640
6 646
6 672
6 675
6 701
6 724
6 725
6 731
6 734
6 735
6 737
6 743
6 744
6 749
6 778
6 789
6 792
6 805
6 826
6 850
6 852
6 875
6 887
6 895
6 899
6 903
6 953
6 963
6 983
6 60
6 12
6 13
6 19
6 22
6 46
6 54
6 58
6 123
7 8
7 9
7 38
7 52
7 58
7 99
7 116
7 136
7 147
7 163
7 235
7 249
7 257
7 366
7 516
7 528
7 592
7 641
7 650
7 692
7 718
7 746
7 943
7 964
8 9
8 35
8 60
8 82
8 93
8 220
8 275
8 286
8 338
8 423
8 429
8 540
8 632
8 677
8 678
8 712
8 798
8 851
8 886
8 925
9 39
9 76
9 349
9 384
9 851
9 21
9 127
9 152
9 204
10 15
10 17
10 18
10 29
10 69
10 84
10 86
10 113
10 129
10 148
10 175
10 202
10 331
10 337
10 442
10 443
10 498
10 530
10 538
10 580
10 619
10 714
10 888
10 901
10 956
10 60
10 14
11 20
11 21
11 23
11 36
11 43
11 57
11 116
11 122
11 172
11 221
11 293
11 418
11 833
11 893
11 917
11 13
11 24
11 46
11 48
11 98
11 126
11 142
12 13
12 14
12 188
12 198
12 239
12 386
12 849
12 857
12 965
12 996
12 37
12 16
12 32
12 65
12 72
13 14
13 19
13 55
13 92
13 95
13 101
13 177
13 179
13 189
13 409
13 557
13 561
13 576
13 578
13 624
13 657
13 747
13 791
13 803
13 985
13 18
13 21
13 38
13 39
13 52
13 59
13 93
13 111
13 122
13 150
14 19
14 27
14 53
14 91
14 102
14 152
14 181
14 184
14 224
14 256
14 274
14 281
14 367
14 427
14 609
14 634
14 733
14 793
14 37
14 108
15 17
15 18
15 66
15 77
15 83
15 88
15 186
15 237
15 251
15 322
15 356
15 414
15 489
15 545
15 640
15 680
15 685
15 688
15 800
15 911
15 990
15 992
16 24
16 32
16 40
16 41
16 44
16 45
16 59
16 65
16 133
16 252
16 284
16 377
16 398
16 567
16 703
16 811
16 835
16 844
16 882
16 919
16 954
16 955
16 991
16 20
16 43
16 85
16 147
17 85
17 103
17 104
17 109
17 201
17 217
17 246
17 308
17 376
17 808
17 897
17 952
17 37
17 27
17 47
17 82
17 135
17 141
18 240
18 411
18 452
18 605
18 879
18 892
19 27
19 100
19 277
19 342
19 556
19 658
19 723
19 933
19 35
19 37
19 62
20 21
20 23
20 43
20 47
20 57
20 74
20 90
20 94
20 124
20 210
20 405
20 449
20 487
20 553
20 582
20 636
20 708
20 740
20 755
20 762
20 814
20 22
20 52
21 32
21 107
21 119
21 282
21 434
21 60
21 27
21 31
21 35
21 62
21 66
21 80
21 93
21 131
22 134
22 585
23 290
23 332
23 638
23 931
24 162
24 505
24 123
24 133
25 30
25 484
25 653
25 819
25 951
25 976
26 40
26 41
26 48
26 62
26 96
26 125
26 167
26 296
26 464
26 479
26 756
27 55
27 92
27 112
27 372
27 786
27 934
27 29
27 34
27 41
27 51
27 81
27 133
29 30
29 148
29 161
29 194
29 389
29 565
29 847
30 668
30 945
31 69
31 105
31 131
32 34
32 36
32 40
32 45
32 65
32 68
32 78
32 172
32 176
32 182
32 200
32 212
32 219
32 227
32 265
32 306
32 317
32 319
32 336
32 339
32 350
32 382
32 467
32 473
32 480
32 486
32 501
32 502
32 517
32 531
32 608
32 612
32 626
32 628
32 644
32 674
32 702
32 704
32 716
32 729
32 734
32 750
32 764
32 790
32 823
32 827
32 881
32 915
32 927
32 988
32 997
33 35
33 38
33 39
33 117
33 315
33 346
33 536
33 546
33 961
34 59
34 111
34 150
34 156
34 200
34 457
34 599
34 867
34 923
35 187
35 196
35 351
35 404
35 460
35 468
35 515
35 604
35 648
35 691
35 754
35 85
35 89
35 109
36 79
36 89
36 216
36 300
36 387
36 422
36 433
36 450
36 465
36 504
36 509
36 541
36 876
36 924
36 987
36 60
36 131
37 247
37 326
37 562
37 705
37 38
37 65
37 95
37 98
37 107
37 112
37 122
37 135
37 150
38 39
38 72
38 132
38 163
38 223
38 242
38 305
38 404
38 423
38 430
38 436
38 491
38 597
38 679
38 774
38 874
38 904
38 932
38 970
38 41
38 64
38 66
38 69
38 136
39 76
39 93
39 132
39 147
39 323
39 412
39 516
39 652
39 966
39 42
39 44
39 125
39 134
40 64
40 125
40 234
40 263
40 482
40 890
40 45
40 118
40 124
41 135
41 594
42 48
42 86
42 113
42 137
42 368
42 447
42 451
42 765
42 769
42 944
42 192
43 259
43 327
43 586
43 782
43 72
43 111
43 140
43 154
44 46
44 49
44 72
44 461
44 536
44 649
44 659
44 730
44 824
44 866
44 61
44 67
44 79
44 83
44 100
44 187
44 189
45 96
45 118
46 250
46 920
46 77
47 359
48 146
48 324
48 90
48 139
49 53
49 62
49 95
49 101
49 136
49 228
49 229
49 276
49 295
49 390
49 402
49 444
49 459
49 462
49 464
49 470
49 472
49 481
49 494
49 521
49 524
49 570
49 571
49 615
49 662
49 676
49 682
49 739
49 767
49 796
49 829
49 841
49 870
49 959
49 986
49 996
51 87
51 100
51 179
51 193
51 208
51 267
51 283
51 333
51 360
51 399
51 537
51 573
51 588
51 651
51 689
51 719
51 720
51 726
51 730
51 761
51 836
51 859
51 884
51 900
51 967
51 115
52 58
52 574
52 766
52 134
53 80
53 84
53 88
53 191
53 343
53 391
53 511
53 522
53 715
53 721
53 815
53 842
53 947
54 170
54 913
55 56
55 169
55 299
55 304
55 488
55 868
56 95
56 166
56 403
56 593
56 695
56 713
56 714
56 818
56 840
56 871
56 170
57 231
57 260
57 278
57 334
57 374
57 446
57 611
57 732
57 863
57 908
57 968
58 607
58 812
58 872
58 60
58 113
58 185
59 138
60 73
60 99
60 102
60 136
60 171
60 878
60 941
60 77
60 109
60 145
61 142
61 219
61 76
61 80
62 65
62 693
62 843
62 906
62 74
62 78
62 106
64 65
64 182
64 266
64 989
64 67
65 110
65 135
65 138
65 192
65 361
65 439
65 508
65 616
65 722
65 70
65 139
65 180
66 602
66 68
66 91
66 105
67 79
67 539
67 584
67 667
67 743
67 101
67 147
68 71
68 118
69 113
69 496
69 736
70 232
70 424
70 873
70 114
71 135
71 152
72 99
72 222
72 469
73 373
73 533
73 534
73 568
73 759
73 940
74 828
74 76
74 84
74 88
74 94
74 102
74 127
74 146
75 129
75 243
76 85
76 108
76 117
76 118
76 138
76 146
76 255
76 271
76 273
76 279
76 314
76 500
76 544
76 637
76 655
76 741
76 780
76 787
76 855
76 907
76 958
77 261
77 381
77 647
77 87
77 195
78 445
79 213
79 214
79 83
79 117
79 142
79 151
80 378
80 431
80 440
80 522
80 573
80 779
80 974
81 98
81 110
81 192
81 211
81 226
81 258
81 301
81 307
81 347
81 385
81 417
81 420
81 456
81 460
81 495
81 513
81 525
81 579
81 629
81 664
81 671
81 707
81 752
81 768
81 777
81 817
81 877
81 880
81 922
81 929
81 937
81 954
81 972
81 980
82 187
82 527
82 995
83 143
84 173
84 236
84 241
84 355
84 365
84 370
84 394
84 514
84 565
84 589
84 742
84 771
84 802
84 834
84 948
84 971
85 106
85 264
85 272
85 709
85 910
86 129
86 426
86 458
86 477
86 552
86 942
86 975
87 270
88 102
88 148
88 205
88 236
88 507
88 542
88 606
88 622
88 627
88 700
88 732
88 760
88 837
88 864
88 891
88 949
88 951
88 957
90 144
90 353
90 172
91 358
92 112
92 177
92 375
92 512
92 806
92 896
92 898
93 309
93 437
93 904
93 97
93 98
93 138
93 153
94 475
95 181
95 112
95 153
96 133
97 352
97 459
97 518
97 654
97 776
98 441
98 752
98 773
98 821
98 149
98 196
99 120
99 154
99 269
99 280
99 298
99 302
99 380
99 406
99 523
99 543
99 669
99 686
99 751
99 807
99 912
100 102
100 130
100 164
100 188
100 190
100 209
100 297
100 408
100 566
100 625
100 630
100 681
100 785
100 918
100 936
100 120
101 159
101 587
101 631
101 757
101 128
101 197
102 149
102 379
102 677
102 683
102 694
102 820
102 861
102 967
103 285
106 126
107 466
107 558
107 770
107 930
108 225
108 549
108 596
108 748
108 804
109 151
109 318
109 400
109 410
109 601
109 753
109 860
110 328
110 157
111 155
111 233
111 335
111 340
111 363
111 474
111 519
111 541
111 781
111 792
111 844
111 846
111 885
111 939
111 950
111 978
111 999
113 143
113 311
114 148
115 902
116 119
116 187
116 617
116 712
116 763
116 783
116 832
118 137
118 162
118 148
118 149
119 140
119 728
119 833
123 476
123 795
126 165
126 554
126 559
126 603
126 775
127 131
127 448
128 154
128 292
128 325
128 413
128 548
128 921
128 130
129 151
129 396
129 569
129 614
129 858
129 916
129 982
129 199
130 149
130 174
130 312
130 816
130 993
130 198
131 415
132 799
132 171
133 438
133 547
133 810
133 831
134 207
134 245
134 268
134 962
135 155
135 156
135 265
135 532
136 645
136 698
136 822
136 825
136 869
137 572
138 914
139 564
140 670
141 661
141 665
141 717
141 738
141 797
142 813
143 146
144 699
144 960
145 218
146 935
147 364
147 666
147 784
148 329
148 758
148 153
149 229
149 419
149 583
150 167
151 453
151 642
151 711
151 850
152 254
152 393
152 463
152 507
152 663
152 809
153 706
154 362
160 166
178 179
197 198
