0 1
0 2
0 3
0 7
0 9
0 12
0 16
0 18
0 23
0 32
0 40
0 45
0 46
0 47
0 51
0 53
0 56
0 67
0 72
0 79
0 83
0 89
0 93
0 99
0 102
0 112
0 120
0 127
0 128
0 131
0 143
0 145
0 146
0 147
0 167
0 168
0 171
0 176
0 186
0 187
0 190
0 222
0 413
0 516
0 528
0 579
0 647
0 740
0 769
0 817
0 833
0 840
0 849
0 951
0 973
0 994
1 2
1 3
1 5
1 6
1 7
1 12
1 16
1 17
1 19
1 20
1 25
1 29
1 31
1 32
1 41
1 42
1 45
1 46
1 47
1 49
1 63
1 68
1 71
1 72
1 76
1 77
1 81
1 82
1 84
1 86
1 88
1 90
1 92
1 94
1 99
1 113
1 119
1 120
1 123
1 127
1 129
1 133
1 136
1 145
1 148
1 151
1 155
1 160
1 162
1 164
1 165
1 171
1 172
1 196
1 199
1 227
1 272
1 284
1 295
1 297
1 305
1 309
1 324
1 343
1 355
1 370
1 381
1 396
1 427
1 461
1 472
1 499
1 506
1 543
1 558
1 589
1 654
1 730
1 745
1 754
1 871
1 906
1 910
1 916
1 952
1 960
1 961
1 997
2 3
2 6
2 7
2 9
2 10
2 11
2 13
2 22
2 24
2 31
2 36
2 39
2 41
2 52
2 54
2 55
2 56
2 58
2 67
2 68
2 73
2 86
2 91
2 93
2 97
2 99
2 100
2 105
2 106
2 109
2 114
2 117
2 123
2 126
2 127
2 130
2 140
2 142
2 144
2 149
2 152
2 153
2 154
2 160
2 161
2 166
2 167
2 169
2 180
2 181
2 184
2 189
2 192
2 197
2 200
2 203
2 211
2 215
2 257
2 279
2 298
2 314
2 315
2 324
2 362
2 390
2 400
2 441
2 448
2 538
2 626
2 696
2 714
2 720
2 723
2 781
2 790
2 811
2 827
2 837
2 851
2 875
2 888
2 904
2 975
2 979
2 989
3 4
3 5
3 6
3 8
3 9
3 10
3 16
3 17
3 33
3 37
3 38
3 55
3 57
3 59
3 63
3 64
3 70
3 74
3 75
3 76
3 77
3 84
3 87
3 97
3 102
3 103
3 109
3 117
3 118
3 124
3 127
3 128
3 129
3 134
3 142
3 153
3 156
3 157
3 161
3 169
3 172
3 181
3 185
3 199
3 203
3 210
3 217
3 239
3 280
3 287
3 302
3 384
3 393
3 429
3 466
3 469
3 559
3 618
3 655
3 669
3 680
3 703
3 711
3 712
3 724
3 782
3 806
3 886
3 893
3 903
3 926
3 930
3 966
3 972
4 9
4 14
4 43
4 84
4 117
4 165
4 184
4 346
4 352
4 418
4 425
4 585
4 598
4 786
4 807
4 943
4 73
4 5
4 6
4 7
4 11
4 12
4 15
4 21
4 24
4 28
4 31
4 39
4 49
4 51
4 58
4 60
4 63
4 91
4 135
5 581
5 600
5 73
5 8
5 10
5 35
5 41
5 50
5 52
5 56
5 65
5 83
5 103
5 119
5 129
5 192
6 8
6 10
6 30
6 121
6 636
6 638
6 699
6 702
6 7
6 68
6 78
6 94
7 11
7 28
7 33
7 34
7 39
7 48
7 58
7 74
7 94
7 97
7 111
7 125
7 137
7 149
7 182
7 218
7 220
7 484
7 522
7 560
7 597
7 605
7 608
7 620
7 637
7 652
7 735
7 908
7 29
7 32
7 38
7 136
8 10
8 13
8 36
8 192
8 196
8 372
8 415
8 428
8 604
8 648
8 73
8 11
8 16
8 18
8 23
8 24
8 32
8 148
9 14
9 26
9 37
9 43
9 53
9 56
9 96
9 105
9 120
9 156
9 198
9 204
9 244
9 327
9 455
9 465
9 467
9 491
9 549
9 599
9 667
9 675
9 779
9 846
9 872
9 877
9 894
9 963
9 977
10 27
10 30
10 44
10 66
10 79
10 80
10 353
10 416
10 533
10 644
10 684
10 830
10 873
10 944
10 14
10 18
10 37
10 42
10 63
10 78
10 82
10 139
11 28
11 50
11 59
11 74
11 115
11 214
11 268
11 532
11 545
11 596
11 695
11 749
11 802
11 858
11 13
11 26
11 77
11 99
11 103
12 25
12 81
12 174
12 213
12 250
12 338
12 341
12 439
12 562
12 685
12 693
12 715
12 761
12 102
13 15
13 17
13 19
13 20
13 21
13 27
13 44
13 45
13 49
13 65
13 76
13 79
13 86
13 87
13 101
13 114
13 136
13 137
13 151
13 161
13 179
13 195
13 228
13 242
13 246
13 267
13 276
13 299
13 317
13 330
13 337
13 386
13 401
13 424
13 436
13 457
13 460
13 479
13 552
13 570
13 593
13 617
13 627
13 631
13 642
13 661
13 672
13 686
13 727
13 731
13 733
13 743
13 828
13 832
13 838
13 866
13 880
13 896
13 900
13 922
13 931
13 935
13 941
13 958
13 980
14 18
14 376
15 52
15 100
15 22
15 38
15 42
15 49
15 55
15 57
15 66
15 85
15 91
15 110
16 17
16 21
16 26
16 36
16 44
16 66
16 67
16 70
16 71
16 83
16 109
16 116
16 126
16 136
16 139
16 142
16 150
16 154
16 157
16 216
16 247
16 260
16 273
16 285
16 292
16 304
16 345
16 363
16 368
16 404
16 420
16 429
16 463
16 478
16 487
16 502
16 503
16 515
16 529
16 546
16 548
16 603
16 624
16 660
16 690
16 710
16 739
16 741
16 751
16 773
16 777
16 805
16 844
16 853
16 874
16 876
16 887
16 933
16 935
16 936
16 968
16 983
16 18
16 20
16 25
16 135
17 54
17 64
17 67
17 191
17 495
17 940
18 37
18 53
18 146
18 183
18 237
18 271
18 351
18 356
18 382
18 475
18 511
18 653
18 691
18 721
18 791
18 809
18 819
18 942
18 42
18 50
18 52
18 87
20 396
20 945
20 27
20 39
20 47
20 120
20 139
20 152
21 116
21 150
21 225
21 683
21 917
21 991
21 73
21 36
21 53
21 95
21 101
21 122
21 134
21 136
22 32
22 435
22 28
22 69
22 73
22 93
23 694
23 969
23 44
23 59
23 74
23 85
23 133
24 66
24 190
24 993
24 26
24 61
24 77
24 137
25 58
25 90
25 238
25 526
25 657
25 31
25 50
25 156
26 38
26 122
26 232
26 290
26 335
26 344
26 884
26 911
26 27
26 129
27 40
27 50
27 98
27 111
27 157
27 168
27 182
27 195
27 219
27 277
27 288
27 495
27 517
27 519
27 550
27 553
27 571
27 588
27 611
27 671
27 678
27 835
27 905
27 908
27 938
27 80
28 33
28 39
28 48
28 53
28 73
28 96
28 104
28 132
28 266
28 303
28 323
28 358
28 373
28 374
28 410
28 443
28 451
28 476
28 492
28 505
28 537
28 539
28 576
28 590
28 613
28 697
28 705
28 728
28 755
28 796
28 824
28 867
28 881
28 895
28 901
28 946
28 111
28 114
29 325
29 645
29 757
29 73
29 41
29 51
29 59
29 125
29 150
29 151
30 614
30 798
31 534
31 844
31 40
31 45
31 83
31 106
31 120
31 147
32 60
32 78
32 110
32 147
32 235
32 282
32 286
32 308
32 349
32 431
32 554
32 580
32 677
32 784
32 845
32 929
32 999
32 46
33 48
33 82
34 35
34 51
34 60
34 95
34 110
34 159
34 203
34 294
34 339
34 377
34 411
34 459
34 468
34 474
34 504
34 518
34 625
34 650
34 656
34 707
34 709
34 729
34 766
34 768
34 771
34 772
34 775
34 778
34 816
34 870
34 890
34 965
35 719
35 64
35 98
36 45
36 64
36 70
36 85
36 99
36 121
36 278
36 332
36 366
36 367
36 490
36 496
36 591
36 638
36 750
36 823
36 831
36 863
36 868
36 879
36 897
36 982
36 73
36 53
36 61
36 97
36 103
36 108
36 116
37 69
37 198
37 453
37 716
37 717
37 821
37 994
37 134
38 41
38 57
38 86
38 119
38 138
38 151
38 189
38 232
38 298
38 306
38 342
38 399
38 540
38 841
38 862
38 123
39 59
39 158
39 163
39 446
39 535
40 47
40 566
40 955
40 55
40 60
40 75
40 145
40 146
41 61
41 281
41 66
41 79
41 123
42 51
42 78
42 85
42 87
42 136
42 240
42 283
42 320
42 375
42 378
42 456
42 458
42 468
42 500
42 565
42 572
42 635
42 759
42 829
42 848
42 891
42 899
42 188
44 251
44 988
45 462
45 54
45 73
45 99
46 159
46 275
46 486
46 668
46 812
46 826
46 827
46 865
46 985
47 144
47 191
47 192
47 241
47 265
48 73
48 94
48 107
48 115
48 125
48 333
48 361
48 494
48 539
48 640
48 646
48 860
48 971
49 92
49 563
49 980
49 54
49 81
49 105
49 141
49 168
49 179
50 62
50 115
51 60
51 173
51 269
51 313
51 334
51 354
51 531
51 564
51 704
51 770
51 800
51 892
51 987
51 995
52 71
52 927
52 932
53 69
53 406
53 407
53 547
53 602
53 612
53 619
54 80
54 88
54 808
54 85
54 96
54 106
54 113
54 138
54 144
54 145
55 138
55 152
55 445
55 748
55 818
55 882
56 90
56 96
56 132
56 133
56 186
56 928
57 73
57 60
57 140
57 147
58 220
58 224
58 255
58 392
58 395
58 398
58 408
58 414
58 482
58 493
58 514
58 574
58 577
58 622
58 629
58 633
58 634
58 641
58 758
58 762
58 795
58 850
58 919
58 921
59 556
59 67
59 118
60 391
60 785
60 852
61 725
61 71
62 75
62 153
62 259
62 263
64 369
64 432
64 527
64 825
66 101
66 131
66 171
66 188
66 201
66 262
66 387
66 389
66 497
66 520
66 594
66 630
66 732
66 765
66 843
66 861
66 915
66 920
66 195
67 131
67 223
67 498
68 830
69 81
69 108
69 132
69 397
69 470
69 480
69 509
69 688
69 792
69 934
70 212
70 290
70 423
70 434
70 573
70 591
70 676
71 643
72 206
72 254
72 293
72 321
72 364
72 371
72 438
72 454
72 523
72 544
72 569
72 586
72 615
72 679
72 713
72 789
72 924
73 146
73 307
73 799
73 949
73 957
73 76
73 77
73 94
73 100
73 110
73 137
74 125
74 135
74 176
74 177
74 207
74 419
74 689
74 698
74 736
74 882
75 91
75 150
75 312
75 357
75 610
75 756
75 797
75 199
76 120
76 133
76 137
76 138
76 170
76 226
76 320
76 347
76 394
76 447
76 464
76 488
76 606
76 658
76 665
76 670
76 722
76 813
76 834
76 912
76 976
76 84
76 108
76 112
77 182
77 248
77 322
77 551
77 774
77 998
78 123
78 405
78 568
78 575
79 229
79 329
79 803
79 981
80 787
81 253
82 107
82 744
82 150
83 114
83 541
83 609
83 92
83 96
84 280
84 402
84 601
84 992
85 375
85 442
86 122
86 143
86 664
86 687
86 842
87 194
87 201
87 706
88 155
88 584
89 854
90 106
90 141
90 279
90 392
90 543
90 595
90 847
90 964
91 289
91 437
91 469
93 388
93 673
93 701
93 173
94 489
94 524
94 666
94 140
94 158
95 578
95 639
95 651
96 204
96 243
96 477
96 794
96 898
97 804
97 176
98 245
98 913
98 141
99 258
99 300
99 530
99 616
99 628
99 159
100 101
100 326
100 444
100 510
100 907
101 291
101 583
101 623
102 118
102 348
102 403
102 738
102 201
103 177
103 737
103 914
103 105
103 116
105 130
105 256
106 135
106 149
106 186
107 148
107 417
107 681
107 734
108 582
109 110
109 112
109 147
109 193
109 208
109 236
109 249
109 264
109 296
109 310
109 421
109 440
109 471
109 485
109 507
109 513
109 525
109 557
109 632
109 642
109 662
109 692
109 726
109 788
109 836
109 885
109 902
109 947
109 956
109 959
109 962
109 974
109 996
109 181
109 197
110 318
110 365
110 379
110 815
110 970
111 209
111 248
111 512
111 700
111 889
112 140
112 205
112 234
112 301
112 521
112 918
112 948
112 950
113 149
114 385
114 449
114 767
115 742
116 450
116 814
117 252
117 311
117 452
117 856
117 883
118 183
119 128
120 174
120 501
120 752
120 760
120 978
121 233
122 659
122 909
122 200
123 426
123 561
123 663
123 753
124 225
124 542
124 647
124 869
124 171
125 747
126 197
126 763
126 967
127 878
128 433
128 481
128 133
129 383
130 813
131 783
131 937
131 167
132 483
134 143
134 331
134 336
134 430
135 820
136 163
136 261
136 270
136 319
136 340
136 409
136 422
136 649
136 708
136 764
136 776
136 793
136 822
136 838
136 939
137 758
138 718
138 780
138 990
139 202
140 166
140 178
140 508
140 621
140 746
141 674
141 174
142 180
142 201
142 350
142 567
143 145
144 157
145 230
146 148
146 177
146 316
146 359
146 412
146 473
146 549
146 555
146 592
146 607
146 613
146 681
146 682
146 810
146 839
146 855
146 857
146 859
146 864
146 923
146 925
146 954
146 984
147 221
147 536
147 544
147 986
148 380
148 953
151 171
151 328
151 587
152 274
152 801
153 175
153 231
153 360
153 172
156 174
162 168
169 175
187 190
191 200
