0 1
0 2
0 3
0 4
0 6
0 9
0 11
0 16
0 20
0 25
0 27
0 29
0 35
0 36
0 37
0 40
0 41
0 45
0 47
0 54
0 60
0 62
0 72
0 74
0 75
0 90
0 92
0 93
0 97
0 104
0 105
0 111
0 113
0 114
0 123
0 124
0 125
0 126
0 128
0 129
0 131
0 133
0 138
0 140
0 143
0 145
0 148
0 150
0 154
0 156
0 157
0 159
0 160
0 165
0 166
0 173
0 177
0 178
0 182
0 185
0 187
0 188
0 190
0 193
0 194
0 195
0 219
0 259
0 281
0 319
0 366
0 427
0 433
0 448
0 451
0 462
0 483
0 485
0 493
0 504
0 509
0 535
0 536
0 570
0 579
0 585
0 601
0 627
0 664
0 670
0 684
0 729
0 734
0 758
0 761
0 776
0 794
0 812
0 852
0 857
0 861
0 869
0 870
0 891
0 894
0 899
0 921
0 940
0 958
0 964
0 967
0 974
0 986
0 994
1 2
1 3
1 7
1 9
1 10
1 15
1 16
1 17
1 19
1 20
1 25
1 28
1 30
1 32
1 33
1 34
1 36
1 47
1 48
1 51
1 53
1 54
1 59
1 60
1 61
1 63
1 66
1 68
1 75
1 80
1 82
1 84
1 91
1 102
1 104
1 106
1 112
1 121
1 122
1 123
1 129
1 143
1 145
1 158
1 163
1 176
1 192
1 193
1 195
1 201
1 285
1 361
1 370
1 391
1 395
1 414
1 418
1 488
1 498
1 543
1 593
1 693
1 727
1 741
1 755
1 777
1 782
1 805
1 839
1 843
1 970
2 3
2 5
2 6
2 9
2 20
2 37
2 38
2 40
2 47
2 54
2 60
2 70
2 82
2 91
2 94
2 99
2 105
2 109
2 111
2 117
2 127
2 134
2 138
2 142
2 154
2 155
2 156
2 167
2 173
2 187
2 194
2 214
2 220
2 247
2 304
2 310
2 341
2 375
2 377
2 532
2 575
2 606
2 620
2 849
2 850
2 912
2 937
2 962
3 5
3 9
3 33
3 41
3 53
3 55
3 69
3 87
3 88
3 103
3 124
3 130
3 139
3 146
3 160
3 161
3 171
3 271
3 350
3 405
3 463
3 506
3 537
3 569
3 653
3 685
3 745
3 760
3 904
3 915
4 8
4 21
4 64
4 76
4 98
4 169
4 227
4 438
4 746
4 754
4 769
4 896
4 18
4 5
4 10
4 11
4 33
4 49
4 60
5 6
5 8
5 15
5 16
5 22
5 23
5 26
5 29
5 31
5 37
5 45
5 48
5 51
5 60
5 71
5 73
5 100
5 101
5 106
5 117
5 120
5 147
5 150
5 157
5 177
5 202
5 209
5 217
5 252
5 265
5 268
5 288
5 306
5 323
5 326
5 340
5 348
5 357
5 364
5 373
5 377
5 388
5 389
5 413
5 415
5 417
5 421
5 431
5 434
5 443
5 458
5 466
5 472
5 474
5 475
5 477
5 484
5 486
5 494
5 502
5 528
5 538
5 573
5 577
5 583
5 600
5 603
5 618
5 634
5 640
5 643
5 644
5 649
5 654
5 656
5 675
5 699
5 704
5 718
5 779
5 783
5 797
5 798
5 806
5 835
5 848
5 905
5 909
5 910
5 938
5 959
5 972
5 985
5 990
5 18
5 11
5 19
5 80
6 8
6 14
6 226
6 827
6 866
7 162
7 267
7 290
7 308
7 18
7 8
7 14
7 68
7 119
8 12
8 14
8 17
8 21
8 23
8 31
8 34
8 38
8 43
8 45
8 51
8 57
8 79
8 84
8 85
8 97
8 113
8 115
8 116
8 118
8 120
8 123
8 133
8 137
8 138
8 141
8 179
8 188
8 205
8 228
8 253
8 277
8 284
8 295
8 300
8 334
8 346
8 360
8 367
8 394
8 430
8 441
8 461
8 467
8 482
8 531
8 541
8 548
8 568
8 590
8 615
8 645
8 652
8 662
8 737
8 748
8 785
8 802
8 808
8 831
8 886
8 913
8 954
8 962
8 973
8 984
8 989
8 11
8 18
8 56
8 121
9 12
9 18
9 49
9 59
9 63
9 69
9 90
9 245
9 255
9 392
9 408
9 562
9 638
10 26
10 51
10 358
10 134
11 335
11 393
11 459
11 756
11 15
11 16
11 17
11 23
11 24
11 30
11 35
11 37
11 60
11 72
11 77
11 83
11 86
11 113
11 119
12 13
12 17
12 35
12 42
12 59
12 63
12 75
12 89
12 126
12 141
12 142
12 150
12 166
12 178
12 185
12 190
12 237
12 270
12 272
12 294
12 309
12 330
12 339
12 345
12 347
12 351
12 369
12 371
12 409
12 419
12 426
12 446
12 453
12 464
12 473
12 512
12 546
12 547
12 555
12 558
12 588
12 609
12 622
12 626
12 642
12 658
12 680
12 712
12 731
12 740
12 760
12 773
12 799
12 800
12 816
12 819
12 829
12 834
12 875
12 878
12 887
12 920
12 931
12 934
12 936
12 950
12 976
12 979
13 320
13 327
13 374
13 591
13 757
13 813
14 47
14 289
14 295
14 362
14 17
15 20
15 24
15 29
15 57
15 107
15 145
15 193
15 212
15 491
15 572
15 707
15 845
15 848
15 992
15 61
16 22
16 293
16 322
16 390
16 420
16 525
16 540
16 673
16 54
17 21
17 30
17 32
17 43
17 68
17 88
17 130
17 143
17 159
17 189
17 325
17 514
17 564
17 689
17 700
17 713
17 884
17 924
17 18
17 20
17 24
17 28
17 35
17 42
17 46
17 101
17 108
17 116
18 25
18 146
18 329
18 447
18 512
18 659
18 724
18 19
18 20
18 21
18 40
18 44
18 64
18 71
18 77
18 86
18 87
18 93
18 141
19 28
19 44
19 46
19 21
19 25
19 30
19 41
19 83
19 100
20 52
20 70
20 77
20 108
20 286
20 403
20 423
20 540
20 581
20 604
20 728
20 804
20 817
20 842
20 903
20 25
20 26
20 31
20 38
20 57
20 81
20 95
20 103
20 198
21 43
21 85
21 97
21 331
21 526
22 104
22 161
22 243
22 315
22 425
22 449
22 553
22 578
22 874
22 889
23 86
23 195
23 628
23 840
24 721
24 25
24 32
24 37
24 42
24 44
24 55
24 57
24 58
24 63
24 66
24 91
24 92
24 93
24 102
24 111
24 138
24 151
25 35
25 42
25 49
25 54
25 56
25 160
25 199
25 210
25 249
25 333
25 401
25 437
25 478
25 479
25 520
25 557
25 559
25 648
25 723
25 762
25 781
25 824
25 843
25 873
25 916
25 918
25 955
25 34
25 64
25 76
25 82
25 84
25 152
26 27
26 67
26 181
26 186
26 192
26 289
26 596
26 610
26 650
26 682
26 956
26 97
26 122
26 123
27 66
27 87
27 95
27 162
27 260
27 442
27 492
27 655
27 667
27 678
27 701
27 730
27 747
27 925
27 933
27 966
28 39
28 44
28 46
28 52
28 53
28 55
28 58
28 62
28 107
28 119
28 242
28 303
28 497
28 499
28 516
28 521
28 612
28 620
28 661
28 679
28 733
28 790
28 830
29 40
29 50
29 57
29 99
29 112
29 117
29 147
29 152
29 177
29 476
29 549
30 598
30 33
30 34
30 50
30 126
30 147
31 614
31 46
31 52
31 98
31 112
33 35
33 81
33 164
33 203
33 328
33 338
33 460
33 631
33 632
33 677
33 720
33 793
33 853
33 876
33 949
33 58
33 66
33 120
33 135
33 137
33 143
34 213
34 450
34 624
34 825
34 837
34 951
34 43
34 52
35 42
35 65
35 78
35 92
35 110
35 381
35 456
35 605
35 663
35 752
35 780
35 880
35 935
35 961
36 625
36 801
36 907
36 957
37 102
37 132
37 165
37 216
37 313
37 417
37 505
37 751
37 768
37 846
37 65
37 66
37 134
37 142
37 170
38 126
38 150
38 173
38 274
38 382
38 807
38 871
38 995
38 88
39 44
39 176
40 71
40 94
40 151
40 152
40 174
40 332
40 457
40 749
40 888
40 123
41 353
41 73
41 138
41 149
42 50
42 96
42 146
42 155
42 321
42 365
42 444
42 686
42 832
42 999
42 47
42 72
42 75
42 148
43 100
43 129
43 168
43 170
43 191
43 300
43 539
43 665
43 714
44 61
44 257
44 312
44 356
44 495
44 515
44 602
44 820
44 103
45 231
45 349
45 705
45 708
45 716
45 893
45 900
45 901
46 144
46 368
46 508
46 576
46 706
46 765
46 943
46 982
47 58
47 74
47 79
47 88
47 101
47 140
47 183
47 296
47 305
47 316
47 353
47 470
47 522
47 571
47 589
47 592
47 597
47 599
47 809
47 836
47 865
47 897
47 939
47 941
47 945
47 968
47 974
48 926
49 50
49 61
49 65
49 95
49 139
49 162
49 167
49 207
49 236
49 241
49 250
49 287
49 372
49 445
49 489
49 533
49 534
49 545
49 554
49 556
49 559
49 563
49 612
49 635
49 641
49 646
49 671
49 738
49 789
49 811
49 828
49 898
49 922
49 947
49 993
50 81
50 83
50 96
50 110
50 124
50 163
50 175
50 182
50 251
50 321
50 336
50 378
50 385
50 428
50 439
50 455
50 524
50 623
50 786
50 823
50 868
50 881
50 953
50 171
51 188
51 486
51 580
51 666
52 424
52 62
52 74
52 140
52 144
53 72
53 119
53 139
53 452
53 766
53 778
54 69
54 215
54 404
54 406
54 410
54 787
54 844
54 863
54 885
54 62
54 65
54 87
56 240
56 753
56 784
56 833
56 860
56 969
56 981
56 63
57 147
57 412
57 432
57 461
57 633
57 695
57 719
57 772
57 774
57 928
57 971
57 980
57 988
57 72
57 91
57 96
57 107
57 109
57 124
58 72
58 87
58 93
58 317
58 462
58 519
58 542
58 883
58 129
59 109
59 594
59 725
59 791
59 810
60 73
60 186
60 352
60 565
60 613
60 862
60 960
60 79
61 196
61 198
61 380
61 895
62 359
62 126
63 81
63 148
63 203
63 223
63 513
63 584
63 607
63 681
63 715
63 927
63 185
64 107
64 189
64 307
64 561
64 85
65 78
65 867
65 141
66 90
66 142
68 120
68 282
68 611
68 795
68 892
68 139
68 188
69 171
69 710
69 743
69 744
70 698
70 792
71 94
71 111
71 128
71 153
71 266
71 299
71 510
71 551
71 654
71 694
71 709
71 161
72 302
72 85
72 89
72 94
73 181
73 617
73 691
73 735
73 858
74 279
74 397
74 172
75 379
75 402
75 407
75 496
75 657
75 674
75 822
75 963
75 977
75 100
75 108
76 77
76 566
76 690
77 135
77 480
77 112
78 83
78 171
78 400
78 517
80 818
80 167
81 206
82 173
82 275
82 386
82 490
82 636
83 109
83 239
83 298
83 101
83 114
83 128
84 244
85 170
85 983
85 201
87 135
87 222
87 273
87 280
87 314
87 619
87 89
88 125
88 194
88 200
88 276
88 355
88 523
88 668
88 717
88 932
88 159
89 742
90 363
90 399
90 637
90 669
91 106
91 151
91 722
91 736
91 838
91 859
91 997
92 118
93 140
93 146
94 151
94 238
94 263
94 422
94 697
94 854
94 998
95 108
95 119
95 224
95 586
95 815
95 855
95 923
97 141
97 184
97 189
97 197
97 204
97 301
97 343
97 726
97 775
99 906
99 948
100 318
100 500
100 696
100 143
101 179
101 232
101 411
101 771
101 110
102 292
102 124
104 269
104 440
104 527
104 552
104 711
105 116
105 158
105 544
105 944
106 639
106 847
107 357
107 550
107 692
107 987
108 149
108 180
108 384
108 470
109 435
109 821
109 864
109 145
110 469
111 511
112 153
112 567
112 115
113 122
113 230
113 254
113 507
114 523
114 574
114 877
115 587
115 687
116 168
116 256
116 262
116 291
116 946
117 229
118 133
119 176
119 198
119 732
119 763
120 218
120 246
120 264
120 283
120 518
120 595
120 629
120 759
120 767
120 770
120 840
120 882
120 914
120 917
120 930
120 942
120 965
120 978
121 400
121 703
121 140
122 136
122 200
123 568
123 660
123 151
124 225
124 436
124 803
124 890
125 172
125 208
125 647
125 651
126 261
126 344
126 147
128 258
128 376
128 529
128 601
128 814
129 184
129 248
129 311
129 683
129 750
129 911
130 137
130 201
130 398
130 481
130 872
130 952
133 202
133 211
133 560
133 621
133 991
134 156
134 235
134 387
134 764
135 416
135 616
135 788
137 487
138 841
138 919
138 166
139 468
139 856
141 465
142 902
143 184
143 234
143 630
143 688
143 702
144 503
145 221
146 196
146 337
146 530
146 597
146 608
146 672
146 739
146 817
146 182
147 152
148 396
148 454
148 471
150 200
150 233
150 324
150 342
150 354
150 383
150 582
150 676
150 714
150 751
150 796
150 908
150 996
151 297
152 704
152 709
152 826
153 278
153 429
153 501
153 851
153 879
153 929
153 975
154 164
