0 1
0 2
0 3
0 4
0 5
0 8
0 12
0 13
0 14
0 15
0 16
0 19
0 24
0 25
0 27
0 31
0 33
0 36
0 37
0 39
0 42
0 44
0 47
0 52
0 55
0 64
0 85
0 96
0 97
0 98
0 102
0 103
0 115
0 116
0 117
0 126
0 135
0 140
0 153
0 160
0 163
0 167
0 175
0 176
0 198
0 200
0 203
0 265
0 335
0 367
0 443
0 444
0 465
0 514
0 543
0 548
0 592
0 600
0 661
0 721
0 761
0 764
0 782
0 809
0 864
0 883
0 886
0 900
0 911
0 916
0 930
0 937
1 2
1 3
1 15
1 16
1 30
1 31
1 46
1 61
1 65
1 68
1 87
1 97
1 116
1 117
1 134
1 138
1 154
1 192
1 199
1 295
1 370
1 507
1 517
1 627
1 649
1 659
1 710
1 720
1 727
1 745
1 880
1 915
1 984
2 3
2 6
2 7
2 8
2 9
2 11
2 15
2 21
2 22
2 24
2 29
2 36
2 40
2 41
2 44
2 50
2 54
2 59
2 64
2 78
2 79
2 83
2 87
2 93
2 100
2 101
2 103
2 115
2 119
2 122
2 129
2 130
2 133
2 141
2 142
2 143
2 144
2 150
2 151
2 161
2 168
2 169
2 171
2 173
2 178
2 185
2 188
2 190
2 191
2 197
2 201
2 255
2 293
2 326
2 346
2 399
2 469
2 498
2 507
2 530
2 539
2 593
2 618
2 635
2 637
2 653
2 655
2 667
2 696
2 739
2 743
2 767
2 826
2 858
2 995
2 996
3 4
3 5
3 6
3 8
3 15
3 21
3 22
3 23
3 24
3 27
3 30
3 32
3 35
3 37
3 39
3 42
3 43
3 44
3 46
3 47
3 49
3 52
3 56
3 60
3 63
3 68
3 75
3 79
3 100
3 105
3 107
3 108
3 112
3 113
3 114
3 118
3 121
3 122
3 123
3 124
3 125
3 131
3 132
3 133
3 135
3 137
3 140
3 141
3 143
3 145
3 146
3 148
3 151
3 162
3 169
3 173
3 174
3 179
3 182
3 184
3 185
3 189
3 199
3 202
3 212
3 260
3 274
3 298
3 303
3 309
3 314
3 317
3 342
3 347
3 376
3 389
3 391
3 407
3 419
3 433
3 446
3 447
3 486
3 494
3 499
3 504
3 519
3 528
3 538
3 545
3 580
3 625
3 630
3 676
3 693
3 699
3 724
3 740
3 747
3 770
3 788
3 794
3 799
3 805
3 817
3 822
3 853
3 875
3 895
3 909
3 974
3 976
3 994
4 11
4 214
4 331
4 361
4 423
4 451
4 905
4 987
4 12
4 5
4 6
4 13
4 17
4 43
4 63
4 76
4 86
4 93
4 107
4 140
5 9
5 10
5 12
5 33
5 46
5 155
5 167
5 178
5 236
5 475
5 616
5 648
5 690
5 786
5 824
5 833
5 889
5 979
5 8
5 37
5 61
5 68
5 109
5 113
5 119
5 125
5 148
6 16
6 19
6 40
6 45
6 64
6 118
6 139
6 142
6 219
6 227
6 259
6 505
6 589
6 776
6 876
6 981
6 995
6 11
6 13
6 15
6 24
6 29
6 60
6 62
6 84
6 91
6 106
6 124
7 14
7 22
7 23
7 27
7 38
7 86
7 98
7 195
7 250
7 495
7 766
7 917
7 965
7 12
8 31
8 45
8 56
8 69
8 117
8 124
8 197
8 232
8 241
8 248
8 267
8 400
8 738
8 901
9 10
9 66
9 100
9 112
9 181
9 185
9 324
9 417
9 540
9 569
9 609
9 188
10 91
10 287
11 18
11 20
11 29
11 84
11 89
11 114
11 147
11 194
11 473
11 556
11 603
11 705
11 714
11 748
11 910
11 983
11 12
11 16
11 31
11 34
11 44
11 77
11 103
11 130
11 138
12 17
12 32
12 356
12 835
12 18
12 21
12 22
12 23
12 24
12 35
12 42
12 51
12 52
12 54
12 56
12 73
12 98
12 106
12 118
12 129
12 134
13 34
13 47
13 70
13 81
13 111
13 171
13 172
13 176
13 189
13 192
13 206
13 211
13 226
13 240
13 246
13 252
13 272
13 322
13 323
13 359
13 360
13 362
13 395
13 406
13 429
13 467
13 471
13 472
13 474
13 509
13 526
13 581
13 588
13 615
13 623
13 636
13 638
13 662
13 679
13 680
13 725
13 729
13 790
13 839
13 866
13 898
13 902
13 906
13 928
13 941
13 988
13 992
13 60
13 66
13 69
13 71
14 19
14 94
14 850
14 166
15 30
15 32
15 48
15 51
15 61
15 72
15 80
15 120
15 131
15 164
15 183
15 215
15 224
15 235
15 392
15 480
15 520
15 684
15 753
15 765
15 777
15 787
15 828
15 849
15 896
15 939
15 969
15 26
15 76
15 92
15 97
16 99
16 177
16 341
16 675
16 128
17 33
17 72
17 266
17 496
17 61
17 80
17 118
18 344
18 411
18 549
18 25
18 29
18 38
18 53
18 90
18 96
19 23
19 40
19 50
19 52
19 65
19 70
19 79
19 96
19 101
19 103
19 139
19 184
19 195
19 208
19 209
19 258
19 271
19 279
19 288
19 291
19 302
19 357
19 364
19 374
19 405
19 436
19 449
19 482
19 483
19 523
19 561
19 563
19 576
19 601
19 640
19 686
19 700
19 723
19 750
19 774
19 775
19 801
19 832
19 836
19 881
19 931
19 947
19 955
19 956
20 53
20 59
20 84
20 109
20 129
20 196
20 228
20 290
20 456
20 503
20 571
20 642
20 711
20 746
20 887
20 903
20 946
20 963
21 55
21 58
21 79
21 156
21 300
21 926
21 943
21 22
21 33
22 38
22 44
22 130
22 138
22 166
22 413
22 420
22 464
22 524
22 550
22 604
22 650
22 654
22 771
22 812
22 854
22 908
22 922
22 934
22 122
23 26
23 38
23 51
23 76
23 334
23 381
23 689
23 773
23 813
23 818
23 834
23 921
24 75
24 84
24 106
24 186
24 194
24 200
24 254
24 289
24 352
24 387
24 418
24 578
24 606
24 677
24 25
24 26
24 28
24 32
24 33
24 35
24 36
24 42
24 44
24 52
24 55
24 62
24 65
24 94
24 113
25 66
25 73
25 120
25 164
25 350
25 368
25 383
25 466
25 531
25 537
25 557
25 608
25 612
25 626
25 715
25 802
25 838
25 851
25 863
25 870
25 872
25 879
25 952
25 962
25 973
25 980
25 33
25 40
25 54
25 57
25 75
25 79
25 84
25 88
25 95
25 115
25 126
25 136
25 143
25 145
25 194
26 27
26 28
26 121
26 199
26 281
26 348
26 493
26 533
26 742
26 830
26 989
26 88
27 71
27 90
27 172
27 413
27 685
27 798
27 817
27 861
27 165
28 78
28 127
28 329
29 71
29 665
29 688
29 993
29 30
30 409
31 35
31 49
31 88
31 93
31 135
31 136
31 264
31 354
31 372
31 403
31 412
31 437
31 525
31 541
31 639
31 924
31 942
31 953
31 148
32 60
32 320
32 982
32 130
32 132
32 135
33 62
33 63
33 294
33 328
33 358
33 597
33 609
33 89
33 139
34 820
35 36
35 69
35 223
35 551
35 760
35 117
36 378
36 427
36 644
36 656
36 691
36 859
36 899
37 74
37 91
37 175
37 183
37 185
37 187
37 231
37 257
37 297
37 379
37 401
37 402
37 518
37 617
37 737
37 756
37 759
37 786
37 855
37 877
37 885
37 914
37 932
37 954
37 968
38 41
38 67
38 77
38 86
38 101
38 263
38 470
38 678
38 806
38 923
38 66
39 156
40 156
40 216
40 709
40 891
40 925
40 48
40 58
40 116
42 53
42 54
42 73
42 83
42 161
42 457
42 501
42 792
42 913
42 100
42 131
43 286
43 147
44 101
44 172
45 152
45 174
45 278
45 299
45 313
45 366
45 375
45 583
45 598
45 695
45 751
45 814
45 819
45 890
45 907
45 964
45 970
46 559
46 619
46 632
46 749
46 167
47 92
47 424
47 652
47 840
47 966
48 80
48 167
48 283
48 497
48 719
49 58
49 127
49 160
49 230
49 243
49 262
49 269
49 339
49 448
49 468
49 476
49 500
49 573
49 638
49 643
49 647
49 671
49 800
49 815
49 829
49 944
50 126
50 182
50 488
50 708
50 779
51 57
51 61
51 68
51 77
51 103
51 123
51 157
51 158
51 221
51 247
51 312
51 377
51 453
51 477
51 485
51 610
51 633
51 634
51 698
51 733
51 754
51 768
51 803
51 893
51 920
51 951
51 75
51 81
51 133
52 99
52 827
53 148
53 229
53 319
53 622
53 668
53 672
53 796
53 873
54 71
54 108
54 109
54 110
54 159
54 332
54 508
54 511
54 547
54 717
54 831
54 878
54 967
54 58
54 70
56 136
56 275
56 276
56 462
56 613
56 618
57 631
58 62
58 107
58 115
59 75
59 716
59 804
60 66
60 620
60 912
60 126
61 63
61 120
61 480
61 595
61 704
61 843
61 845
61 897
61 88
61 102
61 133
62 82
62 115
63 66
63 188
63 244
63 489
63 502
63 673
63 785
63 185
64 99
64 144
64 414
64 572
64 778
65 126
65 646
65 938
65 975
65 160
66 894
66 72
66 150
67 82
67 193
67 683
68 95
68 165
68 220
68 292
68 394
68 434
68 713
68 762
68 780
68 96
68 121
68 136
68 173
69 88
69 124
69 128
69 140
69 176
69 234
69 253
69 273
69 280
69 308
69 440
69 454
69 558
69 585
69 663
69 694
69 821
70 96
70 98
70 115
70 233
70 284
70 325
70 384
70 484
70 565
70 825
70 945
71 479
71 522
71 923
71 150
72 397
72 735
72 833
72 85
73 206
73 353
73 404
73 430
73 458
73 645
73 657
73 807
73 810
73 957
75 442
75 452
75 590
75 687
75 797
75 884
75 198
76 81
76 90
76 94
76 112
76 129
77 173
77 296
77 579
77 681
77 114
78 386
78 425
79 133
79 177
79 190
79 203
79 207
79 251
79 779
79 816
79 103
80 94
80 131
80 104
81 82
81 106
81 184
81 431
81 546
81 651
81 670
81 848
81 874
81 936
81 147
82 102
82 321
82 596
82 772
82 808
83 89
83 147
83 249
83 416
83 562
83 669
83 783
83 795
84 85
84 109
84 256
84 408
84 666
84 741
84 769
84 867
85 89
85 132
85 191
85 285
85 445
85 577
85 602
85 629
85 959
85 980
86 94
86 104
87 113
88 93
88 338
88 345
88 382
88 515
88 553
88 823
88 176
89 110
89 128
89 318
89 510
89 568
89 590
89 692
89 860
89 862
89 131
89 149
91 164
92 111
92 152
92 97
93 136
93 621
93 731
93 935
93 192
94 343
94 365
94 396
94 398
94 459
94 496
94 604
94 619
94 628
94 701
94 841
94 842
94 857
94 871
94 960
94 978
94 151
94 157
95 106
96 146
96 222
96 120
97 461
97 728
97 763
97 882
97 919
97 942
97 977
98 439
98 614
98 734
99 305
99 410
100 587
100 144
101 158
101 171
101 242
101 282
101 304
101 390
101 552
101 722
101 834
101 868
101 869
102 168
103 268
103 837
103 908
103 991
104 121
104 184
105 162
105 336
105 554
105 591
105 658
105 998
106 128
106 421
106 455
106 478
106 506
106 831
106 852
106 892
106 940
107 137
108 137
108 181
108 225
108 330
108 584
108 660
108 736
108 843
108 865
109 110
109 205
109 270
109 349
109 516
109 811
109 997
110 198
110 544
110 699
110 703
110 784
113 140
113 160
113 179
113 204
113 432
113 441
113 567
113 129
113 156
114 310
114 168
115 139
115 435
115 535
116 261
116 307
116 363
116 639
116 744
116 781
116 933
117 152
117 278
117 342
117 624
117 718
117 856
117 985
117 999
117 125
118 380
118 438
118 452
118 575
118 846
118 927
118 938
118 159
118 203
119 560
120 355
120 491
120 950
121 732
121 132
122 193
122 393
122 422
122 195
124 180
124 385
125 388
125 443
126 177
126 340
126 611
126 726
126 793
126 971
127 481
127 532
127 674
127 707
128 194
128 301
128 317
128 574
128 607
128 929
128 961
128 131
129 149
130 904
130 153
130 183
131 238
131 306
131 599
132 140
132 141
133 217
133 542
133 888
133 190
134 180
134 218
134 323
134 460
134 582
134 791
134 949
134 986
135 237
135 752
135 145
137 210
137 277
137 333
137 490
137 594
137 605
137 702
137 730
138 188
138 315
138 555
138 570
138 990
139 151
139 170
139 245
139 310
139 179
140 160
140 162
140 311
140 327
140 337
140 373
140 487
140 505
140 534
140 680
140 697
140 706
140 789
140 844
140 142
141 165
141 213
141 239
141 316
141 529
141 586
141 641
141 682
141 780
141 918
141 933
142 150
142 187
142 512
142 530
142 536
142 712
142 948
143 173
143 351
143 415
144 757
144 819
145 163
145 566
145 755
145 758
145 958
146 190
146 371
146 513
146 527
146 564
146 664
148 972
149 369
150 521
150 187
151 492
153 159
153 426
153 428
153 450
153 463
153 602
153 804
153 847
153 909
165 184
170 175
