0 1
0 2
0 3
0 4
0 5
0 6
0 7
0 15
0 22
0 41
0 44
0 68
0 69
0 73
0 79
0 80
0 81
0 120
0 136
0 147
0 167
0 170
0 172
0 183
0 193
0 199
0 201
0 238
0 242
0 252
0 274
0 281
0 360
0 387
0 512
0 612
0 615
0 661
0 670
0 683
0 697
0 705
0 713
0 723
0 772
0 830
0 868
0 924
0 961
0 971
1 2
1 3
1 4
1 5
1 6
1 12
1 13
1 39
1 42
1 50
1 52
1 56
1 78
1 83
1 85
1 91
1 96
1 98
1 103
1 129
1 141
1 173
1 174
1 178
1 179
1 181
1 185
1 189
1 192
1 194
1 205
1 206
1 353
1 411
1 425
1 465
1 471
1 501
1 542
1 647
1 731
1 817
1 867
1 881
1 921
1 926
2 3
2 4
2 5
2 8
2 18
2 30
2 32
2 39
2 40
2 44
2 48
2 50
2 54
2 57
2 77
2 84
2 89
2 100
2 106
2 128
2 139
2 140
2 144
2 145
2 154
2 157
2 179
2 214
2 250
2 280
2 373
2 442
2 510
2 539
2 559
2 660
2 728
2 800
2 876
2 884
2 894
2 953
3 4
3 5
3 7
3 8
3 12
3 13
3 16
3 22
3 23
3 28
3 29
3 34
3 37
3 41
3 42
3 44
3 46
3 49
3 61
3 71
3 77
3 80
3 81
3 88
3 101
3 103
3 104
3 106
3 108
3 115
3 116
3 118
3 124
3 125
3 132
3 133
3 138
3 148
3 149
3 151
3 152
3 157
3 163
3 176
3 192
3 213
3 225
3 241
3 270
3 283
3 375
3 626
3 692
3 702
3 735
3 859
3 902
3 947
3 970
4 5
4 6
4 7
4 8
4 10
4 16
4 20
4 35
4 39
4 40
4 47
4 53
4 56
4 58
4 67
4 70
4 73
4 75
4 80
4 90
4 102
4 105
4 110
4 120
4 137
4 143
4 150
4 153
4 159
4 164
4 169
4 176
4 187
4 237
4 279
4 415
4 529
4 537
4 553
4 554
4 568
4 603
4 617
4 634
4 679
4 689
4 717
4 740
4 765
4 781
4 805
4 808
4 861
4 879
4 883
4 886
4 917
4 940
4 983
4 984
4 996
5 13
5 45
5 58
5 79
5 86
5 87
5 95
5 113
5 122
5 125
5 134
5 150
5 159
5 203
5 204
5 205
5 402
5 429
5 432
5 439
5 704
5 762
5 775
5 783
5 791
5 849
5 870
5 875
5 950
5 954
5 985
6 15
6 16
6 18
6 37
6 51
6 53
6 54
6 60
6 85
6 88
6 96
6 99
6 112
6 119
6 126
6 136
6 158
6 166
6 169
6 175
6 183
6 193
6 217
6 227
6 244
6 257
6 268
6 293
6 314
6 316
6 326
6 329
6 344
6 346
6 354
6 361
6 376
6 378
6 382
6 386
6 403
6 413
6 422
6 456
6 461
6 462
6 476
6 479
6 480
6 519
6 532
6 543
6 552
6 561
6 562
6 582
6 603
6 637
6 652
6 658
6 668
6 699
6 703
6 718
6 732
6 742
6 756
6 764
6 768
6 771
6 794
6 818
6 819
6 837
6 858
6 868
6 872
6 888
6 899
6 901
6 914
6 920
6 941
6 943
6 971
6 991
6 151
6 33
6 7
6 8
6 9
6 10
6 11
6 12
6 13
6 14
6 17
6 23
6 28
6 34
6 42
6 49
6 52
6 57
6 59
6 68
6 69
6 118
6 124
6 146
6 150
7 8
7 9
7 24
7 26
7 36
7 38
7 59
7 111
7 142
7 208
7 309
7 334
7 406
7 671
7 856
7 885
7 955
7 25
7 78
8 9
8 26
8 38
8 48
8 131
8 434
8 583
8 640
8 741
8 779
8 39
8 61
8 105
8 109
9 10
9 11
9 14
9 20
9 27
9 29
9 33
9 34
9 38
9 48
9 49
9 82
9 95
9 97
9 108
9 113
9 114
9 121
9 128
9 135
9 146
9 163
9 168
9 180
9 184
9 205
9 207
9 224
9 232
9 256
9 266
9 323
9 390
9 410
9 428
9 450
9 452
9 488
9 489
9 492
9 493
9 494
9 500
9 502
9 511
9 544
9 546
9 566
9 569
9 620
9 630
9 631
9 632
9 633
9 638
9 643
9 657
9 678
9 687
9 694
9 696
9 714
9 733
9 757
9 763
9 774
9 778
9 780
9 788
9 798
9 821
9 822
9 823
9 838
9 840
9 847
9 880
9 885
9 891
9 903
9 906
9 934
9 944
9 945
9 957
9 973
9 109
10 11
10 14
10 29
10 107
10 308
10 322
10 377
10 606
10 629
10 650
10 725
10 753
10 919
10 151
10 15
10 38
10 46
10 59
10 72
10 138
11 30
11 64
11 339
11 405
11 605
11 624
11 730
11 33
11 12
11 14
11 32
11 44
11 72
11 112
11 132
12 17
12 28
12 68
12 93
12 331
12 349
12 380
12 381
12 383
12 419
12 572
12 673
12 747
12 802
12 937
12 963
12 15
12 21
12 24
12 39
12 40
12 48
12 51
12 52
12 53
12 58
12 59
12 60
12 69
12 72
12 79
12 88
12 101
12 111
12 113
12 141
13 16
13 31
13 61
13 78
13 81
13 110
13 130
13 144
13 188
13 517
13 540
13 641
13 877
13 939
13 30
13 33
13 35
13 56
13 63
13 80
13 101
13 137
14 21
14 32
14 64
14 254
14 258
14 392
14 412
14 509
14 523
14 524
14 570
14 614
14 655
14 688
14 780
14 804
14 975
14 15
14 16
14 19
14 67
14 68
14 70
14 81
14 97
14 150
15 18
15 19
15 25
15 32
15 43
15 55
15 67
15 74
15 87
15 99
15 123
15 126
15 129
15 190
15 191
15 193
15 197
15 198
15 201
15 255
15 271
15 292
15 337
15 372
15 376
15 379
15 399
15 491
15 499
15 525
15 563
15 601
15 610
15 667
15 683
15 689
15 752
15 759
15 769
15 813
15 820
15 835
15 857
15 920
15 95
15 142
16 37
16 76
16 91
16 123
16 125
16 126
16 310
16 578
16 646
16 824
16 850
16 907
16 981
17 74
17 83
17 165
17 691
17 37
17 45
17 64
17 99
17 103
17 104
17 106
18 31
18 426
19 190
20 21
20 24
20 27
20 30
20 33
20 34
20 35
20 59
20 70
20 82
20 84
20 116
20 160
20 164
20 189
20 200
20 202
20 211
20 215
20 219
20 220
20 236
20 267
20 307
20 355
20 393
20 417
20 447
20 457
20 473
20 487
20 580
20 598
20 632
20 636
20 659
20 677
20 707
20 758
20 766
20 770
20 790
20 792
20 807
20 808
20 873
20 874
20 916
20 931
20 958
20 969
20 989
21 23
21 33
21 41
21 52
21 62
21 63
21 64
21 82
21 84
21 104
21 123
21 181
21 184
21 192
21 222
21 304
21 324
21 328
21 420
21 433
21 505
21 575
21 595
21 607
21 616
21 663
21 666
21 674
21 749
21 776
21 789
21 893
21 915
21 938
21 974
21 994
22 78
22 101
22 166
22 340
22 527
22 541
22 550
22 726
23 29
23 63
23 180
23 273
23 871
23 151
23 26
23 32
23 35
23 38
23 95
23 115
23 121
23 132
23 163
24 26
24 232
24 335
24 891
24 38
24 149
25 40
25 134
25 303
25 651
26 131
26 142
26 168
26 441
26 503
26 538
26 684
26 735
26 739
26 767
26 811
26 887
26 895
26 54
28 302
28 341
28 469
28 597
28 664
28 966
28 154
29 117
29 203
29 264
29 290
29 394
29 407
29 539
29 556
29 960
30 347
30 913
30 151
30 110
30 112
30 130
30 139
30 178
31 122
31 130
31 172
31 188
31 352
31 358
31 366
31 397
31 628
31 644
31 654
31 854
31 988
32 91
32 581
33 57
33 95
33 161
33 240
33 430
33 531
33 631
33 712
33 720
33 129
34 42
34 88
34 89
34 92
34 96
34 115
34 145
34 148
34 151
34 160
34 174
34 182
34 210
34 211
34 247
34 249
34 251
34 300
34 313
34 318
34 319
34 330
34 343
34 357
34 359
34 396
34 421
34 427
34 448
34 464
34 477
34 496
34 508
34 520
34 526
34 530
34 577
34 592
34 609
34 623
34 648
34 681
34 684
34 692
34 708
34 737
34 761
34 777
34 834
34 853
34 864
34 892
34 909
34 911
34 932
34 965
34 967
34 977
34 986
34 987
34 36
34 47
35 323
35 89
35 125
36 228
36 627
36 978
37 43
37 76
37 110
37 248
37 326
37 423
37 762
37 951
37 999
37 51
38 168
38 475
38 797
38 45
38 55
38 113
39 65
39 66
39 67
39 68
39 72
39 140
39 186
39 229
39 253
39 350
39 398
39 446
39 518
39 635
39 645
39 657
39 722
39 751
39 782
39 799
39 839
39 841
39 855
39 992
39 997
39 50
39 60
39 98
39 121
39 145
40 109
40 400
40 497
40 536
40 588
40 695
40 793
40 896
40 910
41 181
41 701
42 45
42 51
42 53
42 158
42 234
42 262
42 474
42 564
42 128
43 259
43 364
43 622
44 55
44 865
45 58
45 133
45 464
45 593
45 672
45 760
45 62
45 67
45 94
45 107
46 65
46 230
46 327
46 719
46 743
46 814
46 816
46 869
46 933
46 935
47 744
48 70
48 116
51 440
51 151
51 70
51 119
52 93
52 167
52 191
52 296
52 321
52 348
52 363
52 490
52 516
52 700
52 844
52 56
52 108
52 131
53 96
53 185
53 231
53 515
53 82
53 83
53 113
53 136
54 173
54 555
55 56
55 109
55 120
55 140
55 216
55 221
55 289
55 374
55 852
56 66
56 83
56 93
56 140
56 162
56 177
56 356
56 639
56 662
56 748
56 147
57 114
57 239
57 362
57 686
57 809
57 863
57 990
57 86
57 118
58 98
58 235
59 108
59 116
59 189
59 272
59 755
59 168
60 98
60 102
60 156
60 194
60 199
60 284
61 133
62 437
62 459
62 946
63 368
63 76
64 103
64 161
64 202
64 269
64 389
64 460
64 773
64 896
64 925
64 956
64 995
65 482
65 549
65 709
65 162
66 277
66 297
66 395
66 514
66 828
66 165
66 177
67 197
67 233
67 261
67 145
68 74
68 87
68 976
68 117
68 127
69 388
69 155
70 106
70 108
70 145
70 195
70 275
70 545
70 669
70 80
70 81
72 162
72 222
72 594
73 486
74 94
74 282
74 498
74 649
76 315
76 338
76 586
76 602
76 750
76 801
77 129
78 170
78 860
78 889
78 982
79 278
79 843
80 151
80 83
81 183
81 535
81 613
81 850
81 144
82 127
82 223
82 729
82 123
82 126
83 557
83 90
83 167
84 184
84 365
84 680
84 803
84 826
84 898
85 93
85 551
85 734
85 156
86 317
86 438
86 558
87 151
87 144
88 119
88 200
88 972
88 151
88 94
89 103
90 951
91 286
91 424
91 682
91 890
91 928
91 968
93 133
93 153
93 157
93 165
93 287
93 320
93 404
93 453
93 470
93 478
93 484
93 504
93 507
93 513
93 521
93 528
93 571
93 665
93 710
93 769
93 787
93 827
93 848
93 927
93 948
93 962
93 965
93 151
94 942
94 102
94 197
95 619
96 171
96 384
96 495
96 565
97 391
97 436
97 524
98 226
99 136
99 196
99 305
100 124
100 336
100 590
100 204
101 126
101 333
101 403
101 483
101 810
101 829
101 918
101 993
102 173
102 218
102 409
102 836
103 693
104 245
106 149
106 298
106 900
106 126
107 163
107 114
108 325
108 408
108 443
108 574
108 600
108 721
108 724
108 754
108 955
108 143
109 291
109 481
109 866
109 153
110 263
110 301
110 479
110 656
110 897
111 299
111 388
111 825
113 200
113 369
113 560
113 587
113 715
113 786
113 922
113 930
113 169
114 117
114 463
114 585
114 798
115 299
115 727
116 533
116 716
116 908
116 189
119 185
119 332
119 351
119 685
119 690
119 120
120 127
120 209
120 212
120 294
120 311
120 485
120 522
120 584
120 698
120 833
120 904
120 964
120 123
122 367
122 711
123 147
123 166
123 418
123 506
123 529
123 546
123 576
123 611
123 625
123 753
123 815
123 862
123 135
123 176
124 187
124 567
124 653
124 158
125 155
126 183
126 196
126 246
126 265
126 345
126 591
126 599
126 618
126 676
126 686
126 832
126 905
126 923
126 929
126 949
126 998
127 276
127 285
127 295
127 370
127 414
127 472
127 608
127 912
127 959
127 979
127 185
128 465
129 466
129 548
129 579
129 604
129 851
130 454
130 467
133 980
133 151
134 155
134 260
134 288
134 468
134 621
134 785
135 243
135 306
135 573
135 706
135 738
135 878
135 936
136 589
136 795
138 199
139 342
139 385
139 745
140 534
140 570
140 806
141 201
141 952
142 182
143 675
144 371
145 401
145 458
146 180
147 812
148 195
148 416
148 435
148 445
149 182
149 186
149 312
149 642
149 882
150 194
150 431
150 444
150 451
150 596
150 732
150 746
150 784
150 796
150 831
150 845
151 455
151 547
151 194
153 449
153 736
153 842
155 846
179 194
