0 1
0 2
0 3
0 4
0 12
0 62
0 121
0 127
0 163
0 170
0 187
0 259
0 664
0 693
1 2
1 3
1 4
1 9
1 19
1 20
1 21
1 22
1 29
1 30
1 39
1 44
1 47
1 56
1 58
1 60
1 61
1 65
1 68
1 71
1 72
1 87
1 92
1 95
1 100
1 107
1 108
1 112
1 115
1 125
1 129
1 131
1 137
1 150
1 152
1 159
1 162
1 165
1 175
1 177
1 187
1 203
1 258
1 341
1 369
1 413
1 419
1 439
1 463
1 531
1 607
1 615
1 680
1 728
1 743
1 747
1 756
1 759
1 796
1 875
1 927
1 944
1 965
1 986
2 3
2 4
2 5
2 7
2 8
2 9
2 10
2 17
2 21
2 23
2 25
2 36
2 40
2 44
2 53
2 54
2 56
2 57
2 61
2 69
2 75
2 76
2 78
2 82
2 86
2 93
2 96
2 97
2 101
2 103
2 114
2 116
2 117
2 120
2 123
2 128
2 140
2 143
2 144
2 145
2 150
2 158
2 161
2 163
2 172
2 174
2 186
2 191
2 192
2 195
2 196
2 202
2 284
2 317
2 319
2 321
2 372
2 380
2 412
2 433
2 449
2 522
2 526
2 532
2 609
2 685
2 690
2 697
2 715
2 731
2 745
2 836
2 899
2 928
2 950
2 991
3 4
3 7
3 8
3 9
3 10
3 11
3 12
3 14
3 15
3 16
3 30
3 39
3 40
3 43
3 48
3 49
3 50
3 51
3 53
3 54
3 56
3 61
3 63
3 65
3 66
3 71
3 74
3 76
3 77
3 81
3 82
3 85
3 93
3 94
3 99
3 103
3 106
3 112
3 113
3 117
3 120
3 123
3 124
3 130
3 133
3 136
3 137
3 139
3 140
3 141
3 142
3 143
3 148
3 151
3 154
3 157
3 158
3 163
3 168
3 173
3 176
3 186
3 191
3 194
3 201
3 202
3 226
3 228
3 296
3 340
3 354
3 359
3 402
3 420
3 437
3 454
3 471
3 508
3 513
3 520
3 533
3 570
3 610
3 618
3 638
3 647
3 653
3 711
3 713
3 742
3 776
3 777
3 778
3 782
3 795
3 837
3 878
3 882
3 921
3 966
4 5
4 38
4 50
4 56
4 75
4 109
4 116
4 119
4 125
4 136
4 168
4 188
4 199
4 314
4 409
4 624
4 626
4 671
4 678
4 741
4 771
4 793
5 6
5 10
5 14
5 15
5 28
5 33
5 37
5 44
5 46
5 54
5 74
5 92
5 94
5 96
5 120
5 138
5 146
5 162
5 196
5 212
5 230
5 242
5 262
5 320
5 327
5 350
5 351
5 381
5 385
5 418
5 424
5 435
5 453
5 456
5 489
5 497
5 514
5 530
5 558
5 565
5 584
5 616
5 668
5 676
5 679
5 702
5 721
5 726
5 828
5 855
5 863
5 880
5 883
5 934
5 958
5 960
5 971
5 975
5 998
6 13
6 28
6 29
6 31
6 51
6 67
6 82
6 104
6 109
6 113
6 116
6 120
6 130
6 132
6 138
6 156
6 164
6 177
6 181
6 198
6 234
6 241
6 251
6 339
6 346
6 391
6 425
6 429
6 448
6 578
6 592
6 641
6 701
6 710
6 722
6 764
6 792
6 814
6 818
6 869
6 919
6 936
6 944
6 972
6 981
6 68
6 7
6 9
6 12
6 14
6 15
6 21
6 22
6 27
6 33
6 35
6 41
6 44
6 53
6 58
6 92
6 96
7 33
7 64
7 93
7 124
7 128
7 305
7 442
7 551
7 588
7 637
7 730
7 767
7 943
7 68
7 29
7 45
7 98
8 12
8 13
8 24
8 52
8 57
8 167
8 252
8 281
8 319
8 502
8 562
8 963
8 999
8 68
8 9
8 11
8 16
8 17
8 22
8 44
8 48
8 65
9 27
9 32
9 59
9 63
9 97
9 105
9 145
9 189
9 192
9 561
9 594
9 852
9 68
9 14
9 18
9 19
9 25
9 31
9 38
9 39
9 47
9 49
9 51
9 75
9 99
9 102
9 132
9 138
10 28
10 62
10 74
10 113
10 177
10 214
10 444
10 616
10 684
10 769
10 927
10 68
10 23
10 36
10 59
11 25
11 108
11 155
11 235
11 328
11 704
11 193
12 13
12 20
12 24
12 70
12 104
12 318
12 324
12 682
12 686
12 788
12 791
12 898
12 923
12 969
12 999
12 68
12 18
12 202
13 24
13 34
13 67
13 466
13 970
14 15
14 18
14 26
14 46
14 131
14 178
14 364
14 68
14 62
14 84
14 148
15 16
15 18
15 39
15 47
15 92
15 154
15 166
15 180
15 265
15 311
15 332
15 333
15 365
15 406
15 455
15 612
15 663
15 739
15 773
15 775
15 801
15 809
15 830
15 17
15 43
15 61
15 78
16 47
16 143
16 153
16 162
16 178
16 183
16 581
16 755
17 75
17 132
18 33
18 46
18 268
18 271
18 731
18 27
18 81
19 25
19 35
19 48
19 58
19 72
19 98
19 184
19 274
19 304
19 414
19 483
19 619
19 757
20 34
20 70
20 222
20 228
20 411
20 936
20 988
21 538
21 68
21 26
21 28
21 29
21 60
21 66
21 80
21 84
21 94
21 95
22 681
22 50
23 27
23 41
23 42
23 194
23 250
23 256
23 811
23 73
23 80
24 52
24 161
24 171
24 278
24 393
24 480
24 510
24 535
24 590
24 687
24 807
24 862
25 129
25 184
25 520
25 823
25 28
25 34
25 66
25 101
25 120
25 137
25 153
26 127
27 34
27 43
27 79
27 542
27 833
27 881
28 83
28 169
28 216
28 300
28 335
28 349
28 370
28 627
28 634
28 675
28 677
28 846
28 908
28 916
28 40
28 50
28 64
28 79
28 103
28 115
28 137
28 143
28 164
28 177
29 38
29 60
29 61
29 83
29 169
29 395
29 554
29 762
29 765
29 886
29 932
29 74
29 97
29 108
29 116
29 130
30 45
30 68
30 88
30 198
30 291
30 343
30 492
30 608
30 613
30 658
30 712
30 737
30 886
31 78
31 211
31 485
31 486
31 687
31 38
31 68
31 71
31 85
31 118
31 133
31 150
32 41
32 162
32 352
32 632
32 853
32 913
32 973
32 68
32 113
33 87
33 115
33 154
33 468
33 509
33 599
33 735
33 940
34 42
34 43
34 50
34 55
34 63
34 89
34 95
34 97
34 100
34 105
34 118
34 135
34 168
34 179
34 189
34 191
34 240
34 261
34 276
34 337
34 386
34 416
34 438
34 485
34 495
34 505
34 516
34 521
34 544
34 571
34 577
34 583
34 585
34 597
34 604
34 642
34 652
34 665
34 691
34 703
34 707
34 708
34 736
34 781
34 868
34 901
34 910
34 915
34 942
34 957
34 983
34 85
35 387
35 885
35 46
35 55
35 83
35 97
35 118
36 48
36 58
36 93
37 68
37 72
38 59
38 72
39 112
39 566
39 568
39 573
39 904
39 104
40 41
40 82
40 105
40 107
40 173
40 204
40 307
40 336
40 445
40 452
40 460
40 527
40 840
40 844
40 887
40 920
40 987
40 990
40 121
41 55
41 67
41 86
41 111
41 87
42 59
42 79
42 141
42 142
42 330
42 348
42 353
42 507
42 518
42 556
42 560
42 674
42 700
42 706
42 799
42 857
42 952
42 993
42 68
42 77
42 107
43 90
43 151
43 421
43 443
43 477
43 498
43 537
43 650
43 68
43 142
44 45
44 273
44 459
44 667
44 790
44 794
44 914
44 76
44 117
45 315
45 170
46 48
46 107
46 139
46 149
46 185
46 188
46 201
46 224
46 239
46 390
46 567
46 579
46 666
46 672
46 717
46 719
46 815
46 829
46 831
46 851
46 891
46 931
46 941
46 959
46 997
46 93
47 66
47 112
47 128
47 155
47 185
47 206
47 209
47 255
47 266
47 292
47 298
47 329
47 363
47 388
47 389
47 394
47 407
47 417
47 430
47 458
47 490
47 506
47 575
47 593
47 600
47 611
47 614
47 618
47 628
47 645
47 657
47 659
47 695
47 748
47 754
47 797
47 822
47 835
47 843
47 905
47 911
47 917
47 922
47 925
47 947
47 68
47 85
47 88
47 133
47 183
48 155
48 208
48 576
48 872
48 907
48 68
48 57
48 60
48 64
48 136
49 968
49 68
49 142
50 59
50 64
50 72
50 114
50 118
50 150
50 167
50 215
50 257
50 264
50 301
50 323
50 331
50 362
50 398
50 399
50 525
50 553
50 555
50 580
50 648
50 649
50 688
50 691
50 720
50 740
50 753
50 783
50 789
50 805
50 812
50 821
50 825
50 839
50 876
50 903
50 951
50 994
50 52
51 62
51 147
51 446
51 718
51 174
53 79
53 841
53 900
53 945
53 68
53 54
54 69
54 432
54 559
54 625
54 709
54 770
54 777
55 379
55 68
55 83
55 138
56 76
56 132
56 160
56 176
56 182
56 244
56 245
56 253
56 290
56 309
56 341
56 479
56 557
56 633
56 636
56 727
56 751
56 786
56 827
56 859
56 888
56 967
57 72
57 78
57 80
57 117
57 179
57 229
57 384
57 450
57 467
57 488
57 511
57 519
57 534
57 574
57 587
57 661
57 673
57 683
57 705
57 729
57 896
57 912
57 918
57 935
57 937
57 980
57 63
57 91
57 130
58 98
58 101
58 108
58 225
58 236
58 361
58 392
58 425
58 548
58 724
58 733
58 866
58 956
58 995
59 194
60 166
60 400
60 451
60 760
60 849
60 902
60 929
61 121
61 147
61 148
61 170
61 205
61 223
61 360
61 410
61 491
61 605
61 816
62 106
62 121
62 469
62 620
62 838
63 77
63 218
63 493
63 504
63 572
63 68
64 186
64 207
64 322
64 334
64 447
64 470
64 536
64 595
64 749
64 800
64 847
64 848
64 877
64 930
64 111
64 185
65 73
65 84
65 274
65 295
65 458
65 461
65 802
66 80
66 122
66 151
66 804
66 69
67 126
67 135
67 156
67 237
67 269
67 270
67 285
67 303
67 310
67 355
67 434
67 462
67 482
67 689
67 696
67 725
67 826
67 833
67 867
67 176
68 138
68 200
68 373
68 487
68 640
68 813
68 864
68 78
68 86
68 151
68 181
69 523
69 932
70 104
70 499
70 772
71 107
71 112
72 624
72 655
72 850
74 102
74 248
74 282
74 422
74 428
74 440
74 503
74 524
74 818
75 112
75 126
76 109
76 644
77 187
77 817
77 123
78 89
78 104
78 221
78 457
79 90
79 91
79 377
79 464
79 699
79 758
80 231
80 598
80 603
80 621
80 631
80 662
80 683
80 808
80 873
80 949
80 977
80 114
81 326
81 441
82 143
82 182
82 260
82 766
84 104
85 961
85 95
85 119
85 144
85 146
86 404
86 750
86 845
87 263
87 371
87 427
87 543
87 871
88 277
89 161
89 287
89 552
89 669
89 955
89 985
90 111
90 279
90 280
90 426
90 517
90 540
90 780
91 824
92 219
92 302
92 476
92 692
92 744
92 979
92 982
92 147
93 124
93 484
94 734
94 116
94 128
95 111
95 142
95 383
95 443
95 909
95 924
96 137
96 197
96 300
96 374
96 473
96 478
96 550
96 586
96 656
97 173
97 189
97 646
97 698
97 723
97 752
97 978
97 145
98 272
98 601
98 890
98 933
98 977
98 139
98 154
99 134
99 405
100 110
100 243
101 164
101 246
101 472
101 119
102 347
102 860
103 305
103 199
104 217
104 294
104 436
104 552
104 596
104 639
104 714
104 842
104 964
104 989
105 165
105 338
105 670
105 694
106 299
106 948
106 195
107 193
107 232
107 356
107 382
107 396
107 602
107 622
107 630
107 651
107 732
107 746
107 761
107 785
107 861
107 906
107 926
107 974
107 976
108 515
109 375
109 474
109 893
109 938
110 481
111 118
111 136
111 159
111 227
111 297
111 313
111 376
111 397
111 423
111 539
111 654
111 992
112 115
112 213
112 289
112 897
112 953
112 144
113 357
113 529
113 798
113 954
114 962
114 186
115 178
115 190
115 894
115 180
116 267
116 288
116 475
116 480
116 629
116 774
116 171
116 203
117 703
118 159
118 879
119 946
120 147
120 164
120 247
120 635
120 892
120 939
120 148
121 569
122 431
122 984
123 146
124 415
124 612
124 854
125 403
125 803
128 157
128 180
128 185
128 210
128 220
128 233
128 308
128 366
128 565
128 716
128 763
128 787
128 870
128 884
129 131
129 573
129 819
129 201
130 336
130 465
131 183
131 546
132 238
132 832
134 312
135 345
135 617
136 254
136 541
136 810
137 200
137 368
137 582
137 660
137 784
139 286
139 865
141 189
141 496
141 512
141 834
142 367
142 528
142 151
142 173
143 179
143 190
143 203
143 283
143 293
143 344
143 401
143 494
143 500
143 545
143 606
143 609
143 623
143 897
145 148
145 501
145 996
146 463
147 249
147 316
147 895
148 198
148 306
148 378
148 547
148 549
148 564
148 591
148 643
148 738
148 768
148 779
148 806
148 820
148 874
149 325
149 157
149 162
150 184
151 275
151 342
151 889
151 152
154 172
154 185
154 358
154 408
154 563
154 589
154 856
154 858
160 179
169 170
184 193
187 191
