0 1
0 2
0 3
0 4
0 7
0 9
0 10
0 11
0 12
0 16
0 19
0 30
0 36
0 37
0 40
0 42
0 50
0 52
0 57
0 67
0 74
0 84
0 85
0 90
0 100
0 102
0 103
0 107
0 109
0 110
0 117
0 133
0 138
0 139
0 145
0 147
0 150
0 153
0 158
0 165
0 168
0 171
0 172
0 173
0 176
0 177
0 186
0 195
0 200
0 201
0 246
0 249
0 343
0 378
0 404
0 412
0 429
0 435
0 471
0 531
0 575
0 585
0 598
0 620
0 631
0 711
0 724
0 738
0 745
0 783
0 794
0 798
0 842
0 871
0 879
0 894
0 970
1 2
1 3
1 4
1 5
1 9
1 10
1 17
1 18
1 19
1 30
1 31
1 32
1 39
1 43
1 47
1 50
1 53
1 67
1 70
1 71
1 73
1 76
1 79
1 82
1 87
1 100
1 102
1 103
1 104
1 106
1 109
1 111
1 118
1 120
1 121
1 124
1 125
1 126
1 127
1 128
1 131
1 139
1 141
1 145
1 146
1 147
1 151
1 163
1 173
1 184
1 196
1 200
1 208
1 234
1 297
1 305
1 355
1 392
1 421
1 425
1 438
1 440
1 554
1 563
1 569
1 588
1 609
1 624
1 626
1 655
1 659
1 661
1 674
1 675
1 685
1 703
1 804
1 822
1 823
1 834
1 928
1 936
1 939
1 960
2 3
2 4
2 6
2 8
2 11
2 15
2 21
2 23
2 34
2 36
2 49
2 53
2 61
2 78
2 93
2 111
2 112
2 124
2 125
2 134
2 138
2 143
2 144
2 147
2 158
2 168
2 181
2 193
2 199
2 211
2 216
2 251
2 407
2 427
2 442
2 457
2 458
2 459
2 491
2 503
2 511
2 516
2 590
2 614
2 619
2 663
2 829
2 860
2 965
2 971
2 994
3 4
3 11
3 14
3 21
3 22
3 26
3 42
3 44
3 45
3 47
3 71
3 84
3 90
3 94
3 101
3 105
3 117
3 128
3 139
3 140
3 152
3 175
3 179
3 184
3 185
3 204
3 250
3 376
3 405
3 434
3 446
3 510
3 520
3 535
3 551
3 611
3 643
3 672
3 709
3 743
3 801
3 868
3 902
3 904
3 986
3 998
4 6
4 13
4 14
4 18
4 24
4 41
4 42
4 49
4 54
4 61
4 73
4 76
4 94
4 95
4 105
4 107
4 112
4 113
4 116
4 119
4 121
4 125
4 130
4 132
4 151
4 157
4 164
4 169
4 172
4 177
4 196
4 198
4 204
4 347
4 367
4 456
4 521
4 544
4 622
4 802
4 838
4 839
4 927
4 993
5 14
5 141
5 156
5 983
5 118
5 76
5 7
5 8
5 9
5 12
5 20
5 23
5 85
5 138
5 143
6 7
6 16
6 366
6 579
6 662
6 793
6 76
6 118
6 8
6 10
6 11
6 12
6 14
6 18
6 60
6 64
6 81
6 84
6 112
6 147
7 15
7 154
7 160
7 566
7 656
7 17
7 38
7 43
7 61
7 69
7 111
8 10
8 49
8 62
8 66
8 70
8 106
8 135
8 148
8 172
8 176
8 193
8 243
8 308
8 332
8 375
8 494
8 568
8 629
8 651
8 737
8 744
8 747
8 777
8 780
8 781
8 848
8 925
8 982
8 987
8 21
8 28
8 35
8 107
8 108
8 130
9 13
9 466
9 11
9 27
9 43
9 62
9 67
10 18
10 23
10 38
10 56
10 92
10 148
10 170
10 180
10 188
10 206
10 253
10 326
10 358
10 411
10 422
10 493
10 506
10 666
10 690
10 740
10 862
10 881
10 961
10 974
10 118
10 13
10 14
10 15
10 16
10 22
10 26
10 29
10 30
10 58
10 112
10 152
11 41
11 58
11 76
11 288
11 478
11 504
11 565
11 638
11 760
11 932
11 933
11 24
11 28
11 31
11 60
11 65
11 81
11 116
12 21
12 67
12 83
12 120
12 166
12 294
12 360
12 716
12 736
12 23
12 25
12 31
12 38
12 40
12 48
12 58
12 73
12 145
13 26
13 33
13 68
13 115
13 213
13 484
13 685
13 922
14 22
14 25
14 51
14 60
14 89
14 90
14 97
14 310
14 333
14 654
14 725
14 906
14 941
14 17
14 18
14 20
14 30
14 33
14 36
14 43
14 55
14 63
14 68
14 76
14 79
14 86
14 96
14 136
15 73
15 160
15 368
15 462
15 511
15 714
15 76
15 18
15 53
15 74
15 83
15 87
15 88
15 100
15 101
15 119
15 123
15 129
15 189
16 17
16 27
16 34
16 35
16 37
16 39
16 46
16 69
16 75
16 78
16 80
16 88
16 98
16 102
16 109
16 160
16 181
16 192
16 201
16 226
16 227
16 232
16 271
16 283
16 295
16 307
16 317
16 323
16 327
16 337
16 344
16 346
16 382
16 399
16 409
16 424
16 470
16 489
16 517
16 522
16 604
16 657
16 696
16 755
16 791
16 884
16 885
16 891
16 898
16 909
16 916
16 946
16 953
16 954
16 76
16 49
17 20
17 27
17 28
17 30
17 32
17 35
17 40
17 113
17 130
17 171
17 183
17 199
17 276
17 282
17 320
17 329
17 354
17 383
17 389
17 436
17 443
17 448
17 461
17 474
17 523
17 530
17 548
17 557
17 576
17 589
17 600
17 606
17 610
17 617
17 641
17 669
17 725
17 742
17 748
17 750
17 796
17 812
17 859
17 873
17 877
17 895
17 903
17 935
17 969
17 21
17 60
17 102
17 116
18 66
18 132
18 148
18 164
18 168
18 312
18 524
18 583
18 689
18 937
18 955
18 37
18 42
18 51
18 97
18 150
19 20
19 21
19 44
19 51
19 57
19 58
19 59
19 71
19 77
19 89
19 91
19 129
19 161
19 239
19 254
19 286
19 320
19 398
19 453
19 463
19 502
19 508
19 509
19 562
19 717
19 730
19 731
19 757
19 776
19 810
19 813
19 832
19 833
19 841
19 849
19 853
19 863
19 869
19 956
20 22
20 29
20 32
20 48
20 72
20 97
20 285
20 627
20 658
20 98
21 26
21 41
21 93
21 318
21 702
21 836
21 22
21 31
21 39
21 44
21 64
22 29
22 59
22 177
22 178
22 277
22 396
22 463
22 786
22 857
22 865
22 36
22 82
22 115
23 81
23 154
23 164
23 188
23 469
23 636
23 762
23 771
23 934
23 88
24 55
24 88
24 304
24 350
24 449
24 492
24 537
24 547
24 650
24 715
24 828
24 856
24 870
24 900
24 963
24 973
24 112
25 141
25 785
25 26
25 45
26 57
26 83
26 115
26 146
26 514
26 528
26 541
26 136
27 55
27 85
27 613
27 790
27 874
27 154
28 479
28 639
29 205
30 46
30 85
30 348
30 454
30 486
30 492
30 501
30 519
30 545
30 683
30 697
30 118
30 34
30 66
30 88
30 97
30 109
30 125
30 126
30 135
30 173
31 40
31 70
31 80
31 96
31 113
31 142
31 153
32 74
32 169
32 552
32 76
33 187
33 373
34 70
34 75
34 930
34 158
34 196
35 40
35 265
35 321
35 433
35 487
35 550
35 593
35 721
35 749
35 843
35 952
35 118
35 91
36 47
36 64
36 92
36 155
36 223
36 224
36 451
36 861
36 85
37 79
37 108
37 154
37 165
37 178
37 181
37 359
37 372
37 464
37 468
37 482
37 518
37 586
37 617
37 625
37 637
37 668
37 693
37 700
37 707
37 741
37 772
37 773
37 779
37 840
37 847
37 866
37 914
38 92
39 65
39 78
39 96
39 98
39 111
39 144
39 190
39 197
39 203
39 219
39 242
39 281
39 292
39 309
39 314
39 357
39 371
39 400
39 420
39 430
39 445
39 549
39 574
39 665
39 708
39 752
39 766
39 816
39 825
39 845
39 851
39 886
39 910
39 912
39 93
40 138
40 262
40 324
40 336
40 525
40 712
40 45
40 114
40 150
41 63
41 126
41 330
41 564
42 167
42 240
42 401
42 872
42 978
42 56
42 131
44 86
44 209
44 363
44 584
44 713
45 172
46 80
46 82
46 94
46 220
46 474
46 476
46 488
46 896
46 938
46 171
46 201
47 62
47 64
47 66
47 81
47 87
47 155
47 180
47 203
47 496
47 878
47 890
47 944
47 988
48 107
48 413
48 450
48 753
49 100
49 556
49 644
49 846
49 929
49 89
49 157
50 196
50 418
51 90
51 391
51 118
51 115
52 319
53 59
53 130
53 136
54 217
54 241
54 734
54 162
55 257
55 365
55 394
55 543
55 678
55 908
56 64
56 106
56 298
56 465
56 553
56 599
56 608
56 635
56 660
56 807
56 170
57 76
57 84
57 163
57 185
57 444
57 950
57 972
58 706
58 864
58 90
58 94
58 98
58 99
58 122
59 110
59 166
59 182
59 485
59 806
59 118
59 100
59 144
60 68
60 69
60 76
60 94
60 95
60 110
60 134
61 268
61 337
61 345
61 995
62 258
62 279
62 334
62 661
62 844
62 198
64 92
65 381
65 386
65 497
66 87
66 170
66 193
66 291
66 746
66 831
66 76
66 73
66 154
67 93
67 202
67 233
67 991
67 103
68 187
68 605
68 704
68 775
68 975
69 225
69 269
69 679
69 139
70 157
70 758
71 84
71 811
72 156
73 222
73 397
73 664
73 120
74 91
74 296
74 300
74 581
74 875
74 940
74 111
75 328
75 329
75 385
75 408
75 577
75 826
75 921
75 181
76 96
76 126
76 140
76 142
76 187
76 202
76 214
76 361
76 431
76 467
77 83
77 782
78 159
78 931
79 495
79 597
80 95
80 370
80 515
80 535
80 573
80 677
80 809
81 180
81 247
81 686
81 888
81 959
81 155
81 168
81 203
82 184
82 299
82 616
82 623
82 649
82 761
82 765
82 787
82 887
82 905
82 919
82 951
82 970
83 255
83 439
83 774
84 86
84 122
84 124
84 134
84 179
84 200
84 248
84 290
84 306
84 315
84 426
84 438
84 499
84 534
84 560
84 603
84 647
84 754
84 799
84 827
84 830
84 897
84 918
84 923
84 981
84 989
84 999
85 393
85 582
85 634
85 652
85 735
85 784
85 797
85 958
85 968
85 104
86 104
86 118
86 122
86 128
86 677
86 815
87 135
87 273
87 302
87 118
88 667
89 325
89 432
89 481
89 169
90 91
90 490
90 630
90 751
90 105
91 236
91 352
91 388
91 594
91 107
92 174
92 207
92 414
92 867
92 197
93 137
93 723
93 118
93 149
94 402
94 670
94 682
94 976
95 136
95 416
95 527
95 143
96 99
96 101
96 131
96 142
96 167
96 189
96 204
96 244
96 275
96 278
96 342
96 473
96 512
96 538
96 568
96 570
96 572
96 646
96 732
96 733
96 795
96 808
96 852
96 855
96 876
96 945
96 121
96 135
96 136
96 137
96 186
97 260
97 124
97 128
98 108
98 109
98 221
98 559
99 191
99 230
99 882
100 601
100 640
100 687
100 167
101 966
101 121
102 105
102 162
102 189
102 215
102 261
102 287
102 338
102 366
102 928
103 691
104 118
105 108
105 154
105 356
105 362
105 542
105 687
105 698
105 814
106 494
106 505
106 561
106 587
106 835
106 893
106 947
106 967
106 188
107 123
107 351
107 364
107 460
107 719
107 729
107 800
107 943
108 114
108 546
108 722
108 726
109 228
109 252
109 280
109 374
109 387
109 410
109 417
109 437
109 500
109 507
109 536
109 602
109 626
109 632
109 642
109 727
109 739
109 769
109 770
109 788
109 789
109 804
109 924
109 990
111 237
111 247
111 293
111 313
111 340
111 767
112 186
112 380
112 475
112 645
112 907
112 127
112 133
112 142
112 187
113 119
113 303
113 540
113 824
113 942
115 452
116 188
116 889
116 118
116 177
117 164
117 170
117 210
117 264
117 477
117 563
117 571
117 612
117 628
117 694
117 756
117 792
117 805
117 818
117 880
117 885
117 911
117 913
117 949
117 964
118 144
119 272
119 369
119 892
120 137
120 189
120 231
120 238
120 489
120 532
120 728
120 901
120 917
120 957
121 175
121 526
121 854
122 423
122 594
123 301
124 259
124 274
124 349
124 701
124 858
125 142
125 289
125 447
125 607
125 688
125 926
125 174
126 149
126 161
126 166
126 441
126 759
127 710
127 883
127 985
127 200
128 183
128 267
128 335
128 390
128 513
128 529
128 578
129 591
129 915
130 648
130 820
130 837
130 133
131 212
131 235
131 339
132 135
132 245
132 699
132 979
133 180
135 618
135 680
135 692
135 802
135 962
136 256
136 322
136 403
136 415
136 718
136 817
136 141
137 821
138 152
138 192
138 201
138 341
138 525
138 595
138 992
139 266
139 768
140 720
141 316
141 353
141 455
141 509
141 592
141 695
141 778
141 948
141 178
142 202
142 480
142 673
142 676
142 803
143 406
143 653
143 681
143 977
144 567
145 284
145 819
146 194
146 238
146 263
146 920
147 428
147 483
147 498
147 555
147 615
148 684
149 194
150 539
150 850
151 218
151 533
152 229
152 270
152 419
152 472
152 558
152 633
154 311
154 331
154 368
154 377
154 379
154 384
154 395
154 580
154 596
154 621
154 671
154 705
154 763
154 764
154 899
154 980
154 984
154 996
154 997
171 173
