0 1
0 2
0 3
0 4
0 5
0 6
0 15
0 22
0 32
0 43
0 51
0 56
0 59
0 68
0 73
0 90
0 105
0 117
0 126
0 132
0 161
0 177
0 181
0 183
0 201
0 205
0 206
0 221
0 243
0 273
0 318
0 325
0 429
0 432
0 466
0 478
0 504
0 558
0 571
0 628
0 655
0 662
0 674
0 686
0 702
0 858
0 869
0 905
0 980
1 2
1 3
1 4
1 5
1 8
1 19
1 26
1 28
1 31
1 50
1 73
1 81
1 96
1 101
1 103
1 104
1 109
1 111
1 128
1 131
1 136
1 143
1 158
1 173
1 178
1 181
1 195
1 200
1 310
1 400
1 447
1 513
1 553
1 615
1 688
1 703
1 739
1 933
2 3
2 4
2 5
2 8
2 14
2 15
2 17
2 19
2 24
2 34
2 35
2 45
2 49
2 54
2 58
2 66
2 83
2 85
2 89
2 91
2 101
2 124
2 130
2 138
2 147
2 155
2 167
2 175
2 187
2 191
2 192
2 193
2 194
2 196
2 283
2 284
2 367
2 378
2 408
2 413
2 481
2 486
2 539
2 555
2 567
2 570
2 588
2 589
2 669
2 673
2 687
2 706
2 725
2 770
2 800
2 884
2 915
2 931
2 951
2 996
3 4
3 5
3 6
3 7
3 9
3 12
3 13
3 20
3 33
3 36
3 37
3 43
3 46
3 47
3 56
3 57
3 58
3 74
3 85
3 89
3 91
3 93
3 94
3 95
3 108
3 112
3 114
3 128
3 130
3 136
3 144
3 152
3 154
3 156
3 162
3 165
3 167
3 170
3 179
3 185
3 188
3 197
3 199
3 200
3 228
3 247
3 363
3 373
3 404
3 446
3 473
3 483
3 560
3 672
3 794
3 890
3 928
3 944
3 946
3 966
3 991
4 5
4 16
4 25
4 29
4 30
4 37
4 40
4 41
4 43
4 57
4 58
4 74
4 107
4 119
4 120
4 139
4 150
4 159
4 167
4 172
4 173
4 179
4 199
4 386
4 406
4 415
4 721
4 728
4 738
4 805
4 824
4 874
4 957
5 8
5 10
5 11
5 12
5 34
5 44
5 47
5 51
5 52
5 59
5 60
5 62
5 65
5 77
5 79
5 83
5 88
5 105
5 107
5 108
5 117
5 118
5 119
5 121
5 124
5 134
5 136
5 140
5 147
5 156
5 161
5 168
5 171
5 182
5 187
5 196
5 204
5 214
5 219
5 238
5 278
5 315
5 370
5 371
5 372
5 380
5 409
5 517
5 532
5 709
5 850
5 853
5 862
5 979
6 7
6 11
6 14
6 22
6 30
6 46
6 74
6 125
6 132
6 264
6 356
6 383
6 448
6 456
6 524
6 675
6 817
6 79
6 12
6 13
7 10
7 14
7 42
7 65
7 85
7 90
7 92
7 117
7 158
7 163
7 202
7 203
7 215
7 231
7 234
7 270
7 272
7 304
7 338
7 345
7 360
7 374
7 390
7 463
7 488
7 536
7 586
7 594
7 600
7 618
7 633
7 647
7 649
7 665
7 702
7 704
7 712
7 721
7 722
7 741
7 748
7 749
7 752
7 785
7 786
7 840
7 855
7 856
7 878
7 882
7 887
7 912
7 968
7 985
7 986
7 79
7 12
7 16
7 19
7 32
7 74
7 107
7 111
7 116
7 150
7 165
8 9
8 11
8 15
8 17
8 18
8 21
8 25
8 26
8 27
8 41
8 43
8 48
8 55
8 60
8 61
8 64
8 71
8 72
8 93
8 96
8 106
8 112
8 116
8 133
8 137
8 146
8 148
8 150
8 151
8 160
8 168
8 176
8 183
8 185
8 191
8 192
8 204
8 217
8 218
8 236
8 244
8 281
8 282
8 288
8 293
8 326
8 349
8 368
8 401
8 403
8 417
8 423
8 434
8 439
8 445
8 457
8 465
8 467
8 471
8 477
8 479
8 496
8 527
8 530
8 542
8 544
8 550
8 561
8 564
8 577
8 578
8 580
8 585
8 587
8 598
8 608
8 632
8 650
8 651
8 657
8 659
8 664
8 668
8 681
8 689
8 711
8 730
8 733
8 757
8 768
8 769
8 774
8 789
8 791
8 792
8 808
8 818
8 821
8 825
8 831
8 847
8 871
8 877
8 884
8 886
8 894
8 895
8 903
8 921
8 925
8 930
8 940
8 942
8 947
8 962
8 970
8 973
8 990
8 992
8 993
8 995
9 11
9 17
9 21
9 39
9 174
9 204
9 275
9 287
9 313
9 424
9 533
9 682
9 773
9 949
10 53
10 169
10 180
10 443
10 541
10 626
10 79
10 19
10 22
10 29
10 34
10 36
10 119
10 150
11 14
11 23
11 32
11 36
11 42
11 69
11 71
11 74
11 94
11 130
11 327
11 408
11 452
11 499
11 579
11 611
11 642
11 666
11 713
11 720
11 810
11 885
11 937
11 958
11 982
11 984
12 13
12 40
12 52
12 70
12 76
12 82
12 88
12 124
12 182
12 194
12 348
12 545
12 636
12 658
12 783
12 826
12 923
12 15
12 19
12 36
12 37
12 44
12 53
12 55
12 61
12 68
12 77
12 84
12 101
12 113
12 128
12 139
13 23
13 29
13 51
13 63
13 70
13 82
13 88
13 126
13 171
13 182
13 189
13 361
13 421
13 459
13 500
13 614
13 860
13 950
13 972
13 18
14 30
14 38
14 69
14 113
14 115
14 120
14 203
14 297
14 382
14 548
14 660
14 671
14 690
14 716
14 79
15 27
15 127
15 148
15 394
15 440
15 531
15 987
15 113
16 21
16 34
16 125
16 149
16 151
17 41
17 45
17 48
17 146
17 237
17 255
17 495
17 719
18 31
18 391
18 22
18 26
18 38
18 51
18 58
18 78
18 81
18 85
18 126
18 134
18 149
18 151
19 37
19 53
19 62
19 87
19 97
19 100
19 177
19 227
19 396
19 397
19 416
19 428
19 596
19 670
19 691
19 737
19 782
19 875
19 885
19 893
19 902
19 976
19 989
19 69
19 126
20 939
20 79
20 21
20 22
20 24
20 38
20 51
20 52
20 60
20 62
20 64
20 65
20 67
20 68
20 70
20 80
20 82
20 96
20 98
20 116
20 152
20 182
21 77
21 220
21 286
21 385
21 592
21 888
21 932
21 29
21 99
22 28
22 45
22 70
22 98
22 119
23 48
23 99
23 102
23 133
23 149
23 157
23 248
23 346
23 427
23 489
23 494
23 501
23 593
23 601
23 605
23 606
23 612
23 635
23 637
23 726
23 797
23 813
23 815
23 819
23 842
23 860
23 867
23 899
23 906
23 911
23 188
24 35
24 40
24 86
24 122
24 140
24 163
24 189
24 190
24 207
24 259
24 306
24 474
24 502
24 505
24 506
24 512
24 514
24 549
24 567
24 570
24 676
24 788
24 798
24 807
24 834
24 837
24 845
24 852
24 899
24 908
24 920
24 941
24 967
25 39
25 197
25 221
25 222
25 319
25 357
25 522
26 111
26 148
26 492
26 806
26 50
26 51
26 75
26 109
26 127
26 136
26 142
27 216
27 263
27 457
27 613
27 759
28 34
28 45
28 499
28 105
29 427
29 620
29 40
29 104
30 156
30 332
31 116
31 534
31 750
32 92
32 98
32 823
32 910
33 262
33 79
33 108
33 159
34 153
34 167
34 192
34 204
35 84
35 170
35 268
35 337
35 343
35 442
35 484
35 488
35 516
35 521
35 540
35 761
35 777
35 778
35 854
35 919
35 937
35 955
35 974
35 156
36 42
36 44
36 56
36 75
36 100
36 135
36 165
36 322
36 379
36 411
36 448
36 617
36 666
36 692
36 841
36 37
36 59
36 69
36 95
36 139
37 53
37 67
37 79
37 233
37 320
37 518
37 712
37 751
37 146
38 49
38 113
38 119
38 120
38 508
38 646
38 796
38 200
39 50
39 153
39 625
39 697
39 740
39 969
39 999
40 223
40 335
40 630
40 755
40 934
40 78
40 79
40 122
40 141
40 142
40 171
41 133
41 181
41 562
41 654
41 901
41 907
41 79
41 56
41 81
42 200
42 804
42 173
43 55
43 61
43 64
43 103
43 146
43 226
43 265
43 317
43 472
43 479
43 569
43 599
43 732
43 745
43 774
43 835
43 848
43 863
44 437
44 79
44 56
44 74
44 77
44 130
45 63
45 82
45 98
45 122
45 126
45 141
45 157
45 164
45 168
45 186
45 258
45 290
45 292
45 309
45 405
45 414
45 609
45 653
45 657
45 695
45 707
45 744
45 814
45 849
45 960
45 56
46 852
46 79
46 63
46 65
46 77
47 54
47 241
47 242
47 279
47 376
47 763
47 833
47 881
48 102
48 509
49 52
49 70
49 75
49 88
49 141
49 157
49 158
49 159
49 188
49 212
49 232
49 257
49 303
49 306
49 316
49 333
49 340
49 355
49 358
49 375
49 389
49 399
49 407
49 460
49 487
49 491
49 543
49 575
49 583
49 595
49 661
49 663
49 717
49 754
49 756
49 758
49 766
49 864
49 879
49 900
49 929
49 948
49 954
49 975
49 79
50 402
50 616
50 60
50 75
51 212
51 246
51 302
51 643
51 952
51 90
51 133
52 105
52 134
52 138
52 271
52 296
52 365
52 410
52 459
52 678
52 693
52 701
52 795
52 811
52 857
53 57
53 78
53 97
53 180
53 289
53 323
53 426
53 431
53 574
54 81
54 556
54 79
54 153
56 64
56 129
56 169
56 240
56 262
56 298
56 330
56 629
56 731
56 63
56 90
56 114
56 127
56 163
57 619
57 623
57 647
57 784
57 787
58 91
58 145
58 285
58 708
59 196
59 387
59 430
59 584
59 597
59 601
59 714
59 780
59 801
59 971
59 67
59 189
60 143
60 252
60 280
60 490
60 93
60 113
60 148
61 334
61 341
62 66
62 67
62 78
62 109
62 121
62 154
62 213
62 274
62 696
62 916
62 100
63 209
63 224
63 311
63 441
63 591
63 736
64 66
64 230
64 254
64 294
64 342
64 420
64 565
64 634
64 677
64 694
64 700
64 715
64 775
64 873
64 898
65 67
65 117
65 225
65 229
65 301
65 369
65 652
65 747
65 917
65 922
65 963
66 81
66 97
66 129
67 87
67 376
67 931
67 102
68 321
68 830
69 80
69 100
69 135
69 161
69 436
69 568
69 822
69 859
69 935
69 103
70 170
71 392
71 398
71 538
71 735
73 115
73 470
73 767
73 828
73 868
73 891
74 95
74 210
74 428
74 497
74 646
74 727
74 771
74 75
74 112
74 130
74 142
75 493
75 76
75 137
75 144
76 131
76 195
76 117
77 102
77 106
77 184
77 251
77 307
77 395
77 464
77 529
77 566
77 779
77 799
77 802
77 961
77 988
77 99
77 174
78 381
78 79
78 81
78 110
78 129
78 143
78 147
79 81
79 956
79 983
79 103
79 114
79 145
79 148
79 152
79 155
80 581
80 656
81 91
81 104
81 205
81 339
81 362
81 451
81 526
81 551
81 603
81 699
81 85
82 319
82 366
82 388
82 444
82 816
82 918
82 971
83 118
83 191
83 455
83 461
83 468
83 523
83 535
83 876
83 964
84 171
84 245
84 343
84 977
85 109
86 96
86 122
86 166
86 507
86 510
86 590
86 639
86 683
86 705
86 793
86 870
86 880
86 896
86 959
87 104
87 147
87 260
87 450
87 485
87 724
87 839
87 205
88 622
88 667
88 772
89 123
89 351
89 515
89 723
89 809
89 872
89 204
90 142
90 897
90 92
90 104
91 142
91 180
91 308
91 329
91 344
91 425
91 473
91 641
91 684
91 760
91 764
91 843
91 936
92 130
92 295
92 393
92 644
92 700
92 704
92 718
92 167
93 255
93 124
93 144
94 113
94 173
94 511
94 836
94 837
94 840
94 158
95 198
95 680
96 116
96 176
96 178
96 300
96 312
96 314
96 573
96 631
96 698
96 924
97 352
97 435
97 546
97 781
97 943
97 981
98 108
99 269
99 412
99 187
100 134
100 453
100 889
100 926
100 927
100 194
101 525
101 734
101 753
101 904
101 945
101 978
102 249
102 914
103 176
103 519
103 153
104 110
104 336
104 640
104 832
104 909
104 994
105 256
105 438
105 528
105 913
105 979
106 515
106 552
106 610
106 997
107 178
108 211
108 276
108 418
108 520
108 710
108 776
109 602
109 812
110 267
110 624
110 180
111 419
111 866
111 176
112 938
113 203
114 175
114 291
114 353
114 827
116 118
116 627
117 253
117 537
118 193
118 266
118 299
118 354
118 892
119 746
119 820
120 729
122 742
122 129
123 139
123 151
123 244
123 861
124 126
124 331
124 476
124 547
124 648
124 803
126 141
126 277
126 458
126 503
126 559
126 572
126 685
126 844
127 449
127 638
127 790
127 846
127 924
128 377
129 273
130 645
130 133
133 153
133 160
133 261
133 364
133 480
133 576
133 851
133 883
133 886
133 953
134 190
134 482
135 865
137 184
138 433
138 755
139 143
139 422
139 563
140 198
140 235
140 324
140 498
140 557
140 762
140 829
140 172
141 248
141 305
141 607
142 147
142 177
143 162
143 239
144 145
145 347
146 208
146 250
146 765
146 998
148 184
148 679
149 384
149 201
150 328
150 350
150 359
150 454
150 469
150 475
150 554
150 686
150 743
151 462
151 838
152 486
152 511
152 604
152 621
152 965
153 164
153 197
154 582
158 200
158 161
162 166
167 192
