0 1
0 2
0 3
0 4
0 5
0 8
0 11
0 15
0 16
0 19
0 21
0 23
0 27
0 29
0 30
0 32
0 37
0 44
0 46
0 53
0 58
0 59
0 60
0 68
0 71
0 80
0 83
0 84
0 86
0 101
0 105
0 109
0 110
0 112
0 113
0 116
0 120
0 122
0 133
0 134
0 135
0 159
0 162
0 166
0 172
0 179
0 180
0 184
0 193
0 197
0 198
0 210
0 292
0 347
0 349
0 363
0 364
0 416
0 608
0 652
0 653
0 691
0 766
0 789
0 829
0 858
0 882
0 939
0 952
1 2
1 3
1 6
1 7
1 11
1 14
1 34
1 35
1 45
1 48
1 49
1 63
1 66
1 72
1 78
1 89
1 93
1 95
1 98
1 99
1 101
1 107
1 109
1 115
1 122
1 127
1 133
1 137
1 139
1 140
1 154
1 160
1 165
1 169
1 170
1 173
1 174
1 182
1 185
1 202
1 217
1 270
1 285
1 320
1 355
1 390
1 398
1 404
1 437
1 557
1 572
1 573
1 585
1 598
1 610
1 632
1 633
1 669
1 673
1 686
1 725
1 741
1 821
1 855
1 859
1 937
1 938
1 942
1 945
1 951
1 964
1 991
2 3
2 5
2 7
2 8
2 10
2 16
2 17
2 19
2 21
2 24
2 27
2 35
2 36
2 37
2 41
2 43
2 47
2 52
2 54
2 57
2 60
2 66
2 67
2 69
2 70
2 74
2 75
2 80
2 84
2 89
2 90
2 120
2 123
2 125
2 129
2 132
2 142
2 147
2 149
2 152
2 170
2 173
2 177
2 178
2 179
2 180
2 182
2 184
2 195
2 200
2 238
2 276
2 321
2 336
2 385
2 388
2 420
2 516
2 584
2 615
2 634
2 647
2 724
2 729
2 756
2 777
2 826
2 856
2 931
2 934
2 975
2 989
3 5
3 6
3 7
3 9
3 11
3 12
3 13
3 15
3 35
3 37
3 39
3 46
3 49
3 71
3 74
3 75
3 81
3 90
3 91
3 95
3 99
3 102
3 104
3 110
3 116
3 123
3 125
3 126
3 132
3 136
3 141
3 147
3 149
3 161
3 164
3 167
3 184
3 190
3 197
3 302
3 324
3 328
3 401
3 411
3 427
3 431
3 455
3 470
3 480
3 560
3 611
3 645
3 692
3 711
3 737
3 814
3 824
3 881
3 910
3 916
3 935
3 965
3 972
4 17
4 31
4 62
4 593
4 870
4 941
4 5
4 7
4 9
4 10
4 12
4 15
4 16
4 23
4 27
4 50
4 93
4 102
4 110
4 122
4 125
4 138
5 7
5 9
5 47
5 64
5 73
5 92
5 93
5 200
5 237
5 303
5 767
5 980
5 125
5 6
5 21
5 44
5 58
5 123
6 24
6 45
6 51
6 65
6 112
6 134
6 350
6 368
6 47
6 152
7 8
7 10
7 12
7 15
7 20
7 55
7 63
7 111
7 120
7 121
7 122
7 124
7 141
7 164
7 174
7 202
7 205
7 207
7 226
7 232
7 236
7 317
7 340
7 343
7 379
7 429
7 438
7 444
7 494
7 495
7 521
7 533
7 540
7 542
7 546
7 551
7 569
7 595
7 620
7 625
7 629
7 639
7 642
7 656
7 658
7 674
7 698
7 704
7 712
7 723
7 731
7 749
7 760
7 771
7 825
7 832
7 848
7 849
7 851
7 900
7 901
7 902
7 907
7 918
7 919
7 924
7 958
7 966
7 77
7 84
7 106
8 10
8 12
8 28
8 38
8 42
8 102
8 151
8 211
8 359
8 375
8 382
8 473
8 659
8 125
8 14
8 17
8 18
8 29
8 48
8 65
8 180
9 14
9 28
9 30
9 65
9 85
9 88
9 114
9 121
9 136
9 149
9 154
9 157
9 190
9 193
9 239
9 386
9 424
9 498
9 515
9 567
9 569
9 617
9 619
9 636
9 662
9 682
9 719
9 750
9 774
9 792
9 798
9 868
9 885
9 887
9 26
9 31
9 49
9 104
9 107
10 12
10 141
10 304
10 782
10 850
10 24
10 32
10 41
10 138
11 13
11 18
11 27
11 33
11 79
11 96
11 129
11 160
11 240
11 250
11 260
11 267
11 274
11 280
11 290
11 345
11 351
11 394
11 415
11 505
11 512
11 561
11 587
11 590
11 665
11 688
11 703
11 718
11 779
11 781
11 795
11 805
11 807
11 808
11 830
11 898
11 909
11 920
11 125
11 14
12 22
12 55
12 71
12 99
12 389
12 425
12 553
12 603
12 827
12 125
12 19
12 20
12 23
12 29
12 33
12 45
12 104
12 112
13 19
13 25
13 44
13 48
13 50
13 61
13 87
13 117
13 264
13 392
13 393
13 663
13 833
13 872
14 27
14 30
14 40
14 130
14 171
14 644
14 15
14 28
14 33
14 44
14 54
14 59
14 60
14 68
15 20
15 23
15 47
15 72
15 92
15 121
15 128
15 165
15 192
15 193
15 245
15 253
15 295
15 434
15 649
15 746
15 880
15 976
15 988
15 999
15 22
15 25
15 37
15 43
15 46
15 56
15 67
15 70
15 88
15 90
15 101
15 112
15 139
16 28
16 389
16 819
16 949
16 982
16 21
16 39
16 78
16 119
16 149
17 29
17 57
17 59
17 152
17 255
17 309
17 326
17 443
17 555
17 793
17 969
17 100
17 113
17 153
18 25
18 131
18 234
18 272
18 299
18 501
18 531
18 582
18 50
18 77
19 24
19 78
19 79
19 223
19 338
19 606
19 685
19 693
19 894
19 927
20 26
20 116
20 254
20 344
20 405
20 413
20 562
20 681
20 763
20 899
20 48
21 34
21 244
21 354
21 967
21 22
21 59
21 88
21 93
21 128
21 157
22 100
22 286
22 56
23 121
23 135
23 37
23 47
23 68
23 77
23 78
23 89
23 103
23 107
23 128
23 130
23 134
24 32
24 40
24 49
24 53
24 60
24 70
24 74
24 76
24 77
24 130
24 134
24 138
24 186
24 188
24 248
24 310
24 312
24 356
24 365
24 378
24 395
24 418
24 433
24 435
24 442
24 497
24 526
24 531
24 536
24 544
24 574
24 628
24 666
24 695
24 716
24 721
24 732
24 738
24 744
24 748
24 770
24 804
24 817
24 839
24 866
24 891
24 903
24 929
24 935
24 52
24 55
24 73
24 91
24 127
25 687
25 889
26 55
26 80
26 111
26 155
26 221
26 251
26 294
26 306
26 334
26 421
26 472
26 530
26 609
26 733
26 743
26 801
26 851
26 852
26 923
26 164
27 82
27 456
27 518
27 534
27 565
27 570
27 607
27 699
27 757
27 785
27 815
27 838
27 864
27 928
27 959
27 974
27 981
27 993
27 154
28 36
28 56
28 73
28 94
28 95
28 120
28 135
28 144
28 163
28 168
28 189
28 191
28 192
28 241
28 269
28 314
28 407
28 414
28 446
28 484
28 504
28 506
28 511
28 528
28 538
28 564
28 575
28 591
28 592
28 670
28 809
28 888
28 911
28 921
28 953
28 982
28 992
28 91
29 31
29 62
29 84
29 97
29 230
29 381
29 464
29 481
29 547
29 702
29 717
29 790
29 915
29 34
29 71
29 85
29 98
29 109
30 51
30 65
30 134
30 895
31 37
31 41
31 44
31 126
31 176
31 440
31 510
31 713
31 786
31 834
32 61
32 160
32 409
32 423
32 477
32 597
32 890
32 67
32 95
33 86
33 135
33 186
34 72
34 38
34 42
34 45
34 74
34 75
34 123
34 155
34 192
35 337
35 346
35 624
35 796
36 417
37 97
37 172
37 181
37 233
37 313
37 422
37 577
37 601
37 700
37 709
37 800
37 944
37 51
37 72
37 81
38 622
38 49
39 42
39 197
41 108
41 247
41 298
43 399
44 59
44 79
44 108
44 187
44 227
44 235
44 297
44 401
44 463
44 464
44 486
44 496
44 502
44 527
44 545
44 583
44 637
44 648
44 651
44 654
44 675
44 683
44 684
44 708
44 761
44 773
44 811
44 869
44 874
44 897
44 917
44 930
44 932
44 987
44 138
45 153
45 300
45 331
45 371
45 400
45 660
45 806
45 837
45 862
45 978
45 133
46 98
46 118
46 180
46 571
46 764
46 867
46 877
46 958
47 54
47 143
47 146
47 189
47 229
47 792
47 983
48 252
48 483
48 578
48 794
48 865
48 84
48 127
49 50
49 282
49 321
50 96
50 117
50 479
50 526
50 529
50 626
50 641
50 758
50 970
50 137
51 82
51 175
51 706
52 125
53 277
53 552
54 184
55 76
55 94
55 144
55 183
55 198
55 283
55 315
55 391
55 614
55 646
56 289
56 426
56 861
56 64
56 83
56 118
57 402
57 559
57 195
59 75
59 788
59 101
59 140
60 70
60 100
60 215
60 449
60 460
60 493
60 697
61 87
61 196
61 220
61 288
61 476
61 478
61 735
62 139
62 156
62 161
62 172
62 181
62 204
62 256
62 287
62 355
62 520
62 568
62 671
62 810
62 857
63 83
63 200
64 105
65 74
65 694
65 886
65 85
66 106
66 119
66 635
66 650
67 129
70 133
70 249
70 863
70 122
71 91
71 185
71 263
71 454
71 678
71 873
71 883
71 936
71 125
72 379
72 380
72 605
72 780
72 831
73 137
73 145
73 224
73 613
73 677
73 994
74 113
74 119
74 311
74 337
74 947
75 89
75 156
75 212
75 281
75 339
75 428
75 466
75 596
75 640
75 759
75 799
76 102
76 241
76 265
76 266
76 307
76 436
76 500
76 525
76 537
76 631
76 643
76 651
76 726
76 727
76 728
76 802
76 812
76 813
76 843
76 893
77 117
77 186
77 196
77 275
77 372
77 514
77 579
77 97
78 104
78 234
78 278
78 513
78 638
78 853
78 925
78 140
79 370
79 490
79 696
80 124
80 157
80 383
80 447
80 459
80 754
80 892
81 214
81 112
82 112
82 461
82 499
82 742
83 137
83 228
83 623
83 884
84 604
84 776
84 871
84 905
84 89
86 594
87 170
87 279
87 376
87 406
87 419
87 448
87 462
87 517
87 566
87 803
87 817
87 828
87 914
89 106
89 219
89 227
89 323
89 352
89 485
89 507
89 556
89 657
89 689
89 715
89 755
89 860
89 904
89 150
90 113
90 335
90 91
91 158
91 244
91 403
91 445
91 621
91 661
91 778
91 835
93 330
93 397
93 108
93 117
93 158
94 273
94 325
94 549
94 602
94 664
95 133
95 206
95 341
95 667
96 896
98 103
98 138
98 162
98 259
98 322
98 362
98 450
98 487
98 523
98 943
98 962
98 979
99 266
99 318
99 341
99 550
100 102
100 103
100 153
100 243
100 271
100 357
100 358
100 360
100 396
100 465
100 519
100 541
100 580
100 680
100 734
100 740
100 747
100 783
100 841
100 852
100 854
100 878
100 908
100 996
100 125
100 106
101 150
101 189
101 208
101 231
101 332
101 430
101 548
101 577
101 722
101 762
101 765
101 784
101 791
101 926
101 984
101 135
102 183
102 432
102 586
102 588
102 751
102 760
102 819
102 936
102 960
102 121
102 146
103 818
104 139
104 187
104 209
104 471
104 554
104 558
104 589
104 668
104 769
104 775
104 845
104 948
104 199
106 293
106 968
106 997
106 118
108 199
108 225
108 291
108 377
108 451
108 547
108 720
108 933
108 963
108 149
109 230
109 816
110 148
110 576
110 820
111 202
111 262
111 618
111 710
112 329
112 581
112 847
112 875
113 489
113 599
113 690
113 125
113 150
114 177
115 201
115 218
115 301
115 305
115 348
115 539
116 127
116 163
116 753
117 170
117 178
117 284
117 514
117 876
117 955
118 198
118 384
118 522
118 752
118 879
118 986
119 154
119 308
119 324
119 730
120 369
120 374
120 714
120 739
120 745
120 797
120 840
121 143
121 216
121 488
121 921
121 977
121 165
122 136
122 152
123 268
123 373
123 410
123 535
123 957
123 961
123 995
124 159
124 319
124 701
125 469
125 127
125 132
125 134
125 153
125 183
125 191
126 166
126 176
126 353
126 437
126 441
126 508
126 509
126 736
126 772
126 823
126 844
126 846
126 906
126 946
126 985
126 161
127 177
127 257
128 387
128 491
130 361
130 468
130 482
130 922
132 147
132 475
133 171
133 246
133 366
133 367
133 457
133 563
133 655
133 679
133 787
133 822
133 836
133 940
134 990
134 145
135 261
135 543
137 222
137 439
137 532
137 676
137 143
138 954
139 150
139 194
139 474
139 616
139 627
139 689
139 913
141 316
141 327
141 458
141 630
142 998
143 169
145 707
147 487
147 492
147 524
147 956
148 412
149 452
149 467
149 503
149 672
149 971
150 242
150 408
150 842
150 156
151 213
151 912
152 203
152 258
152 296
152 333
152 342
152 453
152 600
152 705
152 950
152 973
153 188
153 612
153 732
153 768
