0 1
0 2
0 3
0 4
0 5
0 6
0 7
0 8
0 15
0 17
0 22
0 23
0 28
0 31
0 32
0 36
0 37
0 39
0 43
0 47
0 51
0 56
0 57
0 58
0 59
0 60
0 61
0 64
0 66
0 67
0 69
0 74
0 79
0 90
0 91
0 97
0 98
0 104
0 107
0 110
0 113
0 114
0 125
0 126
0 130
0 141
0 147
0 148
0 150
0 155
0 162
0 167
0 183
0 187
0 188
0 189
0 192
0 196
0 198
0 203
0 209
0 237
0 258
0 262
0 279
0 320
0 340
0 378
0 387
0 405
0 406
0 433
0 470
0 482
0 520
0 572
0 634
0 659
0 681
0 716
0 734
0 743
0 822
0 880
0 894
0 914
0 934
0 938
0 978
1 2
1 3
1 4
1 5
1 6
1 8
1 11
1 13
1 23
1 29
1 35
1 41
1 50
1 52
1 55
1 58
1 61
1 64
1 66
1 77
1 78
1 81
1 87
1 88
1 90
1 91
1 94
1 99
1 102
1 105
1 112
1 120
1 121
1 123
1 135
1 140
1 143
1 146
1 154
1 162
1 163
1 167
1 169
1 170
1 172
1 177
1 188
1 191
1 192
1 199
1 212
1 221
1 230
1 330
1 334
1 442
1 483
1 489
1 512
1 733
1 854
1 883
1 902
1 989
2 3
2 4
2 5
2 6
2 8
2 11
2 14
2 16
2 22
2 28
2 32
2 34
2 39
2 46
2 56
2 60
2 63
2 68
2 76
2 82
2 95
2 100
2 101
2 111
2 115
2 121
2 126
2 131
2 141
2 145
2 146
2 151
2 152
2 154
2 155
2 158
2 168
2 172
2 176
2 178
2 181
2 184
2 190
2 195
2 201
2 203
2 224
2 292
2 300
2 307
2 401
2 402
2 416
2 514
2 536
2 561
2 580
2 587
2 600
2 633
2 646
2 711
2 784
2 803
2 836
2 842
2 853
2 888
2 958
3 4
3 12
3 18
3 19
3 21
3 34
3 54
3 58
3 60
3 72
3 96
3 98
3 106
3 117
3 121
3 133
3 138
3 139
3 143
3 147
3 148
3 157
3 158
3 160
3 170
3 180
3 191
3 196
3 200
3 203
3 204
3 216
3 220
3 259
3 290
3 325
3 355
3 357
3 358
3 412
3 484
3 499
3 552
3 584
3 690
3 722
3 777
3 814
3 828
3 839
3 871
3 893
3 895
3 900
3 965
3 967
4 7
4 9
4 14
4 26
4 30
4 86
4 114
4 123
4 165
4 178
4 243
4 554
4 564
4 694
4 755
4 830
4 884
5 14
5 17
5 41
5 75
5 149
5 219
5 383
5 553
5 661
5 12
5 6
5 9
5 10
5 11
5 29
5 104
6 11
6 12
6 59
6 67
6 102
6 119
6 124
6 390
6 436
6 517
6 545
6 747
6 794
6 55
6 51
6 8
6 18
6 19
6 21
6 28
6 33
6 44
6 49
6 58
6 68
6 121
7 9
7 10
7 16
7 22
7 28
7 48
7 64
7 151
7 431
7 556
7 579
7 634
7 746
7 868
7 881
7 940
8 33
8 40
8 183
8 206
8 525
8 697
8 910
8 12
8 23
8 52
8 91
8 98
8 115
8 153
9 25
9 45
9 60
9 84
10 26
10 33
10 35
10 38
10 40
10 48
10 49
10 62
10 69
10 111
10 152
10 170
10 199
10 244
10 245
10 250
10 270
10 293
10 308
10 314
10 332
10 338
10 374
10 414
10 420
10 423
10 437
10 443
10 485
10 493
10 636
10 656
10 700
10 701
10 702
10 712
10 714
10 724
10 725
10 749
10 771
10 774
10 786
10 807
10 831
10 845
10 857
10 866
10 886
10 889
10 931
10 951
10 18
11 12
11 272
11 462
11 463
11 649
11 851
11 865
11 55
11 14
11 15
11 30
11 31
11 33
11 35
11 36
11 39
11 51
11 54
11 59
11 82
11 95
11 109
11 113
11 126
11 133
12 23
12 27
12 56
12 70
12 73
12 86
12 110
12 146
12 200
12 267
12 282
12 294
12 297
12 310
12 355
12 391
12 422
12 444
12 730
12 879
12 901
12 55
12 14
12 26
12 58
12 78
12 112
12 137
13 767
14 17
14 44
14 71
14 304
14 385
14 565
14 631
14 699
14 846
14 996
14 61
15 30
15 204
15 372
15 464
15 575
15 980
16 19
16 24
16 50
16 84
16 131
16 138
16 140
16 153
16 289
16 339
16 363
16 368
16 376
16 439
16 471
16 480
16 537
16 607
16 624
16 645
16 669
16 672
16 680
16 693
16 696
16 737
16 744
16 772
16 779
16 801
16 917
16 55
16 27
16 46
17 20
17 41
17 43
17 46
17 52
17 153
17 256
17 371
17 510
17 526
17 597
17 666
17 820
18 76
18 452
18 21
18 28
18 51
18 176
19 20
19 24
19 98
19 166
19 365
19 438
19 534
19 594
19 850
20 44
20 63
20 73
20 76
20 99
20 100
20 112
20 114
20 116
20 133
20 159
20 190
20 251
20 263
20 276
20 343
20 354
20 356
20 361
20 379
20 432
20 453
20 456
20 507
20 570
20 571
20 593
20 611
20 681
20 717
20 736
20 741
20 811
20 813
20 916
20 922
20 927
20 936
20 942
20 960
20 969
20 972
20 993
20 55
21 55
21 25
21 28
21 34
21 43
21 47
21 63
21 70
21 73
21 76
21 88
21 107
21 117
21 120
21 125
21 142
22 70
22 110
22 137
22 152
22 544
22 578
22 641
22 652
22 911
22 55
22 97
23 34
23 88
23 119
23 163
23 174
23 189
23 214
23 222
23 242
23 280
23 284
23 302
23 400
23 409
23 462
23 501
23 551
23 555
23 582
23 615
23 617
23 628
23 640
23 648
23 676
23 761
23 762
23 766
23 817
23 867
23 874
23 896
23 904
23 937
24 51
24 63
24 114
24 186
24 488
26 51
26 77
26 118
26 175
26 201
26 317
26 492
26 561
26 569
26 603
26 668
26 671
26 750
26 796
26 905
26 915
26 45
26 54
26 65
26 73
26 82
26 114
26 178
27 247
27 102
28 37
28 47
28 345
28 614
28 689
28 985
28 48
28 54
28 57
28 67
28 83
29 65
29 55
29 36
29 37
29 44
29 47
29 93
29 124
29 128
29 142
30 35
30 61
30 108
30 183
30 286
30 425
30 543
31 82
31 106
31 184
31 185
31 229
31 296
31 430
31 474
31 475
31 686
31 864
31 938
31 944
31 55
31 60
31 125
31 148
32 64
32 104
32 181
32 518
32 519
32 557
33 55
33 79
33 135
33 217
33 396
33 546
33 577
33 42
33 43
33 89
34 57
34 65
34 84
34 188
34 321
34 349
34 630
34 87
34 141
35 40
35 66
35 92
35 112
35 118
35 173
35 260
35 829
35 85
35 131
37 42
37 45
37 68
37 132
37 194
37 236
37 410
37 653
37 670
37 821
37 855
37 887
37 912
37 921
37 950
37 956
37 55
37 50
37 92
37 99
37 122
38 85
38 164
38 173
38 745
38 923
39 841
39 55
39 70
39 100
40 53
40 164
40 288
40 435
40 928
40 55
40 135
40 183
41 43
41 46
41 153
41 424
41 654
41 789
41 981
42 265
42 278
42 375
42 461
42 533
42 574
42 595
42 939
43 106
43 185
43 380
43 417
43 560
43 663
43 698
43 849
43 899
43 961
43 966
43 992
43 44
43 64
43 111
43 126
44 751
44 45
44 71
44 81
44 90
45 117
45 948
45 72
46 373
46 838
47 366
47 481
47 715
47 102
47 117
48 111
48 137
48 144
48 261
48 465
48 497
48 819
49 53
49 118
49 127
49 175
49 476
49 933
50 103
50 348
50 370
50 398
50 427
50 485
50 503
50 787
50 788
50 797
50 802
50 877
50 913
51 72
51 88
51 125
51 134
51 202
51 232
51 411
51 441
51 450
51 487
51 610
51 626
51 639
51 643
51 683
51 732
51 977
51 55
51 74
51 75
51 76
51 79
51 86
51 105
51 109
51 168
52 64
52 82
52 103
53 161
53 395
53 421
53 703
53 800
53 55
53 175
54 66
54 104
55 69
55 72
55 85
55 127
55 173
55 189
55 204
55 312
55 318
55 337
55 460
55 495
55 601
55 691
55 781
55 793
55 830
55 848
55 930
55 71
55 73
55 78
55 92
55 95
55 114
55 124
55 134
55 139
55 151
56 85
56 227
56 253
56 316
56 521
56 583
56 612
56 677
56 735
56 825
56 955
57 123
57 147
58 151
58 314
58 415
58 496
58 548
58 196
59 163
59 210
59 295
59 301
59 392
59 444
59 524
59 562
59 678
59 769
59 776
59 885
59 203
60 78
60 103
60 122
60 196
60 199
60 347
60 369
60 609
60 662
60 701
60 754
60 792
60 808
60 875
61 74
61 103
61 133
61 136
61 428
61 665
61 742
61 748
62 416
63 68
63 74
63 132
63 171
63 188
63 274
63 352
63 388
63 647
63 96
63 106
63 129
64 588
64 920
64 97
64 101
65 72
65 530
66 78
66 129
66 215
66 389
66 997
66 80
67 80
67 145
67 280
67 323
67 467
67 502
67 815
67 98
68 550
69 618
69 986
70 94
72 469
72 941
73 94
73 97
73 128
73 134
73 202
73 248
73 264
73 458
73 479
73 513
73 590
73 727
73 753
73 798
73 816
73 832
73 834
73 840
73 858
73 860
73 897
73 925
73 145
74 90
74 93
74 156
74 394
74 608
74 752
74 971
74 984
76 315
76 434
76 827
76 954
76 963
76 974
76 111
76 143
76 165
77 667
77 704
77 738
77 882
77 918
77 991
78 123
78 127
78 407
78 429
78 440
78 478
78 532
78 558
78 799
78 886
78 909
78 945
79 344
79 620
79 671
79 979
80 83
80 89
80 225
80 234
80 269
80 311
80 326
80 504
80 511
80 638
80 673
80 747
80 833
82 101
82 130
82 133
82 179
82 239
82 257
82 281
82 335
82 336
82 353
82 508
82 591
82 598
82 599
82 664
82 692
82 710
82 718
82 756
82 764
82 795
82 837
82 843
82 870
82 892
82 919
82 924
82 952
82 988
82 137
82 139
82 177
83 200
84 150
84 228
84 413
84 451
84 674
84 804
84 159
85 180
85 360
85 377
85 447
85 466
85 468
85 540
85 559
85 563
85 642
85 687
85 723
85 726
85 765
85 863
85 869
85 929
85 935
85 99
86 169
86 249
86 729
86 983
87 542
87 148
87 185
88 138
88 252
88 287
88 367
88 632
88 635
88 657
88 773
88 104
88 128
89 113
91 268
91 341
91 498
91 516
91 531
91 604
91 660
91 760
91 847
92 175
92 999
93 100
93 108
93 146
93 149
94 285
94 529
94 568
94 713
94 721
94 852
95 709
95 929
96 125
96 137
96 305
96 333
96 523
96 810
96 868
98 233
98 113
98 133
99 172
99 472
99 500
99 539
99 728
99 976
100 773
101 403
102 133
103 108
103 218
103 223
103 408
103 949
103 990
104 324
104 486
104 664
106 109
106 198
106 541
106 707
106 759
106 943
106 946
106 957
106 964
109 528
109 202
110 142
110 240
110 254
110 448
110 454
110 499
110 535
110 567
110 585
110 616
110 675
110 739
110 782
110 861
110 866
110 898
110 901
110 962
110 995
111 581
112 141
112 157
112 198
112 283
112 291
112 303
112 313
112 351
112 384
112 430
112 446
112 505
112 576
112 622
112 644
112 685
112 719
112 785
112 790
112 791
112 805
112 809
112 926
112 973
113 678
113 200
114 120
114 174
114 201
114 213
114 455
114 627
114 783
115 132
116 566
117 191
117 193
117 299
117 459
117 602
117 650
118 135
118 197
118 208
118 346
118 625
118 668
118 724
118 778
118 862
118 872
118 878
118 890
119 182
119 331
119 780
119 968
120 135
120 637
120 651
120 818
121 298
121 813
122 342
123 161
123 180
123 266
123 359
123 404
123 515
123 592
123 605
123 731
123 204
124 688
125 132
125 162
125 226
125 426
125 449
125 573
125 589
125 623
125 655
126 156
126 158
126 194
127 199
130 328
130 606
130 907
131 134
131 176
131 211
131 255
131 927
132 207
132 381
132 586
132 763
132 844
132 970
132 987
133 156
133 205
133 477
133 629
133 756
133 823
133 835
133 858
133 959
134 179
134 393
134 953
134 975
135 322
135 491
135 522
135 549
135 740
135 806
135 824
135 891
135 161
135 186
136 235
136 596
138 277
139 775
139 826
140 202
140 273
140 397
140 619
140 684
141 165
141 271
141 327
141 386
141 490
141 621
141 682
141 695
141 705
141 708
141 758
141 812
141 856
141 876
141 947
142 241
142 259
142 494
143 161
145 319
145 418
145 538
145 658
145 932
145 982
146 203
146 309
146 329
147 275
147 293
147 305
147 419
147 506
147 873
148 238
148 350
148 364
148 382
148 445
148 457
148 473
148 613
148 679
148 768
148 770
148 859
148 906
150 246
150 306
150 362
150 399
150 903
150 908
151 509
152 231
152 547
152 720
153 527
153 994
153 998
154 706
154 757
157 199
159 188
170 191
187 200
