0 1
0 2
0 3
0 4
0 5
0 6
0 14
0 15
0 17
0 21
0 26
0 28
0 36
0 52
0 59
0 63
0 81
0 107
0 125
0 139
0 143
0 146
0 148
0 151
0 158
0 172
0 198
0 350
0 427
0 545
0 547
0 571
0 673
0 687
0 708
0 788
0 835
0 846
0 878
0 951
0 988
1 2
1 3
1 4
1 5
1 6
1 7
1 9
1 14
1 24
1 39
1 40
1 50
1 72
1 92
1 107
1 109
1 113
1 117
1 127
1 136
1 156
1 169
1 194
1 202
1 264
1 288
1 297
1 302
1 430
1 450
1 501
1 632
1 661
1 735
1 862
1 896
1 955
1 980
2 3
2 4
2 5
2 9
2 12
2 18
2 19
2 22
2 34
2 35
2 47
2 50
2 51
2 52
2 56
2 60
2 61
2 63
2 79
2 91
2 94
2 95
2 96
2 99
2 104
2 108
2 116
2 118
2 121
2 128
2 131
2 134
2 135
2 138
2 144
2 148
2 151
2 156
2 161
2 167
2 171
2 175
2 178
2 189
2 190
2 191
2 192
2 194
2 283
2 312
2 359
2 371
2 379
2 383
2 441
2 451
2 456
2 468
2 512
2 513
2 522
2 525
2 566
2 584
2 591
2 639
2 643
2 653
2 716
2 745
3 4
3 5
3 8
3 11
3 20
3 42
3 46
3 70
3 83
3 84
3 88
3 105
3 117
3 129
3 132
3 154
3 160
3 175
3 181
3 279
3 282
3 353
3 411
3 433
3 502
3 598
3 619
3 740
3 854
3 970
4 5
4 6
4 23
4 27
4 31
4 35
4 36
4 48
4 55
4 57
4 70
4 90
4 97
4 103
4 105
4 124
4 129
4 133
4 143
4 155
4 159
4 163
4 172
4 179
4 184
4 196
4 257
4 270
4 307
4 313
4 314
4 317
4 360
4 401
4 428
4 486
4 493
4 532
4 557
4 609
4 640
4 656
4 743
4 794
4 813
4 815
4 870
4 924
4 977
5 6
5 7
5 9
5 10
5 12
5 21
5 26
5 29
5 41
5 45
5 50
5 51
5 61
5 70
5 80
5 84
5 91
5 93
5 97
5 100
5 102
5 109
5 112
5 114
5 152
5 154
5 155
5 167
5 170
5 183
5 188
5 191
5 214
5 263
5 306
5 323
5 442
5 443
5 464
5 466
5 489
5 498
5 579
5 651
5 693
5 782
5 783
5 898
5 913
5 927
5 944
5 986
6 11
6 13
6 20
6 22
6 48
6 52
6 54
6 62
6 65
6 80
6 83
6 89
6 90
6 100
6 107
6 116
6 117
6 130
6 145
6 157
6 200
6 225
6 251
6 255
6 262
6 265
6 302
6 320
6 337
6 369
6 380
6 382
6 407
6 424
6 426
6 439
6 445
6 495
6 507
6 563
6 594
6 616
6 638
6 645
6 662
6 665
6 667
6 669
6 676
6 682
6 719
6 723
6 738
6 751
6 755
6 760
6 764
6 786
6 787
6 845
6 856
6 858
6 864
6 893
6 909
6 915
6 932
6 940
6 950
6 954
6 15
6 7
6 8
6 9
6 19
6 41
7 12
7 47
7 61
7 66
7 130
7 341
7 841
7 15
7 10
7 11
7 16
7 19
7 20
7 48
7 68
7 121
8 14
8 480
8 701
8 15
8 12
8 23
8 29
8 33
8 44
8 46
8 57
8 79
9 10
9 28
9 29
9 41
9 49
9 97
9 140
9 167
9 238
9 284
9 397
9 416
9 438
9 604
9 686
9 769
9 859
9 866
9 892
9 918
9 978
9 984
9 997
9 93
10 15
10 17
10 18
10 26
10 38
10 49
10 99
10 119
10 151
10 176
10 182
10 277
10 291
10 477
10 756
10 762
10 880
10 887
10 895
10 35
10 40
10 132
11 80
11 86
11 206
11 208
11 222
11 300
11 357
11 572
11 663
11 683
11 692
11 757
11 819
11 852
11 855
11 936
11 960
11 14
11 17
11 18
11 20
11 27
11 47
11 49
11 107
11 114
11 119
11 138
11 146
12 17
12 23
12 25
12 30
12 33
12 34
12 37
12 42
12 43
12 44
12 46
12 47
12 58
12 62
12 70
12 73
12 79
12 84
12 85
12 98
12 107
12 110
12 136
12 156
12 165
12 169
12 171
12 188
12 193
12 196
12 202
12 209
12 215
12 235
12 258
12 261
12 267
12 269
12 271
12 278
12 296
12 305
12 329
12 333
12 342
12 344
12 377
12 388
12 391
12 393
12 408
12 420
12 421
12 440
12 447
12 465
12 470
12 472
12 475
12 516
12 545
12 546
12 562
12 569
12 578
12 589
12 596
12 601
12 606
12 614
12 618
12 620
12 622
12 627
12 681
12 688
12 707
12 715
12 720
12 754
12 765
12 791
12 811
12 814
12 820
12 827
12 837
12 857
12 875
12 912
12 921
12 923
12 956
12 958
12 967
12 981
12 15
12 14
12 39
12 48
14 16
14 18
14 32
14 39
14 55
14 68
14 75
14 96
14 106
14 132
14 328
14 399
14 406
14 418
14 519
14 524
14 727
14 753
14 825
14 975
14 15
14 23
14 37
14 38
14 79
14 83
14 91
15 53
15 111
15 182
15 325
15 32
15 34
15 37
15 44
15 50
15 60
15 61
15 81
15 91
15 101
15 123
15 126
15 132
15 140
16 33
17 22
17 24
17 29
17 30
17 41
17 102
17 111
17 143
17 221
17 237
17 243
17 311
17 321
17 384
17 473
17 617
17 647
17 649
17 744
17 747
17 770
17 809
17 816
17 844
17 891
17 907
17 920
17 930
17 952
17 961
17 969
18 32
18 55
18 56
18 75
18 117
18 119
18 121
18 125
18 126
18 131
18 176
18 259
18 268
18 335
18 343
18 403
18 463
18 483
18 491
18 510
18 511
18 626
18 628
18 650
18 655
18 657
18 670
18 725
18 876
18 939
18 989
18 134
19 240
19 26
19 27
19 30
19 31
19 40
19 61
19 77
19 121
19 141
20 423
20 33
20 53
20 64
20 70
20 85
20 88
20 93
20 96
20 142
21 37
21 71
21 354
22 261
22 641
22 156
23 25
23 34
23 44
23 69
23 84
23 131
23 178
23 218
23 223
23 249
23 304
23 431
23 457
23 500
23 615
23 717
23 792
23 803
23 877
23 934
23 948
23 983
23 998
23 30
23 105
23 124
23 155
24 60
24 64
24 86
24 127
24 162
24 186
24 190
24 241
24 351
24 375
24 437
24 488
24 555
24 580
24 621
24 633
24 654
24 714
24 732
24 733
24 758
24 772
24 778
24 795
24 817
24 828
24 859
24 882
24 931
24 935
24 971
24 205
25 946
26 144
26 774
26 28
27 763
27 901
27 39
27 47
27 59
27 73
27 86
27 147
28 71
28 358
28 746
28 836
28 871
29 49
29 53
29 74
29 154
29 273
29 499
29 724
29 64
29 81
29 118
29 139
30 38
30 51
30 73
30 95
30 116
30 276
30 332
30 336
30 381
30 400
30 434
30 611
30 974
30 55
30 78
30 201
31 505
31 67
31 80
32 39
32 54
32 56
32 95
32 106
32 118
32 160
32 203
32 247
32 289
32 759
32 41
32 46
33 47
33 100
33 346
33 405
33 49
33 50
33 54
33 57
33 76
34 59
34 81
34 187
34 448
34 536
34 577
34 860
34 54
34 97
36 395
37 63
37 98
37 108
37 114
37 120
37 150
37 479
37 914
37 59
37 84
38 363
38 63
39 139
39 272
39 506
39 526
39 587
39 700
39 706
39 69
39 83
39 94
39 155
40 292
40 364
40 67
40 108
40 125
40 127
41 74
41 149
41 413
41 592
41 53
42 44
42 45
42 92
42 110
42 123
42 183
42 492
42 766
43 883
44 87
44 92
44 193
44 260
44 303
44 309
44 347
44 542
44 812
44 822
44 86
44 114
44 122
44 127
44 180
46 84
46 89
46 94
46 96
46 130
46 144
47 63
47 287
47 352
47 702
47 51
48 101
48 664
48 61
48 73
48 91
48 105
48 151
49 115
49 149
49 205
49 567
49 635
49 718
49 964
49 112
49 113
50 96
50 133
50 829
50 102
50 111
51 57
51 327
51 402
51 722
51 79
52 53
52 65
52 78
52 80
52 189
52 197
52 245
52 382
52 603
52 699
53 57
53 65
53 67
53 76
53 94
53 103
53 111
53 137
53 163
53 226
53 370
53 435
53 454
53 481
53 484
53 534
53 561
53 574
53 646
53 666
53 678
53 726
53 732
53 774
53 847
53 849
53 888
53 899
53 933
53 962
53 72
53 85
53 95
53 129
53 136
54 623
54 929
54 60
54 75
55 67
55 467
55 752
55 56
55 109
56 126
56 138
56 301
56 422
56 469
56 504
56 599
56 690
56 701
56 797
56 839
56 865
57 74
57 111
57 164
57 455
57 568
57 648
57 776
59 378
59 63
60 65
60 274
60 345
60 485
60 527
60 729
60 748
60 879
60 916
60 957
61 83
61 93
61 322
61 432
61 595
61 838
61 111
62 85
62 98
62 490
62 943
63 67
63 88
63 212
63 230
63 233
63 256
63 290
63 349
63 385
63 409
63 452
63 487
63 582
63 585
63 600
63 605
63 660
63 696
63 737
63 785
63 789
63 818
63 884
63 903
63 973
63 65
63 66
63 94
63 98
63 135
64 90
64 348
64 410
65 124
65 173
65 177
65 199
65 228
65 232
65 373
65 429
65 437
65 446
65 570
65 781
65 790
65 833
65 945
66 361
66 806
67 75
67 77
67 103
67 122
67 138
67 160
67 170
67 224
67 236
67 308
67 394
67 404
67 415
67 476
67 543
67 671
67 705
67 713
67 730
67 736
67 775
67 790
67 793
67 801
67 804
67 942
67 966
67 982
67 994
67 120
68 126
68 135
68 286
68 548
68 802
69 540
69 904
70 77
70 161
70 168
70 171
70 196
70 295
70 329
70 334
70 458
70 462
70 535
70 553
70 576
70 631
70 674
70 689
70 799
70 826
70 885
70 987
71 227
71 363
71 417
71 444
71 816
73 104
73 120
73 293
73 319
73 324
73 376
73 389
73 672
73 832
73 900
73 172
74 112
75 425
75 573
75 982
75 87
76 113
76 173
76 777
76 143
77 82
77 86
77 89
77 147
77 153
77 207
77 217
77 242
77 250
77 266
77 294
77 414
77 523
77 531
77 541
77 551
77 554
77 588
77 610
77 630
77 675
77 685
77 691
77 698
77 704
77 710
77 712
77 731
77 739
77 771
77 773
77 784
77 824
77 869
78 676
78 897
78 985
78 104
78 153
79 129
79 478
79 749
79 831
79 152
80 637
80 894
80 925
81 87
81 468
81 695
81 728
81 168
82 197
83 149
84 171
84 180
84 187
84 198
84 202
84 362
84 419
84 607
84 612
84 741
84 742
84 852
84 886
84 908
84 922
84 926
84 928
84 968
85 996
86 254
86 366
87 174
87 97
87 99
87 171
88 204
88 376
88 552
88 558
88 680
88 929
88 949
88 972
88 991
88 146
89 105
89 231
89 550
89 910
89 916
90 200
90 593
92 165
92 318
92 339
92 658
92 919
93 356
93 734
94 390
94 843
95 192
95 331
95 581
95 652
95 780
95 850
95 965
95 976
96 315
96 642
96 115
97 101
97 102
97 147
97 216
97 365
97 604
97 679
97 872
97 879
97 906
97 990
97 992
98 201
98 298
98 905
99 668
99 103
99 111
99 138
101 659
102 144
102 191
102 340
102 372
103 213
103 684
103 153
104 299
105 113
105 840
105 874
105 941
105 135
106 386
107 120
107 853
110 198
110 210
110 246
110 590
110 613
110 625
110 711
110 863
110 917
111 164
111 166
111 556
111 779
111 191
112 144
112 162
112 316
112 374
112 471
112 497
112 694
112 796
112 947
112 993
113 326
113 412
113 449
113 538
113 559
113 807
113 136
114 128
114 118
115 163
116 520
116 890
117 125
117 279
117 285
117 355
117 387
117 494
117 518
117 565
117 586
117 624
117 636
117 703
117 761
117 800
117 861
117 868
117 953
117 963
118 120
118 157
118 396
118 436
118 460
118 602
118 697
119 142
119 997
120 150
120 398
121 135
121 330
121 821
121 133
122 373
122 175
123 168
123 195
124 161
126 141
126 204
126 392
126 453
126 503
126 848
126 911
126 154
127 149
127 474
127 517
127 721
128 496
128 539
128 165
129 575
129 834
129 196
130 142
131 140
131 169
131 174
131 191
131 211
131 229
131 252
131 270
131 459
131 530
131 608
131 767
131 768
132 239
132 367
133 509
133 137
133 169
134 138
134 995
134 142
135 141
135 220
135 522
135 547
135 193
136 202
136 253
136 461
136 544
136 583
136 596
136 677
136 709
136 979
136 187
137 185
137 508
137 200
138 203
138 281
138 368
138 514
138 521
138 528
138 529
138 537
138 644
138 700
138 810
138 830
138 959
138 999
138 151
139 938
140 153
140 275
140 937
141 629
142 310
142 564
142 842
143 244
143 902
143 157
144 597
144 805
145 533
145 808
148 219
148 872
149 634
149 823
150 549
151 200
151 248
151 338
151 515
151 560
151 867
151 873
151 881
153 482
153 750
153 798
153 889
153 174
154 280
154 851
155 234
162 194
176 205
186 197
