0 1
0 2
0 3
0 4
0 6
0 7
0 8
0 10
0 11
0 12
0 13
0 14
0 21
0 22
0 28
0 31
0 32
0 34
0 36
0 39
0 41
0 46
0 48
0 52
0 57
0 59
0 63
0 64
0 65
0 66
0 69
0 71
0 75
0 79
0 81
0 85
0 89
0 91
0 96
0 108
0 109
0 111
0 113
0 118
0 120
0 121
0 122
0 123
0 124
0 125
0 126
0 128
0 135
0 136
0 138
0 144
0 146
0 151
0 153
0 160
0 161
0 166
0 173
0 175
0 178
0 180
0 182
0 184
0 186
0 190
0 191
0 192
0 193
0 197
0 199
0 200
0 202
0 204
0 214
0 218
0 221
0 242
0 256
0 263
0 278
0 307
0 320
0 330
0 335
0 361
0 375
0 394
0 412
0 437
0 468
0 473
0 493
0 495
0 556
0 575
0 589
0 639
0 656
0 684
0 688
0 718
0 725
0 763
0 770
0 800
0 803
0 824
0 838
0 848
0 856
0 899
0 900
0 919
0 926
0 953
0 969
0 971
0 975
0 979
0 985
1 2
1 3
1 5
1 8
1 19
1 44
1 45
1 49
1 50
1 55
1 60
1 65
1 71
1 72
1 73
1 81
1 91
1 92
1 93
1 94
1 101
1 109
1 122
1 141
1 143
1 155
1 158
1 167
1 177
1 196
1 203
1 233
1 299
1 379
1 401
1 450
1 458
1 461
1 472
1 488
1 535
1 552
1 564
1 566
1 579
1 601
1 631
1 642
1 748
1 804
1 858
1 893
1 894
1 935
1 940
1 968
1 992
2 3
2 4
2 7
2 9
2 13
2 16
2 25
2 34
2 41
2 46
2 48
2 56
2 61
2 62
2 69
2 71
2 72
2 89
2 94
2 104
2 114
2 120
2 121
2 123
2 128
2 137
2 138
2 148
2 152
2 154
2 158
2 163
2 169
2 178
2 179
2 183
2 188
2 197
2 262
2 271
2 279
2 293
2 423
2 478
2 569
2 586
2 588
2 661
2 674
2 729
2 731
2 781
2 805
2 813
2 814
2 816
2 952
2 956
2 987
2 995
3 4
3 5
3 7
3 8
3 9
3 11
3 13
3 18
3 19
3 22
3 23
3 28
3 32
3 40
3 46
3 48
3 50
3 64
3 67
3 73
3 79
3 85
3 92
3 95
3 105
3 107
3 116
3 118
3 120
3 124
3 125
3 126
3 127
3 128
3 134
3 142
3 148
3 152
3 161
3 166
3 172
3 173
3 178
3 179
3 187
3 190
3 192
3 193
3 195
3 200
3 220
3 251
3 266
3 287
3 303
3 309
3 327
3 339
3 376
3 381
3 398
3 405
3 446
3 456
3 466
3 474
3 481
3 567
3 607
3 616
3 620
3 629
3 637
3 648
3 653
3 659
3 678
3 692
3 722
3 780
3 871
3 898
3 904
3 911
4 6
4 12
4 15
4 21
4 22
4 35
4 51
4 53
4 59
4 61
4 63
4 69
4 88
4 133
4 206
4 413
4 518
4 527
4 580
4 660
4 716
4 736
4 764
4 768
4 852
4 859
4 917
4 936
4 999
4 10
4 116
4 7
4 8
4 9
4 16
4 18
4 24
4 28
4 31
4 33
4 34
4 37
4 49
4 65
4 80
4 84
4 93
4 95
4 110
4 113
4 123
4 153
5 41
5 48
5 73
5 75
5 84
5 170
5 353
5 632
6 12
6 35
6 39
6 44
6 89
6 127
6 140
6 181
6 436
6 521
6 739
6 759
6 821
6 823
6 837
6 867
6 994
6 10
6 116
6 7
6 8
6 9
6 23
6 25
6 27
6 30
6 76
6 94
6 134
7 14
7 33
7 40
7 52
7 95
7 110
7 191
7 226
7 340
7 552
7 673
7 754
7 890
7 944
7 10
7 12
7 32
7 46
7 82
7 91
7 99
8 9
8 10
8 16
8 17
8 26
8 37
8 55
8 91
8 102
8 185
8 275
8 324
8 346
8 356
8 467
8 991
8 15
8 41
8 51
8 78
8 122
9 16
9 17
9 18
9 29
9 60
9 66
9 91
9 174
9 183
9 186
9 196
9 207
9 259
9 315
9 333
9 788
9 908
9 972
9 989
9 10
9 19
9 26
9 27
9 40
9 45
9 72
9 81
9 82
9 86
9 124
10 14
10 18
10 47
10 60
10 66
10 77
10 257
10 370
10 390
10 459
10 559
10 640
10 61
10 12
10 13
10 22
10 23
10 29
10 36
10 39
10 46
10 49
10 83
10 86
10 97
10 107
10 125
10 140
10 146
11 23
11 38
11 44
11 532
11 581
11 630
11 776
11 895
12 21
12 35
12 39
12 44
12 57
12 276
12 304
12 403
12 424
12 447
12 570
12 627
12 645
12 771
12 795
12 970
12 24
13 19
13 20
13 27
13 30
13 43
13 52
13 60
13 87
13 119
13 146
13 232
13 253
13 281
13 366
13 455
13 729
13 766
13 929
14 24
14 25
14 26
14 37
14 58
14 67
14 108
14 109
14 110
14 113
14 134
14 174
14 195
14 201
14 250
14 313
14 347
14 377
14 382
14 411
14 438
14 490
14 514
14 538
14 548
14 557
14 563
14 565
14 638
14 650
14 663
14 671
14 689
14 708
14 735
14 741
14 745
14 751
14 793
14 797
14 801
14 807
14 808
14 825
14 870
14 879
14 884
14 885
14 890
14 966
14 974
14 988
14 990
16 17
16 54
16 66
17 77
17 102
17 443
17 734
18 54
18 106
18 264
18 350
18 536
18 727
18 982
19 27
19 30
19 43
19 70
19 164
19 182
19 419
19 449
19 504
19 507
19 512
19 547
19 551
19 794
19 831
19 843
19 922
19 31
19 33
20 27
20 30
20 43
20 329
20 359
20 723
20 818
20 840
21 496
21 852
22 35
22 384
22 571
22 58
22 109
22 116
22 118
22 130
22 141
23 25
23 42
23 73
23 84
23 107
23 111
23 143
23 160
23 243
23 311
23 417
23 487
23 888
23 903
23 998
23 58
23 66
24 40
24 116
24 508
24 624
24 30
25 110
25 341
25 528
25 662
25 672
25 686
25 726
25 814
25 939
25 950
25 955
26 435
27 86
27 227
27 285
27 301
27 363
27 562
27 657
27 54
28 228
28 294
28 410
28 442
28 679
28 855
28 42
28 47
28 61
29 94
29 61
29 37
29 57
29 79
29 124
30 87
30 97
30 99
30 118
30 119
30 122
30 159
30 176
30 325
30 667
30 762
30 784
30 809
30 832
30 907
30 62
30 63
30 71
30 117
31 80
31 393
32 591
33 151
33 132
33 136
34 170
34 237
34 292
34 300
34 628
34 815
34 55
34 60
34 93
34 107
35 36
35 51
35 74
35 81
35 83
35 162
35 171
35 225
35 261
35 266
35 332
35 395
35 878
35 891
35 980
36 82
36 88
36 413
36 873
36 877
36 112
37 45
37 95
37 194
37 680
37 863
37 886
37 918
37 183
38 103
38 141
38 254
38 282
38 595
38 706
38 709
38 869
38 952
38 189
39 46
39 61
39 149
39 288
39 462
39 524
39 681
39 698
39 116
40 80
40 244
40 492
40 537
40 592
40 613
40 641
40 733
40 892
40 43
40 56
40 81
40 110
41 75
41 130
41 170
41 203
41 248
41 386
41 451
41 652
41 851
41 896
41 58
41 97
42 84
42 107
42 116
42 74
42 127
43 99
43 131
43 172
43 523
43 539
43 740
43 102
44 59
44 62
44 100
44 106
44 126
44 129
44 133
44 139
44 238
44 334
44 429
44 457
44 460
44 489
44 511
44 602
44 721
44 777
44 783
44 812
44 846
44 981
45 121
45 231
45 409
45 737
45 150
46 68
46 106
46 112
46 115
46 117
46 145
46 146
46 308
46 343
46 352
46 371
46 388
46 406
46 497
46 499
46 501
46 531
46 560
46 582
46 622
46 684
46 705
46 720
46 730
46 811
46 812
46 834
46 878
46 947
46 954
46 74
47 146
48 93
48 114
48 130
48 132
48 189
48 203
48 229
48 479
48 498
48 500
48 542
48 549
48 619
48 654
48 690
48 785
49 277
49 723
49 148
50 58
50 138
50 168
50 169
50 189
50 198
50 230
50 236
50 255
50 270
50 283
50 392
50 439
50 464
50 506
50 517
50 534
50 650
50 651
50 655
50 664
50 673
50 685
50 707
50 713
50 765
50 774
50 844
50 849
51 101
52 58
52 151
52 156
52 180
52 246
52 319
52 354
52 402
52 465
52 482
52 541
52 546
52 572
52 605
52 615
52 623
52 676
52 677
52 691
52 717
52 756
52 773
52 778
52 790
52 913
52 948
52 958
52 978
52 997
53 78
53 193
53 404
53 463
53 116
53 155
54 80
54 96
54 135
54 272
54 291
54 364
54 400
54 476
54 515
54 594
54 694
54 697
54 883
54 201
55 77
55 103
55 937
55 65
56 75
56 130
56 310
56 430
56 599
56 669
56 896
56 69
56 173
57 83
57 176
57 268
57 316
57 527
57 530
57 568
57 633
57 798
57 889
57 909
57 914
57 159
57 182
58 274
58 422
58 139
58 143
58 148
59 155
59 604
59 850
60 67
60 98
60 150
60 163
60 182
60 201
60 209
60 210
60 223
60 235
60 239
60 257
60 342
60 344
60 367
60 373
60 377
60 415
60 421
60 448
60 471
60 491
60 519
60 526
60 606
60 618
60 658
60 687
60 703
60 728
60 734
60 738
60 762
60 782
60 897
60 915
60 930
60 963
60 964
60 989
60 993
61 143
61 150
61 395
61 433
61 574
61 74
61 80
62 959
62 116
62 132
63 76
63 115
63 358
63 434
64 86
64 90
64 137
64 157
64 596
64 626
64 636
64 683
64 711
64 719
64 750
64 761
64 857
64 910
64 983
64 187
65 525
65 747
65 67
65 122
66 201
66 550
66 614
67 217
67 234
67 245
67 249
67 321
67 326
67 328
67 331
67 336
67 357
67 389
67 397
67 416
67 483
67 510
67 520
67 597
67 665
67 710
67 724
67 792
67 802
67 827
67 842
67 875
67 902
67 927
67 943
67 951
67 965
67 984
67 172
69 155
69 171
69 216
69 280
69 288
69 666
69 704
69 133
70 87
70 131
70 957
71 85
71 154
71 290
71 587
71 799
71 78
71 145
72 140
72 128
74 76
74 138
74 151
75 139
75 208
75 252
75 576
75 578
75 593
75 611
75 714
76 92
76 84
76 125
77 108
77 147
77 428
77 643
77 819
78 314
78 540
78 603
78 772
78 121
78 138
78 152
79 205
79 385
79 119
80 95
80 116
80 134
80 273
80 312
80 323
80 365
80 485
80 573
80 609
80 612
80 752
80 778
80 810
80 932
81 362
81 786
81 98
81 129
81 199
82 240
82 123
82 131
82 162
84 286
84 383
84 100
84 104
84 106
85 191
85 345
85 477
85 480
85 554
85 180
86 213
87 97
87 123
87 157
87 187
87 188
87 484
87 699
87 787
88 408
88 543
88 544
88 621
88 755
88 923
88 924
89 104
89 374
89 445
89 715
89 820
90 176
91 185
91 215
91 425
92 117
92 135
92 348
92 447
92 635
92 901
92 912
92 933
93 111
93 829
93 128
93 129
94 105
94 196
94 199
94 426
94 509
94 712
96 866
96 202
97 156
97 157
97 306
97 396
97 399
97 453
97 584
97 585
97 701
97 742
98 186
99 166
100 558
100 129
101 469
102 144
102 147
102 186
102 452
102 749
102 114
104 151
104 250
104 486
104 743
104 796
104 833
104 835
104 177
106 185
106 240
106 260
106 621
106 960
106 115
107 298
107 305
107 317
107 600
107 109
109 241
109 351
109 670
109 845
109 862
109 874
109 141
110 177
110 212
110 224
110 258
110 378
110 387
110 513
110 696
110 753
110 828
111 494
111 503
111 934
115 162
115 865
115 921
116 440
116 545
116 634
116 680
117 408
117 608
118 553
118 561
118 675
118 847
119 137
119 826
120 159
120 295
120 322
120 369
120 590
120 610
120 631
120 732
120 791
120 822
120 882
120 887
121 132
121 219
121 296
121 337
121 372
121 529
121 594
121 647
121 702
121 806
121 872
121 880
121 916
121 928
121 967
121 986
122 269
122 454
122 679
123 182
123 187
123 222
123 555
123 961
123 163
124 267
124 297
124 693
124 140
124 157
125 302
126 139
126 211
126 714
126 864
127 247
127 418
127 945
127 996
127 167
128 289
128 700
128 821
128 854
128 881
128 938
128 144
128 150
129 286
129 360
129 368
129 533
129 598
129 682
130 272
130 349
130 355
130 380
130 420
130 646
130 668
130 767
130 841
130 876
130 920
130 168
130 192
132 149
132 165
132 184
132 577
132 777
132 789
132 839
135 391
135 583
135 635
136 649
136 156
137 615
137 836
137 861
139 775
140 427
140 941
141 143
141 431
141 475
141 522
141 625
141 760
141 830
141 868
141 905
143 407
143 502
143 505
143 860
143 946
143 962
143 152
144 265
145 746
146 174
146 315
146 470
146 644
146 744
146 769
146 925
146 949
146 973
146 976
146 977
147 338
147 411
147 432
147 757
147 758
148 623
148 931
149 444
149 817
150 363
150 516
150 695
150 779
151 284
151 318
151 441
151 853
151 906
152 617
153 414
153 942
153 171
155 197
