0 1
0 2
0 3
0 4
0 7
0 11
0 14
0 22
0 25
0 27
0 30
0 36
0 37
0 42
0 48
0 50
0 51
0 52
0 61
0 70
0 72
0 75
0 78
0 81
0 93
0 99
0 100
0 108
0 109
0 114
0 118
0 128
0 132
0 133
0 144
0 147
0 163
0 168
0 173
0 178
0 184
0 185
0 188
0 190
0 192
0 201
0 231
0 271
0 275
0 280
0 283
0 304
0 314
0 319
0 384
0 389
0 448
0 486
0 499
0 620
0 624
0 628
0 668
0 719
0 764
0 782
0 856
0 905
0 976
1 2
1 3
1 4
1 6
1 9
1 10
1 13
1 18
1 22
1 28
1 38
1 39
1 57
1 60
1 62
1 63
1 65
1 68
1 72
1 77
1 78
1 94
1 97
1 112
1 116
1 118
1 119
1 121
1 123
1 125
1 126
1 132
1 139
1 140
1 144
1 150
1 155
1 161
1 163
1 173
1 183
1 184
1 187
1 198
1 238
1 252
1 321
1 328
1 437
1 438
1 470
1 543
1 563
1 579
1 626
1 656
1 701
1 722
1 836
1 849
1 852
1 877
1 940
1 950
2 3
2 4
2 5
2 7
2 14
2 18
2 20
2 23
2 24
2 30
2 38
2 41
2 49
2 51
2 52
2 57
2 66
2 67
2 69
2 79
2 85
2 91
2 93
2 95
2 100
2 103
2 104
2 106
2 107
2 108
2 109
2 113
2 114
2 116
2 121
2 123
2 131
2 138
2 139
2 141
2 142
2 145
2 153
2 154
2 155
2 159
2 160
2 165
2 172
2 175
2 180
2 186
2 192
2 200
2 215
2 216
2 224
2 300
2 309
2 428
2 431
2 460
2 485
2 492
2 572
2 590
2 743
2 790
2 807
2 841
2 862
2 884
3 4
3 8
3 12
3 14
3 22
3 37
3 39
3 52
3 58
3 67
3 68
3 69
3 73
3 76
3 77
3 80
3 83
3 91
3 92
3 99
3 101
3 102
3 107
3 108
3 113
3 128
3 129
3 139
3 147
3 152
3 157
3 158
3 165
3 177
3 180
3 189
3 193
3 194
3 202
3 203
3 214
3 218
3 221
3 229
3 245
3 303
3 344
3 363
3 468
3 555
3 576
3 629
3 723
3 739
3 819
3 855
3 932
4 5
4 9
4 13
4 26
4 35
4 43
4 52
4 53
4 59
4 111
4 127
4 130
4 134
4 135
4 140
4 146
4 151
4 160
4 173
4 180
4 183
4 201
4 202
4 293
4 427
4 456
4 494
4 518
4 639
4 740
4 796
4 974
5 9
5 12
5 30
5 45
5 110
5 150
5 185
5 225
5 255
5 583
5 151
5 6
5 8
5 10
5 13
5 14
5 18
5 22
5 28
5 78
5 113
5 117
5 132
5 147
6 20
6 27
6 172
6 179
6 355
6 839
6 904
6 8
6 9
6 11
6 16
6 17
6 19
6 25
6 26
6 30
6 36
6 50
6 51
6 63
6 72
6 76
6 99
6 100
6 126
6 129
6 134
6 135
6 144
7 8
7 10
7 23
7 44
7 47
7 50
7 54
7 60
7 74
7 76
7 86
7 89
7 98
7 99
7 107
7 127
7 153
7 208
7 212
7 213
7 254
7 261
7 339
7 346
7 359
7 368
7 399
7 407
7 413
7 421
7 426
7 436
7 440
7 462
7 493
7 581
7 601
7 602
7 630
7 660
7 662
7 680
7 708
7 716
7 725
7 738
7 753
7 760
7 765
7 774
7 781
7 802
7 809
7 816
7 822
7 827
7 829
7 873
7 888
7 895
7 897
7 951
7 970
7 989
8 10
8 16
8 81
8 122
8 143
8 167
8 193
8 228
8 333
8 349
8 364
8 397
8 434
8 443
8 488
8 534
8 869
8 920
8 935
8 9
8 13
8 20
8 88
9 11
9 12
9 17
9 29
9 87
9 189
9 945
9 982
9 27
10 11
10 15
10 54
10 61
10 63
10 90
10 95
10 102
10 154
10 171
10 272
10 285
10 310
10 317
10 324
10 330
10 332
10 334
10 377
10 435
10 441
10 447
10 451
10 461
10 465
10 480
10 550
10 565
10 578
10 587
10 592
10 609
10 632
10 635
10 637
10 659
10 676
10 683
10 727
10 729
10 731
10 749
10 757
10 829
10 844
10 866
10 889
10 938
10 939
10 954
10 959
11 12
11 15
11 17
11 21
11 32
11 62
11 64
11 71
11 111
11 126
11 129
11 154
11 195
11 199
11 220
11 234
11 276
11 296
11 302
11 325
11 345
11 360
11 366
11 455
11 512
11 519
11 548
11 553
11 614
11 672
11 694
11 696
11 702
11 735
11 737
11 741
11 762
11 804
11 846
11 858
11 859
11 916
11 922
11 924
11 945
11 979
11 151
11 40
12 59
12 168
12 246
12 552
12 613
12 678
12 151
12 15
12 21
12 28
12 37
12 56
12 85
12 88
12 89
12 98
12 148
13 39
13 46
13 73
13 74
13 86
13 94
13 96
13 99
13 147
13 163
13 305
13 338
13 375
13 419
13 454
13 474
13 528
13 547
13 560
13 576
13 603
13 667
13 669
13 705
13 737
13 767
13 880
13 883
13 894
13 900
13 941
13 962
13 967
13 17
13 24
14 19
14 21
14 33
14 62
14 73
14 75
14 361
14 432
14 513
14 655
14 787
14 977
14 48
14 54
14 76
14 153
15 16
15 19
15 26
15 60
15 77
15 161
15 875
15 107
15 142
16 151
16 17
16 19
16 40
16 42
16 46
16 54
16 74
16 81
16 136
17 25
17 162
17 253
17 995
17 20
17 21
17 23
17 30
17 37
17 43
17 70
17 83
17 91
17 111
17 117
17 147
18 48
18 106
18 138
18 156
18 174
18 188
18 263
18 273
18 376
18 502
18 643
18 658
18 934
18 966
18 110
19 842
19 963
19 23
19 29
19 36
19 89
19 138
20 27
20 28
20 32
20 40
20 79
20 117
20 196
20 204
20 257
20 269
20 372
20 391
20 430
20 449
20 450
20 491
20 495
20 546
20 562
20 571
20 610
20 684
20 685
20 711
20 718
20 792
20 879
20 969
20 973
21 23
21 24
21 34
21 44
21 45
21 58
21 67
21 181
21 268
21 343
21 373
21 499
21 596
21 661
21 681
21 805
21 815
21 837
21 952
21 967
21 22
21 26
21 40
21 53
21 62
21 64
21 71
21 84
21 87
21 88
21 129
21 143
22 23
22 41
22 46
22 59
22 109
22 131
22 135
22 190
22 191
22 295
22 297
22 299
22 467
22 473
22 558
22 561
22 657
22 688
22 779
22 806
22 864
22 894
22 907
22 910
22 944
22 972
22 984
22 985
22 151
22 24
22 25
22 37
22 45
22 67
22 126
22 185
23 29
23 34
23 36
23 44
23 47
23 145
23 210
23 230
23 258
23 266
23 277
23 612
23 636
23 681
23 703
23 717
23 800
23 881
23 991
24 58
24 90
24 130
25 31
25 45
25 189
25 292
25 306
25 422
25 921
25 75
26 541
26 55
26 116
26 150
27 28
27 96
27 178
27 206
27 387
27 405
27 411
27 600
27 615
27 811
27 94
27 106
28 35
28 65
28 142
28 158
28 320
28 369
28 404
28 408
28 489
28 604
28 693
28 820
28 839
28 892
28 911
28 58
28 115
29 34
29 103
29 112
29 136
29 170
29 233
29 281
29 327
29 457
29 500
29 504
29 517
29 586
29 769
29 771
29 785
29 798
29 961
29 972
30 31
30 40
30 42
30 92
30 104
30 166
30 200
30 227
30 267
30 291
30 307
30 313
30 329
30 401
30 416
30 424
30 469
30 505
30 531
30 557
30 575
30 577
30 645
30 654
30 678
30 700
30 706
30 742
30 745
30 783
30 789
30 821
30 872
30 896
30 929
30 968
30 981
31 41
31 48
31 85
31 106
31 109
31 124
31 136
31 358
31 826
31 857
31 151
31 189
32 70
32 158
32 182
32 278
32 300
32 362
32 388
32 476
32 510
32 522
32 532
32 646
32 650
32 704
32 707
32 721
32 851
32 887
32 942
32 987
33 597
33 598
33 831
34 47
34 56
34 69
34 244
34 315
34 508
34 728
34 784
34 812
34 833
35 38
35 53
35 105
35 152
35 197
35 202
35 204
35 232
35 351
35 393
35 619
35 724
36 55
36 94
36 175
36 301
36 340
36 398
36 403
36 452
36 475
36 514
36 644
36 754
36 763
36 993
36 995
36 98
36 123
36 141
37 39
37 41
37 137
38 132
38 166
38 400
38 409
38 417
38 497
38 509
38 530
38 573
38 640
39 74
39 103
39 965
40 442
40 446
40 653
40 750
40 773
40 799
40 845
40 915
40 41
40 44
40 57
40 70
40 137
41 162
41 194
41 198
41 199
41 265
41 312
41 352
41 618
41 652
41 686
41 830
41 927
41 946
41 92
42 43
42 176
42 425
42 463
42 71
43 96
43 326
43 549
43 733
44 94
44 98
44 120
44 184
44 190
44 380
44 458
44 506
44 507
44 551
44 611
44 712
44 151
44 55
44 78
44 86
44 134
45 298
45 695
45 778
45 786
45 830
45 986
45 65
45 68
45 85
45 90
45 103
45 122
45 154
46 201
46 337
46 392
46 520
46 569
46 622
46 713
46 768
46 788
46 992
46 56
46 60
46 119
47 55
47 58
47 112
47 948
48 125
48 136
48 759
48 957
48 978
49 54
49 71
49 169
49 226
49 262
49 641
50 68
50 429
51 120
51 145
51 149
51 477
51 479
51 975
52 290
52 928
52 151
53 353
53 94
53 130
54 61
54 89
54 101
54 114
54 122
54 146
54 188
54 235
54 259
54 287
54 394
54 464
54 698
54 715
54 744
54 870
54 898
54 913
54 943
54 67
54 85
54 111
55 289
55 68
55 106
56 73
57 80
57 89
57 115
57 151
57 251
57 316
57 433
57 542
57 559
57 588
57 623
57 625
57 642
57 734
57 752
57 765
57 770
57 860
57 72
57 131
58 82
58 111
58 191
58 240
58 297
58 331
58 445
58 577
58 786
58 795
58 813
58 818
58 850
58 878
58 936
58 985
58 996
58 108
58 109
58 200
59 533
59 692
59 751
59 818
60 76
60 126
60 139
60 143
60 205
60 219
60 346
60 371
60 791
60 824
60 901
61 132
61 134
61 153
61 503
61 691
61 746
61 874
62 848
62 988
63 82
63 97
64 181
64 187
64 471
64 570
64 595
64 891
64 926
65 92
65 239
65 690
65 840
65 151
65 179
66 671
67 365
67 647
67 837
67 882
68 149
68 260
68 871
68 77
69 335
69 151
69 103
69 146
69 190
70 196
70 217
70 237
70 249
70 342
70 903
70 933
70 95
71 115
71 137
71 177
71 253
71 308
71 344
71 396
71 423
71 484
71 525
71 633
71 651
71 677
71 748
71 791
71 793
71 861
71 886
71 956
72 318
72 77
72 95
72 141
73 151
73 483
73 511
73 599
73 675
74 88
74 148
74 350
74 665
74 725
74 776
74 990
75 90
75 159
75 632
75 730
76 84
76 385
76 472
76 81
77 521
77 151
78 223
78 357
78 370
78 478
78 949
78 964
78 120
79 92
79 119
79 128
79 414
79 459
79 498
79 515
79 526
79 663
79 710
79 794
79 799
79 925
80 161
80 243
80 670
80 817
81 118
82 97
83 169
83 270
83 368
83 540
83 726
83 902
84 122
84 524
84 140
85 168
85 348
85 406
86 439
86 758
88 93
88 99
88 119
88 124
88 151
89 101
89 137
89 241
89 274
89 567
89 605
89 689
89 747
89 814
89 997
89 98
89 123
89 171
90 415
90 797
90 810
90 105
90 123
92 97
93 160
93 568
93 616
93 808
93 947
93 983
94 211
94 100
94 141
94 180
95 914
96 152
96 410
96 538
96 539
96 556
96 582
96 589
96 600
96 621
96 801
96 823
96 838
96 867
96 908
96 909
96 955
96 197
97 222
97 527
97 574
98 123
99 105
99 144
99 311
99 687
99 971
101 102
101 183
101 284
101 374
101 890
101 937
102 496
102 537
102 709
103 149
103 444
103 545
103 132
104 172
104 197
104 323
104 367
104 720
104 761
105 164
105 585
105 953
106 341
106 694
106 170
107 119
107 209
107 378
107 545
107 634
107 697
107 766
107 893
108 466
108 474
108 482
108 490
108 529
108 593
108 607
108 847
109 242
109 264
109 546
109 699
109 736
109 825
109 832
109 918
110 165
111 336
111 354
111 379
111 381
111 386
111 402
111 516
111 566
111 958
112 780
112 912
113 501
113 775
113 203
114 146
114 207
114 219
114 282
114 666
114 854
114 188
116 564
116 777
116 139
117 713
118 186
118 204
120 127
120 148
122 203
122 480
122 481
122 679
123 145
123 279
123 294
123 535
123 631
125 617
125 649
126 198
127 140
127 356
127 648
128 674
128 732
128 885
129 286
129 606
131 136
131 906
132 174
132 176
132 236
132 247
132 250
132 256
132 383
132 418
132 426
132 591
132 654
132 682
132 714
132 772
132 835
132 876
132 917
132 930
132 980
132 994
132 157
133 322
133 453
134 170
134 288
134 608
134 803
134 828
134 834
134 960
134 998
136 200
136 853
136 999
139 248
139 420
139 523
139 843
140 779
141 176
141 197
141 487
141 755
141 996
141 153
142 412
142 544
143 536
143 865
143 919
145 554
145 560
146 153
146 395
146 580
146 627
147 638
147 664
147 673
147 863
147 899
147 173
148 390
149 584
150 594
150 931
151 817
151 152
152 868
153 347
153 382
153 756
153 923
161 187
162 170
163 195
167 169
178 204
187 194
