0 1
0 2
0 3
0 4
0 6
0 8
0 11
0 13
0 14
0 16
0 22
0 23
0 32
0 34
0 39
0 40
0 41
0 42
0 44
0 45
0 47
0 49
0 50
0 51
0 56
0 59
0 60
0 61
0 62
0 65
0 69
0 71
0 73
0 75
0 85
0 90
0 93
0 99
0 102
0 103
0 105
0 113
0 115
0 119
0 120
0 121
0 124
0 127
0 128
0 130
0 131
0 133
0 136
0 140
0 142
0 151
0 152
0 153
0 169
0 171
0 174
0 180
0 181
0 182
0 183
0 184
0 185
0 189
0 191
0 192
0 196
0 200
0 217
0 294
0 318
0 321
0 342
0 361
0 433
0 441
0 462
0 464
0 469
0 523
0 527
0 528
0 594
0 617
0 621
0 658
0 683
0 690
0 699
0 703
0 710
0 719
0 747
0 764
0 774
0 830
0 847
0 864
0 942
0 997
1 2
1 3
1 9
1 43
1 44
1 72
1 80
1 82
1 97
1 118
1 120
1 127
1 129
1 132
1 137
1 147
1 149
1 153
1 158
1 176
1 187
1 188
1 224
1 225
1 362
1 399
1 481
1 519
1 667
1 701
1 769
1 856
1 875
1 914
1 929
1 995
2 3
2 4
2 5
2 6
2 7
2 12
2 19
2 21
2 23
2 25
2 29
2 32
2 33
2 35
2 36
2 37
2 38
2 42
2 46
2 50
2 53
2 58
2 61
2 66
2 71
2 73
2 74
2 78
2 86
2 88
2 91
2 92
2 93
2 100
2 105
2 108
2 109
2 113
2 114
2 116
2 124
2 126
2 128
2 130
2 131
2 132
2 135
2 137
2 147
2 150
2 154
2 155
2 156
2 162
2 173
2 174
2 180
2 181
2 183
2 187
2 190
2 191
2 192
2 194
2 195
2 197
2 199
2 201
2 202
2 249
2 254
2 261
2 310
2 315
2 322
2 331
2 336
2 353
2 368
2 385
2 388
2 393
2 395
2 507
2 508
2 522
2 551
2 583
2 585
2 590
2 610
2 613
2 636
2 674
2 730
2 733
2 768
2 773
2 776
2 779
2 787
2 828
2 936
2 960
2 985
2 998
3 11
3 23
3 24
3 38
3 45
3 50
3 53
3 58
3 65
3 68
3 73
3 79
3 83
3 85
3 94
3 103
3 118
3 138
3 142
3 150
3 153
3 154
3 165
3 170
3 172
3 180
3 195
3 218
3 244
3 436
3 463
3 731
3 732
3 755
3 785
3 790
3 793
3 852
3 935
3 951
3 971
4 7
4 10
4 17
4 26
4 38
4 72
4 73
4 145
4 185
4 256
4 349
4 371
4 389
4 615
4 616
4 752
4 896
4 923
4 28
4 40
4 9
4 46
4 57
4 92
4 139
5 6
5 10
5 12
5 19
5 22
5 65
5 71
5 74
5 97
5 98
5 112
5 120
5 155
5 214
5 219
5 243
5 248
5 250
5 273
5 276
5 398
5 426
5 443
5 454
5 470
5 471
5 485
5 490
5 512
5 562
5 573
5 589
5 591
5 656
5 734
5 737
5 751
5 765
5 819
5 826
5 834
5 926
5 992
5 994
5 28
5 11
5 16
5 27
6 12
6 19
6 34
6 79
6 363
6 602
6 711
6 809
6 827
6 28
6 71
7 10
7 80
7 422
7 570
7 732
7 972
7 28
7 8
7 14
7 61
7 94
7 147
8 9
8 15
8 133
8 159
8 229
8 439
8 491
8 588
8 802
8 40
8 74
8 83
8 89
8 117
8 125
9 14
9 15
9 16
9 21
9 27
9 29
9 30
9 31
9 39
9 46
9 54
9 57
9 63
9 75
9 91
9 96
9 108
9 131
9 160
9 166
9 173
9 179
9 189
9 192
9 228
9 234
9 240
9 246
9 272
9 278
9 285
9 291
9 296
9 297
9 346
9 352
9 354
9 382
9 412
9 425
9 434
9 453
9 457
9 458
9 472
9 487
9 493
9 494
9 500
9 505
9 506
9 538
9 539
9 556
9 561
9 565
9 582
9 598
9 601
9 633
9 646
9 648
9 659
9 692
9 696
9 707
9 725
9 728
9 729
9 767
9 789
9 794
9 800
9 807
9 825
9 837
9 850
9 851
9 863
9 866
9 873
9 877
9 879
9 887
9 907
9 911
9 913
9 915
9 927
9 934
9 945
9 947
9 954
9 964
9 967
9 975
9 53
10 13
10 17
10 18
10 22
10 24
10 33
10 36
10 53
10 55
10 82
10 109
10 113
10 117
10 129
10 137
10 141
10 145
10 151
10 163
10 187
10 204
10 205
10 227
10 237
10 424
10 520
10 532
10 535
10 587
10 593
10 637
10 644
10 660
10 672
10 704
10 741
10 754
10 843
10 859
10 865
10 869
10 888
10 890
10 906
10 925
10 966
10 974
10 983
10 28
10 73
11 17
11 81
11 111
11 122
11 182
11 376
11 455
11 649
11 664
11 821
11 833
11 868
11 28
11 13
11 14
11 18
11 20
11 22
11 31
11 37
11 52
11 53
11 90
11 108
11 109
11 149
12 23
12 30
12 32
12 35
12 43
12 48
12 79
12 93
12 110
12 123
12 146
12 176
12 269
12 279
12 284
12 313
12 314
12 341
12 348
12 355
12 356
12 360
12 378
12 384
12 407
12 411
12 417
12 423
12 449
12 473
12 496
12 498
12 515
12 531
12 537
12 547
12 563
12 584
12 592
12 604
12 624
12 645
12 650
12 668
12 695
12 709
12 726
12 727
12 740
12 781
12 803
12 805
12 818
12 820
12 829
12 838
12 867
12 897
12 940
12 941
12 956
12 970
12 976
12 993
13 49
13 58
13 98
13 135
13 155
13 163
13 195
13 400
13 483
13 530
13 554
13 715
13 758
13 840
13 844
13 40
13 15
13 19
13 36
13 67
13 69
13 70
13 79
13 82
13 86
13 114
13 137
13 141
13 145
14 15
14 16
14 28
14 45
14 68
14 144
14 147
14 188
14 190
14 206
14 415
14 440
14 557
14 606
14 651
14 655
14 708
14 712
14 739
14 845
14 894
14 18
14 56
14 76
14 106
15 16
15 26
15 28
15 30
15 31
15 39
15 60
15 70
15 139
15 170
15 186
15 197
15 215
15 220
15 230
15 257
15 271
15 288
15 307
15 391
15 402
15 408
15 432
15 546
15 702
15 772
15 777
15 791
15 808
15 822
15 871
15 919
15 977
16 39
16 57
16 87
16 101
16 193
16 410
16 525
16 796
16 40
16 17
16 23
16 33
16 38
16 41
16 49
16 63
16 112
17 127
17 174
17 932
17 28
17 30
17 33
17 52
17 53
17 84
17 99
17 121
18 149
18 187
18 50
18 67
18 107
18 144
19 20
19 40
19 52
19 83
19 123
19 165
19 599
20 120
20 28
20 35
20 47
20 57
20 59
20 147
21 54
21 64
21 76
21 209
21 289
21 403
21 542
21 597
21 652
21 848
21 857
21 933
22 465
22 514
22 26
22 45
22 91
22 195
23 32
23 156
23 160
23 277
23 448
23 623
23 665
23 686
23 749
23 908
23 991
23 24
23 31
23 38
23 44
23 78
23 108
24 36
24 78
24 567
25 43
25 70
25 102
25 358
25 366
25 419
25 475
25 612
25 629
26 128
26 325
26 390
26 550
26 581
26 718
26 931
26 961
26 28
26 49
26 64
26 125
26 132
27 116
27 32
27 191
28 40
28 44
28 70
28 82
28 86
28 94
28 97
28 110
28 131
28 178
29 319
29 714
30 35
30 329
30 61
31 351
32 41
32 42
32 179
32 186
32 211
32 365
32 474
32 578
32 605
32 717
32 862
32 916
32 72
32 135
33 252
33 298
33 340
33 600
33 705
33 763
33 917
33 38
33 203
34 293
34 608
34 661
35 95
35 133
35 176
35 642
35 680
35 687
35 722
35 835
35 180
36 78
36 503
36 968
36 121
37 131
38 47
38 89
38 90
38 111
38 152
38 233
38 238
38 326
38 418
38 447
38 451
38 534
38 596
38 653
38 662
38 759
38 811
38 823
38 839
38 858
38 920
38 924
38 929
38 952
38 58
39 327
39 429
39 775
40 413
40 799
40 54
40 55
40 67
40 88
41 54
41 156
41 223
41 226
41 231
41 339
41 431
41 435
41 442
41 468
41 642
41 670
41 671
41 716
42 58
42 63
42 167
42 180
42 212
42 242
42 260
42 265
42 266
42 386
42 404
42 427
42 477
42 504
42 560
42 571
42 620
42 643
42 814
42 880
42 899
42 912
42 922
43 48
43 52
43 239
43 388
43 673
43 675
43 782
43 816
43 157
44 66
44 51
44 153
45 61
45 77
45 197
45 299
45 334
45 350
45 484
45 544
45 831
45 52
45 79
45 104
46 67
46 292
46 103
47 55
47 78
47 112
47 115
47 145
47 161
47 184
47 367
47 499
47 607
47 647
47 786
47 990
48 788
48 806
49 106
49 303
49 406
49 420
49 545
49 654
49 738
49 754
49 780
49 783
49 804
49 881
49 93
49 105
49 134
49 152
50 51
50 102
50 164
50 373
50 485
50 492
50 501
50 697
50 988
51 88
51 958
51 70
51 77
52 196
52 394
52 517
52 902
53 104
53 236
53 308
53 516
53 107
53 116
54 62
54 63
57 59
57 73
57 112
57 142
58 478
58 801
58 999
58 108
59 416
59 87
59 96
59 120
60 444
60 486
60 549
60 955
60 197
61 77
61 87
61 101
61 169
61 253
61 383
61 414
61 824
61 987
61 111
61 189
62 107
62 110
62 396
62 904
62 78
63 82
63 143
64 91
64 188
64 347
64 466
64 513
64 543
64 996
66 172
66 184
68 84
69 521
69 870
69 110
69 135
69 153
70 88
70 107
70 166
71 97
71 100
71 115
71 139
71 158
71 200
71 202
71 247
71 373
71 512
71 533
71 569
71 577
71 641
71 742
71 745
71 876
71 884
71 982
71 187
72 232
72 677
72 681
72 798
73 81
73 86
73 125
73 143
73 203
73 213
73 241
73 555
74 149
74 202
74 379
74 721
74 872
74 885
74 978
75 257
75 267
75 627
77 359
77 943
78 387
78 663
78 898
78 949
78 130
78 133
79 157
79 158
79 181
81 203
81 295
81 385
81 511
81 625
83 282
83 301
83 437
83 461
83 467
83 609
83 678
83 836
83 905
83 88
83 95
83 127
84 168
84 497
84 102
84 127
85 86
85 170
85 287
85 305
85 333
85 380
85 397
85 446
85 450
85 489
85 493
85 510
85 548
85 576
85 586
85 632
85 635
85 693
85 832
85 882
85 903
85 910
85 918
85 930
85 939
85 169
86 89
86 94
86 163
86 375
86 476
86 566
86 694
86 762
86 860
86 900
86 921
87 194
87 274
87 524
88 96
88 201
88 245
88 279
88 328
88 580
88 639
88 723
88 735
88 744
88 808
89 121
89 124
89 748
89 886
89 122
90 141
90 290
90 344
90 405
90 564
90 640
90 688
90 849
90 98
90 147
92 270
92 792
93 114
93 126
93 168
93 208
93 280
93 300
93 311
93 338
93 343
93 369
93 540
93 558
93 756
93 757
93 797
93 878
93 901
93 965
93 986
94 122
94 381
94 392
94 401
94 619
94 679
94 682
94 689
94 713
94 746
94 991
94 117
95 179
95 264
95 148
96 107
96 175
96 177
96 306
96 614
96 717
96 893
96 123
96 167
97 753
98 316
98 928
100 138
100 317
100 369
100 459
100 574
100 650
100 766
100 815
100 861
101 222
103 335
103 484
103 719
103 771
103 944
104 105
104 235
104 430
104 438
104 488
104 568
104 706
104 817
104 842
104 937
104 950
105 268
105 874
106 969
108 275
108 445
108 669
108 979
108 159
109 630
109 883
111 321
111 330
111 480
111 482
111 634
111 810
111 959
111 980
112 622
112 638
112 113
113 495
113 841
113 124
114 134
114 148
114 198
114 286
114 452
114 460
114 526
114 631
114 691
114 698
114 743
114 778
114 813
114 971
115 284
115 320
115 509
115 536
115 541
115 657
116 590
117 132
118 122
118 125
118 168
118 295
118 324
118 611
120 529
120 552
120 629
120 668
120 876
121 953
122 145
122 795
122 973
122 142
122 148
123 255
124 575
124 684
124 889
124 892
124 895
125 428
126 456
126 559
126 676
126 200
127 370
127 518
127 761
127 168
128 263
128 786
128 957
130 157
130 196
130 502
130 553
130 724
130 736
130 853
130 909
131 166
131 173
131 251
131 262
131 323
131 539
131 750
131 854
131 192
132 207
132 479
133 149
133 159
133 175
133 377
133 421
133 470
133 645
133 685
133 720
133 760
133 846
133 938
136 337
136 948
136 196
137 174
137 595
137 715
138 579
138 989
139 304
139 332
139 374
139 626
139 628
139 666
139 784
139 891
140 281
141 150
142 283
142 812
142 963
143 660
143 855
143 868
145 700
145 770
147 178
147 216
147 603
148 210
148 258
148 345
148 357
148 372
148 409
149 364
151 182
151 193
151 221
151 259
151 302
151 618
151 930
151 949
151 962
151 981
151 984
152 218
152 309
152 312
152 946
153 572
156 160
163 201
182 185
183 194
