0 1
0 2
0 3
0 4
0 5
0 7
0 11
0 14
0 15
0 21
0 22
0 26
0 47
0 50
0 59
0 61
0 63
0 66
0 72
0 78
0 79
0 81
0 88
0 91
0 93
0 98
0 100
0 111
0 112
0 113
0 115
0 119
0 124
0 128
0 129
0 130
0 139
0 142
0 149
0 151
0 155
0 156
0 157
0 161
0 162
0 165
0 170
0 171
0 183
0 192
0 193
0 196
0 199
0 268
0 269
0 276
0 283
0 287
0 327
0 333
0 364
0 366
0 374
0 436
0 448
0 463
0 472
0 492
0 537
0 554
0 564
0 606
0 633
0 641
0 653
0 681
0 701
0 715
0 728
0 759
0 798
0 809
0 826
0 835
0 843
0 847
0 882
0 886
0 943
0 966
0 983
1 2
1 3
1 5
1 6
1 10
1 11
1 14
1 16
1 18
1 26
1 33
1 35
1 37
1 48
1 73
1 91
1 107
1 118
1 120
1 135
1 138
1 141
1 145
1 150
1 158
1 180
1 181
1 197
1 198
1 221
1 223
1 229
1 263
1 276
1 422
1 442
1 502
1 514
1 517
1 662
1 713
1 750
1 755
1 787
1 800
1 841
1 888
1 905
1 912
1 919
1 957
1 999
2 3
2 6
2 7
2 9
2 22
2 30
2 31
2 33
2 34
2 40
2 45
2 52
2 60
2 66
2 67
2 70
2 76
2 79
2 80
2 88
2 91
2 98
2 108
2 110
2 118
2 120
2 123
2 130
2 131
2 133
2 135
2 159
2 162
2 165
2 173
2 177
2 183
2 187
2 198
2 207
2 265
2 284
2 314
2 475
2 490
2 530
2 552
2 598
2 621
2 677
2 680
2 697
2 749
2 765
2 772
2 778
2 838
2 857
2 893
2 930
3 4
3 17
3 18
3 20
3 23
3 24
3 26
3 31
3 34
3 39
3 40
3 41
3 42
3 44
3 46
3 49
3 51
3 54
3 57
3 60
3 65
3 69
3 72
3 74
3 79
3 85
3 89
3 91
3 93
3 97
3 102
3 104
3 108
3 116
3 117
3 118
3 122
3 124
3 130
3 132
3 133
3 134
3 138
3 147
3 152
3 155
3 160
3 164
3 167
3 171
3 172
3 174
3 176
3 178
3 179
3 192
3 194
3 195
3 198
3 201
3 210
3 215
3 226
3 255
3 350
3 371
3 383
3 441
3 450
3 455
3 459
3 503
3 529
3 541
3 544
3 599
3 628
3 635
3 674
3 687
3 695
3 735
3 748
3 753
3 767
3 806
3 817
3 827
3 884
3 916
3 926
3 928
3 975
3 980
3 982
3 986
4 7
4 26
4 41
4 128
4 204
4 334
4 338
4 495
4 584
4 669
4 922
5 8
5 23
5 25
5 43
5 189
5 243
5 481
5 777
5 820
5 938
5 77
5 32
5 135
5 11
5 12
5 15
5 18
5 48
5 129
6 9
6 15
6 37
6 77
6 101
6 168
6 194
6 241
6 256
6 321
6 664
6 705
6 863
7 16
7 21
7 29
7 41
7 56
7 103
7 104
7 111
7 114
7 124
7 131
7 163
7 208
7 297
7 304
7 322
7 393
7 419
7 458
7 504
7 872
7 953
8 23
8 27
8 37
8 43
8 53
8 127
8 402
8 413
8 467
8 468
8 667
8 703
8 716
8 731
8 754
8 774
8 858
8 873
8 880
8 890
8 933
8 978
9 32
9 45
9 62
9 90
9 106
9 156
9 157
9 168
9 175
9 182
9 191
9 199
9 214
9 259
9 417
9 424
9 434
9 469
9 491
9 506
9 509
9 534
9 618
9 702
9 725
9 757
9 810
9 77
9 30
10 13
10 139
10 267
11 12
11 13
11 35
11 230
11 454
11 919
12 13
12 14
12 17
12 20
12 38
12 50
12 80
12 81
12 85
12 237
12 409
12 545
12 892
12 135
13 18
13 28
13 36
13 38
13 40
13 42
13 48
13 50
13 52
13 70
13 71
13 73
13 75
13 80
13 84
13 121
13 172
13 177
13 186
13 195
13 213
13 277
13 285
13 316
13 349
13 372
13 373
13 385
13 397
13 415
13 433
13 456
13 464
13 479
13 493
13 496
13 511
13 513
13 521
13 527
13 533
13 542
13 547
13 551
13 571
13 575
13 576
13 580
13 592
13 593
13 595
13 603
13 605
13 607
13 608
13 611
13 613
13 652
13 678
13 694
13 706
13 722
13 726
13 733
13 736
13 740
13 745
13 747
13 759
13 767
13 769
13 811
13 813
13 814
13 821
13 832
13 855
13 877
13 883
13 900
13 918
13 932
13 934
13 965
13 986
13 135
13 15
13 19
13 22
13 24
13 31
13 54
13 55
13 103
13 112
13 151
14 17
14 19
14 27
14 36
14 39
14 87
14 95
14 109
14 121
14 152
14 237
14 260
14 386
14 512
14 543
14 557
14 577
14 625
14 631
14 775
14 808
14 816
14 32
14 16
14 56
14 127
15 32
15 357
15 567
15 987
15 77
15 16
15 17
15 20
15 21
15 22
15 29
15 37
15 58
15 61
15 72
15 73
15 81
15 82
15 90
15 103
15 132
15 147
16 21
16 24
16 536
16 962
16 997
16 25
16 35
17 20
17 22
17 27
17 35
17 38
17 71
17 86
17 126
17 185
17 337
17 381
17 438
17 486
17 610
17 864
17 907
17 183
18 427
18 562
18 627
18 901
18 32
18 46
18 65
18 84
18 130
18 132
19 78
19 94
19 126
19 604
19 895
19 924
19 135
19 76
20 34
20 36
20 85
20 139
20 435
20 561
20 573
20 792
20 26
20 42
20 59
20 67
20 94
20 110
20 117
20 118
20 122
20 146
20 152
21 31
21 58
21 426
21 477
21 859
21 55
22 58
22 184
22 524
22 578
22 871
22 876
22 155
23 55
23 92
23 112
23 146
23 275
23 310
23 341
23 364
23 405
23 587
23 704
23 732
23 788
23 829
23 842
23 985
24 628
24 43
24 53
24 166
25 106
25 220
25 33
25 35
25 39
25 40
25 42
25 81
25 126
26 29
26 68
26 83
26 114
26 124
26 166
26 187
26 308
26 376
26 416
26 421
26 525
26 655
26 785
26 833
26 840
26 849
26 887
26 971
26 77
26 33
26 62
26 100
26 101
26 117
27 35
27 39
27 53
27 71
27 76
27 98
27 125
27 140
27 222
27 239
27 257
27 261
27 262
27 292
27 307
27 313
27 354
27 365
27 370
27 378
27 395
27 418
27 439
27 473
27 511
27 522
27 566
27 570
27 602
27 647
27 676
27 709
27 717
27 729
27 771
27 780
27 807
27 892
27 894
27 896
27 903
27 940
27 958
27 960
27 981
27 77
27 59
28 30
28 216
28 773
28 77
28 47
29 41
29 34
29 94
30 66
30 84
30 293
30 472
30 44
30 80
31 173
31 362
31 830
31 862
31 61
32 45
32 51
32 53
32 234
32 254
32 274
32 279
32 410
32 437
32 480
32 675
32 761
32 874
32 955
32 77
32 36
32 38
32 49
32 71
32 86
32 125
32 137
32 144
32 153
32 164
33 127
33 211
33 235
33 689
33 952
34 52
34 64
34 136
34 147
34 188
34 203
34 476
34 505
34 620
34 666
34 906
34 954
34 963
34 993
34 162
35 64
35 107
35 125
35 133
35 153
35 972
35 66
35 73
35 93
36 465
36 776
37 54
37 117
37 344
37 357
37 375
37 440
37 482
37 484
37 509
37 588
37 614
37 624
37 670
37 690
37 739
37 758
37 861
37 968
37 992
37 88
37 92
37 108
37 200
38 178
38 224
38 289
38 348
38 369
38 639
39 69
39 95
39 711
39 783
39 967
39 145
40 49
40 70
40 96
40 553
40 688
40 723
40 746
40 796
40 850
40 909
41 46
41 56
41 68
41 83
41 103
41 163
41 286
41 325
41 404
41 446
41 447
41 738
42 48
42 66
42 266
42 301
42 382
42 452
42 508
42 520
42 642
42 660
43 77
43 83
44 45
44 51
44 86
45 59
45 168
45 299
45 432
45 485
45 581
45 640
45 667
45 741
45 786
45 822
45 47
46 104
46 362
46 516
46 657
46 818
46 945
47 74
47 127
47 144
47 203
47 280
47 282
47 295
47 360
47 425
47 457
47 500
47 507
47 559
47 638
47 650
47 684
47 742
47 804
47 879
47 897
47 913
47 951
47 990
47 57
48 67
48 96
48 97
48 179
48 218
48 347
48 359
48 367
48 579
48 762
48 763
48 795
48 948
48 976
48 135
48 70
48 95
48 138
48 186
49 88
49 110
49 293
49 343
49 678
49 797
49 86
49 143
50 69
50 78
50 169
50 312
50 752
50 789
50 947
51 556
52 61
52 90
52 96
52 99
52 100
52 105
52 143
52 179
52 186
52 191
52 193
52 225
52 271
52 319
52 470
52 589
52 626
52 665
52 770
52 791
52 942
52 989
52 994
53 113
53 189
53 200
53 244
53 335
53 594
53 600
53 649
53 727
53 869
53 885
53 974
53 124
54 101
54 154
54 331
54 501
54 582
54 77
54 125
55 180
55 380
55 510
55 865
55 937
55 111
56 250
56 672
56 931
56 80
56 148
58 151
58 291
58 637
58 819
59 140
59 141
59 233
59 503
59 698
59 142
60 144
60 174
61 100
61 124
62 77
63 181
64 86
64 358
65 138
65 460
66 73
66 84
66 97
66 136
66 258
66 317
66 420
66 623
66 990
67 99
67 242
67 423
67 828
67 118
68 116
68 149
68 166
68 546
68 668
69 201
69 272
69 734
69 889
70 82
70 93
70 186
70 202
70 406
70 515
70 760
71 80
71 94
71 368
71 563
71 98
71 102
72 102
72 478
72 825
72 77
72 89
72 152
73 87
73 89
73 93
73 253
73 288
73 296
73 303
73 518
73 538
73 585
73 638
73 646
73 700
73 915
73 202
74 428
74 555
74 636
74 652
76 388
76 77
76 82
77 793
77 78
77 83
77 85
77 108
77 116
77 135
77 141
77 149
77 152
78 188
78 568
78 852
78 853
78 854
78 115
78 151
79 461
79 498
79 866
80 139
80 106
80 118
81 240
81 388
81 629
81 737
82 110
82 532
82 93
82 113
83 173
83 394
83 617
83 718
83 867
83 902
83 148
84 209
84 294
84 612
84 768
84 921
84 139
86 125
86 137
86 549
86 139
87 558
87 742
87 929
88 108
88 270
88 352
88 391
88 708
88 743
88 782
88 794
88 878
88 914
88 959
89 315
89 499
89 535
89 619
89 845
89 973
89 144
90 101
90 120
90 180
90 206
90 238
90 247
90 290
90 300
90 326
90 330
90 351
90 398
90 656
90 712
90 764
90 790
90 844
90 944
91 102
91 151
91 158
91 160
91 205
91 228
91 246
91 311
91 323
91 324
91 345
91 466
91 487
91 488
91 526
91 601
91 671
91 707
91 730
91 744
91 803
91 868
91 917
91 931
91 936
91 946
91 961
91 977
91 984
91 988
92 219
93 320
93 396
93 429
93 950
93 100
93 134
94 177
95 462
95 779
95 996
95 114
96 911
97 298
97 361
97 411
97 719
98 412
98 540
98 566
98 686
98 927
100 191
100 444
100 497
100 539
100 560
100 616
100 673
100 721
100 824
100 910
100 122
100 157
101 123
101 143
101 145
101 212
101 300
101 336
101 414
101 597
101 692
101 856
101 103
103 114
103 273
103 590
103 659
103 756
103 133
104 217
104 648
104 815
104 891
105 306
105 431
105 720
105 839
106 120
106 122
106 194
106 249
106 363
106 399
106 430
106 531
106 609
106 710
106 823
106 925
106 955
106 193
107 178
107 834
108 430
109 645
109 881
110 167
110 251
110 195
111 328
111 691
112 401
112 941
113 146
113 174
113 190
113 474
113 836
113 860
114 346
115 185
115 355
115 387
115 615
116 187
116 232
116 353
117 175
117 176
117 309
117 318
117 400
117 407
117 550
117 904
118 231
118 130
118 156
118 199
119 227
119 403
119 569
119 802
120 180
120 278
120 302
120 517
120 591
120 649
120 159
121 169
121 332
123 244
123 451
124 248
124 339
124 583
124 634
124 699
124 956
125 153
125 158
125 172
125 245
125 252
125 281
125 340
125 356
125 377
125 408
125 453
125 489
125 494
125 574
125 596
125 632
125 643
125 644
125 654
125 679
125 693
125 696
125 724
125 766
125 799
125 801
125 805
125 812
125 848
125 898
125 908
125 920
125 935
125 969
125 979
125 991
126 379
126 995
127 142
127 146
127 148
127 651
127 685
127 837
127 899
127 964
128 875
130 846
130 137
131 149
131 196
131 565
133 185
133 224
133 264
133 572
133 658
133 831
135 630
135 923
135 970
136 528
136 870
136 939
137 389
137 543
137 781
138 197
138 390
138 445
138 519
138 586
138 784
138 949
139 471
139 625
139 661
139 714
140 443
140 523
141 146
141 148
142 144
142 548
144 236
144 384
144 622
145 716
145 970
146 280
146 392
146 682
146 683
146 751
146 941
147 329
148 189
148 483
148 663
148 704
148 851
149 449
150 305
150 490
151 342
151 998
153 169
153 188
166 187
172 183
172 201
