0 1
0 2
0 3
0 6
0 7
0 8
0 9
0 11
0 13
0 14
0 15
0 18
0 21
0 31
0 32
0 34
0 40
0 46
0 47
0 50
0 56
0 58
0 59
0 63
0 64
0 69
0 72
0 73
0 75
0 79
0 86
0 88
0 92
0 100
0 111
0 113
0 115
0 120
0 126
0 127
0 132
0 134
0 139
0 144
0 151
0 155
0 156
0 164
0 166
0 169
0 170
0 172
0 175
0 177
0 180
0 185
0 186
0 187
0 197
0 198
0 202
0 226
0 262
0 281
0 341
0 354
0 355
0 364
0 436
0 461
0 480
0 527
0 575
0 611
0 637
0 639
0 656
0 673
0 699
0 711
0 719
0 724
0 835
0 840
0 841
0 894
0 899
0 903
0 904
0 921
0 957
0 958
0 961
1 2
1 3
1 4
1 7
1 8
1 11
1 17
1 19
1 22
1 24
1 27
1 29
1 30
1 38
1 39
1 53
1 54
1 62
1 66
1 67
1 69
1 74
1 76
1 80
1 101
1 110
1 112
1 118
1 137
1 146
1 150
1 154
1 160
1 165
1 166
1 167
1 172
1 174
1 175
1 176
1 177
1 184
1 194
1 195
1 199
1 202
1 287
1 350
1 387
1 550
1 555
1 576
1 588
1 589
1 603
1 604
1 621
1 624
1 637
1 703
1 715
1 743
1 756
1 810
1 852
1 862
1 931
1 934
1 950
1 967
1 981
2 3
2 5
2 11
2 14
2 31
2 34
2 37
2 52
2 70
2 76
2 79
2 81
2 83
2 84
2 88
2 93
2 94
2 97
2 104
2 113
2 116
2 119
2 123
2 125
2 129
2 131
2 132
2 139
2 144
2 148
2 149
2 159
2 160
2 161
2 193
2 203
2 230
2 249
2 279
2 285
2 363
2 383
2 385
2 395
2 430
2 465
2 511
2 517
2 544
2 633
2 696
2 741
2 775
2 878
2 885
2 937
2 996
3 5
3 8
3 10
3 13
3 16
3 17
3 19
3 29
3 44
3 55
3 56
3 58
3 65
3 75
3 76
3 77
3 78
3 80
3 85
3 90
3 97
3 98
3 107
3 120
3 122
3 123
3 129
3 130
3 132
3 137
3 138
3 149
3 153
3 154
3 163
3 167
3 169
3 188
3 200
3 218
3 243
3 245
3 247
3 248
3 338
3 345
3 377
3 393
3 407
3 454
3 477
3 478
3 506
3 532
3 597
3 612
3 651
3 663
3 687
3 744
3 745
3 748
3 784
3 812
3 818
3 822
3 831
3 853
3 880
3 894
3 897
3 928
3 962
3 988
3 993
4 23
4 45
4 87
4 100
4 497
4 954
4 150
4 9
4 14
4 47
4 55
4 72
4 74
4 86
4 153
5 7
5 12
5 18
5 20
5 24
5 26
5 32
5 47
5 96
5 162
5 200
5 293
5 302
5 405
5 651
5 740
5 924
6 584
6 826
7 12
7 20
7 24
7 26
7 51
7 115
7 130
7 213
7 558
7 722
7 956
7 997
7 150
7 9
7 126
8 9
8 125
8 225
8 375
8 951
8 150
8 10
8 14
8 25
8 75
8 110
8 144
8 148
9 21
9 22
9 255
9 534
9 150
9 10
9 12
9 14
9 15
9 16
9 24
9 38
9 40
9 67
9 82
9 112
9 151
10 256
10 504
10 13
10 23
10 30
10 32
10 33
10 37
10 44
10 83
10 84
10 85
10 92
10 123
10 188
11 15
11 30
11 102
11 712
11 800
12 48
12 66
12 178
12 229
12 392
12 618
12 701
12 780
12 34
13 43
13 201
13 221
13 18
13 22
13 40
13 54
14 35
14 41
14 52
14 89
14 91
14 122
14 131
14 141
14 154
14 205
14 208
14 258
14 270
14 308
14 323
14 362
14 425
14 428
14 450
14 464
14 473
14 489
14 540
14 568
14 585
14 626
14 649
14 669
14 673
14 710
14 726
14 727
14 728
14 734
14 747
14 773
14 781
14 793
14 929
14 23
14 30
14 50
14 66
14 72
14 90
14 128
14 137
14 145
15 16
15 30
15 43
15 50
15 85
15 105
15 126
15 129
15 134
15 135
15 179
15 219
15 283
15 339
15 373
15 509
15 561
15 641
15 730
15 802
15 865
16 21
16 31
16 46
16 127
16 235
16 265
16 294
16 390
16 411
16 512
16 546
16 556
16 562
16 565
16 625
16 683
16 739
16 930
17 28
17 60
17 63
17 133
17 253
17 424
17 481
17 541
17 858
18 39
18 51
18 178
18 366
18 487
18 994
18 19
18 20
18 22
18 26
18 49
18 59
18 70
18 94
18 125
18 135
19 36
19 260
19 488
19 685
19 808
19 24
19 58
19 59
19 64
20 23
20 25
20 27
20 29
20 34
20 35
20 49
20 77
20 79
20 86
20 91
20 107
20 111
20 124
20 148
20 158
20 196
20 200
20 236
20 251
20 291
20 292
20 311
20 328
20 333
20 346
20 402
20 418
20 419
20 456
20 492
20 496
20 515
20 580
20 605
20 664
20 671
20 677
20 704
20 751
20 789
20 811
20 836
20 842
20 870
20 884
20 909
20 945
20 955
20 973
21 22
21 41
21 59
21 62
21 128
21 242
21 279
21 304
21 376
21 431
21 434
21 519
21 627
21 636
21 690
21 832
21 861
22 44
22 52
22 61
22 68
22 89
22 109
22 182
22 273
22 280
22 358
22 423
22 645
22 678
22 708
22 729
22 976
22 42
22 63
22 85
22 103
22 150
23 28
23 46
23 51
23 129
24 26
24 29
24 37
24 39
24 57
24 124
24 266
24 805
24 821
24 882
25 53
25 158
25 502
25 608
25 744
25 892
25 42
25 50
25 79
26 47
26 57
26 153
26 949
26 973
26 88
27 34
27 35
27 467
27 844
27 150
28 38
28 63
28 67
28 82
28 83
28 164
28 165
28 180
28 470
28 479
28 592
28 647
28 653
28 804
28 926
28 941
28 964
29 33
29 36
29 42
29 60
29 114
29 121
29 161
29 172
29 305
29 360
29 381
29 400
29 410
29 427
29 524
29 525
29 537
29 545
29 554
29 588
29 595
29 606
29 686
29 700
29 709
29 742
29 772
29 803
29 814
29 833
29 855
29 869
29 900
29 912
29 946
29 965
29 968
29 986
29 150
29 54
29 65
29 68
29 69
29 96
30 469
30 971
30 89
30 142
31 48
31 50
31 65
31 71
31 102
31 117
31 126
31 171
31 460
31 461
31 476
31 484
31 577
31 665
31 666
31 732
31 774
31 830
31 844
31 901
31 933
31 150
31 131
32 593
32 714
32 716
32 150
32 38
32 44
32 92
32 149
33 60
33 78
33 80
33 112
33 222
33 246
33 409
33 466
33 757
33 765
33 768
33 875
33 942
33 979
33 56
33 109
34 35
34 48
34 58
34 91
34 107
34 141
34 157
34 171
34 282
34 406
34 520
34 660
34 115
35 38
35 71
35 103
35 152
35 277
35 387
35 510
35 573
35 675
35 680
35 809
35 820
35 922
35 196
36 42
36 55
36 112
36 237
36 479
36 654
37 88
37 96
37 367
37 499
37 543
37 635
37 658
37 935
38 42
38 64
38 73
38 103
38 146
38 180
38 526
38 596
38 644
38 688
38 911
38 53
38 86
39 124
39 329
39 433
39 531
39 655
39 859
40 76
40 87
40 96
40 100
40 114
40 121
40 129
40 139
40 140
42 144
42 388
42 435
42 536
42 670
42 771
42 986
42 47
42 74
42 172
43 538
44 54
44 59
44 191
44 327
44 365
44 547
44 736
44 753
44 806
44 893
44 919
44 983
45 104
45 157
45 211
45 633
45 813
45 150
45 71
46 62
46 67
47 108
48 51
48 75
48 95
48 100
48 228
48 232
48 344
48 491
48 543
48 564
48 570
48 692
48 723
48 796
48 879
48 897
48 920
48 923
48 925
49 77
49 120
49 145
49 216
49 252
49 315
49 321
49 369
49 384
49 417
49 486
49 594
49 638
49 799
49 829
49 838
49 876
49 909
49 934
49 144
50 134
50 174
51 359
51 857
51 905
51 110
52 61
52 68
52 131
52 352
52 619
52 721
52 992
53 787
53 881
54 78
54 132
55 81
55 144
55 846
56 658
56 883
56 889
56 85
56 91
56 138
57 72
57 185
57 192
57 399
57 468
57 557
57 560
57 918
58 97
58 141
58 908
58 150
58 96
59 682
59 191
60 64
60 74
60 145
60 161
60 215
60 303
60 438
60 523
60 895
61 68
61 74
61 259
61 397
61 472
61 672
61 779
62 94
63 112
63 133
63 143
63 186
63 271
63 296
63 413
63 441
63 443
63 662
63 684
63 693
63 767
63 827
63 890
63 982
63 156
64 120
64 175
64 278
64 398
64 481
64 717
64 794
64 864
64 896
64 150
65 96
65 174
65 272
65 297
65 583
65 746
65 851
65 974
65 982
66 75
66 90
66 204
66 574
66 969
68 89
68 122
68 312
68 365
68 444
68 451
68 828
68 886
68 150
68 108
69 86
69 140
69 240
69 263
69 331
69 337
69 368
69 370
69 429
69 447
69 514
69 591
69 640
69 733
69 750
69 769
69 938
69 947
69 970
70 187
70 643
70 113
70 118
71 82
71 86
71 106
71 136
71 170
71 223
71 311
71 319
71 391
71 437
71 445
71 498
71 674
71 778
71 782
71 847
71 856
71 948
71 157
71 194
72 689
72 845
72 136
73 99
73 163
73 533
73 754
73 795
73 854
73 868
74 101
74 142
74 181
74 209
74 212
74 301
74 386
74 620
74 877
74 146
74 168
75 357
75 904
76 85
76 92
76 127
76 135
76 138
76 233
76 257
76 267
76 268
76 283
76 318
76 325
76 349
76 353
76 361
76 455
76 458
76 490
76 528
76 539
76 559
76 587
76 628
76 634
76 764
76 985
77 215
77 616
77 695
77 192
78 586
78 107
79 99
79 139
79 320
79 557
79 691
79 915
80 156
80 307
80 601
80 150
81 698
82 126
83 513
83 598
83 825
83 173
84 181
85 449
85 759
85 788
85 873
85 984
85 103
85 106
85 112
85 145
85 149
86 148
86 166
86 174
86 206
86 217
86 257
86 309
86 310
86 355
86 408
86 439
86 475
86 501
86 578
86 599
86 600
86 766
86 801
86 815
86 839
86 888
86 953
86 995
87 220
87 622
87 872
87 130
88 190
88 207
88 299
88 320
88 342
88 380
88 382
88 452
88 494
88 508
88 790
88 834
88 843
88 966
88 978
88 998
89 106
89 125
89 168
89 182
89 188
89 194
89 348
89 516
89 548
89 562
89 659
89 758
89 776
89 798
89 819
90 95
90 121
90 203
90 150
91 374
91 482
91 521
91 837
91 887
92 602
92 117
93 136
93 284
93 963
94 95
94 122
94 131
94 143
94 146
94 154
95 347
95 615
95 623
95 942
95 203
96 849
97 158
97 160
97 332
97 609
97 614
97 657
97 874
97 960
97 150
98 105
98 239
98 295
98 298
98 415
98 631
98 652
98 850
98 150
99 200
99 485
99 493
99 702
99 907
99 150
99 195
100 334
100 495
100 632
100 913
101 326
101 679
101 968
102 193
102 940
102 190
103 210
103 785
103 932
104 579
104 824
105 306
105 150
105 132
105 166
106 119
106 123
106 149
106 404
106 650
106 661
106 694
106 738
106 752
106 786
106 906
106 150
107 330
107 462
107 535
107 613
108 572
108 162
112 147
112 459
112 140
113 254
113 442
113 530
113 571
113 917
113 943
113 179
114 189
114 289
114 500
114 120
115 162
115 203
115 224
115 227
115 286
115 569
115 914
118 269
118 456
118 529
118 586
118 667
118 735
118 762
118 817
118 910
118 939
119 378
119 386
119 412
119 440
119 505
119 522
119 916
120 214
120 231
120 244
120 261
120 446
120 507
120 542
120 582
120 610
120 629
120 646
120 668
120 697
120 706
120 731
120 760
120 797
120 860
120 866
120 927
121 274
121 275
121 351
122 168
122 317
122 340
122 389
122 401
122 448
122 777
123 182
123 241
123 281
123 403
123 416
123 453
123 483
123 737
123 807
123 902
123 975
123 155
124 371
124 552
124 725
125 199
125 264
125 379
125 394
125 471
125 581
125 713
125 867
125 158
125 182
126 179
126 267
126 335
126 372
126 518
126 563
126 681
126 707
126 761
126 959
126 980
126 999
127 201
127 233
127 316
127 396
127 553
127 648
127 848
127 871
128 336
129 300
129 343
129 426
129 705
129 823
129 989
129 198
130 731
131 549
132 173
132 288
132 792
132 151
132 176
133 183
133 551
133 630
133 676
133 816
133 977
134 463
134 898
134 990
134 193
135 250
135 324
135 150
136 474
136 936
138 791
138 863
139 783
140 414
140 518
140 561
140 749
140 891
140 952
140 987
142 420
142 145
142 152
143 152
143 457
143 617
143 944
143 187
145 356
145 566
146 590
147 187
147 972
148 234
148 238
148 276
148 322
148 421
148 432
148 433
148 559
148 567
148 642
148 718
148 755
148 763
148 770
148 991
149 314
149 422
149 503
149 720
150 290
150 313
150 607
152 175
160 170
161 169
174 190
