0 1
0 2
0 3
0 4
0 7
0 9
0 11
0 12
0 15
0 25
0 37
0 46
0 53
0 60
0 63
0 64
0 65
0 67
0 75
0 77
0 85
0 88
0 91
0 97
0 100
0 111
0 112
0 113
0 114
0 121
0 126
0 128
0 129
0 131
0 132
0 135
0 140
0 141
0 144
0 150
0 155
0 157
0 162
0 166
0 168
0 174
0 176
0 190
0 199
0 202
0 246
0 353
0 360
0 403
0 459
0 462
0 467
0 540
0 591
0 601
0 606
0 619
0 683
0 705
0 731
0 736
0 747
0 814
0 836
0 855
0 895
0 899
0 956
0 967
0 995
1 2
1 3
1 4
1 6
1 13
1 21
1 36
1 43
1 60
1 64
1 78
1 81
1 83
1 117
1 124
1 141
1 148
1 153
1 167
1 177
1 190
1 192
1 193
1 201
1 204
1 207
1 209
1 313
1 334
1 337
1 488
1 525
1 600
1 640
1 651
1 772
1 776
1 929
1 940
2 3
2 4
2 5
2 12
2 25
2 31
2 46
2 101
2 102
2 121
2 144
2 197
2 274
2 332
2 335
2 391
2 898
3 4
3 5
3 6
3 10
3 14
3 15
3 17
3 18
3 23
3 28
3 29
3 32
3 38
3 42
3 46
3 47
3 51
3 61
3 62
3 71
3 72
3 74
3 76
3 78
3 80
3 94
3 95
3 96
3 98
3 105
3 106
3 107
3 108
3 112
3 114
3 120
3 123
3 125
3 126
3 128
3 131
3 145
3 147
3 155
3 165
3 168
3 175
3 180
3 181
3 182
3 188
3 191
3 196
3 197
3 198
3 199
3 203
3 204
3 212
3 237
3 254
3 321
3 347
3 410
3 457
3 470
3 500
3 530
3 556
3 762
3 802
3 879
3 904
3 906
3 924
4 10
4 17
4 19
4 22
4 25
4 31
4 39
4 40
4 41
4 45
4 50
4 52
4 60
4 72
4 76
4 77
4 82
4 84
4 85
4 86
4 98
4 99
4 112
4 113
4 115
4 122
4 123
4 129
4 130
4 133
4 136
4 146
4 150
4 154
4 155
4 158
4 164
4 188
4 200
4 203
4 253
4 257
4 268
4 271
4 284
4 310
4 343
4 348
4 352
4 384
4 400
4 409
4 567
4 582
4 593
4 604
4 622
4 666
4 709
4 779
4 782
4 798
4 808
4 838
4 845
4 859
4 877
4 926
4 928
4 934
4 989
5 20
5 22
5 23
5 34
5 35
5 36
5 40
5 48
5 73
5 107
5 116
5 138
5 160
5 203
5 214
5 272
5 414
5 419
5 510
5 542
5 589
5 649
5 665
5 694
5 714
5 728
5 730
5 890
5 939
6 8
6 11
6 13
6 27
6 28
6 32
6 56
6 102
6 104
6 108
6 139
6 168
6 174
6 282
6 296
6 306
6 330
6 342
6 345
6 369
6 381
6 382
6 383
6 385
6 395
6 408
6 411
6 423
6 448
6 453
6 474
6 482
6 484
6 494
6 498
6 507
6 524
6 527
6 534
6 548
6 551
6 645
6 654
6 655
6 684
6 696
6 703
6 724
6 746
6 749
6 761
6 769
6 811
6 825
6 833
6 835
6 849
6 861
6 911
6 923
6 932
6 933
6 938
6 982
6 991
6 998
7 19
7 21
7 41
7 50
7 80
7 129
7 346
7 376
7 424
7 508
7 574
7 596
7 719
7 744
7 886
8 69
8 250
8 646
8 102
8 14
8 34
9 10
9 98
9 132
9 283
9 317
9 327
9 102
9 14
9 16
9 74
10 12
10 17
10 109
10 149
10 175
10 177
10 189
10 436
10 550
10 667
10 711
10 741
10 102
10 19
10 20
10 35
10 51
10 95
10 99
10 142
12 17
12 24
12 25
12 26
12 43
12 49
12 145
12 149
12 165
12 189
12 191
12 240
12 318
12 570
12 637
12 698
12 790
12 803
12 815
13 14
13 32
13 63
13 88
13 92
13 119
13 178
13 299
13 311
13 357
13 365
13 443
13 449
13 474
13 674
13 881
13 935
13 949
14 32
14 86
14 125
14 973
14 102
14 16
14 17
14 18
14 19
14 27
14 30
14 34
14 35
14 40
14 44
14 50
14 52
14 65
14 74
14 98
14 103
14 119
14 139
14 147
14 153
15 16
15 29
15 33
15 154
15 156
15 642
15 927
16 17
16 18
16 22
16 28
16 29
16 38
16 39
16 43
16 48
16 51
16 56
16 64
16 66
16 68
16 87
16 89
16 90
16 109
16 120
16 133
17 87
17 145
17 435
17 552
17 712
17 962
17 22
17 24
18 30
18 35
18 286
18 578
19 33
19 45
19 128
19 245
19 398
19 765
19 809
19 874
19 947
19 978
19 997
19 25
19 32
19 39
19 55
20 22
20 167
20 650
20 102
20 23
20 58
20 86
20 105
20 126
21 630
21 975
22 27
22 28
22 34
22 37
22 47
22 55
22 57
22 70
22 79
22 93
22 94
22 160
22 164
22 184
22 228
22 297
22 359
22 370
22 381
22 434
22 466
22 476
22 484
22 547
22 554
22 612
22 687
22 710
22 775
22 786
22 791
22 871
22 882
22 894
22 911
22 918
22 963
22 965
22 979
22 36
22 54
23 30
23 37
23 48
23 94
23 60
23 64
23 77
23 127
24 109
24 620
24 972
24 42
25 29
25 33
25 50
25 58
25 59
25 61
25 65
25 81
25 103
25 113
25 117
25 126
25 137
25 143
25 149
25 151
25 156
25 166
25 224
25 236
25 237
25 239
25 249
25 256
25 263
25 265
25 269
25 270
25 290
25 302
25 304
25 309
25 364
25 367
25 389
25 390
25 405
25 420
25 436
25 439
25 442
25 481
25 499
25 515
25 518
25 519
25 523
25 536
25 537
25 545
25 549
25 573
25 576
25 584
25 592
25 598
25 605
25 618
25 632
25 663
25 668
25 672
25 681
25 701
25 715
25 718
25 723
25 733
25 740
25 758
25 762
25 763
25 770
25 771
25 780
25 785
25 794
25 810
25 813
25 822
25 829
25 831
25 852
25 853
25 867
25 878
25 892
25 905
25 930
25 941
25 951
25 953
25 956
25 969
26 27
26 55
26 56
26 132
26 161
26 169
26 229
26 235
26 248
26 264
26 267
26 275
26 295
26 388
26 430
26 465
26 469
26 501
26 505
26 531
26 537
26 571
26 587
26 602
26 624
26 662
26 671
26 745
26 789
26 804
26 805
26 826
26 891
26 912
26 919
26 988
27 140
27 227
27 638
27 654
27 63
27 72
27 137
28 39
28 122
28 142
28 342
28 370
28 444
28 455
28 597
28 743
28 797
28 952
28 33
28 63
29 44
29 285
29 338
29 373
29 429
29 492
29 615
29 734
29 964
29 32
29 148
30 187
30 228
30 441
30 564
31 93
31 171
31 206
31 675
31 946
32 63
32 69
32 72
32 89
32 125
32 200
32 225
32 238
32 289
32 303
32 356
32 528
32 626
32 676
32 832
32 837
32 857
32 903
32 936
32 944
32 948
32 984
32 37
32 39
32 42
32 49
32 61
32 68
32 87
32 141
33 54
33 114
33 170
33 185
33 199
33 397
33 463
33 495
33 635
33 802
33 812
33 821
33 827
33 839
33 864
33 50
33 79
33 120
34 673
34 990
34 38
34 63
35 83
35 136
35 184
35 222
35 445
36 55
36 120
36 127
36 161
36 211
36 261
36 276
36 623
36 735
36 737
36 751
36 783
36 851
36 901
36 916
36 920
36 955
36 102
36 37
36 43
36 76
36 84
36 86
37 66
37 74
37 133
37 167
37 172
37 298
37 704
37 841
37 983
37 47
37 90
37 121
38 53
38 158
38 533
38 52
38 56
38 82
38 95
38 108
38 133
38 136
38 149
39 55
39 103
39 144
39 45
39 48
39 92
39 97
39 102
39 105
39 115
39 116
39 123
39 137
40 134
40 187
40 220
40 234
40 319
40 336
41 44
42 82
42 641
42 50
42 78
42 80
42 83
43 87
43 170
43 233
43 308
43 329
43 461
43 468
43 709
43 792
43 863
43 986
43 53
43 70
43 152
44 80
44 130
44 358
44 475
44 621
44 627
44 755
44 800
45 59
45 106
45 179
45 242
45 281
45 517
45 653
45 67
45 75
45 131
46 97
46 538
46 682
46 889
47 73
47 127
47 341
47 777
47 828
48 116
48 187
48 657
48 981
48 60
49 169
49 325
49 917
49 961
50 101
50 452
50 795
50 100
50 155
52 386
52 415
52 456
52 497
52 648
52 88
52 132
52 196
53 64
53 70
53 120
53 171
53 243
53 437
53 509
53 678
53 750
53 760
53 764
53 806
53 970
54 71
54 396
54 661
54 888
54 102
54 135
54 138
54 148
54 185
55 56
55 57
55 64
55 93
55 138
55 208
55 223
55 241
55 277
55 307
55 344
55 374
55 392
55 422
55 458
55 485
55 599
55 608
55 617
55 708
55 996
55 102
55 82
55 121
56 255
56 146
57 496
57 193
58 62
58 98
59 977
60 79
60 127
60 445
60 506
60 847
60 872
60 103
61 177
61 224
61 583
61 690
61 102
62 959
63 89
63 218
63 314
63 315
63 326
63 340
63 362
63 643
63 680
63 846
63 914
63 116
64 85
64 139
64 259
64 387
64 908
65 68
65 77
65 151
65 168
65 199
65 230
65 231
65 332
65 333
65 366
65 377
65 401
65 432
65 440
65 480
65 502
65 568
65 609
65 616
65 625
65 633
65 656
65 669
65 767
65 781
65 787
65 858
65 868
65 925
65 937
65 102
65 73
65 79
65 91
65 98
65 154
66 647
66 910
66 102
66 68
66 92
66 105
67 151
68 115
68 102
68 130
68 150
69 78
69 90
69 110
69 121
69 183
69 200
69 205
69 244
69 294
69 446
69 454
69 489
69 544
69 902
69 942
69 954
69 980
70 504
70 539
70 677
70 778
71 885
72 159
72 162
72 186
72 194
72 196
72 273
72 371
72 425
72 483
72 532
72 562
72 575
72 860
73 464
73 575
73 725
73 753
73 843
73 985
74 726
74 145
75 159
76 181
77 110
77 123
77 226
77 279
77 679
77 692
78 112
78 150
78 280
78 418
78 628
79 94
79 127
79 368
79 697
79 842
79 999
80 217
80 378
80 412
80 555
80 742
80 788
80 922
80 993
80 168
82 126
82 143
82 247
83 111
83 689
83 162
84 407
84 176
85 301
85 451
85 722
85 756
86 110
87 288
87 460
87 478
87 514
87 521
87 893
88 108
88 124
88 148
88 152
88 164
88 349
88 357
88 413
88 560
88 565
88 799
89 95
89 486
89 721
90 139
90 142
90 144
91 137
91 372
91 399
91 404
91 543
91 569
91 585
91 588
91 693
91 713
91 727
91 754
91 766
91 784
91 790
91 817
91 883
91 971
91 106
91 109
92 178
92 136
93 433
93 558
93 738
93 957
93 171
95 406
95 111
95 126
95 149
96 350
96 512
97 135
97 163
97 503
97 748
97 854
98 232
98 305
98 590
98 716
99 614
99 695
100 115
100 339
100 686
100 706
101 312
101 450
101 493
101 594
101 652
101 198
102 830
102 104
102 110
102 140
102 152
103 188
103 201
103 773
103 796
103 966
103 111
103 146
103 166
106 219
106 179
107 118
107 135
107 173
107 611
107 943
108 213
108 287
108 938
109 175
109 561
109 668
109 112
109 114
109 140
110 183
110 394
110 732
111 119
111 134
111 167
111 421
111 483
111 529
111 658
111 816
111 870
112 251
112 278
112 320
112 324
112 331
112 405
112 426
112 581
112 659
112 670
112 685
112 702
112 707
112 759
112 865
112 896
112 909
112 915
112 958
112 984
113 195
113 262
113 300
113 322
113 427
113 490
113 520
113 550
113 576
114 221
114 563
114 607
114 663
114 897
114 119
114 144
115 200
115 416
115 572
115 126
116 393
116 566
116 586
118 138
118 840
119 175
119 216
119 351
119 355
119 513
119 862
120 931
121 258
121 292
122 729
123 163
124 323
124 402
124 644
124 900
126 266
126 361
126 363
126 375
126 477
126 491
126 546
126 613
126 629
126 634
126 170
127 136
128 156
128 631
128 850
128 950
129 328
129 820
129 844
129 856
129 864
129 887
130 143
130 172
130 173
130 176
130 184
130 291
130 380
130 535
130 774
130 824
130 876
130 907
131 192
132 137
132 141
132 191
132 195
132 215
132 293
132 438
132 487
132 768
132 941
132 175
134 159
134 603
134 610
134 664
134 823
135 431
135 586
135 753
136 172
136 194
136 553
136 717
136 793
136 869
137 265
137 994
138 447
138 472
138 522
138 557
138 580
138 691
138 720
138 807
138 834
138 871
138 921
139 161
141 968
142 190
142 417
142 559
142 577
142 699
142 739
142 875
143 210
143 316
143 479
143 801
143 974
144 146
144 161
144 252
144 354
144 428
144 511
144 526
144 534
144 541
144 579
144 700
144 818
144 819
144 960
144 987
144 153
145 639
145 660
145 880
146 188
146 202
146 471
148 181
148 516
148 595
148 636
148 752
148 757
148 866
148 913
148 976
149 189
149 473
149 945
150 688
150 848
150 884
150 992
151 260
153 379
153 873
153 187
154 198
157 158
159 173
166 195
169 177
187 203
191 195
