0 1
0 2
0 3
0 4
0 5
0 9
0 11
0 21
0 22
0 54
0 55
0 64
0 66
0 80
0 83
0 95
0 96
0 108
0 109
0 110
0 114
0 120
0 121
0 130
0 131
0 132
0 135
0 137
0 139
0 147
0 151
0 161
0 166
0 172
0 185
0 192
0 197
0 201
0 243
0 251
0 285
0 286
0 301
0 332
0 336
0 342
0 360
0 375
0 379
0 383
0 461
0 462
0 500
0 565
0 568
0 602
0 611
0 617
0 668
0 691
0 731
0 743
0 772
0 835
0 847
0 863
0 939
0 983
1 2
1 3
1 4
1 5
1 8
1 15
1 18
1 30
1 62
1 70
1 85
1 89
1 104
1 112
1 122
1 135
1 151
1 160
1 172
1 192
1 204
1 226
1 253
1 280
1 410
1 463
1 481
1 502
1 625
1 704
1 920
1 969
2 3
2 4
2 5
2 6
2 8
2 9
2 19
2 21
2 27
2 29
2 30
2 34
2 43
2 45
2 63
2 66
2 67
2 73
2 78
2 95
2 98
2 107
2 108
2 111
2 121
2 128
2 129
2 130
2 149
2 159
2 195
2 197
2 198
2 199
2 201
2 207
2 305
2 417
2 539
2 587
2 636
2 666
2 686
2 701
2 712
2 729
2 753
2 783
2 801
2 856
2 862
2 899
3 4
3 5
3 14
3 16
3 17
3 29
3 37
3 43
3 51
3 53
3 75
3 86
3 88
3 91
3 100
3 102
3 116
3 137
3 142
3 144
3 170
3 182
3 203
3 205
3 244
3 386
3 664
3 745
3 880
3 903
3 911
3 978
3 991
4 5
4 6
4 9
4 10
4 11
4 15
4 17
4 19
4 22
4 23
4 24
4 25
4 34
4 37
4 49
4 52
4 54
4 56
4 61
4 65
4 71
4 72
4 79
4 84
4 85
4 95
4 96
4 98
4 101
4 105
4 107
4 108
4 109
4 110
4 113
4 117
4 121
4 129
4 135
4 138
4 139
4 141
4 143
4 145
4 151
4 157
4 171
4 173
4 175
4 176
4 177
4 179
4 183
4 190
4 192
4 194
4 196
4 197
4 200
4 203
4 234
4 261
4 265
4 289
4 356
4 411
4 448
4 469
4 501
4 588
4 597
4 611
4 702
4 728
4 750
4 795
4 808
4 815
4 823
4 888
4 948
4 952
4 957
4 970
4 971
4 992
5 6
5 32
5 53
5 89
5 111
5 123
5 140
5 170
5 200
5 338
5 699
5 859
5 951
5 967
5 975
5 976
6 7
6 9
6 12
6 14
6 15
6 16
6 19
6 25
6 29
6 30
6 51
6 70
6 72
6 74
6 82
6 87
6 100
6 116
6 153
6 155
6 162
6 171
6 174
6 184
6 188
6 205
6 208
6 236
6 258
6 309
6 344
6 371
6 384
6 387
6 419
6 423
6 434
6 456
6 473
6 485
6 490
6 503
6 505
6 511
6 515
6 561
6 587
6 610
6 633
6 648
6 707
6 773
6 821
6 827
6 829
6 851
6 855
6 913
6 942
6 949
6 982
6 988
6 989
6 995
6 80
6 8
6 11
6 64
7 12
7 20
7 40
7 119
7 604
7 646
7 80
7 91
7 11
7 17
7 32
7 41
7 45
7 116
8 23
8 27
8 32
8 48
8 133
8 323
8 984
8 91
8 9
8 11
8 13
8 14
8 16
8 17
8 20
8 21
8 24
8 25
8 35
8 36
8 44
8 47
8 52
8 92
8 138
9 14
9 26
9 44
9 68
9 363
9 480
9 575
9 30
9 48
9 129
10 14
10 25
10 40
10 154
10 571
10 605
10 726
10 881
10 921
10 80
10 11
10 13
10 16
10 18
10 24
10 38
10 42
10 43
10 46
10 53
10 61
10 89
11 13
11 31
11 35
11 50
11 55
11 56
11 109
11 134
11 214
11 219
11 287
11 306
11 352
11 506
11 632
11 705
11 766
11 860
11 923
11 15
11 37
11 43
11 58
11 71
11 80
11 88
11 101
12 18
12 19
12 349
12 486
12 585
12 167
13 24
13 55
13 56
13 90
13 147
13 161
13 186
13 189
13 235
13 240
13 247
13 292
13 321
13 326
13 331
13 364
13 385
13 393
13 424
13 465
13 528
13 554
13 560
13 562
13 583
13 684
13 685
13 819
13 825
13 910
13 925
13 996
13 998
13 16
13 27
14 40
14 86
14 158
14 195
14 237
14 693
15 167
15 378
15 193
16 518
16 99
17 21
17 23
17 26
17 37
17 39
17 43
17 45
17 51
17 57
17 59
17 61
17 69
17 101
17 104
17 116
17 120
17 128
17 169
17 187
17 193
17 222
17 250
17 255
17 295
17 357
17 388
17 407
17 421
17 497
17 580
17 629
17 709
17 730
17 738
17 757
17 775
17 781
17 787
17 794
17 798
17 820
17 889
17 890
17 897
17 936
17 939
17 959
17 19
17 36
17 40
17 50
17 56
17 129
18 54
18 76
19 20
19 22
19 40
19 102
19 284
19 414
19 491
19 522
19 717
20 70
20 111
20 400
20 549
20 552
20 909
20 31
20 35
20 49
20 53
20 83
20 126
20 148
20 153
21 34
21 412
21 740
21 91
21 30
21 66
21 81
21 82
21 122
22 33
22 36
22 46
22 59
22 60
22 61
22 65
22 75
22 79
22 97
22 124
22 150
22 171
22 185
22 198
22 210
22 282
22 319
22 365
22 391
22 397
22 399
22 405
22 475
22 523
22 530
22 555
22 564
22 603
22 628
22 642
22 661
22 753
22 785
22 790
22 899
22 900
22 904
22 905
22 918
22 950
22 986
22 996
22 999
22 80
23 27
23 28
23 178
23 367
23 508
23 765
24 148
24 190
24 225
24 271
24 272
24 317
24 435
24 466
24 573
24 830
24 977
24 29
24 41
24 57
24 58
24 117
24 118
24 127
24 196
25 77
25 93
25 452
25 48
26 39
26 41
26 42
26 58
26 87
26 122
26 154
26 158
26 168
26 246
26 248
26 390
26 394
26 420
26 422
26 444
26 482
26 521
26 591
26 595
26 623
26 660
26 694
26 725
26 834
26 915
26 935
26 937
26 958
26 997
26 80
26 141
27 39
27 69
27 76
27 127
27 380
27 596
27 31
27 36
27 42
27 44
27 50
27 54
27 74
27 75
27 102
27 103
27 115
27 134
28 206
28 439
28 557
29 93
29 195
29 262
29 440
29 450
29 546
29 683
29 777
29 803
29 844
29 871
29 974
29 53
30 33
30 36
30 38
30 60
30 78
30 99
30 103
30 106
30 113
30 157
30 186
30 203
30 232
30 233
30 303
30 340
30 348
30 370
30 392
30 426
30 471
30 478
30 484
30 489
30 510
30 529
30 530
30 531
30 537
30 572
30 600
30 647
30 675
30 698
30 733
30 734
30 756
30 762
30 763
30 801
30 807
30 839
30 873
30 928
30 968
30 49
30 71
30 72
30 95
30 97
30 147
31 73
31 347
31 598
31 34
31 40
31 60
31 81
31 87
31 105
31 106
31 144
32 45
32 48
32 49
32 172
32 178
32 278
32 315
32 330
32 541
32 739
32 760
32 861
33 35
33 36
33 79
33 81
33 111
33 145
33 218
33 350
33 933
34 41
34 329
34 713
34 761
34 51
34 71
35 47
35 56
35 75
35 81
35 179
35 263
35 270
35 300
35 430
35 487
35 525
35 578
35 586
35 589
35 606
35 614
35 634
35 764
35 831
35 885
35 85
35 90
35 97
36 124
36 145
36 618
36 638
36 732
36 46
36 54
36 55
36 61
36 64
37 46
37 52
37 57
37 63
37 71
37 80
37 139
37 181
37 221
37 279
37 281
37 310
37 335
37 337
37 445
37 456
37 501
37 526
37 536
37 607
37 612
37 654
37 665
37 672
37 797
37 814
37 828
37 846
37 872
37 877
39 41
39 67
39 112
39 130
39 252
39 724
39 727
39 767
39 858
39 956
40 44
40 73
40 95
40 101
40 165
40 181
40 239
40 297
40 316
40 413
40 454
40 579
40 616
40 631
40 677
40 714
40 751
40 778
40 780
40 818
40 820
40 848
40 886
40 907
40 986
40 62
41 69
41 168
41 169
41 217
41 459
41 476
41 488
41 620
41 770
41 934
42 299
42 116
42 128
42 142
42 152
43 68
43 86
43 91
43 115
43 245
43 249
43 374
43 396
43 493
43 505
43 512
43 527
43 651
43 695
43 796
43 922
43 962
43 76
43 89
43 111
44 58
44 843
44 954
44 973
44 50
44 63
44 92
44 144
45 48
45 59
45 131
45 351
45 509
45 577
45 640
45 736
45 789
45 822
45 826
45 73
46 201
46 308
46 621
46 650
46 689
46 891
47 960
47 135
47 203
48 67
48 76
48 133
48 227
48 304
48 460
48 682
48 718
49 67
49 105
49 122
49 152
49 186
49 224
49 302
49 657
49 833
49 78
49 102
49 159
50 213
50 635
50 776
50 946
50 70
51 613
51 813
52 61
52 62
52 76
52 98
52 104
52 311
52 433
52 516
52 649
52 667
52 700
52 802
52 938
52 955
52 966
52 972
53 74
53 97
53 163
53 120
53 141
54 55
54 101
55 64
55 118
55 382
55 582
55 98
56 114
56 117
56 126
56 266
56 273
56 346
56 366
56 372
56 432
56 514
56 528
56 744
56 853
56 901
56 947
56 964
56 105
57 553
58 545
58 800
59 70
59 277
59 298
59 368
59 472
59 483
59 837
59 940
59 943
60 355
60 112
60 164
61 90
61 94
61 109
61 123
61 134
61 191
61 196
61 209
61 238
61 269
61 403
61 436
61 446
61 499
61 592
61 608
61 619
61 624
61 659
61 681
61 690
61 692
61 703
61 711
61 714
61 721
61 747
61 782
61 809
61 841
61 850
61 857
61 865
61 896
61 908
61 919
61 932
61 977
61 62
61 70
61 108
61 131
61 150
62 343
62 349
62 415
62 558
62 695
62 832
62 930
62 104
63 254
63 453
63 637
63 869
63 96
63 132
63 138
64 194
64 341
64 354
64 362
64 401
64 507
64 513
64 550
64 627
64 653
64 810
64 878
64 879
64 965
64 980
64 83
64 136
64 139
65 78
65 118
65 155
65 181
65 212
65 291
65 327
65 440
65 544
65 574
65 599
65 671
65 697
65 779
65 784
65 804
66 519
66 551
66 569
66 979
66 80
66 91
66 135
66 149
67 122
67 136
67 788
67 875
68 93
68 594
68 912
68 80
68 204
69 854
70 94
70 211
70 442
70 566
70 147
71 135
71 158
71 264
72 334
72 353
72 402
72 556
72 652
72 868
72 883
72 944
73 77
73 163
73 191
73 204
73 216
73 418
73 643
73 769
73 791
73 931
74 125
74 155
74 182
74 184
74 231
74 271
74 498
74 786
74 866
75 83
75 159
75 180
75 241
75 256
75 373
75 447
75 538
75 547
75 656
75 720
75 84
75 110
76 242
76 474
78 914
78 155
79 92
79 723
79 953
80 176
80 139
81 438
81 494
81 542
81 639
82 86
82 124
82 136
83 159
83 180
83 318
83 324
83 406
83 581
83 662
83 669
83 678
83 892
83 119
84 644
85 173
86 895
86 945
86 184
87 396
88 147
88 220
88 427
88 517
88 525
88 792
88 816
88 91
88 90
89 99
89 124
89 164
89 189
89 290
89 687
89 754
89 774
89 112
89 117
90 130
91 136
91 185
91 215
91 328
91 563
91 840
91 126
91 198
92 615
92 793
92 993
92 180
93 149
93 203
93 229
93 288
93 312
93 389
93 429
93 443
93 449
93 467
93 583
93 610
93 715
93 716
93 759
93 768
93 799
93 849
93 924
93 926
93 963
94 156
94 314
94 812
94 987
95 275
95 353
95 371
95 441
95 626
95 887
95 990
96 320
96 929
97 99
97 104
97 105
97 145
97 149
97 151
98 359
98 975
99 276
99 817
100 504
101 663
101 113
101 140
103 106
103 123
104 183
104 496
104 558
104 708
105 260
105 455
105 666
105 755
105 107
105 114
105 148
106 961
107 141
108 202
108 333
108 416
108 437
108 458
108 470
108 492
108 655
108 673
108 696
108 710
108 735
108 838
108 870
108 985
109 190
109 550
110 182
110 313
110 345
110 559
110 742
110 124
110 197
111 294
111 296
111 601
111 752
111 175
111 179
112 468
112 676
112 178
113 176
113 237
113 741
114 125
114 230
114 398
114 404
114 457
114 534
114 688
114 893
114 127
116 524
116 149
117 122
117 166
118 409
118 758
118 805
119 146
119 722
119 174
120 540
120 864
120 882
121 369
121 845
122 267
122 520
122 680
122 824
122 862
124 339
124 543
124 630
124 706
126 136
126 143
126 361
126 576
126 746
126 811
126 916
126 917
126 998
127 994
128 155
128 806
128 941
128 163
129 376
129 451
129 570
129 923
129 927
129 154
130 152
131 381
131 670
131 884
132 675
133 679
134 191
135 223
135 259
135 274
135 358
135 464
135 477
135 641
135 741
135 749
135 842
135 874
135 155
136 268
136 408
137 428
137 479
137 748
137 836
137 876
137 898
139 264
139 325
139 335
139 377
139 609
139 658
139 771
139 867
140 257
140 593
140 143
143 166
143 293
143 333
143 425
143 622
143 902
144 535
144 590
144 181
145 202
145 228
145 548
145 584
145 645
145 723
145 928
147 431
147 567
147 894
148 186
148 192
150 179
150 532
150 628
150 737
151 177
151 283
151 395
151 533
151 674
151 719
151 822
152 495
152 981
153 165
154 322
154 821
154 906
155 156
155 307
155 852
157 159
182 197
