0 1
0 2
0 3
0 5
0 13
0 20
0 29
0 33
0 35
0 49
0 52
0 53
0 54
0 56
0 57
0 59
0 60
0 69
0 72
0 75
0 79
0 83
0 84
0 88
0 89
0 91
0 95
0 101
0 105
0 106
0 109
0 110
0 112
0 113
0 114
0 120
0 122
0 125
0 130
0 132
0 134
0 142
0 143
0 145
0 158
0 166
0 176
0 177
0 201
0 202
0 222
0 238
0 253
0 273
0 446
0 472
0 487
0 512
0 528
0 564
0 585
0 591
0 610
0 617
0 622
0 663
0 670
0 674
0 684
0 692
0 696
0 701
0 705
0 752
0 765
0 790
0 796
0 799
0 853
0 866
0 886
0 924
0 970
0 975
0 980
1 2
1 3
1 6
1 10
1 11
1 17
1 22
1 28
1 39
1 45
1 55
1 68
1 69
1 70
1 71
1 75
1 76
1 82
1 83
1 86
1 87
1 96
1 110
1 116
1 120
1 121
1 127
1 132
1 135
1 145
1 147
1 152
1 156
1 161
1 167
1 173
1 175
1 176
1 180
1 190
1 191
1 197
1 234
1 243
1 262
1 283
1 302
1 355
1 356
1 439
1 464
1 546
1 556
1 592
1 667
1 716
1 722
1 748
1 755
1 835
1 839
1 843
1 868
1 885
1 903
1 922
1 951
1 963
1 965
2 3
2 4
2 5
2 6
2 13
2 14
2 30
2 37
2 53
2 59
2 64
2 68
2 75
2 100
2 106
2 108
2 110
2 117
2 119
2 130
2 134
2 168
2 169
2 179
2 196
2 212
2 296
2 363
2 410
2 436
2 525
2 540
2 648
2 660
2 779
2 787
2 788
2 847
2 876
2 882
2 893
2 941
2 966
3 5
3 7
3 12
3 15
3 22
3 24
3 35
3 41
3 43
3 44
3 47
3 55
3 58
3 64
3 69
3 74
3 79
3 87
3 90
3 100
3 102
3 108
3 112
3 118
3 121
3 123
3 126
3 131
3 138
3 146
3 153
3 158
3 159
3 162
3 163
3 165
3 168
3 170
3 171
3 173
3 176
3 180
3 183
3 186
3 190
3 200
3 203
3 223
3 232
3 268
3 271
3 310
3 317
3 326
3 327
3 358
3 388
3 397
3 398
3 408
3 469
3 499
3 539
3 544
3 579
3 583
3 618
3 625
3 629
3 631
3 633
3 689
3 707
3 720
3 727
3 739
3 740
3 743
3 747
3 772
3 778
3 834
3 838
3 855
3 861
3 863
3 871
3 904
3 910
3 952
3 956
3 978
3 994
4 5
4 21
5 8
5 9
5 12
5 21
5 27
5 31
5 32
5 35
5 38
5 45
5 46
5 60
5 61
5 86
5 111
5 124
5 163
5 177
5 182
5 195
5 225
5 256
5 304
5 305
5 318
5 344
5 352
5 372
5 380
5 424
5 521
5 545
5 640
5 698
5 708
5 776
5 784
5 787
5 852
5 943
5 969
5 119
5 144
5 7
5 11
5 13
5 20
5 23
5 33
5 36
5 56
5 58
5 59
5 115
5 116
5 125
6 12
6 112
6 219
6 279
6 721
6 915
6 934
6 144
6 9
6 10
6 15
6 45
6 132
6 138
7 8
7 9
7 10
7 16
7 61
7 67
7 92
7 100
7 128
7 136
7 156
7 178
7 239
7 242
7 354
7 366
7 655
7 840
7 936
7 119
7 12
7 28
7 113
8 60
8 393
8 497
8 507
8 144
8 20
8 25
8 70
8 72
8 73
8 123
8 145
8 148
8 150
9 78
9 92
9 160
9 199
9 328
9 421
9 473
9 500
9 522
9 538
9 616
9 713
9 768
9 786
9 856
9 857
9 862
9 884
9 895
9 911
9 982
9 993
9 169
10 11
10 14
10 15
10 16
10 18
10 25
10 33
10 36
10 44
10 50
10 55
10 61
10 65
10 66
10 70
10 73
10 76
10 80
10 115
10 116
10 125
10 126
10 132
10 136
10 141
10 147
10 163
10 174
10 182
10 189
10 193
10 203
10 227
10 257
10 263
10 289
10 331
10 373
10 385
10 414
10 425
10 432
10 440
10 450
10 463
10 476
10 486
10 493
10 511
10 516
10 526
10 532
10 570
10 584
10 620
10 626
10 647
10 754
10 770
10 792
10 810
10 833
10 860
10 863
10 869
10 872
10 910
10 912
10 929
10 935
10 949
10 961
10 972
10 976
10 989
10 22
10 85
11 15
11 41
11 49
11 144
11 730
11 874
11 14
11 31
12 28
12 29
12 34
12 46
12 77
12 137
12 169
12 173
12 175
12 230
12 301
12 324
12 325
12 359
12 365
12 376
12 382
12 477
12 503
12 522
12 542
12 555
12 558
12 574
12 609
12 619
12 638
12 673
12 677
12 699
12 702
12 750
12 858
12 901
12 916
12 920
12 951
12 144
12 13
12 21
12 32
12 76
12 83
12 89
12 96
12 106
12 131
13 23
13 121
13 821
13 14
13 102
13 133
14 32
14 128
14 403
14 479
14 482
14 524
14 671
14 817
14 891
14 925
14 34
14 49
14 59
15 16
15 19
15 26
15 49
15 56
15 236
15 456
15 488
15 554
15 814
15 838
15 990
15 43
15 62
16 19
16 24
16 32
16 80
16 92
16 187
16 329
16 392
16 415
16 423
16 442
16 557
16 569
16 611
16 690
16 706
16 711
16 726
16 728
16 733
16 815
16 933
16 948
16 958
16 981
16 988
17 154
17 387
17 715
17 908
17 917
17 160
19 56
19 118
19 174
19 502
19 529
19 666
20 49
20 64
20 93
20 95
20 97
20 103
20 109
20 119
20 140
21 25
21 40
21 48
21 67
21 72
21 93
21 133
21 245
21 313
21 737
21 928
21 119
21 88
21 162
22 24
22 42
22 84
22 195
22 210
22 298
22 407
22 454
22 483
22 582
22 604
22 634
22 676
22 802
22 804
22 842
22 119
22 29
22 34
22 50
22 61
22 74
22 117
22 146
22 149
23 197
23 201
23 250
23 995
24 390
24 571
24 652
24 661
24 678
24 738
24 873
24 144
24 31
24 54
24 112
24 121
24 127
24 137
25 30
25 31
25 43
25 277
25 339
25 374
25 470
25 492
25 581
25 590
25 745
25 782
25 825
25 899
25 184
26 29
26 34
26 37
26 50
26 65
26 83
26 94
26 107
26 112
26 115
26 142
26 154
26 172
26 191
26 214
26 228
26 249
26 261
26 264
26 265
26 292
26 325
26 364
26 412
26 444
26 460
26 474
26 531
26 537
26 550
26 553
26 624
26 630
26 637
26 651
26 687
26 699
26 724
26 761
26 805
26 812
26 813
26 836
26 878
26 880
26 906
26 988
26 992
26 119
26 85
27 48
27 67
27 86
27 102
27 133
27 175
27 337
27 367
27 434
27 561
27 643
27 888
28 77
28 199
28 247
28 405
28 38
28 129
29 98
29 691
29 144
29 51
30 38
30 587
30 662
30 945
31 34
31 40
31 53
31 57
31 69
31 122
31 165
31 291
31 498
31 560
31 567
31 598
31 601
31 669
31 686
31 697
31 700
31 763
31 767
31 822
31 823
31 864
31 867
31 898
31 934
31 944
31 986
31 987
31 991
31 43
31 77
31 98
31 124
31 134
32 61
32 66
32 92
32 124
32 195
32 215
32 311
32 350
32 479
32 511
32 519
32 559
32 575
32 799
32 800
32 53
32 76
33 117
33 642
34 137
34 233
34 287
34 360
34 368
34 378
34 435
34 451
34 474
34 572
34 596
34 747
34 806
34 841
34 849
34 892
34 964
34 967
34 144
34 42
34 46
34 80
34 130
35 42
35 47
35 93
35 149
35 171
35 198
35 252
35 281
35 307
35 322
35 370
35 422
35 445
35 458
35 513
35 565
35 576
35 593
35 751
35 774
35 798
35 832
35 859
35 919
35 938
35 955
36 119
36 144
36 59
36 64
36 80
36 96
36 107
36 114
36 118
36 120
36 181
37 44
37 80
37 192
37 282
37 320
37 336
37 338
37 412
37 427
37 468
37 753
37 822
37 921
38 39
38 63
38 129
38 157
38 168
38 216
38 217
38 218
38 351
38 370
38 462
38 547
38 775
38 973
38 47
38 55
38 60
39 54
39 985
39 200
40 62
40 101
40 107
40 338
40 343
40 391
40 400
40 541
40 683
40 777
40 923
40 930
40 947
41 42
41 46
41 65
41 88
41 130
41 251
41 275
41 284
41 342
41 346
41 394
41 494
41 520
41 563
41 599
41 675
41 795
41 879
41 977
42 81
42 188
42 316
42 509
42 701
42 709
42 710
42 837
42 918
42 44
43 127
43 146
43 314
43 49
43 67
43 139
43 141
43 148
43 177
44 91
44 103
44 144
44 181
44 192
44 446
44 448
44 614
46 51
46 312
46 321
46 420
46 484
46 508
46 644
46 670
46 695
46 725
46 729
46 741
46 742
46 791
46 883
46 966
46 186
47 51
47 71
47 109
47 139
47 231
47 295
47 345
47 472
47 649
47 56
48 113
48 114
48 146
48 224
48 411
48 979
48 144
49 258
49 471
49 514
49 564
49 764
49 850
49 50
49 70
49 108
49 127
49 139
50 74
50 144
50 63
50 77
50 78
50 99
51 95
51 97
51 150
51 206
53 57
53 896
53 117
54 72
55 680
55 797
55 819
56 877
56 57
56 147
57 127
57 129
57 133
57 145
57 200
57 270
57 718
57 736
57 144
58 84
58 85
58 153
58 208
58 286
59 116
59 485
59 628
59 664
59 78
60 82
60 744
60 119
60 124
61 613
61 780
61 830
61 130
63 204
63 679
63 719
63 946
64 94
64 118
64 144
64 174
64 266
64 294
64 379
64 688
64 126
65 68
65 70
65 158
66 632
66 144
67 173
67 300
67 333
67 401
67 454
67 548
67 600
67 756
67 983
67 996
68 96
68 562
68 657
68 816
68 870
69 169
69 269
69 408
69 902
69 144
70 209
70 769
70 904
70 153
71 241
71 757
72 237
72 603
72 865
73 103
73 332
73 428
73 430
73 645
73 771
73 939
73 149
74 146
75 85
75 88
75 89
75 97
75 99
75 104
75 139
75 162
75 235
75 267
75 274
75 371
75 377
75 406
75 417
75 437
75 467
75 475
75 501
75 517
75 543
75 549
75 607
75 612
75 636
75 641
75 654
75 656
75 665
75 668
75 672
75 685
75 723
75 731
75 742
75 749
75 781
75 808
75 811
75 905
75 913
75 931
75 953
75 959
75 997
76 191
76 280
76 568
76 630
76 820
76 122
76 187
77 466
77 578
77 98
78 93
78 94
79 140
79 824
79 828
80 254
80 974
80 105
80 144
80 159
81 89
81 90
81 303
81 510
81 704
81 712
81 793
81 197
82 141
82 211
82 240
82 426
83 94
84 89
84 97
84 99
84 151
84 152
84 155
84 194
84 573
84 580
84 615
84 762
84 937
84 119
85 429
85 998
85 194
86 93
86 205
86 221
86 433
86 594
86 627
86 962
88 135
88 155
88 267
88 381
88 384
88 399
88 465
88 495
88 577
88 818
88 881
89 551
89 113
90 489
90 144
91 461
92 182
92 184
92 244
92 851
92 971
93 347
93 357
94 172
94 193
94 523
94 595
94 693
94 746
95 984
96 192
96 229
96 453
96 759
96 789
96 144
96 101
96 104
97 197
97 198
97 566
97 773
97 894
97 119
97 143
97 185
98 646
98 848
99 135
99 188
99 803
99 807
99 907
101 137
101 455
101 753
101 139
101 152
102 104
102 157
102 164
102 201
102 255
102 276
102 309
102 319
102 443
102 504
102 527
102 602
102 766
102 875
102 900
102 968
102 119
103 193
105 290
105 340
105 418
106 162
106 190
106 216
106 552
106 659
106 694
106 766
106 942
106 144
107 183
107 116
108 143
108 144
109 185
109 194
109 306
109 334
109 361
109 459
109 623
109 653
109 681
110 801
111 846
112 148
112 353
112 360
112 395
112 478
112 505
112 606
112 927
112 136
113 155
113 809
114 119
115 999
115 144
116 447
116 734
116 827
117 125
117 189
117 220
117 272
117 533
117 586
117 831
117 141
117 145
117 174
118 650
118 191
119 135
120 159
120 180
120 330
120 413
121 438
121 954
122 382
124 141
124 278
124 341
124 416
125 362
125 608
125 950
125 192
126 167
126 178
126 226
126 491
126 621
126 783
127 248
127 932
128 404
128 167
129 914
130 259
130 375
130 383
130 386
130 703
130 714
130 785
132 293
132 315
132 348
132 402
132 449
132 506
132 518
132 530
132 534
132 561
132 588
132 597
132 726
132 759
132 760
132 826
132 909
132 960
133 299
133 536
135 176
135 207
135 658
135 732
135 196
136 349
136 452
136 535
136 624
136 899
136 926
137 165
137 246
137 887
137 889
137 940
138 150
138 188
138 369
138 717
138 829
138 890
138 144
138 198
139 140
139 185
139 308
139 396
139 480
140 148
140 153
140 490
140 496
140 845
140 149
141 323
141 409
141 635
142 297
142 605
143 202
143 288
143 457
143 794
143 957
146 335
147 897
148 259
148 419
148 431
148 481
148 758
148 844
148 854
149 634
149 176
150 260
150 589
150 639
150 682
151 285
151 389
151 441
151 188
153 213
153 515
153 735
164 173
168 200
