0 1
0 2
0 3
0 4
0 5
0 11
0 31
0 33
0 44
0 48
0 66
0 76
0 84
0 94
0 112
0 129
0 132
0 143
0 144
0 185
0 192
0 451
0 670
1 2
1 3
1 4
1 5
1 8
1 13
1 21
1 27
1 32
1 41
1 47
1 52
1 54
1 58
1 60
1 61
1 76
1 82
1 93
1 120
1 134
1 136
1 140
1 142
1 144
1 145
1 148
1 165
1 189
1 191
1 205
1 245
1 275
1 417
1 425
1 452
1 544
1 553
1 557
1 581
1 583
1 640
1 655
1 667
1 814
1 831
1 832
1 845
1 878
1 885
1 919
1 969
2 3
2 4
2 5
2 6
2 12
2 17
2 18
2 19
2 20
2 27
2 33
2 34
2 36
2 38
2 41
2 44
2 46
2 48
2 50
2 54
2 55
2 66
2 69
2 93
2 97
2 98
2 104
2 106
2 111
2 112
2 114
2 117
2 147
2 151
2 154
2 158
2 161
2 162
2 174
2 189
2 191
2 192
2 203
2 205
2 271
2 287
2 289
2 320
2 479
2 509
2 537
2 603
2 660
2 662
2 795
2 813
2 820
2 835
2 849
2 872
2 881
2 905
2 935
2 946
2 954
3 4
3 5
3 9
3 11
3 14
3 15
3 38
3 64
3 68
3 70
3 72
3 73
3 85
3 90
3 92
3 96
3 98
3 99
3 102
3 137
3 141
3 142
3 148
3 153
3 155
3 156
3 157
3 158
3 177
3 197
3 230
3 270
3 354
3 388
3 404
3 437
3 459
3 497
3 535
3 546
3 602
3 619
3 629
3 681
3 731
3 793
3 944
3 991
4 5
4 9
4 10
4 11
4 12
4 18
4 20
4 21
4 22
4 27
4 28
4 29
4 30
4 36
4 41
4 43
4 44
4 48
4 50
4 55
4 65
4 73
4 77
4 79
4 80
4 87
4 90
4 97
4 100
4 107
4 110
4 118
4 122
4 125
4 126
4 135
4 136
4 138
4 140
4 143
4 145
4 146
4 151
4 155
4 159
4 161
4 163
4 165
4 174
4 179
4 180
4 181
4 185
4 187
4 191
4 192
4 193
4 194
4 195
4 203
4 263
4 303
4 384
4 398
4 410
4 424
4 427
4 466
4 494
4 534
4 540
4 551
4 576
4 591
4 618
4 639
4 663
4 688
4 752
4 864
4 915
4 932
4 977
4 981
5 11
5 13
5 16
5 20
5 22
5 43
5 56
5 83
5 84
5 90
5 91
5 97
5 99
5 102
5 104
5 107
5 111
5 116
5 121
5 125
5 126
5 137
5 138
5 152
5 177
5 179
5 199
5 202
5 219
5 293
5 305
5 456
5 493
5 519
5 604
5 680
5 692
5 710
5 782
5 895
5 926
5 965
5 971
6 7
6 14
6 37
6 39
6 63
6 101
6 119
6 139
6 312
6 321
6 447
6 453
6 487
6 498
6 599
6 621
6 756
6 117
6 71
6 10
6 34
6 45
7 17
7 36
7 39
7 82
7 138
7 117
7 22
7 28
7 48
7 53
8 16
8 716
8 966
9 21
9 28
9 35
9 46
9 59
9 197
9 236
9 290
9 389
9 394
9 536
9 585
9 747
9 778
9 927
9 205
10 30
10 117
10 71
10 13
10 14
10 29
10 37
10 44
10 48
10 77
10 79
10 94
10 99
10 150
11 19
11 26
11 126
11 150
11 477
11 491
11 820
11 829
12 34
12 210
12 571
12 780
12 946
12 117
13 19
13 21
13 27
13 29
13 32
13 35
13 46
13 50
13 51
13 54
13 61
13 75
13 80
13 87
13 88
13 107
13 166
13 168
13 188
13 208
13 221
13 252
13 279
13 298
13 370
13 379
13 418
13 426
13 521
13 530
13 554
13 561
13 608
13 625
13 691
13 711
13 811
13 812
13 815
13 816
13 827
13 912
13 920
13 921
13 938
13 958
13 968
13 117
13 17
13 28
13 30
13 41
13 82
13 125
13 142
14 17
14 119
14 141
14 233
14 684
14 836
14 21
14 105
14 111
15 20
15 24
15 160
15 171
15 311
15 367
15 541
15 652
15 963
16 74
16 206
16 235
16 317
16 117
17 42
17 73
17 149
17 182
17 273
17 366
17 587
17 721
17 870
17 18
17 34
17 43
17 54
17 86
17 87
17 90
17 120
17 132
17 135
17 137
17 147
18 23
18 30
18 57
18 62
18 117
18 153
18 341
18 444
18 496
18 500
18 525
18 624
18 698
18 703
18 765
18 802
18 939
18 26
18 32
18 68
18 72
18 78
19 31
19 61
19 72
19 83
19 86
19 93
19 150
19 307
19 460
19 490
19 501
19 513
19 751
19 794
19 931
19 970
19 972
20 24
20 37
20 45
20 52
20 53
20 77
20 91
20 105
20 127
20 135
20 159
20 171
20 175
20 223
20 344
20 347
20 348
20 421
20 455
20 469
20 617
20 678
20 696
20 722
20 762
20 789
20 796
20 893
20 117
20 93
20 106
20 110
21 32
21 35
21 68
21 75
21 87
21 100
21 105
21 196
21 201
21 225
21 259
21 329
21 345
21 562
21 725
21 740
21 785
21 945
21 947
21 992
22 316
22 987
22 40
22 41
22 77
22 96
22 117
22 125
22 142
23 25
23 44
23 660
23 668
23 724
23 117
24 53
24 77
24 174
24 347
24 807
24 862
24 117
24 25
24 29
24 43
24 47
24 81
24 116
25 40
25 53
25 64
25 71
25 74
25 100
25 129
25 150
25 154
25 175
25 186
25 264
25 288
25 296
25 332
25 339
25 387
25 408
25 435
25 486
25 517
25 532
25 538
25 575
25 597
25 611
25 622
25 637
25 672
25 686
25 687
25 735
25 741
25 772
25 776
25 821
25 854
25 858
25 860
25 886
25 896
25 910
25 917
25 934
25 937
25 948
25 951
25 955
25 976
25 994
25 996
26 31
26 226
26 249
26 374
26 393
26 596
26 712
26 718
26 728
26 760
26 832
26 999
26 30
26 35
26 47
26 64
26 195
27 45
27 105
27 145
27 194
27 282
27 429
27 495
27 533
27 559
27 689
27 988
28 269
28 335
28 349
28 403
28 582
28 677
28 715
28 806
28 837
28 871
28 973
28 87
29 67
29 93
29 111
29 307
29 548
29 585
29 675
29 838
29 983
29 32
29 36
29 40
29 85
29 101
29 122
29 143
30 70
30 106
30 614
30 962
30 43
30 50
30 52
30 190
31 941
31 117
31 42
31 130
31 152
32 650
32 913
32 81
32 85
32 93
33 81
33 89
33 92
33 164
33 172
33 729
33 925
34 254
34 777
34 68
34 94
34 98
34 104
34 121
34 126
34 128
35 781
36 37
36 42
36 141
36 170
36 182
36 261
36 378
36 412
36 857
36 867
36 50
36 67
36 86
36 87
36 92
36 132
36 144
37 43
37 85
37 91
37 122
37 182
37 202
37 224
37 247
37 262
37 322
37 360
37 386
37 409
37 431
37 481
37 539
37 555
37 738
37 746
37 759
37 858
37 892
37 916
37 940
37 132
38 154
38 232
38 299
38 770
39 333
39 589
39 117
40 89
40 286
40 430
40 117
40 57
40 65
40 70
40 74
40 88
40 109
40 119
40 129
41 281
41 304
41 526
41 792
41 922
42 109
42 207
42 256
42 503
42 556
42 644
42 649
42 889
42 117
42 44
42 62
42 71
43 96
43 463
43 658
43 775
43 841
43 49
43 58
43 80
43 162
44 62
44 66
44 103
44 250
44 278
44 291
44 464
44 480
44 523
44 590
44 609
45 201
45 620
45 844
45 869
45 65
45 112
45 131
45 174
46 173
46 574
46 677
46 749
46 964
47 49
47 433
47 902
47 151
48 241
48 887
48 56
48 83
49 568
49 708
49 742
49 856
49 149
49 176
50 94
50 120
50 217
50 358
50 368
50 897
50 911
50 72
51 123
51 156
51 181
51 248
51 372
51 443
51 612
51 673
51 117
52 294
52 488
52 826
53 56
53 127
53 169
53 193
53 239
53 300
53 400
53 402
53 638
53 888
53 952
53 121
54 65
54 71
54 84
54 166
54 242
55 67
55 83
55 277
55 516
55 654
55 989
55 993
58 60
58 63
58 101
58 116
58 118
58 183
58 244
58 246
58 323
58 324
58 343
58 353
58 422
58 484
58 485
58 565
58 586
58 713
58 754
58 803
58 918
58 959
58 138
59 68
60 90
60 101
60 112
60 121
60 128
60 319
60 117
60 65
60 74
60 78
60 84
60 104
60 113
60 115
61 528
61 168
62 260
62 520
62 542
62 693
63 85
64 69
64 283
64 726
64 758
64 797
64 942
64 117
64 154
65 136
65 326
65 593
65 595
65 695
65 809
66 74
66 82
66 216
66 411
66 616
66 641
66 676
66 697
66 846
66 117
66 73
67 168
67 192
67 308
67 337
67 564
67 615
67 818
67 882
67 899
67 83
67 102
67 119
67 150
68 674
70 178
70 810
70 72
70 116
70 177
71 113
71 601
71 800
71 834
71 975
71 130
73 78
73 94
73 117
73 106
73 131
74 164
74 203
74 301
74 391
74 669
74 96
74 117
74 186
75 115
75 180
75 199
75 350
75 510
75 626
76 179
76 499
76 682
76 953
77 103
77 193
77 220
77 732
77 736
77 745
77 786
78 82
78 143
78 148
79 109
79 985
79 117
79 145
80 95
80 158
80 211
80 251
80 324
80 580
80 646
80 666
80 771
80 804
80 823
80 847
80 853
80 982
80 192
81 88
81 100
82 101
82 114
82 125
82 131
82 150
82 152
82 165
82 222
82 318
82 323
82 352
82 356
82 381
82 407
82 531
82 578
82 594
82 633
82 645
82 665
82 733
82 755
82 766
82 877
82 979
83 218
83 237
83 280
83 739
83 879
83 930
84 527
84 529
84 791
84 997
85 102
85 175
85 204
85 334
85 342
85 385
85 397
85 401
85 439
85 458
85 471
85 473
85 478
85 524
85 547
85 572
85 720
85 748
85 761
85 768
85 842
85 850
85 865
85 901
85 924
85 928
86 88
86 355
86 744
87 179
89 190
89 468
89 798
90 96
90 139
90 147
90 274
90 449
90 472
91 127
91 159
91 160
91 204
91 227
91 382
91 383
91 461
91 483
91 545
91 632
91 643
91 685
91 763
91 769
91 880
91 986
91 117
92 107
93 530
93 635
93 704
93 861
93 875
93 883
93 950
94 310
94 330
94 440
94 549
94 569
94 719
94 743
94 764
94 876
95 419
95 767
95 927
95 929
95 117
95 122
95 147
96 121
96 125
96 228
96 261
96 267
96 338
96 357
96 373
96 434
96 462
96 475
96 504
96 518
96 560
96 630
96 656
96 690
96 707
96 773
96 839
96 873
96 984
96 117
96 152
97 238
97 331
97 363
97 465
97 117
98 246
98 340
98 489
98 552
98 664
98 783
98 117
98 170
99 801
100 129
100 464
100 606
100 651
100 657
100 709
100 828
100 894
100 995
100 998
101 474
101 659
102 215
102 292
102 415
102 487
102 707
103 177
103 195
103 253
103 302
103 328
103 359
103 369
103 371
103 438
103 492
103 515
103 588
103 591
103 607
103 700
103 774
103 779
103 859
103 943
103 960
104 423
104 579
104 647
104 833
104 900
105 108
105 123
105 130
105 214
105 257
105 265
105 284
105 395
105 420
105 442
105 445
105 517
105 522
105 566
105 727
105 730
105 750
105 822
105 866
105 906
105 914
105 933
106 133
107 113
107 137
107 276
107 380
107 512
107 636
107 972
108 714
109 128
110 299
110 390
110 416
110 467
110 661
110 683
110 793
110 830
110 978
111 961
111 166
111 181
112 124
112 170
112 184
112 213
112 306
112 432
112 446
112 451
112 513
112 514
112 567
112 592
112 631
112 642
112 737
112 757
112 808
112 825
112 840
112 848
112 967
112 202
114 133
114 753
114 117
114 143
115 117
116 243
116 405
116 454
116 550
116 648
117 134
117 361
117 365
117 448
117 623
117 706
117 138
117 151
117 154
118 146
118 346
118 799
118 201
119 364
121 139
121 505
121 134
122 187
122 679
122 175
123 143
123 146
123 176
123 183
123 198
123 285
123 584
123 734
123 787
124 843
125 450
125 731
126 628
127 159
128 229
128 543
128 784
129 186
129 819
130 701
130 863
130 921
130 974
131 153
131 200
131 268
131 486
131 563
131 790
131 868
131 898
132 558
132 139
133 200
135 187
136 258
136 309
136 375
136 482
136 511
136 855
136 884
137 476
138 139
138 295
138 297
138 314
138 396
138 406
138 506
138 508
138 577
138 627
138 653
138 817
138 907
138 172
139 231
139 184
140 441
140 570
141 167
141 351
141 457
141 600
141 671
141 957
141 990
142 313
142 805
142 923
143 155
143 613
143 956
143 153
144 160
144 168
144 315
144 399
144 414
144 717
144 834
144 888
144 891
145 157
145 185
145 272
145 507
145 788
145 158
146 413
146 428
146 702
146 723
146 904
146 949
146 156
147 852
148 392
148 598
148 634
148 193
150 178
150 234
150 362
150 374
150 376
150 436
150 903
150 936
151 160
151 209
151 212
151 255
151 266
151 325
151 470
151 573
151 605
151 694
151 699
151 705
151 750
151 762
151 824
151 874
151 890
151 908
151 909
151 980
152 851
153 327
153 336
154 240
154 377
154 502
154 610
154 860
154 962
154 155
154 164
159 195
166 192
