0 1
0 2
0 3
0 4
0 10
0 12
0 15
0 20
0 24
0 25
0 33
0 46
0 48
0 57
0 59
0 60
0 70
0 74
0 78
0 93
0 97
0 105
0 107
0 128
0 137
0 155
0 163
0 165
0 171
0 175
0 184
0 188
0 190
0 236
0 276
0 285
0 367
0 397
0 495
0 497
0 580
0 603
0 607
0 617
0 741
0 826
0 834
0 855
0 917
0 962
0 991
0 993
1 2
1 3
1 4
1 5
1 6
1 10
1 14
1 15
1 27
1 28
1 32
1 35
1 40
1 50
1 56
1 58
1 63
1 66
1 68
1 73
1 75
1 76
1 77
1 79
1 80
1 83
1 85
1 86
1 89
1 93
1 96
1 98
1 99
1 104
1 105
1 106
1 108
1 109
1 110
1 121
1 123
1 124
1 125
1 127
1 128
1 129
1 135
1 141
1 142
1 149
1 152
1 154
1 156
1 160
1 163
1 173
1 177
1 178
1 180
1 185
1 196
1 197
1 202
1 203
1 204
1 265
1 270
1 280
1 347
1 352
1 356
1 361
1 387
1 409
1 427
1 490
1 499
1 519
1 530
1 534
1 542
1 543
1 549
1 558
1 590
1 604
1 611
1 627
1 646
1 662
1 680
1 775
1 807
1 864
1 873
1 886
1 904
1 908
1 911
1 914
1 923
1 966
1 978
2 3
2 4
2 6
2 8
2 10
2 21
2 37
2 38
2 78
2 79
2 81
2 82
2 88
2 102
2 103
2 105
2 124
2 143
2 150
2 152
2 171
2 176
2 182
2 183
2 184
2 185
2 191
2 192
2 200
2 204
2 412
2 496
2 847
2 922
2 934
3 4
3 5
3 9
3 19
3 21
3 25
3 27
3 29
3 32
3 34
3 43
3 46
3 57
3 61
3 64
3 66
3 68
3 69
3 73
3 81
3 83
3 85
3 87
3 93
3 94
3 95
3 100
3 119
3 125
3 126
3 138
3 142
3 147
3 150
3 153
3 174
3 175
3 178
3 181
3 193
3 197
3 199
3 266
3 479
3 501
3 504
3 513
3 544
3 557
3 631
3 683
3 690
3 720
3 756
3 833
3 835
3 884
3 955
3 989
4 51
4 55
4 86
4 87
4 116
4 122
4 136
4 139
4 149
4 156
4 164
4 181
4 193
4 280
4 304
4 354
4 390
4 487
4 508
4 510
4 684
4 718
4 765
4 883
4 892
4 909
4 943
4 949
5 7
5 52
5 65
5 161
5 890
6 7
6 19
6 22
6 103
6 131
6 215
6 261
6 324
6 792
6 798
6 828
6 956
6 79
6 12
6 37
6 61
7 19
7 42
7 64
7 91
7 128
7 229
7 376
7 381
7 466
7 707
7 749
7 752
7 770
7 785
7 819
7 856
7 79
7 9
7 11
7 12
7 17
7 33
7 38
7 41
7 43
7 63
7 70
7 77
7 84
7 93
7 94
7 97
7 116
7 122
7 130
7 154
8 9
8 11
8 13
8 16
8 17
8 20
8 23
8 26
8 28
8 31
8 34
8 36
8 43
8 45
8 55
8 63
8 67
8 76
8 95
8 100
8 136
8 145
8 152
8 173
8 174
8 221
8 247
8 254
8 259
8 300
8 301
8 319
8 334
8 344
8 356
8 360
8 364
8 373
8 374
8 383
8 385
8 389
8 392
8 393
8 414
8 415
8 426
8 433
8 444
8 445
8 473
8 483
8 493
8 502
8 507
8 509
8 520
8 537
8 570
8 571
8 574
8 589
8 595
8 600
8 601
8 616
8 618
8 628
8 630
8 633
8 640
8 641
8 642
8 651
8 659
8 663
8 667
8 694
8 702
8 735
8 747
8 759
8 766
8 788
8 790
8 811
8 823
8 832
8 842
8 848
8 869
8 872
8 882
8 902
8 907
8 910
8 913
8 931
8 932
8 950
8 951
8 952
8 961
8 79
9 11
9 14
9 16
9 20
9 41
9 61
9 97
9 127
9 152
9 325
9 581
9 643
9 822
10 18
10 25
10 30
10 33
10 39
10 51
10 54
10 56
10 58
10 92
10 112
10 123
10 162
10 180
10 185
10 216
10 235
10 290
10 317
10 351
10 370
10 388
10 411
10 467
10 469
10 547
10 552
10 584
10 670
10 681
10 685
10 711
10 751
10 849
10 877
11 12
11 13
11 17
11 26
11 28
11 34
11 41
11 147
11 157
11 173
11 183
11 211
11 257
11 301
11 320
11 398
11 446
11 498
11 529
11 538
11 576
11 588
11 699
11 743
11 763
11 766
11 799
11 818
11 862
11 874
11 933
11 974
11 982
11 996
11 999
11 30
11 131
11 139
12 16
12 69
12 96
12 205
12 284
12 299
12 399
12 546
12 669
12 79
12 14
12 17
12 25
12 27
12 28
12 35
12 42
12 45
12 48
12 60
12 90
12 91
12 95
12 118
12 125
12 144
13 283
13 489
13 583
13 656
13 667
13 687
13 79
13 15
13 20
13 27
13 37
13 143
14 37
14 55
14 67
14 80
14 113
14 116
14 132
14 196
14 198
14 207
14 223
14 242
14 260
14 278
14 292
14 297
14 309
14 330
14 336
14 346
14 366
14 372
14 478
14 481
14 551
14 556
14 564
14 612
14 706
14 715
14 728
14 738
14 762
14 863
14 868
14 876
14 880
14 912
14 938
14 947
14 972
14 980
14 79
14 27
14 39
14 140
15 16
15 47
15 897
15 25
15 33
15 44
15 46
15 54
15 81
16 37
16 49
16 51
16 67
16 70
16 71
16 74
16 84
16 96
16 104
16 113
16 120
16 127
16 130
16 132
16 143
16 195
16 226
16 230
16 241
16 243
16 249
16 310
16 348
16 380
16 433
16 441
16 458
16 515
16 532
16 573
16 574
16 649
16 657
16 658
16 672
16 677
16 689
16 692
16 716
16 736
16 748
16 754
16 764
16 767
16 774
16 789
16 836
16 854
16 866
16 870
16 885
16 919
16 948
16 954
16 957
16 986
16 990
17 23
17 369
17 389
17 405
17 423
17 512
17 18
17 44
17 46
17 47
17 50
17 51
17 56
17 72
17 102
17 104
17 105
17 135
18 81
18 101
18 192
18 213
18 871
18 997
18 98
18 99
18 142
18 150
19 22
19 42
19 82
19 282
19 435
19 644
19 795
20 32
20 43
20 45
20 47
20 67
20 69
20 77
20 94
20 125
20 136
20 172
20 345
20 625
20 639
20 830
20 903
20 975
20 141
21 177
22 52
22 53
22 64
22 72
22 111
22 119
22 126
22 129
22 168
22 170
22 321
22 511
22 562
22 597
22 648
22 723
22 742
22 815
22 893
22 935
23 142
23 302
23 334
23 343
23 457
23 480
23 559
23 757
23 793
23 910
23 927
23 79
24 894
24 946
25 30
25 39
25 40
25 48
25 54
25 75
25 114
25 137
25 175
25 454
25 464
25 585
25 675
25 853
25 923
25 969
25 988
25 28
25 32
25 42
25 66
25 68
25 85
25 107
25 111
25 122
25 150
26 31
26 46
26 179
26 209
26 225
26 253
26 413
26 425
26 465
26 522
26 638
26 666
27 30
27 90
27 34
27 108
27 118
27 126
27 130
28 62
28 118
28 145
28 252
28 255
28 273
28 274
28 329
28 429
28 453
28 727
30 39
30 40
30 56
30 115
30 449
30 485
30 488
30 599
30 654
30 730
30 733
30 831
31 62
31 135
31 144
31 169
31 234
31 500
31 652
31 673
31 717
31 829
32 61
32 316
32 746
32 121
33 44
33 88
33 166
33 391
33 506
33 636
33 777
33 921
33 965
33 108
34 190
34 218
34 311
34 313
34 660
34 48
35 65
35 144
35 210
35 296
35 418
35 422
35 619
35 661
35 744
35 771
35 829
35 838
35 925
35 929
35 940
35 960
35 992
35 49
35 53
35 173
36 59
36 60
36 133
36 146
36 177
36 309
36 567
36 578
36 609
36 794
36 843
37 49
37 70
37 143
37 308
37 331
37 726
37 783
37 109
37 141
38 50
38 59
38 78
39 208
39 350
39 688
40 56
40 90
40 101
40 236
40 665
40 769
41 237
41 67
42 52
42 91
42 131
42 328
42 679
42 805
42 867
43 79
43 58
44 114
44 176
44 184
44 463
44 536
44 591
44 632
44 663
44 78
44 83
45 146
45 970
45 129
46 62
46 568
47 158
47 288
47 448
47 61
48 90
48 166
48 180
48 217
48 796
48 808
48 987
48 103
48 124
48 162
49 655
49 65
49 75
49 86
49 100
49 120
49 139
51 75
51 84
51 122
51 154
51 167
51 314
51 333
51 337
51 378
51 400
51 408
51 417
51 431
51 494
51 539
51 598
51 608
51 610
51 626
51 676
51 773
51 827
51 852
51 865
51 896
51 918
51 937
51 977
51 112
52 53
52 65
52 82
52 91
52 111
52 148
52 151
52 298
52 460
52 482
52 548
52 554
52 569
52 637
52 895
52 945
52 959
52 979
52 984
53 132
53 161
53 359
53 560
53 587
53 745
53 761
53 806
53 812
53 814
53 924
53 935
53 117
53 152
54 64
54 73
54 115
54 125
54 133
54 148
55 101
55 107
55 181
55 410
55 634
56 106
56 171
56 191
56 333
56 358
56 503
56 535
56 553
56 705
56 776
56 780
56 820
56 63
56 64
56 149
57 151
57 263
57 268
57 439
57 510
57 622
57 629
57 750
57 907
58 155
58 76
58 98
58 147
58 171
59 150
59 235
59 664
59 722
59 729
59 841
59 964
59 104
60 332
60 82
61 289
61 377
61 492
61 518
61 525
61 579
61 653
61 782
61 839
61 899
61 72
61 113
61 117
61 165
62 118
62 174
62 248
62 258
62 650
62 846
62 879
63 169
63 281
63 96
63 138
64 82
64 83
64 98
64 126
64 386
64 732
64 760
64 781
64 813
65 428
65 861
65 949
66 115
66 139
66 213
66 264
66 430
66 528
66 623
67 181
67 267
67 306
67 432
67 700
67 715
68 645
68 809
68 71
69 395
69 858
70 84
70 189
70 238
70 260
70 305
70 365
70 516
70 624
70 678
70 994
72 905
72 129
73 472
73 477
73 731
73 786
74 84
74 89
74 102
74 121
74 202
74 240
74 286
74 620
74 713
74 801
74 79
74 81
74 101
74 178
75 424
75 596
75 693
76 157
76 169
76 402
77 88
77 184
78 114
78 155
78 375
78 403
78 513
78 545
78 708
78 802
78 860
78 878
78 889
78 90
79 89
79 87
79 96
79 111
79 115
79 125
79 128
79 146
79 152
80 186
80 985
81 194
81 976
81 95
82 540
82 613
82 635
83 340
83 778
84 130
84 404
84 671
85 126
85 201
85 293
85 420
85 575
85 973
85 995
85 92
86 121
86 850
86 204
87 231
87 275
87 303
87 920
89 140
89 295
89 315
89 357
89 419
89 459
89 461
89 494
89 565
90 891
91 112
91 129
91 245
91 800
91 110
92 159
92 188
92 256
92 287
92 371
92 384
92 701
92 803
92 149
92 203
93 120
93 154
93 182
93 214
93 440
93 517
93 615
93 709
93 719
93 753
93 133
95 307
95 898
96 768
96 105
97 704
98 586
99 438
100 322
100 936
101 486
101 491
101 621
101 701
101 939
101 944
104 113
104 195
104 197
104 407
104 724
104 824
104 900
104 930
105 111
105 392
105 572
105 691
105 697
106 997
107 142
107 362
107 416
107 471
107 592
107 739
107 844
107 968
108 117
108 153
108 219
108 468
108 561
109 317
109 456
109 505
109 837
110 391
110 682
110 180
111 118
111 233
111 326
111 406
111 455
111 555
111 714
111 725
111 134
112 134
112 137
112 165
112 269
112 335
112 602
112 845
114 164
114 434
114 582
114 881
114 983
115 134
115 476
115 514
116 271
116 533
116 131
117 172
118 222
118 318
118 710
118 174
119 627
119 698
119 755
119 971
121 232
121 437
121 772
122 202
122 647
122 123
122 189
124 130
124 179
124 200
124 244
124 310
124 341
124 382
124 394
124 396
124 462
124 541
124 566
124 594
124 784
124 804
124 825
124 888
124 942
124 963
124 981
125 262
125 401
125 447
125 785
125 915
125 941
125 176
126 187
126 201
126 251
126 349
126 353
126 577
126 810
126 967
127 452
127 787
127 163
128 523
128 526
128 926
129 212
129 291
129 451
129 470
129 484
129 168
130 160
130 228
130 372
130 695
130 958
130 196
131 139
131 355
131 421
131 436
131 450
131 550
131 563
131 817
132 272
132 668
132 712
132 901
132 916
132 182
134 138
134 139
134 740
134 791
134 797
135 206
135 277
136 327
136 606
136 875
136 183
137 521
137 185
138 363
139 323
139 524
140 198
140 605
142 224
142 294
142 312
142 339
142 821
142 834
142 840
142 857
142 928
142 998
143 167
143 199
143 239
143 246
143 442
143 474
143 531
143 614
143 686
143 734
144 696
145 342
146 156
146 721
148 703
149 220
149 475
149 887
150 250
150 368
150 593
150 674
151 637
151 779
152 279
152 859
152 906
153 379
153 443
153 651
153 737
153 851
154 227
154 338
154 527
154 758
154 816
154 953
156 184
182 196
187 201
195 196
198 200
