0 1
0 2
0 3
0 4
0 5
0 11
0 19
0 24
0 27
0 41
0 42
0 64
0 71
0 73
0 107
0 116
0 132
0 133
0 149
0 158
0 164
0 166
0 167
0 179
0 206
0 224
0 239
0 280
0 327
0 363
0 409
0 510
0 571
0 588
0 672
0 686
0 729
0 745
0 804
0 818
0 837
0 993
1 2
1 3
1 4
1 5
1 11
1 17
1 30
1 33
1 47
1 52
1 53
1 54
1 55
1 60
1 68
1 70
1 72
1 75
1 80
1 82
1 97
1 99
1 112
1 113
1 121
1 122
1 133
1 134
1 137
1 142
1 154
1 157
1 172
1 175
1 189
1 190
1 193
1 194
1 195
1 199
1 200
1 202
1 235
1 278
1 304
1 440
1 560
1 595
1 638
1 651
1 785
1 853
1 906
1 917
1 985
1 998
2 3
2 4
2 5
2 9
2 13
2 21
2 37
2 53
2 56
2 61
2 63
2 72
2 87
2 103
2 113
2 135
2 138
2 142
2 152
2 154
2 162
2 195
2 217
2 452
2 464
2 502
2 587
2 639
2 649
2 675
2 684
2 695
2 705
2 751
2 770
2 826
2 862
2 864
2 882
2 969
3 4
3 5
3 6
3 8
3 10
3 30
3 40
3 56
3 64
3 84
3 86
3 88
3 89
3 92
3 94
3 111
3 116
3 146
3 147
3 148
3 160
3 163
3 167
3 168
3 172
3 174
3 177
3 185
3 189
3 201
3 277
3 345
3 353
3 381
3 463
3 482
3 494
3 521
3 604
3 692
3 730
3 825
3 841
3 856
3 986
4 5
4 6
4 7
4 8
4 10
4 16
4 22
4 26
4 28
4 30
4 31
4 40
4 43
4 44
4 54
4 62
4 65
4 70
4 71
4 73
4 77
4 78
4 85
4 91
4 92
4 96
4 97
4 99
4 105
4 109
4 114
4 115
4 124
4 131
4 132
4 134
4 148
4 151
4 154
4 156
4 165
4 173
4 180
4 189
4 197
4 203
4 205
4 266
4 286
4 320
4 334
4 358
4 361
4 362
4 380
4 394
4 405
4 556
4 581
4 590
4 620
4 688
4 714
4 732
4 733
4 741
4 828
4 868
4 874
4 987
5 18
5 22
5 35
5 38
5 43
5 47
5 48
5 57
5 58
5 59
5 70
5 74
5 75
5 86
5 99
5 129
5 148
5 152
5 156
5 164
5 166
5 182
5 183
5 229
5 241
5 243
5 423
5 471
5 502
5 567
5 577
5 602
5 682
5 707
5 883
5 896
5 914
6 7
6 67
6 72
6 144
6 180
6 287
6 427
6 534
6 580
6 42
7 8
7 12
7 16
7 17
7 18
7 23
7 24
7 25
7 28
7 32
7 38
7 40
7 44
7 45
7 46
7 49
7 57
7 60
7 98
7 105
7 116
7 119
7 120
7 139
7 151
7 178
7 181
7 183
7 186
7 193
7 200
7 208
7 212
7 240
7 250
7 257
7 263
7 276
7 303
7 331
7 349
7 354
7 369
7 382
7 383
7 397
7 424
7 429
7 432
7 442
7 450
7 454
7 472
7 479
7 487
7 532
7 551
7 554
7 585
7 591
7 603
7 605
7 612
7 623
7 628
7 644
7 664
7 687
7 688
7 706
7 716
7 736
7 737
7 765
7 777
7 779
7 782
7 795
7 808
7 819
7 857
7 859
7 870
7 876
7 918
7 919
7 929
7 935
7 939
7 950
7 975
7 994
7 995
7 997
7 42
7 153
8 12
8 15
8 22
8 26
8 33
8 47
8 51
8 58
8 65
8 68
8 104
8 105
8 136
8 178
8 186
8 204
8 205
8 211
8 216
8 226
8 245
8 253
8 276
8 312
8 338
8 365
8 386
8 402
8 410
8 441
8 464
8 488
8 506
8 515
8 525
8 533
8 564
8 566
8 575
8 633
8 654
8 667
8 680
8 689
8 698
8 702
8 709
8 719
8 755
8 852
8 891
8 913
8 979
8 982
8 42
8 11
8 13
9 50
9 133
9 273
9 970
9 42
9 153
9 10
9 14
9 20
9 23
9 26
9 32
9 47
9 55
9 61
9 64
9 71
9 79
9 92
9 102
9 106
9 110
9 114
9 118
9 134
9 143
9 144
10 13
10 42
10 103
10 112
10 128
10 157
10 190
10 290
10 400
10 421
10 437
10 486
10 541
10 650
10 679
10 831
10 938
10 153
10 14
10 16
10 34
10 43
10 49
10 122
10 145
11 12
11 36
11 37
11 49
11 74
11 77
11 79
11 84
11 85
11 108
11 118
11 132
11 134
11 150
11 153
11 161
11 171
11 179
11 187
11 193
11 198
11 218
11 234
11 236
11 239
11 242
11 252
11 260
11 285
11 299
11 332
11 339
11 347
11 360
11 366
11 367
11 385
11 393
11 481
11 492
11 504
11 519
11 535
11 558
11 599
11 610
11 619
11 624
11 637
11 646
11 710
11 713
11 727
11 749
11 775
11 780
11 809
11 834
11 839
11 845
11 849
11 861
11 885
11 897
11 905
11 944
11 954
11 960
11 966
11 992
11 42
11 33
11 38
11 48
11 65
12 14
12 15
12 18
12 19
12 23
12 27
12 28
12 100
12 102
12 122
12 130
12 143
12 149
12 166
12 227
12 308
12 326
12 342
12 383
12 451
12 518
12 578
12 594
12 626
12 724
12 781
12 803
12 871
12 892
12 903
12 937
12 947
12 963
12 981
12 984
12 42
12 153
12 17
12 40
12 44
12 54
13 20
13 21
13 29
13 42
13 45
13 52
13 128
13 163
13 261
13 507
13 550
13 627
13 791
13 890
13 942
13 153
13 32
14 83
15 160
15 248
15 413
15 557
15 42
16 677
16 696
16 953
17 24
17 231
17 699
17 951
17 42
17 18
17 25
17 31
17 45
17 57
17 113
17 127
17 142
18 26
18 32
18 39
18 41
18 49
18 66
18 83
18 93
18 96
18 155
18 199
18 207
18 209
18 258
18 293
18 307
18 319
18 372
18 426
18 510
18 512
18 522
18 600
18 642
18 712
18 728
18 739
18 744
18 762
18 799
18 806
18 810
18 827
18 850
18 904
18 957
18 976
18 42
18 153
18 22
18 52
18 84
18 85
19 23
19 561
19 769
19 153
20 335
21 173
21 295
21 302
21 873
21 153
22 27
22 55
22 91
22 167
22 204
22 230
22 330
22 404
22 615
22 636
22 653
23 37
23 141
23 176
23 631
23 42
23 56
23 133
23 151
24 399
24 42
25 49
25 197
25 310
25 767
25 915
25 42
25 45
26 34
26 55
26 248
26 420
26 746
26 205
27 264
27 435
27 466
27 738
27 820
27 42
27 30
27 44
27 52
27 53
27 96
27 104
27 105
27 109
27 111
27 119
28 42
29 468
29 829
29 836
29 978
29 42
30 35
30 53
30 89
30 131
30 138
30 146
30 159
30 305
30 462
30 683
30 922
30 983
30 153
30 51
30 66
30 113
30 136
30 148
31 43
31 48
31 75
31 78
31 110
31 127
31 142
31 182
31 184
31 262
31 322
31 523
31 618
31 797
31 923
32 202
32 309
32 42
32 78
32 120
32 123
32 125
32 138
33 38
33 288
33 674
34 69
34 153
34 127
35 114
35 128
35 608
35 943
36 42
37 51
37 63
37 66
37 91
37 298
37 379
37 419
37 443
37 444
37 657
37 658
37 708
37 800
37 835
37 854
37 980
38 61
38 76
38 98
38 189
38 665
38 817
38 844
38 989
38 94
39 406
39 971
40 51
40 76
40 98
40 192
40 329
40 493
40 584
40 811
40 830
40 46
41 622
41 42
41 59
41 62
41 101
42 384
42 742
42 889
42 900
42 911
42 43
42 44
42 47
42 49
42 60
42 62
42 66
42 75
42 81
42 87
42 96
42 123
42 124
42 128
42 130
42 139
43 51
43 59
43 187
43 617
43 660
43 886
43 898
44 82
44 343
44 359
44 368
44 655
44 662
44 681
44 701
44 734
44 931
44 129
44 153
45 62
45 79
45 90
45 146
45 159
45 374
45 445
45 508
45 540
45 546
45 563
45 576
45 773
45 813
45 832
45 843
45 851
45 855
45 866
45 884
45 949
45 88
45 163
46 60
46 104
46 213
46 559
46 53
47 88
47 111
47 249
47 317
47 422
47 434
47 475
47 635
47 645
47 690
47 704
47 802
47 875
47 956
47 996
48 50
48 59
48 165
48 262
48 347
48 499
48 503
48 164
49 183
49 778
49 100
49 176
50 77
50 127
50 133
50 171
50 448
50 453
50 661
50 964
51 61
51 77
51 108
51 119
51 181
51 284
51 289
51 315
51 371
51 407
51 484
51 523
51 524
51 634
51 669
51 784
51 848
51 895
51 921
51 941
51 958
51 961
51 977
51 69
51 74
51 125
51 136
51 146
53 62
53 107
53 114
53 162
53 465
53 547
53 715
53 786
53 88
54 137
55 126
55 137
55 188
55 431
55 748
57 352
57 75
58 120
58 516
58 697
58 717
58 940
58 153
59 81
59 108
59 139
59 232
59 267
59 501
59 539
59 632
59 652
59 772
59 815
59 838
59 899
60 292
60 596
60 895
61 67
61 763
62 300
62 483
62 489
62 517
62 616
62 887
63 78
63 117
63 498
63 520
63 537
63 569
63 659
63 678
63 161
64 88
64 126
64 164
64 185
64 191
64 203
64 271
64 275
64 318
64 378
64 387
64 414
64 462
64 529
64 574
64 625
64 647
64 656
64 747
64 812
64 822
64 858
64 863
64 865
64 880
64 928
64 930
64 955
64 983
64 109
65 246
65 485
65 671
65 888
65 909
66 79
66 106
66 118
66 214
66 219
66 294
66 299
66 333
66 382
66 460
66 685
66 723
66 794
66 833
68 81
68 86
68 93
68 125
68 158
68 204
68 233
68 357
68 555
68 700
68 821
68 153
70 89
70 94
70 95
70 131
70 170
70 215
70 311
70 314
70 373
70 390
70 391
70 392
70 395
70 474
70 497
70 511
70 514
70 538
70 544
70 545
70 568
70 586
70 611
70 621
70 648
70 721
70 771
70 776
70 783
70 792
70 801
70 807
70 842
70 916
70 933
70 968
70 972
70 988
71 94
71 593
71 743
71 72
71 85
71 93
71 95
71 104
71 121
72 153
72 112
73 100
73 112
73 467
73 640
73 840
73 846
73 174
74 86
74 141
74 165
75 150
75 376
75 526
75 860
76 114
76 237
76 282
76 341
76 412
76 473
76 536
76 579
76 598
76 606
76 668
76 717
76 816
76 822
78 255
78 340
78 542
78 901
78 927
78 135
79 368
79 80
79 99
79 199
80 113
80 238
80 456
80 718
80 974
80 990
80 144
80 172
81 172
81 175
81 270
81 658
81 694
81 806
82 223
82 348
83 158
84 101
84 118
84 123
84 321
84 324
84 350
84 833
84 946
84 959
85 93
85 121
85 126
85 247
85 296
85 356
85 401
85 470
85 495
85 530
85 603
85 670
85 676
85 766
85 814
85 991
85 87
86 93
86 155
86 160
86 167
86 169
86 446
86 609
86 691
86 760
87 389
87 92
87 128
87 137
87 185
88 103
88 125
88 155
88 306
88 370
88 480
88 528
91 122
91 169
91 188
91 196
91 221
91 225
91 316
91 411
91 461
91 513
91 565
91 629
91 673
91 720
91 731
91 752
91 847
91 925
92 128
92 167
93 259
93 416
93 418
93 654
93 788
93 893
93 894
93 94
94 251
94 553
94 597
94 726
94 902
94 910
94 106
94 112
95 373
96 787
96 824
96 140
98 139
98 607
98 761
99 439
99 548
99 666
99 881
99 931
99 962
100 229
100 301
100 346
100 630
100 790
100 793
100 872
100 952
100 183
101 113
101 161
101 490
101 496
101 526
101 543
101 552
101 711
101 740
101 789
101 838
101 959
101 967
102 265
103 185
103 269
103 318
103 415
103 428
103 500
103 754
103 758
103 880
103 936
103 153
104 138
104 455
104 593
104 722
104 774
104 879
104 934
105 505
106 115
106 119
107 573
107 768
107 796
107 932
108 115
108 589
108 725
108 759
108 941
110 133
111 158
111 256
111 364
111 398
111 549
111 908
113 583
113 753
113 877
114 325
115 210
115 408
116 117
116 177
116 178
116 589
116 617
117 283
118 194
118 281
119 572
120 222
120 178
121 244
122 188
122 254
122 643
123 396
123 153
124 135
124 274
124 965
125 323
125 447
126 153
128 491
128 805
128 878
128 907
128 141
130 195
130 328
131 377
131 527
131 153
132 179
133 478
133 651
133 663
133 757
133 177
134 228
134 279
134 764
134 823
134 869
134 142
135 417
136 343
137 297
137 459
137 926
137 148
138 140
138 144
138 145
138 272
138 336
138 337
138 355
138 403
138 425
138 433
138 436
138 438
138 449
138 457
138 509
138 562
138 582
138 592
138 630
138 641
138 735
138 798
138 813
138 912
138 916
138 948
138 973
138 999
139 476
139 756
141 693
142 171
142 198
142 220
142 291
142 388
142 469
142 614
142 867
142 924
143 202
143 247
143 430
143 570
145 153
146 613
147 268
147 601
147 153
148 344
148 703
148 184
149 375
150 313
150 531
150 945
150 171
153 202
153 750
154 458
154 477
154 920
155 351
