0 1
0 2
0 3
0 4
0 6
0 13
0 15
0 19
0 30
0 36
0 54
0 56
0 64
0 82
0 83
0 91
0 94
0 95
0 99
0 100
0 112
0 114
0 118
0 152
0 168
0 186
0 195
0 232
0 235
0 285
0 313
0 321
0 396
0 431
0 474
0 480
0 498
0 567
0 685
0 774
0 806
0 838
0 862
0 911
0 940
1 2
1 3
1 4
1 5
1 6
1 8
1 11
1 17
1 32
1 44
1 46
1 48
1 82
1 103
1 114
1 120
1 126
1 139
1 141
1 142
1 149
1 154
1 157
1 169
1 176
1 197
1 198
1 200
1 230
1 326
1 395
1 429
1 539
1 554
1 589
1 657
1 707
1 773
1 826
1 880
1 936
1 958
2 3
2 4
2 7
2 10
2 15
2 16
2 17
2 18
2 23
2 24
2 35
2 42
2 44
2 47
2 51
2 57
2 60
2 63
2 70
2 78
2 80
2 90
2 92
2 93
2 96
2 104
2 111
2 117
2 122
2 123
2 128
2 137
2 141
2 146
2 155
2 164
2 174
2 176
2 177
2 178
2 183
2 184
2 188
2 199
2 201
2 224
2 336
2 364
2 369
2 383
2 403
2 464
2 475
2 495
2 568
2 605
2 621
2 628
2 643
2 645
2 666
2 695
2 716
2 722
2 726
2 748
2 754
2 767
2 891
2 898
2 904
2 969
2 997
3 4
3 6
3 7
3 9
3 13
3 14
3 15
3 20
3 24
3 40
3 49
3 51
3 60
3 64
3 68
3 77
3 78
3 79
3 81
3 89
3 92
3 98
3 104
3 108
3 126
3 130
3 136
3 137
3 145
3 154
3 155
3 163
3 166
3 167
3 174
3 179
3 181
3 182
3 190
3 196
3 197
3 198
3 283
3 291
3 355
3 368
3 371
3 386
3 412
3 420
3 425
3 482
3 494
3 505
3 518
3 533
3 541
3 612
3 619
3 710
3 729
3 804
3 845
3 883
3 889
3 893
3 910
4 5
4 11
4 21
4 27
4 28
4 39
4 40
4 46
4 49
4 58
4 62
4 72
4 75
4 88
4 92
4 104
4 109
4 111
4 117
4 121
4 138
4 142
4 144
4 145
4 153
4 167
4 174
4 176
4 178
4 183
4 189
4 194
4 197
4 234
4 242
4 244
4 264
4 287
4 318
4 381
4 405
4 444
4 543
4 562
4 629
4 664
4 738
4 775
4 792
4 888
4 895
4 900
4 938
4 942
5 11
5 12
5 17
5 18
5 21
5 38
5 71
5 144
5 146
5 156
5 184
5 185
5 190
5 225
5 253
5 398
5 481
5 504
5 719
5 959
5 75
5 6
5 7
5 9
5 13
5 15
5 27
5 80
5 82
6 8
6 9
6 107
6 182
6 220
6 243
6 284
6 486
6 649
6 709
6 805
6 7
6 10
6 12
6 20
6 84
7 10
7 12
7 29
7 142
7 228
7 358
7 379
7 8
7 9
7 22
7 68
8 9
8 22
8 28
8 30
8 59
8 430
8 512
8 514
8 597
8 745
8 751
8 758
8 864
8 987
9 14
9 23
9 72
9 82
9 85
9 438
9 820
9 881
9 935
9 12
9 20
9 29
9 37
9 40
9 43
9 44
9 46
9 47
9 54
9 65
9 66
9 68
9 71
9 83
9 100
9 108
9 112
9 113
9 114
10 12
10 19
10 29
10 39
10 102
10 235
10 272
10 715
10 999
10 13
10 16
10 104
11 12
11 21
11 31
11 36
11 42
11 53
11 54
11 74
11 89
11 124
11 138
11 158
11 290
11 411
11 416
11 447
11 504
11 785
11 961
12 21
12 31
12 32
12 33
12 41
12 46
12 67
12 71
12 73
12 87
12 102
12 109
12 120
12 132
12 167
12 279
12 308
12 320
12 344
12 345
12 347
12 394
12 502
12 510
12 525
12 546
12 582
12 637
12 654
12 656
12 661
12 663
12 667
12 679
12 692
12 704
12 708
12 771
12 777
12 796
12 802
12 803
12 850
12 858
12 865
12 875
12 915
12 922
12 928
12 929
12 966
12 974
12 988
12 17
12 19
12 44
12 66
12 78
12 85
12 92
13 26
13 43
13 114
13 508
13 730
13 16
13 18
13 19
13 20
13 25
13 31
13 46
13 83
13 94
13 116
13 129
13 144
13 145
14 16
14 22
14 76
14 140
14 180
14 192
14 434
14 496
14 623
14 717
14 809
14 829
14 897
14 907
14 951
14 162
15 20
15 48
15 62
15 65
15 93
15 159
15 166
15 266
15 459
15 461
15 479
15 483
15 519
15 553
15 579
15 884
15 908
15 52
15 67
15 73
15 154
16 25
16 75
16 18
16 32
16 43
16 51
16 62
16 71
16 145
17 31
17 42
17 83
17 121
17 125
17 254
17 523
17 896
18 23
19 25
19 29
19 63
19 67
19 191
19 455
19 473
19 648
19 801
19 901
19 964
19 137
20 62
20 93
20 269
20 385
20 36
20 49
20 79
20 98
20 126
20 129
21 53
21 70
21 132
21 151
21 163
21 175
21 237
21 348
21 633
21 742
21 764
21 765
22 59
22 107
22 127
22 328
22 377
22 390
22 397
22 620
22 752
22 769
22 823
22 903
22 23
22 27
22 33
22 34
22 36
22 49
22 57
22 62
22 79
22 117
22 121
22 141
22 147
23 85
23 260
23 489
23 499
23 563
23 598
23 824
23 931
23 975
23 39
23 55
23 56
23 58
23 68
23 113
23 134
23 149
23 182
24 34
24 40
24 55
24 61
24 77
24 78
24 90
24 100
24 111
24 147
24 149
24 173
24 176
24 182
24 189
24 193
24 208
24 261
24 297
24 323
24 387
24 397
24 445
24 452
24 488
24 527
24 535
24 549
24 627
24 647
24 652
24 653
24 659
24 757
24 768
24 805
24 852
24 860
24 890
24 919
24 926
24 980
24 991
25 38
25 39
25 63
25 67
25 101
25 109
25 160
25 180
25 241
25 257
25 294
25 296
25 573
25 634
25 697
25 787
25 122
26 37
26 44
26 97
26 276
26 564
26 779
27 953
27 38
27 106
27 130
27 135
27 147
28 421
28 614
28 820
28 900
28 201
29 102
29 317
29 561
30 68
30 72
30 137
30 139
30 162
30 182
30 199
30 233
30 240
30 372
30 374
30 376
30 404
30 462
30 517
30 682
30 713
30 822
30 986
31 40
31 41
31 43
31 61
31 122
31 123
31 136
31 210
31 256
31 365
31 382
31 392
31 402
31 423
31 454
31 650
31 678
31 706
31 746
31 790
31 797
31 831
31 973
31 984
32 37
32 49
32 144
32 200
32 441
32 756
32 766
32 963
32 48
32 50
32 63
32 75
32 128
32 137
32 175
33 343
34 37
34 44
34 45
34 77
34 105
34 150
34 342
34 346
34 691
34 899
34 53
34 54
34 101
35 636
36 49
37 38
37 315
37 352
37 370
37 465
37 724
37 760
37 786
37 841
37 954
37 200
38 73
38 143
38 156
38 672
38 912
38 160
39 79
39 101
39 214
39 446
39 555
39 874
39 921
39 69
39 152
40 43
40 50
40 51
40 57
40 58
40 65
40 81
40 95
40 97
40 99
40 103
40 116
40 119
40 150
40 171
40 177
40 206
40 211
40 227
40 239
40 267
40 289
40 367
40 380
40 388
40 406
40 453
40 529
40 538
40 574
40 632
40 644
40 683
40 698
40 723
40 732
40 753
40 757
40 762
40 772
40 784
40 832
40 835
40 851
40 869
40 882
40 886
40 937
40 994
41 83
41 91
41 172
41 252
41 817
42 55
42 56
42 66
42 84
42 178
42 220
42 246
42 273
42 302
42 314
42 341
42 363
42 418
42 422
42 521
42 528
42 572
42 588
42 617
42 747
42 836
42 923
42 950
42 960
42 995
43 52
43 86
43 98
43 278
43 536
43 788
43 933
43 948
43 150
44 47
44 61
44 96
44 113
44 229
44 288
44 408
44 868
44 885
44 74
44 149
45 293
45 630
45 843
45 168
46 51
46 140
46 145
46 160
46 180
46 265
46 327
46 448
46 696
46 798
46 943
46 956
46 50
46 73
46 98
46 110
46 116
46 132
47 286
47 559
47 977
47 52
48 50
48 93
48 413
48 794
48 816
48 872
48 101
49 205
49 401
49 493
49 896
49 87
50 134
50 338
50 433
50 449
50 458
50 664
50 680
50 744
51 87
51 99
51 160
51 277
51 298
51 426
51 450
51 468
51 599
51 670
51 791
51 861
51 870
51 949
51 976
51 82
52 128
52 55
53 125
53 132
53 583
53 996
54 197
54 268
54 500
54 558
54 638
54 761
54 859
54 63
54 72
54 99
54 106
54 147
54 178
55 309
55 356
55 359
55 520
55 705
55 916
55 927
55 965
55 70
56 84
56 139
56 183
57 65
57 131
57 186
57 487
57 601
57 635
57 714
57 718
57 853
58 94
58 99
58 159
58 349
58 487
58 687
59 906
60 69
60 113
60 150
60 204
60 219
60 245
60 258
60 275
60 281
60 316
60 319
60 399
60 428
60 470
60 472
60 477
60 507
60 522
60 537
60 545
60 581
60 595
60 609
60 616
60 622
60 626
60 660
60 669
60 673
60 678
60 686
60 687
60 694
60 702
60 763
60 834
60 849
60 866
60 879
60 905
60 944
60 952
60 955
60 993
60 75
60 62
61 69
61 77
61 393
62 94
62 131
62 152
62 171
62 251
62 274
62 366
62 427
62 88
62 107
62 130
63 129
63 231
63 580
63 808
63 814
63 867
63 197
64 81
64 188
64 478
64 513
64 703
64 731
64 810
65 112
65 133
65 318
65 322
65 526
65 121
66 89
67 76
67 209
67 282
67 335
67 676
67 777
67 819
67 876
68 223
68 603
68 631
68 934
69 170
69 409
69 914
69 72
69 119
70 83
70 89
70 350
70 85
70 118
71 110
71 129
71 170
71 215
71 375
71 689
71 781
71 800
71 909
71 142
72 199
72 485
72 811
72 918
72 98
72 101
72 109
73 77
73 81
73 90
74 141
74 183
74 419
74 439
74 596
74 665
75 101
76 576
76 989
77 407
77 681
77 827
78 818
79 157
80 560
81 113
81 159
81 329
81 524
81 551
81 734
81 735
81 736
81 828
81 848
81 892
81 902
81 945
82 127
82 162
82 534
82 577
82 639
82 807
83 132
83 212
83 604
83 677
83 770
83 795
83 887
83 95
83 97
83 99
83 100
83 103
84 165
84 193
84 216
84 303
84 310
84 353
84 471
84 497
84 515
84 584
84 590
84 721
84 737
84 920
84 947
84 108
85 585
85 700
85 701
85 873
85 918
85 176
86 95
88 351
88 793
89 217
89 222
89 263
89 530
89 556
89 569
89 591
89 658
89 668
89 693
89 725
89 776
89 780
89 968
89 972
89 982
90 118
90 193
90 340
90 391
90 571
90 924
90 199
91 662
92 511
93 133
93 134
93 203
93 271
93 330
93 354
93 384
93 565
93 684
93 740
93 847
93 998
94 179
94 600
95 128
95 333
95 531
97 578
97 110
98 106
98 108
98 202
98 280
98 332
98 509
98 615
98 194
99 161
99 164
99 236
99 249
99 255
99 400
99 457
99 550
99 574
99 690
99 799
99 871
99 203
100 203
100 466
100 570
100 624
100 825
100 130
101 311
101 312
101 424
101 463
101 568
101 608
101 641
101 712
101 759
101 992
101 140
102 295
102 675
103 131
103 191
103 213
103 250
103 334
103 443
103 674
103 688
103 815
103 913
104 165
104 259
104 270
104 300
104 337
104 339
104 451
104 463
104 480
104 593
104 606
104 655
104 743
104 842
105 120
105 148
105 299
105 789
105 877
105 917
105 957
107 360
108 115
109 331
109 436
109 501
109 750
109 930
110 200
110 607
110 184
111 187
111 357
111 492
111 506
111 844
112 476
113 128
113 135
113 202
113 651
113 981
114 187
114 414
114 625
114 671
114 827
117 894
118 201
118 250
118 301
118 389
118 437
118 503
118 540
118 946
119 151
120 143
121 855
122 324
123 149
125 144
125 153
125 401
125 417
125 440
125 469
125 548
125 592
125 602
125 618
125 711
125 728
125 739
125 749
125 830
125 846
125 863
125 978
125 983
125 985
125 158
127 292
127 192
129 941
130 778
130 854
131 226
131 415
131 611
132 247
132 262
133 238
133 307
133 646
133 925
133 967
133 970
134 839
134 186
135 143
137 195
137 361
137 378
137 410
137 782
137 857
138 207
139 360
139 642
139 720
140 218
140 248
140 491
140 542
140 755
140 837
140 971
141 190
142 304
142 640
142 741
142 968
143 183
143 185
143 221
143 467
143 932
143 962
144 146
144 305
144 460
144 733
144 878
145 435
145 456
145 552
145 576
145 586
145 594
145 813
145 856
145 990
146 373
146 840
148 699
148 727
149 587
149 834
149 979
150 187
150 204
150 325
150 362
150 432
150 544
150 939
151 516
151 575
152 179
152 188
152 442
152 566
152 821
153 557
154 306
154 443
154 484
154 490
154 532
154 547
154 610
154 613
154 783
154 812
154 833
156 169
156 200
164 181
165 167
169 178
177 187
189 199
198 202
