0 1
0 2
0 3
0 4
0 5
0 9
0 10
0 15
0 31
0 35
0 39
0 44
0 46
0 52
0 55
0 64
0 66
0 67
0 73
0 76
0 79
0 81
0 83
0 94
0 101
0 109
0 119
0 123
0 134
0 148
0 164
0 169
0 172
0 174
0 177
0 179
0 196
0 234
0 311
0 316
0 324
0 343
0 460
0 483
0 531
0 545
0 549
0 604
0 622
0 631
0 671
0 679
0 794
0 795
0 800
0 890
0 904
0 915
1 2
1 3
1 4
1 5
1 7
1 11
1 21
1 22
1 28
1 42
1 50
1 53
1 54
1 55
1 58
1 59
1 61
1 64
1 67
1 69
1 84
1 87
1 95
1 102
1 108
1 114
1 115
1 116
1 119
1 134
1 139
1 140
1 142
1 143
1 145
1 151
1 153
1 154
1 156
1 157
1 166
1 167
1 176
1 178
1 179
1 180
1 182
1 191
1 201
1 203
1 205
1 206
1 249
1 259
1 290
1 338
1 345
1 364
1 410
1 427
1 435
1 467
1 485
1 489
1 490
1 491
1 515
1 587
1 590
1 601
1 616
1 637
1 644
1 662
1 666
1 674
1 714
1 725
1 730
1 751
1 774
1 825
1 826
1 833
1 836
1 891
1 898
1 962
2 3
2 4
2 5
2 6
2 7
2 8
2 9
2 11
2 14
2 17
2 19
2 22
2 26
2 29
2 32
2 33
2 39
2 41
2 43
2 44
2 51
2 57
2 59
2 62
2 64
2 65
2 67
2 73
2 76
2 80
2 81
2 83
2 87
2 108
2 109
2 113
2 114
2 131
2 132
2 139
2 142
2 145
2 147
2 158
2 165
2 181
2 186
2 187
2 189
2 193
2 194
2 205
2 261
2 271
2 322
2 325
2 334
2 351
2 395
2 400
2 405
2 441
2 443
2 455
2 495
2 503
2 509
2 534
2 537
2 589
2 593
2 607
2 617
2 633
2 652
2 749
2 839
2 872
2 911
2 917
2 919
2 989
3 4
3 8
3 14
3 18
3 22
3 32
3 37
3 45
3 48
3 57
3 64
3 73
3 79
3 85
3 95
3 97
3 105
3 124
3 133
3 138
3 140
3 147
3 149
3 155
3 166
3 169
3 174
3 190
3 201
3 227
3 229
3 237
3 295
3 304
3 346
3 398
3 407
3 421
3 468
3 523
3 636
3 648
3 650
3 691
3 778
3 798
3 853
3 882
3 906
3 941
3 956
3 964
4 6
4 8
4 10
4 17
4 25
4 31
4 43
4 53
4 56
4 59
4 62
4 84
4 85
4 88
4 90
4 99
4 112
4 120
4 138
4 147
4 157
4 162
4 179
4 180
4 353
4 472
4 522
4 659
4 731
4 788
4 811
4 873
4 916
4 972
4 988
5 8
5 13
5 30
5 91
5 113
5 210
5 445
5 10
5 48
5 6
5 9
5 12
5 20
5 31
5 60
5 70
5 73
5 80
5 85
5 88
5 90
5 95
5 112
5 114
5 119
5 143
6 21
6 35
6 37
6 85
6 128
6 163
6 216
6 683
6 690
6 808
6 857
6 14
7 12
7 16
7 19
7 48
7 141
7 235
7 302
7 621
7 651
7 894
8 13
8 29
8 30
8 100
8 321
8 357
8 401
8 415
8 475
8 517
8 844
8 845
8 921
8 10
8 48
8 12
9 11
9 18
9 24
9 49
9 56
9 175
9 255
9 961
9 13
9 19
9 35
9 42
9 43
9 54
10 14
10 20
10 23
10 33
10 40
10 42
10 47
10 57
10 81
10 153
10 188
10 307
10 326
10 338
10 363
10 430
10 450
10 457
10 482
10 653
10 753
10 812
10 882
10 892
10 940
10 942
10 48
10 11
10 24
10 82
10 92
10 105
10 121
10 149
11 18
11 68
11 127
11 348
11 502
11 842
11 48
12 16
12 19
12 53
12 150
12 358
12 574
12 672
12 907
12 24
12 29
12 62
12 89
12 109
13 30
13 74
13 94
13 97
13 107
13 125
13 126
13 484
13 541
13 555
13 599
13 677
13 687
13 696
13 793
13 937
13 18
13 23
13 49
13 67
13 83
13 86
14 20
14 33
14 111
14 277
14 347
14 403
14 609
14 48
14 19
14 37
14 46
14 55
14 76
14 90
14 92
14 107
14 131
14 136
15 24
15 26
15 29
15 30
15 74
15 104
15 130
15 137
15 143
15 177
15 231
15 262
15 320
15 341
15 449
15 505
15 518
15 554
15 572
15 575
15 667
15 688
15 708
15 711
15 727
15 758
15 765
15 816
15 848
15 862
15 876
15 877
15 895
15 926
15 932
15 939
15 949
15 974
15 976
15 979
15 980
15 994
16 33
16 60
16 86
16 560
16 796
17 57
17 424
17 754
18 24
18 27
18 38
18 49
18 56
18 127
18 209
18 257
18 278
18 373
18 433
18 456
18 473
18 477
18 504
18 638
18 748
18 750
18 887
18 900
18 934
18 69
19 34
19 48
19 50
19 71
19 79
19 159
19 180
19 280
19 281
19 487
19 526
19 559
19 776
19 854
19 867
19 945
19 20
19 33
19 70
19 88
19 100
20 507
20 588
20 600
20 25
20 27
20 33
20 38
20 39
20 47
20 50
20 68
20 76
20 91
20 97
20 128
20 143
20 149
20 191
21 25
21 37
21 88
21 93
21 106
21 144
21 163
21 294
21 970
22 70
22 601
22 935
22 954
23 48
23 34
23 99
24 135
24 240
24 309
24 824
25 117
25 568
25 619
25 704
25 716
25 65
26 44
26 542
26 595
26 612
26 998
27 44
27 51
27 129
27 149
27 511
27 107
28 34
28 48
28 50
28 208
28 267
28 273
28 339
28 525
28 620
28 814
29 329
29 365
29 34
29 49
29 73
29 75
29 124
29 130
29 132
30 77
30 104
30 115
30 126
30 299
30 478
30 510
30 516
30 734
30 775
31 36
31 99
31 158
32 35
32 198
32 446
32 585
32 743
32 48
32 92
32 163
33 116
33 191
33 218
33 258
33 266
33 327
33 369
33 376
33 402
33 431
33 434
33 458
33 465
33 539
33 544
33 570
33 586
33 615
33 699
33 713
33 736
33 885
33 967
33 969
33 987
33 61
33 104
34 52
34 60
34 254
34 45
34 48
34 67
34 76
34 79
34 81
34 93
34 100
34 130
35 39
35 112
35 176
35 195
35 241
35 394
35 561
35 652
35 693
35 701
35 705
35 789
35 855
35 881
35 914
35 42
35 155
35 185
36 202
37 55
37 76
37 214
37 404
37 428
37 474
37 829
37 48
37 82
37 111
37 152
38 51
38 136
38 167
38 189
38 230
38 344
38 352
38 504
38 670
38 792
38 58
38 59
38 83
38 138
39 957
39 47
40 225
40 332
40 533
40 698
41 188
42 43
42 58
42 110
42 146
42 148
42 173
42 236
42 265
42 536
42 591
42 677
42 685
42 715
42 835
42 901
42 70
42 71
42 100
42 107
42 143
43 66
43 132
43 197
43 219
43 366
43 372
43 697
43 53
43 61
43 118
44 45
44 49
44 53
44 75
44 130
44 189
44 340
44 409
44 438
44 442
44 632
44 720
44 761
44 809
44 958
46 70
46 90
46 133
46 391
46 852
46 860
46 903
47 94
47 418
47 469
47 104
48 69
48 78
48 92
48 199
48 380
48 389
48 540
48 594
48 996
48 52
48 75
48 93
48 104
48 113
48 129
49 136
49 161
49 303
49 718
49 822
49 931
49 991
49 78
49 130
50 251
50 752
50 780
51 342
51 864
52 284
52 422
52 618
52 986
52 59
53 71
53 72
53 86
53 103
53 123
53 129
53 141
53 174
53 175
53 187
53 207
53 244
53 248
53 287
53 362
53 390
53 426
53 444
53 479
53 496
53 520
53 573
53 581
53 589
53 597
53 608
53 645
53 647
53 706
53 707
53 712
53 726
53 728
53 803
53 847
53 897
53 923
54 312
54 462
54 68
54 72
54 126
54 168
55 76
55 93
55 112
55 185
55 194
55 196
55 336
55 474
55 529
55 580
55 108
56 68
56 75
56 127
56 781
57 63
57 188
57 212
57 305
57 355
57 396
57 499
57 547
57 823
57 967
57 983
58 63
58 98
58 120
58 583
59 85
59 105
59 106
59 121
59 173
59 184
59 191
59 196
59 222
59 228
59 291
59 293
59 377
59 452
59 466
59 628
59 668
59 766
59 782
59 785
59 896
59 965
59 981
59 122
60 65
60 69
60 123
60 217
60 360
60 821
60 831
61 91
62 82
62 160
62 185
62 646
62 929
63 192
63 416
63 859
64 110
64 125
64 412
64 519
64 642
64 762
64 982
65 203
65 288
65 977
66 429
66 739
67 78
67 100
67 124
67 158
67 681
67 123
67 137
68 532
68 131
69 71
69 80
69 99
69 102
69 137
69 148
69 300
69 318
69 378
69 759
69 856
69 111
70 298
70 101
70 108
70 146
71 220
71 948
72 204
73 269
73 592
73 657
73 840
73 86
73 102
73 127
73 137
73 160
74 110
74 153
74 420
74 576
74 737
75 129
75 213
75 245
75 437
75 98
75 115
75 140
76 128
76 274
76 330
76 419
76 627
76 680
76 943
77 323
78 97
78 99
78 122
78 187
78 408
78 461
78 524
78 562
78 741
78 797
78 828
78 883
78 913
78 951
78 995
78 183
79 141
79 170
79 226
79 342
79 374
79 813
79 960
79 114
80 82
80 118
80 164
80 199
80 285
80 292
80 333
80 379
80 610
80 678
80 726
80 738
80 805
80 815
80 863
80 879
80 999
80 116
81 120
81 819
82 90
82 95
82 106
82 131
82 198
82 383
82 471
82 497
82 630
82 947
83 89
83 268
83 709
83 106
83 111
85 105
85 118
85 784
86 170
86 182
87 94
87 186
87 243
87 254
87 356
87 459
87 498
87 602
87 669
87 714
87 723
87 745
87 783
87 801
87 807
87 832
87 834
87 851
87 930
87 944
87 978
90 448
90 787
90 145
90 151
90 198
91 96
91 110
91 115
91 117
91 128
91 202
91 215
91 232
91 256
91 270
91 330
91 349
91 387
91 425
91 440
91 464
91 557
91 558
91 658
91 683
91 684
91 710
91 717
91 770
91 866
91 878
91 886
91 918
91 924
91 952
91 973
91 985
91 992
91 95
91 190
93 128
93 154
93 777
93 889
93 911
93 142
94 108
94 111
94 181
94 301
94 315
94 347
94 359
94 361
94 367
94 417
94 432
94 527
94 566
94 584
94 596
94 603
94 664
94 729
94 768
94 769
94 791
94 802
94 837
94 843
94 865
94 869
94 870
94 880
94 899
94 922
94 928
94 968
94 979
95 144
95 253
95 494
95 611
95 629
95 700
95 881
95 124
95 147
96 286
96 297
96 546
97 107
97 146
98 275
99 150
99 137
99 178
99 182
100 101
100 128
102 139
102 264
102 370
102 393
102 871
103 159
103 702
104 110
105 106
105 144
105 155
105 221
105 242
105 689
105 171
106 185
106 306
107 414
108 123
109 122
109 141
109 148
109 454
109 984
110 686
110 116
110 118
110 144
111 173
111 224
111 310
111 512
111 535
111 790
111 820
111 912
112 127
113 313
113 936
114 130
114 198
114 204
114 260
114 382
114 521
114 624
114 643
114 732
114 830
114 850
114 884
114 963
115 282
115 386
115 492
115 810
115 926
117 171
117 971
118 195
118 392
118 764
119 135
119 481
119 577
120 447
121 148
122 152
122 953
122 199
123 556
123 567
123 625
123 722
123 804
123 920
124 202
124 818
125 134
125 165
125 755
126 354
127 129
127 733
128 223
128 246
128 276
128 350
128 411
128 514
128 538
128 553
128 665
128 874
128 886
128 902
129 156
129 272
129 501
129 643
129 817
129 909
130 239
130 838
130 153
131 480
132 188
132 192
132 399
133 513
134 997
135 136
135 145
135 161
135 167
135 171
135 176
135 184
135 190
135 200
135 201
135 233
135 247
135 283
135 303
135 317
135 319
135 337
135 388
135 451
135 488
135 528
135 582
135 626
135 640
135 641
135 654
135 656
135 660
135 663
135 694
135 746
135 772
135 905
135 957
135 966
136 598
136 692
136 161
137 385
137 486
137 505
137 578
137 703
137 841
137 861
137 893
138 550
138 569
138 153
138 166
139 250
139 252
139 436
139 757
139 879
139 950
139 193
140 476
140 506
140 938
141 211
141 888
142 238
142 289
142 308
142 381
142 384
142 406
142 423
142 455
142 470
142 500
142 508
142 543
142 557
142 563
142 613
142 635
142 639
142 676
142 721
142 740
142 744
142 756
142 827
142 846
142 868
142 875
142 925
142 975
143 493
144 163
144 263
145 331
145 335
145 481
145 565
145 605
145 719
145 773
145 990
145 175
146 279
146 682
146 771
147 163
147 463
148 168
148 187
148 199
148 296
148 314
148 368
148 439
148 453
148 530
148 564
148 579
148 606
148 615
148 634
148 675
148 747
148 760
148 763
148 767
148 799
148 806
148 849
148 908
148 933
148 955
148 993
149 182
149 328
149 344
149 375
149 397
149 518
149 552
149 614
149 623
149 649
149 661
149 673
149 695
149 724
149 735
149 742
149 779
149 910
149 927
149 946
149 951
150 371
150 413
150 786
152 655
153 158
153 183
153 548
153 551
153 858
153 959
153 169
153 197
154 571
160 199
168 173
176 184
