0 1
0 2
0 3
0 4
0 5
0 6
0 7
0 8
0 10
0 12
0 15
0 21
0 25
0 27
0 29
0 32
0 39
0 48
0 54
0 56
0 67
0 71
0 73
0 76
0 90
0 94
0 96
0 97
0 112
0 116
0 129
0 134
0 135
0 139
0 140
0 152
0 178
0 186
0 187
0 190
0 195
0 204
0 209
0 242
0 348
0 373
0 396
0 400
0 411
0 420
0 440
0 477
0 484
0 519
0 552
0 559
0 598
0 604
0 606
0 697
0 762
0 763
0 780
0 808
0 822
0 862
0 912
0 921
0 999
1 2
1 3
1 4
1 5
1 7
1 11
1 15
1 23
1 27
1 28
1 31
1 32
1 38
1 47
1 49
1 50
1 57
1 58
1 63
1 64
1 68
1 71
1 72
1 76
1 78
1 95
1 98
1 102
1 107
1 115
1 118
1 119
1 120
1 132
1 148
1 149
1 150
1 154
1 159
1 167
1 168
1 174
1 186
1 187
1 190
1 194
1 213
1 219
1 220
1 256
1 265
1 404
1 422
1 473
1 491
1 495
1 557
1 561
1 570
1 602
1 647
1 698
1 746
1 801
1 835
1 915
1 940
1 997
2 3
2 4
2 5
2 6
2 15
2 16
2 28
2 31
2 43
2 45
2 46
2 52
2 55
2 56
2 75
2 77
2 83
2 92
2 101
2 104
2 121
2 123
2 125
2 129
2 133
2 134
2 138
2 150
2 163
2 166
2 183
2 185
2 195
2 201
2 257
2 292
2 299
2 345
2 396
2 439
2 451
2 459
2 507
2 542
2 546
2 548
2 550
2 555
2 645
2 669
2 723
2 724
2 735
2 740
2 770
2 844
2 863
2 901
2 947
2 967
2 988
3 4
3 6
3 8
3 9
3 10
3 11
3 13
3 14
3 16
3 20
3 23
3 33
3 39
3 41
3 42
3 46
3 56
3 59
3 79
3 82
3 96
3 97
3 99
3 103
3 104
3 105
3 108
3 110
3 113
3 114
3 123
3 125
3 132
3 133
3 143
3 144
3 145
3 146
3 154
3 157
3 159
3 164
3 170
3 180
3 187
3 189
3 194
3 196
3 198
3 199
3 204
3 210
3 231
3 261
3 283
3 382
3 410
3 465
3 472
3 502
3 525
3 594
3 617
3 687
3 696
3 734
3 787
3 793
3 804
3 807
3 833
3 857
3 881
3 909
3 910
3 953
3 998
4 33
4 37
4 43
4 47
4 57
4 58
4 61
4 65
4 74
4 77
4 78
4 79
4 87
4 121
4 161
4 183
4 218
4 254
4 262
4 319
4 423
4 462
4 515
4 540
4 565
4 587
4 609
4 783
4 814
4 830
4 950
4 984
4 990
5 11
5 17
5 19
5 20
5 26
5 31
5 42
5 45
5 46
5 60
5 63
5 88
5 91
5 93
5 113
5 121
5 128
5 155
5 160
5 170
5 203
5 206
5 214
5 222
5 247
5 268
5 285
5 296
5 298
5 334
5 336
5 338
5 351
5 415
5 454
5 480
5 482
5 489
5 516
5 527
5 595
5 611
5 615
5 625
5 628
5 633
5 640
5 657
5 684
5 710
5 711
5 743
5 815
5 819
5 824
5 852
5 855
5 861
5 867
5 873
5 891
5 946
5 951
5 971
5 979
5 54
5 6
5 8
5 9
5 12
5 15
5 28
5 37
5 39
5 40
5 43
6 8
6 12
6 18
6 22
6 79
6 81
6 84
6 90
6 176
6 323
6 721
6 785
6 876
6 903
6 910
6 986
6 54
6 77
7 15
7 16
7 23
7 86
7 124
7 145
7 153
7 184
7 197
7 269
7 361
7 432
7 442
7 468
7 744
7 841
7 878
8 9
8 22
8 36
8 40
8 47
8 180
8 192
8 329
8 395
8 509
8 524
8 541
8 784
8 897
8 922
8 923
8 955
8 54
8 11
8 13
8 14
8 16
8 19
8 20
8 33
8 35
8 38
8 51
8 55
8 59
8 66
8 68
8 75
8 88
8 99
8 125
8 139
9 17
9 20
9 91
10 24
10 54
10 58
10 166
10 237
10 310
10 333
10 796
10 958
11 13
11 17
11 24
11 30
11 44
11 48
11 52
11 53
11 59
11 62
11 65
11 69
11 94
11 102
11 114
11 138
11 152
11 166
11 226
11 233
11 255
11 258
11 280
11 305
11 324
11 356
11 366
11 371
11 376
11 408
11 417
11 431
11 463
11 467
11 496
11 499
11 514
11 530
11 534
11 539
11 605
11 621
11 622
11 629
11 632
11 661
11 667
11 679
11 714
11 719
11 720
11 733
11 746
11 775
11 779
11 839
11 848
11 849
11 871
11 872
11 890
11 892
11 900
11 930
11 938
11 949
11 27
11 110
12 111
12 136
12 229
12 313
12 370
12 623
12 653
12 54
12 21
12 27
12 32
12 34
12 39
12 41
12 53
12 62
12 69
12 71
12 101
12 138
12 142
13 24
13 136
13 525
13 651
13 758
13 49
14 18
14 52
14 134
14 146
14 163
14 281
14 295
14 303
14 317
14 398
14 420
14 497
14 501
14 558
14 631
14 686
14 754
14 776
14 803
14 823
14 836
14 904
14 916
14 991
14 20
14 68
15 16
15 70
15 159
15 184
15 282
15 428
15 593
15 898
15 24
15 31
15 41
15 84
16 25
16 33
16 35
16 66
16 67
16 72
16 86
16 101
16 102
16 117
16 137
16 142
16 143
16 173
16 184
16 195
16 224
16 393
16 429
16 500
16 586
16 756
16 763
16 840
16 37
16 71
16 98
16 116
16 135
16 136
16 141
17 42
17 74
17 170
18 23
18 135
18 182
18 424
18 490
18 575
18 612
18 665
18 672
18 673
18 690
18 764
18 774
18 800
18 882
18 936
18 970
19 79
19 81
19 85
19 90
19 100
19 130
19 139
19 266
19 267
19 274
19 389
19 474
19 481
19 483
19 505
19 564
19 681
19 689
19 702
19 706
19 817
19 838
19 963
19 981
19 982
19 993
19 995
19 34
19 57
19 151
19 163
19 178
20 31
20 32
20 34
20 57
20 89
20 93
20 161
20 169
20 200
20 221
20 227
20 240
20 249
20 279
20 355
20 372
20 412
20 443
20 447
20 460
20 479
20 487
20 511
20 547
20 646
20 688
20 695
20 729
20 753
20 805
20 842
20 860
20 874
20 877
20 959
20 983
20 994
20 26
20 30
20 95
20 100
20 104
20 110
20 144
20 148
20 150
21 61
21 98
21 238
21 755
21 36
21 84
22 36
22 96
22 105
22 253
22 414
22 788
22 811
22 897
23 25
23 28
23 35
23 130
23 156
23 162
23 244
23 275
23 278
23 321
23 523
23 542
23 608
23 769
23 895
23 932
24 32
24 58
24 141
24 434
24 894
25 56
25 614
25 691
26 77
26 123
27 29
27 61
27 105
27 110
27 114
27 126
27 165
27 241
27 294
27 306
27 397
27 413
27 455
27 466
27 469
27 649
27 700
27 736
27 741
27 761
27 927
27 60
28 53
28 99
28 145
28 147
28 175
28 205
28 216
28 325
28 427
28 504
28 578
28 591
28 962
29 35
29 39
29 40
29 162
29 307
29 318
29 346
29 353
29 387
29 416
29 503
29 512
29 533
29 556
29 566
29 580
29 589
29 620
29 658
29 680
29 683
29 731
29 748
29 772
29 851
29 865
29 907
29 929
29 960
29 968
29 976
29 980
29 987
29 180
30 33
30 73
31 45
31 46
31 149
31 169
31 172
31 236
31 362
31 399
31 444
31 610
31 682
31 737
31 824
31 843
31 946
31 63
31 77
32 48
32 50
32 549
32 914
32 977
32 112
33 66
33 148
33 173
33 275
33 347
33 436
33 45
33 58
33 63
33 65
33 87
33 97
33 107
33 110
33 113
33 116
33 117
33 126
33 128
33 129
33 134
33 142
34 260
34 45
34 46
34 85
34 124
34 147
35 63
35 126
35 202
35 332
35 365
35 592
35 670
35 693
35 745
35 795
35 871
35 908
35 952
35 965
35 62
36 54
36 183
37 42
37 312
37 64
38 117
39 191
39 380
39 856
39 48
39 50
39 55
39 69
39 86
39 102
39 122
39 141
40 107
40 115
40 352
40 360
40 569
40 583
40 709
41 90
42 51
42 60
42 62
42 122
42 132
42 297
42 899
43 969
43 62
44 60
44 62
44 178
44 284
44 537
44 636
45 49
45 93
45 147
46 55
46 88
46 91
46 161
46 293
46 685
46 771
46 845
47 64
47 131
47 163
47 426
47 438
47 450
47 639
47 757
47 774
48 126
48 402
48 447
48 530
49 160
49 201
49 470
49 543
49 786
49 875
49 954
49 978
49 98
50 83
50 164
50 174
50 374
50 517
50 677
50 767
50 70
50 200
51 70
51 73
51 80
51 82
51 91
51 113
51 121
51 140
51 150
51 170
51 194
51 369
51 406
51 458
51 498
51 508
51 577
51 600
51 705
51 739
51 806
51 810
51 818
51 825
51 854
51 867
51 868
51 870
51 893
51 924
52 59
52 75
52 92
53 63
53 152
54 109
54 120
54 70
54 76
54 81
54 106
54 121
54 147
54 149
55 655
57 141
57 147
57 190
57 208
57 377
57 601
57 616
57 941
57 72
57 73
58 69
58 76
58 127
58 151
58 199
58 407
58 409
58 704
58 79
58 88
58 92
58 108
58 133
59 676
59 837
59 956
59 103
59 105
59 119
60 106
60 140
61 425
62 75
62 510
62 896
62 925
62 68
62 101
62 134
62 155
63 89
63 112
63 147
63 177
63 189
63 193
63 200
63 234
63 263
63 302
63 308
63 327
63 349
63 471
63 486
63 572
63 582
63 637
63 650
63 685
63 699
63 707
63 726
63 766
63 829
63 850
63 859
63 885
63 911
63 920
63 928
63 91
64 107
64 182
64 192
64 243
65 109
65 224
65 536
65 671
65 717
65 934
65 937
65 996
66 277
66 379
67 103
67 158
67 215
67 354
67 356
67 363
67 378
67 445
67 567
67 728
67 738
67 759
67 878
68 887
69 250
69 301
70 157
70 185
70 239
70 435
70 448
70 581
70 668
70 718
70 159
71 160
71 177
71 391
71 538
71 760
71 985
71 81
71 106
71 109
71 125
71 131
72 87
72 156
72 883
72 945
72 83
73 128
73 149
73 95
73 118
74 80
74 92
75 280
75 291
75 666
75 869
75 888
76 85
76 100
76 125
76 141
76 252
76 320
76 847
76 81
77 694
77 91
78 89
78 92
78 118
78 129
78 150
78 488
78 562
78 579
78 596
78 768
78 906
78 935
78 973
78 975
79 165
79 202
79 207
79 344
79 346
79 492
79 500
79 526
79 613
79 966
81 98
81 248
81 294
81 309
81 383
81 715
81 792
81 821
81 83
81 191
82 781
82 799
83 135
83 321
83 340
83 421
83 518
83 593
83 752
83 902
83 913
83 933
83 140
83 190
84 100
84 143
85 288
85 304
85 506
85 590
85 176
86 858
87 124
87 948
87 119
88 140
88 201
89 437
89 529
89 664
89 957
90 136
90 303
90 367
90 573
90 680
91 160
91 375
91 943
91 111
91 120
91 129
92 181
92 271
92 446
92 588
93 794
94 167
94 230
94 877
94 177
95 115
96 359
96 416
96 678
96 832
96 989
97 122
97 158
97 203
97 284
97 350
97 560
97 834
98 111
98 131
98 384
98 585
99 931
100 245
100 394
100 464
100 493
100 563
100 599
100 607
100 624
100 765
100 832
100 944
101 159
101 173
101 154
102 137
102 139
102 235
102 270
102 386
102 405
102 531
102 634
102 866
103 722
104 186
104 335
104 581
104 708
105 152
106 826
106 120
107 322
107 381
107 494
107 517
109 315
109 809
109 175
110 162
110 201
110 478
110 544
110 630
110 654
110 961
111 290
111 300
111 441
111 485
111 619
111 642
111 643
111 742
111 903
113 203
113 326
113 648
113 831
114 127
114 144
114 165
114 217
114 246
114 273
114 337
114 452
114 476
114 574
114 594
114 627
114 674
114 886
114 889
114 918
114 972
114 974
115 232
115 456
115 551
116 401
116 798
117 449
118 122
118 568
118 675
118 789
118 130
119 223
119 782
119 905
121 146
121 155
121 179
121 181
121 272
121 364
121 430
121 445
121 453
121 522
121 564
121 618
121 778
121 797
121 812
122 138
122 330
122 475
122 638
122 750
122 926
122 158
122 203
124 659
124 692
124 771
124 189
126 185
126 197
126 246
126 461
126 730
126 827
126 864
126 942
127 141
128 328
128 663
128 853
129 188
129 287
129 311
130 198
130 316
131 370
131 390
131 813
132 259
132 336
132 773
133 392
133 521
133 660
133 919
134 225
134 341
134 532
134 712
136 331
136 584
136 713
136 777
136 816
137 211
137 314
137 440
137 961
137 184
137 195
138 212
138 276
138 789
138 964
139 368
140 175
140 228
140 264
140 289
140 358
140 457
140 520
140 635
140 652
140 703
140 732
140 791
140 170
141 149
141 166
141 167
141 218
141 331
141 388
141 419
141 545
141 547
141 553
141 626
141 820
141 828
141 846
141 917
141 979
142 171
142 286
142 433
142 597
142 603
142 641
142 656
142 747
142 879
142 880
144 151
144 152
144 154
145 151
145 251
145 342
145 418
145 749
145 186
146 158
147 199
147 528
147 725
147 727
148 939
149 357
149 535
149 571
149 701
149 751
149 884
149 992
150 403
150 513
150 576
150 751
150 169
151 171
151 200
151 339
151 385
151 554
151 644
151 662
151 716
151 790
151 802
151 933
152 343
152 647
165 176
179 203
180 192
