0 1
0 2
0 3
0 5
0 6
0 8
0 9
0 11
0 14
0 16
0 18
0 21
0 25
0 28
0 34
0 35
0 38
0 41
0 45
0 55
0 57
0 58
0 60
0 61
0 65
0 68
0 75
0 81
0 89
0 97
0 103
0 109
0 115
0 117
0 123
0 124
0 131
0 143
0 149
0 150
0 154
0 157
0 159
0 164
0 167
0 191
0 192
0 193
0 194
0 198
0 216
0 248
0 263
0 264
0 282
0 297
0 312
0 326
0 340
0 429
0 431
0 436
0 441
0 458
0 459
0 463
0 470
0 532
0 533
0 545
0 550
0 566
0 605
0 665
0 710
0 816
0 836
0 856
0 878
0 886
0 897
0 942
0 998
1 2
1 3
1 4
1 5
1 10
1 11
1 15
1 17
1 18
1 21
1 22
1 35
1 36
1 37
1 46
1 50
1 53
1 61
1 63
1 67
1 78
1 81
1 83
1 86
1 94
1 99
1 106
1 118
1 122
1 125
1 127
1 128
1 130
1 139
1 149
1 150
1 152
1 159
1 160
1 164
1 168
1 169
1 174
1 175
1 183
1 191
1 201
1 213
1 229
1 246
1 333
1 350
1 362
1 399
1 407
1 412
1 468
1 515
1 543
1 609
1 643
1 646
1 666
1 692
1 698
1 723
1 733
1 747
1 748
1 782
1 810
1 832
1 858
1 864
1 875
1 876
1 893
1 911
1 921
1 957
1 994
2 3
2 4
2 5
2 6
2 11
2 13
2 20
2 22
2 27
2 33
2 35
2 41
2 51
2 54
2 57
2 58
2 61
2 75
2 76
2 78
2 79
2 82
2 89
2 91
2 108
2 117
2 126
2 144
2 157
2 160
2 170
2 177
2 179
2 188
2 194
2 196
2 203
2 278
2 285
2 432
2 434
2 437
2 500
2 503
2 530
2 561
2 596
2 649
2 664
2 676
2 699
2 708
2 727
2 753
2 761
2 819
2 826
2 829
2 837
2 846
2 850
2 971
2 975
3 5
3 8
3 16
3 18
3 29
3 42
3 49
3 65
3 81
3 88
3 92
3 94
3 96
3 98
3 110
3 117
3 122
3 137
3 138
3 149
3 175
3 176
3 180
3 199
3 204
3 346
3 353
3 431
3 525
3 557
3 640
3 687
3 731
3 797
3 877
3 903
4 9
4 13
4 22
4 26
4 92
4 116
4 202
4 315
4 404
4 507
4 627
4 692
4 720
4 905
4 104
4 5
4 11
5 11
5 12
5 14
5 15
5 16
5 19
5 20
5 23
5 25
5 30
5 31
5 32
5 33
5 36
5 39
5 48
5 51
5 59
5 61
5 67
5 70
5 79
5 101
5 107
5 134
5 137
5 145
5 148
5 159
5 166
5 168
5 171
5 180
5 186
5 193
5 197
5 212
5 236
5 252
5 253
5 276
5 286
5 287
5 314
5 358
5 378
5 382
5 384
5 400
5 401
5 422
5 423
5 428
5 443
5 449
5 456
5 480
5 482
5 508
5 517
5 521
5 527
5 531
5 542
5 546
5 549
5 558
5 567
5 593
5 597
5 606
5 607
5 619
5 638
5 645
5 661
5 700
5 709
5 725
5 739
5 774
5 779
5 793
5 798
5 804
5 824
5 830
5 838
5 844
5 855
5 860
5 861
5 863
5 870
5 876
5 884
5 888
5 909
5 947
5 963
5 980
5 82
5 6
5 7
5 8
5 22
5 75
6 7
6 17
6 25
6 34
6 40
6 55
6 73
6 75
6 93
6 113
6 136
6 142
6 156
6 167
6 239
6 292
6 305
6 444
6 462
6 492
6 536
6 562
6 613
6 688
6 790
6 795
6 799
6 815
6 835
6 859
6 918
6 922
6 940
6 943
6 82
6 104
6 11
6 12
6 18
6 22
6 48
6 54
6 58
6 67
6 87
6 94
6 110
7 85
7 376
7 735
7 23
7 31
7 53
8 77
8 140
8 756
8 919
8 13
8 14
8 19
8 24
8 27
8 38
8 68
8 102
8 114
8 123
8 125
9 13
9 502
9 506
9 984
9 201
10 23
10 31
10 32
10 66
10 334
10 411
10 479
10 724
10 768
10 961
10 82
10 11
10 25
11 14
11 19
11 24
11 70
11 168
11 393
11 529
11 564
11 600
11 781
11 792
11 833
11 852
11 913
11 956
11 12
11 16
11 22
11 23
11 28
11 37
11 38
11 46
11 57
11 59
11 60
11 79
11 90
11 125
11 148
12 46
12 116
12 159
12 198
12 349
12 353
12 370
12 472
12 742
12 749
12 759
12 887
12 35
12 37
13 46
13 68
13 94
13 207
13 777
13 788
13 19
13 26
13 99
13 140
14 33
14 44
14 602
14 673
14 924
14 995
14 104
14 81
14 85
14 103
14 144
15 621
15 814
16 51
16 84
16 543
16 813
16 100
16 108
16 121
16 131
16 141
17 603
17 639
17 854
18 42
18 62
18 178
18 183
18 481
18 772
18 906
18 976
18 25
18 51
18 77
18 84
19 20
19 84
19 121
19 158
19 170
19 209
19 295
19 324
19 421
19 577
19 685
19 55
19 80
19 131
19 194
20 197
20 490
21 52
21 60
21 270
21 674
22 26
22 27
22 30
22 56
22 58
22 120
22 128
22 153
22 240
22 250
22 271
22 343
22 442
22 453
22 471
22 480
22 506
22 559
22 574
22 578
22 611
22 624
22 654
22 764
22 849
22 851
22 933
22 936
22 948
22 965
22 45
22 90
22 104
22 106
22 108
22 130
22 136
22 140
23 38
23 39
23 44
23 45
23 48
23 59
23 65
23 87
23 98
23 107
23 129
23 139
23 146
23 149
23 153
23 193
23 306
23 325
23 336
23 337
23 359
23 369
23 371
23 379
23 380
23 391
23 395
23 408
23 417
23 418
23 447
23 496
23 514
23 534
23 568
23 590
23 623
23 693
23 696
23 713
23 716
23 717
23 757
23 803
23 817
23 847
23 862
23 882
23 889
23 907
23 916
23 926
23 939
23 949
23 959
23 965
23 980
23 989
23 997
23 82
23 152
24 84
24 158
24 36
24 89
24 146
25 34
25 40
25 42
25 95
25 96
25 162
25 233
25 254
25 267
25 279
25 318
25 406
25 478
25 585
25 615
25 630
25 647
25 712
25 789
25 806
25 879
25 910
25 941
25 944
25 49
25 61
25 88
25 100
25 150
26 56
26 64
26 83
26 96
26 99
26 151
26 156
26 184
26 291
26 332
26 348
26 440
26 770
26 802
26 841
26 945
26 31
26 47
26 93
26 98
26 111
26 112
26 138
27 93
27 125
27 769
27 82
27 43
27 97
28 36
28 41
28 47
28 66
28 151
29 50
29 57
29 62
29 76
29 307
29 484
29 523
29 663
29 800
31 32
31 53
31 227
31 439
31 541
31 92
32 37
32 161
32 258
32 311
32 452
32 563
32 667
32 754
32 898
32 962
32 966
33 56
33 63
33 70
33 74
33 97
33 145
33 155
33 184
33 197
33 256
33 327
33 401
33 413
33 425
33 438
33 483
33 490
33 569
33 618
33 620
33 634
33 683
33 686
33 695
33 766
33 785
33 820
33 848
33 866
33 914
33 920
33 955
33 969
34 113
34 218
34 633
35 103
36 166
36 741
36 50
36 67
36 92
37 41
37 68
37 104
37 173
37 203
37 228
37 374
37 518
37 538
37 555
37 584
37 732
37 762
37 153
38 45
38 95
38 185
38 299
38 637
38 760
38 776
38 56
38 70
38 80
38 100
38 105
38 143
38 162
39 43
39 79
39 89
39 120
39 126
39 142
39 147
39 164
39 245
39 338
39 356
39 364
39 414
39 454
39 504
39 576
39 587
39 629
39 635
39 656
39 704
39 728
39 796
39 843
39 891
39 908
39 923
39 974
39 104
39 76
39 114
40 50
40 80
40 387
40 626
40 651
40 787
41 47
41 63
41 77
41 112
41 129
41 187
41 192
41 325
41 682
41 828
42 80
42 95
42 108
42 181
42 293
42 409
42 539
42 553
42 670
42 671
42 690
42 707
42 763
42 778
42 931
42 953
42 82
43 85
43 87
43 126
43 200
43 642
43 96
44 77
44 261
44 269
44 424
44 765
44 840
44 82
44 180
45 47
45 54
45 104
45 109
45 112
45 115
45 132
45 182
45 281
45 301
45 331
45 366
45 451
45 680
45 750
45 831
45 869
45 928
45 934
45 954
45 64
46 392
46 740
46 894
46 899
46 904
46 951
46 56
47 54
47 283
47 394
47 437
47 951
47 52
47 128
48 67
48 79
48 189
48 227
48 367
48 386
48 495
48 551
48 594
48 115
48 134
49 351
49 365
49 820
49 970
49 67
49 77
49 96
50 243
50 342
50 964
51 309
51 316
51 321
51 868
51 874
51 886
51 925
51 82
52 194
52 372
52 582
52 900
52 75
52 113
53 134
53 148
53 224
53 230
53 280
53 329
53 416
53 519
53 689
53 979
53 115
53 136
53 166
54 260
54 397
54 146
55 178
56 64
56 300
56 308
56 86
57 162
57 352
57 361
57 82
58 104
58 118
59 66
59 171
59 929
59 952
60 69
60 86
60 135
60 497
60 521
60 678
60 885
60 967
60 104
60 81
60 87
60 125
61 268
61 294
61 377
61 473
61 679
61 730
62 71
62 302
62 317
62 552
62 718
62 901
63 65
63 99
63 129
63 140
63 161
63 172
63 241
63 242
63 265
63 274
63 288
63 341
63 354
63 390
63 460
63 464
63 475
63 485
63 528
63 570
63 583
63 601
63 632
63 665
63 701
63 726
63 743
63 752
63 755
63 780
63 791
63 808
63 822
63 839
63 853
63 927
63 938
63 981
63 982
63 983
63 991
63 999
64 78
64 190
64 202
64 328
64 383
64 887
64 912
64 97
64 129
65 98
65 140
65 188
65 296
65 310
65 494
65 668
65 736
65 758
67 628
68 138
68 141
68 220
68 881
70 72
70 461
70 516
70 91
71 465
71 636
72 706
73 467
74 669
74 745
74 946
74 82
75 118
75 510
75 524
75 691
75 705
75 749
76 114
76 142
76 168
76 209
76 247
76 304
76 403
76 415
76 548
76 612
76 773
76 872
76 968
76 986
76 82
77 174
77 231
77 388
77 427
77 455
77 498
77 598
77 892
77 105
77 136
78 94
78 100
78 202
78 511
78 915
78 990
79 102
79 208
79 617
79 775
80 107
80 167
80 196
81 262
81 344
81 360
81 410
81 513
81 565
81 685
81 765
81 197
82 84
82 88
82 97
82 105
82 107
82 119
82 138
83 488
83 895
83 988
84 272
84 290
84 345
84 489
84 93
85 714
85 823
85 871
86 569
87 206
87 405
87 474
88 90
88 152
88 466
88 486
88 579
88 650
89 154
89 237
89 273
89 505
89 526
89 794
89 834
90 163
90 225
90 266
90 298
90 737
90 890
90 917
90 992
91 672
92 179
92 303
92 319
92 323
92 328
92 575
92 616
92 715
92 751
92 148
93 207
93 257
93 509
93 580
93 644
93 657
93 659
93 677
93 783
93 811
93 873
93 972
93 993
93 117
93 143
93 181
94 165
94 375
94 402
94 430
94 469
94 475
94 563
94 604
94 610
94 625
94 662
94 675
94 736
94 738
94 771
94 865
94 950
94 958
94 147
95 133
95 136
96 105
96 181
96 183
96 196
96 419
96 492
96 493
96 719
96 721
96 935
97 110
97 119
97 135
97 415
97 589
97 985
97 152
98 101
98 129
98 340
98 389
98 784
99 195
99 214
99 222
99 232
99 313
99 512
99 867
99 880
100 109
101 322
101 554
101 722
101 729
101 767
102 107
102 131
102 223
102 335
102 544
103 176
103 435
104 111
104 221
104 235
104 446
104 499
104 586
104 660
104 711
104 135
104 151
104 203
107 255
107 284
107 635
107 121
108 135
108 158
108 259
108 368
108 445
108 476
108 487
108 572
108 599
108 648
108 960
109 244
109 251
109 420
109 591
109 595
109 702
109 744
109 857
109 930
110 786
113 226
113 320
113 809
113 932
113 987
115 210
115 289
115 681
115 142
115 153
115 165
115 192
116 652
116 937
117 608
117 694
119 622
119 842
120 355
120 631
120 703
120 734
120 845
122 479
125 275
125 573
125 788
126 217
126 238
126 457
126 510
126 770
126 825
126 978
128 132
128 137
128 143
128 146
128 172
128 196
128 385
128 581
128 592
128 641
128 655
128 684
128 805
128 902
128 186
129 277
129 426
129 491
129 588
129 614
129 896
130 249
130 520
131 176
131 977
131 149
132 165
132 381
132 697
134 450
135 347
135 396
135 448
135 653
136 211
137 215
137 234
137 363
137 520
137 556
137 746
137 821
137 883
138 160
138 173
139 169
139 219
139 330
139 339
139 373
139 560
140 537
141 161
142 157
142 185
142 433
142 522
142 827
143 357
143 547
146 205
146 176
148 501
149 165
149 187
149 535
150 199
150 801
150 818
151 571
151 658
151 812
151 996
152 398
152 477
152 540
152 807
152 973
167 200
178 200
