0 1
0 2
0 3
0 4
0 6
0 8
0 15
0 21
0 22
0 54
0 57
0 93
0 99
0 104
0 109
0 112
0 114
0 117
0 121
0 132
0 140
0 143
0 144
0 145
0 149
0 167
0 177
0 190
0 196
0 215
0 284
0 346
0 375
0 439
0 501
0 580
0 641
0 690
0 705
0 706
0 712
0 728
0 762
0 818
0 863
0 907
0 941
0 958
0 976
1 2
1 3
1 4
1 14
1 21
1 22
1 27
1 29
1 31
1 32
1 35
1 45
1 48
1 62
1 72
1 76
1 82
1 92
1 97
1 99
1 105
1 121
1 122
1 123
1 129
1 132
1 133
1 136
1 142
1 145
1 158
1 173
1 196
1 199
1 200
1 213
1 222
1 388
1 394
1 420
1 464
1 544
1 575
1 595
1 599
1 604
1 656
1 683
1 711
1 727
1 743
1 766
1 797
1 851
1 945
1 946
2 3
2 4
2 5
2 7
2 8
2 10
2 11
2 19
2 22
2 24
2 26
2 29
2 30
2 38
2 41
2 49
2 53
2 55
2 60
2 75
2 79
2 82
2 83
2 85
2 98
2 102
2 106
2 124
2 127
2 133
2 142
2 143
2 151
2 153
2 159
2 164
2 171
2 176
2 181
2 186
2 193
2 194
2 209
2 249
2 303
2 309
2 341
2 382
2 415
2 496
2 550
2 554
2 566
2 579
2 635
2 639
2 679
2 710
2 718
2 744
2 759
2 760
2 790
2 815
2 824
2 840
2 867
2 931
2 957
2 981
2 986
3 4
3 5
3 6
3 7
3 11
3 12
3 14
3 29
3 33
3 38
3 47
3 48
3 53
3 54
3 58
3 59
3 66
3 73
3 78
3 90
3 91
3 95
3 97
3 102
3 103
3 108
3 119
3 124
3 129
3 131
3 133
3 146
3 149
3 152
3 153
3 154
3 168
3 169
3 186
3 187
3 188
3 190
3 192
3 248
3 254
3 292
3 387
3 393
3 479
3 506
3 545
3 553
3 584
3 621
3 651
3 655
3 700
3 781
3 800
3 950
3 953
4 7
4 9
4 11
4 17
4 18
4 23
4 24
4 25
4 26
4 27
4 31
4 34
4 35
4 37
4 39
4 42
4 45
4 46
4 49
4 55
4 59
4 60
4 61
4 69
4 74
4 75
4 83
4 90
4 91
4 92
4 94
4 96
4 98
4 99
4 110
4 115
4 129
4 130
4 140
4 150
4 153
4 161
4 163
4 173
4 175
4 177
4 179
4 184
4 189
4 194
4 195
4 226
4 252
4 288
4 305
4 310
4 312
4 332
4 370
4 403
4 407
4 422
4 450
4 486
4 522
4 537
4 558
4 606
4 662
4 676
4 708
4 720
4 740
4 746
4 757
4 808
4 809
4 819
4 865
4 900
4 944
4 952
4 988
5 38
5 64
5 139
5 148
5 185
5 285
5 411
5 438
5 668
5 948
5 956
5 108
5 6
5 17
5 18
5 22
5 27
5 82
5 112
5 129
6 9
6 17
6 19
6 23
6 52
6 109
6 576
6 7
7 8
7 13
7 92
7 119
7 128
7 135
7 152
7 334
7 504
7 563
7 658
7 792
7 850
7 857
7 886
7 891
7 904
7 108
7 9
7 11
7 18
7 20
7 25
7 27
7 31
7 32
7 33
7 39
7 57
7 69
7 87
7 103
7 104
7 110
7 111
7 123
7 126
8 41
8 54
8 96
8 138
8 192
8 204
8 242
8 345
8 413
8 487
8 578
8 671
8 695
8 835
9 11
9 12
9 17
9 23
9 27
9 36
9 37
9 43
9 46
9 52
9 77
9 80
9 88
9 102
9 103
9 107
9 113
9 122
9 123
9 151
9 153
9 156
9 238
9 279
9 282
9 314
9 333
9 340
9 350
9 364
9 383
9 398
9 402
9 432
9 434
9 439
9 466
9 471
9 472
9 514
9 518
9 529
9 538
9 541
9 558
9 618
9 619
9 733
9 735
9 753
9 758
9 772
9 782
9 786
9 794
9 796
9 816
9 829
9 866
9 871
9 880
9 888
9 908
9 929
9 932
9 939
9 962
9 978
9 987
10 13
10 84
10 510
11 12
11 18
11 21
11 45
11 115
11 274
11 299
11 577
11 721
11 852
11 942
11 15
11 17
11 44
11 53
11 73
12 18
12 20
12 50
12 126
12 137
12 227
12 245
12 266
12 280
12 286
12 983
12 985
13 30
13 34
13 41
13 58
13 107
13 112
13 136
13 209
13 367
13 408
13 426
13 556
13 666
13 767
13 826
13 954
14 15
14 16
14 28
14 40
14 51
14 55
14 65
14 70
14 97
14 113
14 175
14 184
14 294
14 357
14 358
14 366
14 474
14 654
14 694
14 814
14 873
14 885
14 918
15 16
15 28
15 734
15 878
15 108
15 18
15 20
15 38
15 64
15 68
15 75
15 76
15 148
16 25
16 28
16 43
16 50
16 51
16 54
16 89
16 93
16 95
16 223
16 267
16 320
16 321
16 376
16 384
16 448
16 524
16 540
16 571
16 644
16 714
16 730
16 770
16 846
16 894
16 913
16 924
16 995
17 36
17 160
17 166
17 170
17 181
17 353
17 372
17 822
17 847
17 989
17 24
17 45
17 54
17 58
17 61
17 86
17 91
17 100
17 116
17 120
17 134
17 135
17 141
18 42
18 50
18 137
18 191
18 211
18 241
18 302
18 330
18 347
18 409
18 416
18 476
18 482
18 659
18 831
18 842
18 926
18 19
18 28
18 55
18 126
18 135
19 37
19 39
19 118
19 240
19 442
19 804
19 943
19 21
19 120
20 57
20 68
20 80
20 106
20 337
20 560
20 628
20 936
20 947
20 967
20 25
20 41
20 44
20 75
20 78
20 86
20 129
21 38
21 59
21 87
21 90
21 237
21 397
21 406
21 543
21 552
21 638
21 768
21 984
21 34
21 51
21 68
22 208
22 457
22 532
22 813
22 906
22 966
22 23
22 61
23 44
23 67
23 77
23 165
23 793
23 35
23 112
24 35
24 40
24 51
24 65
24 71
24 188
24 218
24 272
24 175
25 111
25 117
25 144
25 500
25 26
25 34
25 38
25 39
25 42
25 60
25 92
25 94
25 106
25 138
26 78
27 28
27 40
27 43
27 67
27 78
27 88
27 98
27 177
27 193
27 200
27 203
27 291
27 343
27 423
27 609
27 690
27 702
27 827
27 870
27 876
27 935
27 951
27 71
27 96
27 114
27 115
28 56
28 110
28 175
28 611
28 738
28 838
28 940
29 63
29 94
29 100
29 117
29 149
29 150
29 174
29 198
29 235
29 361
29 429
29 435
29 509
29 567
29 674
29 707
29 837
29 882
29 965
29 108
29 36
29 164
30 83
30 92
30 189
30 481
30 561
31 66
31 74
31 141
31 166
31 224
31 456
31 485
31 515
31 562
31 709
31 717
31 759
31 887
31 973
31 174
32 317
32 513
32 669
32 884
32 113
33 47
33 105
33 125
33 205
33 256
33 352
33 366
33 368
33 468
33 581
33 585
33 616
33 664
33 732
33 750
33 778
33 789
33 825
33 911
34 47
34 64
34 94
34 97
34 144
34 204
35 75
35 105
35 410
35 530
35 755
35 845
35 859
35 883
35 58
36 633
36 989
36 42
36 43
36 86
36 103
37 79
37 418
37 441
37 521
37 812
38 63
38 389
38 65
39 49
39 131
39 132
40 64
40 65
40 385
40 661
41 365
41 532
41 752
41 63
42 127
42 137
42 210
42 431
42 557
42 598
42 46
42 72
43 79
43 164
43 173
43 195
43 197
43 228
43 257
43 283
43 315
43 374
43 429
43 446
43 453
43 531
43 625
43 637
43 645
43 647
43 670
43 724
43 828
43 836
43 847
43 961
43 56
43 127
44 100
44 715
44 822
44 72
44 84
45 565
45 629
45 102
45 128
47 58
47 61
47 101
47 107
47 114
47 182
47 206
47 214
47 298
47 331
47 449
47 564
47 572
47 686
47 736
47 839
47 843
47 877
47 902
47 903
47 969
48 210
49 66
49 116
49 139
49 159
49 168
49 179
49 180
49 275
49 396
49 451
49 454
49 480
49 493
49 517
49 643
49 795
49 820
49 879
50 101
50 168
50 265
50 300
50 364
50 440
50 458
50 624
50 763
50 788
50 799
50 817
50 844
50 855
50 895
50 914
50 927
51 56
51 73
51 163
51 172
51 321
51 360
51 373
51 614
51 889
51 938
51 981
52 912
53 502
54 58
54 100
54 120
54 141
54 174
54 251
54 253
54 326
54 328
54 359
54 379
54 411
54 421
54 494
54 500
54 559
54 600
54 648
54 680
54 692
54 719
54 774
54 775
54 805
54 810
54 833
54 848
54 890
54 896
54 916
54 937
54 158
55 68
55 75
55 111
55 113
55 232
55 247
55 313
55 342
55 395
55 470
55 475
55 590
55 596
55 623
55 749
55 853
55 974
55 999
56 170
56 180
56 233
56 268
56 281
56 447
56 533
56 602
56 615
56 631
56 653
56 678
56 876
56 964
56 991
57 82
57 276
57 673
57 970
57 91
57 129
58 85
58 119
58 138
58 147
58 269
58 365
58 765
58 906
58 67
58 78
59 99
59 262
59 297
59 318
59 455
59 780
59 802
59 823
59 868
59 933
59 977
60 652
60 803
60 194
61 212
61 277
61 741
61 77
61 90
61 134
61 142
61 149
62 182
62 832
63 81
63 716
63 143
63 195
64 68
64 87
64 89
64 100
64 126
64 148
64 161
64 261
64 270
64 369
64 583
64 622
64 646
64 791
64 930
64 150
65 219
65 247
65 278
65 922
66 141
66 148
66 548
66 811
68 162
68 178
68 184
68 220
68 230
68 698
68 108
68 71
68 130
71 873
71 108
72 88
72 110
73 526
73 688
73 875
73 111
73 139
74 76
74 185
74 491
74 511
74 773
74 899
74 963
75 162
75 243
75 258
75 570
75 621
75 807
75 858
75 114
75 148
76 81
76 84
76 96
76 116
76 128
76 135
76 259
76 271
76 335
76 336
76 339
76 363
76 412
76 430
76 459
76 467
76 503
76 551
76 569
76 573
76 586
76 617
76 657
76 697
76 726
76 754
76 761
76 787
76 869
76 881
76 893
76 905
76 108
77 86
77 425
78 273
78 290
78 93
78 108
78 137
78 145
79 401
79 699
79 713
80 101
80 145
80 508
80 665
81 134
81 525
82 171
82 295
82 672
82 776
82 861
82 107
82 202
83 417
83 452
84 158
84 186
84 996
84 131
85 356
85 675
85 959
85 108
85 130
86 201
86 872
86 101
86 109
87 234
87 527
87 152
88 181
88 140
89 146
89 934
90 404
90 693
91 135
91 689
91 806
92 244
92 495
92 594
92 784
92 95
94 348
94 388
94 549
94 589
94 971
95 462
95 830
95 108
96 204
96 386
96 427
96 607
96 742
96 994
97 322
97 324
97 351
97 169
98 344
98 437
98 601
98 660
99 108
99 140
99 167
99 319
99 392
99 731
99 856
99 165
100 183
100 497
100 185
101 536
101 171
102 630
102 928
103 202
103 542
103 152
104 155
104 171
104 443
104 445
104 465
104 489
104 751
104 917
104 965
105 582
105 649
105 703
105 783
105 897
106 236
106 362
106 390
106 428
106 444
106 555
106 748
106 909
106 990
106 187
107 109
107 119
107 155
107 250
107 293
107 338
107 354
107 377
107 413
107 436
107 469
107 512
107 519
107 546
107 626
107 687
107 696
107 739
107 798
107 801
107 841
107 843
107 854
107 892
107 944
107 952
107 979
107 982
107 998
107 146
107 150
108 301
108 349
108 667
108 691
108 737
108 777
108 849
108 203
109 490
109 528
109 634
110 684
111 117
111 183
111 255
111 260
111 263
111 463
111 477
111 488
111 539
111 587
111 685
111 745
111 925
111 949
111 972
111 997
112 325
112 119
112 124
113 400
113 874
113 921
113 968
113 993
114 129
114 151
114 157
114 229
114 306
114 308
114 327
114 371
114 473
114 484
114 534
114 535
114 547
114 593
114 597
114 612
114 613
114 677
114 682
114 747
114 776
114 779
114 910
114 960
115 143
115 380
115 923
115 975
116 131
116 146
116 164
116 198
116 588
116 725
117 231
117 316
117 478
117 610
117 632
117 723
117 898
118 207
119 120
119 620
119 920
119 986
121 769
121 167
122 568
123 198
123 433
123 483
123 592
123 636
123 640
123 722
123 771
123 980
123 146
124 132
124 192
126 156
126 159
126 199
126 311
126 424
126 499
126 603
126 701
126 729
126 756
126 919
126 992
127 304
127 381
127 419
127 424
127 860
128 785
129 221
129 391
130 834
132 460
132 764
132 915
133 182
135 627
136 246
136 821
139 399
139 901
140 355
140 520
140 864
140 153
140 197
142 169
142 187
142 225
142 264
142 507
142 574
142 609
144 174
144 180
144 307
144 711
144 914
145 176
145 239
145 289
145 296
145 330
145 378
145 405
145 663
145 704
145 191
146 167
146 216
146 323
146 414
146 498
146 608
146 740
147 287
147 650
148 605
148 681
148 862
150 179
151 217
151 461
151 492
151 505
151 516
151 523
151 591
151 642
151 170
152 154
153 165
153 329
153 955
164 171
166 203
201 204
