0 1
0 2
0 3
0 4
0 5
0 7
0 9
0 10
0 13
0 18
0 19
0 26
0 30
0 34
0 43
0 48
0 53
0 61
0 66
0 74
0 81
0 82
0 87
0 97
0 99
0 100
0 105
0 117
0 125
0 129
0 136
0 142
0 151
0 154
0 165
0 168
0 172
0 174
0 183
0 195
0 204
0 205
0 217
0 224
0 302
0 329
0 357
0 365
0 372
0 373
0 381
0 444
0 479
0 482
0 521
0 528
0 543
0 651
0 677
0 695
0 703
0 743
0 752
0 780
0 791
0 794
0 821
0 842
0 855
0 872
0 913
0 957
0 983
0 994
1 2
1 3
1 4
1 5
1 8
1 13
1 18
1 23
1 26
1 33
1 39
1 40
1 54
1 70
1 77
1 85
1 93
1 104
1 105
1 110
1 133
1 144
1 149
1 161
1 166
1 168
1 174
1 178
1 200
1 375
1 466
1 531
1 554
1 646
1 691
1 705
1 770
1 822
1 853
1 866
1 926
2 3
2 4
2 5
2 8
2 21
2 37
2 71
2 79
2 108
2 109
2 111
2 168
2 182
2 186
2 201
2 304
2 399
2 488
2 551
2 670
2 715
2 777
2 907
3 4
3 5
3 9
3 11
3 15
3 27
3 32
3 48
3 55
3 57
3 58
3 68
3 124
3 134
3 139
3 141
3 147
3 157
3 162
3 172
3 178
3 186
3 192
3 194
3 201
3 237
3 255
3 415
3 753
3 772
3 819
3 898
3 933
3 958
3 974
3 992
4 5
4 6
4 9
4 10
4 11
4 14
4 17
4 20
4 25
4 33
4 39
4 41
4 47
4 48
4 55
4 56
4 62
4 65
4 89
4 91
4 93
4 103
4 106
4 110
4 115
4 116
4 123
4 133
4 134
4 135
4 154
4 155
4 158
4 161
4 166
4 170
4 171
4 175
4 177
4 178
4 184
4 195
4 197
4 201
4 228
4 259
4 287
4 297
4 319
4 327
4 333
4 348
4 359
4 389
4 413
4 475
4 506
4 508
4 523
4 537
4 585
4 611
4 615
4 644
4 695
4 768
4 788
4 796
4 834
4 860
4 867
4 886
4 930
4 947
5 6
5 8
5 12
5 18
5 38
5 44
5 53
5 65
5 66
5 72
5 79
5 89
5 92
5 118
5 119
5 136
5 143
5 149
5 153
5 163
5 167
5 170
5 171
5 174
5 181
5 188
5 201
5 290
5 377
5 398
5 452
5 454
5 496
5 510
5 556
5 592
5 622
5 628
5 649
5 664
5 673
5 682
5 690
5 707
5 710
5 719
5 785
5 792
5 809
5 845
5 849
5 971
5 993
6 11
6 64
6 96
6 98
6 197
6 342
6 686
6 117
6 8
6 104
7 34
7 193
7 642
7 653
7 708
7 117
7 8
7 10
7 14
7 19
7 22
7 24
7 26
7 28
7 29
7 42
7 55
7 60
7 78
7 122
7 141
7 155
8 13
8 15
8 16
8 72
8 80
8 162
8 179
8 393
8 446
8 517
8 658
8 717
8 781
8 787
8 827
8 117
8 14
8 19
8 20
8 26
8 42
8 92
8 109
8 133
9 42
9 77
9 94
9 481
9 904
10 12
10 52
10 53
10 71
10 87
10 95
10 202
10 309
10 346
10 376
10 499
10 511
10 569
10 636
10 830
10 41
10 54
10 56
10 77
10 139
11 19
11 24
11 26
11 30
11 409
11 502
11 672
11 688
11 760
11 800
11 817
11 903
11 909
11 914
11 923
11 973
11 989
12 36
12 78
12 152
12 735
12 795
12 117
12 18
12 46
12 154
13 15
13 16
13 22
13 28
13 43
13 57
13 72
13 80
13 91
13 231
13 233
13 557
13 576
13 700
13 715
13 907
13 117
14 71
14 755
14 15
14 23
14 24
14 40
14 82
14 99
14 116
14 123
15 31
15 212
15 300
15 314
15 429
15 443
15 533
15 936
15 16
15 23
15 60
15 65
15 73
15 91
15 96
15 100
15 117
15 118
15 144
16 29
16 40
16 41
16 47
16 53
16 81
16 94
16 96
16 102
16 157
16 202
16 209
16 216
16 242
16 255
16 257
16 315
16 360
16 382
16 388
16 404
16 410
16 417
16 419
16 423
16 427
16 447
16 481
16 497
16 507
16 514
16 536
16 549
16 559
16 561
16 577
16 588
16 600
16 603
16 617
16 632
16 650
16 652
16 667
16 696
16 720
16 722
16 724
16 725
16 729
16 731
16 732
16 742
16 746
16 754
16 811
16 826
16 838
16 875
16 884
16 889
16 895
16 908
16 913
16 916
16 937
16 979
16 985
16 117
16 22
16 142
17 21
17 24
17 25
17 27
17 55
17 253
17 276
17 515
17 775
17 824
17 841
18 29
18 38
18 95
18 912
18 57
18 94
18 118
19 117
19 26
19 31
19 42
19 49
19 58
19 64
19 81
19 121
19 124
21 25
21 32
21 35
21 39
21 50
21 51
21 58
21 59
21 60
21 67
21 75
21 79
21 85
21 88
21 90
21 123
21 127
21 128
21 139
21 156
21 158
21 163
21 187
21 188
21 190
21 198
21 214
21 234
21 240
21 243
21 271
21 296
21 305
21 313
21 320
21 321
21 358
21 364
21 378
21 396
21 406
21 435
21 445
21 458
21 464
21 472
21 484
21 492
21 505
21 535
21 558
21 563
21 565
21 575
21 586
21 591
21 594
21 595
21 601
21 604
21 616
21 630
21 646
21 678
21 684
21 718
21 736
21 766
21 806
21 813
21 850
21 863
21 869
21 877
21 890
21 894
21 902
21 915
21 921
21 960
22 23
22 74
22 85
22 128
22 148
22 213
22 221
22 251
22 274
22 288
22 344
22 478
22 503
22 532
22 580
22 659
22 694
22 759
22 808
22 822
22 831
22 873
22 892
22 920
22 932
22 955
22 969
22 984
22 987
22 998
22 29
22 62
22 72
22 86
22 95
23 61
23 69
23 91
23 147
23 608
23 733
23 58
23 107
24 25
24 27
24 36
24 63
24 73
24 90
24 107
24 108
24 112
24 139
24 140
24 144
24 163
24 250
24 264
24 277
24 279
24 308
24 422
24 462
24 468
24 486
24 491
24 542
24 582
24 639
24 723
24 726
24 728
24 799
24 814
24 836
24 871
24 953
24 964
24 991
24 997
24 33
24 46
24 47
24 106
24 127
25 35
25 59
25 101
25 111
25 142
25 159
25 166
25 262
25 297
25 326
25 402
25 405
25 476
25 573
25 697
25 751
25 774
25 893
25 978
26 37
26 73
26 137
26 169
26 199
26 228
26 308
26 530
26 578
26 625
26 641
26 32
26 35
26 43
26 44
26 63
26 89
27 55
27 132
27 165
27 366
27 596
27 820
27 858
28 39
28 41
28 61
28 67
28 82
28 106
28 123
28 128
28 148
28 184
28 361
28 383
28 480
28 490
28 539
28 613
28 645
28 679
28 698
28 699
28 783
28 816
28 835
28 905
28 917
28 117
28 37
28 66
28 71
29 776
29 35
29 41
29 69
29 73
29 85
29 90
29 103
29 109
29 115
29 135
29 148
30 160
30 167
30 196
30 295
30 629
30 671
30 829
30 864
30 117
30 47
32 58
32 84
32 109
32 118
32 125
32 165
32 535
32 856
32 891
32 67
32 69
33 45
33 67
33 227
33 448
33 797
33 34
33 52
34 40
34 63
34 64
34 83
34 92
34 100
34 114
34 144
34 192
34 203
34 210
34 222
34 284
34 303
34 334
34 354
34 436
34 438
34 547
34 564
34 568
34 581
34 588
34 624
34 626
34 680
34 701
34 804
34 807
34 972
35 230
35 45
35 89
36 38
36 87
36 140
36 193
36 197
36 477
36 572
36 708
36 744
36 748
36 818
36 899
36 911
36 975
36 169
37 422
37 553
38 145
38 191
38 202
38 223
38 247
38 318
38 352
38 621
38 784
38 883
38 942
38 988
39 45
39 50
39 75
39 198
39 225
39 332
39 361
39 408
39 451
39 487
39 500
39 689
39 762
39 828
39 852
39 861
39 924
39 117
40 46
40 80
40 146
40 174
40 236
40 400
40 437
40 498
40 538
40 597
40 623
40 711
40 716
40 854
40 911
40 925
40 944
40 956
40 45
40 73
40 103
40 119
41 89
41 252
41 420
41 552
41 59
41 61
41 130
42 325
42 529
42 534
42 692
42 694
42 764
42 803
42 943
42 986
42 57
42 58
42 59
42 63
42 100
42 101
42 138
43 88
43 126
44 49
44 51
44 54
44 118
44 159
44 285
44 385
44 391
44 469
44 493
44 501
44 522
44 555
44 566
44 648
44 654
44 706
44 763
44 802
44 848
44 897
44 906
44 961
44 67
44 146
45 188
45 198
45 189
47 98
47 338
47 362
47 412
47 449
47 544
47 610
47 847
47 931
48 61
48 89
48 110
48 631
48 117
49 121
49 164
49 705
49 738
49 832
49 843
49 896
49 959
51 59
51 118
51 194
51 269
51 526
51 627
51 747
52 980
52 61
52 82
52 86
52 120
53 57
53 78
53 173
53 261
53 289
53 369
53 395
53 459
53 465
53 467
53 618
53 737
53 810
53 823
53 990
53 117
54 258
54 968
54 74
55 101
55 116
55 281
55 418
55 495
55 562
55 607
55 900
55 67
55 146
57 94
57 135
57 179
57 328
57 339
57 77
57 109
58 77
58 84
58 90
58 125
58 132
58 471
58 80
58 81
58 89
58 91
58 110
59 789
59 881
59 97
59 100
59 120
59 140
60 107
61 76
61 148
61 239
61 416
61 442
61 649
61 660
62 79
62 185
62 220
62 527
62 548
62 633
62 640
62 730
63 350
63 685
63 934
64 70
64 114
64 150
64 267
64 401
64 665
64 815
64 177
65 76
65 173
67 141
67 153
67 187
67 945
67 170
68 403
68 455
68 598
69 103
69 132
69 204
69 384
69 453
69 545
69 741
69 837
69 935
69 965
69 970
69 982
69 79
69 83
69 102
69 128
69 201
70 160
70 215
70 265
70 280
70 316
70 457
70 662
70 702
70 757
70 761
70 938
70 176
71 120
71 164
71 340
71 583
71 782
71 202
72 122
72 254
72 294
72 840
72 857
72 882
73 146
73 167
73 599
73 107
73 148
74 263
74 355
74 473
74 187
74 188
75 153
75 765
75 805
76 229
77 151
77 275
77 282
77 353
77 509
77 570
77 620
77 669
77 778
77 825
77 878
77 950
77 954
77 78
77 93
77 94
78 152
78 218
78 981
78 83
79 85
79 123
79 128
79 131
79 146
79 266
79 270
79 343
79 440
79 441
79 483
79 540
79 574
79 584
79 609
79 622
79 687
79 704
79 727
79 767
79 865
79 962
79 977
79 87
80 550
80 666
80 966
81 86
81 138
81 140
81 637
81 940
82 734
82 162
83 174
83 203
84 88
84 180
84 456
84 721
84 846
85 198
85 206
85 256
85 331
85 349
85 379
85 709
85 739
85 859
85 927
85 101
86 120
86 268
86 98
87 211
87 335
87 368
87 407
87 643
87 749
87 127
88 180
88 190
88 245
88 337
88 431
88 870
88 876
88 880
88 117
89 122
89 546
90 341
90 433
90 485
90 647
90 138
91 386
91 426
91 605
92 928
93 587
93 929
94 786
95 793
96 113
96 137
96 138
96 208
96 246
96 272
96 310
96 370
96 397
96 411
96 470
96 567
96 571
96 602
96 606
96 635
96 668
96 674
96 844
96 868
96 874
96 967
97 656
97 139
100 195
101 299
101 158
102 147
103 763
103 108
103 137
103 150
104 354
104 560
104 111
105 463
105 999
105 117
106 176
106 638
106 952
106 976
106 132
106 173
108 301
108 839
108 116
109 113
110 885
110 949
110 951
111 428
111 693
111 712
112 115
112 320
112 494
114 126
114 130
114 196
114 226
114 307
114 901
114 948
115 155
115 312
115 428
115 471
115 661
115 713
116 330
116 367
116 392
116 513
116 518
116 614
116 750
116 798
116 879
116 134
117 126
117 131
118 132
118 273
118 414
118 790
120 579
122 249
122 439
122 937
123 127
123 248
123 317
123 351
123 424
123 434
123 655
123 704
123 740
123 851
124 291
125 219
125 278
125 299
125 812
126 130
126 292
126 293
126 336
126 394
126 460
126 175
127 311
127 347
127 512
127 137
128 131
128 189
128 244
128 283
128 675
128 756
129 199
129 235
129 238
129 241
129 260
129 363
129 504
129 524
129 612
129 616
129 634
129 676
129 714
129 779
129 886
129 910
129 918
129 919
129 939
129 996
132 207
132 474
132 519
132 995
134 380
134 593
135 184
136 371
136 421
136 432
136 450
136 589
136 657
136 663
136 745
136 801
136 887
137 345
137 619
137 946
138 758
138 144
138 168
139 773
140 144
140 199
140 203
140 941
141 963
142 387
146 298
146 160
147 154
148 153
148 306
148 323
148 425
148 489
148 769
149 161
149 360
149 390
149 683
150 516
150 171
151 754
152 232
152 161
153 286
153 322
153 324
153 356
153 430
153 461
153 520
153 525
153 590
153 681
153 771
153 833
153 862
153 888
154 541
154 922
155 374
155 156
164 202
177 183
