0 1
0 2
0 3
0 4
0 5
0 7
0 12
0 21
0 35
0 41
0 42
0 47
0 53
0 54
0 55
0 65
0 78
0 84
0 88
0 111
0 114
0 115
0 119
0 126
0 130
0 132
0 134
0 141
0 148
0 149
0 167
0 172
0 175
0 185
0 188
0 190
0 195
0 227
0 251
0 350
0 389
0 391
0 579
0 628
0 685
0 740
0 760
0 775
0 821
0 924
0 925
0 939
1 2
1 3
1 4
1 6
1 13
1 19
1 22
1 32
1 39
1 40
1 57
1 63
1 75
1 76
1 77
1 86
1 89
1 93
1 113
1 116
1 122
1 124
1 125
1 133
1 135
1 137
1 146
1 156
1 162
1 168
1 169
1 184
1 186
1 192
1 193
1 199
1 200
1 205
1 212
1 221
1 223
1 260
1 261
1 287
1 357
1 371
1 435
1 522
1 529
1 557
1 562
1 576
1 594
1 650
1 665
1 712
1 801
1 856
1 870
1 886
1 899
1 902
1 913
1 926
1 935
1 937
1 944
2 3
2 4
2 5
2 6
2 7
2 8
2 10
2 11
2 12
2 13
2 16
2 18
2 24
2 27
2 38
2 46
2 63
2 68
2 69
2 72
2 79
2 81
2 82
2 85
2 88
2 89
2 90
2 98
2 102
2 107
2 113
2 116
2 119
2 125
2 130
2 134
2 140
2 144
2 145
2 150
2 151
2 153
2 154
2 157
2 174
2 183
2 184
2 186
2 192
2 204
2 214
2 273
2 283
2 302
2 308
2 311
2 420
2 439
2 469
2 506
2 511
2 541
2 573
2 575
2 608
2 646
2 659
2 670
2 671
2 699
2 741
2 748
2 754
2 758
2 780
2 816
2 819
2 855
2 919
2 960
3 4
3 12
3 26
3 35
3 43
3 47
3 48
3 51
3 66
3 71
3 72
3 83
3 103
3 110
3 117
3 119
3 135
3 149
3 152
3 153
3 154
3 158
3 165
3 171
3 172
3 173
3 175
3 179
3 181
3 186
3 187
3 188
3 195
3 196
3 197
3 198
3 199
3 202
3 217
3 249
3 275
3 340
3 373
3 390
3 400
3 405
3 416
3 464
3 482
3 616
3 806
3 814
3 842
3 858
3 890
3 930
3 933
3 999
4 5
4 14
4 20
4 21
4 26
4 41
4 51
4 55
4 56
4 67
4 85
4 92
4 109
4 114
4 115
4 117
4 125
4 136
4 149
4 161
4 163
4 165
4 177
4 224
4 306
4 360
4 539
4 588
4 596
4 703
4 838
4 839
4 955
5 10
5 31
5 336
5 484
5 706
5 133
5 16
5 103
5 7
5 8
5 12
5 26
5 42
5 66
5 96
5 116
5 128
6 8
6 9
6 32
6 36
6 37
6 45
6 54
6 58
6 62
6 68
6 70
6 76
6 77
6 97
6 114
6 142
6 250
6 279
6 300
6 346
6 355
6 377
6 392
6 455
6 473
6 487
6 555
6 565
6 585
6 618
6 705
6 752
6 757
6 794
6 848
6 859
6 893
6 936
6 951
6 103
6 11
6 13
6 18
6 22
6 39
6 63
6 121
7 10
7 27
7 34
7 74
7 95
7 138
7 336
7 387
7 446
7 474
7 914
7 968
7 133
8 9
8 49
8 55
8 70
8 194
8 259
8 380
8 381
8 584
8 133
8 11
8 12
8 15
8 84
9 21
9 25
9 36
9 57
9 70
9 310
9 394
9 440
9 868
9 876
9 894
9 204
10 11
10 19
10 34
10 88
10 100
10 101
10 105
10 254
10 498
10 556
10 580
10 730
10 878
10 103
10 36
11 14
11 15
11 22
11 29
11 31
11 53
11 56
11 65
11 78
11 79
11 91
11 93
11 121
11 132
11 155
11 164
11 176
11 178
11 187
11 193
11 202
11 207
11 211
11 219
11 220
11 228
11 240
11 247
11 278
11 281
11 285
11 293
11 342
11 343
11 349
11 351
11 358
11 364
11 366
11 378
11 382
11 385
11 388
11 409
11 417
11 427
11 436
11 470
11 477
11 513
11 526
11 530
11 531
11 553
11 600
11 615
11 629
11 655
11 660
11 666
11 681
11 708
11 714
11 716
11 726
11 737
11 742
11 766
11 803
11 812
11 851
11 854
11 892
11 906
11 910
11 912
11 921
11 940
11 941
11 945
11 949
11 969
11 974
11 976
11 977
11 978
11 983
11 988
11 994
11 997
11 13
11 19
11 30
11 44
11 47
11 51
11 81
11 125
12 17
12 20
12 23
12 24
12 38
12 44
12 50
12 64
12 66
12 86
12 107
12 109
12 112
12 115
12 152
12 179
12 200
12 246
12 294
12 301
12 309
12 352
12 375
12 393
12 397
12 442
12 462
12 465
12 468
12 505
12 507
12 523
12 582
12 583
12 592
12 610
12 611
12 638
12 640
12 661
12 682
12 697
12 709
12 713
12 715
12 727
12 765
12 793
12 802
12 811
12 897
12 954
12 975
12 979
12 993
12 18
12 19
12 27
12 34
12 65
12 76
12 89
12 106
12 150
12 198
13 17
13 23
13 28
13 32
13 50
13 96
13 129
13 188
13 213
13 280
13 451
13 525
13 827
13 853
13 956
13 133
13 68
13 71
13 86
13 119
13 121
14 34
14 203
14 517
14 103
14 133
14 118
14 147
15 18
15 56
15 104
15 244
15 252
15 497
15 516
15 750
15 84
15 127
16 236
16 133
16 41
16 61
16 62
16 67
16 84
16 94
16 131
16 154
16 176
17 23
17 24
17 41
17 61
17 143
17 361
17 368
17 399
17 495
17 588
17 625
17 677
17 691
17 834
17 103
18 29
18 88
18 889
18 133
18 23
18 31
18 40
18 43
18 48
18 52
18 54
18 72
18 75
18 77
18 83
18 132
18 137
18 154
19 25
19 30
19 34
19 40
19 80
19 127
19 140
19 196
19 250
19 298
19 331
19 344
19 403
19 410
19 423
19 431
19 443
19 489
19 515
19 535
19 561
19 606
19 614
19 634
19 642
19 648
19 728
19 736
19 749
19 756
19 776
19 777
19 785
19 818
19 828
19 841
19 868
19 947
19 950
19 953
19 36
19 110
20 32
20 48
20 81
20 111
20 191
20 133
21 33
21 989
22 31
22 119
22 218
22 327
22 410
22 527
22 549
22 612
22 783
22 904
22 133
22 103
22 35
22 48
22 85
22 92
22 110
22 117
22 136
23 26
23 62
23 72
23 112
23 146
23 353
23 546
23 591
23 622
23 669
23 692
23 133
23 37
23 45
23 73
23 98
23 139
23 140
24 26
24 62
24 73
24 201
24 222
24 471
25 33
25 57
25 107
25 148
25 194
25 270
25 277
25 566
26 35
26 42
26 52
26 58
26 108
26 126
26 160
26 162
26 179
26 272
26 288
26 290
26 317
26 339
26 411
26 418
26 426
26 438
26 459
26 492
26 496
26 534
26 554
26 578
26 683
26 687
26 720
26 733
26 739
26 787
26 807
26 813
26 836
26 872
26 922
26 923
26 133
26 104
27 35
27 38
27 48
27 52
27 66
27 86
27 89
27 99
27 106
27 172
27 230
27 238
27 384
27 493
27 537
27 586
27 641
27 658
27 722
27 729
27 745
27 805
27 843
27 882
27 891
27 958
27 133
27 32
27 42
27 58
27 153
27 169
28 174
28 103
28 33
28 34
28 56
28 76
28 77
28 79
28 88
28 98
28 132
28 148
29 59
29 341
29 601
30 87
30 266
30 312
30 320
30 322
30 323
30 404
30 425
30 434
30 449
30 503
30 538
30 607
30 663
30 690
30 743
30 781
30 831
30 885
30 915
30 944
30 998
30 55
30 70
30 127
30 181
31 139
31 527
31 959
31 961
31 133
31 36
31 113
32 42
32 45
32 52
32 60
32 84
32 130
32 170
32 184
32 235
32 314
32 338
32 422
32 428
32 475
32 528
32 603
32 609
32 711
32 748
32 771
32 800
32 830
32 863
32 873
32 991
32 160
33 94
33 181
33 269
33 820
33 124
34 43
34 64
34 100
34 138
34 187
34 313
34 556
34 87
34 99
34 126
35 38
35 108
35 210
35 225
35 623
35 657
35 700
35 725
36 42
36 80
36 82
38 109
38 329
38 335
38 383
38 639
39 289
39 982
39 133
39 50
40 98
40 542
40 723
40 744
41 120
41 200
41 449
41 837
41 871
41 903
41 71
42 58
42 61
42 75
42 82
42 85
42 96
42 282
42 374
42 432
42 456
42 480
42 563
42 590
42 735
42 849
42 971
42 197
43 46
43 95
43 202
43 264
43 647
43 673
43 710
43 763
43 764
43 877
43 64
44 108
44 122
44 151
44 253
44 258
44 324
44 372
44 406
44 572
44 762
44 782
44 795
44 815
44 919
44 99
45 330
46 133
46 82
46 91
46 146
47 59
47 719
47 945
47 61
47 111
48 123
48 157
48 162
48 262
48 620
48 686
48 704
48 717
48 799
48 927
48 929
48 973
48 142
48 184
49 57
49 118
50 96
51 74
51 587
51 667
51 847
51 996
52 64
52 109
52 136
52 231
52 412
52 413
52 492
52 533
52 568
52 651
52 701
53 234
54 61
54 68
54 419
54 718
54 789
54 810
54 103
55 180
56 79
56 479
57 71
57 80
57 87
57 120
57 274
57 415
57 444
57 509
57 675
57 689
57 698
57 759
57 796
57 846
57 871
57 103
57 133
58 256
59 91
59 189
59 457
59 508
59 883
59 178
61 94
61 131
61 401
61 970
61 117
62 82
62 96
62 116
62 161
62 315
62 395
62 466
62 823
63 135
63 152
63 493
63 518
63 627
63 651
64 124
64 239
64 365
64 569
64 602
64 80
64 85
66 291
68 173
68 325
68 407
68 486
68 595
68 779
68 788
69 792
70 267
70 326
70 501
70 540
70 824
71 94
71 233
71 319
71 81
72 83
72 99
72 126
72 131
72 151
72 156
72 159
72 164
72 199
72 253
72 255
72 276
72 297
72 386
72 472
72 536
72 559
72 599
72 617
72 618
72 637
72 653
72 656
72 664
72 668
72 707
72 768
72 773
72 790
72 833
72 852
72 916
72 917
72 932
72 962
72 171
73 589
73 832
73 938
74 220
74 265
74 857
75 153
75 245
75 447
75 453
76 141
76 237
76 284
76 454
76 632
76 861
76 948
76 965
76 967
76 93
77 83
77 120
77 133
77 159
77 180
77 204
77 215
77 232
77 304
77 348
77 363
77 450
77 499
77 524
77 543
77 558
77 577
77 605
77 630
77 684
77 732
77 738
77 755
77 767
77 808
77 822
77 864
77 990
77 87
78 159
78 103
79 155
79 797
79 164
80 97
80 144
80 268
80 334
80 598
80 901
80 139
82 206
82 271
82 93
82 112
83 359
83 593
83 133
83 131
84 918
84 101
84 150
85 126
85 145
85 299
85 370
85 448
85 753
85 867
85 97
86 124
86 408
86 674
86 695
87 809
88 100
88 169
88 203
88 211
88 263
88 321
88 354
88 452
88 636
88 679
88 747
88 770
88 920
88 981
89 103
89 170
89 931
89 980
89 151
90 502
90 581
90 724
91 888
92 128
92 139
92 242
92 243
92 257
92 345
92 463
92 795
92 866
93 99
93 121
93 148
93 176
93 241
93 356
93 362
93 621
93 107
93 153
93 203
94 97
94 318
94 774
94 840
94 966
94 114
96 130
96 490
96 631
96 118
96 173
97 178
97 613
97 619
97 860
98 510
98 644
98 676
98 109
99 154
99 166
99 182
99 295
99 316
99 521
99 552
99 570
99 574
99 580
99 626
99 635
99 643
99 652
99 662
99 696
99 896
99 905
99 981
100 105
100 113
100 216
100 845
101 114
102 928
103 421
103 491
103 952
103 104
103 107
103 113
103 124
103 129
103 133
103 138
103 141
104 182
105 185
105 881
107 292
107 398
107 688
107 751
107 946
107 956
107 986
108 305
108 998
109 210
109 347
109 514
109 550
109 835
109 862
109 984
110 194
111 296
112 376
112 548
112 551
112 672
112 702
112 778
112 875
112 884
113 176
113 191
113 226
113 396
113 433
113 478
113 547
113 602
113 624
113 786
113 791
113 869
113 874
113 908
113 957
114 604
114 731
114 865
114 879
115 339
115 165
116 129
116 174
116 200
116 201
116 248
116 560
116 784
116 943
117 461
117 544
117 761
117 995
118 131
118 161
119 286
119 512
119 532
119 649
119 680
120 163
120 483
120 597
120 911
121 481
121 137
122 458
123 769
123 170
124 184
124 979
125 545
126 429
126 445
126 678
127 175
128 134
128 182
128 199
128 488
128 500
128 571
128 693
128 721
128 734
128 798
128 900
128 142
129 476
129 633
130 208
130 337
130 724
130 939
130 963
131 985
132 853
133 209
133 485
133 138
133 140
133 149
134 164
134 414
134 519
135 303
135 328
135 424
135 467
135 504
135 694
135 909
135 977
135 158
136 654
136 143
138 829
138 987
139 142
139 166
139 333
139 430
139 494
139 520
139 645
139 826
139 844
139 880
140 887
141 147
141 369
141 379
141 441
141 907
142 307
142 567
142 817
142 146
144 367
144 564
144 576
144 942
144 964
147 903
148 772
148 895
150 332
150 850
150 972
150 174
151 193
151 460
151 934
152 162
152 402
152 437
152 746
152 804
152 898
153 825
154 229
154 660
154 792
154 992
