0 1
0 2
0 3
0 4
0 11
0 17
0 23
0 30
0 32
0 52
0 64
0 67
0 68
0 72
0 77
0 83
0 90
0 95
0 97
0 99
0 106
0 116
0 118
0 125
0 142
0 144
0 162
0 166
0 170
0 171
0 172
0 177
0 178
0 190
0 191
0 193
0 199
0 236
0 271
0 344
0 353
0 452
0 554
0 574
0 578
0 596
0 612
0 632
0 662
0 668
0 704
0 774
0 778
0 799
0 801
0 928
0 932
0 944
0 993
1 2
1 3
1 4
1 6
1 7
1 8
1 9
1 10
1 11
1 13
1 15
1 16
1 20
1 21
1 26
1 33
1 35
1 36
1 47
1 49
1 50
1 54
1 55
1 56
1 57
1 58
1 61
1 64
1 65
1 67
1 68
1 70
1 85
1 88
1 89
1 91
1 93
1 96
1 104
1 122
1 126
1 137
1 140
1 143
1 147
1 149
1 152
1 156
1 159
1 163
1 165
1 167
1 174
1 185
1 193
1 196
1 205
1 226
1 238
1 327
1 334
1 373
1 374
1 384
1 435
1 459
1 478
1 507
1 518
1 532
1 603
1 654
1 657
1 672
1 756
1 793
1 834
1 841
1 886
1 887
1 903
1 918
1 930
1 961
1 972
1 983
1 987
2 3
2 4
2 5
2 7
2 11
2 14
2 17
2 26
2 27
2 39
2 48
2 56
2 59
2 61
2 80
2 82
2 85
2 87
2 92
2 94
2 95
2 103
2 119
2 120
2 131
2 133
2 137
2 144
2 145
2 155
2 159
2 164
2 172
2 174
2 188
2 189
2 194
2 202
2 248
2 267
2 285
2 321
2 333
2 343
2 418
2 424
2 505
2 520
2 553
2 600
2 691
2 723
2 763
2 812
2 853
2 889
2 916
2 947
2 958
3 4
3 6
3 38
3 45
3 88
3 117
3 122
3 156
3 191
3 283
3 397
3 560
3 658
3 709
3 742
4 5
4 6
4 7
4 9
4 10
4 12
4 18
4 19
4 20
4 22
4 29
4 31
4 44
4 46
4 51
4 54
4 58
4 67
4 70
4 74
4 75
4 77
4 80
4 83
4 90
4 91
4 93
4 97
4 98
4 101
4 106
4 112
4 113
4 115
4 116
4 125
4 126
4 129
4 131
4 134
4 135
4 138
4 140
4 141
4 147
4 152
4 154
4 160
4 171
4 176
4 180
4 182
4 184
4 186
4 187
4 189
4 191
4 194
4 199
4 272
4 286
4 290
4 300
4 310
4 325
4 341
4 346
4 348
4 379
4 437
4 453
4 466
4 604
4 636
4 639
4 653
4 733
4 764
4 766
4 866
4 880
4 882
4 920
4 953
5 21
5 39
5 40
5 59
5 69
5 93
5 148
5 222
5 268
5 291
5 389
5 392
5 440
5 497
5 505
5 561
5 586
5 646
5 676
5 732
5 762
5 864
5 965
5 95
5 6
5 8
5 11
5 71
5 80
5 81
5 92
5 123
6 18
6 19
6 43
6 81
6 128
6 129
6 181
6 184
6 415
6 503
6 531
6 593
6 770
6 779
6 790
6 791
6 890
6 968
6 8
6 9
6 12
6 24
6 27
6 66
6 119
6 126
6 178
7 9
7 14
7 16
7 17
7 28
7 53
7 79
7 143
7 289
7 368
7 482
7 536
7 990
7 95
7 23
8 9
8 12
8 18
8 32
8 36
8 53
8 72
8 81
8 121
8 128
8 153
8 158
8 176
8 178
8 198
8 201
8 213
8 288
8 296
8 329
8 339
8 352
8 358
8 444
8 457
8 476
8 495
8 547
8 575
8 617
8 638
8 644
8 645
8 722
8 764
8 785
8 798
8 821
8 836
8 855
8 858
8 900
8 931
8 936
8 937
8 967
9 12
9 14
9 36
9 53
9 80
9 124
9 158
9 375
9 618
9 670
9 759
9 806
9 95
9 61
10 20
10 29
10 35
10 41
10 50
10 52
10 84
10 96
10 247
10 442
10 539
10 792
11 24
11 25
11 47
11 132
11 314
11 373
11 454
11 492
11 619
11 622
11 674
11 810
11 816
11 899
11 13
11 14
11 20
11 23
11 26
11 53
11 56
11 62
11 79
11 81
11 102
11 115
12 14
12 24
12 25
12 48
12 51
12 66
12 82
12 94
12 132
12 209
12 212
12 227
12 287
12 312
12 315
12 317
12 345
12 367
12 381
12 401
12 420
12 455
12 461
12 481
12 500
12 592
12 640
12 671
12 673
12 675
12 680
12 731
12 746
12 747
12 749
12 767
12 775
12 807
12 818
12 849
12 851
12 905
12 933
12 956
12 17
12 35
12 46
13 80
13 280
13 552
13 873
13 95
13 15
13 16
13 18
13 20
13 31
13 37
13 43
13 51
13 54
13 65
13 84
13 97
13 107
13 109
13 112
13 114
13 116
13 137
13 144
14 91
14 92
14 120
14 124
14 127
14 318
14 354
14 548
14 21
14 41
14 76
14 83
14 126
14 136
14 140
15 28
15 863
15 95
15 29
15 37
15 38
15 41
15 42
15 46
15 69
15 73
15 85
15 93
15 100
15 117
15 132
15 147
15 151
16 378
16 893
16 989
16 158
17 145
17 390
17 23
18 23
18 32
18 88
18 95
18 116
18 130
18 155
18 208
18 254
18 303
18 304
18 641
18 704
18 789
18 815
18 996
19 556
19 879
20 64
20 102
20 111
20 195
20 752
20 755
20 912
20 57
20 59
20 99
20 141
21 37
21 39
21 40
21 62
21 163
21 169
21 464
21 472
21 537
21 543
21 546
21 684
21 685
21 687
21 796
21 867
21 925
21 952
21 957
21 36
21 50
21 82
22 404
22 95
22 47
22 101
23 30
23 31
23 75
23 83
23 116
23 270
23 391
23 510
23 707
23 966
23 979
23 50
23 77
23 80
23 125
24 25
24 234
24 616
24 647
24 840
24 95
24 123
24 133
24 194
25 67
25 71
25 97
25 237
25 356
25 436
25 754
25 872
26 27
26 35
26 45
26 55
26 56
26 58
26 72
26 112
26 182
26 207
26 229
26 252
26 301
26 338
26 349
26 364
26 434
26 514
26 528
26 655
26 665
26 700
26 702
26 730
26 765
26 777
26 824
26 842
26 977
26 28
27 124
28 133
28 175
28 717
28 772
28 32
28 51
28 78
29 41
29 172
29 189
29 243
29 259
29 462
29 648
29 34
29 48
30 235
30 361
30 371
30 715
30 95
30 75
30 76
30 119
30 130
31 43
31 81
31 99
31 108
31 128
31 139
31 144
31 157
31 183
31 210
31 224
31 225
31 262
31 355
31 399
31 590
31 637
31 926
31 32
31 38
31 39
31 40
31 47
31 58
31 152
31 174
32 34
32 43
32 114
32 274
32 369
32 545
32 760
32 845
32 982
32 90
32 102
33 55
33 108
33 146
33 200
33 263
33 362
33 417
33 449
33 496
33 550
33 581
33 607
33 734
33 738
33 838
33 969
34 73
34 511
34 580
34 689
34 773
34 994
34 157
35 46
35 101
35 196
35 214
35 264
35 423
35 878
35 895
35 964
36 38
36 741
36 915
38 53
38 77
38 251
38 265
38 65
38 69
38 91
38 100
38 118
38 121
38 150
39 40
39 230
39 487
39 735
39 857
39 941
40 42
40 44
40 57
40 93
40 110
40 115
40 203
40 394
40 579
40 629
40 696
41 51
41 89
41 147
41 601
41 819
41 909
41 948
41 106
41 116
41 182
42 57
42 86
43 63
43 65
43 135
43 281
43 877
43 992
43 75
43 85
43 100
44 78
44 385
44 426
45 54
45 57
45 68
45 70
45 86
45 107
45 108
45 111
45 115
45 138
45 168
45 186
45 189
45 200
45 203
45 239
45 297
45 299
45 359
45 363
45 372
45 395
45 405
45 410
45 445
45 447
45 458
45 508
45 527
45 534
45 568
45 573
45 576
45 577
45 585
45 606
45 683
45 686
45 697
45 728
45 732
45 738
45 803
45 831
45 884
45 892
45 902
45 910
45 995
46 551
46 114
46 143
46 187
47 48
47 342
47 570
47 599
47 615
47 681
47 95
47 49
47 53
47 93
47 149
48 76
48 202
48 256
48 649
48 782
48 95
48 121
50 131
50 211
50 413
50 509
50 88
50 113
51 98
51 275
51 297
51 360
51 380
51 562
51 716
51 871
51 926
52 55
53 634
53 705
53 744
53 813
53 959
53 59
53 63
53 77
54 108
54 279
54 302
54 412
54 820
54 87
55 56
55 98
55 123
55 192
55 199
55 572
55 703
55 829
57 138
57 244
57 277
57 400
57 451
57 516
57 682
57 724
57 844
57 876
57 976
58 60
58 76
58 86
58 87
58 113
58 134
58 135
58 137
58 146
58 167
58 185
58 196
58 216
58 294
58 315
58 340
58 402
58 566
58 584
58 608
58 656
58 667
58 710
58 721
58 743
58 745
58 787
58 826
58 848
58 896
58 963
58 984
59 421
59 456
59 621
59 708
59 862
59 999
59 112
61 475
61 535
61 664
61 859
61 160
61 191
62 136
62 563
62 718
64 89
64 190
65 128
65 91
66 109
66 326
66 485
67 137
67 249
67 261
67 396
67 467
67 713
67 719
68 179
68 411
68 450
68 626
68 642
68 711
68 768
68 780
68 795
68 797
68 846
68 868
68 971
69 132
70 99
70 493
72 133
72 173
72 197
72 407
72 488
72 495
72 881
72 959
72 198
73 336
73 154
73 180
74 161
74 428
74 515
74 811
75 79
76 620
76 832
76 938
76 960
76 98
76 108
76 142
76 150
77 201
77 711
77 985
77 125
79 81
79 145
80 134
80 242
80 305
80 319
80 324
80 387
80 441
80 502
80 522
80 559
80 587
80 594
80 625
80 627
80 635
80 643
80 663
80 726
80 748
80 805
80 828
80 830
80 870
80 897
80 928
80 949
80 986
80 92
81 103
81 121
81 217
81 95
81 109
82 104
82 120
82 176
82 258
82 309
82 320
82 479
82 489
82 540
82 557
82 564
82 751
82 794
82 837
82 921
82 927
83 105
83 469
83 490
83 611
83 883
84 935
84 95
86 609
87 94
87 276
87 699
87 904
88 100
88 121
88 250
88 419
88 429
88 720
88 945
89 187
89 240
89 199
90 595
91 168
91 236
91 406
91 438
91 484
91 533
91 650
91 652
91 698
91 714
91 718
91 784
91 809
91 835
91 852
91 865
91 901
91 939
91 962
91 973
91 175
92 109
92 119
92 157
92 323
92 370
92 558
92 567
92 630
92 669
92 739
92 750
92 771
92 776
92 823
92 113
92 176
93 118
93 161
93 204
93 335
93 517
93 692
93 784
93 835
93 122
94 260
94 661
94 839
94 888
94 911
94 975
95 382
95 465
95 549
95 589
95 122
95 128
95 131
95 133
95 138
95 143
95 169
96 278
97 104
97 218
97 328
97 499
98 135
98 219
98 506
99 101
99 111
99 113
99 162
99 357
100 154
101 804
102 117
103 105
103 322
103 491
103 761
104 160
104 228
104 246
104 383
104 394
104 409
104 504
104 541
104 588
104 674
104 754
104 758
104 769
104 800
104 822
104 885
104 906
104 914
104 917
104 919
104 950
105 183
106 182
107 148
107 480
107 614
108 117
108 166
108 195
108 311
108 538
108 940
109 198
109 241
109 376
109 386
109 463
109 922
109 136
110 165
110 221
110 223
110 388
110 998
111 861
112 192
112 439
112 666
112 753
113 114
113 139
113 257
113 275
113 298
113 307
113 330
113 442
113 468
113 473
113 598
113 633
113 869
113 898
113 929
113 945
113 980
114 403
114 943
114 981
114 130
115 934
115 997
116 526
116 542
117 377
117 486
117 817
117 196
118 306
118 313
118 451
118 494
118 610
118 688
118 788
119 565
119 591
119 628
119 659
119 701
119 843
119 131
119 155
120 143
120 292
120 430
120 501
120 808
121 150
121 337
121 350
121 678
121 729
121 891
122 177
124 351
124 193
125 266
125 416
125 426
125 582
125 624
125 646
125 923
125 143
125 161
126 204
126 400
126 605
126 814
127 173
127 366
128 220
128 425
128 443
128 470
128 524
128 580
128 727
128 802
128 942
128 146
129 827
130 170
131 273
131 825
132 233
132 253
132 623
132 913
133 518
134 316
134 446
134 460
134 695
134 951
135 146
135 157
135 177
135 179
135 231
135 245
135 263
135 284
135 295
135 408
135 448
135 613
135 631
135 677
135 924
135 988
135 995
137 166
137 232
137 393
137 474
137 483
137 519
137 583
137 725
137 757
137 875
137 946
138 151
138 152
138 154
138 269
138 471
138 523
138 529
138 544
138 555
138 602
138 651
138 672
138 692
138 706
138 736
138 783
138 850
138 854
138 860
138 908
138 955
138 991
139 180
139 282
139 332
139 530
140 160
140 206
140 308
140 414
140 422
140 427
140 525
140 569
140 597
140 679
140 690
140 800
140 153
141 365
141 432
141 694
142 847
143 347
144 181
144 255
144 431
144 498
144 512
144 712
144 786
144 833
144 856
144 874
144 970
144 978
145 894
146 293
146 974
147 513
147 571
147 189
148 331
148 477
148 521
148 736
148 954
149 215
149 398
149 660
149 737
149 922
150 433
151 740
152 164
152 454
152 907
153 198
153 181
154 693
154 781
179 192
