0 1
0 2
0 3
0 4
0 5
0 6
0 7
0 13
0 14
0 20
0 24
0 28
0 33
0 38
0 47
0 48
0 49
0 52
0 56
0 60
0 65
0 74
0 77
0 89
0 90
0 95
0 96
0 99
0 102
0 105
0 106
0 114
0 117
0 120
0 125
0 128
0 144
0 146
0 150
0 160
0 171
0 177
0 184
0 195
0 204
0 248
0 288
0 302
0 413
0 423
0 454
0 497
0 537
0 539
0 558
0 606
0 654
0 672
0 721
0 740
0 780
0 783
0 860
0 928
0 963
0 974
0 982
1 2
1 3
1 4
1 6
1 16
1 17
1 20
1 24
1 28
1 29
1 31
1 33
1 41
1 61
1 77
1 87
1 92
1 97
1 124
1 174
1 179
1 190
1 199
1 222
1 258
1 521
1 708
1 756
1 765
1 844
1 929
1 995
2 3
2 4
2 6
2 9
2 12
2 17
2 19
2 23
2 30
2 37
2 64
2 78
2 82
2 85
2 87
2 91
2 113
2 122
2 125
2 142
2 149
2 159
2 163
2 166
2 179
2 182
2 195
2 203
2 360
2 430
2 478
2 508
2 520
2 738
2 778
2 786
2 800
2 816
2 821
2 843
2 853
2 866
2 881
2 892
2 927
3 4
3 8
3 9
3 12
3 15
3 18
3 22
3 23
3 27
3 29
3 34
3 37
3 40
3 43
3 61
3 64
3 71
3 75
3 76
3 77
3 80
3 86
3 88
3 92
3 96
3 100
3 102
3 115
3 118
3 124
3 126
3 127
3 132
3 134
3 138
3 139
3 140
3 148
3 160
3 169
3 173
3 189
3 190
3 191
3 195
3 196
3 203
3 215
3 231
3 265
3 266
3 327
3 336
3 345
3 353
3 412
3 432
3 442
3 459
3 467
3 510
3 589
3 604
3 607
3 609
3 618
3 664
3 714
3 733
3 743
3 777
3 798
3 808
3 873
3 877
3 891
3 941
3 949
3 976
3 992
4 27
4 30
4 32
4 34
4 45
4 49
4 56
4 65
4 70
4 76
4 89
4 97
4 110
4 114
4 116
4 117
4 121
4 123
4 126
4 129
4 133
4 136
4 141
4 142
4 146
4 158
4 160
4 173
4 181
4 192
4 202
4 216
4 238
4 261
4 273
4 326
4 381
4 426
4 463
4 542
4 565
4 644
4 665
4 722
4 730
4 758
4 813
4 887
4 911
4 912
4 941
4 981
5 10
5 11
5 40
5 57
5 82
5 134
5 145
5 165
5 168
5 186
5 188
5 218
5 243
5 271
5 321
5 346
5 355
5 373
5 458
5 509
5 599
5 660
5 684
5 729
5 776
5 790
5 794
5 810
5 815
5 906
5 921
5 61
5 28
5 29
5 92
6 7
6 17
6 19
6 20
6 21
6 33
6 68
6 77
6 81
6 83
6 104
6 112
6 130
6 139
6 198
6 235
6 250
6 253
6 295
6 308
6 333
6 344
6 366
6 377
6 379
6 380
6 386
6 534
6 552
6 596
6 677
6 680
6 685
6 694
6 697
6 704
6 725
6 728
6 735
6 760
6 762
6 771
6 832
6 850
6 899
6 935
6 969
6 996
6 61
6 10
6 12
7 8
7 21
7 36
7 53
7 68
7 70
7 73
7 104
7 154
7 163
7 164
7 172
7 208
7 275
7 297
7 431
7 451
7 459
7 512
7 613
7 645
7 652
7 658
7 675
7 784
7 795
7 820
7 835
7 863
7 864
7 868
8 94
8 110
8 272
8 319
8 608
8 716
8 916
8 61
8 9
8 12
8 15
8 18
8 22
8 23
8 35
8 78
8 82
8 116
8 130
9 10
9 11
9 40
9 524
9 555
9 92
10 15
10 58
10 69
10 113
10 123
10 228
10 421
10 473
10 491
10 526
10 583
10 958
10 11
10 12
10 21
10 30
10 39
10 59
10 70
10 94
10 120
11 15
11 44
11 74
11 363
11 429
11 444
11 593
11 782
11 880
11 61
11 18
12 13
12 14
12 18
12 28
12 88
12 131
12 141
12 149
12 283
12 413
12 480
12 532
12 568
12 598
12 681
12 682
12 710
12 793
12 804
12 862
12 907
12 999
12 17
12 19
12 20
12 27
12 37
12 50
12 70
12 74
12 80
12 81
12 85
12 99
12 100
12 107
12 108
13 14
13 138
13 148
13 152
13 312
13 422
13 671
13 766
13 857
13 905
13 937
13 957
13 61
13 19
13 33
13 89
14 42
14 60
14 63
14 82
14 91
14 97
14 189
14 549
14 568
14 952
15 16
15 17
15 35
15 57
15 58
15 62
15 147
15 174
15 193
15 194
15 197
15 260
15 338
15 350
15 387
15 433
15 450
15 516
15 553
15 574
15 582
15 586
15 595
15 688
15 747
15 791
15 801
15 827
15 855
15 861
15 872
15 889
15 918
15 948
15 966
15 980
16 27
16 121
16 201
16 257
16 289
16 409
16 683
16 61
16 65
16 75
17 19
17 26
17 35
17 41
17 66
17 135
17 139
17 175
17 253
17 296
17 493
17 501
17 647
17 707
17 925
17 123
18 184
18 227
18 822
18 972
18 61
18 23
18 25
18 47
18 57
18 71
18 74
18 109
18 112
18 115
18 130
18 133
18 139
19 25
19 33
19 44
19 50
19 85
19 112
19 137
19 171
19 213
19 251
19 278
19 285
19 299
19 322
19 365
19 385
19 490
19 550
19 642
19 670
19 689
19 692
19 768
19 772
19 818
19 819
19 842
19 878
19 914
19 965
19 20
19 42
19 63
19 105
19 149
19 172
20 22
20 32
20 70
20 134
20 225
20 594
20 61
20 28
20 33
20 44
20 60
20 66
20 73
20 75
20 84
20 92
20 119
21 24
21 49
21 213
21 236
21 134
22 25
22 79
22 98
22 182
22 290
22 527
22 769
22 58
23 30
23 46
23 132
23 233
23 262
23 313
23 439
23 590
23 826
23 898
23 82
23 91
23 163
23 198
24 621
25 50
25 72
25 88
25 109
25 161
25 249
25 388
25 436
25 487
25 505
25 562
25 667
25 902
25 943
25 949
25 44
25 48
25 87
25 97
25 104
25 134
26 126
26 796
27 44
27 109
27 180
27 282
27 580
27 849
28 42
28 63
28 84
28 170
28 223
28 245
28 328
28 337
28 531
28 691
28 736
28 739
28 55
28 105
28 154
29 45
29 56
29 101
29 229
29 371
29 486
29 556
29 624
29 698
29 742
29 756
29 763
29 781
29 814
29 828
29 882
29 894
29 59
29 74
29 86
29 89
29 129
30 61
30 72
30 125
31 39
31 67
31 81
31 100
31 106
31 132
31 374
31 405
31 535
31 561
31 565
31 846
31 922
31 975
31 61
32 72
32 171
32 194
32 200
32 239
32 363
32 415
32 446
32 469
32 482
32 489
32 640
32 901
32 959
32 973
32 61
32 55
32 68
32 126
33 37
33 43
33 44
33 64
33 76
33 167
33 291
33 427
33 483
33 566
33 567
33 775
33 883
33 940
33 36
34 51
34 59
34 82
34 90
34 426
34 603
34 623
34 917
34 951
34 61
34 54
34 147
35 108
35 241
35 61
35 112
35 120
36 129
36 144
36 205
36 214
36 346
36 349
36 392
36 425
36 494
36 554
36 559
36 572
36 597
36 630
36 753
36 797
36 886
36 894
36 932
36 985
36 38
36 42
36 51
36 81
36 93
36 96
37 38
37 830
37 61
37 46
37 83
37 128
37 134
38 47
38 54
38 56
38 67
38 75
38 81
38 108
38 139
38 168
38 197
38 237
38 242
38 292
38 301
38 306
38 311
38 342
38 401
38 416
38 418
38 468
38 476
38 499
38 502
38 529
38 545
38 551
38 552
38 647
38 663
38 674
38 679
38 690
38 699
38 706
38 712
38 717
38 734
38 745
38 746
38 848
38 859
38 865
38 885
38 893
38 936
38 986
38 993
38 90
39 651
39 48
39 66
39 83
39 200
40 88
40 107
40 181
40 837
40 191
41 105
41 137
41 174
41 263
41 570
41 968
41 171
41 197
43 104
43 128
43 410
43 419
43 435
43 449
43 513
43 584
43 787
43 994
44 55
44 58
44 64
44 89
44 157
44 169
44 191
44 207
44 300
44 329
44 356
44 495
44 518
44 573
44 615
44 666
44 696
44 890
44 962
44 965
44 987
45 884
46 52
46 146
47 950
48 164
48 172
48 620
48 715
48 100
48 136
49 247
49 303
49 447
49 506
49 929
49 61
50 178
50 479
50 970
50 56
50 117
50 125
51 408
52 80
53 91
53 155
53 189
53 234
53 452
53 904
54 107
55 138
56 73
56 111
56 127
56 188
56 221
56 293
56 351
56 530
57 111
57 496
58 633
58 944
59 359
59 437
59 571
59 625
59 643
59 738
59 875
59 956
59 76
60 92
60 304
60 462
60 500
60 841
60 954
60 116
60 158
61 69
61 98
61 105
61 122
61 154
61 161
61 316
61 334
61 372
61 383
61 395
61 434
61 461
61 560
61 575
61 676
61 680
61 748
61 750
61 755
61 806
61 824
61 833
61 915
61 939
61 64
61 65
61 72
61 84
61 91
61 95
61 126
61 131
61 132
61 133
61 141
61 160
62 281
62 611
62 659
62 693
62 702
62 918
63 114
64 66
64 87
64 128
64 197
64 274
64 315
64 472
64 650
65 186
65 230
65 257
65 441
65 587
65 871
66 108
66 331
66 466
66 471
66 541
66 577
66 579
66 646
66 741
66 878
66 81
67 129
67 378
67 854
68 267
68 585
69 181
69 481
70 159
70 161
70 192
70 279
70 420
70 899
72 78
72 143
74 926
75 93
75 176
75 309
75 324
75 543
75 719
75 947
76 135
76 315
76 104
77 106
77 192
77 254
77 424
77 178
78 101
78 88
78 122
78 127
78 139
78 165
79 264
80 100
80 127
80 158
80 183
80 202
80 244
80 255
80 280
80 294
80 298
80 314
80 335
80 364
80 464
80 507
80 600
80 701
80 709
80 726
80 764
80 770
80 773
80 895
80 896
80 930
80 931
80 961
81 93
81 310
81 323
81 340
81 354
81 370
81 523
81 626
81 631
81 809
81 831
81 852
81 881
81 977
82 128
82 149
82 152
82 210
82 217
82 325
82 341
82 375
82 384
82 391
82 445
82 455
82 470
82 475
82 485
82 522
82 546
82 601
82 605
82 638
82 649
82 687
82 703
82 711
82 718
82 752
82 754
82 785
82 817
82 825
82 834
82 856
82 879
82 897
82 908
82 913
82 967
82 132
83 443
83 655
83 799
84 224
84 305
84 934
84 86
85 131
85 143
85 157
85 307
85 404
85 540
85 610
85 617
85 845
85 869
86 106
86 109
86 117
87 569
87 174
88 103
88 131
88 153
88 183
88 194
88 211
88 252
88 343
88 352
88 398
88 414
88 453
88 480
88 498
88 514
88 627
88 669
88 724
88 757
88 759
88 838
88 867
88 874
88 892
88 910
88 938
88 971
89 119
89 209
89 636
89 803
89 812
89 112
90 793
91 155
91 219
91 284
91 400
91 428
91 525
91 533
91 548
91 563
91 576
91 634
91 662
91 720
91 744
91 920
91 923
92 138
92 268
92 95
92 99
92 140
93 142
94 368
94 417
94 544
94 686
94 839
94 900
96 167
96 270
96 382
96 614
96 648
96 823
96 888
97 100
97 150
97 203
98 105
98 200
98 220
98 511
98 767
99 152
100 162
100 358
100 460
100 653
100 983
101 246
101 376
101 397
102 212
102 788
102 955
103 157
104 114
104 276
104 440
104 502
104 503
104 538
104 592
104 664
104 903
104 964
104 118
105 564
105 751
105 829
105 979
105 998
106 206
106 403
106 448
106 477
106 588
106 811
106 909
107 151
107 286
107 504
107 619
107 731
107 945
107 960
107 168
108 357
108 492
108 847
108 988
108 990
108 119
109 277
109 320
109 339
109 456
109 705
109 727
109 732
110 256
110 700
110 718
110 802
111 201
111 407
111 668
111 723
111 984
111 991
112 123
113 367
113 779
114 318
114 733
114 792
115 517
115 536
115 737
115 946
116 989
117 259
117 348
117 673
118 185
118 287
118 522
120 457
121 145
121 163
121 166
121 369
121 515
121 547
121 557
121 591
121 622
121 635
121 639
121 678
121 782
121 840
121 851
121 870
121 933
122 124
123 484
123 656
124 136
125 146
125 396
125 602
125 612
125 713
125 761
126 156
126 167
126 330
126 488
126 836
126 978
127 389
127 474
127 924
128 136
128 158
128 177
128 240
128 361
128 394
128 628
128 942
128 953
130 133
131 470
131 187
132 162
132 632
132 933
133 198
134 362
134 578
134 661
134 749
134 789
134 807
134 858
134 997
134 148
134 164
135 193
135 399
135 465
135 581
135 637
135 731
136 175
136 774
137 406
137 167
138 269
138 347
138 817
139 153
139 190
140 196
140 805
142 919
143 226
143 402
143 641
143 657
143 956
144 310
144 616
146 317
146 332
146 411
146 629
147 181
148 393
148 180
149 187
149 519
150 152
151 232
151 390
151 169
151 194
152 438
152 695
152 876
154 528
155 180
160 191
