0 1
0 2
0 3
0 4
0 5
0 10
0 12
0 14
0 15
0 19
0 23
0 27
0 30
0 40
0 46
0 60
0 71
0 75
0 81
0 97
0 105
0 117
0 120
0 123
0 127
0 128
0 129
0 132
0 134
0 145
0 156
0 158
0 180
0 191
0 200
0 202
0 300
0 307
0 326
0 426
0 444
0 446
0 476
0 503
0 582
0 619
0 682
0 835
0 867
0 880
0 938
0 999
1 2
1 3
1 4
1 6
1 8
1 10
1 11
1 12
1 23
1 28
1 29
1 31
1 32
1 37
1 40
1 43
1 44
1 55
1 66
1 73
1 76
1 84
1 87
1 89
1 90
1 91
1 94
1 102
1 103
1 108
1 109
1 113
1 115
1 117
1 123
1 129
1 132
1 136
1 139
1 146
1 155
1 157
1 159
1 161
1 168
1 173
1 178
1 189
1 190
1 192
1 201
1 203
1 212
1 242
1 275
1 328
1 334
1 442
1 509
1 513
1 548
1 606
1 631
1 674
1 797
1 799
1 803
1 809
1 829
1 831
1 872
1 946
2 3
2 4
2 5
2 11
2 12
2 34
2 63
2 85
2 87
2 88
2 92
2 105
2 126
2 128
2 140
2 143
2 160
2 162
2 172
2 190
2 191
2 195
2 245
2 249
2 280
2 325
2 431
2 436
2 441
2 541
2 542
2 563
2 566
2 584
2 635
2 657
2 789
2 921
2 957
3 4
3 5
3 7
3 13
3 14
3 21
3 36
3 38
3 39
3 50
3 51
3 54
3 58
3 59
3 61
3 70
3 72
3 74
3 79
3 80
3 81
3 86
3 87
3 92
3 95
3 98
3 110
3 122
3 124
3 134
3 148
3 157
3 158
3 161
3 165
3 166
3 168
3 171
3 173
3 174
3 189
3 191
3 195
3 251
3 259
3 267
3 270
3 271
3 289
3 381
3 429
3 435
3 459
3 536
3 538
3 660
3 691
3 734
3 739
3 748
3 770
3 859
3 879
3 887
3 891
3 927
3 928
3 950
3 956
3 971
4 7
4 8
4 10
4 17
4 18
4 28
4 33
4 57
4 63
4 68
4 76
4 78
4 85
4 109
4 113
4 122
4 123
4 124
4 143
4 157
4 170
4 177
4 189
4 198
4 203
4 227
4 369
4 397
4 423
4 534
4 537
4 603
4 614
4 754
4 788
4 827
4 853
4 893
4 899
4 917
4 984
5 6
5 14
5 19
5 32
5 82
5 114
5 159
5 180
5 216
5 235
5 389
5 546
5 662
5 85
5 87
5 11
5 13
5 27
5 189
6 7
6 9
6 18
6 22
6 25
6 29
6 34
6 41
6 49
6 58
6 74
6 82
6 105
6 112
6 118
6 134
6 166
6 171
6 176
6 187
6 209
6 211
6 238
6 317
6 332
6 341
6 348
6 382
6 422
6 445
6 469
6 471
6 474
6 498
6 506
6 517
6 519
6 549
6 578
6 582
6 612
6 646
6 671
6 678
6 679
6 681
6 688
6 690
6 749
6 756
6 768
6 779
6 791
6 800
6 817
6 920
6 963
6 978
6 994
6 87
6 11
6 17
6 50
6 138
7 9
7 16
7 25
7 62
7 193
7 255
7 279
7 286
7 337
7 413
7 421
7 463
7 823
7 857
7 11
7 98
8 27
8 31
8 33
8 42
8 64
8 77
8 96
8 124
8 133
8 305
8 333
8 351
8 486
8 575
8 585
8 616
8 705
8 717
8 737
8 790
8 802
8 804
8 869
8 877
8 906
8 913
8 933
8 959
9 43
9 59
9 320
9 11
10 13
10 20
10 37
10 52
10 78
10 151
10 190
10 201
10 232
10 319
10 372
10 449
10 627
10 642
10 650
10 728
10 750
10 926
10 992
11 104
11 154
11 87
11 12
11 13
11 18
11 19
11 20
11 21
11 22
11 24
11 25
11 26
11 27
11 32
11 33
11 38
11 40
11 43
11 45
11 47
11 49
11 51
11 60
11 62
11 80
11 81
11 89
11 91
11 109
11 110
11 125
11 130
11 136
11 158
12 24
12 26
12 38
12 111
12 127
12 154
12 184
12 308
12 316
12 347
12 364
12 419
12 554
12 594
12 620
12 630
12 661
12 746
13 37
13 53
13 62
13 86
13 121
13 214
13 221
13 258
13 296
13 392
13 522
13 738
13 781
13 881
13 902
13 15
13 16
13 23
13 29
13 84
13 153
14 15
14 16
14 20
14 22
14 29
14 32
14 36
14 39
14 41
14 46
14 48
14 49
14 51
14 56
14 62
14 67
14 72
14 88
14 101
14 114
14 138
14 147
14 153
14 171
14 175
14 180
14 183
14 185
14 188
14 196
14 205
14 208
14 209
14 234
14 263
14 273
14 282
14 288
14 299
14 301
14 309
14 314
14 374
14 378
14 411
14 420
14 447
14 531
14 544
14 545
14 565
14 590
14 640
14 677
14 683
14 692
14 694
14 704
14 726
14 758
14 773
14 782
14 823
14 839
14 851
14 861
14 886
14 905
14 910
14 939
14 952
14 977
14 982
14 991
15 18
15 24
15 26
15 32
15 38
15 47
15 68
15 70
15 88
15 89
15 104
15 111
15 149
15 192
15 205
15 225
15 306
15 315
15 324
15 329
15 338
15 339
15 360
15 376
15 383
15 472
15 492
15 496
15 507
15 533
15 555
15 562
15 577
15 613
15 622
15 643
15 649
15 722
15 766
15 784
15 819
15 840
15 850
15 856
15 875
15 892
16 178
16 714
17 505
17 510
17 741
17 863
17 28
17 31
17 33
17 41
17 42
17 43
17 71
17 78
17 79
17 91
17 121
18 44
18 639
18 52
18 63
18 98
19 83
20 30
20 45
20 123
20 598
20 792
20 866
20 61
21 75
21 954
22 58
22 377
22 593
22 884
22 87
22 25
22 36
22 45
22 56
22 67
22 92
22 105
22 137
22 140
22 145
23 71
23 192
24 26
24 60
24 93
24 148
24 733
24 993
24 71
25 395
25 997
25 39
25 45
25 76
25 87
26 47
26 63
26 100
26 119
26 181
26 298
26 313
26 379
26 443
26 576
26 588
26 607
26 751
26 44
27 31
27 485
27 504
27 117
27 132
28 34
28 153
28 581
28 592
28 830
28 900
28 38
28 53
28 54
28 57
29 33
29 35
29 65
29 75
29 99
29 108
29 114
29 161
29 187
29 219
29 264
29 427
29 587
29 628
29 657
29 712
29 783
29 786
29 818
29 842
29 848
29 872
29 909
29 916
29 937
29 981
29 986
29 40
29 52
29 57
29 59
29 147
30 40
30 64
30 69
30 86
30 262
30 272
30 312
30 416
30 455
30 512
30 551
30 569
30 604
30 647
30 680
30 723
30 731
30 793
30 882
31 42
31 94
31 122
31 335
31 480
31 487
31 489
31 502
31 526
31 667
31 669
31 717
31 918
31 955
32 48
32 57
32 60
32 81
32 93
32 101
32 355
32 361
32 454
32 488
32 521
32 525
32 556
32 570
32 625
32 637
32 648
32 725
32 746
32 759
32 785
32 796
32 816
32 822
32 854
32 873
32 932
32 996
33 42
33 69
33 96
33 117
33 182
33 229
33 344
33 490
33 494
33 497
33 572
33 653
33 686
33 696
33 807
33 914
33 960
33 34
33 116
33 149
33 150
34 35
34 49
34 63
34 118
34 130
34 147
34 166
34 183
34 193
34 277
34 301
34 349
34 437
34 532
34 699
34 862
34 47
34 58
34 70
34 85
34 102
35 366
35 380
35 452
35 468
35 715
35 731
35 828
35 860
35 907
35 941
35 973
36 39
37 151
37 199
37 304
38 104
38 302
38 373
38 41
38 145
38 198
39 230
39 368
39 710
39 40
39 61
39 79
39 128
40 52
40 110
40 375
40 90
40 104
40 123
41 54
41 61
41 83
41 100
41 131
41 196
41 217
41 246
41 248
41 276
41 387
41 560
41 706
41 765
41 805
41 896
41 898
41 918
41 930
42 45
42 55
42 96
42 145
42 245
42 293
42 408
43 51
43 55
43 94
43 125
43 160
43 163
43 169
43 171
43 182
43 210
43 220
43 223
43 236
43 254
43 270
43 292
43 391
43 409
43 418
43 434
43 453
43 462
43 465
43 483
43 514
43 529
43 553
43 589
43 591
43 610
43 632
43 641
43 654
43 659
43 673
43 706
43 719
43 724
43 732
43 735
43 736
43 740
43 760
43 795
43 801
43 806
43 811
43 820
43 865
43 897
43 908
43 922
43 925
43 935
43 947
43 64
44 103
44 196
44 432
44 822
44 59
44 124
45 386
45 466
45 477
45 609
45 716
45 752
45 821
45 972
45 63
45 127
45 132
46 633
46 87
47 73
47 111
47 148
47 290
47 539
47 841
47 50
47 74
47 106
47 117
47 119
47 121
48 266
48 310
48 524
48 843
48 995
48 87
48 133
49 56
49 80
49 481
49 652
49 777
49 965
49 58
50 87
50 138
51 175
51 307
51 343
51 358
51 417
51 624
51 903
51 146
51 193
51 202
52 53
52 78
52 84
52 107
52 120
52 295
52 400
52 415
52 458
52 511
52 543
52 568
52 573
52 644
52 744
52 846
52 852
52 988
52 59
52 75
52 110
52 131
52 136
53 247
53 670
53 904
53 190
54 95
54 217
54 663
55 133
55 197
55 311
55 405
56 95
56 132
56 142
56 204
56 268
56 318
56 350
56 353
56 375
56 404
56 414
56 425
56 540
56 727
56 730
56 775
56 794
56 832
56 966
56 976
56 156
58 126
58 354
58 701
58 998
58 118
59 193
59 202
59 720
59 66
59 72
60 92
60 119
60 567
60 709
60 810
61 69
61 139
61 155
61 274
61 478
61 78
61 143
62 65
62 66
62 179
62 331
62 356
62 365
62 516
62 552
62 834
62 864
62 923
62 943
62 970
63 130
63 135
63 169
63 170
63 347
63 359
63 451
63 461
63 557
63 638
63 655
63 672
63 695
63 703
63 708
63 713
63 725
63 774
63 833
63 876
63 885
63 890
63 940
63 944
63 968
63 975
63 71
63 74
63 85
63 99
63 154
63 194
64 69
64 139
64 950
66 763
66 157
67 118
67 156
67 256
67 718
67 134
67 150
68 407
69 77
69 141
69 482
69 605
69 837
71 79
71 93
71 101
71 122
71 128
72 420
72 142
72 179
73 167
73 327
73 721
73 825
74 464
74 129
74 176
75 222
75 87
75 83
75 105
77 297
77 485
77 523
77 561
77 936
77 964
78 109
78 143
78 291
78 475
78 543
78 888
78 989
78 113
78 114
78 153
79 550
79 580
79 651
79 911
79 80
79 83
79 87
79 103
79 119
79 123
79 141
79 142
80 187
80 203
80 281
80 374
80 402
80 479
80 574
80 687
80 729
80 844
80 861
80 951
80 975
80 980
80 90
81 97
81 138
81 396
81 747
81 931
83 250
83 336
83 664
83 953
84 399
84 430
84 528
85 167
85 384
85 424
85 515
85 764
85 847
85 883
86 342
86 642
87 133
87 261
87 394
87 92
87 93
87 129
87 144
87 153
88 116
88 346
88 390
88 484
89 113
89 150
89 213
91 140
92 184
92 224
92 439
92 535
92 645
92 753
92 761
92 767
92 771
92 871
93 745
93 776
93 929
94 243
95 186
95 226
95 237
95 321
95 342
95 367
95 508
95 697
95 894
95 942
95 967
96 173
96 401
96 501
96 571
96 579
96 602
97 106
97 176
97 345
99 160
99 165
99 241
99 530
99 583
99 615
99 658
99 948
99 969
99 115
100 127
100 149
100 228
100 246
100 278
100 294
100 300
100 457
100 495
100 500
100 621
100 626
100 629
100 665
100 700
100 743
100 778
100 845
100 870
100 895
100 962
100 983
101 135
101 138
101 330
101 461
101 636
101 756
101 824
101 945
102 385
102 196
103 106
103 115
103 206
103 403
103 412
103 547
103 611
103 617
103 634
103 849
103 874
103 127
103 201
104 666
104 684
104 693
104 742
104 889
105 597
105 137
106 339
106 161
107 656
108 284
108 166
109 137
109 152
109 438
109 470
109 586
109 680
109 711
109 979
109 120
110 120
110 121
110 142
110 398
110 406
110 757
111 198
111 215
111 527
112 520
112 155
113 140
114 558
114 949
114 180
115 252
115 493
115 559
115 815
115 878
115 140
116 136
116 813
117 323
117 499
118 163
120 151
120 239
120 322
120 812
120 919
121 231
121 491
121 600
121 826
122 362
122 603
123 244
123 340
123 668
123 755
123 836
123 888
123 915
125 203
126 990
127 253
127 630
127 131
128 147
128 265
128 838
129 144
129 164
129 240
129 456
129 689
129 808
129 868
130 188
130 193
130 393
130 596
130 685
130 702
130 905
130 203
131 450
132 285
132 287
132 676
133 197
133 218
133 260
133 283
133 518
133 595
133 675
133 707
133 769
133 772
133 787
133 901
133 924
133 934
133 958
133 987
134 363
134 403
134 618
134 698
134 798
134 912
136 303
136 428
136 608
136 961
138 921
138 185
139 352
139 370
140 397
140 410
140 814
141 207
141 623
142 233
143 448
143 460
143 599
143 858
144 186
144 269
145 433
145 440
145 855
146 199
146 251
147 194
147 564
147 187
148 167
148 184
148 357
148 371
148 388
148 473
148 601
148 840
148 974
148 985
151 257
151 762
152 780
154 467
163 203
169 170
175 202
176 192
