0 1
0 2
0 3
0 4
0 6
0 8
0 9
0 20
0 43
0 45
0 49
0 52
0 54
0 59
0 60
0 63
0 65
0 82
0 92
0 93
0 95
0 98
0 99
0 100
0 113
0 118
0 120
0 125
0 129
0 132
0 136
0 137
0 139
0 140
0 142
0 146
0 147
0 159
0 160
0 161
0 165
0 180
0 182
0 194
0 216
0 234
0 251
0 252
0 267
0 307
0 309
0 358
0 367
0 369
0 379
0 419
0 423
0 533
0 572
0 582
0 632
0 643
0 672
0 674
0 704
0 714
0 721
0 741
0 784
0 792
0 812
0 884
0 986
0 990
1 2
1 3
1 4
1 10
1 27
1 28
1 31
1 32
1 39
1 40
1 61
1 68
1 70
1 81
1 90
1 96
1 115
1 116
1 118
1 125
1 145
1 146
1 147
1 148
1 169
1 184
1 188
1 194
1 195
1 203
1 256
1 263
1 272
1 359
1 365
1 405
1 424
1 549
1 559
1 566
1 600
1 728
1 743
1 767
1 771
1 777
1 778
1 799
1 861
1 996
2 3
2 4
2 5
2 6
2 8
2 9
2 17
2 21
2 31
2 33
2 35
2 38
2 42
2 69
2 94
2 97
2 100
2 104
2 115
2 116
2 120
2 122
2 156
2 158
2 181
2 183
2 184
2 188
2 227
2 353
2 397
2 481
2 522
2 523
2 531
2 611
2 638
2 683
2 720
2 833
2 991
3 4
3 6
3 7
3 10
3 11
3 12
3 16
3 34
3 36
3 38
3 41
3 43
3 47
3 50
3 53
3 58
3 59
3 60
3 64
3 71
3 72
3 75
3 79
3 81
3 82
3 86
3 87
3 90
3 92
3 93
3 108
3 113
3 117
3 132
3 133
3 134
3 140
3 141
3 143
3 147
3 149
3 150
3 151
3 152
3 162
3 167
3 172
3 174
3 176
3 191
3 192
3 193
3 199
3 202
3 237
3 243
3 247
3 257
3 268
3 326
3 336
3 360
3 361
3 411
3 438
3 446
3 489
3 507
3 536
3 599
3 604
3 619
3 773
3 811
3 816
3 826
3 867
3 925
3 946
3 947
3 951
4 5
4 18
4 20
4 24
4 44
4 73
4 77
4 90
4 105
4 108
4 110
4 112
4 113
4 131
4 134
4 149
4 151
4 166
4 168
4 195
4 201
4 248
4 274
4 275
4 441
4 476
4 574
4 621
4 660
4 713
4 735
4 747
4 749
4 761
4 841
4 879
4 896
4 959
4 971
5 14
5 15
5 19
5 25
5 59
5 325
5 345
5 848
5 863
5 916
5 92
5 49
5 6
5 8
5 9
5 11
5 12
5 17
5 21
5 24
5 33
5 40
5 48
5 73
5 94
5 131
6 7
6 13
6 24
6 40
6 48
6 54
6 60
6 61
6 71
6 75
6 94
6 120
6 142
6 254
6 318
6 437
6 539
6 545
6 676
6 690
6 712
6 737
6 777
6 982
6 49
6 97
6 8
6 9
6 10
6 18
6 29
6 35
6 73
6 82
6 84
6 90
6 150
6 153
7 13
7 16
7 24
7 119
7 296
7 323
7 420
7 455
7 983
7 97
7 80
8 11
8 12
8 14
8 30
8 31
8 80
8 103
8 111
8 168
8 179
8 206
8 240
8 292
8 310
8 454
8 621
8 630
8 666
8 719
8 760
8 800
8 813
8 966
8 994
9 29
9 35
9 55
9 99
9 123
9 135
9 144
9 155
9 159
9 189
9 197
9 235
9 239
9 361
9 505
9 554
9 646
9 647
9 648
9 655
9 705
9 748
9 948
9 957
9 92
9 16
9 19
9 43
9 63
9 65
9 72
9 73
9 84
10 17
10 22
10 23
10 33
10 39
10 46
10 50
10 68
10 73
10 78
10 83
10 108
10 149
10 195
10 201
10 226
10 264
10 286
10 289
10 524
10 584
10 635
10 661
10 793
10 819
10 918
10 926
10 97
10 13
10 15
10 20
10 24
10 64
11 12
11 14
11 18
11 76
11 111
11 121
11 204
11 245
11 492
11 535
11 795
11 893
11 914
11 960
11 34
11 35
11 152
12 53
12 65
12 74
12 460
12 598
12 49
12 19
12 46
12 58
12 105
13 16
13 52
13 106
13 130
13 213
13 280
13 710
13 885
13 912
13 932
13 962
13 76
14 15
14 19
14 26
14 32
14 51
14 53
14 58
14 66
14 72
14 80
14 86
14 93
14 98
14 104
14 122
14 139
14 163
14 170
14 187
14 219
14 258
14 281
14 334
14 366
14 383
14 400
14 413
14 428
14 458
14 477
14 490
14 526
14 587
14 633
14 653
14 698
14 753
14 780
14 803
14 810
14 845
14 871
14 934
14 938
14 997
15 51
15 69
15 118
15 153
15 445
15 796
15 981
15 48
15 65
15 96
15 102
15 132
16 323
16 376
16 421
16 706
16 20
16 25
16 26
16 68
16 82
16 108
16 109
16 133
17 23
17 34
17 46
17 177
17 214
17 382
17 482
17 501
17 578
17 838
17 55
17 108
18 30
18 31
18 70
18 76
18 128
18 136
18 449
18 459
18 479
18 631
18 97
18 23
18 37
18 44
18 50
18 91
18 126
18 147
19 109
19 132
19 339
19 372
19 497
19 892
19 97
19 32
19 52
19 61
19 136
19 142
20 35
20 117
20 209
20 262
20 346
20 430
20 618
20 775
20 25
20 36
20 46
20 70
20 74
20 91
20 104
21 715
21 49
21 28
21 42
21 46
21 94
21 114
21 147
21 149
22 63
22 390
22 542
22 809
22 92
22 31
22 129
23 46
23 50
23 78
23 49
23 39
23 76
23 105
23 114
23 126
23 128
23 154
24 100
24 126
24 330
24 688
24 45
24 55
25 478
25 607
25 37
26 57
26 87
26 102
27 131
27 233
27 485
27 625
28 551
28 52
28 61
29 135
29 188
29 253
29 40
29 50
29 58
29 64
29 127
29 134
30 322
30 324
30 335
30 349
30 395
30 97
31 79
31 111
31 187
31 560
31 782
31 944
31 36
31 85
32 37
32 229
33 43
33 87
33 392
33 53
34 42
34 82
34 210
34 678
34 77
35 57
35 89
35 238
35 319
35 513
35 589
35 600
35 610
35 675
35 779
35 818
35 850
36 598
36 973
36 97
37 55
37 62
37 854
37 950
37 121
38 185
38 261
38 309
38 313
38 374
38 836
38 933
39 84
39 230
39 429
39 447
39 92
39 48
39 68
40 48
40 52
40 60
40 66
40 81
40 101
40 154
40 172
40 182
40 190
40 266
40 291
40 385
40 414
40 416
40 433
40 488
40 519
40 580
40 588
40 623
40 652
40 673
40 711
40 717
40 768
40 769
40 790
40 791
40 798
40 829
40 847
40 857
40 860
40 864
40 865
40 870
40 887
40 891
40 942
40 964
40 89
40 149
42 583
42 832
43 70
43 73
43 78
43 102
43 122
43 176
43 177
43 315
43 511
43 521
43 656
43 751
43 794
43 805
43 844
43 103
43 106
44 45
44 76
44 93
44 143
44 279
44 331
44 401
44 606
44 733
44 804
44 835
44 906
45 47
45 270
46 184
46 249
46 306
46 467
46 840
46 124
46 175
48 56
48 75
48 129
48 130
48 160
48 343
48 494
48 654
48 798
48 984
48 59
49 629
49 927
49 78
49 115
49 126
50 83
50 357
50 394
50 439
50 54
50 62
50 124
51 170
52 71
52 91
52 119
52 293
52 295
52 303
52 381
52 491
52 510
52 605
52 615
52 724
52 737
52 903
52 74
53 62
53 67
53 103
53 170
53 206
53 228
53 255
53 332
53 404
53 410
53 456
53 553
53 592
53 614
53 616
53 667
53 669
53 689
53 734
53 754
53 787
53 801
53 856
53 866
53 877
53 883
53 886
53 929
53 954
53 972
53 973
53 992
53 993
53 92
54 95
54 670
54 708
55 57
55 58
55 59
55 62
55 97
55 112
55 141
55 156
55 158
55 164
55 189
55 202
55 211
55 217
55 218
55 225
55 284
55 316
55 408
55 433
55 450
55 451
55 452
55 480
55 540
55 557
55 564
55 642
55 649
55 726
55 731
55 765
55 783
55 797
55 807
55 839
55 842
55 849
55 872
55 886
55 897
55 908
55 915
55 919
55 935
55 980
55 998
55 96
56 106
56 622
57 112
57 244
57 426
58 104
58 132
58 265
58 344
58 464
58 551
58 763
58 888
58 900
58 919
58 125
59 110
59 305
59 418
59 558
59 573
59 699
60 88
60 94
60 114
60 144
60 386
60 945
60 977
60 995
61 814
61 69
61 74
61 79
62 107
62 387
62 391
62 681
62 732
62 851
63 70
63 192
63 389
63 499
63 586
63 626
63 694
64 115
64 173
64 176
64 341
64 471
64 493
64 544
64 562
64 609
64 617
64 624
64 701
64 730
64 846
64 940
64 953
64 979
64 86
64 112
64 197
65 183
65 354
65 93
65 106
66 165
66 298
66 328
66 470
66 484
66 487
66 563
66 570
66 593
66 758
66 806
66 822
66 827
67 109
67 169
67 241
67 273
67 340
67 682
67 883
67 904
67 910
67 968
67 975
67 97
67 135
67 144
69 92
70 77
70 101
70 127
70 134
70 220
70 232
70 329
70 378
70 384
70 394
70 525
70 527
70 568
70 579
70 591
70 725
70 736
70 756
70 757
70 770
70 788
70 808
70 830
70 837
70 859
70 875
70 890
70 923
70 924
70 969
70 999
71 246
71 407
72 207
72 287
72 373
72 380
72 409
72 555
72 662
72 764
73 93
73 128
74 98
74 111
75 91
75 92
75 124
75 162
75 443
75 550
75 190
76 776
77 196
78 84
78 85
78 145
78 382
78 530
78 577
78 684
78 762
78 176
79 114
79 310
79 148
80 393
80 543
80 882
81 88
81 468
81 520
81 534
81 922
81 949
82 84
82 278
82 907
82 133
83 918
84 125
84 286
85 288
85 314
85 514
85 515
85 556
85 594
85 636
85 718
85 722
85 849
85 97
85 123
86 107
86 727
87 297
88 352
89 716
90 99
90 375
90 462
90 463
90 473
90 518
90 637
90 650
90 657
90 679
90 703
90 843
90 874
90 930
91 362
91 504
91 571
92 291
92 474
92 529
92 664
92 693
92 739
92 98
92 110
92 144
93 99
93 127
93 976
94 221
94 628
94 644
94 958
95 435
95 444
95 576
95 590
95 671
95 931
96 123
97 153
97 277
97 107
97 115
97 122
97 147
98 128
98 596
98 666
98 111
99 138
99 178
99 231
99 250
99 255
99 350
99 371
99 403
99 431
99 457
99 513
99 541
99 651
99 663
99 691
99 746
99 881
99 199
100 144
100 785
101 276
101 304
101 742
101 928
103 402
103 911
103 920
103 967
103 165
104 105
104 498
104 858
105 113
105 198
105 316
105 337
105 415
105 597
105 641
105 744
105 828
105 905
105 110
105 191
106 130
106 465
106 581
106 867
107 174
107 200
107 212
107 308
107 440
107 645
107 123
107 163
108 740
110 205
110 294
110 311
110 417
110 532
110 548
110 697
110 766
110 820
110 894
110 902
110 917
110 974
111 127
111 183
111 242
111 338
111 422
111 448
111 461
111 486
111 575
111 707
111 913
111 141
112 123
112 189
112 197
112 223
112 320
112 363
112 608
112 685
112 748
112 970
113 603
114 301
114 364
114 436
114 939
114 941
115 121
115 196
115 290
115 327
115 342
115 469
115 569
115 700
115 755
115 786
115 802
115 909
115 943
116 658
116 824
116 855
117 952
118 145
118 163
118 164
118 175
118 259
118 317
118 332
118 333
118 339
118 347
118 348
118 355
118 356
118 370
118 398
118 406
118 425
118 483
118 537
118 561
118 601
118 639
118 680
118 687
118 696
118 702
118 745
118 759
118 815
118 869
118 889
118 898
118 989
118 192
119 299
119 565
119 772
119 865
120 198
120 236
120 427
120 434
120 503
120 552
120 686
120 687
120 781
120 956
120 988
121 602
122 178
122 193
122 269
122 321
122 324
122 399
122 453
122 466
122 508
122 585
122 595
122 719
122 756
122 821
122 901
122 936
122 963
122 965
123 238
123 260
123 496
123 825
123 853
124 547
124 955
125 157
125 396
126 512
126 961
128 302
128 567
128 612
128 668
129 186
129 271
129 388
129 432
129 502
129 729
129 873
129 895
129 921
129 984
129 168
130 528
131 208
131 752
132 174
132 215
132 368
132 538
134 171
134 876
135 862
137 158
137 159
138 158
138 312
138 517
138 723
138 834
139 634
139 789
139 906
139 204
140 627
140 985
141 472
141 477
142 254
142 412
142 738
142 198
143 161
143 282
143 516
143 817
144 222
144 300
144 442
144 613
144 692
144 709
144 750
144 852
144 868
145 899
147 546
147 823
148 197
149 157
149 167
149 173
149 211
149 224
149 285
149 475
149 495
149 506
149 640
149 659
149 665
149 677
149 880
151 173
151 351
151 424
151 509
151 620
151 678
151 831
151 878
151 937
151 195
152 157
152 168
152 283
152 377
152 695
152 774
152 978
152 987
153 500
153 174
155 189
156 202
193 195
