0 1
0 2
0 3
0 7
0 8
0 12
0 17
0 21
0 28
0 29
0 31
0 34
0 35
0 37
0 42
0 45
0 47
0 53
0 59
0 60
0 63
0 68
0 78
0 92
0 94
0 99
0 100
0 102
0 104
0 118
0 119
0 129
0 137
0 153
0 155
0 163
0 167
0 175
0 179
0 186
0 190
0 191
0 194
0 196
0 198
0 199
0 202
0 211
0 238
0 278
0 313
0 314
0 321
0 334
0 368
0 372
0 429
0 447
0 455
0 465
0 496
0 498
0 509
0 557
0 589
0 608
0 637
0 750
0 757
0 764
0 829
0 833
0 848
1 2
1 3
1 6
1 10
1 13
1 14
1 16
1 26
1 30
1 34
1 37
1 41
1 52
1 59
1 68
1 73
1 76
1 78
1 80
1 83
1 89
1 93
1 113
1 127
1 147
1 149
1 159
1 168
1 176
1 178
1 182
1 200
1 202
1 203
1 218
1 222
1 250
1 253
1 283
1 301
1 329
1 364
1 367
1 381
1 382
1 407
1 444
1 470
1 479
1 510
1 536
1 579
1 622
1 643
1 700
1 732
1 759
1 815
1 826
1 861
1 894
1 949
1 953
1 988
2 3
2 5
2 7
2 21
2 22
2 30
2 36
2 42
2 47
2 54
2 55
2 62
2 79
2 84
2 105
2 109
2 115
2 121
2 123
2 127
2 129
2 133
2 134
2 152
2 155
2 184
2 343
2 355
2 452
2 634
2 677
2 715
2 991
3 4
3 5
3 6
3 8
3 9
3 10
3 16
3 19
3 20
3 27
3 32
3 33
3 34
3 36
3 47
3 48
3 50
3 53
3 61
3 68
3 73
3 79
3 80
3 86
3 95
3 100
3 113
3 115
3 120
3 123
3 127
3 130
3 133
3 135
3 142
3 143
3 153
3 161
3 167
3 168
3 169
3 170
3 172
3 175
3 177
3 180
3 183
3 186
3 190
3 191
3 193
3 205
3 226
3 234
3 310
3 311
3 312
3 335
3 344
3 390
3 400
3 418
3 454
3 485
3 520
3 526
3 544
3 580
3 616
3 645
3 647
3 648
3 672
3 718
3 725
3 801
3 836
3 838
3 907
3 908
3 917
3 965
3 989
4 12
4 33
4 55
4 72
4 173
4 207
4 260
4 566
4 572
4 678
4 14
4 5
4 8
4 19
4 53
4 61
4 81
4 105
5 8
5 10
5 20
5 23
5 28
5 40
5 52
5 54
5 61
5 62
5 68
5 81
5 82
5 103
5 110
5 117
5 130
5 143
5 148
5 151
5 201
5 210
5 229
5 237
5 239
5 251
5 256
5 307
5 401
5 428
5 431
5 548
5 598
5 600
5 654
5 663
5 680
5 694
5 717
5 739
5 742
5 806
5 808
5 831
5 840
5 847
5 873
5 939
5 957
5 958
5 14
5 9
5 11
5 17
5 48
5 149
6 11
6 16
6 20
6 32
6 44
6 203
6 212
6 542
6 646
6 842
6 905
6 928
6 945
7 9
7 13
7 24
7 41
7 48
7 105
7 190
7 558
7 629
7 824
7 14
7 45
7 86
7 114
7 149
8 28
8 52
8 166
8 380
8 433
8 816
8 843
8 911
8 975
9 48
9 944
9 10
9 14
9 17
9 22
9 25
9 29
9 33
9 65
9 82
9 85
9 86
9 140
9 164
10 21
10 23
10 25
10 56
10 110
10 133
10 161
10 221
10 308
10 363
10 516
10 976
10 13
10 19
10 37
10 66
10 98
10 104
10 106
11 162
11 296
11 14
11 52
11 83
11 200
12 15
12 46
12 102
12 156
12 193
12 214
12 406
12 514
12 604
12 651
12 659
12 670
12 719
12 866
12 14
13 29
13 274
13 340
13 889
13 28
13 32
13 72
13 127
14 30
14 38
14 43
14 48
14 63
14 109
14 116
14 131
14 137
14 151
14 164
14 180
14 181
14 186
14 206
14 289
14 293
14 360
14 412
14 473
14 475
14 486
14 488
14 524
14 538
14 573
14 577
14 588
14 594
14 597
14 601
14 603
14 614
14 625
14 660
14 673
14 690
14 699
14 704
14 720
14 823
14 835
14 845
14 878
14 882
14 883
14 931
14 941
14 947
14 950
14 15
14 21
14 24
14 25
14 37
14 40
14 41
14 46
14 55
14 61
14 64
14 67
14 74
14 81
14 89
14 105
14 114
14 117
15 18
15 35
15 43
15 59
15 64
15 77
15 85
15 116
15 120
15 122
15 129
15 183
15 204
15 209
15 217
15 235
15 252
15 272
15 273
15 285
15 294
15 309
15 355
15 389
15 416
15 467
15 492
15 495
15 499
15 503
15 505
15 507
15 517
15 529
15 554
15 578
15 584
15 595
15 602
15 632
15 657
15 662
15 674
15 685
15 714
15 726
15 729
15 734
15 736
15 737
15 741
15 787
15 803
15 818
15 821
15 846
15 879
15 906
15 909
15 923
15 927
15 947
15 967
15 979
15 980
15 985
15 78
15 128
16 19
16 20
16 51
16 665
16 916
17 641
17 776
17 69
17 75
17 76
17 84
17 92
17 98
17 123
17 174
18 24
18 67
18 98
18 122
19 26
19 100
19 22
19 28
19 29
19 30
19 32
19 34
19 35
19 40
19 41
19 57
19 58
19 67
19 72
19 73
19 82
19 95
19 97
19 103
19 109
19 113
19 124
19 131
19 141
19 144
19 148
20 26
20 27
20 32
20 40
20 57
20 65
20 66
20 69
20 71
20 83
20 90
20 111
20 113
20 114
20 124
20 134
20 139
20 146
20 148
20 162
20 163
20 173
20 200
20 208
20 242
20 246
20 248
20 258
20 261
20 266
20 280
20 306
20 318
20 349
20 353
20 354
20 365
20 369
20 386
20 404
20 410
20 437
20 441
20 446
20 453
20 456
20 458
20 462
20 490
20 511
20 522
20 556
20 562
20 605
20 606
20 620
20 621
20 627
20 635
20 656
20 658
20 664
20 667
20 668
20 671
20 679
20 744
20 749
20 762
20 778
20 792
20 802
20 814
20 830
20 844
20 852
20 862
20 868
20 870
20 880
20 896
20 897
20 898
20 930
20 954
20 961
20 968
20 973
20 983
20 996
21 22
21 36
21 81
21 82
21 138
21 170
21 195
21 299
21 342
21 461
21 569
21 599
21 723
21 810
21 863
21 887
21 891
21 910
21 972
22 91
22 348
22 421
22 435
22 466
22 482
22 543
22 768
22 777
22 872
22 899
22 959
22 35
22 90
22 103
22 110
22 150
24 59
24 89
24 109
24 126
24 190
24 240
24 320
24 727
24 888
24 25
24 27
24 86
24 118
24 136
25 31
25 88
25 201
26 147
26 292
26 298
26 303
26 403
26 822
27 28
27 58
27 83
27 101
27 106
27 148
28 42
28 52
28 86
28 111
28 279
28 282
28 322
28 512
28 552
28 575
28 746
28 753
28 794
28 877
28 64
28 73
28 101
29 37
30 38
30 116
30 165
30 171
30 227
30 284
30 330
31 142
32 39
32 50
32 74
32 147
32 374
32 379
32 409
32 415
32 434
32 607
32 712
32 813
32 893
32 905
32 934
33 35
33 49
33 55
33 91
33 97
33 102
33 487
33 523
33 560
33 735
33 855
33 48
33 53
33 104
34 37
34 61
34 64
34 72
34 125
34 219
34 346
34 397
34 460
34 474
34 484
34 682
34 688
34 751
34 785
34 805
34 811
34 820
34 839
34 850
34 886
34 913
34 937
34 943
34 952
34 960
34 982
34 54
34 74
34 102
35 37
35 46
35 197
35 537
35 799
35 854
35 42
35 113
36 74
36 125
36 413
36 571
36 760
36 849
37 46
37 76
37 95
37 160
37 171
37 220
37 388
37 519
37 881
37 50
37 66
37 70
37 93
37 100
37 152
38 834
39 46
39 51
39 66
39 77
39 79
39 611
39 617
39 626
39 766
39 772
39 782
39 922
40 139
40 143
40 231
40 904
40 89
41 411
41 481
41 666
41 711
41 49
41 97
41 138
41 151
42 89
42 128
42 399
42 681
42 713
42 728
42 755
42 786
43 264
44 58
44 69
44 92
44 108
44 110
44 151
44 174
44 201
44 288
44 295
44 336
44 345
44 375
44 508
44 515
44 530
44 568
44 615
45 57
45 194
45 228
45 325
45 827
45 53
46 49
46 187
46 396
46 502
48 70
48 102
48 119
48 137
48 142
48 167
48 297
48 439
48 521
48 534
48 756
48 828
48 864
48 955
48 978
48 144
49 56
49 57
49 94
49 95
49 134
49 140
50 65
50 66
50 87
50 152
50 243
50 245
50 267
50 286
50 332
50 432
50 518
50 691
50 146
51 106
51 124
51 378
51 547
52 110
52 139
52 159
52 493
52 612
52 697
52 971
53 56
53 58
53 74
53 88
53 107
53 131
53 254
53 276
53 287
53 494
53 564
53 590
53 701
53 709
53 754
53 851
53 856
53 914
53 926
53 933
53 963
54 394
54 116
55 95
55 371
55 707
55 795
55 874
55 155
56 96
56 127
56 161
56 247
56 565
56 994
56 59
57 75
57 244
57 249
57 392
58 140
58 257
58 359
58 585
58 837
58 990
58 74
58 80
58 87
58 94
59 70
59 107
59 142
59 178
59 225
59 293
59 337
59 582
59 584
59 642
59 650
59 876
60 476
61 92
61 351
61 424
61 858
61 176
62 143
62 932
63 99
63 196
63 265
63 305
63 436
63 860
63 181
64 489
64 119
64 197
65 383
65 583
65 624
65 135
67 268
67 88
68 290
68 323
68 576
68 832
69 78
69 275
69 302
69 326
69 358
69 477
69 540
69 567
69 628
69 630
69 686
69 745
69 770
69 779
69 798
69 800
69 926
69 969
69 970
69 168
70 135
70 469
70 471
70 716
70 132
72 255
72 263
72 559
72 76
73 78
73 125
73 132
73 144
73 150
73 180
74 82
74 84
74 121
74 136
74 138
74 158
74 188
74 270
74 281
74 316
74 327
74 331
74 405
74 427
74 442
74 451
74 570
74 581
74 592
74 640
74 644
74 652
74 684
74 758
74 774
74 869
74 892
74 895
74 920
74 924
74 942
74 981
74 999
74 108
74 125
75 740
75 744
75 912
75 100
76 724
76 92
76 115
77 116
77 172
77 478
77 550
77 853
77 918
78 373
78 530
78 623
78 631
78 789
78 796
78 995
78 79
78 93
79 93
79 136
79 145
79 232
79 332
79 347
79 379
79 533
79 687
79 938
80 150
80 185
80 203
80 539
80 541
80 781
81 108
81 189
81 215
81 230
81 357
81 841
81 124
82 229
82 366
82 771
82 128
83 103
84 525
84 649
84 857
84 992
85 142
86 107
86 119
86 133
87 101
87 940
88 780
88 183
89 98
89 126
89 352
89 417
89 450
89 871
89 885
89 948
89 984
89 120
92 168
92 385
92 506
93 356
93 445
93 107
94 96
94 213
94 902
94 112
95 97
95 99
95 154
95 200
95 259
95 315
95 398
95 527
95 574
95 653
95 692
95 698
95 708
95 748
95 819
95 865
95 900
95 915
95 951
95 977
95 996
95 997
96 376
96 775
96 807
97 154
99 107
99 145
99 164
99 209
99 300
99 303
99 350
99 393
99 398
99 414
99 422
99 638
99 695
99 696
99 710
99 752
99 817
99 859
99 946
99 962
99 964
100 104
100 767
101 124
101 341
101 790
101 188
102 151
102 180
102 199
102 236
102 387
102 419
102 440
102 491
102 535
102 546
102 549
102 555
102 797
102 803
102 884
102 899
102 919
102 921
102 925
102 126
102 153
103 262
103 613
103 791
104 118
105 761
106 158
106 339
106 500
106 596
106 693
106 900
106 903
106 935
106 115
106 123
107 459
109 181
110 112
110 114
110 140
110 141
110 166
110 173
110 192
110 195
110 201
110 216
110 233
110 324
110 327
110 380
110 408
110 449
110 464
110 483
110 513
110 531
110 545
110 553
110 586
110 639
110 655
110 661
110 676
110 683
110 765
110 769
110 783
110 785
110 809
110 812
110 825
110 929
110 956
110 974
110 993
110 998
110 111
110 118
112 137
112 163
113 480
113 618
113 653
113 784
114 139
114 147
115 192
116 144
116 153
116 154
116 702
117 141
117 189
118 224
119 551
119 703
120 986
122 126
122 135
122 338
122 773
123 619
124 563
124 135
125 504
125 733
126 304
126 497
126 528
127 195
128 420
128 532
129 132
129 269
129 443
129 514
129 633
129 675
129 699
129 987
130 198
130 591
132 160
132 182
132 501
133 157
133 223
133 291
133 333
133 359
133 477
133 706
135 384
135 419
136 747
137 561
137 666
137 722
138 164
138 395
138 402
138 426
138 448
138 457
138 468
138 763
138 890
139 148
139 277
139 472
139 738
139 936
142 425
142 593
142 609
142 190
143 361
143 370
143 610
143 636
143 669
143 743
144 193
144 788
144 901
145 271
145 362
145 382
145 383
145 391
145 689
145 721
145 730
145 731
146 319
147 390
148 867
151 328
151 377
151 430
151 705
151 875
152 438
153 173
153 241
153 317
153 423
153 463
153 587
153 793
153 804
153 951
153 966
158 162
161 169
