0 1
0 2
0 3
0 4
0 5
0 7
0 12
0 19
0 30
0 36
0 57
0 66
0 68
0 71
0 74
0 90
0 103
0 109
0 110
0 116
0 127
0 142
0 146
0 153
0 154
0 160
0 162
0 168
0 184
0 203
0 204
0 295
0 332
0 483
0 631
0 665
0 694
0 732
0 740
0 775
0 783
0 786
0 788
0 882
0 888
0 991
1 2
1 3
1 4
1 5
1 6
1 7
1 8
1 19
1 21
1 27
1 28
1 31
1 35
1 41
1 42
1 46
1 50
1 53
1 57
1 60
1 70
1 71
1 72
1 73
1 79
1 81
1 85
1 89
1 96
1 101
1 106
1 108
1 122
1 126
1 129
1 131
1 136
1 138
1 147
1 155
1 157
1 162
1 175
1 178
1 179
1 180
1 181
1 183
1 188
1 189
1 199
1 201
1 204
1 231
1 245
1 315
1 457
1 487
1 514
1 600
1 613
1 629
1 644
1 646
1 687
1 698
1 702
1 744
1 782
1 810
1 813
1 832
1 890
1 919
1 927
1 931
1 961
2 3
2 4
2 5
2 7
2 11
2 14
2 39
2 52
2 54
2 57
2 81
2 97
2 102
2 103
2 105
2 109
2 115
2 125
2 127
2 134
2 137
2 139
2 141
2 148
2 150
2 154
2 161
2 163
2 164
2 166
2 171
2 173
2 179
2 182
2 183
2 185
2 195
2 243
2 347
2 419
2 493
2 501
2 504
2 551
2 576
2 622
2 707
3 4
3 5
3 6
3 23
3 24
3 27
3 54
3 65
3 85
3 181
3 367
3 611
3 751
3 753
3 769
3 945
3 968
4 5
4 12
4 19
4 26
4 29
4 37
4 47
4 50
4 52
4 58
4 61
4 62
4 71
4 75
4 82
4 124
4 130
4 134
4 156
4 158
4 165
4 171
4 185
4 189
4 191
4 197
4 260
4 339
4 354
4 362
4 366
4 397
4 420
4 503
4 505
4 535
4 607
4 664
4 667
4 692
4 709
4 864
4 880
4 895
5 9
5 15
5 19
5 22
5 34
5 60
5 67
5 78
5 79
5 82
5 91
5 94
5 107
5 115
5 128
5 131
5 136
5 138
5 142
5 143
5 144
5 151
5 159
5 160
5 165
5 167
5 174
5 180
5 184
5 188
5 200
5 205
5 250
5 288
5 298
5 333
5 578
5 636
5 642
5 719
5 746
5 909
5 935
6 8
6 10
6 37
6 49
6 63
6 66
6 73
6 87
6 111
6 166
6 169
6 177
6 220
6 286
6 389
6 456
6 497
6 566
6 625
6 705
6 797
6 807
6 936
6 36
6 7
6 12
6 23
6 29
6 48
6 57
6 136
7 16
7 31
7 39
7 60
7 77
7 88
7 93
7 118
7 130
7 135
7 150
7 165
7 267
7 279
7 328
7 360
7 567
7 583
7 713
7 720
7 721
7 724
7 728
7 811
7 847
7 853
7 897
7 931
7 947
7 8
7 11
7 64
8 14
8 22
8 30
8 37
8 45
8 47
8 49
8 52
8 64
8 68
8 80
8 83
8 87
8 91
8 95
8 100
8 112
8 116
8 147
8 196
8 213
8 234
8 238
8 244
8 259
8 265
8 306
8 318
8 365
8 397
8 408
8 429
8 441
8 465
8 469
8 482
8 500
8 529
8 549
8 550
8 558
8 577
8 581
8 582
8 616
8 618
8 649
8 670
8 697
8 731
8 750
8 761
8 763
8 766
8 782
8 826
8 831
8 836
8 852
8 860
8 861
8 867
8 891
8 907
8 917
8 930
8 948
8 952
8 967
8 978
8 982
8 984
8 36
8 10
8 11
8 15
8 56
8 74
8 76
8 77
8 127
8 128
9 10
9 13
9 28
9 58
9 63
9 83
9 511
9 537
9 800
9 819
10 28
10 72
10 149
10 263
10 326
10 380
10 471
10 561
10 704
10 12
10 13
10 14
10 22
10 26
10 43
10 54
10 166
11 17
11 18
11 24
11 38
11 54
11 117
11 176
11 192
11 199
11 208
11 215
11 217
11 275
11 317
11 319
11 375
11 398
11 416
11 599
11 770
11 844
11 893
11 16
11 70
11 101
12 27
12 30
12 34
12 67
12 68
12 70
12 89
12 100
12 579
12 601
12 639
12 743
12 774
12 957
12 18
12 26
12 37
12 85
12 90
12 92
12 106
12 125
12 129
12 152
13 15
13 36
13 17
13 48
14 152
14 466
14 820
14 876
14 36
14 15
14 17
14 30
14 31
14 40
14 43
14 49
14 53
14 66
14 81
14 86
14 111
15 37
15 90
15 171
15 210
15 230
15 379
15 760
15 818
15 871
15 962
15 981
15 990
15 25
15 27
15 38
15 39
15 55
15 64
15 75
15 94
15 109
15 131
15 141
15 152
15 177
16 113
16 488
16 17
16 20
16 72
16 147
16 162
17 18
17 24
17 35
17 38
17 40
17 46
17 51
17 98
17 119
17 170
17 203
17 292
17 340
17 370
17 458
17 463
17 464
17 470
17 545
17 684
17 839
17 840
17 841
17 906
17 915
17 20
17 29
17 30
17 32
17 76
17 87
17 96
17 131
18 23
18 38
18 57
18 127
18 214
18 227
18 310
18 682
18 725
18 739
18 805
18 889
18 944
18 93
19 20
19 29
19 32
19 33
19 42
19 53
19 85
19 94
19 122
19 151
19 202
19 266
19 303
19 384
19 509
19 510
19 564
19 652
19 901
19 914
19 953
20 32
20 205
20 236
20 21
20 37
20 58
20 70
21 25
21 59
21 61
21 62
21 93
21 106
21 138
21 181
21 197
21 219
21 256
21 327
21 406
21 492
21 546
21 674
21 829
21 843
22 27
22 45
22 144
22 610
23 46
23 170
23 203
23 376
23 378
23 552
23 596
23 677
23 748
23 849
23 32
24 35
24 38
24 40
24 43
24 47
24 48
24 79
24 249
24 317
24 402
24 557
24 572
24 585
24 590
24 602
24 663
24 780
24 798
24 801
24 987
25 162
26 55
26 82
26 93
26 113
26 135
26 137
26 198
26 343
26 496
26 660
26 735
26 875
26 908
26 31
26 49
26 54
26 78
26 111
26 124
26 126
27 55
27 107
27 126
27 153
27 161
27 195
27 254
27 577
27 848
27 926
28 58
28 104
28 212
28 462
28 726
28 838
28 983
29 32
29 33
29 42
29 97
29 128
29 226
29 352
29 486
29 512
29 586
29 734
29 837
29 954
29 62
29 75
29 77
29 90
29 95
29 136
29 150
30 80
30 126
30 221
30 432
30 615
30 679
30 817
30 51
30 91
30 112
30 144
31 283
31 513
31 659
31 714
31 899
31 47
31 49
31 55
31 57
31 62
31 66
31 86
31 93
31 103
31 107
31 121
31 124
32 33
32 36
32 42
32 44
32 53
32 92
32 206
32 266
32 289
32 290
32 538
32 606
32 620
32 650
32 675
32 695
32 744
32 747
32 767
32 846
32 872
32 41
32 99
32 139
33 44
33 78
33 96
33 122
33 151
33 163
33 223
33 239
33 345
33 393
33 414
33 428
33 478
33 508
33 515
33 521
33 530
33 534
33 648
33 653
33 758
33 851
34 353
35 43
35 84
35 86
35 102
35 193
35 316
35 355
35 491
35 554
35 568
35 593
35 789
35 802
35 896
35 999
36 56
36 405
36 706
36 902
36 37
36 46
36 55
36 84
36 123
37 133
37 869
37 937
37 965
37 115
38 40
38 51
38 84
38 120
38 216
38 250
38 282
38 335
38 386
38 595
38 779
38 803
38 922
38 973
38 44
38 80
39 88
39 113
39 242
39 468
39 643
39 878
40 46
40 48
40 75
40 184
40 185
40 189
40 233
40 310
40 479
40 528
40 651
40 932
40 45
40 71
40 130
40 146
41 246
42 56
42 111
42 140
42 142
42 258
42 346
42 381
42 409
42 415
42 425
42 540
42 553
42 570
42 619
42 634
42 778
42 812
42 845
42 904
42 970
42 986
42 990
42 997
43 158
43 281
43 933
43 985
43 51
44 74
44 76
44 186
44 485
44 647
44 959
45 686
45 777
46 363
46 635
46 699
47 54
47 73
47 83
47 201
47 211
47 293
47 297
47 404
47 480
47 520
47 626
47 691
47 852
47 857
48 49
48 51
48 121
48 123
48 178
48 200
48 257
48 356
48 600
48 640
48 844
48 964
49 66
49 69
49 72
49 99
49 112
49 129
49 133
49 134
49 169
49 174
49 177
49 184
49 190
49 247
49 248
49 271
49 276
49 323
49 369
49 427
49 430
49 434
49 437
49 451
49 467
49 475
49 499
49 550
49 555
49 565
49 580
49 584
49 597
49 621
49 637
49 723
49 729
49 736
49 779
49 785
49 812
49 850
49 866
49 966
49 974
49 151
50 132
50 358
50 371
50 742
50 752
51 173
51 182
51 338
51 603
51 627
51 680
51 60
51 65
52 55
52 372
52 757
52 765
53 85
53 295
53 421
53 531
53 662
53 874
54 167
54 418
54 685
54 784
54 185
55 70
55 107
55 131
55 196
55 197
55 280
55 536
55 589
55 855
55 929
55 949
55 975
55 68
55 100
55 149
56 103
56 690
57 628
57 64
57 67
58 63
58 145
58 570
58 69
59 77
59 150
60 62
60 92
60 197
60 278
60 284
60 351
60 359
60 373
60 442
60 446
60 484
60 507
60 539
60 541
60 556
60 641
60 678
60 696
60 701
60 703
60 708
60 717
60 755
60 756
60 772
60 773
60 796
60 809
60 822
60 925
60 928
60 963
60 74
60 118
60 144
61 88
61 268
61 302
61 502
61 745
61 833
62 66
62 77
62 222
62 253
62 285
62 455
62 472
62 587
62 592
62 768
62 943
62 154
63 808
64 109
64 142
65 207
65 624
65 771
65 100
65 110
66 108
66 133
66 137
66 237
66 361
66 454
66 489
66 490
66 516
66 527
66 569
66 588
66 656
66 657
66 671
66 715
66 718
66 749
66 754
66 776
66 787
66 863
66 910
66 955
66 960
66 165
67 273
67 308
67 313
67 342
67 614
67 661
67 868
68 139
68 388
68 460
68 672
69 149
69 188
69 291
69 382
69 113
69 129
70 81
70 89
70 195
70 408
70 548
70 794
70 78
70 143
71 329
71 461
71 609
71 816
71 193
72 140
72 336
72 573
72 668
73 142
73 324
73 522
74 413
75 182
75 444
75 474
75 477
75 495
75 655
75 748
75 799
75 918
75 998
75 121
75 125
77 218
77 255
77 368
77 519
77 562
77 617
77 623
77 795
77 898
77 119
77 122
78 225
78 884
79 80
79 98
79 100
79 139
79 160
79 182
79 391
79 400
79 401
79 440
79 443
79 525
79 532
79 568
79 598
79 676
79 710
79 730
79 804
80 172
80 407
80 916
80 107
81 814
81 865
81 148
81 150
81 195
82 131
82 209
82 287
82 563
82 594
82 669
82 700
82 728
82 951
83 229
83 330
83 476
83 654
84 158
84 240
84 424
84 591
84 934
85 105
85 114
85 251
85 304
85 410
85 526
85 827
86 294
86 559
86 938
87 104
87 124
87 269
87 448
87 481
87 668
88 130
88 472
88 885
89 101
89 161
89 377
90 224
90 303
90 452
90 542
90 573
90 630
90 806
90 91
91 232
91 905
91 958
91 138
92 571
92 612
92 877
92 204
93 296
93 426
94 144
94 187
94 387
94 494
94 604
94 737
94 825
94 834
94 835
94 856
94 903
94 971
94 989
95 137
95 184
96 309
96 156
97 156
97 175
97 337
97 666
97 688
97 855
97 868
97 881
97 892
97 980
97 992
98 191
99 141
100 357
100 575
100 688
101 146
101 153
101 334
101 399
101 473
101 633
101 673
101 727
101 859
101 145
105 163
105 320
105 331
107 164
107 274
107 350
107 395
107 976
108 417
108 683
109 120
109 127
110 115
110 132
111 169
112 523
113 228
113 241
113 253
113 300
113 321
113 325
113 392
113 436
113 645
113 693
113 792
113 830
113 873
113 887
113 942
115 164
115 349
115 605
115 712
115 993
116 264
116 658
117 912
120 383
120 385
120 676
120 681
120 854
120 956
120 167
121 192
122 125
122 128
122 157
122 453
122 543
122 194
123 394
123 518
123 552
123 632
123 790
123 921
123 972
124 322
125 435
125 791
125 842
125 145
126 155
126 301
126 305
126 920
127 203
127 270
127 348
127 524
127 738
127 858
128 517
129 506
129 977
129 996
130 423
130 544
130 608
130 145
130 152
131 279
131 312
131 344
131 411
131 422
131 431
131 630
131 689
131 706
131 762
131 764
131 781
131 815
131 823
131 883
131 886
131 894
131 923
131 935
131 946
131 969
131 988
131 186
132 403
133 262
133 862
133 900
134 299
134 447
134 821
135 277
135 364
135 374
135 412
135 498
135 533
135 547
135 733
135 870
135 913
135 924
136 711
136 171
137 272
137 433
137 879
137 911
137 994
139 144
139 252
139 307
139 716
139 950
140 438
140 159
141 199
142 235
142 396
142 439
142 445
142 449
142 560
142 941
144 180
144 311
144 349
144 390
144 459
144 574
144 759
144 777
144 939
144 161
145 995
146 793
147 159
147 314
147 860
148 194
148 638
150 422
150 824
151 979
153 940
154 261
154 341
154 450
154 741
155 722
155 828
162 181
