0 1
0 2
0 3
0 4
0 5
0 7
0 16
0 33
0 65
0 66
0 74
0 75
0 76
0 80
0 144
0 146
0 160
0 170
0 176
0 181
0 189
0 205
0 260
0 347
0 383
0 415
0 436
0 448
0 542
0 579
0 587
0 651
0 666
0 728
0 758
0 771
0 790
0 808
0 827
0 973
0 987
0 996
1 2
1 3
1 4
1 5
1 12
1 14
1 15
1 16
1 22
1 38
1 40
1 44
1 45
1 54
1 74
1 77
1 83
1 100
1 105
1 118
1 122
1 126
1 132
1 134
1 145
1 150
1 185
1 186
1 196
1 199
1 200
1 212
1 273
1 292
1 294
1 326
1 376
1 384
1 391
1 441
1 502
1 657
1 723
1 822
2 3
2 4
2 5
2 6
2 8
2 9
2 10
2 11
2 12
2 13
2 17
2 18
2 19
2 21
2 23
2 25
2 27
2 29
2 30
2 35
2 37
2 38
2 42
2 49
2 56
2 59
2 60
2 62
2 65
2 68
2 70
2 72
2 73
2 74
2 83
2 85
2 91
2 95
2 99
2 102
2 103
2 108
2 109
2 110
2 114
2 120
2 122
2 123
2 135
2 137
2 143
2 144
2 153
2 167
2 171
2 175
2 178
2 179
2 183
2 185
2 188
2 189
2 192
2 196
2 200
2 252
2 255
2 276
2 283
2 289
2 322
2 340
2 351
2 354
2 378
2 407
2 464
2 468
2 479
2 486
2 493
2 521
2 559
2 560
2 570
2 594
2 622
2 625
2 642
2 669
2 695
2 704
2 734
2 760
2 769
2 783
2 784
2 794
2 797
2 818
2 836
2 864
2 884
2 924
2 927
2 943
2 945
2 966
3 4
3 5
3 11
3 12
3 17
3 25
3 27
3 33
3 36
3 39
3 44
3 47
3 50
3 57
3 61
3 66
3 69
3 70
3 71
3 74
3 75
3 83
3 89
3 93
3 98
3 101
3 105
3 106
3 112
3 113
3 115
3 116
3 117
3 119
3 121
3 122
3 124
3 129
3 130
3 135
3 139
3 142
3 149
3 151
3 168
3 181
3 182
3 185
3 195
3 198
3 205
3 218
3 302
3 306
3 308
3 333
3 438
3 439
3 457
3 476
3 509
3 536
3 543
3 546
3 574
3 595
3 613
3 643
3 655
3 671
3 706
3 732
3 788
3 804
3 810
3 821
3 876
3 898
3 977
4 5
4 10
4 35
4 67
4 75
4 84
4 88
4 93
4 97
4 129
4 138
4 143
4 151
4 156
4 161
4 162
4 164
4 167
4 194
4 198
4 214
4 473
4 533
4 566
4 590
4 630
4 631
4 632
4 726
4 737
4 771
4 885
4 947
4 972
5 7
5 13
5 15
5 36
5 62
5 77
5 98
5 118
5 202
5 233
5 270
5 396
5 481
5 701
5 716
6 13
6 17
6 26
6 34
6 40
6 57
6 67
6 77
6 78
6 97
6 103
6 134
6 137
6 154
6 223
6 239
6 336
6 350
6 470
6 511
6 635
6 650
6 662
6 709
6 812
6 837
6 851
6 868
6 971
6 71
6 130
6 10
6 12
6 22
6 39
6 64
6 92
6 143
7 9
7 10
7 28
7 32
7 45
7 46
7 54
7 56
7 58
7 117
7 157
7 213
7 388
7 447
7 475
7 495
7 512
7 541
7 678
7 767
7 780
7 877
7 896
7 935
7 946
7 970
7 980
8 20
8 30
8 59
8 440
8 687
8 994
8 130
9 41
9 130
9 11
10 18
10 19
10 24
10 28
10 41
10 45
10 46
10 48
10 56
10 68
10 71
10 72
10 79
10 88
10 107
10 136
10 139
10 165
10 177
10 201
10 206
10 235
10 245
10 268
10 299
10 330
10 338
10 343
10 365
10 394
10 406
10 452
10 492
10 586
10 593
10 602
10 654
10 703
10 712
10 734
10 753
10 763
10 765
10 769
10 807
10 834
10 855
10 863
10 890
10 891
10 907
10 919
10 949
10 12
10 13
10 14
10 16
10 20
10 25
10 26
10 36
10 37
10 61
10 70
10 75
10 90
10 126
10 149
11 14
11 35
11 123
11 247
11 882
11 26
11 29
11 42
11 50
11 67
11 91
11 114
12 61
12 63
12 127
12 304
12 312
12 345
12 431
12 483
12 561
12 624
12 682
12 778
12 820
12 879
12 984
12 19
12 23
12 28
12 34
12 37
12 43
12 51
12 54
12 81
12 82
12 102
12 107
12 123
12 137
12 138
12 151
12 152
13 26
13 40
13 84
13 93
13 97
13 101
13 121
13 140
13 184
13 217
13 258
13 271
13 311
13 684
13 766
13 910
13 934
13 960
13 71
13 25
13 38
13 46
13 48
13 65
13 76
13 115
13 144
13 149
14 23
14 52
14 87
14 111
14 187
14 277
14 313
14 323
14 453
14 515
14 849
14 857
14 906
14 925
15 20
15 30
15 50
15 61
15 143
15 171
15 197
15 231
15 242
15 257
15 333
15 348
15 364
15 366
15 482
15 553
15 628
15 670
15 705
15 722
15 840
15 871
15 912
15 940
15 941
15 997
15 130
16 120
17 26
17 120
17 603
17 645
17 792
17 889
17 950
18 22
18 79
18 107
18 315
18 358
18 394
18 591
18 652
18 749
18 130
18 42
18 100
18 113
19 24
19 39
19 107
19 410
19 537
19 31
19 32
19 33
19 96
19 154
20 38
20 39
20 62
20 73
20 80
20 89
20 158
20 171
20 172
20 229
20 236
20 242
20 253
20 259
20 286
20 310
20 327
20 339
20 349
20 377
20 412
20 425
20 428
20 429
20 456
20 459
20 465
20 484
20 498
20 499
20 516
20 543
20 549
20 557
20 585
20 614
20 658
20 661
20 664
20 667
20 676
20 714
20 744
20 755
20 756
20 776
20 777
20 781
20 799
20 806
20 814
20 817
20 832
20 843
20 853
20 905
20 914
20 920
20 939
20 954
20 968
20 115
20 164
21 43
21 145
21 578
21 779
21 130
21 34
21 70
21 72
21 84
21 89
21 127
21 131
22 319
22 458
22 480
22 830
22 839
23 27
23 64
23 105
23 126
23 142
23 144
23 173
23 181
23 244
23 372
23 485
23 681
23 899
23 916
23 929
23 990
23 103
23 136
24 109
24 287
24 411
24 953
25 28
25 29
25 443
25 936
25 39
25 48
25 93
26 34
26 301
26 489
26 802
26 846
26 913
26 130
26 27
26 28
26 57
26 63
26 68
26 86
26 124
26 126
27 31
27 35
27 52
27 87
27 90
27 106
27 111
27 203
27 331
27 419
27 567
27 575
27 710
27 789
27 872
27 988
27 129
28 29
28 54
28 335
28 512
28 644
28 121
29 41
29 49
29 176
29 785
30 59
30 266
30 504
30 672
30 862
31 46
31 142
31 179
31 208
31 367
31 663
31 61
31 85
31 95
31 134
31 159
32 176
32 627
32 130
33 155
33 615
33 838
33 130
33 73
33 94
33 97
33 125
34 564
34 923
34 36
34 114
35 55
35 86
35 90
35 122
35 159
35 309
35 454
35 562
35 605
35 668
35 683
35 823
36 110
36 275
36 477
36 930
36 130
36 45
36 58
36 71
36 76
36 94
36 132
36 137
37 222
37 63
37 64
37 67
37 129
38 127
38 162
38 188
38 634
38 702
38 775
38 183
39 209
39 486
39 730
39 801
39 989
39 51
39 126
40 51
40 78
40 85
40 152
40 278
40 417
40 633
40 649
40 768
40 787
40 858
40 130
41 44
41 117
41 131
41 363
41 395
41 514
41 589
41 707
41 815
41 835
41 951
42 200
42 204
42 226
42 385
42 427
42 44
42 57
42 58
42 59
42 60
42 62
42 89
43 359
43 402
43 130
43 80
44 53
44 58
44 207
44 230
44 241
44 249
44 352
44 397
44 408
44 416
44 418
44 442
44 474
44 510
44 592
44 606
44 609
44 616
44 636
44 691
44 694
44 717
44 752
44 772
44 847
44 873
44 922
44 937
44 961
44 965
44 983
44 104
44 122
44 134
45 48
45 53
45 56
45 66
45 72
45 79
45 81
45 114
45 124
45 147
45 153
45 158
45 182
45 190
45 193
45 221
45 237
45 240
45 243
45 265
45 284
45 298
45 303
45 316
45 341
45 342
45 360
45 433
45 434
45 435
45 445
45 467
45 488
45 505
45 538
45 544
45 558
45 584
45 597
45 619
45 639
45 640
45 646
45 697
45 712
45 721
45 739
45 809
45 833
45 845
45 892
45 938
45 955
45 963
45 964
45 985
45 991
45 995
45 55
45 176
46 55
46 92
46 128
46 130
46 147
46 215
46 248
46 392
46 413
46 437
46 463
46 471
46 496
46 513
46 534
46 623
46 713
46 742
46 761
46 791
46 819
46 875
46 901
46 956
46 98
46 134
46 165
47 150
47 895
47 130
48 71
48 88
48 163
48 324
48 325
48 600
49 95
49 130
49 111
50 63
50 80
50 91
50 197
50 204
50 238
50 653
50 962
51 81
52 82
52 173
52 535
52 757
52 770
52 893
53 96
53 150
53 243
53 551
53 726
53 130
53 177
54 99
54 296
54 621
54 813
54 974
55 82
55 256
55 588
55 673
55 686
55 816
56 317
56 361
56 161
56 195
57 152
57 184
57 870
57 904
57 908
57 95
57 122
57 143
57 169
58 264
58 466
58 494
58 520
58 573
58 874
59 146
59 202
59 449
59 526
59 733
59 880
59 102
60 96
61 171
61 403
61 556
61 831
61 71
61 73
61 83
61 104
61 106
61 120
62 380
62 545
62 601
62 878
63 125
64 932
64 130
64 116
65 102
65 285
65 608
65 674
65 696
65 700
65 78
66 193
66 220
66 977
67 141
67 180
67 656
67 975
68 79
68 106
69 163
69 178
69 420
69 422
69 523
69 540
69 641
69 741
70 204
70 444
70 659
70 128
71 116
71 371
71 500
71 764
71 111
72 767
73 127
73 426
73 507
73 121
74 148
74 170
74 256
74 318
74 332
74 355
74 389
74 976
74 992
75 295
75 307
75 430
75 522
75 598
75 688
75 729
75 759
76 959
77 120
77 166
77 293
78 774
78 130
78 112
79 290
79 344
79 517
79 611
79 800
80 197
80 267
80 328
80 599
80 900
80 978
80 130
81 356
81 547
81 942
81 82
81 90
81 136
82 100
82 531
82 548
82 620
82 97
82 185
83 262
83 398
83 675
83 800
83 866
83 933
84 147
85 134
85 219
85 224
85 253
85 263
85 269
85 362
85 455
85 462
85 469
85 478
85 530
85 572
85 577
85 607
85 660
85 692
85 727
85 829
85 889
85 981
85 982
85 998
85 130
86 168
87 610
87 921
87 130
87 91
88 107
89 228
89 280
89 689
89 699
89 123
90 94
90 119
90 246
90 432
90 446
90 451
90 708
90 725
90 754
91 909
93 133
93 828
94 113
95 580
96 147
97 140
97 390
97 461
97 107
98 134
98 288
98 381
98 401
98 576
99 191
100 104
100 179
100 373
100 685
100 711
101 141
101 497
101 751
101 911
101 130
103 135
103 148
103 168
103 199
103 232
103 272
103 424
103 539
103 554
103 598
103 638
103 665
103 720
103 762
103 826
103 945
104 869
105 159
105 168
105 647
105 928
105 944
105 130
106 111
106 211
106 254
106 297
106 379
106 618
106 747
106 748
107 190
108 305
108 346
108 368
108 503
109 112
109 145
109 201
109 581
109 679
109 841
110 116
110 160
110 334
110 518
110 552
110 698
110 724
111 491
111 805
111 822
111 179
112 993
113 300
113 130
115 903
116 135
117 193
117 803
120 141
120 167
120 528
120 738
121 393
121 405
122 124
122 178
122 187
122 210
122 297
122 321
122 337
122 382
122 493
122 508
122 569
122 596
122 736
122 745
122 953
122 155
123 291
123 357
123 389
123 550
123 583
123 719
123 999
124 421
124 563
124 773
125 693
125 172
126 519
126 680
126 786
128 142
129 132
129 251
129 358
129 374
129 404
129 501
129 740
129 795
129 915
129 160
129 201
130 141
131 147
131 261
131 414
131 450
131 565
131 568
131 793
131 796
132 386
132 571
132 750
132 854
132 867
132 887
133 320
133 850
134 169
134 180
134 629
134 155
135 156
135 274
135 525
135 731
136 234
137 387
139 506
139 648
139 824
139 844
139 861
139 888
139 205
140 281
140 353
140 848
140 926
140 958
140 979
140 986
141 169
141 180
141 282
141 399
141 423
141 555
141 626
141 811
141 851
141 856
141 969
142 329
142 524
142 637
142 677
142 690
142 715
142 948
143 174
143 460
143 746
143 897
143 917
144 279
144 529
144 582
144 852
144 865
144 931
145 202
145 314
146 250
146 409
146 859
146 881
146 894
147 191
147 216
147 375
147 532
147 825
149 175
149 186
150 165
150 192
150 227
150 369
150 370
150 400
150 487
150 527
150 604
150 612
150 617
150 735
150 842
150 860
150 883
150 886
150 902
150 957
151 196
151 490
151 743
151 967
152 782
152 798
152 952
153 225
153 472
153 718
155 918
161 177
171 189
176 188
187 198
196 200
