0 1
0 2
0 3
0 4
0 6
0 8
0 18
0 30
0 44
0 47
0 58
0 66
0 67
0 69
0 70
0 78
0 82
0 89
0 92
0 110
0 118
0 123
0 127
0 140
0 159
0 162
0 169
0 185
0 188
0 195
0 338
0 346
0 485
0 551
0 554
0 696
0 742
0 886
0 975
1 2
1 3
1 4
1 8
1 19
1 20
1 31
1 46
1 50
1 59
1 60
1 74
1 79
1 92
1 100
1 106
1 108
1 112
1 119
1 136
1 137
1 142
1 149
1 154
1 161
1 170
1 181
1 190
1 196
1 198
1 378
1 407
1 423
1 450
1 493
1 532
1 664
1 672
1 724
1 744
1 781
1 850
1 852
1 860
1 901
2 3
2 4
2 6
2 8
2 9
2 11
2 15
2 16
2 19
2 23
2 28
2 42
2 45
2 47
2 53
2 55
2 58
2 64
2 65
2 70
2 78
2 79
2 90
2 94
2 99
2 101
2 104
2 108
2 111
2 112
2 115
2 116
2 124
2 126
2 130
2 133
2 149
2 157
2 158
2 164
2 195
2 231
2 292
2 295
2 310
2 327
2 420
2 437
2 544
2 580
2 582
2 596
2 622
2 658
2 666
2 673
2 698
2 702
2 712
2 743
2 827
2 963
3 4
3 5
3 9
3 10
3 13
3 14
3 15
3 21
3 26
3 28
3 29
3 32
3 36
3 40
3 45
3 47
3 49
3 52
3 54
3 58
3 60
3 71
3 76
3 79
3 84
3 94
3 96
3 98
3 101
3 102
3 103
3 105
3 110
3 119
3 121
3 124
3 132
3 133
3 138
3 140
3 143
3 151
3 165
3 170
3 172
3 174
3 176
3 181
3 184
3 186
3 187
3 191
3 193
3 197
3 198
3 200
3 203
3 239
3 242
3 243
3 329
3 333
3 365
3 377
3 389
3 397
3 428
3 436
3 446
3 459
3 470
3 485
3 547
3 553
3 561
3 612
3 640
3 751
3 771
3 793
3 821
3 837
3 897
3 947
3 962
3 965
4 12
4 17
4 28
4 33
4 34
4 35
4 36
4 37
4 38
4 42
4 48
4 56
4 61
4 74
4 82
4 86
4 89
4 91
4 97
4 98
4 109
4 121
4 124
4 138
4 148
4 160
4 166
4 168
4 169
4 171
4 172
4 178
4 182
4 199
4 244
4 269
4 273
4 296
4 302
4 304
4 331
4 341
4 352
4 354
4 417
4 430
4 453
4 489
4 610
4 613
4 641
4 704
4 737
4 739
4 809
4 818
4 851
4 875
4 966
4 981
5 22
5 35
5 69
5 94
5 114
5 167
5 178
5 247
5 396
5 399
5 533
5 694
5 831
5 848
5 925
5 76
5 6
5 7
5 9
5 17
5 25
5 48
5 72
5 74
5 128
6 7
6 11
6 17
6 20
6 93
6 442
6 571
6 794
6 76
6 134
7 11
7 16
7 27
7 71
7 111
7 347
7 381
7 486
7 522
7 579
7 855
7 881
7 29
7 51
7 58
7 87
7 92
7 137
8 13
8 67
8 80
8 158
8 408
8 739
8 775
9 18
9 508
9 676
9 15
9 17
9 26
9 29
9 37
9 58
9 70
9 71
9 79
9 112
9 120
10 22
10 49
10 50
10 64
10 328
10 533
10 867
10 911
11 38
11 42
11 68
11 93
11 201
11 268
11 740
11 76
11 20
11 36
11 131
11 152
12 501
12 938
13 67
13 134
13 199
13 482
13 651
13 678
13 789
13 863
13 76
13 77
14 15
14 23
14 26
14 33
14 37
14 120
14 251
14 523
14 588
14 732
14 802
14 868
15 33
15 638
15 23
15 24
15 26
15 28
15 36
15 39
15 50
15 52
15 53
15 54
15 55
15 56
15 60
15 67
15 85
15 90
15 105
15 111
15 122
15 123
15 124
15 127
15 137
16 27
16 32
16 39
16 53
16 63
16 65
16 77
16 101
16 107
16 113
16 120
16 127
16 147
16 154
16 180
16 190
16 194
16 227
16 237
16 263
16 311
16 392
16 429
16 487
16 488
16 557
16 568
16 644
16 772
16 777
16 786
16 839
16 864
16 870
16 953
17 20
17 21
17 23
17 24
17 30
17 46
17 48
17 55
17 73
17 80
17 84
17 87
17 93
17 96
17 116
17 121
17 131
17 147
17 152
17 158
17 173
17 174
17 177
17 193
17 199
17 205
17 218
17 222
17 223
17 252
17 259
17 268
17 273
17 284
17 300
17 312
17 319
17 363
17 373
17 383
17 393
17 403
17 405
17 415
17 440
17 468
17 475
17 494
17 495
17 506
17 574
17 589
17 616
17 649
17 654
17 670
17 684
17 707
17 713
17 714
17 715
17 716
17 721
17 749
17 750
17 757
17 776
17 795
17 801
17 805
17 810
17 834
17 876
17 930
17 936
17 942
17 954
17 959
17 977
17 980
17 996
17 54
17 65
17 68
18 910
19 25
19 29
19 41
19 57
19 62
19 76
19 85
19 126
19 128
19 472
19 661
19 988
20 43
20 99
20 168
20 180
20 950
20 76
20 38
20 39
20 42
20 45
20 52
20 57
20 66
20 74
20 109
20 117
21 25
21 27
21 34
21 41
21 88
21 106
21 112
21 142
21 144
21 185
21 277
21 305
21 324
21 384
21 395
21 419
21 490
21 505
21 527
21 534
21 592
21 595
21 599
21 603
21 625
21 626
21 708
21 745
21 754
21 769
21 811
21 835
21 849
21 860
21 871
21 891
21 931
21 939
21 969
21 989
22 35
22 91
22 114
22 146
22 617
22 663
22 844
22 898
23 59
23 66
23 90
23 193
23 234
23 471
23 513
23 605
23 655
23 887
23 964
23 999
23 55
24 629
24 768
24 800
24 918
24 929
24 948
24 72
24 75
25 29
25 126
25 457
25 904
25 41
25 49
25 96
25 145
26 32
26 249
26 344
26 404
26 558
26 659
26 847
26 47
26 142
27 104
27 105
27 111
27 113
27 301
27 353
27 442
27 444
27 952
28 51
28 54
28 73
28 84
28 123
28 129
28 131
28 135
28 206
28 213
28 225
28 229
28 255
28 258
28 260
28 272
28 299
28 418
28 435
28 538
28 550
28 570
28 618
28 648
28 682
28 684
28 711
28 727
28 773
28 785
28 820
28 895
28 926
28 978
29 57
29 58
29 75
29 117
29 224
29 291
29 316
29 366
29 592
29 690
29 703
29 812
29 889
29 894
29 31
29 37
29 69
29 82
30 62
30 122
30 409
30 497
31 83
31 96
31 105
31 174
31 204
31 209
31 250
31 261
31 283
31 360
31 362
31 376
31 413
31 431
31 432
31 443
31 454
31 524
31 548
31 590
31 741
31 748
31 862
31 914
31 921
31 960
31 88
31 132
32 33
32 90
32 157
32 204
32 297
32 466
32 611
32 717
32 917
32 76
32 147
33 37
33 143
33 156
33 282
33 288
33 344
33 416
33 473
33 519
33 723
33 955
34 122
34 933
35 64
35 100
35 139
35 179
35 196
35 235
35 236
35 465
35 858
35 892
35 956
35 972
35 160
36 41
36 57
36 62
36 145
36 163
36 478
36 758
36 761
36 846
36 75
36 76
36 86
36 110
36 147
37 120
37 558
37 683
37 710
37 764
37 56
37 62
37 68
37 81
37 84
37 96
37 117
37 129
37 154
38 175
38 201
38 294
38 503
38 40
38 49
38 80
38 131
39 61
39 80
39 95
39 168
40 60
40 154
40 158
40 221
40 279
40 445
40 504
40 577
40 631
40 639
40 645
40 817
40 945
40 53
40 55
40 65
40 142
40 151
41 72
41 128
41 784
41 133
42 43
42 143
42 275
42 298
42 402
42 414
42 633
42 132
42 135
42 141
44 130
44 194
44 335
44 372
44 467
44 636
44 637
44 759
44 822
44 842
44 880
44 900
44 923
44 941
44 944
44 974
44 163
45 51
45 212
45 730
46 76
46 69
46 118
46 130
47 118
47 280
47 569
47 859
47 63
48 83
48 89
48 98
48 153
49 153
49 424
49 441
49 479
49 878
49 899
49 905
49 951
49 984
49 95
49 113
49 118
49 149
49 182
49 202
50 61
50 192
50 267
50 628
50 841
50 70
50 108
51 56
51 75
51 140
51 269
51 337
51 463
51 601
51 680
51 725
51 920
51 940
52 398
52 766
52 109
53 156
53 377
53 390
53 723
53 861
53 924
53 67
53 102
53 151
54 80
54 134
55 307
55 502
55 81
56 516
56 783
57 70
57 149
57 104
58 72
58 75
58 77
58 78
58 81
58 136
58 163
58 207
58 326
58 499
58 662
58 746
58 797
58 824
58 854
58 946
59 697
60 148
60 451
60 518
60 873
60 78
61 146
61 813
61 893
61 129
61 162
63 358
63 556
63 992
63 76
64 182
64 325
64 500
64 882
64 76
65 71
65 233
65 289
65 290
65 913
65 92
66 191
66 406
66 91
66 139
67 127
67 141
67 215
67 266
67 564
68 371
68 507
68 993
69 162
69 318
69 155
70 211
70 217
70 81
70 106
71 132
71 228
71 521
71 594
72 422
73 584
73 808
74 116
75 78
75 705
76 77
76 197
76 361
76 546
76 87
76 97
76 121
76 139
77 519
77 752
77 823
78 81
78 91
78 95
78 102
78 146
78 149
78 155
78 198
78 219
78 244
78 264
78 286
78 293
78 303
78 309
78 334
78 336
78 345
78 379
78 386
78 388
78 394
78 411
78 426
78 461
78 483
78 520
78 535
78 536
78 540
78 542
78 560
78 567
78 598
78 630
78 634
78 667
78 671
78 677
78 679
78 735
78 762
78 765
78 787
78 848
78 865
78 879
78 885
78 915
78 957
78 982
78 986
79 230
79 248
79 351
79 452
79 492
79 545
79 643
79 652
79 718
79 747
80 170
80 259
80 308
80 314
80 529
80 632
80 770
80 775
80 814
80 866
80 928
80 994
80 117
81 115
81 117
81 123
81 152
81 197
81 214
81 285
81 375
81 526
81 586
81 591
81 600
81 656
81 763
81 826
81 832
81 869
81 970
81 85
81 100
81 110
81 126
82 89
82 202
82 210
82 469
82 624
82 669
82 706
82 833
82 915
82 932
82 119
83 156
84 232
84 856
84 133
85 555
85 562
85 115
86 189
87 583
87 125
87 144
88 92
88 142
88 150
88 195
88 238
88 339
88 512
88 517
88 607
88 665
88 729
88 830
89 139
89 167
89 171
89 278
89 330
89 455
89 541
89 587
89 701
89 872
89 961
89 983
89 192
90 608
90 150
90 154
90 194
91 95
91 109
91 182
91 317
91 511
91 736
91 791
92 614
92 883
93 107
93 342
93 195
94 647
94 780
95 159
95 192
95 274
95 668
95 990
95 147
95 169
96 107
96 927
97 657
97 138
98 137
98 254
98 281
98 364
98 653
98 660
98 688
98 719
98 799
98 874
98 884
98 922
99 421
100 109
100 114
100 141
100 155
100 164
100 173
100 179
100 184
100 189
100 214
100 262
100 359
100 387
100 462
100 477
100 484
100 514
100 531
100 549
100 566
100 585
100 602
100 627
100 635
100 691
100 699
100 700
100 720
100 734
100 755
100 788
100 792
100 796
100 804
100 806
100 825
100 836
100 845
100 903
100 909
100 958
100 979
101 241
101 320
101 356
101 425
102 129
102 135
102 208
102 265
102 604
102 615
102 828
104 173
104 183
104 186
104 271
104 322
104 350
104 357
104 498
104 581
104 597
104 620
104 686
104 692
104 731
104 738
104 803
104 888
104 949
104 968
104 976
104 998
104 114
104 201
105 127
105 276
105 315
105 400
105 410
105 448
105 476
105 481
105 509
105 537
105 567
105 606
105 609
105 650
105 726
105 782
105 890
106 197
107 200
107 245
107 572
107 623
107 753
107 877
107 971
108 253
108 385
108 618
108 123
109 125
109 179
109 303
109 543
109 675
110 621
110 149
111 165
111 174
111 434
111 995
111 200
112 216
112 382
112 401
112 525
112 552
112 642
112 646
112 709
112 760
112 779
112 815
112 843
112 912
112 919
112 943
112 997
113 722
113 853
114 162
114 176
114 196
114 226
114 439
114 542
114 841
114 906
114 973
115 369
115 136
116 574
116 774
116 136
118 157
118 240
118 756
118 798
118 994
118 120
119 220
119 422
120 355
121 152
121 480
121 573
121 686
121 693
121 985
122 137
122 370
122 840
122 908
123 491
123 575
123 937
124 270
124 323
124 348
124 367
125 576
126 135
126 464
127 173
127 438
127 530
127 807
127 816
127 829
127 968
127 999
129 689
130 246
130 456
130 474
130 496
130 515
130 967
131 306
131 935
131 170
132 133
132 201
132 412
132 629
132 652
132 778
132 896
133 596
134 368
135 790
135 987
136 321
139 340
139 559
139 687
139 991
140 246
140 256
140 311
140 349
140 391
140 433
140 449
140 523
140 685
140 767
140 842
140 916
140 934
141 495
141 528
141 578
142 510
142 902
143 458
143 460
143 593
143 857
143 175
145 152
146 153
146 257
146 287
146 563
146 906
147 374
147 681
147 695
147 733
147 819
147 838
149 447
149 619
149 728
150 188
150 313
150 332
150 380
150 565
152 189
152 343
152 427
152 907
152 158
153 539
153 674
153 187
154 180
165 186
170 189
176 179
183 189
190 204
