0 1
0 2
0 3
0 4
0 5
0 7
0 17
0 18
0 20
0 41
0 64
0 73
0 74
0 78
0 79
0 95
0 113
0 119
0 156
0 161
0 169
0 180
0 193
0 227
0 238
0 276
0 326
0 341
0 370
0 453
0 464
0 503
0 543
0 553
0 599
0 658
0 667
0 713
0 734
0 769
0 773
0 833
0 914
0 959
1 2
1 3
1 4
1 5
1 8
1 18
1 33
1 46
1 49
1 59
1 60
1 70
1 82
1 85
1 94
1 98
1 105
1 107
1 111
1 130
1 174
1 186
1 197
1 246
1 417
1 435
1 598
1 733
1 880
1 910
1 992
2 3
2 4
2 5
2 6
2 14
2 16
2 22
2 23
2 25
2 29
2 72
2 79
2 88
2 101
2 126
2 133
2 139
2 153
2 171
2 177
2 185
2 198
2 199
2 222
2 381
2 410
2 446
2 649
2 708
2 803
2 870
2 894
3 4
3 5
3 7
3 10
3 11
3 12
3 17
3 21
3 25
3 34
3 45
3 46
3 48
3 52
3 54
3 58
3 59
3 64
3 65
3 66
3 68
3 72
3 79
3 89
3 97
3 100
3 104
3 106
3 110
3 115
3 120
3 124
3 128
3 136
3 143
3 147
3 148
3 149
3 151
3 152
3 154
3 161
3 165
3 167
3 168
3 180
3 184
3 191
3 192
3 201
3 205
3 249
3 254
3 263
3 267
3 328
3 339
3 367
3 420
3 489
3 561
3 590
3 625
3 673
3 684
3 694
3 723
3 739
3 741
3 760
3 790
3 802
3 806
3 876
3 905
3 909
3 960
3 962
4 5
4 8
4 9
4 13
4 15
4 16
4 25
4 31
4 37
4 55
4 62
4 64
4 70
4 72
4 73
4 78
4 83
4 85
4 89
4 92
4 100
4 115
4 116
4 119
4 120
4 134
4 139
4 144
4 145
4 149
4 159
4 167
4 169
4 177
4 181
4 183
4 197
4 203
4 218
4 234
4 252
4 255
4 272
4 321
4 402
4 478
4 577
4 597
4 623
4 627
4 659
4 685
4 722
4 729
4 787
4 789
4 834
4 854
4 869
4 982
4 985
5 7
5 10
5 12
5 22
5 30
5 35
5 39
5 44
5 46
5 56
5 73
5 80
5 81
5 83
5 87
5 91
5 112
5 113
5 138
5 149
5 153
5 164
5 166
5 169
5 314
5 519
5 523
5 644
5 703
5 712
5 719
5 774
5 788
5 810
5 825
5 843
5 979
6 9
6 163
6 116
6 7
6 8
6 11
6 13
6 14
6 15
6 17
6 18
6 20
6 21
6 23
6 51
6 96
6 106
7 16
7 22
7 41
7 86
7 157
7 258
7 302
7 334
7 372
7 499
7 758
7 882
7 954
7 8
7 10
7 60
7 104
8 11
8 19
8 20
8 27
8 37
8 56
8 70
8 80
8 109
8 117
8 145
8 196
8 639
8 655
8 706
8 707
8 736
8 746
8 799
8 856
8 935
8 937
8 965
8 116
8 9
8 10
8 14
8 15
8 23
8 24
8 26
8 46
8 47
8 49
8 52
8 71
8 87
8 88
8 92
8 102
8 107
8 114
8 119
8 142
9 24
9 25
9 26
9 30
9 34
9 39
9 40
9 47
9 54
9 57
9 69
9 97
9 107
9 108
9 136
9 140
9 172
9 179
9 214
9 240
9 242
9 274
9 285
9 291
9 361
9 366
9 369
9 408
9 418
9 424
9 431
9 451
9 457
9 461
9 463
9 474
9 495
9 521
9 556
9 587
9 610
9 612
9 621
9 622
9 626
9 679
9 682
9 690
9 738
9 745
9 763
9 796
9 801
9 814
9 817
9 822
9 866
9 877
9 928
9 970
9 978
9 116
10 11
10 28
10 36
10 38
10 48
10 53
10 123
10 194
10 268
10 279
10 439
10 777
10 901
10 16
10 20
10 22
10 27
10 31
10 50
10 54
10 70
10 78
11 17
11 19
11 28
11 37
11 38
11 61
11 64
11 67
11 95
11 99
11 117
11 121
11 159
11 170
11 181
11 188
11 190
11 202
11 261
11 318
11 368
11 374
11 416
11 432
11 460
11 465
11 484
11 494
11 504
11 507
11 517
11 527
11 575
11 616
11 638
11 651
11 661
11 672
11 683
11 697
11 698
11 706
11 720
11 727
11 786
11 797
11 828
11 835
11 839
11 844
11 849
11 864
11 888
11 892
11 893
11 919
11 937
11 944
11 949
11 950
11 986
11 994
11 124
12 13
12 43
12 45
12 47
12 75
12 80
12 99
12 135
12 190
12 199
12 253
12 271
12 320
12 322
12 332
12 345
12 346
12 358
12 362
12 467
12 485
12 525
12 533
12 535
12 539
12 581
12 600
12 603
12 632
12 689
12 704
12 718
12 753
12 775
12 784
12 786
12 809
12 827
12 860
12 875
12 895
12 911
12 921
12 923
12 974
13 116
13 59
13 175
14 38
14 53
14 421
14 36
15 24
15 39
15 46
15 319
15 958
15 16
15 34
15 35
15 63
15 115
16 35
16 71
16 114
16 128
16 157
16 160
16 168
16 171
16 272
16 377
16 425
16 456
16 476
16 516
16 529
16 552
16 563
16 578
16 588
16 643
16 691
16 701
16 739
16 765
16 794
16 946
16 19
16 41
16 120
17 19
17 175
17 443
17 572
17 116
17 75
17 85
17 94
18 58
18 114
18 134
18 846
18 939
19 156
19 235
19 311
19 569
19 671
19 699
19 831
19 56
19 61
19 71
19 96
20 359
20 360
20 154
21 28
21 51
21 74
21 94
21 189
21 195
21 501
21 508
21 650
21 676
21 737
21 847
21 884
21 927
21 33
21 34
21 39
21 48
22 44
22 50
22 77
22 26
22 40
23 438
23 116
23 89
23 95
24 73
24 166
24 244
24 29
24 31
24 34
24 41
24 43
24 44
24 57
24 65
24 77
24 94
24 96
24 102
24 134
24 141
25 26
25 27
25 32
25 34
25 40
25 42
25 55
25 57
25 122
25 164
25 167
25 376
25 532
25 648
25 804
25 983
26 32
26 55
26 101
26 107
26 130
26 355
26 492
26 702
26 62
26 64
26 137
27 34
27 40
27 57
27 147
27 151
27 162
27 185
27 243
27 269
27 371
27 400
27 473
27 496
27 502
27 542
27 544
27 545
27 566
27 700
27 724
27 768
27 792
27 867
27 896
27 917
27 947
27 948
27 990
27 998
27 116
27 36
27 38
27 50
28 344
28 605
28 634
28 654
28 709
28 770
29 116
29 56
29 59
29 78
29 122
29 155
30 31
30 41
30 47
30 49
30 50
30 58
30 77
30 97
30 127
30 132
30 154
30 160
30 178
30 182
30 184
30 231
30 245
30 246
30 335
30 347
30 383
30 395
30 399
30 405
30 510
30 554
30 567
30 594
30 602
30 652
30 732
30 743
30 761
30 772
30 773
30 798
30 813
30 816
30 819
30 826
30 830
30 850
30 862
30 908
30 971
31 62
31 298
31 674
31 807
31 968
31 74
31 118
33 138
33 160
33 363
33 487
33 759
34 384
34 513
34 904
34 932
34 91
35 127
35 173
35 498
35 555
35 669
35 711
35 852
35 938
35 988
36 85
36 155
36 186
36 229
36 305
36 562
36 661
36 715
36 865
36 86
36 121
36 129
36 142
37 79
37 337
37 423
37 458
37 493
37 500
37 747
37 897
37 925
38 150
38 170
38 209
38 277
38 308
38 422
38 445
38 518
38 902
38 940
39 60
39 133
39 378
39 878
39 975
39 55
39 116
40 42
40 122
40 185
40 217
40 223
40 233
40 264
40 390
40 740
40 783
40 812
40 900
40 48
40 49
40 120
41 68
41 86
41 142
41 143
41 153
41 239
41 353
41 391
41 586
41 873
41 880
41 69
41 95
41 114
41 193
42 215
42 524
42 570
43 49
43 69
43 76
43 98
43 152
43 426
43 640
43 642
44 77
44 157
44 178
44 258
44 282
44 296
44 309
44 409
44 635
44 754
44 766
44 841
44 886
44 907
44 916
44 924
44 53
44 90
44 121
45 54
46 69
46 104
46 128
46 178
47 49
47 67
47 118
47 125
47 394
47 404
47 444
47 595
47 624
47 657
47 818
47 854
47 864
47 866
47 889
47 943
48 61
48 65
48 103
48 186
48 609
48 790
48 899
48 63
48 135
49 52
49 125
49 127
49 204
49 249
49 250
49 251
49 256
49 288
49 442
49 614
49 65
49 79
49 118
50 61
50 90
50 142
50 352
50 472
51 102
51 112
51 155
51 286
51 857
51 859
51 953
51 53
51 60
51 133
52 60
52 100
52 129
52 231
52 647
52 757
52 883
52 84
52 149
53 63
53 71
53 81
53 93
53 112
53 165
53 187
53 202
53 450
53 469
53 471
53 526
53 591
53 842
53 956
53 963
53 969
53 991
53 73
53 136
54 75
54 564
54 568
54 717
54 824
54 930
54 179
55 126
55 212
55 379
55 509
55 660
55 668
55 87
56 67
56 91
56 99
56 150
56 213
56 228
56 236
56 257
56 310
56 351
56 374
56 434
56 437
56 449
56 514
56 726
56 762
56 845
56 871
56 972
56 977
57 122
57 365
57 389
57 791
57 153
58 313
58 528
58 800
58 973
59 62
59 120
59 131
59 165
59 325
59 336
59 585
59 744
59 752
59 68
60 76
60 110
60 289
60 653
60 137
61 89
61 94
61 224
61 338
61 401
61 428
61 454
61 486
61 490
61 541
61 562
61 565
61 582
61 714
61 716
61 748
61 851
61 879
61 942
61 976
62 143
62 323
62 430
62 692
62 83
63 65
63 666
63 103
64 91
64 103
64 538
64 583
64 681
64 131
65 96
65 109
65 984
65 82
66 202
67 81
67 84
67 141
67 297
67 300
67 316
67 403
67 698
67 848
68 329
68 413
68 483
68 585
68 611
68 929
69 580
69 80
70 117
70 832
70 73
70 81
70 84
70 139
71 294
71 149
72 129
73 999
73 80
73 203
74 607
74 146
75 133
75 262
75 307
75 387
75 497
75 890
75 952
76 163
76 362
76 415
76 945
77 407
77 915
77 993
78 547
78 138
79 99
79 287
80 304
80 429
80 630
81 414
81 108
81 111
82 156
83 150
83 482
83 829
84 117
84 141
84 259
84 93
84 94
85 87
85 837
85 931
86 131
86 137
86 148
86 220
86 327
86 767
87 303
87 393
87 412
87 449
87 615
87 663
87 735
87 90
88 194
88 266
88 406
88 913
88 951
89 225
89 342
89 116
89 108
89 173
90 705
91 176
91 200
91 202
91 241
91 380
91 559
91 751
91 996
92 116
92 175
92 192
92 237
92 695
92 771
92 997
93 781
93 989
94 155
94 468
94 593
94 749
95 118
95 265
95 721
96 102
96 107
96 120
96 125
97 210
97 256
98 199
98 230
98 427
98 619
99 141
99 174
99 396
99 441
99 459
99 617
100 206
100 322
101 868
102 821
102 125
102 126
102 149
103 194
103 665
103 693
103 696
104 172
104 299
104 364
104 546
104 135
104 180
107 177
107 211
107 295
107 750
107 776
107 957
107 964
107 115
108 116
109 123
109 247
109 386
109 628
109 116
110 163
110 207
110 333
110 385
110 855
110 995
111 162
111 301
112 479
112 686
113 216
113 260
113 348
113 448
113 455
113 470
113 549
113 551
113 558
113 571
113 576
113 596
113 863
113 885
113 926
113 955
113 980
113 981
114 137
114 171
114 188
114 232
114 670
114 987
116 126
116 151
116 861
116 144
117 440
117 764
117 835
117 967
118 181
118 592
118 656
118 785
118 815
118 887
118 891
118 133
119 354
119 918
120 144
120 158
120 306
120 382
120 454
120 488
120 520
120 540
120 662
120 680
120 730
120 756
120 779
120 780
120 872
121 146
121 248
121 795
122 151
122 350
122 398
122 419
122 475
122 688
122 811
122 933
122 966
122 135
123 397
123 191
124 147
124 356
124 477
124 505
124 784
124 808
124 887
125 162
125 208
125 278
125 330
125 548
125 550
125 587
125 820
125 840
125 903
125 922
126 273
127 292
127 293
127 343
127 349
127 364
127 373
127 388
127 530
127 537
127 573
127 675
127 731
127 793
127 823
127 874
127 881
128 536
129 270
129 934
130 164
130 198
130 221
130 315
130 411
130 162
131 631
131 143
131 150
131 157
133 140
133 172
133 433
134 173
134 283
134 324
134 755
135 196
137 280
137 281
137 613
137 664
137 853
137 859
137 879
137 961
137 154
139 219
139 290
139 384
139 447
139 512
139 601
139 604
139 620
139 646
139 710
139 725
139 831
139 861
139 898
139 912
139 941
140 491
140 515
140 534
140 557
140 608
140 805
140 920
140 165
141 799
141 935
142 275
142 579
142 641
143 392
143 452
143 511
143 637
143 678
143 778
143 858
145 560
145 589
145 606
145 678
145 746
147 340
147 462
147 584
149 170
149 331
150 200
150 226
150 375
150 466
150 481
150 522
150 629
150 633
150 836
150 906
150 936
150 189
151 357
151 177
152 182
152 203
152 284
152 312
152 317
152 480
152 506
152 618
152 636
152 687
152 728
152 742
153 182
153 645
153 838
154 158
154 448
154 531
154 574
155 436
155 677
155 782
155 200
156 192
163 203
163 204
165 187
167 187
168 201
174 205
181 195
