0 1
0 2
0 3
0 4
0 5
0 6
0 9
0 18
0 24
0 25
0 28
0 29
0 34
0 53
0 54
0 58
0 65
0 66
0 67
0 70
0 73
0 79
0 88
0 90
0 93
0 94
0 95
0 98
0 99
0 100
0 109
0 111
0 112
0 113
0 122
0 127
0 128
0 130
0 135
0 146
0 156
0 164
0 173
0 182
0 183
0 200
0 201
0 231
0 257
0 286
0 288
0 336
0 354
0 412
0 430
0 450
0 551
0 657
0 682
0 686
0 726
0 729
0 730
0 732
0 767
0 800
0 827
0 878
0 902
0 970
1 2
1 3
1 4
1 7
1 8
1 14
1 17
1 19
1 23
1 28
1 30
1 34
1 43
1 46
1 56
1 68
1 72
1 76
1 88
1 90
1 93
1 94
1 117
1 142
1 165
1 166
1 174
1 180
1 186
1 191
1 201
1 273
1 283
1 311
1 355
1 590
1 594
1 790
1 891
2 3
2 4
2 19
2 22
2 25
2 36
2 39
2 44
2 62
2 65
2 71
2 73
2 74
2 75
2 86
2 98
2 99
2 100
2 104
2 111
2 113
2 115
2 118
2 126
2 128
2 130
2 138
2 139
2 152
2 160
2 168
2 171
2 178
2 180
2 188
2 193
2 195
2 201
2 202
2 267
2 337
2 377
2 398
2 409
2 608
2 614
2 618
2 649
2 661
2 698
2 741
2 814
2 841
2 867
2 889
2 903
2 963
2 967
2 992
3 4
3 6
3 9
3 19
3 26
3 31
3 37
3 45
3 46
3 47
3 56
3 59
3 74
3 75
3 81
3 89
3 92
3 100
3 102
3 104
3 107
3 109
3 114
3 120
3 129
3 135
3 137
3 157
3 171
3 177
3 183
3 185
3 191
3 193
3 198
3 204
3 219
3 319
3 346
3 414
3 425
3 432
3 535
3 539
3 581
3 606
3 616
3 709
3 720
3 799
3 812
3 975
4 6
4 9
4 10
4 12
4 18
4 23
4 28
4 31
4 34
4 38
4 42
4 53
4 54
4 55
4 60
4 62
4 66
4 68
4 70
4 71
4 72
4 73
4 77
4 78
4 83
4 87
4 93
4 97
4 101
4 103
4 106
4 117
4 120
4 129
4 131
4 139
4 143
4 148
4 154
4 156
4 161
4 162
4 164
4 166
4 170
4 172
4 173
4 178
4 180
4 186
4 190
4 192
4 198
4 234
4 244
4 263
4 303
4 307
4 382
4 439
4 476
4 481
4 501
4 504
4 509
4 516
4 524
4 528
4 541
4 597
4 623
4 627
4 631
4 655
4 692
4 697
4 729
4 733
4 765
4 768
4 785
4 798
4 815
4 873
4 958
4 959
4 977
5 11
5 27
5 130
5 195
5 289
5 666
5 790
5 981
6 18
6 24
6 25
6 28
6 53
6 81
6 87
6 91
6 105
6 109
6 177
6 199
6 236
6 250
6 371
6 386
6 443
6 460
6 492
6 523
6 570
6 592
6 603
6 648
6 663
6 671
6 681
6 717
6 747
6 854
6 866
6 883
6 927
6 954
6 983
6 110
6 8
6 9
6 10
6 11
6 12
6 14
6 15
6 17
6 19
6 21
6 34
6 46
6 47
6 48
6 49
6 51
6 52
6 62
6 65
6 71
6 78
6 102
6 106
6 115
6 116
6 120
6 124
6 125
6 127
6 128
6 144
6 145
6 146
7 8
7 15
7 21
7 32
7 61
7 64
7 103
7 153
7 194
7 210
7 227
7 262
7 349
7 366
7 423
7 461
7 599
7 869
7 942
7 110
7 10
7 12
7 14
7 30
7 90
7 101
7 147
7 149
8 15
8 21
8 32
8 57
8 59
8 78
8 194
8 285
8 295
8 339
8 362
8 461
8 473
8 667
8 668
8 891
8 940
8 182
9 10
9 12
9 13
9 14
9 16
9 17
9 20
9 22
9 36
9 37
9 38
9 40
9 50
9 69
9 80
9 84
9 85
9 90
9 94
9 95
9 110
9 119
9 125
9 137
9 138
9 144
9 170
9 181
9 221
9 223
9 226
9 233
9 241
9 242
9 249
9 252
9 253
9 276
9 284
9 306
9 359
9 364
9 368
9 370
9 372
9 383
9 390
9 395
9 399
9 406
9 427
9 444
9 445
9 448
9 454
9 462
9 470
9 472
9 498
9 520
9 525
9 529
9 533
9 537
9 542
9 560
9 568
9 583
9 584
9 589
9 630
9 674
9 680
9 689
9 691
9 695
9 714
9 728
9 749
9 775
9 776
9 779
9 789
9 794
9 811
9 821
9 824
9 828
9 830
9 837
9 843
9 850
9 852
9 856
9 865
9 870
9 877
9 895
9 897
9 898
9 907
9 922
9 930
9 934
9 971
9 978
9 980
9 986
9 987
9 989
9 44
9 98
10 23
10 33
10 35
10 89
10 95
10 352
10 683
10 723
10 20
10 38
10 55
10 58
10 61
10 72
10 92
10 108
10 145
10 147
11 14
11 20
11 23
11 27
11 36
11 40
11 42
11 43
11 46
11 49
11 77
11 116
11 123
11 133
11 163
11 175
11 187
11 209
11 211
11 220
11 243
11 272
11 279
11 305
11 332
11 388
11 411
11 438
11 440
11 456
11 465
11 482
11 514
11 521
11 556
11 582
11 617
11 624
11 743
11 783
11 839
11 858
11 876
11 882
11 900
11 921
11 925
11 928
11 962
11 969
12 434
12 457
12 881
12 31
12 84
12 109
12 112
12 127
13 17
14 41
14 52
14 183
14 532
14 736
14 924
14 16
14 20
14 29
15 21
15 26
15 50
15 59
15 122
15 611
15 662
15 700
15 731
16 864
16 110
16 22
16 40
16 45
16 128
16 133
17 33
17 85
17 102
17 147
17 167
17 345
17 530
17 571
17 622
17 656
17 110
17 69
17 105
18 24
18 58
18 67
18 96
18 105
18 132
18 205
18 206
18 264
18 266
18 287
18 314
18 353
18 394
18 400
18 464
18 479
18 508
18 539
18 653
18 671
18 677
18 737
18 786
18 847
18 955
18 110
18 53
19 65
19 167
19 185
19 196
19 274
19 310
19 420
19 437
19 511
19 613
19 702
19 707
19 915
19 946
19 973
19 979
19 988
20 48
20 69
20 474
20 919
20 110
20 24
20 31
20 32
20 46
20 50
20 54
20 55
20 77
20 87
20 114
20 124
20 131
20 136
20 146
21 57
21 431
21 914
21 25
21 63
21 109
21 131
21 173
22 95
22 40
22 54
22 102
22 115
23 27
23 47
23 49
23 54
23 77
23 82
23 115
23 118
23 123
23 134
23 137
23 143
23 149
23 175
23 198
23 230
23 280
23 318
23 325
23 338
23 341
23 410
23 475
23 484
23 526
23 550
23 579
23 602
23 610
23 642
23 644
23 664
23 708
23 752
23 788
23 795
23 802
23 861
23 884
23 887
23 890
23 908
23 915
23 939
23 110
24 424
24 619
24 49
24 138
25 45
25 58
25 200
25 224
25 245
25 282
25 304
25 317
25 363
25 380
25 488
25 643
25 740
25 744
25 813
25 851
25 910
25 990
25 993
25 43
25 44
25 47
25 80
25 97
25 111
25 141
26 29
26 44
26 63
26 64
26 103
26 108
26 145
26 169
26 179
26 300
26 331
26 334
26 459
26 493
26 496
26 540
26 684
26 754
26 757
26 771
26 846
26 953
27 527
28 67
28 91
28 151
28 199
28 235
28 247
28 328
28 351
28 373
28 536
28 585
28 632
28 759
28 832
28 848
28 883
28 965
28 996
28 110
29 61
29 161
29 703
31 483
31 41
31 48
31 91
31 103
31 146
31 183
33 35
33 75
33 166
33 254
33 293
33 552
33 813
34 48
34 49
34 51
34 124
34 176
34 255
34 256
34 298
34 327
34 361
34 392
34 396
34 458
34 477
34 491
34 495
34 553
34 573
34 577
34 593
34 654
34 672
34 688
34 706
34 738
34 739
34 746
34 778
34 825
34 849
34 911
34 61
34 79
34 91
34 105
35 41
35 89
35 121
35 564
35 922
36 124
36 401
36 403
37 40
37 93
37 104
37 158
37 421
37 489
37 711
37 806
37 836
37 894
37 912
37 913
37 929
37 982
38 110
38 113
40 50
40 181
40 816
40 96
41 80
41 163
41 274
41 494
41 507
41 591
41 693
41 756
41 760
41 909
42 88
42 176
43 56
43 64
43 96
44 701
45 134
45 189
45 301
45 322
45 391
45 426
45 478
45 918
46 150
46 192
46 436
46 548
46 626
46 719
46 53
47 330
48 149
48 947
48 52
48 70
48 91
48 115
49 107
49 148
49 150
49 192
49 218
49 312
49 330
49 333
49 378
49 579
49 722
49 753
49 835
49 936
49 944
49 84
49 101
49 111
49 116
50 63
50 83
50 389
50 397
50 417
50 428
50 455
50 463
50 502
50 547
50 555
50 563
50 641
50 660
50 698
50 801
50 976
50 994
50 202
51 149
51 356
51 404
51 633
52 141
52 513
52 531
52 575
52 600
52 673
52 74
52 134
52 150
53 81
53 132
53 199
53 304
53 320
53 350
53 408
53 452
53 467
53 512
53 545
53 558
53 727
53 831
54 112
54 367
54 804
54 855
55 60
55 291
55 418
55 580
55 620
55 810
55 949
55 78
55 118
55 126
55 135
56 805
57 72
57 79
57 329
57 640
57 675
57 704
57 842
57 863
58 217
58 621
58 103
59 152
59 155
59 755
59 110
59 106
60 110
60 66
60 122
60 132
60 203
61 154
61 260
61 295
61 296
61 422
61 872
61 110
61 69
61 83
61 99
61 116
62 637
62 770
62 948
62 110
62 126
63 158
64 239
64 639
64 110
64 93
64 147
65 82
65 106
65 107
65 157
65 510
65 652
65 669
65 781
65 844
65 906
65 960
66 97
66 178
66 430
66 503
66 105
66 107
67 429
67 793
68 153
68 156
68 271
68 447
68 635
68 751
68 792
68 964
69 73
69 92
69 203
69 225
69 269
69 81
69 90
69 94
69 151
70 724
70 110
70 139
71 124
71 857
72 145
72 159
72 172
72 335
73 80
73 91
73 96
73 99
73 135
73 139
73 141
73 188
73 197
73 214
73 231
73 258
73 265
73 313
73 374
73 385
73 387
73 486
73 487
73 505
73 510
73 565
73 566
73 625
73 634
73 646
73 650
73 678
73 769
73 818
73 822
73 879
73 888
73 905
73 931
73 935
73 945
73 951
73 952
73 999
74 85
74 166
74 204
74 636
75 125
75 127
75 128
75 343
75 750
75 875
75 950
76 896
77 696
77 932
78 595
78 135
79 142
79 158
79 179
79 277
79 309
79 340
79 355
79 358
79 422
79 601
79 645
79 718
79 734
79 772
79 926
79 961
80 84
80 113
80 181
80 390
80 604
80 607
80 647
80 766
80 110
81 796
81 92
81 129
81 144
81 200
83 518
83 559
83 782
83 968
84 165
84 195
85 156
85 294
85 348
85 773
85 833
85 886
85 920
87 164
87 308
87 379
87 615
87 710
87 735
87 761
87 998
88 384
89 544
90 172
90 222
90 651
90 694
91 126
91 251
91 665
91 972
91 995
91 112
92 108
92 149
92 302
92 997
93 163
93 165
93 586
93 758
93 853
93 862
93 874
94 102
94 104
94 442
94 490
94 549
94 762
94 110
94 170
95 118
95 127
95 468
95 517
95 628
95 880
95 110
96 140
96 246
96 419
96 515
96 588
96 119
96 120
97 136
97 261
97 360
97 466
97 519
97 576
97 612
97 699
97 721
98 834
99 184
99 658
99 715
99 838
99 941
99 118
100 146
100 207
100 381
100 587
100 685
100 797
100 899
100 956
100 157
101 102
101 784
101 807
102 365
102 868
102 204
103 142
103 194
103 215
103 290
103 415
103 435
103 574
103 867
103 878
104 202
104 229
104 240
104 342
104 485
104 803
104 828
104 180
105 197
105 177
106 216
106 572
107 186
107 522
107 716
107 819
107 152
108 159
108 189
108 213
108 238
108 324
108 433
108 453
108 506
108 555
108 763
108 774
108 787
108 165
109 820
109 150
110 132
110 134
110 139
112 270
112 326
112 446
112 933
113 275
113 281
113 321
113 323
113 534
113 562
113 670
113 687
113 917
113 937
113 943
113 957
113 119
114 500
114 629
115 152
115 176
115 232
115 268
115 497
115 538
115 638
115 742
115 984
116 136
116 713
116 829
117 315
118 129
120 292
120 121
120 187
122 466
123 237
123 885
125 168
125 845
125 144
126 259
126 316
126 347
126 712
126 826
126 974
127 228
127 451
127 471
127 748
128 449
128 480
128 543
128 768
128 808
129 299
129 546
129 561
130 133
130 375
130 376
130 416
130 554
130 860
130 901
130 991
131 402
131 780
131 966
132 413
132 441
132 823
132 893
134 598
134 659
134 148
134 156
134 166
136 208
138 690
138 777
139 405
139 407
139 479
139 609
139 764
139 840
141 205
142 499
142 171
143 148
143 679
143 809
144 567
144 745
145 358
145 605
145 923
145 985
146 278
146 297
146 344
146 557
146 154
147 167
148 212
149 195
149 273
149 369
149 393
149 569
149 578
149 596
149 725
149 859
149 871
149 904
150 892
150 938
152 173
152 248
152 651
152 676
152 705
152 791
152 817
152 833
152 851
152 916
153 469
154 357
155 173
163 201
185 198
186 192
