0 1
0 2
0 3
0 4
0 5
0 6
0 39
0 41
0 81
0 87
0 97
0 102
0 106
0 114
0 119
0 133
0 135
0 147
0 171
0 334
0 362
0 374
0 381
0 544
0 636
0 684
0 708
0 906
1 2
1 3
1 4
1 5
1 11
1 16
1 23
1 28
1 31
1 37
1 43
1 52
1 80
1 86
1 89
1 91
1 110
1 111
1 123
1 134
1 136
1 138
1 146
1 160
1 162
1 176
1 177
1 192
1 200
1 205
1 222
1 226
1 245
1 262
1 325
1 347
1 451
1 516
1 547
1 551
1 562
1 601
1 625
1 674
1 683
1 877
1 884
1 958
2 3
2 4
2 5
2 7
2 8
2 11
2 14
2 15
2 19
2 37
2 39
2 40
2 47
2 49
2 50
2 57
2 62
2 72
2 76
2 83
2 84
2 92
2 96
2 109
2 113
2 137
2 140
2 141
2 147
2 155
2 160
2 162
2 174
2 176
2 180
2 183
2 191
2 200
2 221
2 252
2 293
2 336
2 361
2 411
2 537
2 662
2 716
2 777
2 992
2 996
3 4
3 5
3 7
3 9
3 10
3 24
3 48
3 55
3 64
3 69
3 71
3 88
3 90
3 99
3 100
3 104
3 118
3 131
3 145
3 153
3 154
3 164
3 171
3 174
3 176
3 185
3 187
3 257
3 277
3 355
3 375
3 401
3 487
3 496
3 517
3 586
3 590
3 615
3 629
3 639
3 641
3 648
3 657
3 742
3 775
3 812
3 868
4 5
4 6
4 7
4 10
4 11
4 13
4 21
4 25
4 27
4 30
4 44
4 49
4 51
4 52
4 73
4 86
4 89
4 97
4 126
4 134
4 139
4 143
4 145
4 148
4 157
4 158
4 168
4 177
4 179
4 181
4 183
4 190
4 200
4 235
4 237
4 316
4 356
4 379
4 385
4 391
4 395
4 400
4 462
4 488
4 539
4 561
4 573
4 581
4 587
4 621
4 628
4 630
4 640
4 723
4 853
4 931
4 954
4 973
5 6
5 10
5 12
5 20
5 32
5 34
5 44
5 52
5 56
5 57
5 61
5 67
5 75
5 77
5 101
5 102
5 109
5 116
5 117
5 127
5 135
5 139
5 140
5 152
5 158
5 159
5 162
5 167
5 168
5 179
5 182
5 184
5 188
5 191
5 192
5 202
5 278
5 315
5 365
5 397
5 464
5 505
5 696
5 698
5 746
5 765
5 807
6 8
6 13
6 14
6 15
6 19
6 22
6 26
6 31
6 66
6 81
6 115
6 161
6 208
6 243
6 387
6 392
6 668
6 102
6 7
6 21
7 12
7 21
7 25
7 229
7 352
7 461
7 473
7 767
7 890
7 13
7 24
7 30
7 40
7 44
7 61
7 64
7 176
8 13
8 17
8 317
8 482
8 575
8 102
8 10
9 11
9 324
9 102
9 14
9 20
9 27
9 28
9 29
9 32
9 43
9 45
9 53
9 57
9 74
9 77
9 81
9 98
10 27
10 40
10 45
10 68
10 178
10 259
10 263
10 348
10 402
10 620
10 700
10 955
10 11
10 13
10 14
10 23
10 25
10 35
10 36
10 43
10 50
10 79
10 96
10 121
10 124
10 127
11 17
11 18
11 23
11 70
11 72
11 78
11 129
11 133
11 146
11 152
11 166
11 182
11 225
11 231
11 246
11 249
11 269
11 271
11 274
11 285
11 310
11 353
11 372
11 404
11 501
11 502
11 510
11 522
11 529
11 530
11 564
11 576
11 579
11 585
11 589
11 604
11 609
11 631
11 659
11 685
11 688
11 715
11 762
11 785
11 816
11 827
11 876
11 881
11 935
11 941
11 975
11 989
11 996
11 13
11 20
11 28
11 47
11 121
11 138
12 984
13 15
13 207
13 283
13 346
13 386
13 438
13 542
13 672
13 24
13 33
13 37
13 78
13 135
14 15
14 17
14 36
14 115
14 196
14 219
14 276
14 642
14 768
14 825
14 932
14 963
15 27
15 31
15 34
15 38
15 44
15 59
15 68
15 85
15 96
15 104
15 105
15 106
15 111
15 126
15 127
15 150
15 171
15 172
15 191
15 197
15 198
15 210
15 256
15 300
15 373
15 389
15 396
15 480
15 531
15 550
15 569
15 574
15 602
15 617
15 619
15 633
15 644
15 653
15 679
15 681
15 770
15 782
15 808
15 830
15 887
15 896
15 952
15 961
16 25
16 28
16 93
16 94
16 201
16 224
16 247
16 342
16 424
16 761
16 814
16 861
17 18
17 26
17 36
17 41
17 56
17 61
17 64
17 70
17 106
17 128
17 130
17 131
17 155
17 194
17 204
17 290
17 328
17 409
17 455
17 460
17 475
17 478
17 482
17 485
17 521
17 612
17 623
17 637
17 771
17 805
17 819
17 823
17 850
17 872
17 892
17 905
17 914
17 938
17 965
17 979
18 35
18 48
18 71
18 73
18 183
18 184
18 449
18 452
18 565
18 566
18 598
18 635
18 643
18 728
18 744
18 764
18 990
18 102
18 21
18 28
18 29
18 31
18 55
18 101
18 125
18 126
18 128
18 147
19 98
19 240
20 22
20 43
20 62
20 393
20 652
20 680
21 27
21 28
21 32
21 38
21 42
21 49
21 53
21 60
21 77
21 99
21 113
21 120
21 122
21 160
21 186
21 202
21 213
21 223
21 234
21 242
21 248
21 250
21 260
21 272
21 281
21 295
21 298
21 302
21 341
21 376
21 378
21 382
21 388
21 427
21 439
21 450
21 457
21 468
21 471
21 481
21 484
21 490
21 494
21 552
21 554
21 557
21 563
21 570
21 582
21 599
21 600
21 607
21 610
21 632
21 650
21 651
21 691
21 697
21 702
21 704
21 706
21 722
21 726
21 732
21 736
21 740
21 747
21 753
21 781
21 784
21 798
21 849
21 875
21 879
21 883
21 893
21 901
21 920
21 930
21 949
21 950
21 966
21 968
21 969
21 980
21 983
21 986
21 987
21 22
21 31
21 64
21 71
21 135
22 36
22 62
22 76
22 84
22 108
22 239
22 351
22 470
22 591
23 180
23 230
23 377
23 510
23 778
23 803
23 140
24 339
24 27
24 29
24 85
24 114
24 153
25 32
25 67
25 122
25 157
25 233
25 580
25 838
25 845
25 26
25 108
25 125
26 284
26 371
26 756
26 813
26 41
26 68
26 80
26 100
27 29
27 63
27 83
27 101
27 275
27 322
27 498
27 661
27 663
27 810
27 859
27 56
27 58
27 73
28 125
28 532
28 48
28 49
28 71
29 39
29 63
29 82
29 660
29 35
29 141
30 112
30 303
30 526
30 863
30 56
30 66
30 197
31 34
31 66
31 169
31 44
31 49
31 54
31 67
31 69
31 76
31 104
31 137
32 33
32 47
32 79
32 199
32 203
32 536
32 753
32 919
32 951
33 47
33 67
33 93
33 104
33 122
33 189
33 321
33 718
33 798
33 822
33 833
33 102
33 54
33 56
33 66
34 117
34 156
34 166
34 195
34 294
34 314
34 349
34 380
34 405
34 476
34 486
34 495
34 567
34 584
34 695
34 714
34 719
34 720
34 788
34 886
34 948
34 978
35 443
35 91
35 194
36 75
36 86
36 100
36 115
36 174
36 238
36 261
36 289
36 384
36 413
36 421
36 466
36 472
36 479
36 513
36 519
36 659
36 666
36 678
36 733
36 738
36 750
36 774
36 797
36 806
36 828
36 844
36 869
36 874
36 878
36 880
36 888
36 898
36 926
36 959
36 982
36 53
36 57
36 140
37 46
37 54
37 69
37 118
37 142
37 173
37 181
37 182
37 195
37 211
37 218
37 337
37 425
37 426
37 456
37 503
37 549
37 555
37 556
37 583
37 593
37 627
37 649
37 667
37 712
37 729
37 790
37 852
37 885
37 897
37 61
37 120
38 45
38 55
38 68
38 74
38 412
39 140
39 288
39 606
39 921
39 186
40 80
40 90
40 403
41 50
41 71
41 118
41 124
41 184
41 193
41 206
41 329
41 415
41 561
41 759
41 802
41 837
41 910
42 107
42 163
42 390
42 871
43 61
43 121
43 124
43 327
43 445
43 543
43 560
43 611
43 72
43 97
43 104
44 65
44 332
44 848
44 988
44 82
44 142
45 54
45 58
45 69
45 82
45 85
45 92
45 100
45 116
45 141
45 143
45 146
45 166
45 179
45 186
45 215
45 232
45 244
45 313
45 354
45 359
45 406
45 447
45 467
45 499
45 520
45 528
45 572
45 596
45 645
45 669
45 675
45 698
45 711
45 713
45 741
45 780
45 792
45 795
45 840
45 962
46 54
46 143
46 420
46 459
46 522
46 886
47 199
47 209
47 264
47 267
47 301
47 527
47 846
47 857
47 899
47 102
47 60
47 70
47 73
47 85
47 90
47 134
49 63
49 114
49 198
49 558
49 789
49 55
49 100
49 147
50 143
52 65
52 85
52 151
52 491
52 902
53 60
53 91
53 297
53 378
53 578
53 727
53 737
53 97
53 110
54 156
54 254
54 367
54 851
54 148
55 102
55 81
55 93
55 97
55 111
55 122
56 79
56 430
56 518
56 655
56 689
56 937
56 985
56 994
56 73
56 144
57 61
58 84
58 187
58 220
58 477
58 724
58 804
58 882
58 908
58 195
59 66
59 196
60 144
61 103
61 296
61 673
61 67
61 95
61 132
62 76
62 77
62 105
62 110
62 130
62 161
62 186
62 192
62 268
62 299
62 333
62 344
62 442
62 444
62 512
62 514
62 654
62 748
62 800
63 185
63 198
64 96
64 441
64 759
64 779
65 358
65 533
65 799
66 422
66 717
67 109
67 251
67 84
67 139
67 159
68 114
68 465
68 995
68 84
68 192
69 216
69 287
69 431
69 474
69 508
69 616
69 638
69 751
69 760
69 870
70 148
70 177
70 370
70 423
70 588
70 739
70 832
70 865
70 999
70 131
71 87
71 155
71 167
71 258
71 540
71 776
71 974
71 170
72 73
72 265
72 437
72 521
72 546
72 705
72 922
72 956
73 87
73 95
73 391
73 855
73 918
73 940
73 84
74 568
74 864
74 83
74 87
75 175
75 228
75 368
75 414
75 597
75 975
75 173
76 150
76 410
76 939
77 511
78 408
78 977
79 158
79 867
79 128
80 189
80 197
80 205
80 212
80 241
80 248
80 273
80 369
80 418
80 454
80 504
80 541
80 559
80 690
80 757
80 826
80 907
80 912
80 203
81 115
81 137
81 159
81 266
81 292
81 319
81 605
81 664
81 763
81 842
81 862
81 946
81 85
82 548
82 103
82 109
83 133
83 164
84 169
84 180
84 196
84 279
84 291
84 383
84 416
84 428
84 436
84 446
84 463
84 492
84 658
84 749
84 811
84 836
84 942
84 998
84 153
85 99
85 101
85 360
85 895
85 945
85 149
86 204
87 103
87 165
87 307
87 543
87 608
87 646
87 665
87 876
87 916
87 991
87 102
87 151
88 93
88 97
88 138
88 157
88 201
88 571
88 592
88 787
88 841
88 993
89 929
90 398
90 894
91 159
91 252
91 419
91 686
92 335
93 270
93 440
93 710
93 730
93 201
95 102
96 132
96 305
96 320
96 507
96 509
96 529
96 699
96 707
96 709
96 725
96 786
96 791
96 809
96 829
96 904
96 915
96 972
96 122
97 110
97 149
97 703
97 997
99 195
99 515
99 614
99 721
99 766
99 818
99 835
99 934
99 964
99 981
99 102
99 185
100 173
100 282
100 326
100 634
100 856
100 913
100 917
100 948
100 976
100 982
100 119
101 331
101 458
101 535
101 911
101 143
102 214
102 158
103 432
103 177
104 364
104 434
104 506
104 595
104 670
104 754
104 773
104 839
104 891
104 155
106 227
106 306
106 308
106 311
106 345
106 429
106 497
106 569
106 577
106 594
106 626
106 656
106 671
106 694
106 758
106 793
106 858
106 909
106 925
106 947
108 483
108 181
109 113
109 120
109 718
109 822
109 866
109 923
109 136
109 139
110 151
110 178
110 955
110 116
111 448
111 794
111 141
112 824
112 936
113 363
113 366
113 613
113 831
114 205
116 433
116 796
116 815
117 175
118 126
118 129
118 170
118 196
118 236
118 312
118 330
118 394
118 407
118 469
118 493
118 523
118 524
118 534
118 545
118 553
118 603
118 622
118 624
118 629
118 673
118 701
118 734
118 735
118 743
118 745
118 755
118 783
118 817
118 821
118 832
118 834
118 843
118 900
118 944
118 953
118 960
118 967
118 970
118 971
119 203
119 772
120 350
120 687
120 731
120 980
120 154
121 128
121 357
121 820
121 873
121 126
122 338
122 618
124 957
124 148
125 217
126 343
128 525
130 769
131 801
132 417
132 889
133 187
133 280
133 286
133 435
133 928
135 176
135 189
135 255
135 647
135 151
136 469
138 453
139 304
139 323
139 538
139 752
140 500
140 693
140 145
141 151
141 153
141 172
141 189
141 847
141 924
141 943
143 677
143 903
143 927
146 682
146 692
147 340
147 174
148 676
151 178
151 260
151 489
151 860
151 933
152 279
152 399
154 253
154 309
154 318
154 897
155 854
155 184
164 179
165 182
167 183
171 174
171 196
174 194
175 184
179 198
182 187
184 187
