0 1
0 2
0 3
0 4
0 6
0 8
0 9
0 10
0 19
0 20
0 21
0 23
0 27
0 33
0 39
0 40
0 41
0 51
0 58
0 63
0 70
0 71
0 73
0 75
0 76
0 80
0 87
0 92
0 93
0 94
0 103
0 106
0 107
0 109
0 110
0 120
0 125
0 126
0 127
0 129
0 130
0 139
0 150
0 152
0 157
0 160
0 161
0 167
0 173
0 174
0 178
0 180
0 181
0 183
0 185
0 196
0 202
0 216
0 223
0 253
0 254
0 275
0 311
0 325
0 330
0 362
0 374
0 381
0 419
0 431
0 514
0 536
0 590
0 627
0 654
0 668
0 683
0 694
0 706
0 754
0 779
0 798
0 800
0 808
0 811
0 843
0 847
0 933
0 950
0 987
1 2
1 3
1 4
1 8
1 11
1 14
1 18
1 20
1 31
1 33
1 37
1 50
1 58
1 59
1 65
1 67
1 68
1 70
1 86
1 102
1 107
1 113
1 114
1 119
1 126
1 132
1 145
1 150
1 154
1 158
1 162
1 174
1 190
1 194
1 201
1 202
1 235
1 237
1 256
1 266
1 272
1 384
1 593
1 706
1 733
1 738
1 801
1 802
1 805
1 859
1 886
2 3
2 4
2 6
2 7
2 15
2 20
2 32
2 34
2 41
2 42
2 44
2 46
2 57
2 68
2 85
2 89
2 94
2 102
2 109
2 120
2 123
2 149
2 153
2 155
2 156
2 169
2 186
2 188
2 270
2 271
2 282
2 299
2 336
2 352
2 365
2 386
2 403
2 427
2 439
2 500
2 550
2 577
2 724
2 826
2 876
3 4
3 11
3 14
3 17
3 19
3 38
3 56
3 63
3 66
3 75
3 82
3 83
3 88
3 91
3 101
3 106
3 114
3 116
3 129
3 134
3 135
3 139
3 153
3 164
3 171
3 177
3 186
3 192
3 198
3 201
3 203
3 285
3 298
3 305
3 310
3 349
3 396
3 408
3 411
3 470
3 526
3 578
3 596
3 601
3 616
3 676
3 680
3 810
3 829
3 850
3 865
3 897
3 899
3 927
3 956
3 976
4 5
4 7
4 14
4 16
4 26
4 29
4 40
4 44
4 45
4 57
4 58
4 62
4 64
4 79
4 90
4 104
4 110
4 112
4 115
4 118
4 122
4 128
4 133
4 137
4 143
4 149
4 159
4 165
4 167
4 179
4 180
4 185
4 200
4 268
4 370
4 385
4 486
4 497
4 602
4 628
4 745
4 788
4 842
4 864
4 923
5 7
5 17
5 18
5 38
5 51
5 124
5 158
5 263
5 484
5 544
5 569
5 631
5 632
5 640
5 728
5 966
5 979
6 14
6 19
6 22
6 35
6 39
6 117
6 266
6 284
6 373
6 642
6 756
6 906
6 955
6 958
6 84
6 7
6 8
6 11
6 13
6 29
6 55
6 62
6 71
6 76
6 86
6 98
6 106
6 119
6 120
6 136
6 146
6 147
6 149
7 17
7 29
7 47
7 139
7 166
7 452
7 753
7 796
7 911
7 941
7 13
7 10
7 18
7 22
7 23
7 28
7 31
7 49
7 53
7 61
7 100
7 105
7 106
7 112
7 144
8 9
8 32
8 63
8 81
8 94
8 108
8 209
8 287
8 395
8 399
8 529
8 535
8 625
8 889
8 969
8 998
8 52
8 136
9 10
9 12
9 15
9 16
9 24
9 26
9 27
9 41
9 43
9 55
9 58
9 61
9 71
9 72
9 75
9 85
9 121
9 122
9 141
9 171
9 181
9 187
9 198
9 241
9 280
9 281
9 300
9 303
9 307
9 319
9 420
9 449
9 468
9 489
9 495
9 540
9 554
9 574
9 575
9 587
9 595
9 610
9 630
9 644
9 645
9 655
9 665
9 666
9 672
9 678
9 685
9 692
9 697
9 707
9 768
9 782
9 792
9 827
9 846
9 849
9 872
9 879
9 885
9 904
9 914
9 925
9 928
9 942
9 946
9 959
9 977
9 989
9 992
9 994
10 13
10 17
10 18
10 29
10 30
10 31
10 51
10 60
10 82
10 88
10 118
10 167
10 185
10 199
10 206
10 215
10 226
10 244
10 251
10 262
10 271
10 273
10 274
10 313
10 318
10 335
10 345
10 369
10 383
10 409
10 426
10 432
10 437
10 447
10 456
10 457
10 458
10 476
10 498
10 501
10 509
10 520
10 522
10 542
10 548
10 557
10 571
10 572
10 582
10 584
10 614
10 622
10 662
10 710
10 720
10 735
10 736
10 750
10 790
10 812
10 831
10 835
10 845
10 894
10 901
10 903
10 922
10 944
10 960
10 965
10 15
10 50
10 161
11 25
11 28
11 52
11 54
11 59
11 128
11 297
11 523
11 524
11 543
11 648
11 704
11 737
11 739
11 833
11 895
11 13
11 37
11 69
11 87
11 89
11 130
12 24
12 33
12 620
12 870
12 917
12 13
12 14
13 148
13 152
13 334
13 506
13 921
13 929
13 84
13 14
13 22
13 28
13 32
13 34
13 35
13 36
13 38
13 59
13 66
13 70
13 77
13 81
13 82
13 93
13 95
13 97
13 100
13 108
13 119
13 140
14 22
14 35
14 37
14 39
14 68
14 105
14 109
14 134
14 193
14 246
14 444
14 461
14 579
14 624
14 634
14 703
14 755
14 774
14 784
14 830
14 848
14 855
14 912
14 20
14 27
14 41
14 42
14 45
14 47
14 50
14 54
14 60
14 61
14 64
14 73
14 80
14 87
14 94
14 103
14 114
14 116
14 128
14 129
14 133
14 146
14 153
15 181
15 401
15 553
15 39
15 69
15 102
16 21
16 26
16 264
16 630
16 877
16 84
16 20
16 23
16 88
16 98
16 126
17 44
17 60
17 248
17 295
17 688
17 728
18 60
18 76
18 82
18 99
18 112
18 124
18 148
18 160
18 418
18 522
18 567
18 673
18 794
18 866
18 944
18 962
18 964
18 36
18 72
18 87
19 286
19 333
19 391
19 416
19 605
19 890
19 996
19 197
20 23
20 26
20 36
20 61
20 66
20 88
20 90
20 113
20 308
20 360
20 545
20 695
20 778
20 787
20 57
21 140
21 198
21 425
21 943
21 167
22 37
22 190
22 222
22 261
22 290
22 519
22 730
22 77
23 113
23 129
24 162
25 28
25 48
25 52
25 61
25 125
25 136
25 172
25 364
26 36
26 322
26 507
26 513
26 841
26 896
27 40
27 65
27 96
27 117
27 200
27 210
27 228
27 315
27 317
27 320
27 323
27 324
27 329
27 338
27 343
27 354
27 358
27 378
27 407
27 530
27 533
27 534
27 558
27 583
27 636
27 649
27 651
27 658
27 670
27 674
27 682
27 684
27 689
27 700
27 719
27 757
27 780
27 803
27 813
27 839
27 854
27 863
27 888
27 907
27 918
27 952
27 957
27 974
27 975
27 995
28 34
28 48
28 54
28 62
28 71
28 73
28 98
28 100
28 104
28 133
28 306
28 460
28 496
28 512
28 597
28 669
28 853
28 44
28 127
29 67
29 188
30 144
30 608
30 840
31 36
31 88
32 49
32 50
32 459
32 518
32 637
32 660
32 818
33 40
33 45
33 53
33 83
33 89
33 97
33 129
33 169
33 194
33 337
33 494
33 560
33 623
33 771
33 791
33 84
34 59
34 80
34 164
34 204
34 815
34 84
34 64
34 67
34 111
34 118
34 135
35 229
35 607
35 609
35 84
35 37
35 51
35 68
35 78
35 115
35 139
35 145
36 264
36 931
36 42
36 43
36 53
36 88
36 93
36 103
36 126
36 154
37 68
37 117
37 255
37 368
37 475
37 613
37 932
37 97
38 42
38 86
38 91
38 111
38 140
38 191
38 389
38 527
38 588
38 735
38 141
39 142
39 232
39 436
39 463
39 555
39 799
39 880
39 918
40 77
40 89
40 410
40 749
41 45
41 71
41 116
41 182
41 659
41 84
42 392
42 125
43 49
43 87
43 691
44 67
44 69
44 84
44 91
44 192
44 207
44 479
44 481
44 744
44 819
44 951
44 85
44 89
45 53
45 74
45 465
46 48
46 70
46 79
46 90
46 110
46 119
46 133
46 179
46 301
46 309
46 371
46 405
46 477
46 502
46 525
46 532
46 562
46 664
46 690
46 716
46 764
46 838
46 901
46 978
46 84
47 55
48 52
48 80
48 110
48 164
48 165
48 233
48 346
48 375
48 469
48 523
48 626
48 869
49 55
49 108
49 170
49 175
49 84
50 55
50 69
50 92
51 230
51 267
51 858
51 910
51 84
51 131
52 57
52 59
52 61
52 64
52 93
52 293
52 633
52 638
52 681
52 777
52 947
53 194
53 766
54 149
54 377
54 551
54 581
54 586
54 675
54 898
54 991
54 164
55 77
55 94
55 225
55 339
55 441
55 467
55 515
55 715
55 723
55 804
55 972
55 58
55 82
55 110
56 103
56 136
56 327
56 340
56 359
56 406
56 499
56 564
56 84
56 62
56 76
56 79
56 86
57 95
57 239
57 404
57 448
57 711
57 747
57 761
58 66
58 142
58 187
58 217
58 224
58 348
58 388
58 455
58 591
58 621
58 641
58 671
58 868
58 893
58 902
58 935
58 937
58 938
58 988
58 993
58 999
58 84
58 75
59 78
59 153
59 177
59 511
59 618
59 936
59 85
59 174
60 115
60 137
60 151
60 188
60 250
60 265
60 361
60 389
60 398
60 483
60 521
60 541
60 740
60 867
61 342
61 350
61 546
61 639
61 817
61 965
61 71
61 139
61 143
61 178
62 260
62 713
62 203
63 85
63 98
63 157
63 505
64 152
64 258
64 356
64 433
65 940
66 171
66 181
66 629
66 635
66 982
66 124
67 138
67 147
67 570
68 328
68 686
68 741
68 743
68 824
68 190
70 173
70 729
70 773
70 892
70 913
71 189
71 221
71 288
71 292
71 417
71 434
71 510
71 611
71 615
71 705
71 732
71 734
71 759
71 816
71 821
71 881
71 961
72 919
72 187
73 131
73 155
74 114
75 105
75 372
75 487
75 712
76 166
76 344
76 941
76 78
77 163
77 195
77 210
77 212
77 281
77 397
77 462
77 493
77 559
77 561
77 646
77 667
77 963
78 516
78 746
78 85
78 104
78 198
79 531
80 453
80 454
80 488
80 549
80 652
80 133
80 141
81 162
81 492
81 795
81 201
82 138
82 147
82 166
82 326
82 341
82 393
82 490
82 552
82 600
82 653
82 701
82 760
82 800
82 825
82 887
82 135
84 547
84 945
84 94
84 122
84 133
84 142
84 152
85 776
85 92
86 142
86 220
86 351
86 387
86 414
86 451
86 466
86 491
86 537
86 643
86 656
86 742
86 807
86 814
87 168
87 194
87 413
87 874
88 144
88 422
88 565
88 606
88 708
88 714
88 718
88 871
88 202
89 312
89 769
89 810
89 96
89 142
89 153
90 335
91 138
93 98
93 100
93 197
93 205
93 321
93 421
93 725
93 891
93 165
94 120
95 146
95 367
95 446
95 482
95 985
96 278
96 304
96 412
96 538
96 566
96 915
96 997
96 115
98 661
98 696
98 793
98 970
98 111
98 138
100 133
100 227
100 279
100 429
100 539
100 599
100 731
100 173
101 119
101 233
101 499
101 698
101 709
101 853
101 970
102 199
102 485
102 983
102 990
103 154
103 585
105 236
105 594
105 722
105 878
105 905
105 131
106 131
106 142
106 184
106 204
106 213
106 219
106 240
106 243
106 269
106 294
106 296
106 331
106 332
106 379
106 390
106 438
106 440
106 471
106 480
106 549
106 603
106 604
106 619
106 650
106 663
106 679
106 717
106 721
106 767
106 772
106 783
106 844
106 857
106 875
106 884
106 926
106 954
106 984
107 247
108 394
108 424
109 200
109 276
109 382
109 423
109 445
109 478
109 785
109 797
109 823
109 852
109 915
109 975
109 986
109 195
110 353
110 568
110 598
110 806
112 115
112 208
112 402
112 517
112 699
113 259
113 450
113 504
113 612
113 714
113 873
113 980
114 428
114 862
114 981
114 134
116 687
116 163
116 182
117 314
117 592
118 291
118 677
118 832
119 218
119 727
119 786
119 924
119 939
120 140
120 882
121 234
121 472
121 834
122 202
122 363
122 430
123 300
123 556
123 576
123 657
125 141
125 726
126 132
126 161
126 968
127 435
127 861
128 203
128 647
128 908
128 132
129 449
130 474
130 693
130 136
131 164
131 214
131 503
131 177
132 179
132 809
132 973
133 211
133 238
133 762
134 246
134 508
134 617
134 758
134 860
134 933
134 184
136 752
136 137
136 141
137 160
137 934
139 191
139 789
140 176
140 215
140 242
140 283
140 376
140 580
140 763
141 182
141 231
141 249
141 302
141 415
141 558
141 748
141 751
141 765
141 836
141 837
141 851
141 900
141 909
141 930
142 916
142 971
144 257
144 949
145 151
147 316
147 357
147 527
147 883
148 159
148 166
148 355
148 366
148 380
148 443
148 528
148 820
148 830
148 920
149 204
149 245
149 277
149 289
149 347
149 400
149 464
149 573
149 589
149 770
149 775
149 781
149 828
149 856
149 948
149 967
149 180
150 822
150 175
152 252
152 563
152 953
153 473
153 702
154 170
154 442
165 172
174 191
177 204
190 193
