0 1
0 2
0 3
0 4
0 6
0 16
0 19
0 41
0 47
0 49
0 50
0 60
0 65
0 73
0 76
0 83
0 84
0 86
0 100
0 116
0 119
0 120
0 129
0 135
0 139
0 140
0 145
0 153
0 160
0 165
0 166
0 172
0 175
0 180
0 181
0 193
0 194
0 202
0 209
0 245
0 255
0 262
0 316
0 350
0 354
0 374
0 391
0 396
0 423
0 467
0 481
0 486
0 511
0 528
0 554
0 690
0 706
0 718
0 869
0 895
0 932
0 938
0 961
0 964
0 992
1 2
1 3
1 4
1 7
1 8
1 9
1 11
1 12
1 14
1 15
1 17
1 20
1 29
1 32
1 35
1 43
1 44
1 53
1 56
1 59
1 67
1 68
1 69
1 78
1 79
1 82
1 93
1 95
1 97
1 113
1 118
1 122
1 129
1 142
1 147
1 157
1 159
1 164
1 168
1 177
1 180
1 189
1 192
1 202
1 203
1 246
1 273
1 307
1 334
1 363
1 376
1 386
1 492
1 512
1 545
1 558
1 580
1 657
1 669
1 696
1 702
1 729
1 738
1 860
1 892
1 898
1 983
1 988
2 3
2 4
2 5
2 7
2 10
2 12
2 15
2 34
2 38
2 42
2 57
2 60
2 73
2 75
2 79
2 80
2 84
2 87
2 89
2 90
2 93
2 108
2 115
2 116
2 119
2 134
2 142
2 147
2 148
2 149
2 155
2 160
2 161
2 162
2 167
2 173
2 181
2 184
2 192
2 194
2 201
2 202
2 203
2 253
2 271
2 279
2 293
2 311
2 326
2 346
2 382
2 474
2 517
2 518
2 529
2 536
2 584
2 605
2 623
2 686
2 723
2 772
2 784
2 809
2 822
2 826
2 855
2 858
2 875
2 950
2 957
2 966
2 972
2 977
2 990
3 4
3 7
3 9
3 10
3 17
3 27
3 29
3 48
3 72
3 76
3 98
3 108
3 111
3 140
3 146
3 149
3 150
3 156
3 169
3 187
3 188
3 190
3 199
3 269
3 341
3 430
3 439
3 462
3 562
3 589
3 597
3 703
3 711
3 716
3 753
3 882
3 924
3 968
4 32
4 44
4 45
4 52
4 55
4 59
4 77
4 117
4 132
4 145
4 155
4 157
4 168
4 186
4 187
4 225
4 242
4 277
4 364
4 454
4 457
4 458
4 507
4 789
4 805
4 846
4 948
4 952
4 954
5 10
5 19
5 26
5 35
5 72
5 210
5 721
6 8
6 11
6 18
6 21
6 23
6 24
6 27
6 33
6 39
6 40
6 54
6 57
6 62
6 70
6 92
6 94
6 98
6 104
6 105
6 109
6 111
6 112
6 113
6 122
6 126
6 130
6 132
6 143
6 147
6 148
6 150
6 163
6 165
6 170
6 176
6 195
6 196
6 197
6 211
6 215
6 217
6 232
6 248
6 250
6 260
6 284
6 317
6 319
6 337
6 342
6 352
6 355
6 360
6 377
6 390
6 392
6 427
6 431
6 434
6 446
6 448
6 452
6 466
6 479
6 487
6 506
6 525
6 551
6 568
6 595
6 597
6 599
6 641
6 648
6 652
6 654
6 700
6 707
6 712
6 732
6 735
6 763
6 797
6 800
6 808
6 817
6 841
6 845
6 848
6 861
6 864
6 890
6 900
6 903
6 912
6 915
6 946
6 955
6 973
6 980
6 986
6 993
6 995
6 78
6 7
6 10
6 20
7 13
7 14
7 36
7 52
7 88
7 107
7 280
7 328
7 378
7 464
7 574
7 673
7 943
7 8
7 9
7 11
7 12
7 29
7 31
7 33
7 50
7 54
7 61
7 66
7 70
7 86
7 103
7 104
7 105
7 113
7 114
7 134
7 138
8 9
8 23
8 27
8 33
8 37
8 43
8 46
8 49
8 82
8 133
8 749
8 810
8 962
8 78
8 13
8 18
8 34
8 51
8 111
9 12
9 27
9 28
9 40
9 56
9 76
9 93
9 100
9 109
9 149
9 185
9 200
9 204
9 252
9 338
9 365
9 371
9 394
9 402
9 601
9 634
9 644
9 666
9 671
9 680
9 697
9 745
9 761
9 762
9 809
9 825
9 829
9 896
9 908
9 926
9 930
9 947
9 965
9 982
9 16
10 19
10 30
10 78
10 121
10 234
10 359
10 405
10 442
10 453
10 456
10 489
10 514
10 539
10 553
10 11
10 21
10 24
10 32
10 40
10 47
10 62
10 69
10 71
10 76
10 112
10 115
10 132
10 134
10 152
11 18
11 21
11 25
11 31
11 655
11 722
11 725
11 917
11 940
11 956
11 14
11 30
11 58
11 126
11 136
12 41
12 61
12 115
12 153
12 214
12 806
12 832
12 877
12 15
12 27
12 28
12 32
12 38
12 39
12 44
12 56
12 71
12 92
12 113
12 124
12 125
12 127
12 129
12 154
13 281
13 459
13 795
13 23
13 53
13 85
13 107
14 16
14 88
14 357
14 375
14 406
14 645
14 730
14 743
14 813
14 816
14 23
14 32
14 54
14 56
14 62
14 78
15 22
15 60
15 106
15 272
15 874
15 20
15 52
15 83
15 164
16 36
16 65
16 83
16 91
16 112
16 123
16 158
16 220
16 335
16 347
16 358
16 459
16 587
16 672
16 709
16 788
16 842
16 27
16 40
16 77
16 116
17 29
17 306
17 694
18 21
18 24
18 25
18 71
18 75
18 101
18 130
18 367
18 505
18 540
18 556
18 557
18 578
18 615
18 650
18 871
18 901
18 121
19 20
19 26
19 30
19 72
19 97
19 124
19 136
19 221
19 231
19 362
19 463
19 475
19 559
19 567
19 710
19 781
19 177
20 30
20 44
20 66
20 179
20 268
20 438
20 22
20 24
20 61
21 32
21 38
21 43
21 113
21 208
21 340
21 360
21 414
21 519
21 572
21 904
21 78
21 26
21 80
21 90
23 59
23 131
23 388
23 516
23 590
23 729
23 799
23 893
23 34
23 47
23 105
24 101
24 197
24 484
24 561
24 776
24 873
24 41
24 59
24 128
25 54
25 662
25 700
25 705
25 750
26 301
26 78
26 62
26 65
26 66
26 67
26 84
26 87
26 135
26 146
27 42
27 104
27 118
27 163
27 823
27 31
27 46
27 72
28 137
28 145
29 34
29 35
29 39
29 50
29 72
29 99
29 121
29 124
29 127
29 151
29 182
29 230
29 296
29 318
29 348
29 417
29 437
29 465
29 549
29 581
29 591
29 610
29 620
29 659
29 667
29 720
29 740
29 746
29 757
29 814
29 828
29 857
29 894
29 902
29 923
29 929
29 987
29 59
29 102
30 55
30 151
30 190
30 717
30 43
30 86
30 111
30 117
31 42
31 53
32 67
32 207
32 224
32 321
32 508
32 576
32 780
32 33
32 79
32 81
32 87
32 101
33 46
33 58
33 112
33 216
33 285
33 379
33 853
33 88
34 41
34 48
34 81
34 110
34 175
34 387
34 714
34 771
34 792
34 152
35 44
35 135
35 164
35 173
35 259
35 625
35 736
35 746
35 157
36 353
36 404
38 180
38 351
38 422
38 678
39 66
39 69
39 125
39 127
39 148
39 265
39 310
39 343
39 351
39 504
39 537
39 569
39 779
39 888
39 911
39 919
39 931
39 49
39 119
39 132
40 58
40 399
40 827
40 89
40 109
40 139
41 45
41 61
41 239
41 287
41 606
41 724
42 441
42 689
43 47
43 54
43 70
43 71
43 79
43 85
43 89
43 94
43 103
43 109
43 118
43 131
43 138
43 152
43 193
43 200
43 227
43 241
43 261
43 274
43 294
43 403
43 433
43 468
43 472
43 483
43 613
43 618
43 664
43 693
43 793
43 811
43 817
43 870
43 897
43 945
43 971
43 998
43 119
44 51
44 178
44 191
44 679
44 891
44 920
45 52
45 53
45 64
45 80
45 87
45 88
45 110
45 116
45 146
45 206
45 219
45 264
45 286
45 300
45 303
45 305
45 308
45 383
45 404
45 412
45 421
45 429
45 443
45 447
45 451
45 461
45 476
45 498
45 503
45 533
45 541
45 550
45 563
45 582
45 586
45 592
45 603
45 608
45 629
45 635
45 640
45 646
45 653
45 670
45 675
45 688
45 731
45 733
45 739
45 751
45 760
45 769
45 796
45 798
45 803
45 813
45 834
45 840
45 854
45 881
45 899
45 907
45 910
45 922
45 937
45 939
45 958
45 959
45 979
45 985
45 991
45 997
45 78
45 102
46 57
46 90
46 126
46 631
46 866
46 78
46 105
47 407
48 63
49 70
49 327
49 395
49 637
49 713
49 844
49 927
49 980
50 51
50 56
50 133
50 626
50 747
50 123
50 175
51 249
51 381
51 804
51 908
51 970
51 999
51 79
51 96
51 179
52 235
52 330
52 336
52 425
52 478
52 934
52 953
52 996
53 64
53 86
53 123
53 384
53 543
53 627
53 630
53 63
53 73
53 153
54 67
54 69
54 81
54 143
54 172
54 226
54 237
54 276
54 320
54 332
54 333
54 380
54 522
54 523
54 526
54 555
54 602
54 619
54 762
54 786
54 824
54 831
54 880
54 960
54 75
54 187
55 74
55 191
56 440
56 497
56 768
56 74
56 121
57 62
57 90
57 103
57 104
57 167
57 176
57 244
57 263
57 289
57 345
57 410
57 774
57 815
58 196
58 397
58 445
58 544
58 684
58 99
59 74
59 96
59 134
59 135
59 159
59 173
59 178
59 198
59 212
59 217
59 254
59 361
59 373
59 385
59 436
59 552
59 560
59 628
59 633
59 704
59 744
59 764
59 838
59 850
59 851
59 951
59 978
59 118
59 142
59 143
59 154
60 66
60 159
60 192
60 681
60 754
60 173
61 593
64 174
64 368
64 412
64 477
64 548
64 660
64 756
64 785
64 878
65 85
66 189
66 233
66 598
66 70
67 102
67 325
67 542
67 585
67 698
67 778
67 913
67 119
69 918
71 794
71 839
72 108
72 114
72 121
72 129
72 189
72 191
72 500
72 642
72 78
73 389
73 604
73 611
73 742
73 770
73 949
73 91
73 131
74 213
74 270
74 297
74 309
74 565
74 607
74 78
74 185
75 128
75 132
75 432
75 485
75 935
75 967
76 118
76 120
76 142
76 198
76 82
76 151
78 164
78 266
78 435
78 455
78 470
78 513
78 532
78 577
78 616
78 622
78 692
78 758
78 782
78 812
78 836
78 849
78 865
78 867
78 884
78 914
78 921
78 84
78 88
78 93
78 98
78 117
78 118
78 120
78 137
79 193
79 201
79 302
79 329
79 420
79 449
79 480
79 833
79 138
80 115
80 168
80 182
80 411
80 685
80 752
81 117
81 137
81 172
81 218
81 240
81 251
81 278
81 288
81 312
81 313
81 331
81 418
81 515
81 524
81 573
81 575
81 588
81 600
81 674
81 676
81 687
81 719
81 726
81 775
81 801
81 821
81 837
81 843
81 856
81 872
81 876
81 906
81 963
81 182
82 152
84 167
84 499
84 765
84 766
85 101
85 205
85 868
85 148
86 126
88 103
89 107
89 290
89 299
89 315
89 349
89 356
89 401
89 409
89 450
89 494
89 502
89 530
89 639
89 820
89 833
89 885
89 887
89 941
89 976
89 984
90 643
90 790
90 852
90 879
91 451
91 632
94 95
94 767
95 104
95 107
95 140
95 183
95 186
95 243
95 256
95 275
95 295
95 304
95 372
95 398
95 409
95 416
95 419
95 491
95 501
95 509
95 520
95 534
95 570
95 636
95 651
95 663
95 677
95 715
95 734
95 777
95 802
95 989
95 196
97 184
97 496
97 683
97 909
98 830
99 482
100 229
100 267
100 444
100 546
100 566
100 583
100 594
100 596
100 647
100 703
100 818
100 933
100 994
102 488
102 114
102 201
103 154
103 163
103 150
104 886
104 969
104 200
107 238
107 298
107 314
107 547
108 114
108 144
108 166
108 222
108 322
108 400
108 495
109 247
109 564
109 759
110 370
110 975
111 188
111 236
112 383
112 783
112 883
112 916
113 156
113 125
113 139
113 143
113 160
113 180
114 819
114 159
115 228
115 411
115 531
115 538
115 787
115 928
116 323
116 366
116 415
116 460
116 728
116 128
117 126
118 258
118 424
119 408
120 614
120 151
121 283
121 493
121 535
121 775
121 925
121 144
122 324
122 487
122 624
122 699
122 701
124 579
124 649
125 137
126 609
127 291
128 594
128 638
128 151
129 164
129 282
129 339
129 510
129 617
129 773
129 936
130 138
130 741
130 171
131 141
132 413
132 791
132 862
132 981
133 182
133 498
133 536
133 665
133 667
133 668
134 469
134 835
134 863
134 905
135 190
135 191
135 473
135 521
135 682
135 695
135 748
135 942
136 175
136 428
136 473
136 658
136 889
136 138
140 199
142 344
142 426
142 656
143 621
143 859
146 393
146 727
146 755
146 887
147 171
147 197
147 527
147 944
148 369
148 847
150 292
150 661
150 708
150 747
150 797
151 192
151 218
151 691
152 165
152 471
152 490
152 612
152 974
153 223
153 256
153 571
153 737
153 807
154 257
159 162
161 163
169 187
