0 1
0 2
0 3
0 4
0 5
0 11
0 12
0 21
0 24
0 25
0 26
0 31
0 35
0 40
0 42
0 43
0 44
0 45
0 53
0 55
0 56
0 62
0 76
0 92
0 96
0 105
0 109
0 111
0 119
0 121
0 123
0 127
0 130
0 131
0 133
0 136
0 140
0 141
0 148
0 160
0 167
0 186
0 188
0 193
0 204
0 205
0 221
0 225
0 296
0 320
0 342
0 406
0 424
0 487
0 528
0 555
0 578
0 597
0 634
0 643
0 729
0 754
0 759
0 760
0 811
0 817
0 878
0 887
0 928
0 929
0 979
0 995
0 997
1 2
1 3
1 4
1 5
1 6
1 8
1 18
1 19
1 20
1 22
1 26
1 27
1 46
1 49
1 50
1 53
1 56
1 62
1 73
1 82
1 93
1 96
1 103
1 106
1 107
1 109
1 123
1 126
1 131
1 132
1 133
1 139
1 140
1 141
1 142
1 143
1 147
1 154
1 155
1 160
1 162
1 164
1 166
1 169
1 177
1 180
1 184
1 185
1 186
1 188
1 190
1 193
1 194
1 201
1 202
1 213
1 227
1 254
1 256
1 282
1 286
1 289
1 310
1 313
1 352
1 353
1 364
1 369
1 429
1 466
1 493
1 502
1 519
1 527
1 556
1 584
1 624
1 672
1 704
1 710
1 739
1 776
1 827
1 828
1 911
1 914
1 922
1 942
1 945
1 967
1 974
1 996
2 3
2 4
2 6
2 9
2 17
2 21
2 36
2 50
2 65
2 75
2 76
2 79
2 84
2 93
2 108
2 110
2 115
2 119
2 137
2 143
2 145
2 146
2 148
2 152
2 154
2 158
2 163
2 197
2 202
2 253
2 418
2 442
2 520
2 546
2 563
2 583
2 590
2 595
2 619
2 638
2 655
2 814
2 888
2 894
2 946
2 992
3 4
3 29
3 87
3 120
3 272
3 302
3 531
3 557
3 625
3 640
3 647
3 669
3 703
3 791
4 6
4 8
4 11
4 12
4 14
4 20
4 34
4 37
4 39
4 50
4 53
4 54
4 64
4 66
4 74
4 79
4 82
4 85
4 86
4 88
4 89
4 90
4 102
4 103
4 104
4 105
4 110
4 115
4 116
4 121
4 123
4 124
4 128
4 129
4 131
4 132
4 135
4 138
4 142
4 146
4 151
4 153
4 155
4 161
4 162
4 165
4 169
4 170
4 179
4 185
4 190
4 198
4 199
4 204
4 214
4 241
4 293
4 329
4 344
4 360
4 367
4 378
4 390
4 413
4 425
4 443
4 445
4 515
4 524
4 540
4 553
4 598
4 623
4 711
4 742
4 751
4 780
4 816
4 829
4 840
4 862
4 897
4 908
4 925
4 991
4 994
5 7
5 8
5 9
5 13
5 25
5 59
5 80
5 116
5 118
5 180
5 347
5 450
5 455
5 461
5 526
5 698
5 745
5 109
5 6
5 12
5 33
5 89
6 10
6 12
6 23
6 27
6 28
6 29
6 31
6 39
6 42
6 44
6 48
6 51
6 55
6 60
6 64
6 66
6 70
6 72
6 77
6 79
6 81
6 83
6 89
6 92
6 94
6 100
6 112
6 139
6 144
6 147
6 148
6 157
6 163
6 186
6 193
6 197
6 203
6 207
6 219
6 223
6 235
6 237
6 245
6 246
6 266
6 285
6 294
6 295
6 301
6 318
6 325
6 337
6 349
6 350
6 362
6 371
6 379
6 384
6 387
6 395
6 403
6 416
6 417
6 420
6 435
6 439
6 483
6 486
6 507
6 524
6 532
6 534
6 539
6 558
6 559
6 580
6 585
6 600
6 601
6 609
6 614
6 622
6 631
6 641
6 646
6 651
6 670
6 678
6 680
6 684
6 686
6 690
6 696
6 700
6 706
6 713
6 717
6 746
6 750
6 783
6 784
6 809
6 815
6 823
6 836
6 837
6 841
6 845
6 850
6 852
6 858
6 865
6 873
6 875
6 889
6 898
6 902
6 906
6 907
6 918
6 919
6 941
6 950
6 951
6 959
6 970
6 975
6 985
6 990
6 109
6 7
6 14
6 37
7 14
7 15
7 41
7 46
7 68
7 168
7 176
7 211
7 216
7 228
7 274
7 275
7 276
7 277
7 319
7 324
7 339
7 354
7 361
7 375
7 382
7 392
7 401
7 414
7 422
7 436
7 463
7 481
7 492
7 495
7 551
7 552
7 566
7 617
7 632
7 645
7 665
7 692
7 714
7 725
7 727
7 735
7 743
7 796
7 802
7 803
7 859
7 916
7 935
7 936
7 944
7 962
7 981
7 109
7 142
7 8
7 20
7 21
7 23
7 25
7 26
7 56
8 299
8 404
8 501
8 900
8 927
9 21
9 168
9 174
9 176
9 204
9 448
9 453
9 554
9 656
9 882
9 989
10 12
10 18
10 22
10 48
10 260
10 267
10 300
10 374
10 440
10 530
10 630
10 843
10 845
11 20
11 31
11 340
11 109
11 17
11 70
11 142
12 15
12 16
12 17
12 18
12 23
12 32
12 38
12 52
12 57
12 64
12 88
12 91
12 93
12 97
12 111
12 124
12 133
12 156
12 164
12 166
12 172
12 175
12 183
12 231
12 233
12 258
12 261
12 341
12 345
12 358
12 373
12 377
12 389
12 410
12 431
12 451
12 465
12 478
12 504
12 561
12 567
12 603
12 636
12 648
12 720
12 728
12 731
12 752
12 755
12 773
12 775
12 779
12 790
12 795
12 808
12 824
12 828
12 856
12 901
12 909
12 917
12 972
12 982
12 998
12 109
12 14
12 20
12 22
12 61
12 100
12 145
12 152
13 116
13 244
13 250
13 529
13 659
13 876
13 930
13 109
13 16
13 19
13 24
13 26
13 35
13 44
13 65
13 85
13 124
14 15
14 27
14 30
14 58
14 68
14 129
14 247
14 268
14 381
14 396
14 591
14 812
14 830
14 895
14 109
14 23
14 73
14 80
14 125
15 17
15 18
15 24
15 30
15 35
15 36
15 45
15 52
15 57
15 58
15 67
15 68
15 84
15 85
15 104
15 108
15 120
15 154
15 164
15 172
15 179
15 181
15 182
15 183
15 195
15 201
15 218
15 249
15 271
15 280
15 281
15 284
15 297
15 317
15 330
15 338
15 351
15 369
15 380
15 423
15 433
15 458
15 459
15 464
15 467
15 479
15 494
15 503
15 510
15 536
15 537
15 541
15 543
15 544
15 545
15 560
15 571
15 572
15 596
15 598
15 635
15 661
15 663
15 674
15 677
15 679
15 687
15 691
15 721
15 744
15 768
15 793
15 798
15 801
15 804
15 806
15 820
15 822
15 831
15 838
15 847
15 851
15 863
15 866
15 869
15 874
15 912
15 921
15 926
15 937
15 938
15 939
15 952
15 954
15 956
15 960
15 971
15 973
15 980
15 986
16 48
16 419
16 829
16 885
16 18
16 32
16 54
16 68
16 76
16 88
16 94
16 96
16 103
16 111
16 147
16 149
17 402
17 662
17 55
17 85
17 86
17 116
17 173
17 179
18 36
18 54
18 65
18 69
18 81
18 87
18 96
18 135
18 139
18 147
18 150
18 156
18 218
18 226
18 240
18 265
18 303
18 365
18 407
18 469
18 477
18 484
18 667
18 676
18 800
18 811
18 853
18 881
18 903
18 934
18 953
18 30
18 39
19 769
20 33
20 95
20 149
20 266
20 399
20 525
20 604
20 740
20 949
20 21
20 38
20 107
21 34
21 80
21 210
21 255
21 476
21 482
21 756
21 778
21 813
21 24
21 40
21 47
21 93
21 97
21 105
21 144
22 38
22 49
22 66
22 137
22 343
22 707
22 75
22 102
23 32
23 82
23 45
23 66
23 186
24 67
24 715
24 747
24 891
24 977
24 46
24 50
24 62
24 90
24 105
24 119
24 134
24 183
25 26
25 43
25 130
25 323
25 415
25 456
25 475
25 615
25 653
25 748
25 886
25 913
26 47
26 118
26 168
26 174
26 252
26 454
26 586
26 932
26 963
26 28
26 31
26 37
26 67
26 80
26 83
26 88
27 28
27 55
27 60
27 61
27 70
27 91
27 178
27 235
27 334
27 386
27 398
27 421
27 521
27 535
27 550
27 647
27 657
27 660
27 695
27 738
27 794
27 805
27 818
27 864
27 142
27 135
28 287
28 512
28 29
28 30
28 49
28 57
28 70
28 82
28 83
28 86
28 123
28 133
29 132
29 220
29 292
29 506
29 508
29 718
29 726
29 61
29 81
29 116
29 117
29 126
30 196
30 383
30 628
30 701
30 51
30 53
30 105
30 145
31 74
31 357
31 426
31 441
31 109
31 46
31 59
31 60
31 87
31 91
31 101
31 114
32 76
32 125
33 370
33 142
33 71
33 76
33 95
33 131
33 162
34 145
34 109
34 119
35 172
35 173
35 189
35 236
35 278
35 283
35 447
35 468
35 618
35 683
35 797
35 883
35 892
35 964
36 98
36 568
36 109
37 178
37 933
37 984
37 192
38 69
38 78
38 198
38 480
38 688
38 761
38 924
38 968
38 998
38 164
38 175
39 70
39 74
39 489
39 789
39 985
39 86
39 101
41 328
42 355
42 873
43 54
43 189
43 304
43 385
43 391
43 397
43 505
43 564
43 712
43 765
43 821
43 833
43 867
43 868
43 871
43 872
43 172
44 523
45 57
45 316
45 576
45 607
45 633
45 730
45 999
45 74
45 81
45 148
45 166
46 61
46 71
46 83
46 84
46 98
46 135
46 159
46 422
46 488
46 575
46 613
46 58
47 130
47 48
47 139
48 56
48 185
48 230
48 251
48 321
48 562
48 50
49 368
49 627
49 75
50 257
50 291
50 474
50 650
50 668
50 800
50 961
50 71
50 130
50 142
51 109
52 67
52 78
52 165
52 222
52 394
52 671
52 719
52 824
52 915
52 921
53 61
53 104
53 138
53 305
53 514
53 575
53 777
53 785
53 948
54 169
54 427
54 430
54 695
54 849
54 910
54 940
54 969
55 63
55 72
55 74
55 77
55 170
55 288
55 340
55 673
55 685
55 799
55 844
55 880
56 112
56 124
56 352
56 376
56 473
56 639
56 675
56 682
56 694
56 708
56 722
56 741
56 763
56 774
56 819
56 842
56 879
56 920
56 99
57 322
57 642
57 723
57 787
57 109
57 63
57 78
57 121
58 71
58 108
58 309
58 548
59 606
59 109
61 65
61 143
61 125
62 97
62 187
62 262
62 333
62 577
62 705
62 884
63 90
63 217
64 432
64 870
65 86
65 381
65 770
65 194
66 616
66 702
67 662
67 115
67 187
68 99
68 120
68 471
68 522
68 602
68 770
68 835
68 904
68 142
68 77
68 128
69 993
70 332
70 335
70 336
70 388
70 428
70 500
70 579
70 681
70 736
71 194
71 209
71 212
71 215
71 234
71 629
71 666
71 956
72 105
72 192
72 208
73 958
73 96
74 127
74 308
74 513
74 626
74 104
76 81
76 516
77 127
77 949
77 157
78 182
78 279
78 472
78 496
78 766
78 857
79 264
79 326
79 438
80 270
80 547
80 610
80 733
80 978
80 84
80 146
81 101
81 146
81 411
81 82
81 127
81 138
82 248
82 549
82 896
82 112
82 122
83 434
83 573
83 588
83 764
83 839
83 877
83 97
84 122
84 203
84 212
84 224
84 263
84 312
84 589
84 781
84 135
85 114
85 144
85 198
85 243
85 491
85 542
85 966
85 92
85 104
85 108
85 123
85 171
86 114
86 136
88 97
88 189
88 136
89 191
90 134
90 161
90 163
90 444
90 452
90 621
90 732
90 749
91 127
91 405
91 594
91 644
91 654
91 664
93 113
93 437
93 716
93 94
93 118
94 306
94 327
94 807
95 789
96 931
96 987
97 166
97 175
97 179
97 408
97 757
98 99
98 758
98 834
99 107
99 511
99 581
99 142
99 124
100 106
100 110
100 130
101 220
103 139
103 190
104 400
104 485
104 593
104 637
104 786
104 136
105 117
105 167
105 608
105 620
105 810
105 906
106 611
107 191
107 570
107 574
107 652
107 111
107 177
108 771
108 890
109 127
109 160
110 509
111 131
111 146
112 905
112 955
112 203
113 142
115 134
115 356
115 393
115 470
116 151
116 259
116 273
116 307
116 649
116 861
116 893
116 947
116 141
118 145
118 184
118 206
118 359
118 457
118 599
118 697
118 848
118 923
118 965
119 331
119 792
119 161
121 314
122 311
123 346
123 412
123 592
123 658
123 709
123 899
123 976
124 462
124 533
124 538
124 612
124 772
124 788
124 860
124 872
127 363
127 449
127 855
129 536
129 943
130 242
130 490
130 826
130 832
130 957
130 144
132 139
132 854
133 171
133 298
133 315
133 498
133 565
134 605
134 689
135 195
135 196
135 348
135 499
135 518
136 181
138 229
138 693
138 724
138 988
140 159
141 409
141 587
142 183
142 269
142 497
142 737
143 239
143 366
143 753
143 762
143 782
145 290
146 177
147 150
147 569
147 767
147 846
148 232
148 446
148 460
148 517
148 699
148 825
148 983
148 169
151 582
153 238
153 372
154 200
154 734
166 172
186 197
191 195
