0 1
0 2
0 3
0 4
0 7
0 15
0 16
0 21
0 27
0 57
0 59
0 82
0 97
0 99
0 104
0 105
0 112
0 149
0 170
0 175
0 188
0 270
0 279
0 311
0 338
0 382
0 415
0 460
0 722
0 737
0 800
0 816
0 869
0 872
0 899
0 901
0 905
1 2
1 3
1 4
1 6
1 8
1 9
1 13
1 14
1 15
1 24
1 32
1 34
1 41
1 51
1 55
1 56
1 61
1 78
1 86
1 89
1 95
1 98
1 99
1 110
1 112
1 115
1 119
1 122
1 125
1 128
1 130
1 138
1 143
1 144
1 146
1 149
1 155
1 156
1 177
1 192
1 193
1 196
1 198
1 215
1 286
1 295
1 324
1 331
1 371
1 386
1 400
1 412
1 425
1 442
1 444
1 445
1 453
1 475
1 510
1 513
1 514
1 518
1 527
1 557
1 565
1 566
1 572
1 582
1 609
1 622
1 632
1 633
1 644
1 651
1 667
1 670
1 680
1 741
1 756
1 761
1 765
1 795
1 814
1 820
1 835
1 860
1 887
1 924
1 953
1 973
2 3
2 4
2 13
2 60
2 90
2 108
2 175
2 197
2 250
2 282
2 461
2 511
2 584
2 735
3 4
3 5
3 10
3 12
3 36
3 42
3 43
3 47
3 49
3 51
3 52
3 53
3 55
3 67
3 74
3 77
3 79
3 82
3 85
3 93
3 94
3 101
3 106
3 110
3 116
3 124
3 126
3 128
3 131
3 137
3 145
3 147
3 151
3 152
3 154
3 161
3 165
3 166
3 170
3 173
3 177
3 179
3 185
3 186
3 187
3 189
3 193
3 195
3 196
3 217
3 227
3 239
3 267
3 309
3 319
3 356
3 414
3 430
3 440
3 455
3 461
3 505
3 562
3 570
3 574
3 587
3 618
3 641
3 652
3 674
3 685
3 742
3 776
3 815
3 838
3 940
4 6
4 7
4 9
4 11
4 13
4 20
4 23
4 25
4 31
4 32
4 38
4 40
4 41
4 44
4 53
4 58
4 61
4 62
4 63
4 73
4 87
4 95
4 96
4 97
4 100
4 101
4 102
4 106
4 111
4 116
4 122
4 124
4 127
4 128
4 134
4 156
4 168
4 170
4 186
4 192
4 197
4 203
4 222
4 269
4 274
4 298
4 312
4 325
4 326
4 355
4 383
4 403
4 424
4 456
4 484
4 486
4 490
4 521
4 569
4 613
4 619
4 656
4 691
4 692
4 698
4 752
4 772
4 781
4 796
4 811
4 837
4 854
4 882
4 907
4 935
4 956
4 966
4 967
5 23
5 216
5 751
5 858
5 896
5 142
5 6
5 7
5 9
5 10
5 13
5 15
5 16
5 22
5 26
5 28
5 33
5 34
5 42
5 53
5 76
5 82
5 85
5 98
5 131
5 143
6 10
6 11
6 17
6 88
6 91
6 184
6 231
6 450
6 808
6 954
7 10
7 12
7 18
7 38
7 40
7 65
7 66
7 78
7 100
7 122
7 165
7 178
7 352
7 373
7 391
7 446
7 492
7 494
7 535
7 552
7 601
7 643
7 665
7 744
7 788
7 957
7 959
7 11
7 16
7 21
7 25
7 45
7 49
7 53
7 63
7 90
7 94
7 102
7 120
7 137
7 139
8 33
8 132
9 33
9 75
9 114
9 115
9 117
9 157
9 159
9 342
9 457
9 496
9 517
9 616
9 911
9 918
9 962
9 39
9 40
9 122
10 12
10 17
10 39
10 52
10 58
10 65
10 67
10 71
10 73
10 91
10 100
10 107
10 130
10 150
10 153
10 178
10 194
10 198
10 245
10 350
10 360
10 370
10 380
10 399
10 470
10 498
10 553
10 580
10 586
10 627
10 661
10 684
10 727
10 729
10 775
10 792
10 803
10 898
10 910
10 948
10 950
10 975
10 999
10 142
10 18
10 24
10 27
10 28
10 30
10 31
10 62
10 77
10 108
10 135
11 17
11 19
11 25
11 31
11 36
11 43
11 52
11 69
11 71
11 119
11 135
11 140
11 159
11 162
11 163
11 164
11 166
11 177
11 221
11 235
11 250
11 288
11 320
11 358
11 417
11 432
11 441
11 463
11 515
11 522
11 528
11 547
11 549
11 564
11 588
11 610
11 612
11 672
11 676
11 697
11 702
11 724
11 758
11 760
11 764
11 798
11 799
11 801
11 828
11 831
11 843
11 859
11 862
11 875
11 891
11 903
11 920
11 923
11 971
11 983
11 991
11 998
11 185
12 48
12 155
12 142
12 46
12 55
12 73
12 83
12 103
12 116
12 122
12 124
12 132
13 14
13 15
13 26
13 29
13 30
13 37
13 41
13 74
13 123
13 232
13 242
13 257
13 284
13 285
13 287
13 297
13 405
13 428
13 509
13 579
13 662
13 688
13 740
13 810
13 931
13 25
14 29
14 30
14 72
14 98
14 103
14 123
14 135
14 507
14 648
14 668
14 731
14 768
14 902
14 989
15 21
15 29
15 189
15 278
15 347
15 607
15 75
16 851
16 36
16 39
16 47
16 52
16 144
16 168
17 67
17 71
17 73
17 106
17 171
17 175
17 184
17 321
17 396
17 775
18 36
18 70
18 478
18 789
18 154
19 545
20 22
20 23
20 45
20 76
20 152
20 164
20 172
20 234
20 283
20 329
20 339
20 406
20 721
20 845
20 876
20 888
20 943
20 976
21 26
21 30
21 42
21 50
21 60
21 107
21 142
21 181
21 185
21 186
21 220
21 233
21 247
21 249
21 300
21 313
21 335
21 362
21 420
21 440
21 678
21 726
21 840
21 848
21 855
21 926
21 196
22 146
22 176
22 593
22 766
22 142
22 116
23 32
23 47
23 49
23 81
23 92
23 118
23 121
23 146
23 176
23 228
23 299
23 436
23 630
23 738
23 945
23 142
24 28
24 35
24 86
24 191
24 193
24 341
24 426
24 467
24 485
24 620
24 699
24 710
24 892
24 987
24 997
24 142
24 30
24 34
24 69
24 76
25 28
25 34
25 42
25 45
25 46
25 87
25 116
25 140
25 173
25 174
25 182
25 294
25 361
25 411
25 419
25 471
25 480
25 534
25 536
25 537
25 540
25 541
25 559
25 595
25 602
25 624
25 716
25 734
25 753
25 793
25 823
25 834
25 839
25 866
25 915
25 937
25 964
25 981
25 990
25 29
25 37
25 57
25 62
25 104
25 105
25 146
25 149
26 34
26 102
26 148
26 203
26 273
26 278
26 323
26 366
26 493
26 658
26 142
26 127
26 158
27 95
27 116
27 130
28 42
28 47
28 54
28 227
28 298
28 554
28 646
28 961
28 113
28 141
29 30
29 60
29 72
29 76
29 131
29 139
29 142
29 260
29 333
29 384
29 447
29 452
29 519
29 615
29 663
29 89
30 77
30 240
30 365
30 418
30 520
30 681
30 683
30 701
30 914
30 926
30 942
30 960
30 986
30 65
30 67
30 78
31 33
31 56
31 66
31 89
31 113
31 200
31 236
31 238
31 262
31 264
31 293
31 306
31 381
31 409
31 482
31 500
31 525
31 544
31 558
31 567
31 597
31 653
31 696
31 736
31 749
31 752
31 822
31 884
31 885
31 890
31 944
31 995
31 41
31 72
32 84
32 86
32 118
32 191
32 263
32 330
32 502
32 508
32 626
32 797
33 133
33 205
33 255
33 433
33 448
33 649
33 695
33 771
33 807
33 46
33 95
33 100
34 35
34 54
34 90
34 99
34 109
34 144
34 153
34 188
34 190
34 191
34 327
34 408
34 611
34 673
34 708
34 741
34 750
34 754
34 763
34 767
34 773
34 779
34 931
35 81
35 96
35 416
35 497
35 690
35 704
35 809
35 142
36 38
36 40
36 46
36 75
36 82
36 93
36 122
36 129
36 132
36 134
36 140
36 160
36 162
36 214
36 219
36 237
36 345
36 404
36 451
36 524
36 530
36 540
36 550
36 594
36 631
36 671
36 700
36 703
36 757
36 777
36 782
36 784
36 794
36 889
36 895
36 900
36 908
36 912
36 916
36 985
36 63
37 75
38 66
38 306
38 378
38 638
39 65
39 791
39 96
39 100
39 136
40 48
40 210
40 268
40 303
40 495
40 806
41 50
41 59
41 74
41 131
41 605
42 85
42 107
42 136
42 145
42 163
42 271
42 310
42 332
42 407
42 438
42 489
42 501
42 720
42 769
42 774
42 958
42 142
42 56
42 109
43 71
43 234
43 825
43 947
43 142
44 49
44 55
44 123
44 167
44 531
44 694
44 849
44 955
45 58
45 73
45 163
45 465
45 523
45 526
45 589
45 717
45 880
45 894
45 987
45 82
46 529
46 755
46 891
46 977
46 97
46 111
46 126
47 126
47 172
47 393
47 876
48 78
48 113
48 159
48 254
48 305
48 334
48 337
48 375
48 394
48 483
48 551
48 591
48 598
48 606
48 614
48 621
48 635
48 827
48 841
48 897
48 939
48 142
48 54
48 67
48 70
48 79
49 51
49 54
49 126
49 230
49 392
49 429
49 723
49 824
49 972
49 87
49 88
49 105
50 246
50 253
51 141
51 176
51 408
51 802
51 832
52 79
52 275
52 423
52 603
53 877
54 568
54 585
55 56
55 59
55 63
55 64
55 68
55 93
55 99
55 102
55 108
55 114
55 137
55 167
55 499
55 571
55 577
55 581
55 675
55 786
55 826
55 846
55 930
55 963
55 968
55 978
55 982
56 70
56 83
56 204
56 223
56 645
56 69
58 629
59 203
59 308
59 481
59 819
59 833
59 992
60 301
60 395
60 443
60 713
61 84
61 170
61 458
62 103
62 120
62 180
62 265
62 364
62 464
62 473
62 506
62 783
62 835
62 886
62 929
62 104
62 108
62 138
62 153
63 722
63 85
63 107
63 112
63 134
64 161
64 686
64 732
64 747
64 142
65 372
65 623
66 84
66 223
66 296
66 349
66 387
66 389
66 654
66 829
66 142
67 105
67 576
67 79
67 114
68 80
68 142
69 207
69 559
69 80
69 112
69 137
70 91
70 178
71 107
71 150
71 169
71 542
71 578
71 608
71 746
71 864
71 874
72 281
72 374
72 118
73 844
73 81
74 636
75 115
75 182
75 302
75 304
75 314
75 434
75 437
75 503
75 512
75 642
75 647
75 689
75 695
75 762
75 779
75 847
75 883
75 87
76 148
76 193
76 351
76 369
76 400
76 421
76 99
76 118
77 111
77 158
77 229
77 241
77 243
77 259
77 466
77 548
77 583
77 604
77 720
77 790
77 868
77 933
77 951
77 974
77 994
78 280
78 292
78 315
78 422
78 468
78 495
78 575
78 654
78 725
78 728
78 842
78 856
78 867
78 934
78 970
78 142
78 120
78 147
79 376
79 86
79 95
79 125
79 127
79 130
79 143
80 715
81 169
81 421
81 887
81 938
81 176
81 190
82 129
82 160
82 244
82 91
82 119
82 147
83 142
83 89
84 109
84 141
84 173
84 199
84 289
84 290
84 318
84 322
84 439
84 477
84 709
84 817
85 103
85 151
86 706
86 712
86 142
86 150
87 183
87 927
88 212
89 996
90 91
90 272
90 637
90 739
90 142
90 122
91 132
91 187
92 106
92 124
92 261
92 844
92 988
92 142
93 348
93 401
93 657
93 693
93 873
93 946
94 124
94 186
94 201
95 143
95 159
95 200
95 342
95 454
96 101
96 476
96 650
96 666
96 861
97 141
97 226
98 142
98 158
98 258
98 344
99 297
100 204
100 687
100 788
100 114
101 340
101 357
101 516
102 161
102 488
103 276
103 909
104 705
104 132
104 141
105 168
105 307
105 596
105 730
105 852
105 865
105 153
106 181
106 354
106 379
106 382
106 474
106 917
106 142
106 121
107 218
107 335
107 925
108 449
108 921
108 121
108 148
109 390
109 600
110 117
110 359
110 386
110 410
110 413
110 431
110 805
111 533
111 679
112 368
112 969
113 546
114 213
114 363
114 402
114 617
114 625
114 634
114 748
114 755
114 813
114 860
114 879
114 913
114 932
114 137
115 328
115 343
115 563
115 160
115 162
116 143
116 457
116 469
116 491
116 871
116 979
117 682
117 719
119 134
119 160
119 266
119 367
119 388
119 462
119 472
119 479
119 487
119 539
119 555
119 821
119 863
119 936
119 980
119 993
119 172
120 142
121 965
121 142
122 204
122 385
122 397
122 745
123 208
123 459
123 836
124 150
124 251
124 812
125 317
125 592
125 628
125 669
125 878
125 905
125 165
126 153
126 252
126 718
127 881
127 140
128 202
128 277
128 377
129 209
129 336
129 532
129 830
129 941
130 225
130 353
130 787
130 952
130 148
131 180
131 189
131 224
131 291
131 785
131 142
132 201
132 206
132 256
132 556
132 561
132 639
132 655
132 660
132 711
132 733
132 804
132 870
132 949
132 134
132 142
134 282
134 893
134 142
134 182
135 211
135 707
135 922
135 142
135 169
136 543
136 984
137 640
140 174
140 435
140 780
140 847
140 919
141 659
141 759
141 904
141 151
142 427
142 145
143 906
144 398
144 502
144 170
145 664
145 853
146 346
146 677
146 770
146 818
147 186
147 211
147 248
147 316
147 504
147 560
147 599
147 928
147 171
149 154
149 512
149 538
149 573
149 714
149 743
150 171
151 504
151 590
151 857
152 778
152 850
153 163
167 193
186 198
