0 1
0 2
0 3
0 4
0 5
0 6
0 9
0 10
0 18
0 45
0 57
0 59
0 68
0 76
0 77
0 97
0 109
0 112
0 120
0 121
0 126
0 130
0 132
0 145
0 147
0 159
0 162
0 171
0 174
0 175
0 176
0 180
0 183
0 184
0 187
0 190
0 195
0 199
0 216
0 228
0 281
0 417
0 454
0 459
0 498
0 501
0 507
0 717
0 768
0 781
0 835
0 939
0 959
1 2
1 3
1 4
1 5
1 12
1 13
1 14
1 16
1 32
1 57
1 70
1 89
1 98
1 104
1 111
1 146
1 154
1 157
1 158
1 236
1 427
1 474
1 631
1 637
1 701
1 725
1 794
1 801
1 859
2 3
2 4
2 5
2 7
2 8
2 17
2 20
2 24
2 35
2 38
2 40
2 45
2 47
2 50
2 52
2 67
2 69
2 71
2 84
2 98
2 101
2 106
2 109
2 117
2 118
2 122
2 136
2 139
2 144
2 146
2 147
2 155
2 162
2 164
2 169
2 175
2 184
2 188
2 190
2 200
2 201
2 202
2 205
2 210
2 215
2 258
2 266
2 298
2 363
2 372
2 443
2 478
2 523
2 540
2 559
2 561
2 580
2 649
2 657
2 671
2 676
2 684
2 697
2 698
2 716
2 743
2 776
2 778
2 780
2 837
2 849
2 951
2 968
3 4
3 5
3 13
3 20
3 49
3 67
3 74
3 86
3 88
3 90
3 92
3 104
3 111
3 121
3 134
3 135
3 137
3 141
3 173
3 181
3 184
3 191
3 201
3 203
3 204
3 225
3 256
3 260
3 296
3 304
3 322
3 329
3 467
3 509
3 563
3 825
3 994
4 5
4 7
4 8
4 9
4 10
4 12
4 17
4 21
4 23
4 28
4 29
4 34
4 41
4 54
4 56
4 60
4 66
4 70
4 75
4 79
4 93
4 95
4 109
4 115
4 118
4 153
4 161
4 168
4 169
4 170
4 178
4 181
4 183
4 190
4 195
4 199
4 204
4 247
4 472
4 579
4 832
4 842
4 873
4 876
4 908
4 940
4 941
4 950
4 960
5 8
5 10
5 11
5 13
5 17
5 18
5 20
5 21
5 24
5 27
5 34
5 38
5 42
5 44
5 45
5 48
5 53
5 59
5 68
5 72
5 80
5 85
5 87
5 106
5 116
5 121
5 127
5 129
5 130
5 133
5 137
5 154
5 165
5 167
5 186
5 188
5 189
5 194
5 198
5 212
5 245
5 275
5 276
5 295
5 313
5 327
5 448
5 464
5 473
5 508
5 529
5 615
5 624
5 647
5 710
5 720
5 878
5 906
5 921
5 979
6 7
6 9
6 11
6 18
6 22
6 54
6 63
6 77
6 88
6 92
6 99
6 103
6 129
6 132
6 158
6 160
6 196
6 208
6 265
6 289
6 302
6 316
6 318
6 331
6 344
6 346
6 352
6 366
6 407
6 420
6 421
6 423
6 435
6 437
6 439
6 441
6 444
6 447
6 455
6 519
6 521
6 526
6 528
6 536
6 545
6 550
6 592
6 601
6 609
6 617
6 625
6 627
6 632
6 652
6 655
6 661
6 673
6 690
6 712
6 713
6 721
6 724
6 738
6 751
6 757
6 820
6 822
6 823
6 829
6 839
6 846
6 847
6 973
6 989
6 997
6 28
6 8
6 15
6 49
6 101
7 14
7 16
7 74
7 102
7 203
7 466
7 646
7 760
7 965
7 28
7 8
7 10
7 18
7 19
7 21
7 27
7 30
7 35
7 42
7 46
7 48
7 51
7 57
7 61
7 73
7 76
7 83
7 103
7 104
7 144
8 15
8 21
8 33
8 41
8 42
8 185
8 209
8 449
8 461
8 677
8 806
8 925
8 28
8 10
8 11
8 17
8 23
8 24
8 25
8 45
8 88
8 125
8 128
9 14
9 16
9 22
9 24
9 44
9 117
9 324
9 379
9 607
9 848
9 852
9 991
10 13
10 15
10 31
10 33
10 116
10 248
10 345
10 584
10 695
10 80
10 91
10 145
11 12
11 18
11 27
11 30
11 35
11 73
11 97
11 114
11 140
11 143
11 148
11 156
11 160
11 179
11 224
11 238
11 291
11 303
11 339
11 383
11 392
11 456
11 472
11 493
11 502
11 515
11 527
11 542
11 571
11 582
11 586
11 588
11 598
11 619
11 621
11 630
11 683
11 699
11 733
11 748
11 762
11 765
11 767
11 795
11 805
11 827
11 841
11 869
11 870
11 877
11 895
11 932
11 952
11 963
11 964
11 970
11 975
11 977
11 990
11 28
11 77
12 27
12 32
12 35
12 50
12 55
12 73
12 152
12 404
12 414
12 457
12 665
12 689
12 703
12 734
12 844
13 15
13 19
13 23
13 28
13 31
13 33
13 47
13 52
13 58
13 82
13 263
13 292
13 398
13 451
13 517
13 532
13 548
13 562
13 628
13 723
13 732
13 740
13 863
13 887
13 944
14 22
14 44
14 66
14 182
14 226
14 350
14 611
14 682
14 821
15 19
15 42
15 46
15 47
15 51
15 83
15 93
15 107
15 131
15 134
15 141
15 163
15 205
15 217
15 231
15 251
15 274
15 283
15 323
15 341
15 349
15 356
15 358
15 362
15 375
15 382
15 390
15 397
15 401
15 418
15 460
15 477
15 485
15 499
15 512
15 513
15 546
15 552
15 554
15 560
15 566
15 585
15 629
15 653
15 679
15 686
15 696
15 711
15 728
15 742
15 749
15 754
15 771
15 785
15 796
15 799
15 807
15 808
15 828
15 840
15 851
15 872
15 881
15 890
15 913
15 916
15 927
15 946
15 955
15 962
15 972
15 976
15 28
15 168
16 24
16 25
16 81
16 96
16 102
16 155
16 410
16 573
17 41
17 212
17 225
17 556
17 605
17 896
17 910
17 28
17 39
17 173
18 20
18 37
18 54
18 62
18 76
18 80
18 103
18 112
18 229
18 250
18 267
18 361
18 429
18 442
18 445
18 479
18 482
18 497
18 510
18 520
18 590
18 597
18 612
18 620
18 640
18 663
18 706
18 747
18 756
18 816
18 819
18 898
18 917
18 28
18 31
18 47
18 143
19 43
19 194
19 378
20 388
20 549
20 769
21 33
21 317
21 390
21 475
21 718
21 906
21 36
21 69
21 94
22 26
22 94
22 138
22 555
22 656
22 28
23 31
23 830
23 39
23 44
23 56
23 93
23 144
24 26
24 29
24 56
24 65
24 96
24 128
24 147
24 161
24 227
24 233
24 395
24 514
24 700
24 798
24 812
24 31
24 36
24 43
25 36
25 60
25 89
25 252
25 334
25 489
25 681
25 800
25 885
25 26
26 56
26 66
26 86
26 241
26 458
26 722
27 133
27 126
27 132
28 69
28 71
28 83
28 522
28 641
28 791
28 935
28 29
28 33
28 38
28 40
28 44
28 54
28 57
28 59
28 62
28 77
28 90
28 96
28 107
28 113
28 128
28 143
28 150
29 39
29 86
29 228
29 416
29 468
29 557
29 589
29 594
29 615
29 642
29 745
29 961
30 46
30 75
30 505
30 985
31 43
31 95
31 135
31 340
31 452
31 633
31 659
31 920
31 999
32 48
32 79
32 82
32 100
32 112
32 133
32 148
32 198
32 230
32 402
32 503
32 987
33 47
33 50
33 110
33 143
33 164
33 166
33 176
33 202
33 206
33 213
33 248
33 283
33 290
33 304
33 311
33 320
33 332
33 370
33 385
33 394
33 400
33 401
33 406
33 465
33 469
33 480
33 501
33 524
33 541
33 600
33 602
33 643
33 644
33 675
33 680
33 686
33 705
33 758
33 761
33 764
33 774
33 791
33 802
33 824
33 854
33 890
33 933
33 936
33 980
33 996
33 54
33 93
33 98
33 133
33 155
34 36
34 108
34 168
34 182
34 306
34 319
34 486
34 518
34 534
34 537
34 790
34 836
34 929
35 72
35 105
35 115
35 122
35 123
35 165
35 171
35 426
35 463
35 699
35 766
35 888
35 150
36 44
36 142
36 150
36 191
36 301
36 516
36 608
36 753
36 850
36 995
36 47
36 66
36 85
36 98
36 109
36 118
36 139
36 146
36 149
36 152
36 161
37 61
37 62
37 76
37 99
37 171
37 297
37 342
37 367
37 419
37 470
37 487
37 538
37 670
37 691
37 843
37 866
37 891
37 928
37 940
37 947
37 974
38 192
38 347
38 372
38 450
38 610
38 674
38 45
38 64
39 99
39 132
39 139
39 177
39 196
39 847
39 48
39 65
39 97
39 103
40 953
40 55
40 64
40 68
40 114
40 143
41 91
41 157
41 364
41 535
41 564
42 46
43 539
43 81
44 64
44 70
44 93
44 102
44 106
44 119
44 128
44 194
44 234
44 244
44 312
44 387
44 533
44 583
44 594
44 654
44 666
44 731
44 788
44 817
44 860
44 905
44 907
44 934
44 986
44 101
45 111
45 530
45 109
46 51
46 131
46 136
46 197
46 214
46 232
46 239
46 309
46 357
46 359
46 544
46 593
46 604
46 651
46 694
46 875
46 882
46 886
46 52
47 58
47 95
47 200
47 243
47 294
47 337
47 393
47 432
47 752
47 763
47 889
48 79
48 148
48 152
48 193
48 201
48 813
48 845
48 49
48 62
48 76
48 85
48 86
48 115
49 90
50 264
50 488
50 793
51 195
51 413
51 106
52 365
52 137
52 182
54 127
54 246
54 273
54 425
54 648
54 727
54 769
54 900
54 59
54 66
55 114
56 74
56 89
57 60
57 150
57 803
57 75
58 408
58 567
59 61
59 125
59 133
59 136
59 151
60 525
60 810
61 132
62 547
62 72
62 134
63 255
63 983
64 117
64 436
64 787
64 102
64 148
66 124
66 373
66 384
66 786
66 857
66 893
66 992
66 998
67 223
68 185
68 635
69 93
69 163
69 249
69 257
69 335
69 355
69 356
69 380
69 403
69 471
69 591
69 599
69 685
69 814
69 834
69 919
70 219
70 351
70 603
70 672
71 78
71 376
71 381
72 73
73 153
73 551
73 858
73 884
73 942
73 943
73 988
74 81
74 871
75 415
75 424
75 572
75 639
75 779
75 868
75 138
75 162
76 97
76 262
76 428
76 616
76 726
76 841
76 83
79 113
79 122
79 192
79 285
79 315
79 565
79 688
79 864
79 897
80 160
80 492
80 618
80 662
80 816
81 90
81 119
81 268
81 399
81 500
81 511
81 577
81 650
81 782
81 838
81 912
81 938
81 951
81 967
81 86
82 135
82 221
82 222
82 300
82 305
82 411
82 453
82 578
82 737
82 804
82 899
82 205
83 270
83 433
83 118
84 101
84 149
84 240
84 336
84 484
84 506
84 558
84 587
84 730
84 741
84 855
84 904
84 909
84 914
84 915
84 930
85 105
85 338
85 343
85 496
85 729
85 110
85 170
86 125
86 622
86 739
86 755
86 956
86 99
87 278
88 92
88 325
88 129
88 131
88 153
89 116
89 125
89 360
89 568
90 120
90 426
90 111
91 112
91 116
92 167
92 187
92 235
92 553
92 614
93 658
93 667
93 735
94 391
94 911
94 995
94 119
94 122
94 152
95 299
95 641
95 715
95 789
95 880
95 894
96 110
97 211
97 269
97 271
97 377
97 445
97 476
97 595
97 773
97 811
97 903
97 922
97 134
97 140
97 160
97 187
98 123
98 140
99 177
99 422
99 531
100 981
102 254
102 693
105 491
105 687
105 772
107 931
109 159
109 321
109 664
109 704
109 714
109 719
109 797
109 809
109 833
109 926
109 937
109 110
109 121
109 147
109 203
110 145
110 164
111 176
111 948
112 193
112 277
112 293
112 396
112 440
112 543
112 574
112 576
112 636
112 707
112 750
112 759
112 945
112 957
112 966
112 151
113 310
113 483
113 645
114 174
114 287
114 438
114 504
114 569
114 993
115 958
116 125
116 200
116 205
116 286
116 333
116 490
116 495
116 613
116 669
116 709
116 792
116 856
116 861
116 949
116 955
116 123
117 237
117 314
117 638
117 818
118 897
119 784
120 178
120 300
120 747
120 770
120 982
121 623
121 678
122 272
122 308
122 874
122 984
123 164
123 692
123 142
123 146
124 182
124 186
125 191
126 434
126 865
127 581
128 129
128 144
129 162
129 596
129 736
129 879
129 156
130 276
130 326
130 330
130 371
130 494
130 575
130 708
130 918
130 971
130 197
131 136
131 173
131 185
131 253
131 368
131 462
131 969
131 141
132 220
132 775
133 354
134 282
134 328
134 155
135 166
136 175
136 242
136 274
136 307
136 348
136 369
136 386
136 405
136 660
136 702
136 746
136 853
137 570
141 280
141 831
143 151
143 279
143 606
143 626
143 923
143 924
144 189
144 197
144 261
144 374
144 389
144 430
144 446
144 481
144 634
144 668
144 867
144 148
146 218
146 409
146 783
146 826
146 862
146 978
147 284
147 883
147 892
147 954
148 183
148 288
148 431
148 777
148 815
149 902
150 744
151 179
153 207
153 353
153 404
153 901
153 199
155 172
155 259
155 412
161 186
180 194
182 205
