0 1
0 2
0 3
0 4
0 5
0 12
0 14
0 15
0 19
0 21
0 24
0 36
0 45
0 49
0 53
0 54
0 56
0 57
0 61
0 66
0 75
0 80
0 84
0 87
0 88
0 89
0 94
0 95
0 107
0 108
0 110
0 126
0 128
0 130
0 134
0 136
0 137
0 140
0 157
0 175
0 176
0 177
0 184
0 187
0 194
0 244
0 309
0 330
0 360
0 398
0 422
0 461
0 482
0 520
0 590
0 648
0 650
0 662
0 683
0 705
0 744
0 769
0 776
0 818
0 826
0 870
0 930
0 935
0 943
0 945
0 966
0 979
0 980
0 982
0 997
1 2
1 3
1 4
1 7
1 12
1 58
1 71
1 88
1 94
1 99
1 132
1 157
1 203
1 262
1 409
1 497
1 583
1 652
1 675
1 699
1 743
1 925
2 3
2 4
2 6
2 10
2 12
2 13
2 14
2 15
2 16
2 18
2 23
2 24
2 27
2 28
2 30
2 32
2 33
2 37
2 39
2 40
2 45
2 49
2 54
2 55
2 56
2 58
2 62
2 68
2 74
2 82
2 83
2 87
2 88
2 91
2 94
2 97
2 104
2 113
2 116
2 118
2 124
2 125
2 134
2 136
2 140
2 142
2 145
2 146
2 150
2 153
2 158
2 163
2 169
2 170
2 171
2 183
2 190
2 202
2 204
2 247
2 252
2 255
2 270
2 339
2 343
2 386
2 414
2 444
2 453
2 454
2 491
2 502
2 510
2 531
2 552
2 561
2 570
2 576
2 657
2 660
2 714
2 756
2 789
2 797
2 803
2 810
2 832
2 866
2 939
2 967
2 995
2 999
3 4
3 5
3 6
3 7
3 9
3 12
3 17
3 22
3 28
3 32
3 33
3 34
3 36
3 44
3 50
3 51
3 53
3 59
3 61
3 62
3 75
3 80
3 83
3 93
3 95
3 109
3 114
3 124
3 128
3 131
3 139
3 147
3 149
3 151
3 155
3 157
3 162
3 167
3 173
3 181
3 191
3 192
3 198
3 209
3 261
3 316
3 327
3 335
3 369
3 381
3 410
3 458
3 492
3 511
3 519
3 523
3 553
3 587
3 598
3 600
3 613
3 624
3 664
3 673
3 704
3 752
3 778
3 792
3 835
3 838
3 847
3 850
3 861
3 871
3 874
3 895
3 898
3 904
3 913
3 973
3 987
4 8
4 25
4 47
4 79
4 100
4 111
4 115
4 124
4 136
4 137
4 150
4 154
4 175
4 238
4 326
4 457
5 6
5 14
5 24
5 38
5 107
5 344
5 399
5 532
5 734
5 969
5 92
5 7
5 8
5 9
5 10
5 13
5 20
5 115
6 11
6 14
6 22
6 187
6 413
6 485
6 608
6 785
6 814
6 912
6 974
6 92
6 7
6 12
6 29
6 150
7 8
7 9
7 18
7 19
7 60
7 78
7 240
7 412
7 640
7 839
8 9
8 20
8 51
8 62
8 69
8 129
8 175
8 208
8 315
8 341
8 397
8 436
8 505
8 645
8 658
8 783
8 842
8 883
8 927
8 28
9 10
9 11
9 13
9 17
9 19
9 40
9 44
9 54
9 55
9 59
9 72
9 74
9 87
9 90
9 93
9 106
9 119
9 121
9 129
9 151
9 155
9 180
9 185
9 212
9 234
9 258
9 277
9 349
9 438
9 439
9 476
9 493
9 534
9 557
9 560
9 563
9 567
9 604
9 618
9 643
9 650
9 685
9 710
9 737
9 753
9 762
9 791
9 795
9 804
9 813
9 833
9 834
9 868
9 878
9 882
9 953
9 990
9 993
9 12
9 14
9 24
10 159
10 287
10 431
10 972
10 92
10 11
10 12
10 15
10 23
10 34
10 35
10 36
10 39
10 40
10 42
10 43
10 44
10 49
10 56
10 65
10 72
10 74
10 76
10 81
10 85
10 91
10 99
10 109
10 139
11 17
11 22
11 27
11 31
11 32
11 33
11 36
11 39
11 48
11 59
11 65
11 67
11 71
11 90
11 96
11 110
11 117
11 127
11 148
11 164
11 179
11 201
11 210
11 231
11 232
11 239
11 243
11 253
11 279
11 286
11 297
11 299
11 301
11 303
11 307
11 321
11 328
11 348
11 351
11 355
11 359
11 361
11 364
11 365
11 371
11 427
11 455
11 490
11 510
11 515
11 542
11 543
11 545
11 551
11 584
11 591
11 614
11 615
11 619
11 647
11 656
11 661
11 689
11 712
11 726
11 730
11 736
11 754
11 766
11 771
11 772
11 793
11 802
11 834
11 846
11 872
11 877
11 881
11 900
11 949
11 970
11 988
11 992
11 998
11 92
11 16
11 18
11 20
11 24
11 40
11 45
11 50
11 81
11 95
11 104
11 111
12 29
12 31
12 52
12 84
12 91
12 122
12 127
12 357
12 388
12 889
12 23
12 27
12 57
12 66
12 96
12 143
13 17
13 46
13 76
13 223
13 487
13 538
13 555
14 23
14 27
14 33
14 35
14 38
14 57
14 58
14 96
14 114
14 161
14 187
14 392
14 508
14 827
14 844
14 863
14 879
14 964
14 129
15 18
15 21
15 28
15 37
15 57
15 98
15 100
15 186
15 200
15 265
15 312
15 401
15 432
15 544
15 732
15 799
15 823
16 180
16 941
16 92
16 24
16 46
16 48
16 49
16 51
16 78
16 104
16 106
16 113
16 147
17 55
17 59
17 65
17 72
17 90
17 193
17 201
17 219
17 224
17 235
17 283
17 353
17 581
17 638
17 651
17 691
17 697
17 711
17 727
17 729
17 829
17 957
18 19
18 93
18 97
18 106
18 115
18 128
18 147
18 285
18 317
18 346
18 433
18 541
18 646
18 668
18 672
18 713
18 718
18 839
18 893
18 914
18 919
18 961
18 62
18 144
18 169
18 199
19 20
19 29
19 41
19 44
19 47
19 51
19 53
19 68
19 83
19 106
19 134
19 153
19 154
19 213
19 225
19 245
19 268
19 291
19 296
19 345
19 375
19 397
19 466
19 513
19 517
19 524
19 556
19 573
19 575
19 583
19 596
19 617
19 626
19 649
19 659
19 663
19 671
19 678
19 679
19 704
19 773
19 782
19 815
19 836
19 840
19 859
19 885
19 888
19 901
19 911
19 937
20 26
20 30
20 105
20 170
20 260
20 469
20 550
20 572
20 589
20 626
20 674
20 808
20 875
20 886
20 891
20 952
20 991
20 21
20 23
20 28
20 67
20 88
20 91
20 93
20 99
20 114
20 120
20 134
21 880
21 35
21 102
21 110
22 23
22 34
22 37
22 38
22 58
22 82
22 107
22 109
22 118
22 128
22 172
22 177
22 192
22 204
22 221
22 295
22 319
22 336
22 340
22 368
22 372
22 403
22 423
22 434
22 449
22 459
22 472
22 473
22 475
22 504
22 512
22 606
22 701
22 707
22 715
22 750
22 768
22 784
22 788
22 816
22 848
22 860
22 864
22 880
22 909
22 942
22 944
23 73
23 122
23 202
23 274
23 579
23 702
23 723
23 728
23 32
23 39
23 41
23 42
23 44
23 55
23 72
23 85
23 107
23 108
23 112
23 132
23 141
24 35
24 298
24 354
24 506
24 779
24 49
24 91
25 377
26 936
27 77
27 112
27 144
27 378
27 845
27 66
28 34
28 97
28 123
28 173
28 190
28 192
28 334
28 616
28 635
28 929
28 981
28 983
28 53
28 113
29 30
29 41
29 43
29 64
29 75
29 92
29 133
29 302
29 380
29 384
29 408
29 517
29 549
29 634
29 716
29 767
30 31
30 42
30 122
30 176
30 194
30 269
30 539
30 605
30 639
30 686
30 757
31 41
31 43
31 48
31 52
31 164
31 183
31 216
31 282
31 311
31 318
31 350
31 382
31 445
31 535
31 621
31 720
31 822
31 828
31 830
31 869
31 877
31 897
31 917
32 465
32 191
33 70
33 82
33 132
33 144
33 161
33 165
33 178
33 188
33 194
33 211
33 251
33 254
33 313
33 420
33 447
33 521
33 537
33 554
33 564
33 607
33 642
33 677
33 755
33 756
33 825
33 864
33 890
33 951
34 66
34 177
34 195
34 611
34 676
34 963
34 994
35 62
35 149
36 87
36 263
36 362
36 70
36 121
36 124
37 66
37 79
37 158
37 271
37 667
37 92
37 182
38 96
38 342
38 500
38 597
38 796
38 164
39 103
39 148
39 464
39 613
39 748
39 812
39 94
40 55
40 201
40 257
40 421
40 669
40 54
40 92
41 42
41 149
41 416
41 522
41 548
41 601
41 787
41 946
42 142
42 168
42 184
42 315
42 387
42 411
42 419
42 441
42 471
42 483
42 565
42 569
42 593
42 742
42 905
42 910
42 921
42 989
42 47
42 51
42 52
42 57
42 79
42 81
42 87
42 93
42 112
42 146
42 166
43 86
43 404
43 92
43 147
44 182
44 275
44 373
44 503
44 562
44 566
44 612
44 696
44 703
44 759
44 760
44 965
44 971
44 104
45 92
45 98
46 89
46 236
46 237
46 58
46 63
46 65
46 100
46 125
46 134
46 150
47 105
47 197
47 215
47 222
47 376
47 954
47 88
49 314
49 924
49 52
49 105
49 148
50 227
51 63
51 293
51 310
51 682
51 896
51 916
51 920
51 85
52 329
52 61
52 74
52 103
52 127
53 120
53 134
53 183
53 592
54 121
54 129
54 180
54 193
54 321
54 426
54 430
54 440
54 446
54 547
54 628
54 777
54 960
54 56
55 56
55 76
55 417
56 139
56 407
56 118
57 65
57 94
57 152
57 160
57 363
57 393
57 437
57 514
57 665
57 681
57 902
57 985
58 107
58 119
58 131
58 138
58 195
58 324
58 467
58 518
58 533
58 536
58 586
58 629
58 630
58 719
58 721
58 95
59 65
59 67
59 276
59 477
59 527
59 540
59 837
59 862
61 154
61 460
61 636
61 725
61 65
62 81
62 92
62 101
62 163
62 188
62 450
62 559
62 674
62 706
62 765
62 798
62 857
62 884
62 907
62 922
62 931
62 950
62 975
62 984
62 168
62 198
63 923
64 138
65 69
65 73
65 98
65 118
65 196
65 264
65 267
65 281
65 435
65 499
65 526
65 571
65 675
65 692
65 695
65 698
65 722
65 740
65 741
65 749
65 752
65 786
65 854
65 887
65 938
65 977
65 78
65 112
66 171
66 179
66 193
66 199
66 400
66 425
66 428
66 474
66 507
66 590
66 694
66 747
66 807
66 819
66 843
66 849
66 856
66 867
66 955
66 958
67 137
68 241
69 147
69 195
69 480
69 495
69 546
69 653
69 731
69 790
69 956
69 986
70 860
70 133
71 105
71 132
71 331
71 374
72 602
73 103
73 125
73 284
73 379
73 405
73 431
73 448
73 582
73 620
73 641
73 865
73 892
73 918
73 959
74 78
74 84
75 120
75 198
75 217
75 249
76 98
76 320
76 462
76 83
78 230
78 95
79 160
79 322
79 383
79 516
79 528
79 800
79 177
81 90
81 97
81 126
82 300
82 308
82 332
82 746
83 85
83 143
83 186
83 195
83 207
83 228
83 229
83 248
83 333
83 338
83 341
83 385
83 389
83 394
83 395
83 463
83 470
83 479
83 498
83 622
83 644
83 690
83 693
83 698
83 820
83 873
83 962
84 130
84 138
84 139
84 151
84 156
84 157
84 189
84 292
84 306
84 352
84 402
84 415
84 509
84 578
84 585
84 610
84 623
84 684
84 708
84 724
84 755
84 774
84 821
84 831
84 886
84 906
84 940
84 948
84 996
84 140
85 290
85 325
85 406
85 926
85 94
85 109
85 117
85 128
85 130
85 131
85 133
85 134
85 137
86 176
86 558
87 226
87 256
87 356
87 580
87 841
87 968
87 193
88 102
88 250
88 366
88 421
88 424
88 588
90 733
91 192
91 242
91 294
91 305
91 486
91 894
91 146
91 183
91 203
92 680
92 122
92 123
92 143
92 148
92 151
92 152
93 323
93 451
93 603
93 625
93 763
93 806
93 899
94 113
94 204
94 347
94 494
94 673
95 98
95 228
95 536
95 633
95 794
95 100
95 109
96 167
96 174
97 205
97 442
97 186
98 177
98 221
98 739
98 761
98 816
99 195
100 370
101 181
101 484
101 770
102 530
102 666
103 172
104 637
105 745
105 858
105 947
105 145
105 176
106 141
106 304
106 688
106 125
107 396
107 865
108 162
110 131
110 272
110 201
111 135
112 717
113 158
113 337
113 670
113 817
113 851
115 501
116 191
116 194
116 203
116 780
116 811
118 199
119 456
119 525
119 574
119 687
119 709
120 468
120 655
122 138
122 162
122 418
122 595
122 599
122 632
122 781
122 801
122 824
122 852
122 908
123 627
123 190
124 151
125 288
125 135
125 144
126 481
126 488
126 142
127 738
127 189
128 200
129 143
129 214
129 246
129 764
130 133
131 200
131 206
131 443
131 577
131 853
131 928
131 933
131 152
132 145
132 168
132 289
132 390
132 489
133 135
134 496
134 631
134 751
135 478
135 654
137 155
137 273
137 280
137 335
137 915
138 165
138 166
138 178
138 188
138 398
138 429
138 609
138 735
138 809
138 903
138 978
138 202
139 142
141 568
142 529
143 146
143 156
143 805
144 148
144 220
144 266
144 594
146 358
146 367
146 391
146 932
147 700
147 934
148 174
148 191
148 758
149 218
149 233
149 578
149 976
150 259
151 185
151 452
151 855
153 278
153 446
153 775
153 876
163 185
164 167
