0 1
0 2
0 3
0 4
0 5
0 10
0 29
0 31
0 38
0 65
0 68
0 72
0 73
0 78
0 89
0 90
0 91
0 102
0 103
0 105
0 106
0 113
0 114
0 124
0 127
0 144
0 147
0 150
0 157
0 160
0 173
0 174
0 181
0 189
0 218
0 233
0 256
0 293
0 352
0 388
0 575
0 608
0 616
0 740
0 754
0 764
0 887
0 894
0 896
0 986
1 2
1 3
1 4
1 5
1 6
1 8
1 11
1 12
1 14
1 15
1 61
1 69
1 78
1 84
1 87
1 88
1 94
1 102
1 104
1 106
1 108
1 116
1 123
1 130
1 138
1 148
1 151
1 183
1 197
1 211
1 397
1 460
1 466
1 495
1 501
1 559
1 658
1 667
1 702
1 794
1 899
1 983
1 999
2 3
2 4
2 5
2 33
2 58
2 80
2 86
2 137
2 188
2 462
2 527
2 682
3 4
3 5
3 6
3 7
3 9
3 11
3 13
3 14
3 15
3 20
3 21
3 22
3 25
3 26
3 48
3 62
3 63
3 66
3 72
3 77
3 80
3 88
3 91
3 93
3 95
3 97
3 100
3 102
3 116
3 128
3 131
3 137
3 148
3 149
3 152
3 157
3 163
3 164
3 167
3 178
3 186
3 188
3 189
3 196
3 217
3 287
3 363
3 378
3 398
3 409
3 415
3 551
3 564
3 631
3 636
3 664
3 673
3 675
3 681
3 706
3 761
3 834
3 837
3 849
3 903
3 930
3 949
4 5
4 10
4 16
4 17
4 21
4 34
4 52
4 61
4 74
4 79
4 83
4 87
4 91
4 104
4 115
4 122
4 144
4 148
4 159
4 175
4 195
4 201
4 204
4 216
4 247
4 284
4 470
4 581
4 671
4 723
4 801
4 996
5 9
5 17
5 22
5 23
5 27
5 28
5 31
5 33
5 37
5 39
5 41
5 43
5 45
5 49
5 54
5 56
5 58
5 59
5 67
5 70
5 71
5 72
5 78
5 94
5 97
5 105
5 106
5 107
5 108
5 111
5 112
5 113
5 114
5 116
5 117
5 118
5 119
5 120
5 123
5 125
5 134
5 135
5 144
5 145
5 153
5 160
5 162
5 167
5 170
5 173
5 174
5 176
5 178
5 183
5 185
5 196
5 198
5 268
5 269
5 316
5 317
5 328
5 343
5 346
5 364
5 375
5 392
5 402
5 418
5 458
5 467
5 481
5 508
5 519
5 656
5 663
5 684
5 704
5 705
5 711
5 728
5 747
5 751
5 763
5 770
5 772
5 782
5 795
5 814
5 844
5 906
5 935
5 958
5 988
5 994
6 10
6 12
6 23
6 26
6 37
6 63
6 66
6 83
6 85
6 93
6 117
6 125
6 129
6 214
6 295
6 296
6 366
6 379
6 395
6 428
6 436
6 541
6 602
6 657
6 670
6 746
6 854
6 921
6 954
6 990
6 29
6 9
6 11
6 14
6 52
6 131
7 11
7 12
7 40
7 410
8 13
8 19
8 25
8 27
8 32
8 42
8 50
8 67
8 73
8 109
8 121
8 201
8 241
8 353
8 363
8 382
8 430
8 569
8 582
8 607
8 660
8 696
8 710
8 771
8 876
8 996
8 29
8 9
8 14
8 16
8 34
8 134
8 152
9 14
9 16
9 24
9 435
9 545
9 629
9 947
9 23
9 12
9 13
9 18
9 20
9 28
9 47
9 51
9 55
9 56
9 58
9 89
9 120
10 54
10 23
10 16
10 17
10 19
10 44
10 61
10 78
10 121
10 132
11 12
11 35
11 140
11 540
11 860
11 923
11 969
11 23
11 40
11 57
12 18
12 22
12 31
12 32
12 34
12 43
12 46
12 53
12 60
12 80
12 81
12 82
12 84
12 94
12 95
12 96
12 102
12 118
12 119
12 127
12 135
12 144
12 156
12 167
12 191
12 193
12 194
12 239
12 342
12 365
12 373
12 374
12 385
12 399
12 469
12 478
12 487
12 547
12 577
12 604
12 634
12 643
12 646
12 665
12 697
12 698
12 701
12 724
12 736
12 737
12 825
12 843
12 845
12 892
12 932
12 941
12 944
13 19
13 69
13 86
13 121
13 145
13 184
13 240
13 298
13 312
13 504
13 514
13 549
13 735
13 745
13 757
13 832
13 838
13 882
13 23
13 21
13 54
13 55
13 68
13 87
13 118
13 123
14 16
14 38
14 150
14 15
14 35
14 41
14 48
14 49
14 54
14 56
14 107
14 111
15 20
15 21
15 23
15 28
15 30
15 39
15 45
15 48
15 64
15 81
15 129
15 131
15 166
15 175
15 198
15 200
15 208
15 210
15 230
15 246
15 253
15 273
15 274
15 280
15 311
15 383
15 403
15 439
15 456
15 463
15 480
15 489
15 513
15 571
15 596
15 612
15 622
15 628
15 632
15 640
15 655
15 659
15 683
15 687
15 784
15 817
15 856
15 920
15 940
15 963
15 980
15 995
15 997
15 22
16 29
16 170
16 203
16 275
16 597
16 783
16 891
16 17
16 46
16 51
16 95
16 146
17 64
17 158
17 161
17 434
17 519
17 23
17 18
17 42
17 43
17 46
17 57
17 61
17 67
17 69
17 71
17 92
17 98
17 112
17 126
17 132
18 98
18 132
18 448
18 23
18 33
18 36
18 37
18 38
18 42
18 52
18 63
18 96
18 149
19 32
19 67
19 90
19 23
20 36
20 68
20 225
20 344
20 828
20 890
20 23
20 89
21 47
21 73
21 143
21 172
21 254
21 536
21 967
21 23
21 31
21 83
22 34
22 37
22 46
22 51
22 53
22 56
22 95
22 228
22 302
22 362
22 437
22 497
22 521
22 535
22 578
22 678
22 866
22 933
22 85
23 28
23 58
23 81
23 118
23 190
23 202
23 316
23 332
23 606
23 617
23 25
23 27
23 33
23 40
23 41
23 42
23 43
23 44
23 53
23 64
23 73
23 78
23 87
23 103
23 117
23 130
23 136
23 140
23 141
23 143
24 38
24 29
24 62
24 68
24 86
25 42
25 133
25 180
25 872
25 51
25 58
25 106
26 40
26 55
26 155
26 570
26 717
26 775
27 985
27 62
27 173
28 31
28 36
28 55
28 122
28 261
28 420
28 830
29 44
29 57
29 60
29 91
29 151
29 157
29 209
29 294
29 300
29 511
29 532
29 653
29 858
29 914
30 64
30 391
30 458
31 39
31 155
31 169
31 953
31 976
31 993
32 53
32 61
32 100
32 112
32 124
32 139
32 180
32 229
32 302
32 314
32 372
32 406
32 523
32 539
32 544
32 633
32 691
32 758
32 766
32 802
32 806
32 836
32 851
32 869
32 879
32 928
33 43
33 77
33 109
33 166
33 654
33 868
33 67
33 95
33 99
34 136
34 63
34 133
35 84
35 193
36 49
36 244
36 286
36 726
37 41
37 59
37 64
37 87
37 94
37 136
37 138
37 142
37 161
37 168
37 227
37 324
37 333
37 368
37 371
37 490
37 572
37 600
37 624
37 676
37 686
37 695
37 713
37 719
37 785
37 789
37 857
37 900
37 913
37 926
37 998
37 108
38 42
38 43
38 44
38 59
38 70
38 92
38 99
38 109
38 116
38 152
38 172
38 177
38 178
38 179
38 180
38 184
38 242
38 250
38 262
38 263
38 265
38 303
38 310
38 356
38 417
38 425
38 429
38 483
38 485
38 488
38 500
38 531
38 546
38 589
38 593
38 601
38 615
38 621
38 627
38 666
38 669
38 703
38 708
38 716
38 727
38 729
38 742
38 749
38 774
38 780
38 786
38 822
38 829
38 839
38 855
38 863
38 870
38 931
38 946
38 957
38 960
38 972
39 72
39 82
39 236
39 283
39 390
39 524
39 782
40 442
40 910
40 66
41 51
41 89
41 171
41 733
41 80
41 92
41 123
42 272
42 288
42 404
42 588
42 635
42 45
42 59
42 71
42 80
42 100
42 106
42 122
42 140
43 65
43 73
43 84
43 88
43 187
43 414
43 445
43 515
43 543
43 609
43 722
43 731
43 800
43 874
44 92
44 141
44 297
44 381
44 473
44 966
45 88
45 97
46 47
46 49
46 87
46 89
46 238
46 419
46 70
47 117
47 123
47 149
47 335
47 396
47 423
47 441
47 447
47 456
47 509
47 542
47 553
47 579
47 594
47 611
47 614
47 720
47 877
47 913
47 924
47 948
47 964
47 987
47 992
48 68
48 194
48 351
48 449
48 961
49 98
49 360
49 367
49 394
49 452
49 453
49 464
49 750
49 810
49 873
49 888
49 893
49 943
49 991
49 137
49 191
51 171
51 464
51 55
51 77
51 113
51 131
51 133
53 212
53 318
54 234
55 114
55 815
55 831
55 80
56 136
56 215
56 222
56 331
56 393
56 421
56 743
56 835
56 938
56 968
56 57
56 60
56 65
56 73
56 94
56 102
56 116
56 118
56 122
57 493
57 530
57 625
57 778
57 788
57 884
57 99
57 154
58 494
59 127
59 195
59 416
59 459
59 586
59 591
59 694
59 816
59 818
59 871
59 975
60 75
60 92
60 408
60 432
60 451
60 557
60 561
60 583
60 732
60 739
60 885
60 915
61 281
61 413
61 574
61 585
61 102
61 127
62 292
62 81
62 101
62 150
63 74
63 76
63 86
63 133
63 139
63 315
63 384
63 433
63 503
63 548
63 576
63 607
63 725
63 752
63 939
63 971
63 134
64 313
64 689
64 796
64 865
64 124
65 266
65 357
65 580
66 235
66 787
66 158
67 507
67 550
67 649
67 767
67 135
67 197
68 98
68 128
68 190
68 258
68 271
68 471
68 809
68 830
68 918
69 491
70 99
70 110
70 151
70 170
70 203
70 219
70 285
70 290
70 299
70 319
70 898
70 905
70 942
71 245
72 422
72 744
72 769
73 103
73 166
73 177
73 179
73 305
73 326
73 354
73 376
73 412
73 476
73 518
73 525
73 558
73 647
73 685
73 730
73 907
73 989
73 172
74 516
75 96
75 202
75 753
77 90
77 229
77 338
77 630
78 85
78 202
78 231
78 249
78 257
78 264
78 270
78 345
78 380
78 454
78 472
78 474
78 477
78 573
78 603
78 680
78 804
78 807
78 821
78 862
78 880
78 897
78 925
78 929
78 962
78 965
78 974
78 82
79 134
79 567
80 206
80 347
80 537
80 126
80 152
81 107
81 165
81 205
81 563
81 793
81 119
82 96
82 126
82 190
82 205
82 207
82 237
82 323
82 369
82 387
82 444
82 502
82 595
82 679
82 861
82 895
82 922
82 984
83 190
84 337
84 951
84 952
85 929
85 127
86 224
86 341
86 852
87 103
87 146
87 304
87 475
87 492
87 520
87 897
87 916
87 104
88 112
88 909
89 652
89 112
90 177
90 325
90 330
91 101
91 123
91 197
91 247
91 334
91 370
91 389
91 392
91 431
91 486
91 496
91 534
91 623
91 639
91 648
91 715
91 781
91 819
91 955
92 248
92 405
92 522
92 709
92 102
93 841
93 161
94 538
94 192
95 156
95 178
95 186
95 279
95 321
95 339
95 348
95 446
95 468
95 517
95 645
95 803
95 875
95 937
95 973
95 982
95 138
95 139
96 260
96 512
97 171
97 282
97 457
97 479
97 927
98 226
98 613
98 808
99 163
99 813
100 104
100 492
100 690
100 692
102 162
102 192
102 196
103 359
103 587
103 619
103 748
104 223
104 552
104 562
104 620
104 789
104 156
105 127
105 277
105 327
105 528
105 641
106 267
106 427
106 605
106 779
106 881
106 908
107 110
107 155
107 773
107 790
107 936
107 117
108 149
108 291
108 305
108 592
108 672
108 714
108 827
108 864
109 121
109 220
109 372
110 154
110 159
110 213
110 677
112 146
112 252
112 833
112 902
112 154
113 688
114 699
115 618
115 881
116 182
116 255
116 276
116 301
116 401
116 590
116 668
116 776
116 183
117 200
117 482
117 661
117 989
118 650
118 741
119 738
120 797
120 847
122 205
122 329
122 867
123 172
123 191
123 355
123 443
123 505
123 535
123 569
123 663
123 740
123 765
123 889
123 149
123 188
126 144
127 128
127 361
127 438
127 465
127 484
127 506
127 533
127 805
127 842
127 956
128 132
128 147
128 160
128 407
128 499
128 529
128 565
128 566
128 568
128 571
128 584
128 674
128 812
129 165
129 340
129 349
129 358
129 386
129 426
129 526
129 554
129 599
129 606
129 636
129 637
129 721
129 762
129 777
129 791
129 792
129 848
129 859
129 950
129 959
129 978
131 309
131 320
131 400
131 715
131 850
132 221
132 259
133 560
134 150
134 219
134 498
134 203
135 278
135 455
135 718
135 734
135 811
136 243
136 755
136 145
137 846
137 981
139 322
139 919
139 979
141 306
141 350
141 693
141 151
142 440
142 510
142 820
142 157
143 450
144 187
144 336
144 424
144 712
144 761
144 768
144 826
145 180
145 886
146 227
146 239
146 977
147 424
147 556
147 733
147 760
147 883
147 911
148 204
148 644
148 840
148 934
148 945
148 181
149 251
149 307
149 490
149 555
149 610
149 626
149 638
149 651
149 662
149 700
149 756
149 759
149 798
149 799
149 823
149 824
149 841
149 853
149 901
149 904
149 912
149 917
149 967
149 970
150 232
150 377
150 878
151 199
151 289
151 308
151 352
151 461
151 598
151 707
152 170
153 181
154 411
155 642
167 191
167 192
186 199
