0 1
0 2
0 3
0 4
0 5
0 6
0 7
0 12
0 13
0 14
0 16
0 17
0 31
0 32
0 36
0 43
0 46
0 47
0 49
0 52
0 54
0 71
0 90
0 97
0 101
0 103
0 107
0 117
0 122
0 125
0 136
0 142
0 170
0 182
0 191
0 194
0 197
0 264
0 272
0 273
0 325
0 328
0 370
0 378
0 404
0 425
0 450
0 466
0 504
0 550
0 577
0 609
0 622
0 635
0 649
0 653
0 654
0 658
0 666
0 667
0 671
0 734
0 753
0 793
0 830
0 846
0 870
0 934
0 935
0 940
0 955
1 2
1 3
1 4
1 5
1 6
1 40
1 47
1 48
1 61
1 75
1 84
1 107
1 117
1 130
1 132
1 157
1 171
1 180
1 190
1 198
1 270
1 291
1 308
1 409
1 522
1 706
1 731
1 824
1 882
1 974
2 3
2 4
2 5
2 14
2 18
2 29
2 41
2 44
2 54
2 70
2 77
2 90
2 95
2 103
2 112
2 113
2 115
2 118
2 123
2 133
2 134
2 138
2 140
2 147
2 148
2 152
2 156
2 160
2 165
2 170
2 173
2 175
2 178
2 181
2 188
2 202
2 203
2 224
2 277
2 286
2 310
2 342
2 427
2 455
2 468
2 677
2 724
2 796
2 818
2 831
2 832
2 843
2 924
2 988
2 995
3 4
3 5
3 7
3 16
3 27
3 32
3 40
3 41
3 43
3 55
3 56
3 63
3 65
3 118
3 137
3 150
3 161
3 167
3 192
3 201
3 203
3 235
3 274
3 293
3 430
3 939
4 5
4 14
4 22
4 26
4 35
4 53
4 58
4 63
4 68
4 78
4 84
4 92
4 96
4 107
4 114
4 115
4 118
4 121
4 125
4 131
4 132
4 134
4 139
4 156
4 157
4 158
4 159
4 160
4 165
4 173
4 175
4 176
4 177
4 178
4 179
4 183
4 189
4 192
4 195
4 197
4 201
4 223
4 237
4 266
4 288
4 338
4 346
4 414
4 424
4 472
4 482
4 537
4 591
4 619
4 627
4 631
4 642
4 673
4 701
4 725
4 825
4 853
4 861
4 862
4 883
5 12
5 14
5 17
5 18
5 23
5 29
5 31
5 33
5 34
5 50
5 58
5 61
5 62
5 63
5 70
5 77
5 91
5 95
5 108
5 110
5 113
5 117
5 124
5 143
5 144
5 147
5 149
5 154
5 156
5 158
5 166
5 170
5 176
5 180
5 181
5 184
5 187
5 189
5 192
5 195
5 205
5 225
5 229
5 248
5 257
5 280
5 331
5 348
5 372
5 375
5 416
5 443
5 477
5 497
5 544
5 559
5 564
5 606
5 645
5 656
5 657
5 715
5 912
5 959
5 981
6 8
6 9
6 73
6 900
7 10
7 21
7 25
7 29
7 157
7 326
7 611
7 842
7 127
7 8
7 9
7 12
7 13
7 17
7 22
7 23
7 26
7 27
7 28
7 33
7 42
7 46
7 48
7 54
7 67
7 103
7 116
8 9
8 17
8 49
8 194
8 772
8 780
8 91
8 23
8 10
8 15
8 18
9 13
9 16
9 28
9 33
9 49
9 99
9 130
9 147
9 205
9 216
9 298
9 418
9 426
9 447
9 459
9 487
9 489
9 583
9 655
9 672
9 770
9 782
9 798
9 801
9 810
9 826
9 868
9 899
9 904
9 956
9 964
9 977
9 23
9 12
9 17
9 44
9 57
9 60
9 64
9 65
9 72
9 125
10 11
10 25
10 37
10 969
10 23
10 30
10 40
11 15
11 36
11 37
11 38
11 49
11 200
11 238
11 250
11 402
11 451
11 582
11 590
11 594
11 797
11 162
12 19
12 31
12 38
12 59
12 65
12 72
12 76
12 93
12 94
12 121
12 167
12 334
12 528
12 684
12 700
12 704
12 721
12 736
12 815
12 872
12 878
12 972
12 23
13 30
13 52
13 75
13 80
13 146
13 199
13 336
13 422
13 478
13 490
13 597
13 608
13 702
13 757
13 764
13 866
13 919
13 928
13 967
13 20
13 23
13 24
13 26
13 51
13 107
14 18
14 44
14 50
14 62
14 102
14 176
14 187
14 201
14 347
14 448
14 531
14 727
14 957
14 961
14 204
15 21
15 244
15 963
16 28
16 48
16 58
16 281
16 352
16 423
16 632
16 670
16 869
16 23
17 19
17 22
17 35
17 40
17 45
17 71
17 137
17 178
17 236
17 307
17 314
17 318
17 332
17 353
17 398
17 403
17 454
17 465
17 474
17 585
17 587
17 703
17 896
17 984
18 67
18 184
18 36
18 43
18 90
18 129
19 20
19 24
19 27
19 72
19 83
19 100
19 116
19 127
19 129
19 133
19 158
19 167
19 221
19 251
19 298
19 303
19 312
19 387
19 406
19 419
19 440
19 445
19 453
19 454
19 462
19 501
19 521
19 539
19 540
19 596
19 599
19 604
19 623
19 679
19 696
19 704
19 709
19 722
19 726
19 728
19 746
19 747
19 754
19 784
19 847
19 864
19 886
19 889
19 915
19 927
19 948
20 26
20 100
20 113
20 190
20 196
20 208
20 226
20 254
20 258
20 263
20 542
20 610
20 776
20 791
20 823
20 975
21 37
21 57
21 60
21 282
21 356
21 392
21 427
21 458
21 573
21 638
21 737
22 28
22 66
22 92
22 145
22 154
22 261
22 271
22 335
22 364
22 373
22 421
22 527
22 541
22 545
22 561
22 563
22 616
22 692
22 758
22 771
22 781
22 795
22 835
22 844
22 871
22 898
22 937
22 960
22 979
22 997
22 23
22 25
22 31
22 48
22 61
23 42
23 162
23 220
23 829
23 24
23 25
23 28
23 29
23 37
23 40
23 44
23 50
23 51
23 55
23 56
23 57
23 58
23 64
23 79
23 81
23 86
23 88
23 94
23 101
23 104
23 107
23 114
23 123
23 127
23 128
23 129
23 134
23 141
23 143
23 144
23 146
23 151
23 153
24 29
24 41
24 47
24 56
24 58
24 78
24 85
24 89
24 101
25 32
25 79
25 81
25 98
25 120
25 191
25 197
25 243
25 301
25 319
25 434
25 774
25 865
25 986
25 37
25 43
25 52
25 71
25 75
25 93
26 50
26 51
26 67
26 85
26 386
26 481
26 548
26 669
26 58
26 65
26 74
26 126
26 147
26 148
27 302
27 60
27 139
28 33
28 55
28 74
28 86
28 136
28 151
28 234
28 415
28 460
28 636
28 705
28 761
28 827
28 845
28 37
28 94
29 47
29 57
29 75
29 304
29 306
29 393
29 475
29 549
29 560
29 708
29 777
29 803
29 814
29 69
29 82
29 136
29 181
30 34
30 38
30 108
31 34
31 76
31 132
31 442
31 456
31 643
31 662
31 668
31 730
31 954
31 87
31 135
32 51
32 362
32 766
32 910
33 39
33 58
33 66
33 180
33 321
33 493
33 748
33 893
33 914
33 999
33 57
36 128
36 130
36 172
36 210
36 241
36 349
36 371
36 467
36 479
36 499
36 547
36 678
36 694
36 740
36 821
36 874
36 885
37 209
37 355
37 502
37 49
37 89
37 191
38 71
38 72
38 82
38 91
38 104
38 125
38 135
38 163
38 219
38 242
38 289
38 431
38 439
38 446
38 566
38 595
38 620
38 637
38 710
38 751
38 816
38 840
38 879
38 906
38 907
40 50
40 64
40 77
40 99
40 196
40 228
40 323
40 340
40 391
40 432
40 452
40 510
40 554
40 683
40 755
40 829
40 833
40 834
40 922
40 931
40 942
40 971
40 96
40 108
40 161
41 127
41 77
41 148
42 194
42 260
42 337
42 503
42 920
42 931
42 989
42 65
42 126
42 127
43 59
43 78
43 123
43 394
43 543
43 775
44 67
44 88
44 92
44 143
44 389
44 429
44 648
44 805
44 938
44 97
46 463
46 579
47 79
47 168
47 262
47 145
48 108
48 369
48 588
48 980
48 109
49 68
49 89
49 109
49 137
49 166
49 233
49 280
49 76
49 97
49 128
50 51
50 85
50 218
50 232
50 848
50 994
51 62
51 69
51 88
51 122
51 128
51 131
51 153
51 159
51 315
51 320
51 407
51 469
51 480
51 502
51 509
51 520
51 532
51 546
51 552
51 584
51 602
51 626
51 674
51 743
51 744
51 768
51 828
51 876
51 903
51 133
51 140
51 198
52 104
52 324
52 471
52 483
52 799
52 166
54 74
54 309
54 423
54 908
55 92
55 316
55 413
55 612
55 102
56 322
56 926
56 61
56 125
57 507
57 682
57 901
57 909
57 991
57 85
57 93
57 116
57 138
57 144
58 74
58 110
58 287
58 341
58 376
58 519
58 553
58 570
58 813
58 837
58 852
58 943
58 61
58 69
58 81
58 88
59 96
59 97
59 135
59 463
59 695
59 735
59 203
60 122
61 82
61 130
61 153
61 395
61 70
61 73
61 79
61 134
62 240
62 305
62 529
63 106
63 141
63 148
63 151
63 239
63 519
63 860
63 202
64 530
64 733
64 115
65 82
65 80
65 163
66 202
66 617
66 856
67 77
67 82
67 153
67 155
67 177
67 285
67 344
67 923
68 73
68 161
68 231
68 351
68 729
68 976
69 565
69 90
69 121
70 204
70 586
71 86
71 87
71 111
71 138
71 140
71 154
71 213
71 297
71 299
71 369
71 412
71 485
71 514
71 551
71 596
71 618
71 698
71 720
71 765
71 790
71 800
71 838
71 890
71 949
71 988
72 115
72 119
72 145
72 214
72 486
72 517
73 178
73 185
73 786
74 103
74 141
74 152
74 457
74 488
74 535
74 575
74 615
74 624
74 933
74 120
74 130
74 137
74 151
75 81
75 98
75 82
76 144
76 98
77 476
77 91
78 93
78 105
78 123
78 350
78 410
78 641
78 699
78 102
78 150
79 593
79 133
80 127
81 109
81 253
81 360
81 630
81 691
81 693
81 881
81 895
82 86
82 88
82 101
82 102
82 143
82 155
82 179
82 186
82 267
82 275
82 300
82 313
82 329
82 357
82 383
82 385
82 400
82 417
82 428
82 438
82 464
82 473
82 492
82 513
82 515
82 516
82 523
82 568
82 571
82 581
82 607
82 614
82 634
82 664
82 697
82 728
82 767
82 794
82 806
82 817
82 850
82 851
82 905
82 952
82 970
82 87
83 94
83 116
83 279
83 365
84 114
84 222
84 339
84 987
84 187
85 175
85 122
85 136
86 102
86 106
86 111
86 136
86 140
86 142
86 145
86 164
86 169
86 189
86 247
86 268
86 361
86 368
86 433
86 449
86 508
86 534
86 538
86 556
86 589
86 647
86 687
86 714
86 718
86 719
86 762
86 827
86 858
86 867
86 877
86 947
86 952
86 968
86 970
86 978
86 983
86 985
86 990
87 212
87 124
88 245
89 107
89 511
89 512
90 152
90 202
90 207
90 294
90 742
90 855
90 946
90 125
90 141
91 97
91 100
91 126
91 752
91 875
91 897
91 941
92 156
92 182
92 283
92 327
92 358
92 405
92 411
92 494
92 567
92 650
92 686
92 689
92 707
92 713
92 714
92 723
92 750
92 756
92 841
92 859
92 873
92 880
92 913
93 118
93 137
94 144
94 408
95 169
95 256
95 363
95 388
97 745
98 146
98 290
98 603
98 992
99 569
99 578
99 592
99 716
99 854
99 945
99 965
100 576
101 105
101 152
102 255
102 665
102 918
102 998
103 296
103 380
104 330
104 741
104 105
104 113
104 131
104 138
108 111
108 115
108 117
109 133
109 211
109 230
109 317
109 379
109 436
109 470
109 496
109 562
109 574
109 600
109 821
109 930
109 936
111 269
111 188
112 343
112 390
112 435
112 644
112 711
112 779
112 822
112 911
114 518
114 660
114 169
114 193
115 145
115 836
116 126
116 217
116 252
116 491
116 787
117 376
117 718
118 633
118 712
118 783
119 150
119 863
121 732
122 292
122 763
122 892
122 921
122 131
123 129
123 144
123 158
123 174
123 259
123 274
123 500
123 524
123 526
123 572
123 973
123 124
123 186
124 367
124 773
125 215
126 958
127 185
128 200
128 738
128 739
128 820
129 227
129 200
130 333
130 359
130 384
130 484
130 681
130 688
130 788
130 802
130 849
130 868
130 887
130 993
132 265
132 284
132 366
132 639
132 653
132 680
132 685
132 789
132 791
132 891
132 916
132 951
132 982
132 199
134 525
134 717
136 188
136 461
136 962
137 166
137 249
137 311
137 441
137 448
137 661
137 769
137 917
137 929
138 651
139 580
139 658
139 902
139 172
140 506
140 778
140 924
141 925
143 153
143 198
143 345
143 396
143 496
143 498
143 505
143 605
143 621
143 640
143 659
143 663
143 676
143 749
143 804
143 807
143 884
143 888
144 400
144 996
144 174
145 206
145 246
145 276
145 295
145 377
145 444
145 495
145 555
145 558
145 613
145 652
145 675
145 690
145 809
145 811
145 839
145 857
145 894
145 932
145 950
146 199
146 278
146 399
146 536
146 785
146 819
147 185
147 374
147 966
148 401
148 760
148 812
149 152
149 382
149 557
149 628
149 629
149 646
149 759
149 792
149 808
149 862
149 944
151 962
152 188
152 193
152 381
152 598
152 625
152 173
153 533
153 165
154 171
154 354
154 397
154 437
154 601
154 953
155 420
161 185
173 193
