0 1
0 2
0 3
0 5
0 6
0 8
0 9
0 12
0 13
0 18
0 24
0 25
0 29
0 33
0 41
0 42
0 44
0 45
0 59
0 74
0 76
0 79
0 81
0 82
0 83
0 84
0 85
0 101
0 122
0 130
0 131
0 132
0 137
0 139
0 142
0 150
0 154
0 155
0 165
0 170
0 176
0 177
0 178
0 180
0 184
0 191
0 193
0 194
0 197
0 198
0 202
0 207
0 271
0 285
0 373
0 390
0 400
0 430
0 472
0 535
0 553
0 658
0 668
0 669
0 694
0 747
0 785
0 789
0 867
0 917
0 925
0 973
0 991
1 2
1 3
1 4
1 5
1 9
1 10
1 12
1 17
1 21
1 24
1 29
1 30
1 35
1 37
1 38
1 41
1 43
1 46
1 58
1 59
1 63
1 65
1 68
1 69
1 73
1 78
1 81
1 82
1 87
1 90
1 97
1 98
1 100
1 106
1 108
1 114
1 117
1 120
1 121
1 123
1 129
1 130
1 131
1 133
1 141
1 143
1 150
1 151
1 152
1 157
1 168
1 175
1 177
1 178
1 179
1 180
1 181
1 183
1 185
1 187
1 188
1 189
1 192
1 218
1 226
1 229
1 235
1 240
1 242
1 244
1 292
1 302
1 346
1 365
1 372
1 380
1 388
1 409
1 415
1 448
1 458
1 462
1 486
1 548
1 555
1 578
1 595
1 632
1 636
1 644
1 661
1 664
1 688
1 705
1 719
1 721
1 741
1 765
1 781
1 783
1 821
1 881
1 898
1 920
1 944
1 970
2 3
2 4
2 5
2 7
2 8
2 9
2 17
2 20
2 22
2 23
2 34
2 38
2 42
2 44
2 48
2 54
2 64
2 66
2 69
2 77
2 80
2 91
2 92
2 100
2 106
2 115
2 117
2 120
2 121
2 125
2 127
2 129
2 134
2 140
2 142
2 151
2 155
2 168
2 173
2 177
2 180
2 190
2 192
2 193
2 196
2 198
2 202
2 272
2 341
2 349
2 354
2 367
2 377
2 382
2 425
2 445
2 479
2 515
2 534
2 569
2 602
2 603
2 611
2 631
2 679
2 689
2 700
2 859
2 866
2 943
2 966
3 23
3 60
3 67
3 69
3 71
3 76
3 82
3 90
3 104
3 110
3 120
3 163
3 169
3 301
3 326
3 378
3 399
3 423
3 446
3 665
3 670
3 862
3 940
4 18
4 28
4 51
4 53
4 57
4 62
4 89
4 117
4 194
4 237
4 278
4 311
4 345
4 351
4 432
4 440
4 447
4 612
4 697
4 786
4 838
4 899
4 78
4 5
4 6
4 9
4 19
4 25
4 42
4 80
4 87
4 101
4 141
4 143
5 13
5 19
5 24
5 27
5 34
5 52
5 58
5 72
5 92
5 97
5 98
5 143
5 146
5 153
5 164
5 165
5 166
5 171
5 176
5 182
5 185
5 230
5 243
5 247
5 307
5 323
5 333
5 353
5 358
5 359
5 405
5 408
5 424
5 427
5 451
5 460
5 500
5 506
5 509
5 527
5 550
5 587
5 606
5 634
5 650
5 695
5 696
5 712
5 713
5 717
5 722
5 745
5 769
5 837
5 846
5 853
5 869
5 870
5 875
5 892
5 896
5 913
5 949
5 950
5 956
5 957
5 958
5 959
5 962
5 989
5 7
5 16
5 41
5 44
5 100
5 106
5 130
6 15
6 102
6 283
6 295
6 402
6 497
6 776
6 879
6 952
6 997
6 78
6 11
6 24
6 76
6 90
6 100
6 119
6 128
7 13
7 14
7 18
7 20
7 27
7 36
7 86
7 87
7 119
7 169
7 195
7 286
7 335
7 394
7 401
7 410
7 165
8 11
8 15
8 32
8 639
8 78
8 20
8 49
9 12
9 26
9 37
9 49
9 70
9 73
9 81
9 118
9 184
9 480
9 596
9 929
9 974
10 16
10 94
10 111
10 145
10 147
10 257
10 288
10 317
10 362
10 561
10 716
10 832
10 961
11 16
11 17
11 19
11 30
11 46
11 52
11 139
11 170
11 171
11 176
11 203
11 267
11 276
11 297
11 299
11 324
11 332
11 340
11 344
11 442
11 450
11 452
11 544
11 629
11 675
11 678
11 680
11 739
11 750
11 754
11 771
11 779
11 834
11 840
11 841
11 872
11 900
11 903
11 919
11 931
11 938
11 941
11 22
11 105
12 39
12 55
12 116
12 313
12 557
12 852
12 880
12 78
12 29
12 33
12 35
12 43
12 47
12 48
12 115
13 14
13 18
13 20
13 23
13 47
13 112
13 210
13 428
13 525
13 607
13 653
13 710
13 965
14 22
14 38
14 40
14 48
14 64
14 75
14 83
14 84
14 96
14 99
14 122
14 137
14 186
14 208
14 249
14 255
14 281
14 352
14 376
14 444
14 461
14 552
14 583
14 591
14 610
14 627
14 633
14 646
14 671
14 684
14 704
14 711
14 743
14 780
14 797
14 800
14 825
14 847
14 855
14 861
14 904
14 951
14 959
14 979
15 199
15 375
15 733
15 985
15 999
16 32
16 46
16 85
16 187
16 245
16 20
16 27
17 19
17 31
17 45
17 92
17 140
17 473
17 641
17 718
17 957
17 978
18 20
18 22
18 29
18 33
18 35
18 48
18 50
18 55
18 84
18 91
18 96
18 179
18 280
18 298
18 306
18 315
18 357
18 414
18 463
18 484
18 673
18 687
18 772
18 814
18 818
18 823
18 871
18 923
18 927
18 954
19 598
19 725
19 78
19 22
19 27
19 53
19 83
19 121
19 135
20 228
20 443
20 457
20 574
20 648
20 685
20 751
20 30
20 31
20 77
20 79
20 86
20 93
20 102
21 26
21 80
21 385
21 419
21 622
21 624
21 895
21 78
21 25
21 31
21 35
21 44
21 51
21 52
21 76
21 81
21 82
21 90
21 97
21 104
22 27
22 43
22 50
22 56
22 58
22 105
22 127
22 128
22 152
22 158
22 161
22 212
22 263
22 321
22 389
22 406
22 411
22 477
22 482
22 496
22 524
22 575
22 600
22 601
22 616
22 640
22 660
22 792
22 813
22 857
22 865
22 934
22 983
22 986
22 24
22 26
22 34
22 83
22 103
22 134
22 175
23 27
23 275
23 430
23 492
23 559
23 798
24 54
24 209
24 251
24 312
24 329
24 464
24 475
24 663
24 731
24 767
24 38
24 58
24 75
24 112
24 139
25 50
25 581
25 65
25 80
25 127
26 37
26 66
26 80
26 191
26 256
26 262
26 274
26 594
26 702
27 31
27 49
27 56
27 67
27 70
27 104
27 110
27 162
27 174
27 233
27 253
27 265
27 268
27 269
27 327
27 330
27 338
27 342
27 356
27 366
27 370
27 384
27 403
27 407
27 489
27 516
27 565
27 568
27 580
27 589
27 682
27 714
27 735
27 737
27 749
27 774
27 778
27 817
27 831
27 845
27 880
27 887
27 897
27 909
27 936
27 982
27 29
27 43
27 54
27 64
27 82
27 114
27 123
29 93
29 120
29 133
29 318
29 540
29 39
29 48
29 60
29 65
31 68
31 77
31 108
31 149
31 300
31 387
31 512
31 518
31 593
31 605
31 638
31 758
31 801
31 815
31 828
31 888
31 977
31 992
31 32
31 60
31 61
31 91
31 150
32 94
32 128
32 145
32 163
32 200
32 474
32 584
32 726
32 85
33 657
33 882
34 54
34 78
34 88
34 124
34 146
34 148
34 153
34 201
34 523
34 712
34 841
34 885
34 939
35 61
35 54
35 117
35 129
35 138
36 76
36 91
36 162
36 504
37 49
37 60
37 70
37 108
37 129
37 174
37 490
37 495
37 630
37 773
37 942
37 159
38 103
38 225
38 348
38 709
38 43
38 141
39 142
40 107
40 478
40 693
40 980
41 61
41 122
41 480
41 554
41 570
41 790
41 791
41 968
41 155
42 57
42 100
42 374
42 453
42 466
42 738
42 796
42 45
43 413
44 72
44 126
44 331
44 422
44 117
45 95
45 156
45 201
45 217
45 343
45 431
45 707
45 744
45 761
45 812
45 78
45 46
45 50
45 61
45 64
45 65
45 72
45 135
46 59
46 107
46 158
46 246
46 520
46 654
46 787
46 972
46 78
46 68
46 84
46 170
46 195
48 103
48 190
48 213
48 248
48 381
48 508
48 742
48 757
48 810
48 876
48 883
48 987
48 120
48 125
49 196
49 539
49 803
49 805
49 833
49 56
49 109
50 58
50 63
50 99
50 114
50 224
50 238
50 651
50 878
50 921
51 998
51 153
52 260
53 122
53 499
53 736
53 101
53 118
53 139
54 68
54 157
54 434
54 734
54 768
54 932
54 109
55 116
55 521
55 625
55 836
55 969
55 981
56 126
56 655
56 78
56 66
56 92
57 372
57 708
57 874
57 884
58 232
58 412
58 70
58 113
58 148
59 113
59 115
59 158
59 197
59 266
59 498
59 522
59 562
59 804
59 820
59 879
60 77
61 277
61 416
61 481
61 545
61 666
61 807
61 66
62 391
62 891
62 915
63 93
64 160
64 928
64 98
64 110
64 141
65 86
65 152
66 319
66 727
67 110
67 501
67 764
67 940
68 164
68 421
68 732
68 759
69 90
69 113
69 290
69 455
69 590
69 609
69 698
69 766
70 439
70 935
70 118
71 112
71 254
71 347
71 398
71 923
71 976
72 76
72 186
72 204
72 214
72 279
72 723
72 136
73 325
73 843
74 81
74 109
74 131
74 305
74 493
74 537
74 586
74 683
74 807
74 809
74 893
74 901
74 926
74 975
74 178
76 185
76 216
76 907
76 85
76 107
77 79
77 468
77 133
78 148
78 748
78 115
78 120
78 151
79 166
79 201
80 105
80 129
80 621
80 835
80 935
81 104
81 116
81 149
81 313
81 396
81 417
81 418
81 467
81 471
81 505
81 511
81 588
81 604
81 656
81 662
81 672
81 681
81 740
81 753
81 784
81 849
81 863
81 883
81 904
81 918
82 420
82 614
82 124
83 277
83 927
84 88
84 97
84 124
84 134
84 167
84 172
84 190
84 289
84 314
84 339
84 340
84 364
84 395
84 429
84 503
84 533
84 541
84 547
84 556
84 564
84 577
84 597
84 613
84 635
84 643
84 667
84 691
84 728
84 729
84 850
84 858
84 864
84 906
84 930
84 955
85 147
85 368
85 456
85 960
85 88
86 219
86 477
86 88
86 108
86 188
88 491
88 756
88 947
89 579
90 102
90 114
90 123
90 135
90 137
90 139
90 145
90 175
90 222
90 470
90 567
90 572
90 620
90 692
90 704
90 706
90 762
90 842
90 851
90 933
90 984
90 996
90 161
91 284
92 154
92 171
92 252
92 316
92 383
92 397
92 404
92 459
92 530
92 993
93 703
93 873
93 988
95 164
96 136
96 231
96 449
97 124
97 531
97 794
98 273
98 310
98 487
99 457
99 877
100 109
100 223
100 227
100 241
100 529
100 538
100 592
100 608
100 824
100 848
100 889
100 894
100 902
100 120
101 161
101 528
101 799
101 816
102 437
102 122
103 426
103 788
104 151
104 201
104 236
104 287
104 637
104 674
104 676
104 690
104 937
105 189
105 441
105 617
106 844
107 189
107 197
107 566
107 782
107 187
108 118
108 320
108 454
108 514
108 594
108 669
108 686
109 379
109 795
109 890
109 131
109 137
110 169
110 337
110 435
110 502
110 517
110 532
110 536
110 642
110 724
110 819
110 854
110 860
110 897
110 971
110 198
111 258
111 193
113 494
114 221
114 334
114 526
115 144
115 200
115 264
115 355
115 582
115 715
115 827
115 964
115 995
115 191
115 199
116 205
116 239
116 356
116 386
116 507
116 571
116 585
116 647
116 649
116 752
116 964
116 995
116 177
117 160
117 701
118 211
118 220
118 270
118 360
118 510
118 628
118 777
118 922
119 160
121 166
121 261
121 296
121 645
121 659
121 153
122 551
123 139
124 140
124 563
124 720
125 138
125 465
125 476
125 626
125 632
125 794
125 826
125 994
126 136
126 144
126 152
126 488
128 161
128 187
128 808
128 905
128 197
129 234
129 558
129 576
129 811
129 839
129 868
130 158
131 206
131 291
131 309
131 336
131 374
131 483
131 599
131 652
131 763
131 829
131 912
131 948
131 190
132 250
132 308
132 369
132 793
132 186
133 264
133 438
133 560
133 746
133 967
134 172
134 361
135 293
135 623
135 802
137 181
137 215
137 259
137 437
137 469
137 485
137 542
137 573
137 619
137 677
137 755
137 908
137 914
137 972
138 159
138 856
138 150
139 282
139 371
139 392
139 640
139 699
140 150
140 153
140 154
140 322
140 350
140 363
140 519
140 549
140 618
140 806
140 911
140 990
141 543
142 303
142 304
142 615
142 730
142 886
142 931
143 433
143 513
144 149
144 770
144 831
144 910
144 916
144 936
145 822
145 924
145 946
146 164
146 172
146 513
146 775
147 170
147 199
147 760
147 945
148 436
148 182
149 174
150 192
151 294
151 393
151 830
153 328
153 546
153 953
153 963
155 191
167 194
169 196
171 192
193 199
195 199
