0 1
0 2
0 3
0 4
0 5
0 9
0 16
0 19
0 41
0 69
0 76
0 81
0 90
0 92
0 122
0 131
0 135
0 149
0 155
0 186
0 220
0 245
0 352
0 390
0 445
0 517
0 751
0 823
0 876
0 909
0 918
1 2
1 3
1 4
1 5
1 6
1 9
1 10
1 22
1 27
1 33
1 37
1 42
1 46
1 60
1 66
1 72
1 75
1 77
1 80
1 86
1 90
1 91
1 97
1 99
1 105
1 115
1 116
1 128
1 135
1 142
1 158
1 160
1 165
1 166
1 178
1 185
1 194
1 226
1 253
1 268
1 292
1 389
1 411
1 441
1 459
1 488
1 510
1 636
1 672
1 719
1 767
1 795
1 833
1 845
1 857
1 859
1 870
1 954
1 970
2 3
2 4
2 5
2 11
2 12
2 13
2 15
2 16
2 21
2 23
2 27
2 29
2 36
2 38
2 41
2 55
2 56
2 65
2 76
2 77
2 84
2 88
2 89
2 119
2 120
2 128
2 132
2 136
2 140
2 142
2 144
2 152
2 153
2 159
2 180
2 187
2 190
2 202
2 203
2 210
2 224
2 225
2 267
2 340
2 432
2 454
2 545
2 576
2 605
2 651
2 666
2 693
2 714
2 724
2 746
2 785
2 794
2 813
2 887
2 978
3 4
3 5
3 7
3 8
3 10
3 19
3 31
3 36
3 37
3 40
3 52
3 63
3 82
3 88
3 96
3 145
3 169
3 170
3 186
3 191
3 228
3 320
3 559
3 710
3 713
3 756
3 790
3 805
3 927
4 5
4 6
4 9
4 19
4 20
4 21
4 23
4 27
4 32
4 34
4 42
4 49
4 52
4 58
4 71
4 82
4 89
4 97
4 104
4 115
4 139
4 147
4 149
4 155
4 159
4 161
4 181
4 185
4 296
4 340
4 492
4 499
4 558
4 616
4 688
4 763
4 782
4 896
4 928
5 7
5 12
5 13
5 14
5 20
5 29
5 30
5 34
5 45
5 48
5 50
5 54
5 61
5 62
5 65
5 68
5 73
5 83
5 86
5 92
5 93
5 94
5 100
5 102
5 103
5 105
5 106
5 107
5 111
5 112
5 113
5 114
5 121
5 125
5 130
5 132
5 133
5 135
5 136
5 140
5 144
5 159
5 161
5 174
5 178
5 183
5 187
5 193
5 196
5 201
5 262
5 266
5 319
5 336
5 343
5 429
5 460
5 544
5 551
5 560
5 566
5 573
5 587
5 664
5 665
5 675
5 683
5 735
5 773
5 812
5 832
5 880
5 908
5 948
5 951
5 971
5 988
6 7
6 8
6 14
6 18
6 134
6 497
6 538
6 834
6 866
6 868
6 103
6 9
6 16
6 20
6 52
6 88
6 152
7 8
7 26
7 37
7 53
7 81
7 94
7 113
7 124
7 299
7 317
7 371
7 476
7 615
7 627
7 647
7 750
7 884
7 103
7 145
7 9
7 15
7 17
7 23
7 29
7 33
7 49
7 50
7 69
7 71
7 72
7 78
7 89
7 91
7 152
8 18
8 24
8 26
8 51
8 84
8 143
8 162
8 374
8 504
8 715
8 882
8 914
8 944
8 974
8 103
8 9
8 12
8 14
8 21
8 41
8 46
8 59
8 66
8 68
8 81
8 102
8 118
9 12
9 17
9 76
9 164
9 194
9 302
9 303
9 533
9 752
9 772
9 982
9 20
9 27
9 72
9 130
10 15
10 17
10 48
10 54
10 69
10 97
10 212
10 359
10 373
10 926
11 19
11 20
11 24
11 75
11 88
11 602
11 689
11 737
11 838
11 861
12 13
12 16
12 17
12 25
12 39
12 56
12 58
12 65
12 66
12 69
12 70
12 79
12 82
12 87
12 96
12 138
12 157
12 160
12 163
12 164
12 173
12 176
12 177
12 185
12 201
12 202
12 223
12 243
12 265
12 274
12 284
12 311
12 322
12 333
12 337
12 363
12 380
12 381
12 432
12 444
12 447
12 457
12 467
12 469
12 472
12 491
12 507
12 512
12 528
12 535
12 550
12 562
12 578
12 588
12 600
12 610
12 623
12 633
12 648
12 658
12 676
12 677
12 694
12 699
12 723
12 726
12 727
12 745
12 758
12 759
12 774
12 786
12 797
12 825
12 851
12 854
12 858
12 891
12 935
12 937
12 959
12 145
12 26
12 61
13 25
13 458
13 479
13 835
14 73
14 114
14 484
14 923
14 35
15 33
15 46
15 48
15 57
15 127
15 34
15 85
15 95
15 112
15 118
15 124
16 49
16 59
16 76
16 126
16 232
16 567
16 629
16 663
16 998
16 23
16 36
17 32
17 43
17 49
17 54
17 55
17 59
17 67
17 101
17 126
17 152
17 171
17 177
17 184
17 286
17 297
17 300
17 309
17 331
17 368
17 393
17 404
17 410
17 419
17 542
17 564
17 591
17 606
17 608
17 654
17 660
17 685
17 695
17 697
17 730
17 776
17 789
17 804
17 864
17 869
17 953
17 30
17 31
17 58
17 66
17 82
17 105
17 149
18 80
18 229
18 280
18 732
18 980
18 145
18 33
18 78
19 20
19 28
19 81
19 92
19 123
19 192
19 495
19 539
19 612
19 740
19 818
20 28
20 29
20 47
20 131
20 148
20 154
20 199
20 279
20 281
20 332
20 597
20 649
20 655
20 700
20 847
20 919
20 32
20 35
20 55
20 59
20 65
20 80
20 84
20 114
20 120
20 128
20 134
20 138
21 246
21 256
21 972
21 145
21 38
21 130
22 34
22 44
22 75
22 348
22 581
22 791
22 145
22 29
23 35
23 60
23 95
23 579
23 633
23 38
23 74
24 255
24 407
24 596
24 765
24 855
24 985
24 145
25 64
25 103
25 149
25 335
25 370
25 501
25 556
25 822
25 977
26 32
26 37
26 77
26 120
26 144
26 172
26 334
26 357
26 781
26 828
26 842
26 850
26 886
26 71
27 63
27 74
27 106
27 123
27 198
27 242
27 271
27 325
27 390
27 406
27 448
27 480
27 516
27 568
27 575
27 631
27 632
27 671
27 681
27 703
27 827
27 862
27 924
27 961
27 29
27 175
28 44
28 81
28 117
29 44
29 119
29 131
29 167
29 192
29 214
29 263
29 349
29 402
29 418
29 442
29 462
29 525
29 598
29 690
29 717
29 749
29 872
29 894
29 910
29 931
29 40
30 41
30 56
30 68
30 147
30 420
30 808
30 103
31 33
31 184
31 103
31 41
31 77
31 97
31 101
32 39
32 67
32 80
32 98
32 109
32 113
32 134
32 138
32 201
32 257
32 288
32 294
32 297
32 312
32 328
32 397
32 401
32 412
32 468
32 549
32 577
32 580
32 582
32 621
32 641
32 657
32 716
32 733
32 753
32 762
32 788
32 794
32 816
32 821
32 843
32 881
32 885
32 920
32 932
32 945
32 947
32 969
32 984
33 38
33 175
33 907
33 68
33 137
34 44
34 51
34 65
34 88
35 57
35 87
35 94
35 99
35 118
35 179
35 218
35 247
35 275
35 330
35 347
35 424
35 487
35 589
35 604
35 670
35 734
35 755
35 766
35 779
35 831
35 913
35 42
36 365
36 399
36 489
36 594
36 967
36 48
36 140
36 146
37 100
38 619
38 84
38 98
38 106
38 143
39 43
39 65
39 79
39 83
39 99
39 174
39 194
39 341
39 524
39 742
40 145
40 52
40 70
40 97
40 113
41 95
41 230
41 652
41 807
41 820
41 836
43 177
43 494
43 614
43 979
44 221
44 69
44 74
44 100
45 148
45 169
45 213
45 323
45 342
45 386
45 618
45 630
45 635
45 640
45 656
45 760
45 877
45 939
45 968
45 103
45 82
45 98
45 120
46 62
46 71
46 91
46 102
46 239
46 270
46 546
46 605
47 254
47 879
48 93
48 238
48 917
48 184
49 964
49 57
49 64
49 69
49 125
49 147
50 139
50 104
50 188
51 661
51 145
51 63
51 107
51 154
52 71
52 217
52 351
52 366
52 375
52 471
52 620
52 650
52 729
52 817
52 990
52 96
52 108
52 144
53 408
53 455
53 511
53 643
54 131
54 196
54 950
55 87
55 163
56 68
56 70
56 95
56 140
56 354
56 369
56 520
56 526
56 548
56 748
56 860
56 893
56 967
56 991
56 993
57 59
57 258
57 983
57 65
57 116
58 170
58 310
58 97
58 98
58 150
59 174
59 277
59 483
59 553
59 639
59 81
59 103
59 121
59 122
59 127
60 204
60 103
61 166
62 86
62 146
62 151
62 165
62 186
62 197
62 260
62 283
62 293
62 318
62 353
62 360
62 417
62 426
62 436
62 465
62 536
62 592
62 634
62 659
62 702
62 741
62 787
62 848
62 899
62 922
62 941
62 943
62 946
62 999
63 72
63 320
63 509
63 590
63 784
63 147
64 145
64 203
65 126
65 231
65 70
65 122
65 124
65 155
66 85
66 108
66 121
66 132
66 181
66 233
66 252
66 456
66 461
66 464
66 503
66 519
66 563
66 642
66 667
66 679
66 707
66 738
66 744
66 764
66 815
66 906
66 940
66 955
66 975
66 981
66 87
66 105
67 949
68 200
68 237
68 295
68 110
69 78
69 345
69 901
69 965
70 173
70 466
70 613
70 863
70 107
71 74
71 78
71 93
71 101
71 141
71 150
71 298
71 377
71 395
71 522
71 711
71 729
71 871
71 952
72 350
72 473
72 800
72 109
73 531
74 437
74 869
74 936
74 120
75 88
75 249
75 405
75 481
75 500
75 839
75 849
76 83
76 114
76 276
76 421
76 435
76 452
76 793
77 80
77 113
79 171
79 775
80 90
80 100
80 308
80 416
80 502
80 722
80 101
81 124
81 129
81 133
81 156
81 169
81 206
81 280
81 329
81 338
81 379
81 392
81 394
81 428
81 450
81 505
81 514
81 593
81 628
81 665
81 673
81 682
81 705
81 708
81 777
81 840
81 890
81 902
81 962
81 976
81 995
81 167
82 96
82 98
82 108
82 116
82 227
82 557
82 653
83 108
83 259
83 403
83 103
84 900
85 372
85 720
85 145
85 181
86 438
86 938
87 161
87 168
87 171
87 385
87 680
87 692
88 123
88 188
88 250
88 327
88 349
88 409
88 463
88 490
88 803
88 810
88 824
88 116
90 150
90 205
90 659
90 706
90 934
90 986
90 992
91 93
92 101
92 142
92 145
92 216
92 240
92 324
92 388
92 400
92 413
92 429
92 486
92 493
92 509
92 541
92 638
92 660
92 678
92 757
92 771
92 883
92 905
92 912
92 191
92 196
93 110
93 591
93 145
93 133
94 179
94 425
94 443
94 521
94 728
94 834
94 892
95 104
95 137
95 157
95 203
95 204
95 222
95 251
95 272
95 313
95 346
95 356
95 361
95 414
95 427
95 472
95 526
95 555
95 701
95 736
95 780
95 830
95 874
95 925
95 989
95 195
96 126
97 147
97 193
97 195
97 235
97 244
97 282
97 376
97 410
97 430
97 515
97 537
97 574
97 687
97 731
97 735
97 743
97 778
97 895
97 915
97 137
97 157
98 112
98 138
98 207
98 241
98 285
98 599
98 637
98 684
98 802
98 958
99 236
99 278
99 470
99 624
99 747
99 174
100 109
101 141
101 183
101 211
101 316
101 398
101 572
101 114
101 116
101 127
102 175
102 844
103 105
103 195
103 248
103 264
103 783
103 109
103 144
106 125
106 128
106 219
106 344
106 518
106 644
106 837
106 898
106 183
108 172
108 523
108 595
108 611
108 792
108 829
108 176
109 561
109 110
109 129
110 234
111 897
111 963
112 124
112 134
112 158
112 306
112 314
112 322
112 367
112 498
112 531
112 584
112 607
112 782
112 819
112 921
113 146
113 153
114 121
114 208
114 261
114 396
114 440
114 453
114 506
114 508
114 617
114 622
114 625
114 769
114 806
114 889
114 966
114 197
114 202
115 117
115 384
115 145
116 739
117 182
117 215
117 439
117 916
119 209
119 291
119 330
119 355
119 358
119 449
119 669
119 709
119 712
119 721
119 761
119 904
119 956
120 197
121 547
121 799
121 811
121 841
123 148
123 167
123 422
123 446
123 529
123 686
123 698
124 154
124 482
124 569
124 146
125 378
125 496
125 570
125 645
125 200
127 148
128 133
128 156
128 290
128 307
128 434
128 134
129 289
129 451
129 565
129 691
129 865
129 929
129 987
129 149
130 383
130 930
131 198
131 269
131 391
131 434
131 527
131 571
131 626
131 768
131 867
132 287
133 188
133 384
134 189
134 826
134 957
135 304
135 532
135 572
135 646
135 770
135 801
135 814
135 875
135 888
135 907
135 942
136 177
136 853
137 273
137 321
137 370
137 474
137 485
137 903
137 973
138 164
138 534
138 668
139 513
139 754
140 200
140 748
141 184
141 301
141 305
141 387
141 540
141 552
141 583
141 586
141 603
141 609
141 674
141 696
141 704
141 725
141 780
141 856
141 911
141 960
141 996
141 997
142 163
142 315
142 364
142 433
142 586
142 798
142 852
144 475
145 585
145 662
145 942
146 382
147 178
147 326
147 363
147 477
147 478
147 530
147 554
147 878
147 994
147 185
148 182
149 543
149 933
150 423
150 431
150 189
152 184
152 601
152 809
152 873
152 193
154 339
154 415
154 718
154 796
154 846
154 916
154 172
155 362
159 189
161 174
167 188
176 202
180 184
187 205
