0 1
0 2
0 3
0 4
0 6
0 7
0 8
0 21
0 22
0 27
0 28
0 34
0 39
0 43
0 48
0 49
0 51
0 62
0 64
0 68
0 70
0 71
0 72
0 78
0 88
0 89
0 92
0 105
0 117
0 119
0 120
0 134
0 136
0 143
0 162
0 168
0 174
0 178
0 186
0 193
0 197
0 278
0 354
0 388
0 415
0 523
0 658
0 889
0 916
0 995
1 2
1 3
1 4
1 6
1 7
1 10
1 11
1 15
1 17
1 34
1 56
1 59
1 77
1 79
1 86
1 91
1 97
1 118
1 120
1 125
1 126
1 128
1 131
1 139
1 140
1 141
1 145
1 151
1 155
1 156
1 161
1 164
1 172
1 182
1 198
1 248
1 360
1 369
1 394
1 493
1 527
1 537
1 640
1 718
1 793
1 894
1 899
1 994
2 3
2 4
2 5
2 7
2 8
2 9
2 11
2 13
2 16
2 31
2 36
2 42
2 58
2 69
2 72
2 73
2 109
2 113
2 152
2 153
2 154
2 162
2 165
2 168
2 171
2 173
2 179
2 191
2 194
2 195
2 197
2 200
2 260
2 340
2 342
2 351
2 395
2 521
2 522
2 538
2 573
2 604
2 658
2 671
2 716
2 741
2 744
2 748
2 768
2 869
2 873
2 957
3 4
3 5
3 7
3 8
3 10
3 13
3 14
3 17
3 18
3 19
3 20
3 22
3 28
3 31
3 32
3 46
3 60
3 61
3 65
3 67
3 68
3 71
3 73
3 80
3 81
3 83
3 89
3 93
3 95
3 97
3 99
3 101
3 105
3 110
3 112
3 114
3 115
3 118
3 120
3 121
3 122
3 123
3 126
3 127
3 129
3 133
3 136
3 137
3 138
3 140
3 141
3 144
3 146
3 147
3 148
3 150
3 156
3 157
3 160
3 161
3 166
3 186
3 187
3 197
3 200
3 210
3 230
3 285
3 294
3 378
3 406
3 459
3 467
3 480
3 492
3 509
3 516
3 585
3 597
3 627
3 632
3 660
3 699
3 712
3 747
3 837
3 846
3 859
3 868
3 903
3 988
4 5
4 6
4 15
4 24
4 28
4 31
4 45
4 67
4 76
4 78
4 96
4 113
4 132
4 149
4 150
4 151
4 152
4 159
4 165
4 171
4 176
4 182
4 183
4 187
4 222
4 229
4 288
4 334
4 362
4 500
4 502
4 508
4 544
4 563
4 588
4 591
4 592
4 653
4 674
4 723
4 751
4 765
4 818
4 828
4 940
4 964
4 972
5 22
5 36
5 38
5 155
5 256
5 353
5 407
5 424
5 444
5 531
5 648
5 719
5 801
5 807
5 46
5 8
5 10
5 12
5 34
5 99
5 112
5 134
5 139
5 141
6 13
6 23
6 41
6 49
6 69
6 116
6 241
6 272
6 324
6 358
6 464
6 491
6 618
6 689
6 702
6 46
6 15
6 18
6 25
6 38
6 53
6 68
6 75
6 96
7 8
7 12
7 14
7 54
7 77
7 84
7 108
7 131
7 386
7 436
7 507
7 557
7 562
7 565
7 593
7 663
7 875
8 12
8 20
8 39
8 77
8 108
8 191
8 329
8 572
8 682
8 945
8 9
8 14
8 34
8 35
8 37
8 49
8 52
8 56
8 58
8 59
8 63
8 73
8 99
8 106
8 118
8 121
9 23
9 34
9 215
9 295
9 393
9 434
9 554
9 590
9 761
9 982
9 20
9 57
9 78
9 132
9 153
10 18
10 25
10 26
10 29
10 30
10 53
10 55
10 75
10 77
10 90
10 99
10 101
10 108
10 124
10 127
10 130
10 131
10 139
10 160
10 169
10 186
10 191
10 211
10 250
10 277
10 381
10 382
10 401
10 435
10 455
10 513
10 547
10 558
10 568
10 576
10 608
10 677
10 679
10 693
10 754
10 780
10 834
10 840
10 851
10 866
10 923
10 925
10 936
10 947
10 965
10 983
10 13
10 14
10 149
11 25
11 29
11 35
11 102
11 158
11 380
11 403
11 519
11 985
12 461
12 46
12 66
12 73
12 86
12 163
13 23
13 27
13 32
13 37
13 47
13 107
13 276
13 321
13 385
13 429
13 534
13 746
13 771
13 880
13 919
13 980
13 15
13 16
13 24
13 33
13 110
14 84
14 163
14 548
14 989
14 15
14 18
14 22
14 35
14 38
14 43
14 48
14 69
14 74
14 77
14 82
14 108
14 128
14 137
14 145
15 16
15 21
15 83
15 103
15 111
15 167
15 188
15 194
15 234
15 309
15 332
15 349
15 413
15 462
15 478
15 518
15 529
15 543
15 654
15 690
15 692
15 708
15 735
15 798
15 830
15 858
15 890
15 922
15 933
15 937
15 976
15 990
15 36
15 79
15 107
16 18
16 19
16 66
16 104
16 185
16 235
16 389
16 452
16 514
16 515
16 722
16 978
16 28
16 45
16 116
16 149
17 40
17 68
17 125
17 155
17 170
17 322
17 440
17 445
17 536
17 539
17 559
17 603
17 649
17 650
17 685
17 789
17 930
17 950
18 22
18 25
18 26
18 29
18 33
18 42
18 43
18 49
18 66
18 70
18 74
18 96
18 99
18 109
18 111
18 167
18 189
18 223
18 255
18 287
18 291
18 307
18 312
18 327
18 337
18 343
18 344
18 372
18 426
18 451
18 471
18 482
18 505
18 530
18 581
18 586
18 609
18 616
18 619
18 624
18 645
18 659
18 683
18 720
18 743
18 753
18 782
18 813
18 855
18 886
18 927
18 932
18 955
18 960
18 50
18 72
19 56
19 65
19 73
19 85
19 91
19 126
19 158
19 170
19 201
19 271
19 383
19 419
19 438
19 506
19 526
19 697
19 738
19 760
19 781
19 802
19 824
19 826
19 836
19 841
19 858
19 862
19 895
19 918
19 966
19 991
20 82
20 124
20 145
20 262
20 315
20 431
20 601
20 668
20 669
20 784
20 874
20 882
20 923
20 997
21 24
21 44
21 57
21 96
21 198
21 630
21 638
21 706
21 709
22 67
22 104
22 270
22 286
22 320
22 698
22 786
22 795
22 810
22 891
22 969
22 26
22 30
22 95
23 32
23 37
23 47
23 63
23 166
23 181
23 204
23 232
23 238
23 254
23 290
23 417
23 442
23 594
23 641
23 910
23 967
24 50
24 92
24 113
24 134
24 142
24 153
24 233
24 333
24 346
24 370
24 555
24 574
24 600
24 635
24 666
24 686
24 759
24 861
24 896
24 943
24 953
24 979
24 55
24 64
24 111
24 185
25 26
25 30
25 33
25 35
25 46
25 51
25 52
25 55
25 59
25 98
25 175
25 192
25 196
25 203
25 220
25 224
25 225
25 237
25 240
25 249
25 257
25 259
25 263
25 273
25 292
25 296
25 316
25 319
25 325
25 326
25 352
25 362
25 363
25 374
25 390
25 391
25 396
25 413
25 414
25 416
25 420
25 428
25 433
25 465
25 469
25 476
25 484
25 495
25 498
25 508
25 509
25 510
25 520
25 540
25 560
25 568
25 582
25 589
25 614
25 615
25 633
25 657
25 687
25 688
25 707
25 711
25 725
25 733
25 739
25 772
25 776
25 785
25 786
25 805
25 814
25 852
25 864
25 870
25 883
25 900
25 911
25 941
25 946
25 952
25 958
25 981
25 984
25 993
25 104
25 165
26 52
26 94
26 102
26 112
26 119
27 473
27 570
27 928
28 87
28 107
28 116
28 180
28 190
28 272
28 279
28 301
28 335
28 463
28 487
28 488
28 533
28 546
28 655
28 662
28 717
28 737
28 758
28 791
28 817
28 909
28 954
28 971
29 35
29 46
29 88
29 93
29 132
29 138
29 173
29 189
29 239
29 280
29 297
29 305
29 313
29 364
29 384
29 477
29 561
29 646
29 803
29 857
29 865
29 936
30 74
31 55
31 73
31 81
31 133
31 376
31 446
31 472
31 629
31 636
31 700
31 714
31 842
32 41
32 45
32 47
32 69
32 76
32 87
32 171
32 475
32 550
32 642
32 788
32 822
32 847
32 856
32 897
32 913
32 968
33 52
33 90
33 247
33 310
33 375
33 804
34 94
34 173
34 180
34 192
34 195
34 212
34 228
34 289
34 365
34 398
34 450
34 620
34 631
34 634
34 670
34 710
34 736
34 766
34 809
34 819
34 827
34 887
34 893
34 999
34 74
34 108
34 111
34 133
35 121
35 860
35 888
35 38
36 44
36 85
36 367
36 399
36 466
36 552
36 626
36 838
37 421
37 80
37 102
37 138
37 150
38 678
38 823
38 55
38 108
39 50
39 75
39 119
39 242
39 361
39 437
39 485
40 206
40 599
41 128
41 135
41 143
41 371
41 489
41 598
41 202
42 67
42 106
42 308
43 137
43 175
44 72
44 80
44 213
44 430
44 551
44 607
44 935
45 915
46 51
46 91
46 94
46 158
46 192
46 196
46 691
46 779
46 811
46 876
46 901
46 962
46 56
46 83
46 93
46 142
47 180
47 228
47 251
47 328
47 405
47 787
47 832
47 902
47 907
47 181
49 57
49 61
49 87
49 106
49 115
49 122
49 136
49 185
49 204
49 217
49 231
49 246
49 258
49 267
49 268
49 303
49 373
49 392
49 486
49 569
49 579
49 606
49 621
49 622
49 623
49 647
49 665
49 680
49 694
49 701
49 729
49 813
49 872
49 884
49 892
49 898
49 931
49 949
49 956
49 977
49 69
49 90
50 387
51 356
51 474
51 545
52 83
52 167
52 528
52 960
53 81
53 189
53 727
53 54
53 139
54 179
55 60
55 157
55 274
55 345
55 377
55 425
55 482
55 524
55 535
55 566
55 742
55 755
55 162
56 675
56 61
56 105
56 119
57 61
57 170
57 76
57 83
57 85
57 106
58 244
58 341
58 59
58 77
58 88
58 118
58 144
59 94
59 304
59 397
59 142
61 62
61 71
61 109
61 208
61 256
61 410
61 432
61 457
61 542
61 571
61 799
61 867
61 938
61 92
61 101
61 114
62 221
62 963
63 549
64 323
64 499
64 825
64 166
64 190
65 98
65 205
65 243
65 348
65 453
65 501
65 703
65 773
65 778
65 783
65 808
65 881
65 905
65 944
66 427
66 673
66 155
67 330
67 422
67 844
68 792
68 143
69 86
69 302
69 115
69 124
69 127
69 187
70 83
70 470
70 625
70 676
70 692
70 815
71 564
71 684
71 777
72 466
73 454
73 605
73 705
73 921
73 942
74 368
74 866
74 97
75 262
75 490
75 617
76 88
76 148
77 117
77 159
77 435
77 456
77 512
77 567
77 584
77 750
77 757
77 769
77 800
77 848
77 80
77 84
77 113
77 133
77 146
77 161
79 126
80 85
80 306
80 336
80 355
80 407
80 541
80 650
80 722
80 764
80 770
81 88
81 138
81 331
81 863
82 100
83 103
83 130
83 402
83 517
83 681
83 756
83 917
85 172
85 199
85 347
85 468
85 796
85 816
85 961
85 116
86 135
86 839
87 169
87 275
87 481
87 494
87 497
87 556
87 577
87 602
87 835
87 871
87 924
87 939
87 987
88 110
88 118
88 219
88 496
88 575
88 643
88 651
88 740
88 752
88 843
88 143
90 150
91 98
91 132
91 265
91 409
91 516
91 596
91 661
91 695
91 721
91 732
91 775
91 794
91 803
91 833
92 129
92 411
92 177
93 269
93 443
93 845
93 854
93 134
93 151
94 227
94 447
94 637
94 745
95 129
95 147
95 283
95 418
95 612
95 914
95 117
96 877
96 147
98 150
98 218
98 339
98 458
98 503
98 511
98 532
98 613
98 628
98 672
98 812
98 959
99 448
99 912
100 140
100 147
100 184
100 226
100 261
100 300
100 479
100 730
101 275
101 992
102 904
102 178
104 318
105 281
105 317
105 951
105 970
105 201
106 109
106 112
108 366
108 948
108 975
108 135
109 853
109 137
109 145
110 376
110 821
110 829
110 152
112 209
112 423
113 652
113 715
113 996
113 115
113 118
113 136
114 412
114 656
115 123
115 266
115 539
117 577
118 144
118 148
118 382
118 667
118 123
118 147
119 151
120 264
120 580
121 483
122 193
122 202
122 236
122 583
122 909
122 929
122 934
124 150
124 311
124 767
125 587
125 639
125 728
125 986
126 408
126 611
127 908
128 136
128 214
129 299
129 357
129 494
129 553
129 578
129 644
129 831
129 879
129 914
134 164
134 439
134 696
134 806
135 610
135 849
136 166
136 178
136 190
136 251
136 284
136 449
136 504
136 724
136 734
136 820
137 400
140 731
141 253
141 282
141 298
141 350
141 379
141 410
141 457
141 726
141 749
141 763
141 885
141 974
143 176
143 190
143 245
143 314
143 595
143 704
143 713
143 850
144 216
144 926
145 159
145 177
145 184
145 207
145 359
145 790
145 998
146 153
146 163
146 338
146 154
147 293
147 664
147 774
147 797
147 906
147 920
147 191
148 252
150 404
150 762
150 973
150 158
151 441
152 525
153 177
153 460
153 878
166 176
174 182
178 190
185 199
198 199
