0 1
0 2
0 3
0 4
0 9
0 16
0 37
0 38
0 44
0 45
0 49
0 60
0 61
0 71
0 74
0 99
0 103
0 108
0 112
0 113
0 130
0 139
0 143
0 161
0 174
0 181
0 182
0 188
0 191
0 274
0 278
0 374
0 388
0 399
0 432
0 466
0 473
0 497
0 500
0 564
0 652
0 747
0 868
0 948
0 969
0 982
1 2
1 3
1 4
1 7
1 10
1 22
1 31
1 40
1 48
1 65
1 85
1 90
1 141
1 147
1 165
1 167
1 182
1 186
1 188
1 216
1 275
1 276
1 294
1 379
1 575
1 644
1 658
2 3
2 4
2 7
2 11
2 14
2 15
2 23
2 24
2 37
2 39
2 44
2 46
2 47
2 51
2 54
2 56
2 58
2 59
2 67
2 81
2 90
2 98
2 107
2 118
2 120
2 125
2 126
2 127
2 144
2 145
2 153
2 159
2 168
2 170
2 172
2 176
2 180
2 194
2 199
2 201
2 212
2 230
2 289
2 327
2 346
2 354
2 364
2 433
2 478
2 507
2 520
2 568
2 677
2 680
2 712
2 719
2 736
2 774
2 778
2 804
2 839
2 844
2 858
2 865
2 870
2 879
2 881
2 904
2 908
2 956
2 957
3 4
3 5
3 6
3 9
3 14
3 17
3 19
3 20
3 23
3 24
3 29
3 30
3 34
3 40
3 42
3 53
3 57
3 59
3 62
3 68
3 69
3 75
3 79
3 86
3 90
3 91
3 94
3 96
3 97
3 101
3 105
3 109
3 112
3 115
3 116
3 125
3 132
3 133
3 135
3 146
3 152
3 153
3 154
3 164
3 173
3 174
3 176
3 196
3 202
3 223
3 236
3 258
3 269
3 271
3 279
3 370
3 422
3 427
3 452
3 487
3 502
3 531
3 544
3 551
3 558
3 577
3 588
3 622
3 624
3 643
3 688
3 689
3 696
3 703
3 789
3 792
3 800
3 812
3 874
3 882
3 887
3 916
3 949
3 952
3 971
3 980
4 7
4 10
4 11
4 17
4 22
4 25
4 29
4 32
4 36
4 37
4 39
4 40
4 41
4 43
4 44
4 45
4 49
4 51
4 61
4 63
4 64
4 67
4 69
4 72
4 76
4 81
4 82
4 91
4 95
4 99
4 104
4 117
4 122
4 131
4 142
4 146
4 159
4 160
4 165
4 167
4 171
4 175
4 177
4 178
4 185
4 191
4 192
4 198
4 201
4 202
4 259
4 285
4 298
4 345
4 384
4 398
4 410
4 413
4 481
4 501
4 606
4 609
4 665
4 697
4 716
4 779
4 827
4 829
4 843
4 859
4 867
4 987
5 6
5 10
5 18
5 26
5 35
5 565
5 767
5 825
5 847
5 958
5 28
5 7
5 27
6 13
6 15
6 16
6 51
6 55
6 72
6 75
6 80
6 111
6 123
6 202
6 203
6 226
6 227
6 240
6 263
6 296
6 324
6 346
6 387
6 393
6 492
6 506
6 511
6 556
6 608
6 638
6 760
6 817
6 951
6 973
7 8
7 149
7 391
7 518
7 673
7 803
7 28
7 67
7 10
7 11
7 12
7 15
7 17
7 22
7 35
7 38
7 40
7 46
7 47
7 63
7 74
7 82
7 89
7 90
7 98
7 99
7 101
7 113
7 118
7 129
7 150
8 121
8 28
8 11
8 137
9 11
9 12
9 32
9 46
9 186
9 208
9 421
9 559
9 664
9 689
9 848
10 96
10 184
10 270
10 587
10 601
10 796
10 29
10 58
10 67
10 87
10 130
10 144
11 12
11 34
11 83
11 102
11 115
11 170
11 192
11 341
11 428
11 451
11 566
11 597
11 764
11 806
11 968
11 14
11 18
11 23
11 42
11 44
11 62
11 79
11 119
11 141
12 25
12 32
12 65
12 83
12 97
12 114
12 162
12 188
12 193
12 204
12 215
12 225
12 267
12 293
12 319
12 334
12 400
12 416
12 552
12 554
12 600
12 616
12 619
12 622
12 623
12 628
12 661
12 706
12 750
12 777
12 795
12 836
12 843
12 885
12 886
12 930
12 999
12 60
13 14
13 16
13 19
13 21
13 33
13 38
13 62
13 73
13 84
13 122
13 124
13 129
13 132
13 139
13 143
13 169
13 178
13 182
13 183
13 207
13 222
13 247
13 265
13 320
13 371
13 423
13 434
13 437
13 459
13 468
13 483
13 515
13 519
13 545
13 578
13 589
13 590
13 593
13 639
13 651
13 663
13 667
13 680
13 681
13 753
13 756
13 787
13 798
13 863
13 877
13 879
13 880
13 909
13 917
13 928
13 935
13 943
13 991
14 19
14 62
14 70
14 77
14 78
14 91
14 113
14 135
14 310
14 343
14 396
14 401
14 406
14 414
14 465
14 532
14 542
14 862
14 889
15 80
15 98
15 137
15 595
15 635
15 729
15 794
15 28
15 16
15 19
15 79
15 106
15 110
16 18
16 55
16 316
16 19
16 61
16 70
16 136
17 22
17 25
17 27
17 28
17 42
17 64
17 76
17 106
17 130
17 156
17 160
17 193
17 250
17 284
17 299
17 333
17 335
17 353
17 381
17 389
17 394
17 417
17 440
17 533
17 541
17 610
17 621
17 626
17 640
17 641
17 645
17 668
17 685
17 701
17 708
17 727
17 786
17 841
17 846
17 861
17 872
17 895
17 910
17 913
17 926
17 962
17 963
17 964
17 978
17 23
18 38
18 92
18 183
18 361
18 743
18 831
18 67
18 24
18 25
18 28
18 66
18 69
18 76
18 81
18 83
18 95
18 96
18 115
18 117
18 177
19 40
19 70
19 73
19 78
19 93
19 107
19 110
19 138
19 315
19 572
19 657
19 775
19 922
20 21
20 59
20 62
20 77
20 94
20 199
20 302
20 535
20 550
20 676
20 809
20 815
20 897
20 945
20 159
21 79
21 209
21 504
21 535
21 705
21 802
21 892
21 975
22 33
22 58
22 126
22 168
22 220
22 249
22 305
22 405
22 911
22 28
22 41
22 70
22 101
22 110
22 124
23 109
23 205
23 709
23 934
23 24
23 38
23 51
23 80
23 88
23 97
23 100
24 145
24 977
24 27
24 59
24 61
24 67
24 92
24 156
25 28
25 30
25 45
25 49
25 50
25 87
25 128
25 155
25 172
25 214
25 344
25 386
25 529
25 591
25 720
25 727
25 728
25 746
25 749
25 793
25 888
25 979
25 66
25 72
25 141
26 189
26 562
27 41
27 157
27 259
27 646
27 675
27 700
27 942
27 43
27 134
28 50
28 52
28 99
28 121
28 139
28 150
28 189
28 218
28 308
28 408
28 453
28 455
28 467
28 603
28 654
28 731
28 781
28 822
28 891
28 907
28 924
28 958
28 961
28 982
28 32
28 36
28 49
28 61
28 86
28 113
28 120
28 123
28 128
29 56
29 407
32 46
32 89
32 233
32 244
32 527
32 751
32 780
32 783
32 808
33 35
33 66
33 447
33 448
33 462
33 510
33 570
33 707
33 710
33 855
33 921
33 967
33 991
33 992
33 183
34 36
34 81
34 161
34 204
34 283
34 799
34 856
34 67
34 35
34 44
34 84
34 97
35 92
35 213
35 495
35 682
35 819
35 918
35 52
35 58
35 60
35 95
36 103
36 431
36 752
36 770
37 51
37 66
37 75
37 98
37 217
37 442
37 482
37 505
37 514
37 605
37 873
38 39
38 43
38 52
38 57
38 101
38 119
38 123
38 134
38 158
38 187
38 238
38 312
38 313
38 359
38 587
38 687
38 713
38 810
38 818
38 931
38 936
38 965
38 993
38 40
38 98
38 139
38 202
39 41
39 42
39 44
39 47
39 60
39 87
39 121
39 157
39 304
39 377
39 614
39 642
39 659
39 762
40 77
40 93
40 113
40 159
40 190
40 367
40 523
40 630
40 653
40 946
40 85
40 97
40 107
40 109
40 133
41 121
41 151
41 458
41 477
41 650
41 45
41 100
41 131
42 45
42 128
42 146
42 149
42 248
43 64
44 286
44 355
44 540
44 726
44 45
44 146
44 193
45 88
45 219
45 224
45 280
45 323
45 349
45 363
45 721
45 818
45 152
46 48
46 89
46 102
46 158
46 185
46 243
46 256
46 368
46 375
46 418
46 454
46 474
46 549
46 584
46 615
46 637
46 691
46 785
46 851
46 929
46 954
46 986
46 988
46 118
47 449
47 509
47 636
47 655
47 702
47 902
49 342
50 666
51 111
51 311
51 498
51 524
52 187
52 321
52 512
52 594
53 165
53 548
55 102
55 131
55 153
55 154
55 245
55 255
55 262
55 336
55 372
55 490
55 491
55 740
55 906
56 120
56 147
56 493
56 798
56 67
57 58
57 84
57 109
57 116
57 118
57 179
57 196
57 300
57 325
57 330
57 402
57 454
57 499
57 528
57 579
57 583
57 671
57 674
57 678
57 690
57 714
57 744
57 758
57 828
57 898
57 995
58 75
58 252
58 446
58 585
58 695
58 124
59 63
59 444
59 745
59 805
59 190
60 134
60 137
60 164
60 351
60 420
60 522
60 683
60 698
60 739
60 790
60 801
60 811
60 820
60 834
60 835
60 857
60 871
60 920
60 932
60 933
60 953
60 955
61 74
61 116
61 123
62 147
62 210
62 471
62 733
62 759
62 129
62 173
63 404
63 469
63 530
63 876
64 254
64 360
64 380
64 446
64 72
66 419
66 539
66 567
66 724
66 821
66 139
67 166
67 237
67 145
67 153
69 295
69 488
69 72
70 997
70 998
70 92
71 112
71 568
71 581
72 693
72 765
72 816
72 905
72 925
72 76
72 86
72 88
72 102
72 140
72 149
72 184
73 310
73 620
74 75
74 162
74 197
75 84
75 89
75 97
75 111
75 118
75 141
75 156
75 206
75 246
75 251
75 261
75 264
75 291
75 292
75 297
75 326
75 332
75 348
75 352
75 378
75 385
75 403
75 405
75 450
75 457
75 479
75 501
75 536
75 543
75 553
75 563
75 564
75 569
75 581
75 586
75 600
75 627
75 634
75 670
75 684
75 697
75 717
75 725
75 737
75 751
75 833
75 854
75 866
75 890
75 914
75 947
75 989
76 878
77 110
77 136
77 309
77 538
77 660
77 681
77 735
77 738
77 754
78 555
78 715
78 938
78 199
79 537
79 598
80 87
80 180
80 306
80 392
80 679
80 692
80 704
80 770
80 860
80 900
81 100
81 318
81 204
83 85
83 161
84 183
84 184
84 221
84 225
84 301
84 314
84 328
84 357
84 516
84 521
84 649
84 694
84 730
84 838
84 985
84 188
85 494
85 126
85 146
87 228
87 453
87 475
87 561
87 699
87 912
87 927
87 191
88 110
88 322
88 445
88 486
88 571
88 761
88 784
88 807
88 901
89 100
89 148
89 231
89 282
89 899
89 950
90 277
90 340
91 110
91 152
91 190
91 409
91 435
91 441
91 476
91 735
91 742
91 782
91 972
91 996
92 187
92 260
92 484
92 592
92 604
92 687
92 824
93 307
93 365
93 373
93 893
94 98
95 155
95 203
95 287
95 981
95 121
95 122
95 137
95 147
96 411
96 526
96 875
96 896
96 936
96 182
97 125
97 127
97 150
97 154
97 317
97 338
97 390
97 397
97 456
97 557
97 668
97 712
97 734
97 749
97 788
97 791
97 814
97 853
97 923
97 171
98 173
98 234
98 288
98 439
98 472
98 611
98 617
98 766
98 769
98 776
98 821
98 830
98 832
98 849
98 939
98 941
98 944
98 116
99 122
99 257
99 329
99 369
99 461
99 631
99 823
99 826
99 840
99 869
100 303
100 125
101 127
101 424
101 547
101 560
101 647
101 732
101 960
101 121
101 122
102 166
102 198
102 176
103 470
103 602
103 669
105 337
106 192
106 356
106 362
106 460
106 596
106 648
107 175
107 358
107 632
107 852
107 864
107 884
108 126
108 656
108 157
109 138
109 163
109 272
109 625
109 755
109 845
109 850
109 940
109 976
110 485
110 574
110 128
111 268
111 480
111 582
111 830
111 194
112 395
112 496
112 672
112 757
112 903
112 970
112 178
112 201
113 136
113 211
113 309
113 489
113 508
113 613
113 629
113 127
114 161
114 198
114 200
115 232
115 339
115 772
116 366
116 412
116 429
116 612
116 633
118 156
118 266
118 383
118 569
118 573
118 145
121 382
121 534
121 966
121 994
122 163
122 438
122 607
122 842
122 961
122 189
123 195
123 464
125 426
125 443
125 631
125 773
125 931
125 131
126 990
127 140
127 645
127 673
127 771
128 983
129 147
131 797
131 919
131 937
131 944
132 169
132 201
132 235
132 347
132 395
132 425
132 463
132 503
132 517
132 662
132 741
132 808
132 813
132 896
134 155
135 242
136 763
136 837
137 442
138 229
138 894
139 253
139 959
140 281
140 834
142 722
143 576
144 525
144 580
145 236
145 513
145 618
145 718
146 197
146 331
146 350
146 546
146 768
146 883
147 168
147 239
147 290
147 686
147 723
147 915
148 436
150 376
150 415
151 984
152 599
152 711
153 241
153 273
153 748
154 390
154 430
154 642
154 974
158 177
158 182
