0 1
0 2
0 3
0 4
0 7
0 8
0 9
0 11
0 12
0 24
0 29
0 30
0 31
0 34
0 43
0 44
0 47
0 48
0 52
0 58
0 60
0 65
0 67
0 80
0 85
0 99
0 103
0 114
0 115
0 116
0 118
0 129
0 136
0 137
0 139
0 140
0 141
0 142
0 143
0 146
0 156
0 159
0 164
0 165
0 178
0 184
0 187
0 188
0 190
0 198
0 201
0 211
0 264
0 267
0 277
0 294
0 318
0 375
0 398
0 428
0 470
0 471
0 477
0 496
0 505
0 520
0 612
0 666
0 699
0 741
0 766
0 775
0 795
0 841
0 856
0 998
1 2
1 3
1 4
1 7
1 25
1 31
1 43
1 45
1 61
1 68
1 71
1 75
1 107
1 113
1 115
1 121
1 137
1 165
1 166
1 168
1 179
1 183
1 189
1 262
1 347
1 390
1 407
1 568
1 623
1 636
1 765
1 810
1 903
1 937
1 963
2 3
2 4
2 5
2 6
2 7
2 10
2 14
2 16
2 17
2 28
2 34
2 37
2 38
2 42
2 43
2 44
2 48
2 49
2 53
2 62
2 67
2 75
2 78
2 79
2 80
2 92
2 93
2 95
2 97
2 99
2 106
2 108
2 115
2 125
2 126
2 127
2 137
2 152
2 156
2 157
2 161
2 174
2 178
2 191
2 203
2 204
2 303
2 330
2 368
2 371
2 451
2 455
2 457
2 478
2 545
2 566
2 618
2 661
2 685
2 686
2 708
2 728
2 761
2 763
2 770
2 816
2 826
2 831
2 877
2 879
2 884
2 951
2 971
3 4
3 6
3 8
3 9
3 13
3 18
3 21
3 27
3 32
3 35
3 38
3 40
3 42
3 49
3 59
3 67
3 75
3 76
3 83
3 90
3 96
3 99
3 101
3 112
3 128
3 137
3 157
3 158
3 160
3 169
3 182
3 184
3 200
3 205
3 226
3 296
3 302
3 372
3 391
3 422
3 425
3 432
3 445
3 447
3 584
3 611
3 634
3 637
3 639
3 644
3 649
3 689
3 707
3 716
3 762
3 804
3 914
3 919
3 959
4 5
4 13
4 19
4 20
4 25
4 27
4 28
4 37
4 41
4 47
4 67
4 69
4 71
4 77
4 81
4 87
4 90
4 91
4 94
4 95
4 98
4 111
4 114
4 117
4 119
4 130
4 131
4 138
4 139
4 142
4 149
4 155
4 158
4 159
4 168
4 177
4 182
4 185
4 186
4 192
4 195
4 197
4 254
4 284
4 298
4 328
4 357
4 466
4 493
4 501
4 519
4 542
4 603
4 616
4 627
4 712
4 781
4 789
4 825
4 827
4 859
4 887
4 906
4 930
4 942
4 953
5 7
5 10
5 23
5 51
5 57
5 82
5 159
5 195
5 208
5 237
5 252
5 350
5 379
5 497
5 538
5 556
5 652
5 752
5 821
5 823
5 852
5 886
5 944
5 985
5 120
5 90
5 6
5 8
5 9
5 11
5 15
5 22
5 27
5 43
5 52
5 64
5 65
5 67
5 96
5 103
5 131
6 8
6 33
6 112
6 162
6 180
6 203
6 220
6 342
6 356
6 607
6 681
6 726
6 807
6 849
6 875
6 883
6 897
6 998
6 9
6 11
6 13
6 17
6 30
6 40
6 41
6 44
6 63
6 70
6 71
6 75
6 76
6 82
6 91
6 108
6 115
6 116
6 147
6 148
7 10
7 23
7 25
7 88
7 174
7 383
7 574
7 674
7 997
7 90
7 9
7 19
7 22
7 58
7 62
7 72
7 77
7 83
7 94
7 95
7 104
8 33
8 105
8 179
8 431
8 528
8 565
8 604
8 625
8 870
8 966
8 970
8 12
8 13
8 14
8 16
8 20
8 32
8 42
8 88
8 109
9 11
9 13
9 17
9 26
9 29
9 42
9 56
9 81
9 90
9 110
9 167
9 191
9 202
9 221
9 238
9 270
9 506
9 516
9 561
9 609
9 697
9 800
9 834
9 862
9 983
9 10
9 31
9 39
10 23
10 51
10 55
10 88
10 174
10 189
10 240
10 397
10 483
10 548
10 778
10 967
10 90
11 17
11 26
11 73
11 288
11 481
11 907
11 932
11 90
11 15
11 18
11 34
11 38
11 40
11 55
11 60
11 82
11 91
11 99
11 106
11 109
11 119
11 123
11 125
11 152
12 14
12 18
12 555
12 745
12 749
13 15
13 17
13 24
13 26
13 27
13 38
13 52
13 60
13 63
13 69
13 85
13 96
13 108
13 110
13 119
13 133
13 147
13 154
13 200
13 202
13 218
13 233
13 290
13 291
13 320
13 321
13 326
13 327
13 334
13 364
13 381
13 387
13 396
13 403
13 452
13 475
13 484
13 560
13 591
13 653
13 659
13 692
13 721
13 723
13 755
13 774
13 797
13 832
13 836
13 837
13 878
13 880
13 885
13 911
13 924
13 954
13 990
13 999
13 29
13 57
13 143
14 22
14 31
14 35
14 102
14 194
14 274
14 276
14 467
14 485
14 648
14 707
14 751
14 920
14 60
14 104
14 117
15 61
15 223
15 718
15 866
15 90
15 25
15 28
15 67
15 79
15 143
15 153
16 70
16 100
16 131
16 845
17 26
17 135
17 172
17 247
17 373
17 640
17 643
17 684
17 993
18 29
18 32
18 106
18 242
18 282
18 499
19 20
19 30
19 41
19 93
19 160
19 180
19 251
19 269
19 488
19 549
19 588
19 597
19 598
19 646
19 847
19 949
19 120
19 61
19 90
20 89
20 104
20 105
20 722
20 758
20 39
20 164
21 35
21 36
21 97
21 151
21 389
21 801
21 120
21 41
22 35
22 115
22 127
22 145
22 170
22 283
22 294
22 325
22 360
22 448
22 635
22 784
22 853
23 51
23 55
23 57
23 71
23 79
23 88
23 174
23 193
23 228
23 272
23 417
23 439
23 462
23 463
23 551
23 674
23 719
24 34
24 54
24 126
24 138
24 460
24 824
24 869
24 987
25 51
25 82
25 268
25 830
25 940
25 38
25 49
25 56
25 63
25 87
25 99
25 112
25 141
25 151
25 152
26 103
26 244
26 416
26 454
26 527
26 599
26 767
27 45
27 46
27 70
27 99
27 140
27 152
27 290
27 300
27 384
27 542
27 854
27 891
27 90
27 33
27 72
27 103
28 49
28 149
28 770
29 32
29 36
29 37
29 53
29 58
29 90
29 98
29 130
29 150
29 170
29 177
29 182
29 202
29 207
29 232
29 313
29 331
29 341
29 362
29 365
29 390
29 395
29 410
29 444
29 449
29 518
29 571
29 601
29 632
29 651
29 655
29 670
29 703
29 706
29 713
29 743
29 750
29 753
29 776
29 777
29 813
29 817
29 819
29 864
29 893
29 902
29 973
30 72
30 74
30 91
30 106
30 122
30 128
30 130
30 151
30 153
30 176
30 187
30 197
30 246
30 292
30 304
30 312
30 314
30 322
30 377
30 380
30 414
30 427
30 440
30 461
30 476
30 504
30 509
30 515
30 525
30 531
30 587
30 593
30 606
30 638
30 757
30 792
30 808
30 881
30 936
30 947
30 969
30 984
30 992
31 33
31 39
31 48
31 63
31 87
31 91
31 148
31 280
31 333
31 335
31 363
31 366
31 622
31 649
31 704
31 742
31 785
31 789
31 798
31 822
31 895
31 901
31 915
31 925
31 986
32 63
32 134
32 408
32 508
32 675
32 696
32 791
32 867
32 74
33 86
33 89
33 112
33 203
33 310
33 500
33 650
33 916
33 97
33 129
34 56
34 60
34 64
34 104
34 126
34 146
34 163
34 173
34 204
34 235
34 261
34 345
34 420
34 473
34 480
34 517
34 673
34 682
34 729
34 754
34 779
34 780
34 811
34 812
34 829
34 892
34 894
34 922
34 977
34 43
34 51
34 74
34 76
35 66
35 84
35 87
35 509
36 225
37 80
37 163
37 191
37 424
37 444
37 602
37 841
38 60
38 70
38 147
38 178
38 266
38 378
38 523
38 563
38 564
38 806
38 933
38 39
38 55
38 57
38 80
38 95
38 101
38 110
38 135
39 423
39 510
39 705
39 855
39 927
39 41
39 125
40 62
40 105
40 319
40 338
40 690
40 73
40 92
40 132
40 133
40 149
40 186
41 118
41 502
41 47
41 49
41 89
41 97
41 104
41 130
41 142
42 56
42 121
42 138
42 613
42 846
42 111
43 45
43 97
43 441
43 558
43 570
43 633
43 760
44 175
44 605
44 614
45 77
45 210
45 222
45 351
45 354
45 628
45 90
45 50
45 66
46 69
46 101
46 140
46 890
47 76
47 249
47 630
47 746
47 113
47 120
47 124
48 50
48 429
48 507
48 756
48 988
49 76
49 150
49 734
49 794
49 935
49 54
49 59
49 124
50 100
51 107
51 123
51 136
51 143
51 171
51 257
51 259
51 437
51 529
51 727
51 736
51 771
51 796
51 820
51 868
51 896
51 950
52 355
52 370
52 376
52 839
52 120
52 67
52 81
52 137
52 140
53 346
54 56
54 124
54 90
55 68
55 214
55 479
55 573
55 578
55 740
55 904
56 809
56 964
56 114
56 136
57 123
57 152
57 255
57 260
57 430
57 487
57 559
57 676
57 691
57 74
57 193
58 535
58 562
58 715
58 934
58 69
58 79
58 84
59 860
60 63
60 94
61 132
61 169
61 183
61 524
61 534
61 115
61 178
62 491
62 671
62 180
63 75
63 83
63 147
63 183
63 344
63 404
63 438
63 508
63 557
63 572
63 586
63 620
63 656
63 678
63 694
63 851
63 899
63 908
63 956
63 965
63 984
63 118
65 913
65 204
66 323
66 495
66 786
66 121
67 162
67 188
67 212
67 230
67 532
67 645
67 710
67 859
67 863
67 958
67 962
67 81
68 143
68 199
68 217
68 353
68 522
68 608
68 663
69 213
70 83
70 129
70 787
71 82
71 109
71 111
71 144
71 195
71 248
71 273
71 293
71 392
71 490
71 533
71 543
71 567
71 594
71 600
71 918
72 236
72 592
73 339
73 349
73 994
74 101
74 140
74 147
74 148
75 92
75 231
75 241
75 258
75 575
75 610
76 433
76 979
76 124
76 135
76 136
77 139
78 123
78 136
78 160
78 281
78 336
78 367
78 465
78 658
78 662
78 739
78 744
78 898
78 955
78 174
80 263
80 311
80 402
80 434
80 872
81 202
81 540
81 840
81 121
82 199
83 142
83 306
83 399
83 582
83 585
83 626
85 400
85 442
86 412
86 90
87 194
87 617
88 109
88 250
88 275
88 309
88 732
88 814
88 838
88 93
89 105
89 113
89 141
89 307
89 436
89 577
89 714
90 96
90 114
90 888
90 912
90 128
90 134
91 111
91 150
91 382
91 456
91 459
91 474
91 576
91 709
91 735
91 835
91 938
91 995
91 144
91 149
92 119
92 941
93 369
93 406
94 452
94 539
94 693
95 144
95 224
95 234
95 265
95 297
95 482
95 512
95 519
95 583
95 589
95 595
95 679
95 818
95 889
95 926
95 981
97 127
97 278
97 450
97 569
97 695
97 799
97 802
97 803
97 909
97 948
98 435
98 664
98 790
98 857
98 874
98 120
99 120
99 125
99 172
99 409
99 492
99 513
99 530
99 536
99 550
99 552
99 627
99 667
99 683
99 782
99 788
99 833
99 996
99 123
100 129
100 239
100 120
101 352
101 361
101 421
101 498
101 514
101 544
101 850
103 416
103 146
105 358
105 468
105 486
105 553
105 162
106 184
106 194
106 316
107 171
107 737
107 120
108 149
108 158
108 348
108 386
108 388
108 641
108 665
108 952
108 976
109 195
109 134
110 285
110 289
110 677
110 701
110 702
110 747
110 773
110 921
111 315
111 458
111 660
111 680
111 196
112 332
112 337
112 418
112 464
112 596
112 828
112 844
113 279
113 139
113 203
114 229
114 295
114 299
114 419
114 654
114 657
114 783
114 842
114 917
114 939
114 982
115 145
116 885
117 472
118 148
118 219
118 769
118 808
118 843
119 136
119 171
119 182
119 196
119 443
119 503
119 580
119 876
120 144
121 725
122 863
122 161
123 192
123 699
123 768
123 975
124 158
126 154
126 163
126 177
126 415
126 579
126 720
126 731
126 931
127 426
127 590
127 615
127 910
128 764
128 865
129 209
129 239
129 286
129 688
129 989
130 526
130 629
130 871
130 928
130 148
130 150
130 153
131 200
131 329
131 489
132 647
132 793
132 929
133 216
133 441
134 511
135 181
135 374
135 469
135 157
135 173
136 206
137 141
137 185
137 305
137 621
137 668
137 687
137 900
137 945
138 173
138 738
138 817
139 153
139 172
139 271
139 324
139 359
139 537
139 554
139 570
139 669
139 672
139 700
139 748
139 772
139 815
139 861
139 943
139 968
139 974
140 972
141 253
141 308
141 343
141 385
141 393
141 411
141 413
141 468
141 494
141 546
141 581
141 624
141 681
141 711
141 717
141 805
141 882
141 946
141 953
141 961
141 978
142 256
142 405
142 541
142 733
143 199
143 521
143 724
144 640
144 759
144 858
144 957
145 446
145 453
146 873
148 176
148 197
148 301
148 547
148 848
148 883
149 631
149 980
150 176
150 215
150 227
150 245
150 401
150 594
150 619
150 642
150 664
150 698
150 905
150 991
152 287
152 394
152 730
152 923
153 165
153 317
153 160
153 176
154 243
154 340
154 960
154 172
160 197
187 197
