0 1
0 2
0 3
0 34
0 59
0 68
0 103
0 110
0 124
0 129
0 157
0 160
0 163
0 170
0 233
0 439
0 503
0 530
0 619
0 746
0 811
0 840
0 920
0 948
1 2
1 3
1 9
1 12
1 19
1 23
1 32
1 43
1 45
1 53
1 55
1 58
1 62
1 69
1 76
1 77
1 78
1 81
1 92
1 93
1 97
1 102
1 106
1 109
1 112
1 122
1 127
1 134
1 139
1 157
1 161
1 178
1 183
1 186
1 190
1 194
1 197
1 199
1 202
1 213
1 218
1 294
1 309
1 316
1 349
1 352
1 362
1 607
1 641
1 703
1 704
1 774
1 810
1 812
1 815
1 832
1 890
1 903
1 938
1 940
1 955
1 962
2 3
2 4
2 5
2 6
2 7
2 8
2 11
2 12
2 26
2 29
2 32
2 34
2 40
2 42
2 44
2 45
2 50
2 56
2 60
2 67
2 68
2 70
2 72
2 76
2 79
2 84
2 90
2 91
2 98
2 101
2 102
2 107
2 118
2 121
2 123
2 136
2 137
2 141
2 151
2 152
2 155
2 156
2 158
2 159
2 163
2 164
2 166
2 171
2 173
2 179
2 180
2 181
2 186
2 188
2 189
2 190
2 197
2 200
2 201
2 235
2 245
2 256
2 279
2 281
2 346
2 357
2 363
2 364
2 367
2 420
2 508
2 512
2 524
2 594
2 602
2 605
2 680
2 687
2 716
2 753
2 760
2 771
2 805
2 816
2 900
2 917
2 934
2 970
2 979
3 6
3 8
3 10
3 14
3 15
3 17
3 25
3 35
3 36
3 37
3 49
3 52
3 53
3 56
3 57
3 62
3 63
3 64
3 66
3 67
3 68
3 69
3 72
3 73
3 74
3 75
3 80
3 81
3 82
3 87
3 90
3 99
3 101
3 106
3 111
3 113
3 119
3 121
3 123
3 125
3 127
3 129
3 134
3 142
3 149
3 154
3 158
3 163
3 169
3 176
3 181
3 184
3 185
3 189
3 194
3 199
3 201
3 202
3 205
3 207
3 218
3 232
3 263
3 276
3 320
3 336
3 359
3 380
3 401
3 403
3 421
3 451
3 454
3 472
3 491
3 592
3 603
3 622
3 649
3 650
3 682
3 685
3 712
3 731
3 734
3 776
3 794
3 847
3 874
3 878
3 894
3 913
3 923
3 958
3 966
3 983
3 986
4 5
4 7
4 18
4 24
4 36
4 88
4 101
4 117
4 124
4 392
4 575
4 645
4 693
4 709
4 843
4 72
4 65
5 7
5 18
5 29
5 41
5 83
5 98
5 109
5 112
5 123
5 130
5 144
5 161
5 219
5 242
5 289
5 303
5 310
5 358
5 384
5 396
5 455
5 480
5 522
5 523
5 542
5 550
5 559
5 563
5 589
5 631
5 714
5 725
5 767
5 889
5 890
5 892
5 896
5 901
5 918
5 951
5 982
5 72
5 82
5 10
5 14
5 15
5 17
5 20
5 21
5 25
5 44
5 78
5 128
6 9
6 10
6 16
6 28
6 53
6 58
6 91
6 96
6 114
6 227
6 298
6 452
6 492
6 511
6 695
6 865
7 18
7 46
7 84
7 444
7 489
7 570
7 789
7 908
7 72
7 12
7 15
7 27
7 40
7 70
7 87
7 89
7 115
7 131
8 11
8 13
8 17
8 21
8 22
8 50
8 72
8 93
8 113
8 166
8 214
8 266
8 292
8 339
8 394
8 460
8 531
8 587
8 666
8 683
8 807
8 881
8 928
8 964
8 972
9 27
9 277
9 486
9 543
9 773
9 905
9 914
9 72
9 20
9 50
9 52
9 57
9 86
9 99
9 135
9 145
10 16
10 19
10 23
10 24
10 26
10 27
10 43
10 76
10 85
10 96
10 100
10 111
10 129
10 135
10 168
10 203
10 251
10 388
10 397
10 471
10 499
10 624
10 775
10 830
10 870
10 897
10 902
10 971
10 72
10 14
10 17
10 68
11 21
11 22
11 159
11 230
11 399
11 585
11 640
11 783
12 14
12 20
12 29
12 30
12 38
12 61
12 64
12 138
12 195
12 290
12 319
12 389
12 929
12 935
13 57
13 82
13 108
13 177
13 212
13 431
13 544
13 662
13 681
13 876
14 20
14 47
14 429
14 507
14 521
14 590
14 745
14 758
14 21
15 22
15 325
15 525
15 636
15 29
15 31
15 41
15 49
15 60
15 68
15 74
15 101
15 114
16 32
16 160
16 304
16 777
16 968
16 199
17 22
17 50
17 57
17 147
17 148
17 198
17 332
17 463
17 744
17 928
17 61
18 35
18 36
18 86
18 95
18 156
18 257
18 392
18 621
18 623
18 801
18 942
18 969
19 184
19 208
19 244
19 458
19 473
19 498
19 646
19 674
19 739
19 796
19 802
19 813
19 834
19 836
20 25
20 31
20 44
20 45
20 55
20 71
20 133
20 172
20 182
20 241
20 284
20 289
20 327
20 333
20 381
20 433
20 449
20 506
20 532
20 549
20 588
20 591
20 616
20 643
20 653
20 661
20 698
20 732
20 740
20 778
20 819
20 862
20 867
20 869
20 912
20 915
20 23
20 29
20 43
20 58
20 85
20 153
21 831
21 30
21 49
21 96
21 111
21 126
21 138
22 82
22 108
22 120
22 149
22 306
22 313
22 600
22 606
22 669
22 723
22 933
22 72
22 54
22 76
22 130
23 25
23 62
23 321
23 330
23 404
23 470
23 561
23 651
23 688
23 692
23 719
23 765
23 822
23 825
23 882
23 916
23 999
23 42
23 72
24 610
25 31
25 350
25 354
25 464
25 554
25 642
25 846
25 975
25 146
26 28
26 63
26 76
26 77
26 78
26 94
26 217
26 406
26 413
26 430
26 438
26 513
26 527
26 707
26 708
26 980
26 985
27 188
27 312
27 72
27 35
27 43
27 48
27 52
27 57
27 84
27 96
27 115
27 117
27 123
27 132
27 135
27 141
28 179
28 469
29 30
29 33
29 38
29 42
29 47
29 53
29 56
29 83
29 122
29 153
29 195
29 268
29 424
29 515
29 547
29 612
29 617
29 713
29 786
29 873
29 36
29 125
30 47
30 158
30 180
30 485
30 917
30 38
30 79
31 37
31 38
31 80
31 191
31 334
31 343
31 630
31 694
31 799
32 51
32 94
32 110
32 129
32 250
32 267
32 391
32 764
32 850
32 987
34 59
34 66
34 131
34 145
34 165
34 223
34 269
34 275
34 291
34 314
34 351
34 360
34 370
34 419
34 427
34 465
34 479
34 493
34 494
34 534
34 608
34 720
34 759
34 888
34 927
34 937
34 944
34 953
35 36
35 41
35 95
35 210
35 393
35 652
35 733
35 37
35 45
35 63
35 69
35 79
35 106
35 112
35 122
35 128
36 104
36 113
36 120
36 144
36 209
36 255
36 341
36 361
36 371
36 375
36 442
36 480
36 501
36 504
36 529
36 545
36 620
36 659
36 673
36 689
36 718
36 726
36 738
36 757
36 864
36 872
36 891
36 921
36 956
36 990
36 79
37 39
37 216
37 856
37 84
38 40
38 48
38 49
38 52
38 62
38 73
38 77
38 89
38 102
38 105
38 115
38 140
38 167
38 187
38 204
38 234
38 236
38 237
38 247
38 376
38 411
38 461
38 477
38 478
38 484
38 546
38 565
38 604
38 648
38 655
38 664
38 692
38 697
38 711
38 722
38 729
38 730
38 780
38 782
38 821
38 829
38 833
38 877
38 885
38 941
38 965
38 989
38 69
38 158
39 788
40 48
40 74
40 136
40 155
40 599
40 618
40 632
40 737
40 820
40 849
40 82
40 53
40 92
41 373
41 700
41 727
42 167
42 415
42 82
42 56
42 92
42 116
43 114
43 412
43 795
43 66
43 143
43 184
44 54
44 526
44 72
44 62
44 137
44 150
45 109
45 701
46 84
46 156
46 297
46 474
46 476
46 573
46 628
46 763
46 797
46 72
46 161
47 167
47 363
48 131
48 326
48 572
48 629
48 827
48 993
48 63
48 138
49 162
49 191
49 441
49 596
49 638
49 684
49 922
49 988
49 56
49 193
50 192
50 215
50 296
50 495
50 663
50 80
50 123
50 139
51 100
52 80
52 462
52 866
52 104
53 60
53 89
53 142
53 150
53 153
53 165
53 204
53 225
53 274
53 345
53 410
53 536
53 706
53 721
53 790
53 842
53 857
53 125
54 302
54 369
54 634
54 755
54 772
54 806
54 898
54 984
55 61
55 79
55 117
55 348
55 398
55 416
55 418
55 496
56 67
56 138
56 422
56 520
56 574
56 595
56 682
56 762
56 122
57 365
57 466
57 883
58 577
58 668
59 65
59 125
59 141
59 272
59 308
59 329
59 408
59 787
59 803
59 886
59 976
59 72
60 85
60 676
60 72
61 70
61 609
61 770
62 75
62 107
62 126
62 172
62 174
62 280
62 288
62 300
62 311
62 317
62 372
62 374
62 405
62 502
62 715
62 742
62 750
62 761
62 784
62 809
62 848
62 875
62 925
62 931
62 945
62 960
62 961
62 991
62 70
63 267
63 434
63 75
65 152
65 211
65 261
65 395
65 426
65 435
65 568
65 593
65 735
66 110
66 206
66 113
67 116
67 342
67 456
67 821
67 72
67 86
68 92
68 107
68 108
68 113
68 169
68 192
68 265
68 278
68 307
68 448
68 539
68 779
68 781
68 826
68 959
68 963
68 82
69 80
69 134
69 168
69 226
69 383
69 412
69 457
69 459
69 538
69 558
69 641
69 793
69 844
69 845
69 863
69 946
69 988
69 78
69 175
70 87
71 82
72 177
72 823
72 950
72 992
72 75
72 81
72 93
72 127
74 196
74 254
74 497
75 175
75 181
75 187
75 252
75 377
75 400
75 576
76 199
76 957
76 203
77 140
77 203
77 356
77 736
78 132
78 253
78 322
78 533
78 120
79 86
79 95
79 104
79 286
79 854
79 129
80 162
80 428
80 446
80 626
80 671
80 82
80 114
81 221
81 344
81 555
81 569
81 580
81 615
81 855
81 895
81 954
81 139
81 155
81 174
81 176
82 163
82 98
82 100
82 103
82 130
82 132
84 92
84 273
84 657
84 785
84 893
84 907
84 909
84 973
84 102
84 108
84 134
84 136
85 133
85 168
85 238
85 368
85 490
85 644
85 691
85 911
86 118
86 151
86 161
86 672
88 117
89 105
89 423
89 614
89 868
90 128
90 193
91 837
92 125
92 146
92 293
92 338
92 366
92 519
92 625
92 654
92 702
92 705
92 747
92 750
92 998
92 98
93 105
93 120
93 164
93 166
93 186
93 240
93 258
93 282
93 318
93 335
93 372
93 417
93 431
93 432
93 436
93 443
93 453
93 467
93 517
93 540
93 553
93 584
93 617
93 627
93 640
93 728
93 754
93 768
93 838
93 858
93 879
93 884
93 899
93 930
93 949
93 956
93 974
93 996
95 249
95 475
95 537
95 727
95 904
95 178
96 100
96 769
96 104
96 108
97 156
97 273
97 505
97 548
97 567
97 171
98 124
98 156
99 995
100 133
101 173
101 243
101 259
101 322
101 353
101 488
101 652
101 690
101 699
101 753
101 901
101 909
101 932
101 943
101 947
102 143
102 239
102 283
102 295
102 926
103 871
103 965
104 152
104 229
104 262
104 305
104 338
104 860
104 908
104 977
106 220
106 264
106 552
106 587
106 613
106 792
106 924
106 955
107 323
107 495
107 540
108 382
109 340
111 270
111 447
111 154
112 175
112 287
112 483
112 500
112 583
112 639
112 994
113 271
113 285
113 385
113 717
113 880
114 121
114 766
114 141
115 246
115 579
115 793
115 817
116 468
116 516
116 818
117 202
117 437
117 660
117 675
117 939
118 150
118 347
118 910
119 126
119 169
119 414
120 560
120 798
121 390
122 756
122 997
123 143
123 248
123 637
123 147
125 178
125 228
125 677
125 824
125 852
126 355
126 541
126 665
126 177
128 172
128 328
128 510
129 440
129 566
131 337
131 564
131 598
131 751
131 761
132 299
132 133
133 179
133 197
133 237
133 315
133 470
133 518
133 667
133 710
133 741
133 748
133 752
133 791
133 804
133 835
133 861
133 887
133 919
133 967
133 994
134 324
134 378
134 438
134 514
134 633
134 656
134 814
134 853
135 425
135 696
136 176
136 481
136 582
136 588
136 162
137 749
137 187
138 231
138 327
139 171
139 260
139 670
139 952
140 379
140 859
141 148
141 387
141 445
141 557
141 578
141 633
141 724
141 808
141 978
141 981
141 166
142 224
142 386
142 535
142 678
142 817
142 157
143 679
144 146
144 743
144 800
145 601
146 402
147 198
147 551
147 658
147 841
147 186
148 407
148 556
148 562
148 647
148 839
150 160
150 222
150 243
150 301
150 331
150 409
150 450
150 482
150 528
150 586
150 611
150 635
150 828
150 851
150 906
150 936
150 179
151 571
151 686
152 437
152 487
152 509
153 581
153 597
158 167
159 169
161 202
162 175
164 189
179 184
189 192
