0 1
0 2
0 3
0 4
0 5
0 7
0 8
0 10
0 11
0 15
0 17
0 19
0 20
0 22
0 26
0 27
0 30
0 31
0 38
0 41
0 42
0 43
0 45
0 52
0 53
0 56
0 57
0 60
0 61
0 65
0 69
0 76
0 79
0 85
0 96
0 100
0 101
0 108
0 112
0 115
0 120
0 127
0 132
0 135
0 139
0 141
0 142
0 145
0 153
0 155
0 160
0 161
0 169
0 173
0 175
0 176
0 177
0 182
0 183
0 186
0 190
0 192
0 202
0 207
0 225
0 245
0 290
0 343
0 349
0 360
0 418
0 469
0 559
0 568
0 581
0 600
0 674
0 722
0 741
0 778
0 787
0 791
0 859
0 881
0 924
0 940
0 959
0 983
1 2
1 3
1 4
1 11
1 29
1 34
1 37
1 49
1 53
1 67
1 76
1 77
1 94
1 129
1 136
1 141
1 146
1 148
1 170
1 174
1 186
1 194
1 248
1 404
1 410
1 417
1 505
1 647
1 685
1 704
1 716
1 735
1 894
1 943
2 3
2 4
2 11
2 13
2 19
2 26
2 29
2 43
2 62
2 65
2 77
2 80
2 89
2 110
2 124
2 126
2 133
2 136
2 137
2 143
2 147
2 148
2 151
2 185
2 191
2 195
2 202
2 231
2 283
2 353
2 499
2 541
2 751
2 951
3 4
3 6
3 9
3 12
3 14
3 18
3 26
3 36
3 43
3 46
3 51
3 56
3 64
3 68
3 88
3 89
3 94
3 96
3 106
3 116
3 129
3 139
3 140
3 143
3 145
3 151
3 152
3 154
3 161
3 167
3 170
3 171
3 180
3 187
3 191
3 194
3 201
3 273
3 274
3 276
3 282
3 297
3 316
3 328
3 348
3 502
3 511
3 520
3 521
3 534
3 536
3 555
3 639
3 694
3 752
3 841
3 846
3 852
3 887
3 902
4 5
4 6
4 7
4 10
4 12
4 17
4 25
4 26
4 63
4 71
4 79
4 80
4 86
4 88
4 112
4 115
4 123
4 132
4 135
4 137
4 141
4 151
4 156
4 161
4 164
4 167
4 202
4 322
4 324
4 477
4 503
4 612
4 621
4 657
4 689
4 941
4 954
4 958
4 997
5 7
5 14
5 24
5 31
5 92
5 99
5 187
5 228
5 362
5 379
5 382
5 389
5 396
5 438
5 453
5 457
5 528
5 545
5 573
5 576
5 596
5 698
5 705
5 884
5 942
5 60
5 20
5 29
5 37
5 44
5 49
5 84
6 9
6 16
6 22
6 23
6 77
6 93
6 113
6 131
6 321
6 506
6 524
6 642
6 750
6 788
6 793
6 802
6 810
6 60
6 14
7 14
7 24
7 35
7 39
7 56
7 57
7 66
7 70
7 99
7 143
7 490
7 538
7 672
7 687
7 742
7 772
7 868
7 60
7 8
7 10
7 11
7 12
7 22
7 33
7 41
7 43
7 68
7 74
7 90
7 96
7 131
7 139
8 10
8 25
8 30
8 33
8 114
8 249
8 361
8 517
8 838
8 11
8 15
9 13
9 22
9 46
9 47
9 106
9 150
9 152
9 221
9 272
9 463
9 686
9 702
9 711
9 734
9 783
9 946
9 60
9 10
9 15
9 21
9 26
9 36
9 50
9 54
9 56
9 68
9 85
9 87
9 92
9 99
9 103
9 122
9 125
9 153
10 25
10 52
10 67
10 309
10 319
10 627
10 657
10 27
10 39
10 117
10 121
11 15
11 168
11 176
11 189
11 300
11 372
11 392
11 433
11 532
11 592
11 619
11 806
11 42
11 76
11 83
11 89
12 18
12 27
12 28
12 124
12 175
12 192
12 313
12 480
12 677
12 900
12 59
13 19
13 20
13 41
13 131
13 155
13 543
13 972
13 974
14 24
14 31
14 35
14 64
14 89
14 138
14 149
14 195
14 270
14 307
14 387
14 420
14 424
14 439
14 498
14 500
14 528
14 539
14 758
14 768
14 817
14 928
14 942
15 44
15 60
15 68
15 87
15 140
15 158
15 166
15 172
15 257
15 277
15 370
15 395
15 510
15 646
15 648
16 163
16 272
16 60
16 20
16 35
16 44
16 94
16 106
17 18
17 84
17 116
17 246
17 253
17 374
17 564
17 626
17 671
17 693
17 820
17 867
17 914
17 926
17 950
18 21
18 28
18 29
18 40
18 61
18 124
18 153
18 162
18 220
18 251
18 275
18 302
18 428
18 508
18 522
18 527
18 623
18 641
18 925
18 955
18 964
19 20
19 23
19 76
19 134
19 224
19 364
19 385
19 565
19 642
19 795
19 978
19 60
19 71
19 79
19 102
19 115
20 47
20 65
20 109
20 269
20 324
20 351
20 557
20 60
20 37
20 43
20 53
20 57
20 61
20 64
20 95
20 129
20 136
21 125
21 336
21 357
21 454
21 26
21 46
21 81
21 82
21 85
21 153
22 102
22 104
22 411
22 660
22 727
22 779
22 25
22 79
22 95
22 133
22 167
23 65
23 167
23 507
23 515
23 695
23 737
23 896
24 39
24 70
24 73
24 92
24 130
24 138
24 226
24 240
24 383
24 393
24 407
24 535
24 622
24 655
24 668
24 673
24 678
24 681
24 786
24 883
24 186
25 30
25 32
25 38
25 43
25 74
25 75
25 98
25 222
25 262
25 352
25 523
25 593
25 724
25 939
25 35
26 42
26 44
26 62
26 69
26 72
26 78
26 127
26 165
26 166
26 236
26 267
26 288
26 339
26 444
26 451
26 625
26 643
26 651
26 659
26 746
26 866
26 892
26 27
26 34
26 51
26 105
26 108
26 133
27 28
27 471
27 602
27 39
28 33
28 369
28 398
28 481
28 715
28 60
28 100
29 36
29 58
29 84
29 103
29 110
29 120
29 365
29 401
29 654
29 701
29 736
29 873
29 999
29 197
30 37
30 38
30 50
30 63
30 74
30 87
30 90
30 96
30 98
30 331
30 458
30 513
30 608
30 700
30 728
30 731
30 761
30 764
30 833
30 848
30 905
30 989
31 34
31 57
31 66
31 99
31 101
31 119
31 261
31 460
31 690
31 706
31 760
31 913
31 981
32 59
32 169
32 278
32 337
32 390
32 403
32 468
32 488
32 601
32 603
32 826
32 962
33 50
33 61
33 85
33 114
33 122
33 142
33 157
33 184
33 193
33 196
33 200
33 203
33 223
33 234
33 252
33 301
33 333
33 354
33 413
33 442
33 508
33 521
33 546
33 554
33 558
33 579
33 580
33 603
33 634
33 653
33 716
33 747
33 828
33 831
33 840
33 876
33 880
33 888
33 947
33 948
33 963
33 965
33 985
33 992
33 81
33 119
34 56
34 107
34 111
35 128
35 195
35 213
35 247
35 340
35 447
35 486
35 697
35 774
35 41
35 73
36 58
36 177
36 285
36 471
36 585
36 586
36 957
37 531
37 813
37 65
37 154
38 157
38 755
38 898
38 945
39 70
39 107
39 144
39 214
39 232
39 310
39 430
39 462
39 666
39 738
39 762
39 777
39 76
40 218
40 843
40 858
40 182
41 48
41 55
41 94
41 108
41 159
41 188
41 299
41 346
41 377
41 635
41 953
41 966
42 45
42 54
42 71
42 335
43 47
43 67
43 82
43 87
43 98
43 183
43 239
43 325
43 334
43 405
43 421
43 426
43 587
43 604
43 680
43 684
43 714
43 765
43 782
43 784
43 836
43 984
43 60
43 51
43 62
43 127
44 60
44 72
44 111
44 135
44 259
44 640
44 922
44 45
44 61
44 69
44 70
44 78
44 80
44 151
45 78
45 121
45 158
45 180
45 394
45 444
45 918
45 935
45 60
45 117
46 55
46 76
46 93
46 131
46 160
46 280
46 304
46 356
46 358
46 472
46 484
46 577
46 679
46 763
46 779
46 855
46 996
47 48
47 75
47 81
47 113
47 215
47 279
47 294
47 363
47 399
47 415
47 440
47 443
47 465
47 519
47 529
47 583
47 597
47 598
47 729
47 743
47 770
47 790
47 792
47 815
47 823
47 906
47 933
47 969
48 145
48 160
48 388
48 425
48 589
48 662
49 221
49 250
49 102
50 81
50 114
51 448
51 75
51 128
52 808
52 170
53 68
53 83
53 461
53 692
53 869
53 161
54 326
54 525
55 104
55 105
55 188
55 606
56 97
56 567
56 104
56 111
57 64
57 469
57 683
57 991
59 149
60 91
60 117
60 121
60 305
60 688
60 821
60 66
60 75
60 83
60 86
60 94
60 128
60 132
60 147
60 151
60 166
61 63
61 74
61 85
61 95
61 110
61 146
61 154
61 177
61 196
61 200
61 209
61 263
61 281
61 303
61 323
61 475
61 493
61 509
61 550
61 552
61 615
61 628
61 661
61 718
61 860
61 861
61 885
61 912
61 916
61 949
61 979
61 980
62 434
62 75
63 414
63 633
63 157
64 99
64 381
64 599
64 845
64 975
64 987
65 108
65 132
65 205
65 243
65 264
65 359
65 474
65 618
65 730
65 909
65 128
65 198
67 179
67 292
67 436
67 456
67 479
67 548
67 649
67 699
67 733
68 118
68 141
68 172
68 260
68 329
68 380
68 485
68 607
68 801
68 994
68 96
69 78
69 658
69 676
69 835
70 181
70 464
70 571
70 582
70 745
70 773
70 780
70 827
70 862
70 910
70 997
71 121
72 241
72 584
72 708
72 901
72 993
73 129
73 217
73 298
73 312
73 97
74 90
74 179
74 427
74 516
74 629
74 796
74 144
76 91
76 117
76 172
76 180
76 189
76 229
76 289
76 368
76 397
76 400
76 429
76 437
76 450
76 466
76 497
76 518
76 551
76 588
76 594
76 644
76 740
76 767
76 789
76 800
76 847
76 857
76 875
76 917
76 938
76 80
76 106
76 108
76 109
76 126
76 131
77 94
77 198
77 416
77 595
77 988
78 126
78 211
78 233
78 235
78 295
78 355
78 376
78 391
78 563
78 757
78 829
79 184
79 822
79 859
79 893
79 90
79 121
79 143
79 149
79 154
80 111
80 256
80 284
80 617
80 691
80 99
80 134
81 149
82 366
82 554
82 842
83 120
84 95
84 537
84 645
84 754
84 92
84 125
84 138
85 87
85 146
86 720
87 91
87 100
87 118
87 169
87 176
87 268
87 287
87 315
87 318
87 386
87 402
87 406
87 544
87 547
87 553
87 560
87 613
87 614
87 649
87 670
87 696
87 726
87 749
87 794
87 878
87 889
87 904
87 915
87 961
87 968
87 998
88 265
88 476
88 610
88 710
88 931
89 195
89 230
89 549
89 921
89 141
89 148
90 91
90 183
91 118
91 271
91 112
92 147
92 151
92 609
92 637
92 103
93 96
94 105
94 123
94 163
94 198
94 375
94 422
94 432
94 483
94 530
94 839
95 570
95 638
95 712
95 748
95 814
95 200
96 216
96 456
96 620
96 851
96 977
96 982
96 101
96 139
98 114
98 578
98 781
98 932
99 115
99 149
99 199
99 669
99 739
99 804
99 849
99 919
99 956
100 588
101 119
101 632
101 824
101 944
101 142
101 202
102 140
102 174
102 219
102 258
102 315
102 344
102 378
102 495
102 664
102 805
102 816
102 895
104 591
105 512
106 135
106 159
106 188
107 197
107 286
107 341
107 371
107 504
107 542
107 798
107 799
107 818
107 834
107 886
108 338
108 487
108 636
108 879
109 159
109 347
109 409
109 562
109 812
109 890
109 937
110 210
110 237
110 266
110 311
110 314
110 441
110 449
110 452
110 533
110 616
110 624
110 630
110 667
110 707
110 713
110 723
110 803
110 830
110 850
110 856
110 863
110 865
110 874
110 899
110 927
110 929
110 960
110 973
110 976
110 990
111 158
112 575
112 631
113 150
113 327
113 766
114 204
114 291
114 367
114 412
114 445
114 489
114 491
115 809
115 147
116 540
116 650
117 153
118 227
118 566
118 611
118 882
118 907
118 189
119 317
119 825
120 125
120 184
120 196
120 212
120 333
120 455
120 492
120 638
121 122
121 126
121 423
122 254
122 308
122 373
122 569
122 811
122 832
122 870
122 971
123 145
123 293
123 330
123 446
124 345
124 877
124 930
124 986
125 342
125 384
125 514
125 930
125 144
125 193
126 174
126 467
127 134
127 459
127 759
127 769
127 853
128 206
128 371
128 872
128 934
129 153
129 419
129 556
129 967
129 194
130 255
130 449
130 470
130 473
130 753
130 970
130 199
131 178
131 244
131 891
131 895
132 296
133 208
133 242
133 298
133 350
133 408
133 572
133 785
133 807
133 819
133 920
133 972
133 138
134 854
134 952
134 145
136 178
136 181
136 478
136 590
136 682
136 703
136 721
136 864
138 665
139 897
139 155
140 320
140 435
140 923
141 165
141 168
141 496
141 525
141 656
141 732
141 744
141 771
141 837
141 172
142 776
142 179
143 197
143 605
145 238
145 501
145 574
145 936
146 156
146 185
146 561
146 652
146 719
146 871
146 903
146 908
146 184
147 332
147 911
148 306
148 482
148 797
149 431
149 473
149 675
151 725
152 163
153 526
153 717
153 756
153 775
153 844
153 995
153 162
154 494
154 663
154 709
163 167
171 202
