0 1
0 2
0 3
0 4
0 5
0 7
0 11
0 13
0 16
0 19
0 27
0 31
0 45
0 52
0 57
0 58
0 70
0 86
0 95
0 106
0 109
0 113
0 115
0 121
0 125
0 136
0 148
0 162
0 165
0 175
0 186
0 248
0 265
0 284
0 314
0 367
0 371
0 429
0 445
0 517
0 529
0 543
0 668
0 671
0 672
0 677
0 704
0 715
0 719
0 758
0 776
1 2
1 3
1 8
1 34
1 35
1 38
1 40
1 43
1 45
1 56
1 69
1 76
1 81
1 83
1 87
1 90
1 95
1 99
1 105
1 106
1 109
1 112
1 115
1 117
1 118
1 130
1 132
1 138
1 139
1 144
1 147
1 150
1 151
1 157
1 158
1 160
1 167
1 168
1 178
1 184
1 187
1 190
1 196
1 197
1 199
1 200
1 202
1 203
1 212
1 216
1 239
1 286
1 350
1 366
1 430
1 438
1 553
1 560
1 585
1 586
1 588
1 612
1 669
1 764
1 767
1 823
1 842
2 3
2 4
2 11
2 12
2 36
2 38
2 40
2 43
2 50
2 68
2 74
2 84
2 92
2 106
2 107
2 111
2 119
2 120
2 125
2 126
2 128
2 139
2 140
2 142
2 144
2 146
2 154
2 165
2 177
2 179
2 182
2 191
2 196
2 229
2 263
2 313
2 328
2 386
2 390
2 436
2 519
2 545
2 573
2 582
2 645
2 654
2 712
2 798
2 804
2 815
2 817
2 875
2 925
2 988
2 999
3 4
3 14
3 18
3 24
3 35
3 42
3 52
3 54
3 55
3 57
3 62
3 65
3 71
3 77
3 79
3 87
3 88
3 91
3 93
3 109
3 111
3 122
3 123
3 125
3 137
3 138
3 145
3 150
3 158
3 161
3 164
3 166
3 169
3 173
3 176
3 179
3 181
3 183
3 186
3 192
3 198
3 240
3 255
3 289
3 331
3 335
3 349
3 352
3 419
3 467
3 504
3 509
3 520
3 526
3 559
3 589
3 637
3 649
3 666
3 698
3 723
3 831
3 838
3 845
3 851
3 915
3 932
3 937
3 943
3 949
3 954
3 969
3 982
4 5
4 6
4 8
4 14
4 16
4 20
4 29
4 30
4 41
4 130
4 146
4 206
4 414
4 418
4 535
4 622
4 651
4 685
5 6
5 13
5 18
5 30
5 32
5 37
5 49
5 54
5 57
5 60
5 77
5 85
5 92
5 93
5 98
5 103
5 105
5 122
5 123
5 160
5 174
5 188
5 206
5 218
5 222
5 235
5 260
5 298
5 315
5 327
5 339
5 344
5 351
5 354
5 364
5 431
5 432
5 464
5 465
5 496
5 556
5 625
5 660
5 692
5 697
5 742
5 751
5 792
5 797
5 811
5 827
5 839
5 852
5 854
5 861
5 876
5 882
5 891
5 900
5 904
5 928
5 940
5 950
5 137
6 8
6 20
6 33
6 102
6 114
6 135
6 177
6 178
6 299
6 726
6 754
6 780
6 840
6 137
6 7
6 16
6 17
6 37
6 71
6 141
7 9
7 10
7 17
7 39
7 49
7 97
7 110
7 225
7 277
7 442
7 495
7 605
7 137
7 8
7 13
7 15
7 16
7 18
7 19
7 27
7 30
7 31
7 33
7 42
7 64
7 70
7 80
7 82
7 98
7 105
7 120
7 124
7 149
8 15
8 20
8 25
8 33
8 44
8 46
8 64
8 82
8 91
8 179
8 183
8 185
8 219
8 236
8 261
8 273
8 296
8 303
8 332
8 416
8 425
8 452
8 470
8 479
8 492
8 510
8 525
8 545
8 551
8 563
8 566
8 599
8 616
8 665
8 705
8 716
8 738
8 788
8 796
8 805
8 834
8 848
8 871
8 887
8 924
8 959
8 994
9 10
9 12
9 17
9 61
9 63
9 89
9 110
9 128
9 152
9 450
9 527
9 558
9 567
9 718
9 737
9 825
9 843
9 923
10 48
10 172
10 137
10 39
11 17
11 21
11 23
11 25
11 38
11 42
11 48
11 51
11 69
11 72
11 80
11 94
11 100
11 126
11 132
11 141
11 159
11 175
11 200
11 253
11 274
11 278
11 280
11 282
11 305
11 342
11 343
11 363
11 396
11 402
11 423
11 459
11 499
11 548
11 552
11 564
11 570
11 595
11 604
11 611
11 638
11 652
11 675
11 686
11 688
11 706
11 717
11 759
11 772
11 874
11 894
11 903
11 907
11 960
11 991
11 993
11 995
11 137
11 19
11 122
12 26
12 145
12 415
12 417
12 463
12 488
12 546
12 785
12 870
13 18
13 28
13 36
13 40
13 103
13 238
13 288
13 360
13 373
13 444
13 534
13 802
13 29
13 30
13 54
13 90
13 126
14 22
14 178
14 203
14 257
14 308
14 474
14 593
14 614
14 653
14 673
14 743
14 878
14 888
14 938
14 137
15 19
15 20
15 32
15 48
15 95
15 97
15 121
16 20
16 30
16 302
16 517
16 550
16 577
16 137
16 17
16 34
16 37
16 45
16 46
16 104
17 35
17 96
17 128
17 157
17 307
17 321
17 722
17 53
17 192
18 22
18 28
18 154
18 380
18 667
18 696
18 771
18 787
18 137
18 21
18 38
18 72
18 78
18 86
18 119
18 135
18 144
19 883
19 22
19 33
19 56
19 63
19 92
19 103
19 118
19 174
20 22
20 26
20 30
20 33
20 39
20 61
20 69
20 91
20 96
20 97
20 112
20 118
20 138
20 139
20 143
20 146
20 164
20 177
20 192
20 193
20 213
20 220
20 244
20 254
20 267
20 306
20 324
20 337
20 348
20 388
20 412
20 435
20 447
20 451
20 457
20 469
20 471
20 473
20 485
20 497
20 512
20 521
20 537
20 541
20 549
20 557
20 565
20 576
20 602
20 604
20 628
20 634
20 659
20 689
20 694
20 746
20 760
20 812
20 828
20 890
20 897
20 909
20 933
20 962
20 987
20 996
20 50
20 87
21 94
21 292
21 762
21 910
21 137
21 44
21 53
21 57
21 58
21 63
21 114
22 114
22 136
22 224
22 259
22 359
22 374
22 446
22 458
22 587
22 635
22 681
22 695
22 761
22 808
22 880
22 137
22 25
22 33
22 36
22 47
22 84
22 99
22 110
22 130
23 42
23 51
23 53
23 59
23 568
23 620
23 679
23 702
23 782
23 965
25 31
25 48
25 66
25 89
25 102
25 134
25 361
25 403
25 565
25 579
25 610
25 674
25 675
25 732
25 745
25 807
25 867
25 884
25 893
25 976
25 39
25 93
26 590
26 936
27 45
27 101
28 36
28 190
28 362
28 500
28 528
28 542
28 615
28 735
28 756
28 873
28 955
28 967
28 972
29 54
29 31
29 51
29 81
29 108
29 138
30 52
30 77
30 114
30 449
30 594
30 947
30 68
30 75
30 113
30 153
31 43
31 44
31 46
31 51
31 53
31 55
31 64
31 73
31 82
31 102
31 108
31 117
31 120
31 121
31 124
31 162
31 172
31 183
31 187
31 194
31 209
31 272
31 405
31 408
31 421
31 475
31 487
31 519
31 524
31 539
31 547
31 560
31 569
31 607
31 618
31 639
31 661
31 690
31 699
31 701
31 707
31 721
31 779
31 821
31 856
31 868
31 879
31 898
31 951
31 958
31 966
31 989
31 992
31 94
32 37
32 49
32 170
32 381
32 481
32 518
32 880
33 41
33 214
33 580
33 813
33 998
33 40
33 50
33 77
33 82
33 107
33 109
33 152
35 48
35 468
35 818
35 157
36 345
36 393
36 632
37 63
37 507
37 835
37 67
37 84
37 89
37 92
37 112
37 125
38 365
39 245
39 370
39 800
39 73
40 60
40 276
40 369
40 919
40 980
40 61
40 82
40 132
41 176
41 211
41 372
41 448
41 456
41 494
41 892
42 53
42 79
42 88
42 101
42 153
42 207
42 223
42 232
42 498
42 647
42 748
42 830
42 913
42 979
42 117
43 137
44 78
44 195
44 422
44 584
44 953
45 47
45 60
45 92
45 115
45 171
45 290
45 409
45 427
45 441
45 642
45 667
45 766
45 997
45 49
45 67
45 126
45 130
46 78
46 111
46 309
46 475
46 503
46 531
46 678
47 62
48 247
48 337
48 590
48 683
48 137
48 109
48 146
48 147
49 103
49 113
49 227
49 233
49 270
49 289
49 316
49 320
49 325
49 347
49 389
49 397
49 401
49 407
49 453
49 478
49 491
49 598
49 603
49 606
49 629
49 630
49 687
49 752
49 753
49 768
49 781
49 784
49 789
49 791
49 837
49 864
49 866
49 916
49 922
49 957
49 973
49 983
49 984
49 137
49 91
50 52
50 61
50 67
50 139
51 67
51 930
52 102
52 243
52 627
52 886
52 906
52 990
53 55
53 58
53 62
53 75
53 100
53 251
53 461
53 621
53 739
53 773
53 948
54 87
54 130
54 191
54 413
54 549
54 58
54 78
54 118
54 125
55 59
55 104
55 230
55 434
55 575
55 601
55 809
55 833
55 934
55 970
57 538
57 824
57 963
57 114
58 120
59 104
59 293
59 404
59 720
59 750
59 774
59 855
59 865
60 103
60 171
60 173
60 466
60 578
60 583
60 655
60 695
60 773
60 795
60 801
60 819
60 899
60 929
61 522
61 571
61 608
61 783
61 869
63 141
63 155
63 166
63 262
63 318
63 644
63 664
63 736
63 820
63 823
63 944
63 87
64 111
64 346
64 379
64 439
64 711
64 194
65 78
65 226
65 508
65 511
65 515
65 709
65 931
65 964
65 171
66 358
66 554
66 676
66 859
67 122
67 137
68 74
68 80
68 137
69 151
69 175
69 266
69 334
69 600
69 613
69 137
69 129
70 156
70 268
70 271
70 281
70 663
70 857
70 927
70 137
71 137
73 340
73 741
73 137
73 121
74 161
74 165
74 725
74 775
74 918
75 287
75 765
75 863
75 137
75 113
76 942
77 85
77 275
78 168
78 301
78 433
78 623
78 896
78 902
78 115
79 165
79 196
79 484
79 901
80 201
80 691
81 329
81 120
83 200
86 978
87 314
87 368
87 803
87 917
88 241
88 252
88 489
88 747
88 921
88 956
88 173
89 406
89 657
89 939
91 108
91 112
91 133
91 152
91 157
91 181
91 377
91 383
91 385
91 387
91 394
91 400
91 540
91 596
91 597
91 641
91 684
91 713
91 729
91 769
91 781
91 860
91 862
91 945
91 162
92 131
92 189
92 462
92 544
92 866
92 975
92 986
92 148
93 143
93 609
94 137
95 693
95 832
96 536
96 708
98 246
98 375
98 734
98 926
98 137
98 117
98 154
99 137
100 105
100 156
100 167
100 250
100 283
100 326
100 330
100 355
100 382
100 398
100 399
100 480
100 714
100 790
100 877
100 895
100 912
100 981
102 107
102 237
102 258
102 338
102 619
102 637
102 724
102 806
102 951
102 176
103 166
103 180
103 356
103 997
104 391
104 137
105 116
105 160
105 208
105 279
105 341
105 376
105 411
105 477
105 626
105 849
105 946
105 968
105 136
105 167
106 333
106 680
106 850
106 961
106 137
107 460
107 799
107 826
107 914
108 129
108 133
108 256
108 294
108 311
108 378
108 400
108 455
108 562
108 648
108 777
108 793
108 971
108 137
109 189
109 205
109 310
109 501
109 506
109 533
109 591
109 624
109 636
109 907
109 920
110 118
111 184
111 249
111 322
112 159
112 319
112 744
112 142
113 166
114 174
114 822
114 885
114 164
115 149
115 162
115 285
115 291
115 304
115 384
115 420
115 493
115 502
115 513
115 574
115 581
115 633
115 778
115 858
115 859
115 911
115 935
116 640
116 814
116 137
117 426
117 136
118 126
118 127
118 192
118 193
118 204
118 242
118 295
118 486
118 514
118 561
118 572
118 662
118 727
118 731
118 740
118 770
118 836
118 189
119 217
119 353
119 816
120 670
120 844
120 847
120 137
121 199
121 872
122 317
123 320
123 431
123 437
123 815
123 905
124 523
124 532
125 144
125 173
125 234
125 297
125 440
125 454
125 476
125 846
125 137
126 730
126 810
127 169
127 175
127 193
128 134
128 159
128 505
128 656
128 700
128 757
128 786
129 985
130 135
130 357
130 530
130 763
130 794
130 829
130 156
131 163
131 137
132 410
132 682
133 148
133 195
133 228
133 269
133 555
133 755
133 853
133 881
134 592
135 428
136 312
136 395
136 472
136 473
136 178
137 145
137 148
138 749
138 188
139 215
140 183
141 210
141 617
141 643
141 658
141 974
142 490
143 182
143 221
143 264
143 300
143 414
143 452
143 483
143 631
143 646
143 710
143 908
144 153
144 323
144 392
144 443
144 703
144 889
144 977
145 197
145 231
145 336
145 516
147 303
147 424
147 555
148 158
149 650
149 941
150 841
150 177
151 482
151 688
153 728
153 733
153 952
156 187
158 183
160 176
168 194
177 185
180 189
181 183
184 202
