0 1
0 2
0 3
0 4
0 6
0 7
0 9
0 10
0 11
0 15
0 17
0 25
0 30
0 33
0 36
0 40
0 46
0 49
0 65
0 67
0 76
0 78
0 81
0 89
0 98
0 99
0 100
0 101
0 105
0 108
0 111
0 112
0 114
0 135
0 138
0 141
0 152
0 155
0 165
0 170
0 175
0 178
0 179
0 189
0 192
0 193
0 194
0 198
0 203
0 204
0 260
0 320
0 355
0 400
0 412
0 441
0 449
0 474
0 497
0 515
0 529
0 541
0 552
0 570
0 635
0 655
0 751
0 757
0 783
0 803
0 856
0 874
0 893
0 938
0 975
1 2
1 3
1 4
1 8
1 12
1 14
1 17
1 25
1 26
1 28
1 34
1 35
1 38
1 40
1 46
1 47
1 48
1 50
1 52
1 57
1 65
1 69
1 72
1 73
1 74
1 76
1 96
1 97
1 99
1 100
1 101
1 103
1 105
1 117
1 121
1 129
1 139
1 140
1 144
1 147
1 156
1 165
1 168
1 169
1 171
1 175
1 179
1 184
1 189
1 191
1 198
1 199
1 202
1 204
1 252
1 258
1 305
1 312
1 313
1 322
1 353
1 369
1 392
1 435
1 455
1 485
1 512
1 594
1 601
1 615
1 627
1 640
1 658
1 755
1 756
1 779
1 806
1 829
1 838
1 872
1 914
1 931
1 935
1 955
1 957
1 987
2 3
2 4
2 6
2 7
2 8
2 12
2 14
2 21
2 26
2 53
2 57
2 68
2 72
2 77
2 85
2 89
2 95
2 100
2 103
2 107
2 110
2 112
2 114
2 116
2 120
2 122
2 131
2 133
2 137
2 140
2 147
2 148
2 166
2 174
2 179
2 180
2 188
2 195
2 197
2 199
2 202
2 248
2 251
2 262
2 296
2 349
2 378
2 431
2 534
2 549
2 581
2 587
2 608
2 637
2 714
2 729
2 738
2 763
2 786
2 835
2 882
2 897
2 940
2 964
2 982
2 990
3 4
3 5
3 6
3 18
3 23
3 26
3 29
3 31
3 33
3 50
3 51
3 54
3 61
3 76
3 94
3 96
3 100
3 103
3 107
3 113
3 114
3 117
3 121
3 124
3 130
3 135
3 148
3 164
3 169
3 174
3 176
3 178
3 185
3 187
3 203
3 227
3 250
3 271
3 275
3 293
3 302
3 377
3 391
3 479
3 484
3 501
3 550
3 625
3 640
3 656
3 679
3 723
3 731
3 766
3 781
3 794
3 837
3 848
3 900
3 916
3 936
3 966
3 983
4 5
4 11
4 13
4 18
4 22
4 26
4 55
4 59
4 85
4 91
4 122
4 166
4 167
4 180
4 185
4 199
4 326
4 381
4 438
4 513
4 614
4 733
4 911
5 19
5 20
5 23
5 27
5 32
5 66
5 242
5 340
5 687
5 879
5 124
5 6
5 10
5 13
5 16
5 18
5 21
5 24
5 26
5 30
5 31
5 43
5 48
5 53
5 86
5 88
5 91
5 115
6 11
6 13
6 42
6 43
6 47
6 60
6 64
6 71
6 151
6 169
6 212
6 372
6 498
6 539
6 542
6 544
6 677
6 691
6 753
6 807
6 849
6 880
6 934
6 967
6 124
6 9
6 10
6 12
6 14
6 18
6 22
6 25
6 29
6 31
6 55
6 59
6 67
6 77
6 96
6 107
7 8
7 9
7 10
7 15
7 18
7 22
7 28
7 30
7 35
7 39
7 41
7 48
7 52
7 55
7 62
7 79
7 105
7 115
7 139
7 157
7 166
7 171
7 184
7 197
7 219
7 225
7 230
7 243
7 249
7 253
7 285
7 311
7 384
7 395
7 460
7 472
7 473
7 512
7 540
7 543
7 571
7 582
7 592
7 606
7 624
7 625
7 680
7 692
7 705
7 706
7 717
7 775
7 777
7 825
7 828
7 850
7 873
7 903
7 947
7 950
7 971
7 991
7 124
7 14
7 46
8 15
8 18
8 29
8 63
8 93
8 94
8 146
8 211
8 314
8 393
8 457
8 734
8 855
8 862
8 885
9 145
9 569
10 12
10 19
10 20
10 21
10 22
10 23
10 27
10 28
10 30
10 37
10 41
10 44
10 45
10 61
10 66
10 67
10 84
10 91
10 108
10 113
10 137
10 140
10 149
10 152
10 153
10 155
10 200
10 201
10 207
10 218
10 224
10 278
10 284
10 288
10 290
10 303
10 329
10 375
10 398
10 423
10 434
10 446
10 451
10 458
10 467
10 482
10 491
10 506
10 507
10 519
10 520
10 532
10 553
10 558
10 564
10 574
10 578
10 593
10 600
10 610
10 638
10 644
10 649
10 659
10 661
10 683
10 699
10 704
10 707
10 712
10 721
10 727
10 736
10 737
10 746
10 754
10 760
10 768
10 769
10 802
10 808
10 816
10 822
10 831
10 832
10 851
10 852
10 854
10 865
10 876
10 902
10 929
10 939
10 953
10 956
10 993
10 46
10 198
11 13
11 38
11 47
11 49
11 51
11 99
11 116
11 190
11 247
11 267
11 414
11 421
11 477
11 554
11 641
11 741
12 19
12 119
12 143
12 900
12 18
12 34
12 36
13 36
13 81
13 177
13 239
13 277
13 407
13 597
13 621
13 662
13 728
13 857
13 869
13 965
13 124
13 119
14 45
14 108
14 137
14 15
14 21
14 25
14 27
14 47
14 54
14 56
14 61
14 63
14 76
14 85
14 90
14 106
14 112
14 150
15 16
15 24
15 31
15 48
15 59
15 91
15 95
15 98
15 118
15 125
15 129
15 130
15 134
15 142
15 161
15 172
15 203
15 205
15 206
15 222
15 234
15 241
15 279
15 283
15 289
15 298
15 327
15 328
15 342
15 345
15 362
15 373
15 379
15 383
15 396
15 397
15 408
15 411
15 415
15 422
15 433
15 444
15 452
15 461
15 462
15 492
15 494
15 495
15 509
15 535
15 546
15 562
15 602
15 603
15 614
15 616
15 619
15 634
15 650
15 682
15 701
15 710
15 720
15 752
15 761
15 771
15 800
15 805
15 823
15 871
15 881
15 898
15 908
15 913
15 922
15 925
15 928
15 948
15 981
15 20
15 49
15 102
15 108
15 120
15 127
15 132
16 296
16 306
16 789
16 26
16 35
16 72
16 87
16 101
17 34
17 68
17 79
17 93
17 103
17 134
17 150
17 157
17 163
17 170
17 204
17 206
17 223
17 233
17 237
17 269
17 273
17 280
17 335
17 361
17 387
17 410
17 439
17 461
17 469
17 490
17 531
17 566
17 618
17 622
17 715
17 847
17 919
17 946
17 978
17 998
18 82
18 107
18 127
18 130
18 181
18 253
18 389
18 466
18 589
18 626
18 654
18 694
18 718
18 839
18 892
18 952
18 979
18 36
18 48
18 76
18 83
18 112
18 204
19 297
19 319
19 547
19 732
19 912
20 44
20 84
20 143
20 316
20 339
20 356
20 370
20 696
21 35
21 870
21 27
21 29
21 42
21 61
21 84
21 154
22 41
22 533
22 124
22 114
23 27
23 133
23 143
23 254
23 351
23 357
23 366
23 405
23 639
23 645
23 726
23 833
24 56
24 92
24 667
24 60
24 83
24 126
25 33
25 53
25 77
25 176
25 194
25 221
25 487
25 584
25 99
26 88
26 96
26 106
26 276
26 323
26 330
26 376
26 403
26 427
26 453
26 496
26 504
26 629
26 784
26 32
26 43
26 50
26 65
26 78
26 80
26 138
26 150
27 106
27 128
27 657
27 994
27 56
27 62
27 78
27 81
27 132
27 139
27 148
28 514
29 50
29 41
29 53
29 111
30 139
30 284
30 331
30 568
30 735
30 73
30 102
31 125
31 133
31 156
31 673
31 954
31 35
31 50
31 121
31 145
32 89
32 102
32 454
32 700
32 141
33 39
33 62
33 365
33 537
33 585
33 172
34 192
34 394
34 424
34 836
34 972
34 45
34 69
34 79
34 82
35 37
35 88
35 104
35 315
35 359
35 399
35 517
35 524
35 555
35 638
35 767
35 810
35 820
35 951
35 45
35 106
36 51
36 133
37 38
37 184
37 186
37 209
37 255
37 259
37 363
37 426
37 573
37 665
37 985
38 83
38 160
38 173
38 208
38 343
38 773
38 921
38 942
39 575
39 599
39 745
39 809
39 178
40 138
40 236
40 425
40 600
40 796
40 989
41 67
41 132
41 686
41 136
42 97
42 114
42 131
42 136
42 382
42 927
43 200
43 995
44 391
45 103
45 107
45 136
45 199
46 152
46 74
46 110
46 119
47 58
47 78
47 136
47 145
47 173
47 232
47 445
47 471
47 689
47 772
47 884
47 124
47 70
48 56
48 109
48 111
48 128
48 159
48 196
48 287
48 368
48 380
48 404
48 472
48 486
48 513
48 563
48 567
48 588
48 613
48 643
48 711
48 713
48 740
48 742
48 801
48 814
48 824
48 842
48 905
48 915
49 57
49 58
49 78
49 86
49 110
49 158
49 338
49 417
49 464
49 481
49 488
49 489
49 493
49 518
49 548
49 765
49 790
49 858
49 895
49 984
49 67
50 62
50 73
50 843
50 58
51 70
51 164
51 202
51 229
51 271
51 499
51 676
51 791
51 818
51 868
51 869
51 997
52 213
52 216
52 374
52 561
53 503
53 58
54 264
54 795
54 63
54 146
54 171
55 146
55 103
55 118
55 147
56 138
56 148
56 181
56 224
56 228
56 282
56 580
56 628
56 660
56 749
56 979
57 58
57 86
57 101
57 162
57 265
57 304
57 344
57 420
57 428
57 522
57 565
57 579
57 598
57 636
57 651
57 697
57 941
58 75
58 413
58 463
58 69
59 142
59 390
59 124
59 96
59 117
60 66
60 154
60 165
60 294
60 334
60 418
60 430
60 670
60 974
60 137
61 122
61 125
61 182
61 256
61 257
61 291
61 386
61 422
61 459
61 465
61 525
61 647
61 653
61 701
61 716
61 722
61 813
61 840
61 956
61 959
61 986
61 92
61 93
61 112
61 129
62 80
62 161
62 171
62 220
62 490
62 583
62 595
62 606
62 607
62 664
62 747
62 788
62 797
62 864
62 901
62 973
62 71
62 74
62 81
62 86
62 87
62 93
62 95
62 99
62 116
62 123
62 149
62 151
63 80
63 98
63 109
64 702
64 924
65 155
65 158
65 309
65 456
65 888
65 933
65 969
65 124
66 123
66 346
67 72
67 87
67 120
67 274
67 321
67 419
67 497
67 511
67 681
67 866
67 880
67 976
67 97
67 192
68 109
68 128
68 141
68 348
68 409
68 476
68 591
68 633
68 671
68 688
68 841
68 848
68 861
68 891
68 918
69 369
69 447
70 698
71 90
72 126
75 308
75 429
75 932
76 102
76 123
76 126
76 623
77 95
77 415
77 108
78 799
78 878
78 910
78 963
78 140
79 666
79 119
80 116
80 188
81 125
81 141
81 168
81 246
81 325
81 508
81 527
81 559
81 612
81 642
81 672
81 674
81 770
81 807
81 812
81 819
81 826
81 844
81 849
81 886
81 945
81 124
82 604
82 113
82 173
83 631
84 821
84 183
85 201
86 333
86 97
86 100
86 111
88 586
89 183
89 268
89 528
89 961
89 988
90 281
90 853
90 944
91 109
91 536
91 673
91 792
91 110
91 120
91 129
91 142
91 149
92 166
94 127
94 245
94 609
94 780
95 194
95 301
95 402
95 470
95 724
96 183
96 523
96 784
96 793
96 877
96 904
96 135
97 128
98 272
98 317
98 468
99 120
99 266
99 655
99 817
99 859
100 318
100 480
100 750
100 960
101 678
101 785
102 113
102 516
102 147
103 332
103 354
103 500
103 739
103 104
103 130
103 137
103 153
104 295
104 364
104 416
104 195
105 134
105 188
105 196
105 197
105 217
105 226
105 286
105 371
105 538
105 576
105 617
105 632
105 684
105 692
105 695
105 708
105 730
105 758
105 774
105 899
105 907
105 958
105 971
106 240
106 437
106 709
107 144
107 292
107 310
107 358
107 377
107 450
107 719
107 977
107 109
107 196
108 174
108 201
108 703
108 894
109 350
109 123
110 448
110 167
111 261
111 299
111 685
112 669
113 341
113 530
113 980
114 572
115 432
115 524
115 611
115 725
115 759
115 798
115 866
115 152
115 186
116 392
116 690
116 743
116 845
116 962
116 160
116 162
117 629
119 126
119 158
119 360
119 867
119 996
120 646
121 307
121 388
121 545
121 918
121 968
122 235
122 347
122 367
122 406
122 577
124 505
124 134
125 128
125 172
125 214
125 244
125 557
125 595
125 648
125 863
126 827
126 909
127 620
128 153
128 238
128 325
128 337
128 385
128 401
128 440
128 475
128 560
128 776
128 883
128 890
128 999
129 178
129 336
129 478
129 556
129 590
129 992
130 811
131 605
131 920
132 202
133 270
133 453
133 675
133 764
133 804
133 846
133 860
133 926
134 175
134 215
134 300
134 352
134 652
134 744
134 906
134 146
136 551
137 521
137 596
137 668
137 163
138 163
138 187
138 263
138 311
138 436
138 708
138 748
139 324
139 834
139 937
139 949
140 149
140 172
140 362
141 663
141 930
142 483
142 917
143 149
143 231
144 815
144 861
145 210
145 441
145 442
145 443
145 693
145 762
145 778
145 787
145 830
145 875
145 887
145 923
145 943
145 970
146 896
146 181
148 189
148 510
148 717
150 630
152 526
153 154
153 782
154 502
154 889
157 164
187 200
