0 1
0 2
0 3
0 4
0 5
0 15
0 21
0 30
0 37
0 59
0 63
0 67
0 77
0 84
0 87
0 94
0 98
0 99
0 101
0 102
0 125
0 127
0 137
0 141
0 147
0 168
0 171
0 174
0 179
0 200
0 201
0 269
0 279
0 289
0 383
0 466
0 554
0 655
0 716
0 824
1 2
1 3
1 4
1 5
1 6
1 7
1 13
1 14
1 15
1 38
1 41
1 43
1 76
1 82
1 90
1 96
1 101
1 115
1 117
1 129
1 153
1 157
1 175
1 178
1 186
1 193
1 196
1 203
1 205
1 242
1 247
1 283
1 288
1 378
1 416
1 425
1 461
1 473
1 509
1 533
1 582
1 652
1 735
1 746
1 747
1 796
1 836
1 857
1 859
1 914
1 936
1 952
2 3
2 4
2 5
2 6
2 7
2 8
2 10
2 17
2 19
2 22
2 27
2 31
2 38
2 39
2 46
2 52
2 59
2 65
2 66
2 67
2 72
2 74
2 82
2 83
2 91
2 92
2 100
2 124
2 128
2 129
2 130
2 133
2 140
2 153
2 168
2 169
2 174
2 182
2 183
2 184
2 185
2 190
2 192
2 196
2 198
2 199
2 211
2 218
2 314
2 347
2 349
2 380
2 395
2 419
2 435
2 456
2 489
2 497
2 526
2 577
2 610
2 654
2 664
2 753
2 770
2 780
2 789
2 897
2 903
2 916
2 917
2 927
2 953
3 4
3 5
3 7
3 11
3 21
3 24
3 43
3 49
3 50
3 58
3 60
3 72
3 74
3 80
3 85
3 86
3 88
3 91
3 93
3 113
3 118
3 122
3 130
3 132
3 136
3 147
3 150
3 151
3 164
3 177
3 180
3 196
3 198
3 199
3 326
3 352
3 399
3 402
3 444
3 522
3 523
3 574
3 630
3 674
3 812
3 817
3 931
3 969
4 5
4 26
4 45
4 51
4 72
4 73
4 79
4 83
4 85
4 88
4 107
4 112
4 123
4 149
4 150
4 152
4 158
4 165
4 168
4 183
4 189
4 238
4 282
4 332
4 479
4 546
4 569
4 723
4 750
4 772
4 855
4 858
4 901
4 924
4 941
5 9
5 25
5 34
5 42
5 43
5 49
5 50
5 51
5 54
5 71
5 74
5 84
5 87
5 110
5 113
5 117
5 118
5 119
5 120
5 123
5 124
5 125
5 132
5 140
5 143
5 165
5 169
5 177
5 183
5 194
5 200
5 205
5 228
5 377
5 433
5 552
5 732
5 768
5 784
5 839
5 843
5 870
5 974
5 998
6 12
6 17
6 18
6 26
6 32
6 64
6 76
6 108
6 151
6 189
6 287
6 315
6 328
6 355
6 410
6 494
6 505
6 553
6 727
6 739
6 752
6 823
6 878
6 909
6 918
6 946
6 983
6 67
6 136
6 7
6 9
6 89
7 8
7 9
7 11
7 15
7 16
7 23
7 32
7 33
7 39
7 41
7 44
7 46
7 48
7 53
7 56
7 79
7 96
7 106
7 109
7 122
7 126
7 136
7 145
7 154
7 158
7 185
7 229
7 232
7 237
7 266
7 277
7 278
7 284
7 307
7 318
7 344
7 353
7 364
7 374
7 379
7 441
7 447
7 458
7 460
7 472
7 504
7 516
7 517
7 518
7 528
7 534
7 537
7 539
7 563
7 591
7 604
7 621
7 624
7 643
7 648
7 666
7 684
7 685
7 693
7 738
7 751
7 774
7 791
7 801
7 829
7 838
7 884
7 891
7 896
7 930
7 943
7 951
7 960
7 965
7 972
7 975
7 987
7 990
7 994
7 996
7 997
7 129
7 65
7 10
7 13
7 18
7 22
7 25
7 47
7 51
7 76
7 118
7 130
7 134
8 9
8 11
8 341
8 548
8 736
8 905
8 65
9 34
9 44
9 67
9 68
9 69
9 78
9 83
9 90
9 94
9 106
9 115
9 126
9 140
9 156
9 220
9 226
9 294
9 300
9 305
9 316
9 334
9 339
9 345
9 358
9 359
9 362
9 366
9 385
9 400
9 405
9 408
9 409
9 415
9 429
9 446
9 448
9 453
9 459
9 477
9 508
9 512
9 518
9 521
9 536
9 538
9 546
9 556
9 580
9 590
9 593
9 599
9 613
9 635
9 639
9 668
9 669
9 670
9 677
9 685
9 699
9 703
9 766
9 781
9 797
9 840
9 861
9 882
9 898
9 944
9 947
9 970
9 977
9 984
9 988
9 129
9 10
9 19
9 48
9 49
9 51
9 57
10 19
10 20
10 28
10 45
10 62
10 75
10 97
10 112
10 121
10 149
10 165
10 170
10 257
10 311
10 369
10 376
10 533
10 743
10 761
10 810
10 850
10 910
10 934
10 956
10 978
10 11
10 14
10 23
10 35
10 87
10 101
11 894
11 136
11 12
11 16
11 18
11 20
11 30
11 34
11 64
11 66
11 69
11 97
11 98
11 100
11 110
11 129
11 148
11 199
12 13
12 14
12 17
12 21
12 40
12 55
12 65
12 81
12 100
12 108
12 171
12 193
12 204
12 251
12 258
12 299
12 338
12 493
12 618
12 637
12 671
12 680
12 687
12 728
12 748
12 778
12 822
12 852
12 874
12 888
12 889
12 919
12 957
12 999
12 192
12 201
13 21
13 47
13 52
13 268
13 616
13 681
14 106
14 111
14 214
14 248
14 129
14 17
14 29
14 66
14 92
14 124
15 23
15 35
15 60
15 91
15 622
15 200
16 158
16 928
16 67
16 25
16 26
16 45
16 50
16 59
16 64
16 70
16 131
16 134
17 18
17 176
17 254
17 317
17 357
17 476
17 663
17 818
17 921
17 136
17 31
18 20
18 24
18 25
18 26
18 64
18 100
18 116
18 123
18 141
18 148
18 162
18 180
18 193
18 206
18 222
18 224
18 228
18 313
18 331
18 387
18 392
18 401
18 403
18 407
18 412
18 418
18 463
18 487
18 530
18 542
18 550
18 568
18 579
18 601
18 620
18 634
18 645
18 782
18 792
18 813
18 827
18 906
18 920
18 946
18 959
18 981
18 21
18 40
18 103
18 109
19 20
19 24
19 25
19 29
19 30
19 37
19 42
19 54
19 72
19 117
19 162
19 164
19 384
19 422
19 462
19 491
19 581
19 619
19 650
19 679
19 713
19 721
19 769
19 802
19 811
19 841
19 65
19 96
19 114
19 144
19 146
20 25
20 30
20 36
20 42
20 121
20 520
20 725
20 848
20 136
20 28
20 43
20 65
20 86
21 40
21 55
21 57
21 70
21 77
21 128
21 191
21 197
21 265
21 272
21 291
21 302
21 337
21 440
21 464
21 485
21 490
21 607
21 676
21 704
21 893
21 950
21 22
21 26
21 38
21 52
21 60
21 66
21 112
21 120
21 153
22 63
22 532
22 680
22 782
22 860
22 881
22 32
22 70
22 117
22 131
22 176
23 91
23 979
24 29
24 37
24 139
24 566
24 775
25 95
25 309
25 501
25 570
25 611
25 638
25 971
25 36
25 58
25 61
25 68
25 111
25 143
26 225
26 249
26 255
26 414
26 496
26 519
26 756
26 136
26 54
26 80
26 145
26 151
28 157
28 170
28 835
28 65
28 67
28 79
28 99
28 107
28 161
28 184
29 66
29 124
29 166
29 304
29 312
29 442
29 465
29 492
29 854
29 954
30 37
30 88
30 418
30 432
30 525
30 603
30 696
30 708
30 722
30 872
30 136
30 63
30 104
30 130
30 138
31 148
31 394
31 851
32 33
32 35
32 64
32 173
32 215
32 223
32 245
32 286
32 544
32 660
32 803
32 926
32 933
32 136
32 36
32 46
32 83
32 89
32 105
33 137
33 196
33 330
33 545
33 136
33 64
34 136
34 633
34 137
35 126
35 154
35 252
35 276
35 343
35 540
35 719
35 136
35 46
35 85
35 96
35 101
35 117
35 127
36 110
36 121
37 59
37 209
37 243
37 250
37 562
37 589
37 741
37 764
37 805
38 184
38 180
39 310
39 980
40 194
40 253
40 659
40 95
41 84
41 110
41 160
41 212
41 285
41 367
41 411
41 661
41 662
41 749
41 815
41 830
41 842
41 908
42 75
42 274
42 417
42 455
42 573
42 793
42 129
43 50
43 54
43 89
43 97
43 124
43 134
43 148
43 180
43 195
43 234
43 301
43 551
43 711
43 760
43 808
43 892
43 986
43 136
43 76
43 149
44 138
44 143
45 47
45 57
45 77
45 80
45 95
45 116
45 121
45 133
45 144
45 166
45 167
45 182
45 187
45 188
45 195
45 210
45 246
45 261
45 262
45 267
45 293
45 329
45 336
45 356
45 363
45 434
45 457
45 461
45 467
45 468
45 488
45 507
45 510
45 531
45 572
45 584
45 597
45 605
45 636
45 712
45 730
45 755
45 767
45 776
45 794
45 819
45 826
45 831
45 845
45 850
45 875
45 879
45 902
45 923
45 937
45 966
45 968
45 992
45 136
46 146
46 290
46 587
46 623
46 790
46 951
46 50
46 81
47 991
47 129
48 53
48 68
49 61
49 606
49 734
49 913
50 139
50 454
50 631
50 650
51 370
51 452
51 169
52 53
52 55
52 82
52 325
52 427
52 459
52 513
52 514
52 576
52 763
52 799
52 191
53 642
54 62
54 170
54 578
54 757
54 136
55 321
57 65
57 177
57 271
57 647
57 777
57 993
57 88
58 186
59 64
59 155
59 164
59 207
59 298
59 329
59 335
59 390
59 404
59 469
59 865
59 948
60 78
60 83
60 96
60 216
60 346
60 691
60 698
60 788
60 139
61 136
61 67
61 84
61 129
61 133
62 202
62 575
62 198
63 81
63 357
63 560
63 592
63 714
63 846
63 989
64 142
64 150
64 173
64 527
64 594
64 612
64 816
64 837
64 871
64 72
65 105
65 190
65 217
65 263
65 264
65 351
65 541
65 877
65 958
65 80
65 102
65 124
66 976
66 72
66 97
67 104
67 127
67 382
67 445
67 451
67 701
67 706
67 737
67 93
67 107
68 973
68 73
68 116
69 275
69 296
69 557
69 583
69 678
69 127
69 149
69 196
70 94
71 109
71 682
72 134
72 155
72 161
72 323
72 558
72 638
72 863
72 869
72 940
72 85
72 120
73 115
73 135
74 78
74 137
76 174
76 320
76 925
76 106
77 389
77 547
77 637
77 806
77 821
77 832
77 911
77 204
78 596
78 600
78 765
79 391
79 443
79 915
80 159
80 322
80 372
80 651
80 877
80 86
80 113
80 134
80 137
80 140
82 93
82 208
82 219
82 227
82 333
82 398
82 426
82 481
82 503
82 614
82 791
82 814
82 935
83 99
83 103
83 105
83 131
83 133
83 135
83 136
83 143
83 167
83 187
83 201
83 230
83 232
83 259
83 270
83 281
83 295
83 406
83 431
83 450
83 484
83 549
83 561
83 585
83 602
83 609
83 627
83 632
83 656
83 688
83 690
83 709
83 717
83 718
83 724
83 754
83 758
83 847
83 864
83 867
83 883
83 904
83 939
83 964
83 984
84 397
84 438
84 694
84 759
84 942
84 963
85 240
85 292
85 319
85 361
85 524
85 587
85 697
85 771
85 800
85 938
85 125
85 150
85 152
85 160
86 899
86 136
86 155
87 92
88 139
89 702
89 710
90 396
91 96
91 113
91 479
91 502
91 615
91 804
91 887
92 100
93 692
93 733
93 825
93 885
94 98
94 108
94 110
95 129
95 256
95 428
95 798
95 865
95 900
95 949
96 115
96 486
96 498
96 499
96 500
96 646
96 873
97 100
97 105
97 119
98 437
98 105
98 122
99 297
99 665
101 853
102 740
102 917
105 194
106 112
107 221
107 123
108 117
108 125
108 142
108 340
108 474
108 480
108 731
109 145
109 535
109 742
109 785
109 786
109 154
110 146
110 280
110 308
110 342
110 430
110 475
112 114
112 289
112 469
112 757
112 144
113 135
114 465
114 982
114 129
115 120
115 783
116 371
116 626
116 640
116 195
117 130
117 198
117 303
117 354
117 482
117 567
117 625
117 629
117 653
117 683
117 686
117 745
117 820
117 834
117 849
117 912
117 945
117 165
118 236
118 241
118 360
118 366
118 375
118 470
118 543
118 726
118 787
118 907
118 147
120 153
120 159
120 213
120 365
120 715
120 844
120 886
120 890
120 967
123 244
123 511
123 595
123 689
124 368
124 471
125 151
125 173
125 273
125 315
125 350
125 386
125 388
125 423
125 559
125 564
125 565
125 594
125 868
125 932
125 136
125 150
125 193
126 807
127 506
127 866
127 961
128 131
128 762
128 964
128 995
128 156
129 166
129 617
130 135
130 176
131 188
131 571
131 136
132 705
132 833
133 144
134 151
135 393
135 588
135 720
135 856
135 187
136 172
136 324
136 330
136 413
136 608
136 138
136 140
137 695
138 172
138 181
138 200
138 381
138 449
139 260
139 495
140 185
143 421
143 700
144 373
144 439
144 555
144 862
144 876
145 424
145 644
145 985
147 235
147 239
147 327
147 483
147 641
147 673
147 756
148 598
148 667
150 202
150 586
150 795
150 809
150 880
150 926
151 199
151 231
151 233
151 348
151 420
151 436
151 478
151 515
151 628
151 649
151 657
151 675
151 729
151 744
151 773
151 779
151 828
151 922
151 955
151 962
153 306
154 163
154 529
154 658
154 672
154 707
154 929
155 895
155 157
159 204
167 188
172 196
176 190
192 204
