0 1
0 2
0 3
0 4
0 6
0 7
0 8
0 18
0 21
0 27
0 29
0 44
0 50
0 52
0 55
0 59
0 74
0 82
0 83
0 100
0 106
0 107
0 112
0 122
0 141
0 142
0 149
0 160
0 174
0 188
0 192
0 194
0 340
0 486
0 522
0 542
0 543
0 711
0 737
0 762
0 794
0 799
0 889
0 908
1 2
1 3
1 4
1 8
1 28
1 30
1 33
1 36
1 40
1 44
1 48
1 49
1 52
1 53
1 54
1 59
1 61
1 65
1 66
1 67
1 68
1 75
1 77
1 86
1 88
1 93
1 94
1 95
1 102
1 103
1 105
1 110
1 112
1 113
1 115
1 116
1 118
1 120
1 122
1 124
1 132
1 133
1 136
1 138
1 140
1 145
1 152
1 153
1 154
1 156
1 157
1 158
1 168
1 181
1 184
1 189
1 192
1 193
1 203
1 214
1 217
1 234
1 236
1 291
1 299
1 320
1 325
1 329
1 339
1 372
1 388
1 390
1 391
1 394
1 432
1 439
1 440
1 445
1 450
1 482
1 520
1 533
1 548
1 556
1 566
1 574
1 582
1 609
1 615
1 617
1 623
1 674
1 680
1 693
1 697
1 736
1 793
1 851
1 865
1 875
1 924
1 944
1 961
1 963
1 972
1 987
2 3
2 6
2 7
2 13
2 14
2 15
2 16
2 19
2 27
2 32
2 42
2 44
2 51
2 54
2 59
2 70
2 75
2 98
2 103
2 116
2 117
2 118
2 128
2 145
2 159
2 163
2 173
2 182
2 183
2 184
2 188
2 190
2 196
2 199
2 208
2 240
2 275
2 289
2 451
2 461
2 466
2 489
2 497
2 510
2 627
2 657
2 662
2 720
2 734
2 772
2 781
2 812
2 853
2 884
2 944
2 953
2 985
3 5
3 6
3 7
3 10
3 14
3 17
3 18
3 23
3 25
3 26
3 28
3 31
3 47
3 49
3 50
3 53
3 54
3 60
3 67
3 68
3 73
3 74
3 88
3 103
3 108
3 113
3 116
3 117
3 118
3 120
3 123
3 124
3 125
3 131
3 132
3 136
3 137
3 140
3 142
3 143
3 159
3 160
3 162
3 169
3 171
3 172
3 173
3 175
3 177
3 178
3 185
3 197
3 199
3 203
3 263
3 287
3 336
3 365
3 415
3 444
3 463
3 474
3 495
3 508
3 531
3 577
3 580
3 632
3 740
3 742
3 780
3 804
3 813
3 822
3 848
3 862
3 878
3 988
3 990
3 994
4 5
4 9
4 12
4 129
4 131
4 175
4 187
4 244
4 347
4 400
4 409
4 464
4 550
4 957
4 982
4 991
4 999
4 41
4 6
4 7
4 10
4 44
4 52
4 68
5 9
5 11
5 12
5 15
5 16
5 18
5 20
5 22
5 64
5 72
5 77
5 81
5 112
5 129
5 138
5 141
5 155
5 163
5 172
5 193
5 206
5 219
5 223
5 239
5 249
5 283
5 293
5 297
5 303
5 311
5 314
5 318
5 362
5 370
5 373
5 375
5 386
5 389
5 398
5 411
5 417
5 428
5 438
5 441
5 517
5 518
5 540
5 552
5 554
5 559
5 570
5 584
5 596
5 604
5 608
5 611
5 652
5 656
5 679
5 690
5 726
5 750
5 807
5 808
5 821
5 829
5 844
5 850
5 874
5 876
5 879
5 892
5 895
5 921
5 942
5 943
5 947
5 948
5 952
5 962
5 977
5 979
5 41
5 7
5 6
5 10
5 44
5 48
5 83
6 7
6 31
6 38
6 43
6 46
6 63
6 96
6 105
6 122
6 422
6 571
6 705
6 838
6 852
6 887
6 909
6 59
6 67
7 10
7 13
7 15
7 17
7 36
7 38
7 41
7 43
7 58
7 66
7 71
7 91
7 96
7 111
7 126
7 158
7 170
7 200
7 215
7 220
7 245
7 255
7 265
7 270
7 272
7 346
7 348
7 435
7 456
7 483
7 505
7 533
7 581
7 587
7 595
7 612
7 621
7 642
7 646
7 650
7 658
7 676
7 689
7 712
7 716
7 727
7 744
7 755
7 756
7 784
7 803
7 823
7 831
7 864
7 868
7 896
7 922
7 928
7 11
7 16
7 46
7 52
9 12
9 168
9 575
9 901
9 41
9 88
9 150
10 97
10 130
10 189
10 286
10 292
10 404
10 452
10 460
10 475
10 492
10 547
10 606
10 624
10 684
10 881
10 931
10 974
10 12
10 20
10 22
10 37
10 46
10 49
10 53
10 57
10 65
10 70
10 72
10 79
10 81
10 111
10 143
11 16
11 22
11 69
11 104
11 239
11 725
11 726
11 760
11 12
11 14
11 18
11 19
11 23
11 27
11 95
11 100
11 138
12 49
12 55
12 92
12 107
12 175
12 183
12 267
12 368
12 375
12 416
12 454
12 557
12 617
12 706
12 790
12 798
12 802
12 885
12 41
12 38
12 45
12 60
12 77
12 125
12 126
13 14
13 94
13 119
13 161
13 176
14 19
14 21
14 24
14 30
14 33
14 34
14 35
14 39
14 48
14 50
14 53
14 56
14 58
14 65
14 83
14 110
14 119
14 128
14 131
14 136
14 139
14 153
14 167
14 174
14 176
14 177
14 178
14 191
14 201
14 238
14 264
14 277
14 280
14 285
14 322
14 348
14 351
14 352
14 385
14 436
14 449
14 457
14 515
14 523
14 524
14 526
14 530
14 568
14 569
14 601
14 626
14 634
14 635
14 640
14 654
14 681
14 683
14 695
14 700
14 703
14 714
14 729
14 730
14 743
14 745
14 753
14 763
14 768
14 777
14 779
14 792
14 806
14 815
14 830
14 839
14 891
14 894
14 898
14 915
14 916
14 925
14 955
14 960
14 961
14 984
14 986
14 995
14 41
15 17
15 18
15 20
15 22
15 29
15 32
15 56
15 58
15 60
15 80
15 89
15 98
15 104
15 143
15 149
15 155
15 170
15 188
15 210
15 216
15 221
15 298
15 324
15 350
15 357
15 468
15 481
15 488
15 538
15 591
15 629
15 647
15 686
15 691
15 699
15 702
15 709
15 710
15 719
15 723
15 775
15 785
15 816
15 827
15 924
16 155
16 309
16 360
16 437
16 869
16 983
16 41
16 26
16 28
16 33
16 47
16 54
16 95
16 119
16 135
16 150
17 24
17 80
17 282
17 436
17 824
18 82
18 104
18 501
18 536
18 914
19 36
19 202
19 271
19 279
19 317
19 534
19 589
19 590
19 810
19 927
20 313
20 981
20 21
20 23
20 83
20 89
21 33
21 34
21 51
21 494
21 602
21 631
21 643
21 749
21 859
21 950
21 84
21 87
22 25
22 29
22 114
22 120
22 252
22 326
22 529
22 122
22 128
23 41
23 48
24 130
24 133
24 174
24 384
25 61
25 87
25 101
25 127
25 447
25 553
25 672
25 715
25 758
25 764
25 877
25 902
25 946
25 989
26 765
26 38
26 61
27 235
27 458
27 29
27 30
27 33
27 34
27 73
27 78
27 80
27 141
27 144
28 107
28 253
28 363
28 371
28 453
28 462
28 549
28 648
28 919
28 70
28 88
28 105
29 47
29 81
29 148
29 150
29 193
29 241
29 323
29 420
29 421
29 747
29 795
29 971
29 105
30 37
30 48
30 56
30 79
30 80
30 182
30 197
30 242
30 321
30 410
30 442
30 467
30 516
30 667
30 677
30 728
30 767
30 770
30 819
30 836
30 854
30 861
30 890
30 903
30 938
30 998
32 37
32 133
33 34
33 108
33 195
33 714
33 35
33 51
33 56
33 58
33 65
33 71
33 101
33 119
34 90
34 194
34 276
34 527
34 42
34 159
35 45
35 83
35 147
35 166
35 185
35 356
35 427
35 37
35 48
35 59
36 63
36 71
36 99
36 126
36 164
36 251
36 300
36 330
36 387
36 487
36 563
36 567
36 627
36 644
36 673
36 687
36 707
36 713
36 718
36 748
36 786
36 847
36 882
36 900
37 57
37 121
37 170
37 205
37 341
37 376
37 448
37 585
37 619
37 641
37 666
37 669
37 773
37 949
37 50
37 64
37 68
37 75
37 124
37 148
37 153
38 70
38 102
38 204
38 509
38 866
38 966
38 47
38 76
38 89
38 129
39 162
40 70
40 97
41 150
41 535
41 51
41 118
41 133
41 135
41 140
43 78
43 96
43 402
43 600
43 863
44 57
44 128
44 857
44 899
44 106
45 67
45 94
45 104
45 139
46 82
46 86
46 96
46 98
46 110
46 142
47 84
47 87
47 290
47 333
47 478
47 546
47 633
47 639
47 841
47 858
47 933
47 74
47 110
47 134
47 137
47 141
48 57
48 85
48 127
48 131
48 147
48 153
48 182
48 184
48 198
48 222
48 319
48 334
48 358
48 403
48 408
48 484
48 588
48 605
48 660
48 665
48 681
48 736
48 776
48 788
48 816
48 834
48 842
48 886
48 917
48 934
48 951
48 54
48 63
48 107
48 119
48 120
48 140
49 72
49 187
49 295
49 364
49 419
49 495
49 614
49 911
49 73
49 90
50 195
50 229
50 425
50 490
50 564
50 825
51 284
51 532
51 592
51 603
51 992
52 61
52 846
53 115
53 144
53 186
53 578
54 99
54 146
54 151
54 154
54 302
54 379
54 431
54 513
54 599
54 722
54 787
54 904
54 912
55 62
55 231
55 254
55 853
55 175
56 119
56 655
57 230
57 260
57 579
57 809
57 923
58 867
59 64
59 93
59 135
59 259
59 343
59 594
59 632
59 103
60 76
60 170
61 207
61 828
62 187
62 225
62 399
62 434
63 146
63 366
63 381
63 576
63 616
63 820
64 789
64 157
65 73
65 91
65 139
65 151
65 349
65 512
65 598
65 811
65 860
65 922
65 958
65 970
65 996
65 118
65 135
66 355
66 544
66 561
66 583
66 978
67 116
67 227
67 331
67 565
67 769
67 831
68 85
68 101
68 137
68 161
69 257
69 340
69 849
70 84
70 86
70 134
70 232
70 514
71 84
71 134
71 506
71 708
72 306
72 327
72 907
72 993
72 81
73 89
74 93
74 301
74 424
74 663
74 751
74 968
74 975
74 187
75 90
75 132
75 156
75 731
75 939
76 183
76 191
76 365
76 649
76 910
77 382
77 399
77 401
77 721
78 316
78 545
78 80
78 99
79 335
80 158
80 191
80 211
80 771
80 832
80 81
81 932
81 97
81 123
81 149
82 169
82 248
82 833
83 137
83 201
83 230
83 261
83 294
83 380
83 638
83 871
83 913
83 920
83 145
84 305
84 496
84 752
85 123
85 139
85 469
85 766
86 290
86 328
86 620
86 136
87 169
87 935
87 139
88 345
88 377
88 855
88 180
89 817
89 93
89 138
90 269
90 353
90 555
90 178
91 189
91 607
91 732
91 801
91 893
91 959
92 774
93 157
93 266
93 414
93 738
93 739
94 143
94 315
94 369
95 378
95 125
96 361
96 406
96 429
96 479
96 491
96 636
96 843
96 969
97 151
98 161
98 128
99 418
99 670
101 113
101 268
101 310
101 558
101 906
101 155
102 307
102 470
103 304
103 465
103 746
104 165
104 586
104 113
104 122
105 198
105 202
105 396
105 407
105 503
105 713
105 759
105 956
106 167
107 109
107 209
107 258
107 560
107 754
107 840
107 873
108 872
110 405
110 412
110 511
110 525
110 551
110 659
110 883
110 153
111 628
111 733
111 941
111 149
112 165
112 213
112 243
112 426
112 472
112 562
112 737
112 973
113 528
113 675
113 696
115 413
115 572
117 167
117 179
117 228
117 274
117 312
117 342
117 439
117 490
117 504
117 573
117 622
117 637
117 826
117 918
118 175
118 206
118 224
118 645
119 724
119 142
119 144
120 213
120 473
120 507
120 837
120 856
120 880
121 459
121 685
122 233
122 247
122 338
122 613
122 945
122 967
123 610
123 735
123 940
123 129
125 183
126 701
127 149
127 170
127 480
127 703
127 717
127 797
128 218
128 256
128 337
128 367
128 393
128 521
128 539
128 653
128 704
128 731
128 761
128 835
128 870
129 800
131 166
131 181
131 273
131 392
131 498
131 499
131 500
131 537
131 597
131 618
131 757
131 774
131 778
131 796
131 818
131 929
131 937
131 954
131 172
132 226
132 352
132 541
132 625
132 997
132 201
133 171
133 455
133 519
133 651
135 430
136 423
136 477
136 630
137 237
137 397
137 493
138 281
138 476
138 805
138 905
139 148
139 246
139 354
139 485
139 664
139 692
139 741
139 930
140 446
140 502
140 661
140 830
140 888
141 433
142 179
146 151
146 180
146 196
146 250
146 262
146 332
146 344
146 359
146 443
146 688
146 783
146 791
146 814
146 897
146 926
146 965
146 976
147 178
147 637
147 638
147 698
147 936
148 671
148 980
149 212
149 964
150 296
150 782
151 233
151 308
152 198
152 278
152 288
152 374
152 383
152 593
152 678
152 682
152 694
152 845
153 395
153 471
153 668
154 192
