0 1
0 2
0 3
0 4
0 5
0 8
0 17
0 22
0 23
0 26
0 36
0 37
0 40
0 44
0 45
0 48
0 49
0 61
0 69
0 70
0 73
0 92
0 95
0 96
0 101
0 102
0 114
0 122
0 136
0 141
0 145
0 148
0 154
0 155
0 162
0 164
0 165
0 168
0 169
0 174
0 183
0 184
0 186
0 187
0 195
0 200
0 210
0 255
0 264
0 287
0 291
0 326
0 335
0 355
0 362
0 399
0 478
0 586
0 697
0 713
0 811
0 835
0 871
0 903
0 911
0 941
0 955
1 2
1 3
1 4
1 8
1 10
1 12
1 14
1 27
1 31
1 32
1 41
1 47
1 52
1 58
1 63
1 66
1 67
1 77
1 79
1 83
1 90
1 95
1 107
1 109
1 112
1 115
1 121
1 122
1 127
1 128
1 134
1 155
1 164
1 166
1 168
1 171
1 175
1 180
1 183
1 185
1 189
1 193
1 197
1 201
1 202
1 205
1 261
1 278
1 284
1 294
1 296
1 304
1 309
1 321
1 400
1 501
1 521
1 619
1 621
1 643
1 644
1 649
1 651
1 666
1 679
1 688
1 712
1 802
1 812
1 815
1 901
1 927
1 972
1 991
1 992
2 3
2 4
2 5
2 6
2 7
2 11
2 12
2 14
2 15
2 16
2 22
2 25
2 40
2 50
2 52
2 65
2 70
2 71
2 75
2 82
2 86
2 106
2 107
2 111
2 121
2 132
2 147
2 149
2 150
2 159
2 162
2 170
2 171
2 179
2 206
2 214
2 221
2 247
2 248
2 253
2 260
2 277
2 344
2 391
2 411
2 420
2 448
2 449
2 574
2 585
2 613
2 640
2 661
2 667
2 702
2 793
2 805
2 810
2 828
2 841
2 868
2 884
2 915
2 930
3 4
3 10
3 12
3 13
3 15
3 18
3 26
3 28
3 36
3 38
3 47
3 52
3 53
3 54
3 55
3 59
3 68
3 70
3 74
3 81
3 82
3 88
3 91
3 94
3 109
3 114
3 125
3 138
3 148
3 155
3 156
3 159
3 163
3 166
3 173
3 175
3 188
3 191
3 204
3 273
3 281
3 310
3 337
3 405
3 503
3 504
3 519
3 580
3 616
3 618
3 623
3 693
3 709
3 746
3 767
3 770
3 851
3 888
3 906
3 913
3 926
3 944
3 978
3 983
3 996
4 8
4 13
4 18
4 22
4 30
4 31
4 32
4 36
4 43
4 56
4 63
4 65
4 71
4 74
4 83
4 85
4 89
4 93
4 107
4 111
4 114
4 121
4 138
4 166
4 177
4 182
4 190
4 191
4 238
4 241
4 292
4 332
4 421
4 425
4 443
4 480
4 483
4 515
4 539
4 581
4 686
4 687
4 707
4 975
5 9
5 11
5 13
5 16
5 23
5 31
5 32
5 46
5 62
5 72
5 74
5 78
5 100
5 109
5 110
5 153
5 185
5 236
5 250
5 263
5 282
5 317
5 359
5 361
5 440
5 444
5 445
5 487
5 494
5 512
5 514
5 518
5 589
5 596
5 610
5 622
5 628
5 710
5 722
5 753
5 823
5 827
5 836
5 856
5 905
5 924
5 956
5 977
5 989
5 18
5 6
5 8
5 17
5 20
5 21
5 24
5 27
5 51
5 91
5 111
5 122
6 11
6 17
6 35
6 40
6 59
6 69
6 78
6 90
6 94
6 100
6 120
6 152
6 157
6 176
6 181
6 186
6 268
6 319
6 340
6 350
6 379
6 388
6 435
6 534
6 550
6 552
6 562
6 588
6 619
6 664
6 676
6 715
6 745
6 750
6 755
6 764
6 783
6 794
6 820
6 846
6 886
6 914
6 937
6 994
6 7
6 10
6 19
6 24
6 30
6 32
6 49
6 79
7 10
7 12
7 34
7 64
7 80
7 146
7 347
7 472
7 563
7 788
7 866
7 894
7 993
7 18
7 19
7 36
7 73
8 21
8 77
8 87
8 116
8 162
8 329
8 356
8 493
8 572
8 685
8 711
8 814
8 830
8 843
8 870
8 946
8 982
8 18
8 11
8 15
8 25
8 30
8 32
8 33
8 48
8 112
8 115
8 148
8 152
9 734
9 18
9 112
9 137
10 24
10 39
10 48
10 64
10 65
10 149
10 175
10 216
10 363
10 520
10 593
10 751
10 904
10 936
10 998
11 62
11 144
11 151
11 508
11 726
11 15
11 28
11 53
11 80
11 102
11 133
11 136
12 20
12 24
12 39
12 51
12 80
12 108
12 125
12 135
12 146
12 230
12 231
12 235
12 364
12 394
12 431
12 546
12 548
12 660
12 665
12 788
12 859
12 889
12 939
12 985
12 18
12 17
12 25
12 29
12 44
12 126
13 25
13 46
13 72
13 153
13 161
13 302
13 524
13 532
13 650
13 898
13 18
13 53
14 17
14 35
14 50
14 51
14 53
14 54
14 57
14 62
14 78
14 92
14 94
14 97
14 104
14 105
14 112
14 119
14 141
14 158
14 159
14 167
14 169
14 172
14 173
14 174
14 182
14 192
14 198
14 201
14 227
14 233
14 244
14 275
14 279
14 307
14 313
14 366
14 380
14 393
14 409
14 412
14 415
14 482
14 499
14 512
14 513
14 568
14 584
14 591
14 637
14 646
14 701
14 716
14 771
14 775
14 800
14 822
14 862
14 869
14 882
14 917
14 921
14 934
14 954
14 957
15 19
15 26
15 30
15 37
15 41
15 54
15 75
15 76
15 123
15 124
15 126
15 128
15 142
15 203
15 226
15 243
15 269
15 293
15 315
15 382
15 383
15 413
15 465
15 471
15 481
15 516
15 522
15 528
15 590
15 603
15 611
15 635
15 673
15 774
15 786
15 817
15 39
16 43
16 224
16 549
17 27
17 35
17 57
17 92
17 99
17 119
17 142
17 283
17 376
17 499
17 530
17 618
17 749
17 757
17 792
17 796
17 816
17 916
17 18
17 21
17 23
17 40
17 41
17 64
17 78
17 85
18 68
18 86
18 228
18 723
18 840
18 23
18 26
18 28
18 29
18 31
18 34
18 35
18 37
18 40
18 41
18 46
18 52
18 64
18 73
18 75
18 84
18 90
18 96
18 101
18 108
18 113
18 122
18 126
18 151
18 153
19 30
19 141
19 727
19 969
19 43
19 59
19 98
20 32
20 110
20 119
22 98
22 160
22 193
22 194
22 289
22 298
22 392
22 455
22 470
22 511
22 527
22 652
22 739
22 763
22 979
22 995
23 26
23 58
23 60
23 93
23 149
23 522
23 624
23 762
23 808
23 43
23 62
23 67
23 85
24 48
24 270
24 799
24 824
24 38
24 72
24 76
24 78
24 140
24 154
25 110
25 83
25 127
26 29
26 33
26 53
26 118
26 124
26 154
26 416
26 642
26 914
27 63
27 158
27 370
27 402
27 430
27 453
27 462
27 523
27 578
27 971
27 152
28 29
28 33
28 708
28 109
29 133
29 342
29 387
29 395
29 631
29 129
30 38
30 81
30 488
30 547
30 31
30 44
30 150
31 41
31 446
31 648
31 844
31 949
31 82
31 114
32 73
32 161
32 312
32 437
32 526
32 706
32 741
32 912
32 43
32 51
32 57
32 88
32 106
33 66
33 254
33 614
33 803
34 67
34 96
34 97
34 295
34 299
34 374
34 389
34 496
34 540
34 638
34 717
34 818
34 897
34 953
35 51
35 59
35 60
35 90
35 485
35 730
35 819
35 838
35 850
35 988
35 89
36 174
36 353
36 408
36 497
36 538
36 612
36 641
36 781
36 877
36 951
37 42
37 103
37 144
37 150
37 173
37 378
37 675
37 885
37 54
37 94
37 138
38 47
38 109
38 199
38 256
38 377
38 403
38 427
38 447
38 566
38 634
38 695
38 863
38 91
38 110
38 114
39 48
39 222
39 433
39 555
39 837
39 962
39 976
39 77
40 42
40 276
40 699
40 721
40 86
40 131
40 137
40 167
41 115
41 922
42 60
42 475
42 647
43 66
43 71
43 118
44 189
44 438
44 459
44 881
44 84
44 113
44 135
44 139
46 52
46 113
46 258
46 674
47 55
47 70
47 857
48 64
48 82
48 108
48 111
48 252
48 300
48 303
48 386
48 461
48 484
48 559
48 680
48 754
48 806
48 839
48 94
49 122
49 170
49 196
49 234
49 373
49 490
49 605
49 662
49 860
49 123
49 160
50 117
50 176
50 207
50 249
50 398
50 473
50 620
50 689
50 791
51 88
51 104
51 130
51 132
51 178
51 180
51 330
51 336
51 369
51 371
51 414
51 428
51 441
51 491
51 510
51 632
51 659
51 663
51 766
51 772
51 842
51 849
51 895
51 929
51 933
51 947
51 950
51 958
51 990
51 66
52 110
52 168
52 467
52 698
52 105
53 79
53 583
53 668
53 99
53 124
53 128
54 55
54 93
54 101
54 118
54 120
54 148
54 161
54 202
54 217
54 239
54 963
54 155
55 323
55 328
55 608
55 634
55 908
55 920
56 143
57 658
58 573
58 202
59 105
59 152
59 181
59 606
59 620
59 766
59 82
59 136
59 148
60 169
60 172
60 219
60 318
60 543
60 557
60 600
60 678
60 748
60 874
60 943
60 973
60 974
61 64
61 129
61 156
61 177
61 215
61 257
61 381
61 406
61 417
61 423
61 466
61 544
61 570
61 602
61 625
61 669
61 725
61 739
61 752
61 759
61 768
61 784
61 797
61 829
61 865
61 891
61 970
62 305
63 89
63 517
63 545
63 592
63 599
64 242
64 694
64 833
64 74
65 288
65 450
65 684
65 853
65 925
66 87
67 165
67 212
67 426
67 469
67 883
67 986
67 180
68 76
68 476
68 532
68 633
69 393
69 579
69 627
70 179
70 246
70 285
70 297
70 769
71 91
71 392
71 404
71 419
71 452
71 468
71 479
71 507
71 539
71 569
71 587
71 594
71 704
71 724
71 736
71 880
71 918
72 396
72 500
72 821
72 905
72 909
73 314
73 352
73 731
73 908
73 961
73 92
73 100
73 103
73 128
74 185
74 311
74 346
74 492
74 558
74 742
74 778
74 826
75 535
75 890
75 107
76 240
76 125
76 185
77 213
77 325
78 84
78 149
78 183
78 286
78 333
78 696
78 945
79 126
79 533
79 198
80 86
80 495
80 509
80 692
80 90
80 124
80 191
81 139
81 187
81 875
82 175
82 390
82 630
82 825
82 847
82 892
83 137
83 442
83 531
84 617
84 864
84 104
85 97
85 123
85 681
86 87
86 98
86 114
86 116
86 129
86 134
86 147
86 187
86 188
86 232
86 272
86 322
86 375
86 422
86 456
86 457
86 458
86 463
86 505
86 536
86 554
86 560
86 595
86 654
86 690
86 704
86 732
86 737
86 740
86 765
86 782
86 807
86 848
86 867
86 900
86 902
86 907
86 938
86 959
86 999
87 160
87 502
87 879
87 981
88 108
88 262
88 368
88 410
88 454
88 553
88 609
88 719
88 743
88 799
88 164
89 208
89 220
89 658
89 682
89 176
90 348
90 604
90 653
90 776
90 987
91 436
91 677
91 120
91 177
91 182
93 636
95 101
95 464
95 542
95 576
96 326
96 341
96 714
96 729
96 804
96 925
97 703
97 758
97 787
98 143
98 193
98 327
98 744
98 115
99 792
100 320
100 626
101 567
101 656
101 705
101 795
101 858
102 162
102 308
102 357
102 685
102 845
102 940
102 966
103 154
103 192
103 201
104 117
104 349
104 401
104 691
105 418
106 237
106 356
106 451
106 498
106 551
106 556
106 582
106 711
106 724
106 887
106 896
106 935
106 145
107 506
107 525
107 700
107 813
107 120
108 529
108 639
109 115
109 139
109 204
109 209
109 265
109 597
109 645
109 801
109 967
109 134
110 113
110 197
110 256
110 397
110 720
110 761
110 899
110 980
110 129
111 167
111 561
111 831
111 128
112 407
112 571
112 760
113 185
114 145
114 177
114 195
114 259
114 360
114 615
114 672
114 876
114 931
114 952
114 194
115 229
115 537
115 785
115 955
115 161
116 211
116 316
116 351
116 735
116 779
117 245
117 598
118 223
118 271
118 306
118 629
119 120
119 130
119 137
119 738
119 158
120 339
120 964
120 984
121 314
121 429
121 756
122 251
122 266
122 331
122 384
122 474
122 683
122 999
122 195
124 141
124 148
125 354
125 367
125 575
125 872
125 932
126 607
126 798
126 893
127 151
127 873
128 131
128 200
128 577
128 140
129 143
130 345
130 777
130 813
132 460
132 486
132 796
133 148
133 789
133 834
134 280
134 301
134 919
134 145
135 140
135 657
137 152
137 434
138 489
138 733
139 225
139 274
139 358
140 334
140 343
140 655
140 928
140 144
141 747
141 790
141 942
142 424
143 878
144 267
144 565
144 780
144 809
144 910
144 923
144 965
144 154
145 195
145 218
145 365
145 439
147 160
147 744
148 178
148 477
148 509
148 601
148 670
148 718
148 773
148 854
148 968
149 324
149 671
149 852
149 855
149 948
149 960
149 997
150 372
150 432
152 541
153 200
153 338
153 488
153 861
154 290
154 385
154 564
154 726
154 728
154 818
154 832
154 881
160 182
163 167
164 180
169 174
173 192
177 182
187 200
