0 1
0 2
0 3
0 4
0 7
0 28
0 35
0 38
0 41
0 57
0 81
0 95
0 108
0 130
0 165
0 175
0 187
0 194
0 199
0 259
0 361
0 436
0 680
0 686
0 693
0 846
0 875
1 2
1 3
1 4
1 5
1 7
1 9
1 18
1 21
1 24
1 27
1 28
1 31
1 39
1 42
1 45
1 53
1 57
1 63
1 85
1 89
1 94
1 95
1 106
1 114
1 117
1 118
1 119
1 125
1 134
1 139
1 149
1 160
1 169
1 178
1 189
1 200
1 271
1 289
1 369
1 389
1 412
1 449
1 566
1 572
1 662
1 727
1 728
1 755
1 841
1 897
1 926
1 967
1 980
2 3
2 4
2 5
2 6
2 8
2 14
2 18
2 20
2 25
2 26
2 32
2 36
2 48
2 51
2 52
2 58
2 59
2 62
2 63
2 70
2 77
2 87
2 88
2 92
2 93
2 96
2 107
2 112
2 120
2 127
2 131
2 135
2 139
2 145
2 152
2 157
2 163
2 165
2 166
2 167
2 168
2 174
2 175
2 183
2 189
2 193
2 196
2 197
2 198
2 211
2 246
2 253
2 264
2 273
2 283
2 307
2 311
2 342
2 349
2 383
2 388
2 410
2 425
2 458
2 469
2 484
2 525
2 539
2 558
2 588
2 594
2 637
2 688
2 700
2 723
2 790
2 827
2 829
2 873
2 878
2 879
2 887
2 906
2 942
2 952
2 982
2 996
3 4
3 11
3 19
3 25
3 26
3 27
3 30
3 35
3 41
3 49
3 50
3 57
3 59
3 71
3 73
3 80
3 82
3 88
3 89
3 91
3 95
3 96
3 102
3 103
3 105
3 116
3 117
3 119
3 125
3 129
3 130
3 135
3 141
3 144
3 145
3 148
3 153
3 193
3 210
3 243
3 248
3 466
3 517
3 521
3 559
3 606
3 616
3 631
3 633
3 694
3 812
3 832
3 852
3 893
3 930
3 941
3 981
3 999
4 7
4 8
4 12
4 15
4 16
4 23
4 27
4 33
4 37
4 39
4 47
4 51
4 55
4 60
4 61
4 62
4 67
4 69
4 70
4 74
4 82
4 86
4 89
4 102
4 109
4 113
4 114
4 121
4 143
4 151
4 155
4 160
4 166
4 169
4 172
4 178
4 179
4 188
4 220
4 304
4 341
4 380
4 398
4 435
4 443
4 512
4 523
4 551
4 683
4 745
4 806
4 808
4 865
4 909
4 958
4 969
5 6
5 13
5 632
5 669
5 956
5 123
5 142
5 11
5 19
5 48
6 7
6 13
6 14
6 17
6 23
6 26
6 28
6 31
6 33
6 35
6 40
6 46
6 62
6 66
6 68
6 78
6 84
6 87
6 95
6 97
6 108
6 116
6 132
6 154
6 182
6 185
6 212
6 225
6 236
6 237
6 272
6 276
6 282
6 325
6 330
6 335
6 360
6 370
6 411
6 418
6 425
6 427
6 441
6 445
6 446
6 457
6 478
6 493
6 497
6 503
6 515
6 530
6 536
6 558
6 571
6 586
6 600
6 601
6 649
6 654
6 655
6 672
6 699
6 702
6 718
6 726
6 731
6 742
6 762
6 778
6 803
6 855
6 864
6 877
6 886
6 895
6 913
6 914
6 917
6 919
6 922
6 931
6 939
6 960
6 961
6 962
6 966
6 970
6 972
6 973
6 978
6 992
6 142
6 123
6 45
6 9
6 12
6 16
6 30
6 65
6 138
6 146
7 40
7 151
7 279
7 280
7 368
7 537
7 645
7 830
7 900
7 953
7 963
7 990
7 123
7 10
7 11
7 12
7 13
7 15
7 17
7 22
7 23
7 24
7 27
7 31
7 39
7 42
7 44
7 55
7 59
7 60
7 67
7 71
7 74
7 83
7 84
7 88
7 94
7 96
7 119
8 11
8 12
8 34
8 44
8 64
8 80
8 86
8 140
8 229
8 269
8 347
8 372
8 393
8 516
8 750
8 759
8 780
8 954
8 45
9 10
9 20
9 37
9 399
9 519
9 28
9 35
9 77
10 37
10 356
10 467
10 772
10 882
10 64
11 12
11 16
11 22
11 34
11 44
11 203
11 228
11 231
11 653
11 923
12 16
12 22
12 32
12 34
12 123
12 138
12 173
12 238
12 322
12 340
12 401
12 440
12 568
12 596
12 787
12 894
12 928
12 18
12 39
12 54
12 61
12 81
13 50
13 56
13 752
13 42
14 15
14 56
14 88
14 122
14 170
14 227
14 343
14 956
14 197
15 72
15 92
15 278
15 386
15 396
15 403
15 555
15 599
15 615
15 765
15 771
15 816
15 880
15 939
15 45
15 142
15 20
15 25
15 71
15 82
15 99
15 114
16 44
16 51
16 64
16 123
16 136
16 158
16 159
16 162
16 190
16 224
16 230
16 275
16 373
16 374
16 421
16 423
16 424
16 431
16 507
16 610
16 698
16 756
16 767
16 944
16 987
16 103
17 24
17 25
17 29
17 47
17 50
17 75
17 78
17 89
17 93
17 101
17 120
17 192
17 223
17 258
17 267
17 313
17 318
17 446
17 548
17 619
17 695
17 754
17 781
17 814
17 876
17 888
17 899
17 916
17 998
17 142
17 19
17 23
17 52
17 56
17 74
17 82
17 132
17 152
18 40
18 72
18 141
18 315
18 465
19 97
19 38
19 58
19 77
19 88
19 98
19 102
19 120
19 133
20 23
20 30
20 48
20 61
20 65
20 76
20 82
20 85
20 124
20 176
20 189
20 216
20 312
20 337
20 489
20 494
20 501
20 565
20 620
20 628
20 675
20 724
20 734
20 776
20 831
20 847
20 851
20 927
20 957
20 968
20 971
20 983
20 123
20 33
20 43
20 46
20 68
20 100
20 140
21 203
21 995
22 260
22 544
22 128
23 352
23 447
23 733
23 802
23 905
23 949
23 26
23 34
23 41
23 43
23 58
23 95
23 112
23 119
24 77
24 87
24 131
24 400
24 432
24 444
24 474
24 598
24 604
24 666
24 760
24 789
24 925
24 150
25 29
25 36
25 262
25 319
25 345
25 367
25 510
25 532
25 574
25 576
25 597
25 618
25 671
25 678
25 768
25 935
26 66
26 106
26 113
26 195
26 197
26 232
26 300
26 363
26 613
26 663
26 670
26 38
26 48
27 242
27 553
27 833
27 28
28 68
28 82
28 98
28 660
28 753
28 775
28 784
28 123
28 35
28 44
28 45
28 79
28 106
28 174
29 67
29 121
29 172
29 355
29 376
29 392
29 464
29 863
30 49
30 54
30 90
30 747
30 937
30 33
32 43
32 96
32 115
32 142
32 156
32 354
32 737
32 907
33 186
33 328
33 142
33 109
33 131
34 38
34 58
34 64
34 146
34 162
34 199
34 391
34 426
34 634
34 697
34 813
34 934
34 57
35 128
35 180
35 557
35 623
35 652
35 721
35 763
35 849
35 885
35 42
35 60
35 85
35 107
36 53
36 71
36 73
36 79
36 83
36 93
36 133
36 161
36 163
36 183
36 206
36 265
36 274
36 287
36 302
36 508
36 582
36 591
36 691
36 717
36 788
36 791
36 793
36 797
36 820
36 984
37 54
37 61
37 124
37 188
37 316
37 332
37 419
37 460
37 491
37 511
37 547
37 701
37 747
37 840
37 859
37 989
37 123
37 120
38 140
38 146
38 358
38 408
38 499
38 556
38 667
38 785
38 828
38 83
38 99
38 114
39 45
39 195
39 310
39 485
39 640
39 736
39 860
39 936
39 123
39 66
39 108
39 142
39 143
40 288
40 455
40 858
40 910
40 938
40 123
41 104
41 270
41 67
41 83
41 151
42 86
42 191
43 136
44 55
44 115
44 456
44 799
46 92
46 104
47 406
47 636
47 946
47 167
47 178
48 144
48 187
48 266
48 538
48 121
49 131
49 177
49 713
49 951
49 997
50 67
50 73
50 107
50 147
50 182
50 195
50 235
50 247
50 329
50 364
50 500
50 560
50 561
50 564
50 595
50 625
50 639
50 656
50 668
50 696
50 714
50 732
50 857
50 866
50 908
50 947
50 977
50 168
51 53
51 60
51 78
51 105
51 134
51 164
51 208
51 245
51 281
51 320
51 334
51 348
51 371
51 395
51 473
51 573
51 592
51 593
51 617
51 622
51 807
51 823
51 834
51 901
51 948
51 986
51 142
52 204
52 142
53 69
53 79
53 513
53 717
53 738
54 90
54 99
54 217
54 297
54 413
54 106
55 417
55 472
55 65
56 514
56 581
57 351
57 380
57 405
57 659
57 129
58 159
58 292
58 344
58 817
58 853
58 130
59 62
60 542
60 109
61 188
61 384
61 496
61 692
61 706
61 792
61 951
61 988
62 362
62 585
62 605
62 685
62 730
62 68
62 74
62 125
62 138
63 157
63 796
64 80
64 184
64 609
64 644
64 795
64 871
64 203
65 501
65 72
66 107
66 407
66 71
66 135
66 147
66 154
67 71
67 79
67 110
67 198
67 298
67 542
67 642
67 912
67 87
68 684
68 105
69 75
69 114
69 143
69 285
69 306
69 378
69 404
69 442
69 476
69 979
69 142
70 104
70 433
70 453
70 482
70 487
70 570
70 658
70 664
70 735
70 743
70 800
70 872
70 884
70 921
70 123
70 102
71 83
71 104
71 124
71 137
71 148
71 163
71 167
71 181
71 202
71 213
71 214
71 222
71 240
71 241
71 295
71 324
71 381
71 409
71 468
71 471
71 488
71 518
71 531
71 540
71 550
71 650
71 674
71 707
71 818
71 819
71 835
71 843
71 892
71 920
71 975
71 81
71 89
71 117
72 97
72 128
72 379
72 612
72 679
72 684
72 757
72 974
73 506
73 123
73 172
73 198
74 125
75 100
75 111
75 135
75 172
75 234
75 284
75 297
75 387
75 490
75 534
75 614
75 629
75 673
75 744
75 758
75 761
75 770
75 950
76 97
76 110
77 161
77 527
77 94
77 121
77 139
78 111
78 420
78 422
78 434
78 621
78 708
78 811
78 991
79 114
79 119
79 178
79 181
79 261
79 301
79 394
79 464
79 479
79 504
79 584
79 676
79 716
79 766
79 837
79 902
80 90
80 123
80 130
80 138
80 150
80 196
80 200
80 353
80 385
80 402
80 415
80 450
80 462
80 463
80 502
80 562
80 583
80 587
80 603
80 638
80 641
80 712
80 769
80 794
80 805
80 856
80 861
80 959
81 123
81 111
82 177
82 202
82 326
82 643
82 651
82 163
82 188
83 96
83 200
83 222
83 299
83 323
83 719
83 751
83 117
83 134
85 177
85 414
85 646
85 850
85 874
85 896
85 943
85 110
86 146
86 252
86 142
86 89
87 120
87 249
87 748
87 883
87 976
88 528
88 543
89 103
89 109
89 126
89 153
89 233
89 256
89 277
89 437
89 483
89 535
89 575
89 681
89 703
89 764
89 821
89 839
89 844
89 845
89 898
89 904
89 991
89 110
89 148
89 165
90 382
91 393
92 170
92 862
92 204
93 101
93 321
94 529
94 682
94 115
95 98
95 120
95 127
95 157
95 186
95 333
95 526
95 579
95 589
95 627
95 657
95 945
96 203
96 336
96 509
96 626
96 705
96 711
96 783
96 826
96 890
97 390
97 608
97 648
97 687
99 749
99 142
99 123
99 148
101 181
101 546
101 552
101 825
101 123
102 377
102 451
102 911
102 955
103 677
103 123
103 180
104 170
104 205
104 255
104 263
104 309
104 397
104 454
104 461
104 541
104 545
104 554
104 607
104 661
104 715
104 838
104 848
104 881
104 903
104 122
105 198
105 286
105 296
105 365
105 475
105 505
105 822
105 193
106 350
106 543
106 123
106 112
106 118
106 195
107 221
107 867
108 182
108 366
108 416
108 985
109 611
109 801
110 174
110 254
110 439
110 635
110 777
110 810
110 870
111 320
112 293
112 183
113 116
113 139
113 155
113 226
113 602
113 185
114 294
114 305
114 428
114 549
114 929
114 932
115 126
115 142
115 143
115 155
115 171
115 196
115 201
115 207
115 215
115 314
115 331
115 338
115 339
115 359
115 375
115 383
115 430
115 480
115 481
115 704
115 720
115 722
115 725
115 740
115 756
115 782
115 804
115 815
115 842
115 868
115 869
115 993
116 448
116 477
116 580
116 915
118 774
119 247
119 429
120 209
120 268
121 470
121 522
121 671
121 809
121 141
122 257
122 308
122 346
122 577
122 590
122 924
123 148
124 160
124 219
124 239
124 251
124 450
124 690
125 168
125 624
125 773
125 867
126 544
126 142
127 918
127 142
128 244
128 498
128 630
128 933
129 357
129 879
130 452
131 524
134 191
134 492
134 495
134 710
134 964
134 184
135 193
135 327
135 438
135 940
136 569
137 290
137 891
137 994
139 739
140 196
141 317
141 567
141 689
141 836
141 998
142 173
142 741
143 190
143 391
143 533
143 729
143 824
143 889
144 443
144 563
145 148
145 746
145 786
145 854
146 218
146 459
146 665
148 250
148 303
148 709
148 200
149 155
150 191
150 647
150 965
151 186
151 798
152 520
152 578
153 291
153 779
154 486
160 163
