0 1
0 2
0 3
0 4
0 9
0 15
0 17
0 22
0 24
0 31
0 32
0 33
0 37
0 40
0 46
0 51
0 57
0 58
0 59
0 64
0 65
0 67
0 72
0 76
0 78
0 79
0 80
0 81
0 83
0 88
0 96
0 102
0 116
0 123
0 124
0 130
0 133
0 135
0 136
0 137
0 138
0 140
0 141
0 142
0 150
0 155
0 164
0 165
0 170
0 171
0 173
0 183
0 185
0 186
0 194
0 200
0 281
0 289
0 303
0 399
0 432
0 481
0 541
0 545
0 556
0 575
0 580
0 592
0 594
0 609
0 631
0 670
0 682
0 687
0 775
0 811
0 844
0 885
0 888
0 906
0 913
0 928
0 953
0 975
1 2
1 3
1 5
1 8
1 12
1 14
1 16
1 17
1 24
1 29
1 35
1 39
1 43
1 44
1 47
1 49
1 51
1 52
1 54
1 56
1 57
1 60
1 61
1 69
1 70
1 79
1 81
1 82
1 84
1 85
1 89
1 91
1 93
1 106
1 107
1 113
1 114
1 121
1 130
1 132
1 134
1 135
1 138
1 140
1 143
1 144
1 159
1 162
1 163
1 165
1 171
1 172
1 173
1 176
1 184
1 190
1 193
1 196
1 197
1 199
1 205
1 210
1 231
1 239
1 244
1 251
1 302
1 307
1 392
1 394
1 438
1 474
1 482
1 538
1 558
1 572
1 601
1 669
1 703
1 711
1 717
1 739
1 746
1 759
1 777
1 815
1 817
1 821
1 823
1 830
1 858
1 861
1 935
1 952
1 977
1 980
2 3
2 5
2 6
2 11
2 20
2 30
2 39
2 44
2 52
2 53
2 60
2 62
2 67
2 76
2 78
2 81
2 82
2 105
2 115
2 117
2 121
2 126
2 128
2 141
2 147
2 160
2 161
2 170
2 174
2 184
2 187
2 190
2 200
2 201
2 202
2 228
2 238
2 255
2 267
2 321
2 372
2 383
2 418
2 443
2 451
2 461
2 485
2 488
2 559
2 560
2 567
2 584
2 589
2 685
2 732
2 772
2 929
2 972
3 4
3 8
3 10
3 19
3 20
3 21
3 25
3 36
3 63
3 70
3 87
3 92
3 98
3 99
3 103
3 104
3 107
3 110
3 113
3 116
3 129
3 133
3 146
3 153
3 154
3 157
3 159
3 178
3 181
3 189
3 192
3 197
3 198
3 199
3 201
3 203
3 234
3 243
3 250
3 284
3 388
3 549
3 577
3 727
3 728
3 831
3 839
3 903
3 945
3 962
3 984
4 6
4 15
4 18
4 19
4 23
4 29
4 47
4 53
4 125
4 127
4 139
4 203
4 216
4 227
4 300
4 313
4 350
4 504
4 602
4 660
4 708
4 723
4 848
4 61
4 25
4 5
4 12
4 33
5 12
5 57
5 61
5 94
5 114
5 155
5 297
5 444
5 445
5 470
5 611
5 647
5 668
5 677
5 691
5 700
5 751
5 25
5 6
5 9
5 23
5 26
5 48
5 52
5 67
5 76
5 78
5 113
5 116
5 128
6 7
6 9
6 13
6 23
6 24
6 27
6 41
6 53
6 68
6 71
6 89
6 95
6 96
6 101
6 122
6 133
6 157
6 163
6 165
6 168
6 186
6 192
6 193
6 203
6 306
6 334
6 357
6 376
6 435
6 436
6 441
6 457
6 469
6 500
6 514
6 518
6 526
6 531
6 561
6 567
6 623
6 625
6 629
6 705
6 794
6 812
6 834
6 840
6 843
6 865
6 892
6 907
6 912
6 923
6 924
6 957
6 964
6 986
6 61
6 19
7 8
7 16
7 28
7 42
7 96
7 120
7 167
7 170
7 223
7 241
7 249
7 260
7 324
7 378
7 457
7 540
7 547
7 672
7 679
7 699
7 716
7 725
7 809
7 852
7 860
7 938
7 61
7 25
7 9
7 10
7 13
7 14
7 18
7 27
7 52
7 65
7 92
7 95
7 135
7 163
8 16
8 21
8 26
8 36
8 214
9 10
9 13
9 15
9 27
9 29
9 37
9 55
9 56
9 59
9 75
9 103
9 118
9 126
9 127
9 134
9 139
9 140
9 164
9 181
9 196
9 209
9 264
9 266
9 268
9 270
9 272
9 280
9 283
9 295
9 336
9 344
9 345
9 353
9 356
9 373
9 385
9 397
9 417
9 434
9 448
9 465
9 492
9 494
9 501
9 503
9 517
9 519
9 521
9 555
9 576
9 593
9 604
9 605
9 610
9 634
9 648
9 664
9 696
9 714
9 719
9 760
9 762
9 763
9 766
9 778
9 779
9 816
9 838
9 862
9 884
9 893
9 895
9 896
9 920
9 928
9 932
9 965
9 976
9 985
9 992
9 994
9 996
9 12
10 11
10 22
10 34
10 54
10 111
10 25
10 21
10 23
10 30
10 32
10 63
10 65
10 69
10 82
10 97
10 110
10 124
10 134
10 138
12 14
12 45
12 92
12 94
12 256
12 316
12 318
12 396
12 420
12 513
12 825
12 973
12 993
12 25
12 19
12 26
12 29
12 37
12 39
12 46
12 58
12 103
12 107
13 40
13 685
13 722
13 757
13 883
13 61
13 55
13 137
14 77
14 94
14 112
14 158
14 341
14 342
14 364
14 440
14 636
14 637
14 850
14 961
14 22
14 24
14 74
14 76
15 26
15 29
15 32
15 44
15 47
15 118
15 128
15 419
15 480
15 741
15 870
15 979
15 25
16 38
16 67
16 74
16 322
16 564
16 676
16 974
16 61
19 27
19 38
19 51
19 95
19 128
19 259
19 368
19 389
19 415
19 460
19 478
19 483
19 613
19 620
19 768
19 808
19 915
19 959
19 970
20 32
20 43
20 118
20 217
20 386
20 773
20 855
20 910
20 61
20 27
20 29
20 38
20 63
20 104
20 105
21 28
21 74
21 596
21 622
21 646
21 22
21 27
21 43
21 61
21 62
21 72
21 73
21 151
22 42
22 115
22 224
22 225
22 331
22 431
22 497
22 522
22 550
22 551
22 553
22 581
22 616
22 622
22 633
22 635
22 656
22 684
22 788
22 792
22 849
22 889
22 950
22 954
22 955
22 968
22 996
22 53
22 62
22 68
22 109
22 114
22 125
22 191
23 25
23 38
23 40
23 41
23 44
23 67
23 84
23 89
23 91
23 106
23 118
23 124
23 125
23 138
24 113
24 797
24 897
24 25
24 32
24 33
24 41
24 53
24 61
24 151
25 162
25 166
25 215
25 263
25 380
25 421
25 490
25 599
25 640
25 667
25 710
25 761
25 943
25 999
25 45
25 71
25 80
26 58
26 104
26 119
26 124
26 179
26 191
26 192
26 211
26 242
26 292
26 466
26 790
26 876
26 982
27 47
27 75
27 80
27 93
27 410
27 529
27 582
27 701
27 756
27 73
27 79
27 92
27 150
27 203
28 36
28 48
28 384
28 454
28 510
28 620
28 750
28 786
28 801
29 44
29 232
29 362
29 826
29 149
30 337
30 563
30 724
31 54
31 65
31 66
31 68
31 71
31 89
31 149
31 175
31 186
31 269
31 398
31 413
31 422
31 430
31 455
31 516
31 560
31 574
31 600
31 615
31 652
31 674
31 681
31 690
31 695
31 726
31 734
31 749
31 765
31 779
31 864
31 867
31 921
31 939
31 941
31 997
31 998
31 61
31 58
31 67
31 96
31 119
32 53
32 125
32 408
32 742
32 971
32 81
32 104
32 105
32 122
32 139
33 152
33 44
34 59
35 66
35 69
35 72
35 107
35 573
35 630
35 698
35 706
36 45
36 46
36 79
36 85
36 100
36 109
36 114
36 136
36 154
36 156
36 169
36 179
36 182
36 273
36 299
36 315
36 348
36 379
36 428
36 433
36 512
36 515
36 564
36 579
36 641
36 673
36 791
36 881
36 901
36 978
36 991
37 63
37 90
37 151
37 339
37 506
37 898
37 926
38 49
38 85
38 100
38 191
38 258
38 416
38 533
38 598
38 639
38 818
38 940
38 169
39 40
39 83
39 120
39 488
39 552
39 745
39 783
39 958
40 65
40 73
40 111
40 129
40 151
40 163
40 213
40 254
40 333
40 352
40 360
40 363
40 471
40 590
40 591
40 612
40 658
40 748
40 922
40 931
40 949
40 71
41 61
41 59
41 68
41 137
42 83
42 190
42 286
42 715
42 787
42 900
42 933
43 56
43 91
43 118
43 365
43 452
43 782
43 785
43 48
43 59
43 112
43 141
43 143
44 50
44 355
44 393
44 947
44 963
44 115
45 49
45 84
45 174
45 180
45 338
45 476
45 643
45 767
45 70
46 48
46 304
46 468
46 565
46 626
46 715
46 61
47 93
47 106
47 375
47 511
47 527
47 746
47 192
48 80
48 123
49 819
49 856
49 942
49 154
50 130
50 177
50 214
50 276
50 404
50 412
50 424
50 509
50 554
50 618
50 642
50 645
50 662
50 694
50 707
50 731
50 857
51 85
51 88
51 117
51 173
51 179
51 183
51 271
51 279
51 467
51 608
51 628
51 673
51 822
51 956
51 978
51 987
52 58
52 311
52 403
52 597
52 781
52 836
52 145
53 121
53 965
54 55
54 132
54 282
54 308
54 644
55 131
55 325
55 335
55 693
56 106
56 110
56 142
56 301
56 366
56 411
56 429
57 61
57 86
57 88
57 733
57 758
57 799
58 91
58 882
58 61
58 83
59 62
59 111
59 616
59 774
59 914
59 109
60 542
61 86
61 220
61 382
61 523
61 767
61 780
61 899
61 69
61 77
61 79
61 140
61 174
62 73
62 101
62 131
62 132
62 206
62 288
62 446
62 491
62 651
62 874
62 886
62 77
62 84
62 90
62 112
63 73
63 245
63 278
63 477
63 525
63 536
63 702
63 769
63 990
63 64
63 121
64 358
64 951
65 235
65 253
65 665
65 917
65 81
65 86
65 99
65 121
65 131
65 133
67 570
67 875
67 94
68 878
68 132
69 320
69 650
69 74
69 96
70 108
70 120
70 495
70 632
70 661
71 406
71 583
71 730
71 820
71 887
72 97
72 98
72 148
73 131
73 246
73 247
73 294
73 371
73 461
73 771
73 969
73 83
73 98
74 78
74 262
74 326
74 405
74 753
74 911
74 125
75 546
75 178
76 95
78 426
79 84
79 137
79 188
79 346
79 390
79 535
79 960
79 102
80 530
81 218
81 287
81 475
81 578
81 683
82 123
82 807
82 99
83 237
83 328
83 367
83 458
83 587
83 894
84 86
84 94
84 109
84 143
84 195
84 221
84 489
84 595
84 704
84 755
84 770
85 689
85 925
86 97
86 145
86 148
86 156
86 161
86 248
86 265
86 349
86 453
86 508
86 607
86 654
86 712
86 740
86 854
86 904
86 927
88 98
88 122
88 174
88 233
88 338
88 364
88 462
88 502
88 524
88 532
88 537
88 571
88 619
88 653
88 655
88 744
88 755
88 828
88 833
88 890
88 981
88 991
89 167
89 447
89 543
89 617
89 692
89 166
89 194
92 182
92 188
92 507
92 621
92 663
92 688
92 866
93 177
93 226
93 473
93 743
93 841
94 105
94 109
94 112
94 310
94 340
94 657
94 944
95 100
95 146
95 169
95 207
95 274
95 312
95 319
95 323
95 327
95 351
95 409
95 427
95 493
95 666
95 713
95 737
95 795
95 804
95 905
95 988
95 129
96 111
96 122
96 123
96 152
96 157
96 166
96 168
96 305
96 472
96 869
96 130
97 98
97 789
98 137
98 624
98 835
99 150
99 311
100 252
100 314
100 359
100 370
100 381
100 414
100 423
100 433
100 442
100 459
100 463
100 495
100 871
100 877
100 879
100 937
101 293
101 539
102 332
102 361
102 936
102 156
103 562
103 738
106 189
106 588
106 675
106 709
106 736
106 802
106 824
107 505
108 729
108 801
109 158
109 499
110 261
110 377
110 548
110 568
110 837
111 143
111 296
111 464
111 659
111 678
111 846
112 154
112 776
112 117
112 185
113 496
113 967
114 498
114 851
115 544
116 291
116 528
116 930
117 212
117 400
118 201
118 285
118 412
118 450
118 800
118 868
118 983
119 816
121 566
121 747
121 829
121 141
122 144
122 150
122 204
122 207
122 230
122 236
122 257
122 347
122 351
122 401
122 402
122 456
122 479
122 520
122 534
122 569
122 586
122 663
122 686
122 697
122 720
122 752
122 814
122 827
122 832
122 859
122 873
122 902
122 908
122 989
122 995
123 277
123 531
124 437
124 439
124 638
124 872
124 193
125 172
125 196
125 240
125 290
125 627
125 845
125 934
127 153
127 208
127 374
127 486
127 764
127 916
127 946
129 391
129 614
129 671
130 649
130 680
130 891
130 948
130 167
130 173
132 425
132 721
133 298
133 805
135 484
136 557
136 735
136 798
136 861
137 603
137 182
142 810
142 880
142 919
143 144
143 166
143 185
143 222
143 309
143 317
143 343
143 354
143 585
143 643
143 718
143 754
143 842
143 918
143 977
143 158
143 180
144 148
144 159
144 275
144 330
144 387
146 199
146 803
148 219
148 229
148 329
148 395
148 449
148 487
148 606
148 697
148 793
148 853
150 369
150 784
150 796
150 847
150 863
151 966
152 407
152 806
152 813
152 200
153 909
158 159
164 178
178 203
181 196
