0 1
0 2
0 3
0 4
0 5
0 7
0 11
0 14
0 15
0 25
0 27
0 30
0 45
0 63
0 64
0 73
0 81
0 83
0 87
0 88
0 90
0 92
0 98
0 118
0 121
0 126
0 135
0 136
0 137
0 138
0 140
0 176
0 178
0 182
0 183
0 199
0 200
0 201
0 283
0 314
0 387
0 487
0 494
0 509
0 544
0 614
0 688
0 730
0 807
0 892
0 896
0 963
1 2
1 3
1 4
1 5
1 7
1 10
1 11
1 14
1 26
1 28
1 30
1 32
1 34
1 40
1 44
1 54
1 55
1 59
1 60
1 62
1 70
1 73
1 74
1 75
1 79
1 84
1 86
1 88
1 95
1 99
1 100
1 110
1 115
1 118
1 122
1 125
1 133
1 138
1 140
1 144
1 158
1 159
1 160
1 164
1 169
1 170
1 172
1 189
1 191
1 199
1 200
1 202
1 203
1 204
1 224
1 231
1 243
1 247
1 277
1 285
1 291
1 307
1 324
1 371
1 456
1 533
1 570
1 576
1 578
1 672
1 719
1 736
1 794
1 866
1 885
1 894
1 902
1 944
1 996
2 3
2 4
2 7
2 12
2 22
2 27
2 31
2 39
2 40
2 52
2 61
2 66
2 69
2 73
2 75
2 77
2 91
2 93
2 100
2 101
2 103
2 110
2 116
2 121
2 123
2 127
2 140
2 149
2 152
2 160
2 170
2 183
2 194
2 199
2 201
2 213
2 242
2 261
2 286
2 299
2 328
2 336
2 370
2 374
2 410
2 448
2 491
2 519
2 698
2 739
2 741
2 790
2 812
2 823
2 879
2 890
2 935
2 936
2 950
2 962
2 971
2 976
3 4
3 5
3 15
3 16
3 20
3 21
3 22
3 28
3 29
3 38
3 77
3 79
3 80
3 100
3 110
3 113
3 123
3 124
3 134
3 136
3 141
3 142
3 149
3 155
3 156
3 165
3 168
3 173
3 178
3 181
3 185
3 203
3 229
3 398
3 421
3 545
3 693
3 711
3 760
3 809
3 813
3 881
3 981
4 7
4 8
4 10
4 11
4 15
4 20
4 21
4 22
4 30
4 33
4 43
4 50
4 57
4 59
4 60
4 62
4 68
4 74
4 113
4 116
4 121
4 128
4 131
4 135
4 137
4 141
4 142
4 147
4 150
4 154
4 155
4 163
4 186
4 193
4 198
4 204
4 237
4 263
4 301
4 318
4 354
4 384
4 425
4 456
4 497
4 502
4 574
4 684
4 715
4 723
4 784
4 830
4 834
4 850
4 865
4 899
4 962
4 967
4 975
5 6
5 12
5 14
5 15
5 21
5 23
5 35
5 36
5 42
5 47
5 64
5 68
5 82
5 83
5 91
5 94
5 111
5 113
5 117
5 119
5 124
5 143
5 161
5 162
5 194
5 205
5 217
5 226
5 233
5 234
5 252
5 275
5 297
5 303
5 349
5 361
5 362
5 420
5 452
5 455
5 473
5 501
5 531
5 571
5 577
5 593
5 627
5 669
5 682
5 706
5 735
5 752
5 791
5 829
5 855
5 860
5 870
5 874
5 913
5 914
5 918
5 922
5 924
5 928
5 942
5 943
5 954
5 982
5 988
5 46
5 151
5 7
5 8
5 71
5 139
6 9
6 35
6 208
6 46
6 7
6 8
6 11
6 13
6 15
6 28
6 58
6 67
6 69
7 8
7 24
7 34
7 41
7 44
7 61
7 80
7 100
7 125
7 190
7 316
7 332
7 347
7 377
7 499
7 510
7 557
7 737
7 785
7 878
7 905
7 76
7 9
7 10
7 19
7 27
7 32
7 38
7 40
7 50
7 56
7 63
8 13
8 16
8 17
8 18
8 28
8 34
8 41
8 44
8 49
8 55
8 58
8 71
8 74
8 86
8 89
8 97
8 99
8 104
8 152
8 164
8 165
8 189
8 192
8 202
8 225
8 255
8 265
8 268
8 287
8 313
8 321
8 352
8 360
8 381
8 390
8 401
8 402
8 408
8 443
8 453
8 479
8 482
8 504
8 527
8 529
8 540
8 546
8 553
8 559
8 569
8 606
8 620
8 642
8 658
8 718
8 731
8 734
8 761
8 766
8 770
8 771
8 816
8 836
8 847
8 849
8 853
8 877
8 880
8 941
8 952
8 997
8 56
9 26
9 40
9 573
9 692
9 840
9 46
9 15
9 28
9 32
9 36
9 52
9 62
9 77
9 91
9 112
9 121
9 126
9 131
9 140
9 148
9 150
9 152
10 13
10 16
10 33
10 86
10 106
10 137
10 446
10 554
10 868
10 920
11 25
11 72
11 76
11 105
11 128
11 183
11 196
11 310
11 476
11 481
11 520
11 566
11 594
11 603
11 822
11 835
11 837
11 919
11 17
11 18
11 20
11 23
11 24
11 30
11 35
11 47
11 49
11 54
11 70
11 106
11 117
11 127
11 153
12 37
12 394
12 592
12 639
12 644
12 685
12 796
12 859
13 17
13 89
13 137
13 319
13 786
13 966
13 39
13 44
13 49
13 52
13 84
13 139
14 56
14 79
14 187
14 389
14 393
14 492
14 643
14 677
14 705
14 799
14 894
15 19
15 21
15 29
15 119
15 127
15 132
15 252
15 257
15 276
15 303
15 369
15 400
15 474
15 483
15 513
15 523
15 558
15 589
15 635
15 683
15 733
15 833
15 909
15 921
15 960
15 25
15 43
15 110
16 28
16 202
16 220
16 230
16 493
16 844
16 933
17 81
17 109
17 940
17 18
17 43
17 53
17 79
18 24
18 39
18 46
18 52
18 53
18 107
18 114
18 156
18 814
18 26
18 37
18 59
18 82
18 91
18 150
19 32
19 94
19 129
19 289
19 477
19 676
19 60
19 123
20 26
20 192
20 457
20 151
20 135
21 30
21 119
21 206
21 469
21 631
21 676
21 830
21 161
22 29
22 248
22 267
22 463
22 506
22 522
22 526
22 596
22 681
22 729
22 732
22 741
22 915
22 983
22 999
23 486
23 76
23 54
23 90
23 92
24 34
24 39
24 41
24 46
24 48
24 49
24 71
24 88
24 107
24 195
24 254
24 304
24 367
24 460
24 668
24 742
24 815
24 873
25 51
25 134
25 171
25 209
25 253
25 434
25 438
25 646
25 647
25 652
25 772
25 795
25 797
25 953
25 151
25 46
25 42
25 48
25 63
25 69
25 107
25 143
26 145
26 238
26 305
26 467
26 584
26 817
26 862
26 888
26 92
26 113
27 77
27 39
27 45
27 46
27 65
27 151
27 192
28 35
28 104
28 120
28 148
28 415
28 451
28 518
28 521
28 525
28 649
28 64
29 37
29 38
29 42
29 63
29 97
29 221
29 535
29 548
29 661
29 794
29 46
29 36
29 98
30 103
30 188
30 216
30 290
30 350
30 673
30 751
30 875
31 70
32 67
32 76
32 146
32 153
32 219
32 269
32 423
32 542
32 543
32 565
32 590
32 619
32 645
32 695
32 727
32 792
32 805
32 811
32 46
32 34
32 172
34 53
34 139
34 300
34 413
34 445
34 740
34 775
34 46
34 77
34 88
34 98
34 117
34 120
34 121
35 43
35 47
35 52
35 53
35 59
35 68
35 101
35 106
35 120
35 150
35 166
35 175
35 184
35 306
35 331
35 376
35 433
35 437
35 446
35 488
35 538
35 582
35 623
35 626
35 628
35 653
35 692
35 694
35 747
35 749
35 763
35 769
35 846
35 851
35 872
35 974
35 989
36 56
36 903
36 44
36 176
37 42
37 57
37 397
37 977
37 38
37 147
38 240
38 447
38 674
38 46
38 45
38 50
38 52
38 65
38 84
38 122
38 146
39 44
39 48
39 80
39 81
39 155
39 358
39 59
40 56
40 60
40 78
40 79
40 156
40 258
40 270
40 278
40 392
40 600
40 701
40 722
40 746
40 783
40 979
40 990
41 49
41 55
41 61
41 195
41 384
41 414
41 431
41 636
41 699
41 876
41 923
42 399
42 412
42 985
43 45
43 47
43 60
43 65
43 95
43 235
43 274
43 512
43 62
43 125
44 49
44 55
44 75
44 315
44 418
44 516
44 57
45 59
45 65
45 77
45 104
45 109
45 131
45 150
45 168
45 198
45 424
45 515
45 562
45 598
45 650
45 713
45 721
45 827
45 937
45 951
45 958
45 62
45 102
45 125
46 93
46 112
46 154
46 549
46 555
46 738
46 96
46 128
46 152
47 85
47 145
47 842
48 326
48 75
49 71
49 75
49 93
49 458
49 599
49 629
49 654
49 896
50 112
50 144
50 158
50 177
50 205
50 294
50 312
50 541
50 560
51 200
52 250
52 403
52 466
52 854
52 932
52 53
52 110
53 317
53 524
53 767
53 984
54 76
54 86
54 89
54 109
54 122
55 90
55 108
55 120
55 164
55 212
55 222
55 359
55 462
55 530
55 610
55 621
55 640
55 664
55 686
55 702
55 717
55 756
55 787
55 820
55 838
55 869
55 968
55 994
56 72
56 96
56 105
56 132
56 141
56 174
56 178
56 197
56 227
56 245
56 260
56 292
56 335
56 341
56 363
56 385
56 444
56 489
56 536
56 572
56 585
56 612
56 617
56 637
56 665
56 710
56 750
56 755
56 768
56 769
56 798
56 806
56 808
56 831
56 845
56 857
56 879
56 897
56 898
56 908
56 965
56 972
56 992
57 109
57 162
57 188
57 232
57 351
57 368
57 407
57 430
57 442
57 655
57 660
57 703
57 726
57 734
57 764
57 782
57 864
57 925
57 939
57 947
57 956
57 959
58 83
58 125
59 228
59 284
59 450
59 459
59 605
59 957
59 127
59 154
60 65
60 163
60 348
60 765
61 373
61 832
61 856
62 102
62 104
62 132
63 207
63 266
63 419
63 523
63 616
63 675
63 773
63 886
63 151
64 102
64 68
65 187
65 78
65 104
65 133
65 136
66 167
67 995
67 78
68 113
68 340
68 119
69 130
69 568
69 745
69 126
70 327
70 891
70 178
71 125
71 139
71 193
71 282
71 296
71 804
71 998
72 96
72 241
72 379
72 500
72 564
72 646
72 757
72 970
73 96
73 197
73 271
73 344
73 435
73 604
73 613
73 955
74 135
74 152
75 759
75 824
75 151
76 179
76 338
76 496
77 111
77 383
77 550
77 552
77 825
77 841
79 166
79 705
79 707
79 141
80 157
80 299
80 339
80 427
80 428
80 468
80 507
80 611
80 634
80 670
80 671
80 697
80 708
80 714
80 724
80 800
80 803
80 882
80 883
80 893
80 901
80 907
80 916
80 978
80 979
81 112
81 122
81 198
81 251
81 405
81 505
81 532
81 160
82 426
82 632
83 249
83 396
83 917
83 930
84 175
86 345
88 288
88 460
88 771
88 774
88 789
88 100
88 137
89 106
89 449
89 539
89 754
89 864
90 406
90 95
90 129
91 115
91 123
91 129
91 188
91 395
91 454
91 537
91 563
91 579
91 581
91 586
91 607
91 680
91 689
91 690
91 696
91 704
91 743
93 156
94 223
94 511
95 227
95 320
95 679
95 116
95 129
96 105
96 911
96 987
96 995
96 196
97 218
97 472
97 656
97 884
97 991
99 609
99 716
100 411
100 556
102 120
103 127
103 366
103 484
103 863
104 122
104 848
105 269
106 762
106 145
106 168
107 185
107 587
107 654
107 716
108 712
109 130
109 378
109 821
110 147
110 166
110 211
110 329
110 416
110 471
110 480
110 528
110 547
110 567
110 624
110 744
110 753
110 801
110 810
110 116
110 163
110 198
111 272
111 429
112 118
112 136
112 167
112 356
112 436
112 666
112 748
112 945
112 969
113 422
113 439
113 508
113 602
113 116
113 130
114 229
114 256
114 298
114 346
114 633
114 871
114 887
115 116
115 720
115 725
115 843
115 187
116 380
116 725
116 136
118 138
118 151
118 498
118 517
118 583
118 641
118 662
119 618
119 912
119 927
120 128
120 168
120 181
120 214
120 321
120 330
121 184
121 215
121 595
121 638
121 648
121 657
121 678
121 687
121 758
121 839
121 858
121 904
121 964
121 966
121 199
122 246
122 264
122 279
122 311
122 343
122 386
122 391
122 514
122 533
122 591
122 597
122 691
122 788
122 802
122 900
122 929
122 133
122 134
123 161
123 207
123 819
123 993
124 167
125 256
125 961
127 615
127 159
128 134
128 157
128 200
128 322
128 333
128 364
128 375
128 388
128 432
128 441
128 461
128 478
128 580
128 601
128 630
128 700
128 895
128 938
128 948
128 949
128 980
128 986
128 173
129 177
129 162
130 181
130 342
130 409
130 776
131 337
131 608
132 159
132 238
132 295
132 465
132 575
132 861
132 188
133 162
133 926
133 158
134 334
134 561
134 667
134 826
136 145
136 173
136 365
136 382
136 404
136 417
136 485
136 619
136 651
136 659
136 663
136 793
136 889
136 973
136 157
137 189
137 192
137 355
138 190
138 490
138 934
139 709
139 779
139 828
139 946
139 143
139 150
140 151
140 180
140 281
140 323
140 325
140 357
140 440
140 534
140 625
140 778
141 169
141 273
141 302
141 308
141 588
141 781
141 818
141 867
141 906
141 154
142 159
142 236
142 244
142 852
144 743
147 197
147 202
147 239
147 259
147 262
147 293
147 309
147 372
147 464
147 470
147 475
147 503
147 551
147 622
147 665
147 777
147 780
147 837
147 910
147 931
149 180
149 353
149 728
150 210
150 280
150 495
150 539
157 179
181 202
