0 1
0 2
0 3
0 4
0 7
0 12
0 13
0 14
0 15
0 18
0 27
0 32
0 33
0 35
0 36
0 40
0 41
0 47
0 58
0 68
0 76
0 78
0 85
0 87
0 91
0 92
0 95
0 98
0 99
0 100
0 102
0 109
0 115
0 117
0 119
0 120
0 121
0 128
0 129
0 131
0 133
0 137
0 140
0 149
0 150
0 152
0 156
0 159
0 160
0 161
0 164
0 168
0 172
0 173
0 180
0 182
0 191
0 193
0 196
0 200
0 246
0 258
0 268
0 270
0 278
0 281
0 325
0 348
0 425
0 446
0 458
0 505
0 512
0 522
0 538
0 544
0 603
0 609
0 610
0 614
0 633
0 647
0 665
0 687
0 728
0 734
0 735
0 736
0 737
0 758
0 826
0 830
0 844
0 873
0 904
0 910
0 926
0 953
0 961
0 964
0 970
0 998
1 2
1 3
1 4
1 9
1 12
1 15
1 18
1 24
1 36
1 38
1 41
1 47
1 51
1 56
1 62
1 73
1 84
1 85
1 91
1 93
1 101
1 103
1 107
1 117
1 134
1 157
1 164
1 169
1 170
1 171
1 175
1 191
1 193
1 216
1 245
1 451
1 589
1 606
1 636
1 669
1 793
1 842
1 884
1 997
2 3
2 4
2 5
2 6
2 15
2 31
2 64
2 65
2 66
2 69
2 73
2 80
2 89
2 91
2 105
2 110
2 117
2 128
2 140
2 150
2 151
2 153
2 158
2 163
2 166
2 174
2 182
2 198
2 199
2 203
2 248
2 286
2 305
2 318
2 336
2 407
2 432
2 582
2 586
2 602
2 714
2 759
2 827
2 829
2 956
2 980
3 4
3 14
3 15
3 20
3 26
3 28
3 32
3 38
3 50
3 74
3 88
3 90
3 93
3 98
3 101
3 102
3 103
3 108
3 127
3 137
3 147
3 148
3 156
3 159
3 167
3 178
3 180
3 188
3 203
3 329
3 477
3 483
3 557
3 605
3 685
3 806
3 832
3 927
3 934
4 6
4 7
4 13
4 14
4 20
4 23
4 29
4 30
4 48
4 49
4 51
4 54
4 64
4 67
4 77
4 84
4 87
4 96
4 113
4 119
4 124
4 127
4 128
4 129
4 137
4 143
4 146
4 147
4 157
4 169
4 173
4 175
4 188
4 190
4 191
4 202
4 204
4 262
4 299
4 388
4 406
4 442
4 476
4 485
4 515
4 529
4 540
4 640
4 670
4 676
4 684
4 715
4 726
4 831
4 852
4 878
4 881
4 900
4 913
4 942
4 949
4 963
4 982
5 8
5 11
5 13
5 17
5 30
5 32
5 52
5 67
5 70
5 72
5 136
5 233
5 243
5 328
5 349
5 386
5 441
5 550
5 560
5 695
5 824
5 71
5 7
5 9
5 10
5 14
5 15
5 16
5 20
5 21
5 37
5 62
5 101
5 103
6 9
6 10
6 22
6 48
6 53
6 65
6 176
6 186
6 199
6 256
6 364
6 365
6 389
6 398
6 414
6 473
6 513
6 514
6 543
6 563
6 583
6 599
6 611
6 657
6 667
6 775
6 828
6 848
6 850
6 903
6 938
7 14
7 21
7 57
7 86
7 178
7 302
7 309
7 341
7 355
7 356
7 562
7 601
7 8
7 9
7 15
7 19
7 22
7 69
7 95
7 103
7 122
7 148
8 11
8 19
8 87
8 121
8 148
8 170
8 214
8 366
8 666
8 698
8 701
8 707
8 718
8 744
8 755
8 786
8 788
8 819
8 933
8 71
9 10
9 21
9 26
9 152
9 253
9 493
9 591
9 822
9 834
9 99
9 119
10 92
10 395
10 817
10 11
10 16
10 27
10 28
10 31
10 36
10 50
10 80
10 86
10 116
10 127
11 19
11 44
11 55
11 58
11 59
11 97
11 120
11 127
11 158
11 164
11 195
11 201
11 207
11 229
11 232
11 251
11 252
11 260
11 264
11 293
11 297
11 303
11 333
11 363
11 390
11 392
11 415
11 421
11 440
11 470
11 508
11 510
11 511
11 533
11 554
11 559
11 569
11 576
11 608
11 641
11 653
11 684
11 736
11 739
11 752
11 799
11 807
11 813
11 814
11 853
11 905
11 912
11 917
11 957
11 975
11 976
11 979
11 71
11 13
11 17
11 18
11 128
11 138
12 557
12 71
13 25
13 35
13 72
13 73
13 90
13 138
13 143
13 146
13 178
13 219
13 255
13 287
13 311
13 330
13 417
13 457
13 460
13 596
13 600
13 634
13 651
13 663
13 671
13 679
13 682
13 711
13 738
13 750
13 756
13 766
13 776
13 780
13 868
13 893
13 898
13 916
13 958
13 988
14 16
14 25
14 32
14 100
14 139
14 167
14 261
14 577
14 624
14 680
14 770
14 792
14 24
14 33
14 70
14 90
14 92
15 60
15 86
15 139
15 346
15 413
15 419
15 534
15 595
15 724
15 809
15 44
15 52
16 71
16 23
16 78
16 112
16 117
16 123
16 131
17 22
17 29
17 70
17 168
17 234
17 295
17 312
17 535
17 539
17 592
17 628
17 760
17 762
17 851
17 860
17 907
17 945
17 973
17 30
17 139
18 21
18 43
18 190
19 27
19 44
19 45
19 120
19 434
19 467
19 972
19 22
19 25
19 35
19 52
19 55
19 113
19 137
20 27
20 42
20 62
20 91
20 97
20 148
20 409
20 644
20 646
20 719
20 909
20 72
21 26
21 35
21 39
21 64
21 81
21 155
21 157
21 165
21 167
21 177
21 209
21 250
21 254
21 268
21 276
21 283
21 298
21 322
21 374
21 437
21 456
21 469
21 549
21 580
21 594
21 635
21 637
21 643
21 649
21 658
21 708
21 787
21 794
21 821
21 826
21 902
21 922
21 937
21 993
21 116
21 196
22 29
22 48
22 63
22 145
22 199
22 227
22 338
22 402
22 521
22 568
22 607
22 703
22 717
22 783
22 802
22 874
22 906
22 983
22 53
22 133
23 54
23 184
23 210
23 324
23 985
23 992
24 25
24 119
24 384
24 166
25 104
25 488
25 71
25 51
25 139
26 28
26 38
26 132
26 176
26 326
26 378
26 612
26 704
26 733
27 31
27 39
27 45
27 47
27 50
27 83
27 84
27 99
27 109
27 115
27 120
27 140
27 180
27 204
27 213
27 225
27 267
27 274
27 280
27 288
27 310
27 319
27 334
27 347
27 397
27 530
27 553
27 558
27 593
27 604
27 615
27 616
27 625
27 632
27 652
27 660
27 661
27 686
27 691
27 710
27 716
27 727
27 730
27 742
27 764
27 767
27 798
27 801
27 808
27 811
27 818
27 835
27 857
27 869
27 895
27 915
27 930
27 974
27 996
27 999
27 198
28 108
28 464
28 486
28 71
28 41
28 42
28 50
28 61
28 101
29 153
29 191
29 294
30 49
30 55
30 67
30 79
30 85
30 93
30 111
30 183
30 187
30 212
30 233
30 235
30 297
30 317
30 403
30 443
30 447
30 532
30 546
30 648
30 654
30 678
30 693
30 789
30 791
30 800
30 824
30 836
30 855
30 896
30 932
30 935
30 994
31 46
31 75
31 78
31 94
31 482
31 782
31 967
31 71
31 34
31 98
31 110
32 52
32 72
32 118
32 187
32 300
32 307
32 337
32 339
32 561
32 571
32 575
32 688
32 785
32 804
32 859
32 892
32 941
32 954
32 955
32 183
33 34
33 37
33 49
33 200
33 306
33 327
33 555
33 683
33 928
33 43
33 44
33 46
34 41
34 60
34 352
34 43
34 75
34 88
34 110
35 41
35 221
35 279
35 282
35 399
35 448
35 524
35 862
36 68
36 90
36 96
36 151
36 194
36 433
36 492
36 501
36 888
36 91
36 152
38 61
38 78
38 915
39 82
39 380
39 570
41 598
41 883
41 71
41 42
41 46
41 53
41 80
41 115
42 408
42 487
42 564
42 565
42 839
42 957
42 74
42 84
42 107
42 108
42 114
42 135
42 153
42 154
43 96
43 118
43 126
44 587
44 729
44 765
44 59
45 59
45 97
45 449
45 536
45 986
46 65
46 114
46 627
46 49
46 51
46 59
46 89
47 80
47 95
47 144
47 362
47 412
47 471
47 541
47 581
47 743
47 864
47 971
47 71
47 141
47 146
48 387
48 444
48 706
48 740
48 870
48 184
49 100
49 102
49 247
49 411
49 435
49 689
49 952
49 65
50 186
50 757
50 796
50 93
50 124
50 204
51 53
51 77
51 131
51 189
51 230
51 285
51 500
51 509
51 613
51 879
51 885
51 987
51 86
51 108
52 136
52 462
52 978
52 89
53 125
53 71
53 81
53 128
54 66
54 202
54 368
54 516
54 779
54 820
55 154
56 61
56 71
56 81
56 130
56 179
56 265
56 381
56 423
56 450
56 507
56 721
56 732
56 784
56 929
56 946
57 79
57 296
57 400
57 968
57 71
57 85
58 260
59 83
59 109
59 129
59 373
59 439
59 547
59 672
59 749
59 845
59 846
59 966
60 112
60 149
60 357
61 114
61 218
61 453
61 567
61 63
62 198
62 656
62 812
62 886
63 68
63 69
63 78
63 174
63 194
63 354
63 825
63 951
64 98
65 495
65 519
65 182
66 184
66 226
67 85
67 136
67 142
67 189
67 301
67 376
67 436
68 69
68 113
68 126
68 128
68 184
68 185
68 237
68 266
68 284
68 292
68 295
68 313
68 344
68 358
68 361
68 387
68 391
68 420
68 463
68 466
68 468
68 472
68 479
68 481
68 498
68 517
68 527
68 537
68 572
68 617
68 619
68 621
68 630
68 638
68 674
68 692
68 705
68 731
68 781
68 797
68 802
68 856
68 861
68 897
68 906
68 908
68 918
68 943
68 948
68 950
68 965
68 977
68 985
69 74
69 125
69 130
69 445
69 805
69 837
69 858
69 969
70 124
70 142
70 289
70 321
70 418
70 620
70 642
70 659
70 940
71 81
71 85
71 87
71 88
71 118
72 77
72 88
72 195
72 243
72 304
72 499
72 566
72 699
72 866
72 990
72 168
73 162
73 165
73 192
73 497
73 774
74 217
74 556
74 144
74 179
75 154
75 867
75 90
76 106
76 206
76 342
76 426
76 548
76 863
78 236
78 343
78 371
78 383
78 474
78 503
78 723
78 725
78 745
78 768
78 769
78 803
78 841
78 854
78 891
78 919
78 944
78 960
78 962
80 223
80 373
80 375
80 847
80 123
80 124
80 125
80 173
82 828
83 713
83 197
84 244
84 340
84 588
84 676
85 141
85 523
86 134
86 175
87 105
87 123
87 290
87 372
87 455
87 840
87 95
87 100
89 552
89 101
90 208
90 308
90 316
90 331
90 360
90 367
90 369
90 410
90 427
90 461
90 485
90 499
90 843
90 965
90 984
91 109
91 116
91 315
91 518
91 639
91 152
92 152
92 240
92 351
92 490
92 894
92 108
92 122
92 130
93 289
93 823
93 849
93 877
94 122
94 150
94 741
94 901
95 727
95 119
96 259
96 305
96 370
96 479
96 838
97 159
97 273
97 578
97 722
98 242
98 302
98 887
98 200
99 225
99 379
99 480
99 991
99 193
100 618
101 332
101 430
101 452
101 489
101 645
101 702
101 816
101 136
101 203
102 111
102 526
102 187
103 188
103 241
103 249
103 525
103 106
103 107
103 142
103 143
103 158
103 159
104 200
104 401
104 631
104 177
105 116
105 201
105 238
106 359
106 506
106 590
106 650
106 924
108 771
108 890
109 275
109 574
109 882
110 396
110 584
111 166
114 121
114 231
114 291
114 314
114 454
114 697
114 700
114 753
114 763
114 889
115 222
115 277
116 875
117 119
117 126
117 199
117 205
117 323
117 342
117 542
117 597
117 712
117 778
118 149
118 353
118 151
119 155
119 156
119 165
119 178
119 263
119 424
119 484
119 662
119 880
119 167
120 133
120 197
120 257
120 382
120 394
120 690
120 694
120 739
121 135
121 160
121 271
121 385
121 673
121 777
121 833
124 143
124 761
124 931
124 149
125 478
125 622
125 939
126 131
126 579
126 815
126 981
126 995
127 197
127 696
128 217
128 239
128 290
128 335
128 393
128 878
128 989
128 174
129 171
129 203
129 626
130 163
130 194
130 422
130 429
130 459
130 528
130 681
130 746
130 911
130 914
130 920
131 137
131 153
131 428
131 431
131 720
131 871
133 504
133 668
133 810
133 959
134 138
134 181
134 655
134 772
134 872
135 438
135 899
135 136
135 154
136 377
136 404
136 475
137 224
137 320
137 494
137 551
137 573
137 747
137 748
137 983
138 545
140 272
142 228
142 345
144 465
146 925
147 709
147 936
148 269
148 350
148 405
148 585
148 677
149 211
149 754
150 220
150 491
150 623
150 664
150 834
151 215
151 496
151 502
151 520
151 790
151 865
151 947
152 416
152 629
152 751
152 773
152 795
152 876
152 923
153 313
153 531
153 921
154 486
154 675
159 201
161 196
