0 1
0 2
0 3
0 4
0 5
0 6
0 10
0 11
0 29
0 30
0 31
0 32
0 35
0 41
0 45
0 49
0 60
0 62
0 63
0 66
0 80
0 85
0 95
0 98
0 100
0 106
0 107
0 111
0 114
0 119
0 123
0 130
0 133
0 136
0 140
0 141
0 145
0 148
0 151
0 173
0 176
0 178
0 179
0 182
0 191
0 216
0 265
0 351
0 409
0 463
0 479
0 524
0 581
0 606
0 665
0 748
0 907
0 939
0 956
0 971
0 996
1 2
1 3
1 4
1 5
1 7
1 8
1 10
1 11
1 18
1 19
1 29
1 30
1 40
1 48
1 51
1 56
1 57
1 58
1 63
1 74
1 76
1 77
1 78
1 82
1 87
1 88
1 91
1 95
1 109
1 117
1 123
1 127
1 128
1 130
1 132
1 137
1 146
1 152
1 153
1 157
1 168
1 170
1 175
1 179
1 180
1 186
1 198
1 203
1 204
1 245
1 300
1 365
1 370
1 379
1 387
1 408
1 509
1 518
1 521
1 552
1 574
1 585
1 603
1 667
1 686
1 712
1 715
1 726
1 731
1 734
1 867
1 890
1 931
1 965
1 981
1 997
2 3
2 4
2 5
2 7
2 10
2 14
2 17
2 19
2 21
2 24
2 29
2 34
2 36
2 37
2 42
2 46
2 50
2 51
2 57
2 61
2 67
2 72
2 76
2 82
2 83
2 86
2 88
2 96
2 98
2 103
2 110
2 113
2 115
2 116
2 117
2 118
2 119
2 123
2 124
2 130
2 134
2 138
2 140
2 141
2 155
2 156
2 164
2 167
2 170
2 177
2 180
2 182
2 187
2 189
2 195
2 198
2 201
2 202
2 203
2 219
2 227
2 240
2 250
2 251
2 258
2 302
2 314
2 341
2 366
2 396
2 397
2 405
2 422
2 436
2 448
2 452
2 547
2 581
2 582
2 584
2 608
2 613
2 629
2 631
2 639
2 688
2 736
2 759
2 767
2 771
2 827
2 838
2 866
2 875
2 879
2 887
2 892
2 917
2 923
2 936
2 966
3 4
3 6
3 8
3 14
3 22
3 23
3 27
3 42
3 47
3 52
3 69
3 75
3 77
3 78
3 85
3 93
3 103
3 106
3 111
3 128
3 132
3 136
3 138
3 139
3 143
3 147
3 150
3 152
3 155
3 161
3 171
3 179
3 181
3 183
3 381
3 402
3 416
3 495
3 548
3 600
3 645
3 660
3 721
3 732
3 735
3 834
3 895
3 927
3 986
4 63
4 68
4 78
4 143
4 175
4 475
4 488
5 36
5 52
5 93
5 101
5 160
5 236
5 271
5 323
5 371
5 433
5 829
5 922
5 930
5 944
5 954
5 132
5 54
5 12
5 13
5 22
5 23
5 28
5 32
5 41
5 71
5 76
5 87
5 120
5 138
5 148
6 7
6 9
6 14
6 15
6 35
6 41
6 51
6 198
6 281
6 285
6 312
6 337
6 352
6 400
6 445
6 482
6 513
6 568
6 809
6 850
6 955
6 968
6 54
6 55
6 78
6 110
7 9
7 41
7 73
7 156
7 189
7 234
7 276
7 460
7 532
7 596
7 713
7 824
7 831
7 861
7 878
7 975
7 993
7 54
7 19
8 18
8 23
8 26
8 31
8 50
8 89
8 121
8 283
8 701
8 706
8 792
8 132
8 16
8 22
8 73
9 14
9 15
9 22
9 24
9 35
9 36
9 41
9 42
9 62
9 100
9 114
9 141
9 142
9 163
9 169
9 183
9 191
9 200
9 224
9 238
9 255
9 269
9 324
9 325
9 339
9 359
9 392
9 399
9 403
9 426
9 427
9 440
9 465
9 489
9 522
9 528
9 536
9 560
9 590
9 595
9 653
9 669
9 697
9 724
9 743
9 770
9 772
9 776
9 785
9 851
9 855
9 880
9 883
9 893
9 914
9 915
9 922
9 942
9 974
9 985
9 988
9 994
10 16
10 38
10 294
10 344
10 795
10 54
10 25
10 26
10 37
10 60
10 113
10 135
11 12
11 13
11 27
11 40
11 46
11 47
11 48
11 71
11 79
11 102
11 125
11 139
11 153
11 196
11 220
11 241
11 246
11 367
11 374
11 415
11 469
11 561
11 572
11 622
11 637
11 675
11 698
11 722
11 755
11 932
11 992
11 995
11 132
11 30
11 33
11 36
11 39
11 67
12 13
12 17
12 27
12 66
12 122
12 632
12 972
12 54
12 45
13 342
13 132
13 54
13 16
13 22
13 42
13 49
13 72
13 74
13 96
13 118
13 130
14 105
14 140
14 189
14 327
14 340
14 551
14 555
14 658
14 794
14 828
14 910
15 73
15 253
15 545
15 644
15 54
15 18
16 98
16 21
16 24
16 38
16 43
16 50
16 59
16 82
16 89
16 95
16 124
16 142
16 151
17 46
17 55
17 96
17 139
17 174
17 297
17 395
17 438
17 638
17 674
17 899
17 984
17 54
17 64
18 25
18 26
18 39
18 158
18 260
18 263
18 498
18 640
18 680
18 877
18 904
18 918
18 934
18 946
18 86
18 101
18 123
19 20
19 23
19 25
19 27
19 28
19 40
19 46
19 47
19 55
19 57
19 59
19 61
19 79
19 84
19 104
19 118
19 121
19 122
19 143
19 146
19 148
19 158
19 193
19 206
19 212
19 228
19 244
19 282
19 299
19 301
19 310
19 311
19 313
19 317
19 350
19 376
19 384
19 401
19 404
19 419
19 430
19 485
19 492
19 500
19 502
19 550
19 611
19 620
19 643
19 647
19 650
19 671
19 676
19 687
19 705
19 714
19 753
19 779
19 780
19 790
19 798
19 815
19 821
19 833
19 836
19 839
19 854
19 900
19 911
19 935
19 943
19 948
19 979
19 987
20 26
20 31
20 277
20 461
20 514
20 633
20 854
20 132
21 23
22 33
22 77
22 94
22 261
22 432
22 614
22 616
22 693
22 846
22 889
22 896
22 929
22 27
22 57
22 107
22 126
22 134
23 25
23 28
23 43
23 59
23 126
23 190
23 204
23 268
23 535
23 606
23 714
23 744
23 781
24 30
24 53
24 74
24 97
24 147
24 159
24 166
24 239
24 254
24 303
24 321
24 330
24 423
24 425
24 504
24 510
24 537
24 558
24 597
24 625
24 682
24 690
24 737
24 738
24 751
24 766
24 782
24 783
24 786
24 844
24 847
24 859
24 871
24 876
24 132
24 39
24 41
24 47
24 63
24 88
25 28
25 37
25 44
25 54
25 59
25 61
25 68
25 81
25 87
25 129
25 142
25 143
25 154
25 159
25 166
25 185
25 237
25 284
25 289
25 305
25 347
25 355
25 429
25 468
25 517
25 531
25 550
25 608
25 618
25 649
25 666
25 710
25 777
25 787
25 805
25 870
25 875
25 920
25 928
25 937
25 964
25 29
25 53
26 54
26 228
26 609
26 728
26 778
26 40
26 69
27 29
27 53
27 112
27 149
27 188
27 309
27 373
27 612
27 949
28 39
28 54
28 190
28 204
28 266
28 272
28 377
28 515
28 607
28 648
28 747
28 813
28 45
28 58
28 81
28 89
28 111
28 128
29 55
29 71
29 102
29 116
29 150
29 187
29 292
29 326
29 395
29 580
29 627
29 733
29 863
29 943
29 953
29 132
29 31
29 35
29 48
29 72
29 101
29 104
29 152
30 38
30 44
30 89
30 113
30 119
30 155
30 162
30 205
30 434
30 473
30 494
30 565
30 634
30 940
31 43
31 118
31 204
31 475
31 768
32 80
32 203
32 52
32 98
32 115
33 54
33 79
34 36
34 45
34 56
34 192
34 199
34 304
34 338
34 451
34 549
34 684
34 691
34 788
34 881
34 924
35 60
35 390
35 410
35 672
35 689
35 818
35 36
35 186
36 70
36 92
36 108
36 307
36 511
36 516
36 635
36 690
36 853
36 885
36 49
37 38
37 44
37 83
37 109
37 154
38 132
38 47
38 99
38 128
40 149
40 196
40 211
40 279
40 318
40 541
40 542
40 610
40 837
40 845
40 139
40 150
41 161
41 417
41 530
41 583
41 697
41 764
41 916
41 50
42 52
42 56
42 64
42 70
42 151
42 165
42 194
42 195
42 217
42 293
42 539
42 579
42 619
42 681
42 685
42 704
42 820
42 832
43 126
43 334
43 406
43 493
43 711
44 296
44 503
44 132
44 73
45 64
45 111
45 128
45 215
45 331
45 357
45 476
45 487
45 520
45 655
45 75
46 94
46 107
46 150
46 196
46 230
46 353
46 431
46 468
46 708
46 909
46 933
46 132
47 66
47 71
47 122
47 188
47 232
47 322
47 368
47 464
47 588
47 765
47 808
47 825
47 884
47 998
47 84
47 85
47 86
47 175
48 121
48 231
48 196
49 82
49 163
49 912
49 132
51 67
51 124
51 171
51 181
51 316
51 391
51 447
51 486
51 575
51 630
51 707
51 758
51 796
51 811
51 817
51 841
51 868
51 872
51 886
51 982
51 983
51 132
51 54
51 57
51 64
51 71
51 93
51 120
52 161
52 354
52 364
52 989
52 54
52 57
52 81
52 108
52 112
52 113
52 122
53 112
53 149
53 222
53 226
53 235
53 242
53 343
53 360
53 373
53 477
53 534
53 651
53 673
53 692
53 695
53 762
53 774
53 822
53 823
53 888
54 165
54 388
54 411
54 439
54 454
54 497
54 529
54 761
54 132
54 61
54 65
54 94
54 117
54 131
54 139
55 270
55 76
55 107
55 109
56 69
56 85
56 90
56 92
56 163
56 191
56 210
56 336
56 348
56 394
56 418
56 420
56 476
56 557
56 569
56 621
56 679
56 702
56 718
56 727
56 760
56 800
56 898
56 913
56 926
56 959
56 967
56 132
56 86
56 194
57 115
57 267
57 442
57 527
57 152
58 76
58 83
58 149
59 449
59 849
59 190
60 467
60 605
60 183
61 146
61 259
61 652
61 719
61 862
62 95
62 961
62 189
63 65
63 91
63 97
63 151
63 264
63 466
63 470
63 646
63 656
63 717
63 830
63 847
63 882
63 905
63 950
63 951
63 999
64 207
64 286
64 921
64 132
64 114
64 122
64 160
67 68
67 107
67 168
67 315
67 490
67 763
67 846
67 947
67 991
68 177
68 604
69 132
69 135
70 869
71 99
71 435
71 624
71 791
71 797
72 130
72 133
72 335
72 577
73 615
73 99
73 113
73 151
74 120
74 129
74 229
74 257
74 462
74 891
74 181
75 501
75 960
75 93
76 306
76 546
76 594
76 749
76 901
77 197
77 413
77 526
77 586
77 678
78 105
78 138
78 243
78 256
78 295
78 363
78 372
78 382
78 398
78 412
78 414
78 483
78 496
78 505
78 506
78 564
78 617
78 642
78 683
78 730
78 814
78 835
78 842
78 917
78 973
78 976
79 81
79 171
79 178
79 273
79 311
79 378
79 380
79 389
79 540
79 775
79 843
79 873
79 941
79 952
79 957
79 990
80 124
80 349
80 716
80 741
81 601
81 664
81 105
82 308
82 441
82 474
82 566
82 598
82 857
83 919
84 290
84 592
85 108
85 275
85 453
85 750
85 858
86 369
86 594
86 801
86 95
86 132
87 110
87 573
87 185
88 677
88 980
88 124
89 443
89 471
89 525
89 602
89 826
89 958
89 94
89 136
89 145
90 977
91 151
91 458
92 218
92 274
92 385
92 807
94 98
94 223
94 262
94 361
94 816
94 864
94 143
95 291
95 740
95 149
95 191
95 198
96 131
96 172
96 280
96 446
96 661
96 132
97 784
97 969
98 120
98 225
98 233
98 386
98 512
98 567
98 703
98 769
98 171
100 556
101 144
101 192
102 135
102 185
102 804
102 806
102 812
103 173
104 450
105 156
105 221
105 603
105 657
105 700
105 723
105 745
105 852
105 874
106 123
106 176
106 578
106 799
107 159
108 174
110 159
110 166
111 136
111 375
111 902
111 182
113 147
113 202
113 214
113 589
113 662
113 699
113 700
113 754
113 897
113 906
115 248
115 421
115 428
115 540
115 729
115 810
116 135
116 562
116 709
116 933
117 197
117 739
117 803
117 132
118 154
118 244
118 903
119 298
119 456
120 154
121 137
121 247
121 593
121 752
121 793
122 172
122 424
122 507
122 553
122 628
122 757
122 773
122 908
122 180
123 455
123 623
123 694
123 163
124 178
124 183
124 249
124 328
124 345
124 393
124 437
124 481
124 545
124 576
124 654
124 665
124 720
124 746
124 789
124 970
125 132
126 457
126 945
128 192
128 356
128 407
128 423
128 563
129 444
129 523
130 150
130 180
130 329
130 332
130 771
132 543
132 140
132 141
132 144
132 147
132 150
133 267
133 659
134 172
137 484
137 533
137 802
137 978
138 333
138 491
138 499
138 819
138 831
138 856
139 209
139 478
139 554
139 571
139 663
140 145
140 208
140 626
141 383
141 559
141 587
141 725
141 848
142 288
142 459
142 756
142 925
142 962
143 480
143 535
143 591
143 152
144 472
144 963
146 358
148 287
149 172
149 174
149 213
149 599
149 742
150 641
151 362
151 519
151 636
151 153
152 278
152 696
152 840
153 508
153 570
154 184
154 252
154 319
154 320
154 346
154 538
154 544
154 668
154 670
154 706
154 773
154 860
154 865
154 894
154 920
154 938
157 185
175 179
