0 1
0 2
0 3
0 4
0 6
0 11
0 16
0 17
0 21
0 24
0 25
0 35
0 36
0 40
0 45
0 46
0 51
0 53
0 59
0 67
0 68
0 69
0 76
0 78
0 93
0 98
0 111
0 119
0 130
0 134
0 140
0 146
0 147
0 150
0 151
0 155
0 168
0 173
0 189
0 242
0 312
0 340
0 479
0 481
0 611
0 687
0 700
0 724
0 741
0 755
0 759
0 776
0 793
0 795
0 819
0 849
0 929
0 940
0 944
0 955
0 975
0 999
1 2
1 3
1 4
1 5
1 13
1 48
1 58
1 62
1 66
1 67
1 70
1 75
1 79
1 101
1 105
1 106
1 109
1 112
1 131
1 138
1 145
1 162
1 170
1 177
1 185
1 188
1 193
1 199
1 201
1 265
1 339
1 358
1 401
1 467
1 500
1 601
1 606
1 753
1 800
1 875
1 879
1 914
1 921
1 995
2 3
2 4
2 5
2 6
2 7
2 9
2 11
2 13
2 30
2 31
2 32
2 35
2 36
2 38
2 40
2 44
2 52
2 57
2 61
2 77
2 87
2 88
2 89
2 98
2 99
2 105
2 106
2 111
2 114
2 115
2 116
2 122
2 139
2 141
2 143
2 150
2 154
2 158
2 167
2 171
2 173
2 175
2 184
2 185
2 187
2 195
2 224
2 269
2 292
2 368
2 420
2 427
2 525
2 557
2 603
2 621
2 633
2 728
2 752
2 873
2 954
2 960
2 974
3 4
3 6
3 9
3 10
3 11
3 13
3 22
3 29
3 32
3 33
3 35
3 38
3 40
3 54
3 58
3 65
3 70
3 74
3 76
3 80
3 83
3 86
3 98
3 103
3 105
3 106
3 115
3 116
3 119
3 121
3 123
3 133
3 135
3 138
3 141
3 142
3 144
3 148
3 156
3 162
3 164
3 171
3 172
3 179
3 181
3 184
3 185
3 190
3 196
3 199
3 203
3 206
3 210
3 280
3 286
3 290
3 291
3 313
3 371
3 429
3 434
3 522
3 543
3 552
3 564
3 573
3 595
3 641
3 663
3 693
3 702
3 711
3 746
3 809
3 816
3 818
3 839
3 905
3 947
3 965
4 10
4 41
4 43
4 60
4 65
4 71
4 73
4 86
4 89
4 110
4 113
4 118
4 131
4 138
4 162
4 165
4 171
4 182
4 256
4 267
4 366
4 377
4 495
4 520
4 550
4 591
4 669
4 682
4 812
4 831
4 862
4 882
4 994
5 7
5 8
5 12
5 19
5 207
5 236
5 251
5 262
5 523
5 584
5 624
5 690
5 842
5 901
5 42
5 6
5 11
5 13
5 17
6 20
6 29
6 85
6 92
6 97
6 102
6 137
6 197
6 209
6 832
6 950
6 42
6 13
6 7
6 8
6 9
6 14
6 25
6 27
6 40
6 41
6 59
6 60
6 81
6 89
6 144
7 8
7 12
7 18
7 19
7 37
7 125
7 133
7 278
7 285
7 306
7 310
7 326
7 397
7 451
7 454
7 509
7 518
7 732
7 750
7 768
7 848
7 863
7 991
7 42
7 10
7 11
7 14
7 15
7 16
7 22
7 23
7 24
7 41
7 52
7 57
7 72
7 78
7 83
7 85
7 120
7 135
8 628
8 638
8 694
8 902
8 21
8 29
8 147
9 10
9 21
9 24
9 74
9 155
9 157
9 159
9 169
9 178
9 181
9 200
9 241
9 325
9 337
9 341
9 360
9 422
9 464
9 528
9 574
9 578
9 588
9 672
9 674
9 691
9 911
9 42
9 19
10 14
10 24
10 64
10 71
10 93
10 95
10 96
10 192
10 200
10 322
10 363
10 468
10 685
10 788
10 944
10 42
10 13
10 16
10 36
11 15
11 25
11 26
11 31
11 67
11 83
11 135
11 204
11 301
11 327
11 459
11 493
11 649
11 749
11 836
11 919
11 935
11 968
11 970
11 972
11 977
11 32
11 60
11 61
11 63
11 65
11 79
11 82
11 125
12 122
12 124
12 156
12 376
12 378
12 644
12 885
13 23
13 28
13 33
13 34
13 41
13 55
13 81
13 95
13 103
13 174
13 237
13 239
13 295
13 709
13 14
13 15
13 26
13 29
13 31
13 47
13 91
13 122
13 138
13 147
14 17
14 37
14 370
14 534
14 33
14 35
14 75
14 124
15 36
15 876
15 17
15 26
15 39
15 40
15 49
15 76
15 106
15 151
16 63
16 73
16 104
16 117
16 136
16 144
16 149
16 275
16 315
16 424
16 486
16 729
16 780
16 830
16 890
16 907
16 20
16 22
16 71
16 115
16 143
17 20
17 30
17 44
17 100
17 104
17 157
17 158
17 182
17 194
17 196
17 215
17 230
17 277
17 300
17 311
17 332
17 390
17 407
17 412
17 413
17 535
17 539
17 548
17 554
17 556
17 607
17 639
17 658
17 659
17 698
17 734
17 743
17 760
17 811
17 834
17 886
17 923
17 963
17 48
17 53
17 159
17 171
18 19
18 27
18 65
18 160
18 193
18 336
18 387
18 472
18 604
18 767
18 855
18 918
18 939
18 962
19 127
19 361
19 465
19 942
19 962
19 42
19 80
19 131
20 29
20 50
20 55
20 62
20 101
20 570
20 652
20 676
20 761
20 937
20 38
20 45
20 108
20 115
21 26
21 47
21 72
21 91
21 100
21 153
21 178
21 273
21 334
21 353
21 359
21 423
21 494
21 545
21 572
21 578
21 599
21 647
21 728
21 754
21 777
21 806
21 814
21 845
21 868
21 883
21 930
21 987
21 182
22 32
22 69
22 84
22 105
22 110
22 114
22 124
22 136
22 143
23 28
23 60
23 76
23 217
23 513
23 54
23 72
24 64
24 138
24 158
24 27
24 42
24 117
25 31
25 166
25 221
25 381
25 695
25 719
26 75
26 82
26 185
27 133
28 33
28 56
28 165
28 375
28 395
28 586
28 42
29 50
29 51
29 62
29 79
29 104
29 105
29 131
29 226
29 350
29 389
29 409
29 636
29 696
29 826
29 80
29 93
30 45
30 63
30 66
30 80
30 176
30 179
30 279
30 415
30 441
30 667
30 708
30 817
30 857
30 864
31 39
31 42
31 46
31 47
31 52
31 53
31 844
32 49
32 59
32 81
32 95
32 103
32 113
32 119
32 151
32 152
32 158
32 248
32 331
32 355
32 379
32 463
32 507
32 527
32 641
32 646
32 653
32 666
32 678
32 745
32 763
32 764
32 803
33 41
33 931
34 56
34 88
34 174
35 152
36 400
36 188
37 44
37 64
37 74
37 93
37 122
37 128
37 160
37 173
37 202
37 244
37 272
37 281
37 296
37 302
37 308
37 354
37 362
37 368
37 374
37 477
37 484
37 498
37 506
37 566
37 605
37 655
37 710
37 742
37 784
37 823
37 837
37 838
37 877
37 880
37 881
37 906
37 942
38 39
38 48
38 72
38 80
38 99
38 106
38 121
38 161
38 166
38 212
38 235
38 245
38 289
38 304
38 316
38 348
38 367
38 418
38 438
38 452
38 453
38 471
38 569
38 597
38 609
38 617
38 651
38 664
38 677
38 713
38 715
38 731
38 757
38 775
38 824
38 825
38 843
38 854
38 897
38 949
38 957
38 968
38 984
38 44
38 47
38 50
38 73
38 151
39 78
39 76
40 54
40 94
40 163
40 170
40 208
40 349
40 476
40 772
40 75
41 49
41 69
41 199
41 274
41 288
41 688
41 56
41 57
41 74
41 104
41 127
41 128
41 139
41 142
42 414
42 587
42 56
42 81
42 82
42 107
42 116
42 136
42 137
42 172
42 177
43 71
43 872
43 926
44 54
44 68
44 82
44 88
44 112
44 126
44 152
44 192
44 247
44 252
44 393
44 508
44 521
44 565
44 592
44 598
44 620
44 675
44 704
44 712
44 736
44 847
44 59
45 59
45 146
45 227
45 268
45 581
45 813
45 865
45 959
45 976
45 983
45 988
45 95
46 161
46 938
47 75
47 194
47 309
47 544
47 553
47 632
47 643
47 893
47 52
47 58
47 62
47 78
47 112
47 119
47 146
48 356
48 396
48 833
48 945
48 106
49 904
49 92
49 117
49 165
50 433
50 679
51 56
51 79
51 118
51 195
51 197
51 246
51 383
51 408
51 419
51 426
51 431
51 516
51 547
51 559
51 590
51 635
51 721
51 726
51 740
51 785
51 791
51 835
51 909
51 941
51 951
51 979
52 53
52 153
52 175
52 234
52 421
52 442
52 62
52 204
53 116
53 219
53 232
53 327
53 372
53 423
53 549
53 997
53 998
54 88
54 406
54 630
54 634
55 117
55 194
55 203
55 228
55 255
55 270
55 314
55 380
55 425
55 457
55 699
55 725
55 730
55 770
55 889
55 899
55 910
55 925
55 933
55 993
56 84
56 107
56 162
56 163
56 448
56 538
56 748
56 807
57 163
57 99
57 124
57 145
59 60
59 77
59 526
59 562
59 616
59 846
59 981
59 83
60 78
60 86
60 382
60 399
60 446
60 496
60 622
60 852
60 85
61 186
61 253
61 258
61 321
62 66
62 102
62 139
62 143
62 179
62 198
62 342
62 542
62 579
62 585
62 686
62 878
62 896
62 898
62 980
63 689
63 790
63 99
64 110
64 205
64 261
64 404
64 456
64 575
64 662
64 670
64 973
65 783
65 792
66 402
66 489
66 503
67 91
67 99
67 990
69 183
69 213
69 297
69 629
69 789
69 869
69 900
70 90
70 166
70 271
70 519
70 778
70 779
70 161
71 78
71 108
71 260
71 345
71 392
71 470
71 551
71 563
71 631
71 718
71 769
71 798
71 936
72 287
72 504
72 555
72 665
72 684
72 810
72 822
72 971
72 985
72 122
73 758
73 964
74 93
74 108
74 110
74 113
74 444
74 469
74 568
74 786
74 841
74 903
75 84
75 132
75 142
75 183
75 191
75 231
75 317
75 323
75 485
75 488
75 531
75 572
75 615
75 656
75 716
75 733
75 805
75 822
75 856
75 915
75 996
75 77
75 79
75 144
76 82
76 123
76 431
76 558
76 648
76 870
76 948
77 861
78 107
78 417
78 492
78 762
78 917
78 108
79 135
79 432
79 501
79 533
79 536
79 577
79 654
79 727
79 802
79 821
79 829
79 844
79 876
79 956
79 961
79 107
79 119
80 129
80 188
80 215
80 223
80 240
80 312
80 343
80 347
80 381
80 388
80 411
80 437
80 461
80 497
80 510
80 532
80 614
80 661
80 681
80 703
80 714
80 756
80 771
80 894
80 920
80 989
80 86
81 908
81 103
81 123
81 134
82 673
82 891
82 88
82 98
82 154
83 185
83 490
83 850
84 165
84 303
84 439
84 640
84 735
84 130
85 131
85 576
85 982
85 120
86 109
86 263
86 458
86 600
86 867
87 394
88 94
88 338
88 738
88 781
88 871
88 916
89 161
89 233
89 320
89 928
90 499
90 697
91 851
91 92
92 386
93 134
93 238
93 283
93 474
93 612
93 623
93 685
93 705
93 712
93 797
93 888
93 144
94 618
94 969
95 96
95 211
95 435
95 618
95 637
95 692
95 717
95 720
95 739
95 924
95 932
95 943
95 132
95 178
96 820
98 120
98 417
99 132
99 229
99 257
99 480
99 529
99 560
99 102
100 249
100 561
100 815
101 114
101 179
101 284
101 487
101 515
103 680
103 126
104 147
104 149
104 440
104 751
104 922
104 126
105 120
105 225
105 645
105 866
106 319
106 447
106 582
106 706
106 934
106 125
106 128
107 541
107 112
107 180
108 773
109 117
110 276
110 313
110 466
110 127
111 143
111 324
111 478
111 203
112 129
112 142
112 166
112 177
112 180
112 282
112 365
112 462
112 511
112 602
112 707
112 766
112 796
112 804
112 808
112 828
112 952
112 953
112 183
113 127
113 214
113 243
113 351
113 469
113 505
113 530
113 596
113 913
113 192
114 189
115 168
115 373
115 840
116 416
116 887
117 140
117 927
117 139
118 121
118 193
118 216
118 443
118 514
118 580
118 613
118 794
118 799
118 992
119 966
119 145
119 152
120 145
120 388
120 482
120 593
120 958
121 126
121 344
121 385
121 546
121 668
121 782
121 861
122 330
122 357
122 371
122 384
122 410
122 450
122 619
122 747
122 774
122 148
123 460
123 151
125 264
126 218
126 220
126 266
126 294
126 329
126 333
126 335
126 346
126 475
126 502
126 512
126 524
126 540
126 563
126 571
126 626
126 644
126 683
126 722
126 723
126 731
126 859
126 860
126 892
126 912
126 967
126 973
127 133
127 160
129 744
129 173
130 299
131 473
131 625
131 737
132 305
132 978
133 173
133 328
133 403
133 449
133 483
133 491
133 567
133 589
133 594
133 627
134 470
134 657
138 182
138 352
138 369
138 428
138 583
138 642
138 650
139 293
140 150
140 391
140 398
140 660
140 671
140 769
140 162
140 191
141 254
141 455
141 827
141 853
141 874
141 986
142 446
143 284
143 405
143 430
143 659
143 730
143 765
143 801
143 884
144 194
145 259
147 298
147 436
147 461
147 608
147 701
147 895
150 537
151 250
151 364
151 517
151 163
152 307
152 787
152 858
153 164
153 222
153 445
153 610
153 946
154 318
158 192
171 181
194 197
