0 1
0 2
0 3
0 4
0 5
0 7
0 12
0 19
0 23
0 29
0 41
0 43
0 47
0 62
0 86
0 89
0 90
0 108
0 112
0 119
0 122
0 128
0 132
0 136
0 145
0 155
0 156
0 162
0 169
0 171
0 184
0 197
0 203
0 212
0 313
0 322
0 346
0 370
0 382
0 399
0 405
0 419
0 468
0 476
0 614
0 633
0 656
0 664
0 720
0 756
0 822
0 824
0 836
0 898
0 907
0 922
0 986
0 991
1 2
1 3
1 4
1 5
1 6
1 8
1 12
1 13
1 15
1 17
1 20
1 34
1 36
1 38
1 45
1 48
1 57
1 60
1 64
1 66
1 67
1 68
1 72
1 73
1 76
1 78
1 80
1 90
1 92
1 93
1 94
1 96
1 97
1 98
1 99
1 101
1 102
1 103
1 112
1 113
1 119
1 123
1 130
1 132
1 138
1 139
1 140
1 142
1 148
1 152
1 153
1 155
1 156
1 157
1 167
1 173
1 178
1 179
1 182
1 185
1 189
1 196
1 199
1 205
1 222
1 229
1 250
1 261
1 262
1 285
1 317
1 329
1 376
1 397
1 424
1 426
1 445
1 452
1 460
1 502
1 530
1 533
1 576
1 619
1 649
1 684
1 725
1 826
1 866
1 870
1 890
1 945
1 979
2 3
2 4
2 5
2 7
2 10
2 11
2 15
2 31
2 35
2 37
2 48
2 49
2 51
2 54
2 59
2 67
2 68
2 69
2 70
2 81
2 93
2 99
2 102
2 104
2 108
2 111
2 117
2 120
2 125
2 126
2 129
2 133
2 148
2 150
2 152
2 159
2 163
2 164
2 165
2 166
2 169
2 171
2 172
2 175
2 180
2 182
2 183
2 184
2 188
2 193
2 200
2 203
2 204
2 234
2 237
2 241
2 314
2 335
2 358
2 368
2 392
2 427
2 439
2 450
2 495
2 532
2 565
2 569
2 590
2 661
2 697
2 740
2 742
2 757
2 772
2 810
2 811
2 851
2 857
2 882
2 906
2 909
2 915
2 925
2 977
3 4
3 6
3 8
3 10
3 15
3 21
3 24
3 25
3 34
3 35
3 54
3 59
3 69
3 92
3 101
3 117
3 127
3 167
3 183
3 188
3 195
3 197
3 266
3 286
3 425
3 440
3 500
3 571
3 589
3 616
3 640
3 653
3 688
3 784
3 838
4 6
4 7
4 26
4 42
4 43
4 51
4 52
4 58
4 60
4 67
4 73
4 78
4 79
4 84
4 91
4 92
4 126
4 129
4 142
4 143
4 144
4 146
4 157
4 173
4 193
4 221
4 229
4 230
4 280
4 330
4 496
4 604
4 641
4 668
4 734
4 893
5 14
5 20
5 30
5 83
5 137
5 179
5 199
5 207
5 209
5 365
5 638
5 704
5 705
5 885
5 67
5 6
5 13
5 38
5 49
5 54
5 56
5 58
5 69
5 77
5 117
5 125
6 21
6 24
6 139
6 186
6 246
6 362
6 513
6 726
6 775
6 786
6 67
6 7
6 8
6 9
6 11
6 13
6 14
6 15
6 16
6 18
6 19
6 20
6 23
6 26
6 33
6 34
6 36
6 37
6 43
6 45
6 47
6 66
6 73
6 79
6 86
6 92
6 93
6 94
6 97
6 98
6 109
6 113
6 133
6 135
6 151
6 192
7 10
7 15
7 38
7 42
7 98
7 143
7 291
7 449
7 531
7 702
7 707
7 950
7 953
7 40
8 9
8 36
8 45
8 85
8 112
8 134
8 191
8 194
8 210
8 240
8 249
8 251
8 254
8 372
8 613
8 736
8 797
8 832
8 951
8 53
9 13
9 64
9 104
9 407
9 448
9 690
9 801
9 897
9 976
9 138
10 11
10 14
10 18
10 23
10 39
10 46
10 47
10 52
10 54
10 59
10 109
10 116
10 124
10 141
10 145
10 180
10 181
10 252
10 258
10 274
10 276
10 297
10 310
10 332
10 342
10 397
10 446
10 482
10 492
10 507
10 511
10 547
10 559
10 562
10 568
10 630
10 702
10 723
10 741
10 748
10 750
10 754
10 771
10 774
10 790
10 794
10 817
10 821
10 877
10 900
10 67
10 35
10 78
11 22
11 34
11 50
11 55
11 73
11 94
11 100
11 112
11 120
12 26
12 40
12 53
12 55
12 133
12 172
12 302
12 433
12 595
12 608
12 758
12 816
12 967
13 22
13 63
13 116
13 146
13 388
13 390
13 537
13 678
13 778
13 785
13 818
13 839
13 895
13 976
13 14
13 18
13 24
13 30
13 31
13 34
13 51
13 57
13 64
13 69
13 85
13 91
13 110
13 115
13 127
13 133
13 141
14 20
14 28
14 31
14 33
14 57
14 66
14 75
14 90
14 119
14 127
14 144
14 157
14 163
14 166
14 170
14 245
14 256
14 264
14 275
14 292
14 327
14 347
14 457
14 481
14 517
14 528
14 599
14 667
14 746
14 766
14 768
14 789
14 799
14 856
14 879
14 914
14 973
14 981
14 22
14 24
15 16
15 17
15 19
15 22
15 25
15 26
15 38
15 45
15 61
15 65
15 69
15 77
15 80
15 83
15 100
15 104
15 111
15 125
15 157
15 174
15 180
15 189
15 198
15 224
15 232
15 244
15 273
15 275
15 298
15 319
15 321
15 354
15 355
15 386
15 403
15 418
15 428
15 432
15 473
15 486
15 490
15 579
15 593
15 594
15 625
15 631
15 657
15 658
15 674
15 687
15 691
15 721
15 729
15 730
15 731
15 733
15 767
15 791
15 795
15 822
15 834
15 835
15 840
15 853
15 863
15 873
15 883
15 911
15 957
15 982
15 998
15 67
15 72
15 95
15 116
15 130
16 17
16 29
17 431
18 21
18 44
18 46
18 54
18 58
18 74
18 105
18 186
18 192
18 257
18 367
18 471
18 527
18 546
18 669
18 811
18 820
18 965
18 146
19 55
19 161
19 216
19 628
19 650
19 67
19 46
19 48
19 56
19 61
19 62
19 74
19 75
19 83
19 93
19 108
19 147
20 30
20 43
20 66
20 162
20 552
20 560
21 56
21 400
21 703
21 798
22 234
22 290
22 359
23 29
23 32
23 95
23 114
23 268
23 523
23 592
23 833
23 93
23 113
23 130
24 27
24 30
24 58
24 61
24 89
24 187
24 236
24 336
24 463
24 499
24 503
24 512
24 597
24 655
24 679
24 776
24 803
24 25
24 43
24 110
25 61
25 63
25 85
25 131
25 391
25 191
25 201
26 269
26 307
26 344
26 384
26 612
26 57
26 151
27 41
27 139
27 886
27 67
27 28
27 32
27 39
27 44
27 78
27 101
27 118
28 96
28 118
28 126
28 238
28 245
28 394
28 550
28 596
28 891
28 927
28 993
28 30
28 33
28 38
28 54
28 148
29 32
29 74
29 87
29 124
29 409
29 524
29 651
29 823
29 955
30 50
30 60
30 88
30 107
30 129
30 137
30 186
30 187
30 253
30 267
30 282
30 338
30 357
30 369
30 387
30 434
30 487
30 550
30 560
30 607
30 642
30 665
30 672
30 708
30 739
30 783
30 792
30 807
30 813
30 861
30 881
30 941
30 983
30 53
30 185
31 127
31 168
31 283
31 646
31 76
32 44
32 49
32 442
32 686
32 689
33 53
33 57
33 227
33 239
33 735
34 36
34 149
34 215
34 280
34 363
34 483
34 618
34 868
34 869
34 158
35 39
35 103
35 113
35 128
35 200
35 225
35 488
35 508
35 526
35 542
35 555
35 575
35 602
35 644
35 666
35 673
35 694
35 699
35 711
35 755
35 765
35 819
35 847
35 858
35 924
35 969
35 974
35 985
35 70
36 41
36 63
36 76
36 80
36 81
36 155
36 194
36 198
36 263
36 270
36 278
36 296
36 299
36 311
36 323
36 339
36 356
36 370
36 377
36 386
36 389
36 415
36 420
36 458
36 464
36 479
36 536
36 540
36 587
36 609
36 634
36 662
36 671
36 674
36 710
36 713
36 764
36 787
36 788
36 830
36 848
36 852
36 902
36 903
36 910
36 929
36 931
36 946
36 980
36 988
36 990
36 992
36 994
36 100
36 134
37 168
37 632
38 39
38 52
38 53
38 70
38 94
38 106
38 114
38 135
38 153
38 160
38 163
38 181
38 231
38 385
38 423
38 456
38 466
38 489
38 505
38 515
38 516
38 553
38 624
38 643
38 660
38 683
38 692
38 745
38 815
38 845
38 846
38 874
38 875
38 901
38 987
38 67
38 41
38 64
38 65
38 71
38 80
38 82
38 118
38 139
38 144
39 715
40 814
40 151
41 71
41 121
41 213
41 265
41 364
41 467
41 475
41 854
41 959
41 65
43 156
43 242
43 349
43 371
43 501
43 738
43 923
44 478
44 960
44 86
44 105
44 111
44 119
45 151
45 360
46 71
46 111
46 119
46 132
47 110
48 83
48 92
48 577
48 956
48 162
49 165
49 203
49 743
49 98
50 96
50 99
50 119
50 150
50 171
52 55
52 110
52 260
53 100
53 385
54 136
54 309
54 436
54 549
54 85
54 90
54 113
54 135
55 264
55 712
55 81
55 166
56 81
56 296
56 318
56 598
56 693
56 919
57 180
57 294
57 677
58 984
58 196
59 971
59 997
60 62
60 72
60 154
60 178
60 219
60 235
60 284
60 441
60 582
60 670
60 749
60 796
60 842
60 908
60 975
60 67
60 114
61 447
61 680
61 159
62 129
62 583
62 104
63 111
63 153
63 240
63 379
63 414
63 545
63 574
63 706
63 759
63 793
64 131
64 151
64 202
64 255
64 287
64 324
64 328
64 348
64 437
64 543
64 566
64 659
64 718
64 724
64 732
64 868
64 884
64 889
65 109
65 304
65 544
65 588
65 695
65 769
65 937
65 67
65 121
65 128
66 167
66 610
66 637
66 84
66 131
67 279
67 429
67 430
67 438
67 453
67 970
67 994
67 77
67 90
67 103
67 138
68 123
68 174
68 404
68 700
68 773
68 864
68 880
68 892
68 926
68 933
69 303
69 605
70 102
70 150
71 176
71 585
71 654
71 676
71 698
71 763
71 891
71 989
72 195
72 199
72 714
72 74
73 82
73 95
73 138
73 277
73 491
73 921
74 108
74 115
74 117
76 105
76 337
76 584
76 999
76 79
76 121
77 78
78 288
78 521
78 522
78 581
78 871
79 176
79 178
79 179
79 539
79 808
80 202
80 497
81 121
81 142
81 196
81 217
81 220
81 318
81 331
81 510
81 617
81 781
81 865
82 100
82 295
82 395
82 470
82 477
82 629
82 963
83 88
83 340
83 416
83 462
83 485
83 620
83 809
83 860
83 876
83 912
83 952
83 981
84 121
84 930
85 353
85 408
85 89
86 682
86 125
86 145
87 165
87 320
87 623
87 635
87 829
87 968
88 422
88 652
88 728
89 185
89 461
89 567
89 580
89 639
89 652
89 760
89 932
89 938
90 118
90 235
90 454
90 509
90 573
90 606
90 615
90 663
90 849
90 885
90 918
90 935
90 199
91 132
91 855
92 195
92 504
92 800
93 520
93 717
93 961
94 114
94 223
94 334
94 411
94 709
94 831
94 859
95 147
95 396
96 534
96 681
96 915
96 200
97 664
98 514
99 154
99 578
99 844
99 961
99 105
99 106
100 141
100 160
100 161
100 233
100 281
100 308
100 378
100 393
100 472
100 621
100 685
100 727
100 731
100 770
100 827
100 888
100 928
100 978
101 570
102 172
102 143
103 113
103 271
103 557
103 747
103 837
106 180
107 719
107 843
107 867
110 122
111 146
111 350
111 480
112 548
112 887
113 136
113 259
113 406
113 435
113 474
113 494
113 508
113 519
113 529
113 626
113 152
114 115
114 128
114 164
114 181
114 518
115 228
115 289
116 150
116 293
116 343
116 383
116 410
116 417
116 421
116 535
116 601
116 627
116 782
116 841
116 878
116 936
116 958
116 972
116 995
117 122
117 198
118 185
118 341
118 402
118 451
118 611
119 122
119 301
119 751
119 949
120 326
120 131
120 154
120 160
121 484
121 944
121 149
122 147
122 443
122 753
122 161
123 300
123 352
123 493
123 525
123 554
123 647
123 996
124 170
124 177
124 193
124 312
124 361
124 373
125 201
125 561
126 175
126 864
127 948
128 947
129 137
129 162
129 176
129 247
129 306
129 375
129 412
129 591
129 178
130 246
130 541
130 744
130 144
132 146
133 939
135 316
135 137
136 164
136 206
136 636
137 167
137 380
137 506
137 804
137 806
138 155
138 208
138 248
138 381
138 538
138 572
138 726
138 737
138 777
138 779
138 812
138 850
138 894
138 899
138 904
138 943
138 964
139 149
139 158
139 211
139 214
139 243
139 366
139 459
139 603
139 648
139 662
139 762
139 896
140 185
140 201
140 218
140 315
140 316
140 401
140 455
140 465
140 551
140 563
140 701
140 802
140 966
142 333
142 556
142 904
142 942
143 558
144 148
144 226
144 272
144 645
145 916
145 934
146 325
146 564
146 194
147 149
147 351
147 917
148 190
148 374
149 305
149 413
149 586
149 622
149 696
149 716
149 722
149 761
149 784
149 920
150 940
151 345
151 398
151 780
151 872
151 913
151 954
152 192
152 600
152 607
152 805
152 828
153 469
153 498
153 675
153 752
153 962
154 444
154 825
154 862
154 905
154 176
159 197
160 161
168 180
180 188
