0 1
0 2
0 3
0 4
0 26
0 65
0 90
0 93
0 125
0 126
0 198
0 202
0 368
0 750
0 759
0 921
0 981
1 2
1 3
1 4
1 9
1 13
1 16
1 18
1 23
1 27
1 31
1 39
1 40
1 48
1 62
1 66
1 67
1 73
1 74
1 76
1 79
1 80
1 90
1 95
1 97
1 99
1 102
1 107
1 109
1 110
1 116
1 120
1 121
1 122
1 126
1 131
1 134
1 135
1 137
1 138
1 139
1 143
1 149
1 156
1 160
1 162
1 165
1 166
1 171
1 178
1 202
1 203
1 237
1 249
1 259
1 279
1 359
1 370
1 384
1 417
1 421
1 446
1 458
1 491
1 492
1 528
1 552
1 610
1 632
1 634
1 641
1 669
1 673
1 682
1 716
1 737
1 743
1 745
1 753
1 773
1 785
1 786
1 798
1 882
1 896
1 909
1 914
1 926
1 929
1 935
1 950
1 956
1 968
2 3
2 4
2 13
2 33
2 51
2 58
2 81
2 84
2 93
2 96
2 121
2 140
2 151
2 155
2 170
2 176
2 197
2 275
2 386
2 448
2 471
2 653
2 675
2 814
2 828
2 876
2 965
3 4
3 12
3 14
3 22
3 28
3 44
3 68
3 70
3 71
3 72
3 73
3 76
3 84
3 88
3 89
3 92
3 98
3 103
3 106
3 107
3 108
3 111
3 123
3 135
3 154
3 156
3 159
3 164
3 168
3 178
3 185
3 187
3 190
3 191
3 196
3 245
3 260
3 265
3 304
3 326
3 336
3 371
3 454
3 557
3 617
3 707
3 789
3 931
4 5
4 6
4 8
4 13
4 17
4 18
4 22
4 26
4 27
4 29
4 30
4 31
4 35
4 40
4 42
4 43
4 44
4 49
4 50
4 53
4 54
4 57
4 60
4 65
4 71
4 72
4 76
4 79
4 85
4 97
4 101
4 107
4 108
4 109
4 118
4 121
4 122
4 123
4 124
4 125
4 126
4 131
4 140
4 146
4 154
4 156
4 158
4 160
4 165
4 169
4 170
4 174
4 175
4 179
4 180
4 181
4 183
4 186
4 187
4 188
4 190
4 194
4 195
4 197
4 199
4 201
4 202
4 204
4 206
4 211
4 251
4 271
4 272
4 283
4 311
4 312
4 423
4 432
4 489
4 498
4 517
4 560
4 572
4 582
4 601
4 603
4 606
4 627
4 635
4 648
4 695
4 717
4 755
4 758
4 803
4 804
4 829
4 870
4 970
5 7
5 8
5 10
5 11
5 18
5 29
5 41
5 65
5 89
5 93
5 100
5 106
5 118
5 149
5 174
5 178
5 184
5 192
5 196
5 238
5 276
5 287
5 290
5 318
5 356
5 357
5 364
5 399
5 404
5 410
5 411
5 416
5 424
5 426
5 431
5 447
5 460
5 482
5 519
5 540
5 542
5 563
5 573
5 597
5 662
5 688
5 697
5 724
5 736
5 765
5 772
5 805
5 810
5 815
5 835
5 885
5 908
5 927
5 946
5 980
5 987
5 996
5 86
5 153
5 9
5 12
5 27
6 10
6 23
6 32
6 88
6 103
6 180
6 243
6 321
6 334
6 376
6 415
6 420
6 449
6 544
6 825
6 826
6 994
7 8
7 11
7 14
7 19
7 21
7 24
7 25
7 36
7 37
7 38
7 45
7 67
7 70
7 73
7 78
7 83
7 90
7 91
7 119
7 129
7 147
7 157
7 161
7 163
7 170
7 188
7 189
7 212
7 233
7 242
7 270
7 281
7 292
7 294
7 295
7 299
7 301
7 317
7 323
7 324
7 328
7 340
7 348
7 362
7 366
7 407
7 425
7 439
7 443
7 447
7 459
7 478
7 496
7 502
7 511
7 536
7 551
7 578
7 580
7 583
7 651
7 665
7 670
7 676
7 680
7 683
7 698
7 699
7 703
7 723
7 732
7 744
7 746
7 761
7 766
7 769
7 776
7 783
7 839
7 858
7 865
7 881
7 883
7 892
7 911
7 933
7 939
7 948
7 955
7 965
7 979
7 993
8 67
8 629
8 153
8 9
8 29
8 77
8 80
8 142
8 163
8 188
9 16
9 27
9 153
9 327
9 550
9 679
9 86
9 10
9 20
9 23
9 25
9 28
9 32
9 37
9 49
9 56
9 65
9 141
10 16
10 45
10 52
10 63
10 72
10 147
10 161
10 199
10 220
10 379
10 381
10 436
10 485
10 529
10 531
10 574
10 575
10 587
10 590
10 681
10 692
10 733
10 774
10 788
10 847
10 871
10 888
10 897
10 900
10 153
10 178
11 86
11 17
11 18
11 31
11 105
11 153
12 153
12 168
12 907
12 977
12 86
12 19
12 20
12 27
12 30
12 47
12 69
12 75
12 85
12 92
12 93
12 99
12 175
13 14
13 15
13 26
13 75
13 114
13 151
13 319
14 15
14 17
14 19
14 22
14 26
14 39
14 42
14 43
14 74
14 75
14 78
14 91
14 107
14 130
14 133
14 136
14 141
14 145
14 148
14 183
14 189
14 195
14 201
14 224
14 235
14 263
14 286
14 325
14 372
14 373
14 374
14 400
14 401
14 429
14 457
14 466
14 473
14 514
14 526
14 530
14 533
14 541
14 548
14 559
14 569
14 592
14 594
14 595
14 624
14 630
14 636
14 649
14 657
14 660
14 691
14 693
14 701
14 713
14 734
14 742
14 747
14 756
14 779
14 831
14 852
14 866
14 875
14 893
14 895
14 903
14 904
14 930
14 971
15 58
15 60
15 69
15 75
15 136
15 204
15 217
15 390
15 430
15 440
15 533
15 546
15 591
15 611
15 726
16 53
16 54
16 77
16 767
16 86
17 20
17 28
17 30
17 62
17 70
17 89
17 95
17 129
17 134
17 143
17 146
17 150
17 186
17 288
17 437
17 484
17 494
17 506
17 619
17 621
17 656
17 706
17 731
17 757
17 874
17 943
17 177
18 34
18 123
18 345
18 394
18 480
18 605
18 748
18 754
18 957
18 964
18 48
18 85
18 154
18 196
19 20
19 37
19 78
19 150
19 228
19 250
19 305
19 389
19 456
19 29
19 54
20 82
20 129
20 141
20 158
20 258
20 285
20 300
20 307
20 314
20 335
20 545
20 585
20 654
20 770
20 787
20 843
20 845
20 33
20 36
20 39
20 56
20 60
20 68
20 73
20 151
20 153
21 185
22 61
22 81
22 99
22 113
22 114
22 116
22 120
22 128
22 182
22 192
22 346
22 360
22 599
22 618
22 633
22 640
22 643
22 694
22 721
22 722
22 811
22 854
22 864
22 887
22 958
23 29
23 46
23 180
23 236
23 254
23 330
23 380
23 711
23 812
23 817
23 122
23 138
24 200
24 761
24 928
24 153
24 36
24 121
26 50
26 66
26 831
26 972
27 54
27 55
27 66
27 102
27 111
27 213
27 225
27 252
27 259
27 308
27 504
27 527
27 672
27 762
27 783
27 823
27 868
27 40
27 47
27 63
27 112
28 34
28 46
28 49
28 59
28 143
28 985
28 31
28 32
29 30
29 44
29 113
29 194
29 408
29 639
29 696
29 777
29 35
29 39
29 42
29 135
29 148
30 34
30 59
30 96
30 194
30 221
30 289
30 363
30 475
30 532
30 596
30 800
30 954
30 963
30 86
31 941
31 57
31 88
31 102
32 53
32 414
32 522
32 790
32 920
32 936
32 64
32 103
32 130
33 36
33 353
33 513
33 739
33 851
33 880
33 153
33 37
33 50
33 86
33 93
34 81
34 115
34 248
34 315
34 393
34 487
34 824
34 913
34 153
34 58
34 64
35 58
35 120
35 162
35 267
35 354
35 859
35 38
35 74
35 78
35 89
35 96
35 100
35 101
35 133
35 150
36 76
36 85
36 278
36 40
36 61
36 70
36 83
36 95
36 96
36 143
37 106
38 153
38 58
38 66
38 127
38 133
38 144
39 42
39 87
39 183
39 201
39 490
39 867
40 55
40 99
40 169
40 184
40 205
40 208
40 296
40 671
40 749
40 846
40 889
40 86
40 118
40 197
41 63
41 229
41 613
41 802
41 918
41 153
42 98
42 151
42 152
42 361
42 397
42 549
42 568
42 588
42 708
42 830
42 983
42 79
43 104
43 247
43 306
43 316
43 365
43 535
43 576
43 577
43 704
43 771
43 818
43 872
44 47
44 61
44 110
44 112
44 302
44 339
44 451
44 468
44 593
44 652
44 969
45 159
45 435
45 462
45 499
46 297
46 310
46 677
46 685
46 793
46 190
48 68
48 73
49 106
49 555
49 153
49 102
50 780
50 75
50 131
50 171
51 106
51 153
51 77
51 147
52 56
52 521
53 111
53 367
53 377
53 406
53 507
53 539
53 615
53 631
53 661
54 111
54 127
54 193
54 355
54 396
54 464
54 607
54 645
54 646
54 922
54 107
55 207
55 215
55 419
55 434
55 472
55 589
55 712
55 806
55 825
55 827
55 925
55 942
56 64
56 226
56 329
56 442
56 566
56 620
56 655
56 740
56 838
56 924
56 92
56 139
56 145
56 154
56 168
57 467
57 139
58 714
58 891
58 153
58 65
58 76
58 113
58 140
60 668
60 945
60 72
61 149
61 199
61 241
61 260
61 289
61 308
61 322
61 398
61 409
61 510
61 570
61 623
61 659
61 686
61 729
61 862
61 899
61 926
61 940
61 108
61 150
62 153
63 161
63 163
63 177
63 218
63 239
63 257
63 344
63 422
63 450
63 469
63 579
63 650
63 760
63 782
63 784
63 935
63 953
63 975
63 989
63 74
63 107
65 809
65 984
65 986
65 121
65 135
66 137
67 85
67 104
67 159
67 182
67 403
67 455
67 465
67 481
67 483
67 509
67 515
67 538
67 598
67 647
67 715
67 794
67 853
67 869
67 901
67 906
67 932
68 204
68 412
68 453
68 486
68 554
68 678
68 890
69 84
69 110
70 214
70 689
70 738
70 797
70 990
70 114
72 77
72 230
72 266
72 385
72 961
72 118
73 441
73 86
73 123
74 100
74 227
74 352
74 719
75 94
75 133
75 136
75 173
75 351
75 461
75 608
75 700
75 801
75 808
75 842
75 930
75 967
75 105
76 132
76 234
76 255
76 376
76 405
76 477
76 497
76 547
76 626
76 637
76 687
76 778
76 850
76 936
77 193
77 253
77 504
77 586
77 600
77 674
77 886
78 84
78 91
78 121
78 127
78 137
78 141
78 168
78 177
78 231
78 246
78 274
78 331
78 332
78 338
78 375
78 388
78 444
78 463
78 479
78 518
78 520
78 526
78 537
78 556
78 616
78 626
78 638
78 651
78 730
78 764
78 813
78 821
78 822
78 834
78 857
78 894
78 916
78 937
78 951
78 978
78 995
79 86
79 167
79 198
79 675
79 832
79 153
79 84
79 99
79 121
80 149
81 105
81 112
81 144
81 162
81 164
81 224
81 232
81 298
81 313
81 320
81 342
81 358
81 402
81 428
81 433
81 438
81 503
81 512
81 514
81 567
81 602
81 609
81 642
81 663
81 702
81 705
81 709
81 710
81 735
81 752
81 816
81 819
81 836
81 844
81 855
81 905
81 910
81 962
81 991
81 153
81 191
82 153
83 209
83 153
83 129
83 164
84 219
84 223
84 244
84 115
85 153
85 87
85 100
85 159
86 172
86 309
86 523
86 999
86 132
87 333
87 90
88 136
89 269
89 562
89 667
89 117
90 125
90 157
90 158
90 473
90 167
90 172
91 284
91 418
91 878
91 153
91 149
92 101
93 95
94 768
96 169
97 151
97 856
97 967
97 997
97 153
98 148
98 268
98 337
98 378
98 560
98 624
98 664
98 690
98 720
98 795
98 840
98 848
98 877
98 949
98 966
98 153
98 104
99 151
99 182
100 654
100 104
100 120
100 138
101 293
101 493
101 775
102 118
102 108
102 120
102 124
103 282
103 427
103 474
103 543
103 612
103 628
103 796
103 992
104 658
105 115
106 960
106 111
106 147
107 185
107 277
107 508
108 117
108 666
109 741
109 874
110 144
111 193
111 387
112 561
113 727
114 128
114 142
114 383
114 553
114 792
114 902
115 165
117 153
118 174
118 181
118 460
118 534
118 622
118 974
119 176
120 128
120 341
120 350
120 452
120 938
120 947
120 183
121 571
121 728
121 898
122 179
122 973
123 525
123 849
123 982
124 195
125 820
125 863
125 153
126 917
127 132
127 175
127 565
127 604
127 833
127 912
128 264
128 273
128 280
128 347
128 412
128 558
128 751
128 915
129 189
129 291
129 488
129 807
129 176
131 500
131 732
132 536
133 152
133 216
133 369
133 734
133 763
133 791
133 837
134 725
135 395
135 516
135 584
135 653
136 501
136 564
136 581
136 799
136 841
136 988
137 261
140 476
140 884
141 200
142 391
142 781
142 153
143 718
144 256
144 262
144 339
144 343
144 684
144 873
145 860
146 456
148 614
149 222
149 279
149 349
149 505
149 736
149 879
149 919
149 959
150 240
151 166
151 191
151 303
151 392
151 445
151 470
152 171
152 187
153 210
153 625
153 644
153 934
153 952
154 382
154 413
154 495
154 524
154 861
154 923
154 944
154 976
154 998
164 165
167 172
