0 1
0 2
0 3
0 4
0 6
0 7
0 8
0 9
0 13
0 15
0 16
0 20
0 22
0 24
0 27
0 30
0 35
0 46
0 50
0 51
0 53
0 55
0 58
0 72
0 79
0 82
0 83
0 86
0 87
0 89
0 92
0 94
0 97
0 98
0 99
0 110
0 111
0 117
0 125
0 132
0 133
0 137
0 142
0 144
0 146
0 147
0 148
0 149
0 151
0 155
0 164
0 169
0 170
0 173
0 175
0 179
0 186
0 188
0 190
0 191
0 192
0 198
0 238
0 258
0 285
0 296
0 297
0 302
0 340
0 343
0 367
0 373
0 404
0 411
0 448
0 456
0 474
0 480
0 505
0 525
0 545
0 555
0 584
0 587
0 588
0 647
0 658
0 685
0 686
0 700
0 710
0 713
0 723
0 725
0 735
0 748
0 797
0 901
0 905
0 916
0 923
0 975
0 984
0 987
0 989
1 2
1 3
1 4
1 5
1 7
1 12
1 13
1 22
1 28
1 31
1 32
1 48
1 58
1 68
1 69
1 75
1 80
1 106
1 110
1 114
1 116
1 126
1 134
1 138
1 144
1 150
1 156
1 158
1 161
1 169
1 177
1 178
1 195
1 253
1 292
1 335
1 379
1 380
1 386
1 434
1 482
1 510
1 646
1 796
1 847
1 938
1 949
1 961
1 963
1 970
2 3
2 4
2 9
2 10
2 14
2 20
2 23
2 24
2 26
2 31
2 37
2 40
2 41
2 43
2 49
2 53
2 56
2 61
2 62
2 64
2 72
2 74
2 78
2 79
2 80
2 99
2 101
2 104
2 119
2 122
2 126
2 128
2 132
2 137
2 143
2 155
2 158
2 159
2 163
2 169
2 172
2 175
2 181
2 184
2 191
2 195
2 202
2 252
2 256
2 264
2 267
2 273
2 299
2 328
2 447
2 491
2 497
2 617
2 632
2 635
2 636
2 724
2 747
2 794
2 854
2 863
2 955
3 4
3 6
3 7
3 10
3 12
3 23
3 27
3 37
3 39
3 49
3 59
3 67
3 68
3 73
3 77
3 78
3 80
3 86
3 90
3 112
3 118
3 119
3 123
3 130
3 132
3 134
3 139
3 140
3 143
3 153
3 156
3 167
3 170
3 185
3 194
3 196
3 197
3 225
3 227
3 245
3 266
3 295
3 298
3 319
3 361
3 419
3 436
3 445
3 449
3 454
3 489
3 549
3 580
3 615
3 631
3 659
3 686
3 785
3 821
3 835
3 837
3 920
3 976
3 985
4 5
4 13
4 29
4 35
4 36
4 47
4 76
4 96
4 105
4 206
4 359
4 382
4 437
4 583
4 613
4 761
4 927
4 7
4 8
4 10
4 16
4 24
4 28
4 44
4 55
4 78
4 108
4 123
4 146
5 13
5 29
5 79
5 83
5 107
5 109
5 112
5 138
5 188
5 203
5 214
5 278
5 595
5 610
5 699
5 707
5 802
5 825
5 871
5 7
5 6
5 19
5 20
5 21
5 30
5 34
5 37
5 39
5 42
5 44
5 45
5 69
5 89
5 91
5 97
5 110
5 117
5 130
5 164
6 8
6 11
6 24
6 27
6 51
6 81
6 159
6 160
6 187
6 202
6 276
6 427
6 451
6 504
6 768
6 812
6 7
6 12
6 17
6 20
6 29
6 36
6 48
6 65
6 92
6 104
6 124
6 149
7 9
7 16
7 18
7 19
7 21
7 23
7 34
7 46
7 54
7 91
7 469
7 578
7 627
7 715
7 83
7 8
7 10
7 13
7 15
7 29
7 32
7 37
7 43
7 51
7 55
7 61
7 80
8 39
8 42
8 50
8 52
8 174
8 212
8 269
8 327
8 346
8 566
8 660
8 829
8 979
8 13
8 75
8 161
9 12
9 16
9 21
9 25
9 38
9 57
9 58
9 102
9 114
9 123
9 129
9 132
9 133
9 136
9 178
9 184
9 235
9 316
9 428
9 435
9 438
9 471
9 485
9 494
9 528
9 549
9 622
9 650
9 652
9 653
9 663
9 706
9 721
9 750
9 752
9 758
9 783
9 794
9 807
9 810
9 814
9 816
9 820
9 834
9 838
9 851
9 892
9 896
9 962
9 968
9 972
9 973
9 993
10 32
10 41
10 48
10 86
10 171
10 176
10 223
10 257
10 281
10 458
10 585
10 641
10 655
10 708
10 732
10 809
10 860
10 884
10 888
10 947
10 952
10 995
10 53
10 112
11 56
11 73
11 81
11 242
11 271
11 383
11 522
11 526
11 592
11 604
11 680
11 944
11 181
11 186
12 22
12 25
12 38
12 40
12 57
12 113
12 126
12 165
12 201
12 230
12 323
12 368
12 391
12 394
12 414
12 546
12 553
12 562
12 582
12 586
12 640
12 669
12 697
12 703
12 744
12 754
12 755
12 881
12 997
12 14
12 26
12 31
12 41
12 44
13 26
13 29
13 127
13 312
13 333
13 372
13 397
13 437
13 568
13 701
13 718
13 872
13 924
13 943
13 16
13 19
13 24
13 25
13 34
13 42
13 48
13 49
13 50
13 101
13 118
13 133
14 104
14 164
14 241
14 119
15 17
15 67
15 117
15 272
15 313
15 326
16 18
16 19
16 20
16 33
16 34
16 60
16 65
16 144
16 180
16 192
16 322
16 500
16 644
16 771
16 842
16 61
17 19
17 25
17 28
17 31
17 40
17 71
17 91
17 103
17 113
17 124
17 133
17 134
17 157
17 162
17 166
17 170
17 182
17 286
17 311
17 348
17 378
17 392
17 470
17 594
17 616
17 627
17 705
17 711
17 731
17 776
17 832
17 895
17 898
17 904
17 932
17 941
17 79
17 130
17 147
17 149
18 364
18 436
18 536
18 607
18 608
18 887
18 939
19 44
19 66
19 117
19 293
19 429
19 674
19 689
19 695
19 736
19 837
19 909
19 914
19 31
19 69
19 87
19 90
19 93
19 94
19 97
19 100
19 115
19 135
19 152
19 180
20 66
20 125
20 157
20 26
21 66
21 26
21 43
21 52
21 109
21 135
21 138
22 70
22 129
22 178
22 542
23 131
23 237
23 399
23 401
23 667
23 805
23 891
24 42
24 51
24 60
24 81
24 161
24 185
24 195
24 216
24 246
24 398
24 457
24 519
24 792
24 856
24 919
24 36
24 46
24 49
24 113
25 38
25 49
25 63
25 90
25 126
25 165
25 232
25 415
25 527
25 745
26 376
26 416
26 450
26 702
26 876
26 900
26 936
26 41
26 50
26 111
26 123
27 110
27 115
27 141
27 423
27 677
27 843
27 855
27 940
28 37
28 44
28 46
28 36
28 73
28 76
28 120
28 190
29 76
29 139
29 173
29 255
29 300
29 402
29 559
29 638
29 959
29 960
29 47
29 56
29 111
30 39
30 591
30 954
30 68
30 120
31 33
31 34
31 46
31 210
31 244
31 308
31 344
31 345
31 369
31 535
31 673
31 43
31 70
31 79
32 45
32 62
32 92
32 108
32 196
32 249
32 259
32 540
32 726
32 858
33 96
33 226
33 384
33 387
33 509
33 823
34 121
34 190
34 326
34 430
34 446
34 822
34 39
34 41
34 129
35 36
35 100
35 107
35 304
35 481
35 793
36 107
36 410
36 420
36 518
36 945
36 983
36 53
36 63
36 77
36 88
36 110
36 115
36 144
37 41
37 43
37 59
37 135
37 150
37 155
37 352
37 353
37 385
37 403
37 476
37 520
37 547
37 628
37 885
37 946
37 948
38 57
38 63
38 67
38 102
38 215
38 254
38 288
38 365
38 455
38 746
38 824
38 965
39 51
39 141
39 261
39 412
39 466
39 521
39 529
39 611
39 666
39 840
39 992
39 58
39 67
39 185
40 69
40 287
40 581
40 645
40 897
41 62
41 633
41 853
41 51
41 77
41 129
41 145
42 89
42 174
42 307
42 83
42 85
42 129
43 765
43 808
43 910
43 47
44 467
44 875
44 65
44 70
44 133
45 83
45 279
45 632
45 651
45 749
45 819
45 75
45 171
46 101
46 399
46 709
46 883
46 147
47 183
47 332
47 513
47 560
47 739
47 63
47 105
47 139
48 61
49 321
49 576
49 693
49 958
50 55
50 275
50 694
50 734
50 779
50 899
50 89
51 115
51 198
51 209
51 234
51 357
51 360
51 388
51 421
51 442
51 464
51 517
51 531
51 623
51 642
51 665
51 672
51 753
51 811
51 839
51 933
52 198
52 614
52 692
52 87
52 113
53 84
53 199
53 506
53 565
53 56
53 91
55 141
55 160
55 187
55 193
55 277
55 349
55 381
55 417
55 426
55 514
55 643
55 678
55 868
55 996
55 60
55 92
55 93
56 99
56 111
56 208
56 211
56 224
56 589
56 687
56 928
57 70
57 156
57 309
57 507
57 727
58 121
58 131
58 152
58 338
58 440
58 551
60 122
60 554
60 774
60 981
60 67
60 80
61 320
61 592
62 68
62 81
62 146
62 176
62 186
62 202
62 315
62 396
62 405
62 424
62 465
62 468
62 511
62 556
62 575
62 603
62 618
62 621
62 649
62 679
62 716
62 719
62 730
62 740
62 753
62 759
62 767
62 784
62 801
62 826
62 853
62 866
62 893
62 926
62 953
62 956
62 957
62 978
62 998
62 196
63 88
63 350
63 934
64 119
64 675
65 155
65 600
65 803
65 105
65 132
66 189
66 433
66 460
66 484
66 599
66 676
66 760
67 122
67 201
67 218
67 736
67 780
67 795
67 848
68 407
68 682
69 400
69 126
70 77
70 82
70 102
70 179
70 182
70 243
70 295
70 366
70 418
70 461
70 475
70 478
70 495
70 502
70 530
70 532
70 534
70 548
70 557
70 571
70 620
70 630
70 770
70 817
70 828
70 849
70 864
70 903
70 906
70 917
70 918
70 977
70 96
70 120
70 162
71 174
71 193
71 215
71 503
71 609
71 722
71 859
71 867
71 889
71 969
71 982
71 994
72 95
72 96
72 104
72 105
72 112
72 120
72 303
72 314
72 332
72 337
72 610
72 625
72 831
72 857
72 915
72 931
72 999
73 85
73 93
73 154
73 479
73 577
73 967
75 77
76 95
76 147
76 222
76 351
76 544
76 568
76 717
76 737
76 742
76 966
77 865
77 82
77 105
78 80
79 213
79 564
79 601
79 613
79 625
79 626
79 738
79 762
79 769
79 777
79 786
79 880
79 943
80 136
80 229
80 283
80 550
80 570
80 634
80 671
80 681
80 841
81 142
81 193
81 231
81 250
81 260
81 270
81 280
81 341
81 444
81 499
81 773
81 861
82 98
82 606
82 624
82 630
82 142
83 199
83 512
83 751
84 112
84 289
84 371
84 516
85 93
85 103
86 196
86 763
86 770
86 781
87 787
87 894
87 138
87 193
88 145
88 165
88 172
88 186
88 204
88 330
88 331
88 334
88 362
88 377
88 432
88 467
88 486
88 496
88 501
88 515
88 541
88 552
88 593
88 670
88 845
88 925
88 986
89 159
89 233
89 97
89 114
89 116
90 268
90 439
90 493
90 833
92 453
92 103
92 122
93 176
93 247
93 336
93 539
93 596
93 140
94 179
95 654
95 657
96 97
96 240
96 335
96 390
96 408
96 431
96 662
96 714
96 743
96 766
96 800
96 846
96 907
96 913
96 922
96 988
96 991
97 775
97 107
97 114
97 121
98 476
98 492
98 508
98 661
98 728
99 111
99 135
99 137
99 163
99 543
99 563
99 612
99 741
99 818
99 836
99 860
100 139
100 220
100 375
100 533
100 572
100 637
100 656
100 950
100 974
101 188
102 363
102 425
102 197
103 134
103 141
103 156
104 597
104 690
104 827
105 120
105 317
105 921
106 294
106 355
106 395
106 712
106 165
107 207
107 358
107 574
107 597
107 830
107 852
108 306
108 720
108 756
108 158
110 128
110 329
110 393
110 452
110 590
110 757
110 815
111 135
111 196
111 221
111 248
111 567
111 573
111 619
111 664
111 704
112 127
112 228
112 305
112 459
112 813
112 873
112 886
114 291
114 538
115 772
115 990
115 119
115 121
117 347
117 929
118 788
118 136
118 199
119 236
119 251
119 477
119 878
120 148
121 782
123 129
123 162
123 168
123 325
123 579
123 756
123 964
125 133
125 262
125 409
126 182
126 498
127 203
127 684
127 690
127 850
128 159
129 428
129 576
129 879
129 141
130 151
131 151
131 190
131 274
131 561
132 161
132 185
132 217
132 290
132 406
132 415
132 529
132 537
132 588
132 598
132 639
132 729
132 778
132 804
132 821
134 443
135 374
135 668
135 696
136 912
137 154
137 342
137 496
137 558
137 602
137 862
138 282
138 605
139 147
139 163
139 171
139 310
139 356
139 569
139 683
139 698
139 733
139 764
139 882
139 911
139 971
140 524
140 902
140 170
141 160
141 203
141 239
141 265
141 304
141 318
141 370
141 441
141 488
141 688
141 691
141 789
141 798
141 799
141 844
141 869
141 870
141 877
141 890
141 930
141 935
141 936
141 951
141 980
142 167
143 324
143 351
143 354
143 462
143 463
143 472
143 473
143 483
143 629
143 638
143 799
144 153
144 200
144 284
144 301
144 339
144 490
146 487
147 149
147 183
147 263
147 389
147 413
147 791
147 937
148 874
149 346
149 422
149 452
149 648
149 153
153 180
153 205
153 219
153 523
153 790
153 806
153 908
153 927
153 942
153 155
153 173
154 158
156 172
162 182
166 197
169 193
195 202
