0 1
0 2
0 3
0 5
0 8
0 11
0 14
0 18
0 30
0 35
0 38
0 45
0 48
0 55
0 59
0 62
0 63
0 69
0 70
0 72
0 78
0 85
0 87
0 89
0 91
0 96
0 99
0 101
0 104
0 107
0 119
0 120
0 135
0 138
0 140
0 142
0 144
0 147
0 148
0 150
0 155
0 157
0 158
0 160
0 165
0 166
0 167
0 169
0 171
0 177
0 180
0 181
0 184
0 190
0 194
0 199
0 202
0 207
0 216
0 262
0 281
0 298
0 309
0 345
0 382
0 404
0 410
0 412
0 426
0 427
0 542
0 563
0 568
0 570
0 594
0 631
0 633
0 644
0 648
0 678
0 696
0 714
0 741
0 767
0 797
0 835
0 863
0 887
0 910
0 929
0 990
1 2
1 3
1 4
1 6
1 8
1 10
1 16
1 19
1 21
1 23
1 26
1 28
1 32
1 34
1 36
1 37
1 39
1 41
1 44
1 46
1 55
1 57
1 60
1 68
1 70
1 71
1 73
1 84
1 87
1 88
1 94
1 99
1 104
1 106
1 109
1 110
1 111
1 112
1 116
1 118
1 128
1 129
1 131
1 134
1 137
1 141
1 142
1 143
1 144
1 148
1 157
1 162
1 164
1 166
1 167
1 169
1 171
1 173
1 182
1 196
1 198
1 199
1 200
1 202
1 203
1 206
1 232
1 233
1 249
1 252
1 364
1 414
1 444
1 449
1 471
1 521
1 537
1 566
1 622
1 664
1 717
1 739
1 765
1 770
1 778
1 784
1 808
1 816
1 825
1 866
1 872
1 925
1 928
1 933
2 3
2 4
2 8
2 9
2 19
2 23
2 35
2 42
2 73
2 74
2 75
2 77
2 100
2 102
2 117
2 118
2 130
2 134
2 142
2 168
2 174
2 183
2 188
2 190
2 268
2 326
2 328
2 360
2 476
2 588
2 660
2 666
2 673
2 905
2 939
3 4
3 5
3 6
3 10
3 18
3 21
3 25
3 26
3 36
3 39
3 41
3 44
3 47
3 53
3 54
3 55
3 57
3 58
3 60
3 67
3 75
3 81
3 87
3 89
3 91
3 97
3 99
3 102
3 104
3 108
3 110
3 113
3 117
3 119
3 120
3 123
3 124
3 135
3 141
3 145
3 146
3 151
3 154
3 156
3 164
3 172
3 176
3 177
3 181
3 194
3 195
3 198
3 277
3 300
3 312
3 325
3 332
3 376
3 416
3 434
3 447
3 491
3 498
3 680
3 713
3 728
3 740
3 775
3 799
3 830
3 917
3 995
4 19
4 25
4 26
4 36
4 39
4 51
4 115
4 341
4 439
4 474
4 482
4 514
4 559
4 615
4 622
4 737
4 788
4 838
4 842
4 879
4 955
4 65
4 47
4 9
4 13
4 27
4 110
4 112
5 7
5 12
5 17
5 43
5 80
5 101
5 105
5 182
5 459
5 571
5 632
5 692
5 806
5 923
5 65
5 47
5 8
5 39
6 15
6 16
6 170
6 301
6 315
6 496
6 47
6 25
6 43
6 52
6 142
6 144
7 17
7 508
7 511
7 936
7 65
7 10
7 11
7 37
7 42
7 59
7 77
7 104
7 113
7 119
7 138
8 9
8 22
8 45
8 50
8 61
8 68
8 93
8 165
8 175
8 186
8 428
8 489
8 551
8 611
8 614
8 668
8 695
8 708
8 898
8 943
8 947
8 981
9 11
9 14
9 50
9 68
9 81
9 95
9 136
9 168
9 174
9 194
9 261
9 293
9 313
9 321
9 344
9 413
9 526
9 589
9 596
9 654
9 805
9 914
9 47
9 20
9 33
10 13
10 20
10 44
10 47
10 59
10 65
10 90
10 113
10 204
10 252
10 334
10 479
10 554
10 586
10 647
10 686
10 700
10 760
10 826
10 836
10 924
10 959
10 23
10 34
10 36
10 42
10 50
10 51
10 67
10 92
10 93
11 14
11 17
11 27
11 30
11 45
11 105
11 107
11 152
11 221
11 244
11 264
11 411
11 453
11 457
11 467
11 480
11 500
11 503
11 510
11 520
11 527
11 551
11 556
11 569
11 574
11 663
11 670
11 687
11 749
11 785
11 791
11 801
11 814
11 819
11 840
11 843
11 876
11 950
11 988
11 47
11 18
11 130
12 15
12 16
12 17
12 28
12 30
12 37
12 40
12 43
12 58
12 78
12 80
12 112
12 127
12 137
12 149
12 153
12 161
12 180
12 219
12 263
12 273
12 289
12 302
12 317
12 322
12 333
12 435
12 464
12 484
12 528
12 535
12 560
12 564
12 655
12 667
12 685
12 691
12 709
12 746
12 772
12 781
12 794
12 803
12 845
12 877
12 918
12 940
12 964
12 47
12 115
12 151
13 31
13 552
13 855
13 34
13 36
13 56
13 94
13 129
13 145
14 23
14 52
14 53
14 186
14 221
14 260
14 609
14 616
14 747
14 824
14 920
15 16
15 40
15 44
15 79
15 84
15 106
15 538
15 636
15 65
15 125
15 180
16 34
16 41
16 58
16 177
16 390
16 607
16 693
16 864
16 891
17 66
17 419
17 493
17 743
17 957
17 983
17 47
18 20
18 31
18 56
18 76
18 90
18 92
18 96
18 127
18 138
18 172
18 178
18 203
18 256
18 327
18 362
18 401
18 462
18 535
18 536
18 546
18 567
18 584
18 690
18 778
18 779
18 790
18 800
18 818
18 903
18 921
18 922
18 942
18 19
18 167
19 24
19 25
19 29
19 163
19 223
19 399
19 899
19 21
19 23
19 103
20 65
20 379
20 25
21 30
21 46
21 76
21 82
21 100
21 108
21 114
21 125
21 145
21 162
21 173
21 271
21 287
21 303
21 337
21 373
21 386
21 443
21 446
21 461
21 495
21 565
21 573
21 581
21 610
21 620
21 637
21 705
21 710
21 719
21 730
21 769
21 823
21 848
21 850
21 902
21 908
21 909
21 919
21 930
21 962
21 978
21 979
21 982
21 65
21 22
21 96
21 101
21 155
22 641
22 61
22 105
23 50
23 53
23 103
23 140
23 192
23 202
23 211
23 217
23 492
23 494
23 934
23 980
23 996
23 156
24 33
24 109
24 438
24 544
24 553
24 732
24 849
25 193
25 517
25 47
25 26
25 29
25 33
25 43
25 48
25 49
25 70
25 78
25 97
25 113
25 122
25 125
25 144
26 29
26 39
26 42
26 64
26 132
26 815
26 851
26 109
26 193
27 32
27 352
27 183
28 71
28 84
28 91
28 270
28 288
28 311
28 761
28 812
28 844
28 881
29 33
29 54
29 132
29 320
29 377
29 518
29 635
29 689
29 755
29 776
29 87
29 122
30 32
30 112
30 161
30 199
30 350
30 406
30 484
30 807
30 912
30 973
31 46
31 48
31 75
31 86
31 100
31 121
31 187
31 240
31 593
31 669
31 682
31 701
31 757
31 813
31 846
31 994
31 65
31 114
31 148
32 80
32 105
32 220
32 265
32 318
32 627
32 672
32 712
32 796
32 884
32 913
32 65
32 66
32 129
33 66
33 69
33 79
33 115
33 148
33 259
33 266
33 290
33 340
33 430
33 497
33 612
33 630
33 646
33 703
33 782
33 832
33 837
33 961
33 984
33 65
34 429
34 587
34 966
34 47
34 69
35 65
35 47
35 126
36 176
36 284
36 486
36 65
36 45
36 68
36 81
36 90
36 99
36 139
36 151
36 153
37 43
37 69
37 84
37 105
37 136
37 282
37 359
37 420
37 519
37 522
37 619
37 675
37 706
37 738
37 763
37 915
37 65
38 383
38 396
38 987
39 54
39 64
39 97
39 191
39 210
39 392
39 451
39 452
39 555
39 724
39 822
39 885
39 47
40 591
41 147
41 353
41 409
41 477
41 506
41 875
41 945
41 960
42 166
42 254
42 316
42 507
42 525
42 606
42 831
42 46
42 79
43 60
43 70
43 209
43 381
43 424
43 649
43 46
43 52
43 64
43 66
43 69
43 103
43 105
43 121
44 49
44 96
44 143
44 145
44 149
44 185
44 291
44 306
44 354
44 370
44 378
44 387
44 402
44 417
44 488
44 529
44 567
44 583
44 598
44 624
44 640
44 645
44 674
44 679
44 707
44 715
44 718
44 726
44 734
44 752
44 800
44 802
44 821
44 867
44 959
44 993
44 47
44 85
44 86
44 200
45 61
45 126
45 186
45 231
45 269
45 339
45 533
45 656
45 681
45 751
45 128
45 192
46 47
46 63
46 120
46 146
46 448
46 485
46 628
46 852
46 856
46 868
46 956
46 169
47 59
47 63
47 76
47 90
47 125
47 146
47 162
47 372
47 504
47 505
47 969
47 54
47 56
47 61
47 71
47 79
47 89
47 111
47 115
47 147
49 177
50 103
50 883
50 73
50 127
50 131
51 97
51 380
51 562
51 722
52 129
52 248
52 65
52 70
53 126
53 154
53 330
53 408
53 431
53 524
53 531
53 839
53 65
53 71
53 149
54 314
54 892
55 64
55 73
55 425
55 579
55 665
55 694
55 740
55 191
56 85
57 756
57 841
58 72
58 74
58 93
58 94
58 103
58 156
58 230
58 237
58 294
58 356
58 501
58 621
58 869
58 871
58 897
58 935
58 965
58 992
58 65
58 63
58 100
58 127
58 134
59 124
59 274
59 374
59 391
59 704
59 952
60 133
60 398
60 541
60 617
60 676
60 944
60 65
60 87
60 98
60 137
61 228
61 310
61 442
61 458
61 465
61 516
61 938
61 202
62 906
62 190
63 137
64 83
64 107
64 118
64 189
64 201
64 744
64 892
64 926
64 991
64 84
64 157
65 113
65 697
65 75
65 78
65 83
65 94
65 108
65 128
65 132
65 135
65 136
65 152
66 179
66 242
66 243
66 478
66 698
66 759
66 820
66 977
66 77
66 95
67 509
68 101
68 134
68 151
68 238
68 364
68 405
68 458
68 557
68 862
68 74
69 355
69 463
69 550
69 613
69 79
71 123
71 167
72 88
72 150
73 122
73 135
73 141
73 253
73 276
73 324
73 393
73 466
73 532
73 543
73 549
73 639
73 75
73 123
73 124
73 150
73 198
74 415
74 758
75 257
75 600
76 342
76 347
76 395
76 967
76 989
78 115
79 183
79 626
80 85
80 98
80 114
80 179
80 255
80 343
80 582
80 661
80 764
80 861
80 865
80 880
81 197
83 384
83 133
84 139
84 229
84 308
84 460
84 539
84 997
84 999
85 133
85 456
85 146
85 188
86 137
86 445
86 857
87 159
87 604
88 92
88 123
88 200
88 304
88 361
88 367
88 512
88 651
89 986
89 100
90 275
90 296
90 437
90 554
90 721
90 731
90 809
90 941
91 472
92 239
92 597
92 787
94 136
94 234
94 348
94 96
94 117
95 371
95 748
96 185
96 285
96 295
97 225
97 795
97 834
98 160
98 250
98 455
98 470
98 530
99 127
99 407
99 475
99 625
99 773
99 792
99 854
99 878
99 971
100 226
100 283
100 307
100 423
100 618
100 704
100 745
101 228
101 231
101 489
101 688
101 702
101 735
101 804
101 811
101 858
101 890
101 951
101 970
102 750
102 888
102 945
102 948
103 192
103 578
103 580
103 642
103 659
103 662
104 224
104 346
104 605
104 709
104 985
105 119
105 125
105 179
105 184
105 188
105 235
105 389
105 481
105 511
105 595
105 706
105 754
105 963
105 972
106 123
106 138
106 187
106 241
106 351
106 463
106 894
106 954
107 136
107 197
107 237
107 267
107 357
107 366
107 418
107 433
107 513
107 657
107 684
107 768
107 771
107 774
107 847
107 886
107 904
108 133
108 245
108 483
108 515
108 561
108 786
108 870
108 893
108 896
108 932
108 963
109 193
109 575
109 152
110 139
111 385
111 762
112 218
112 375
112 432
113 643
113 720
113 993
113 120
113 185
114 853
115 213
115 422
115 946
115 119
117 199
117 272
117 901
118 215
118 440
118 658
118 937
119 358
120 208
120 292
120 388
120 624
120 733
120 930
122 258
122 280
122 889
122 152
123 191
123 205
123 214
123 246
123 278
123 329
123 468
123 490
123 547
123 732
123 789
123 817
123 882
123 911
123 929
124 336
124 677
124 753
124 907
124 916
125 331
125 577
125 592
125 716
125 777
126 469
126 502
126 725
126 827
126 131
126 153
129 222
129 261
129 297
129 335
129 441
129 634
129 711
129 859
129 900
130 247
131 227
131 338
131 572
131 623
132 601
132 652
133 368
133 436
133 590
133 199
134 487
134 975
134 154
135 305
135 473
135 599
135 629
135 671
135 683
135 699
135 729
135 766
135 810
135 828
135 874
135 927
135 958
136 190
136 179
137 236
137 299
137 349
137 523
137 540
137 585
137 602
138 173
138 545
138 742
139 147
139 150
139 286
139 548
139 558
139 727
139 736
139 793
140 192
140 251
140 313
140 534
140 895
140 974
141 193
141 319
141 397
141 603
141 638
141 798
141 171
142 394
142 585
142 949
144 365
144 931
144 976
146 323
146 369
146 400
146 421
146 450
146 499
146 576
146 608
146 780
146 829
146 833
146 873
146 161
147 403
148 212
148 279
148 860
149 998
150 882
150 927
150 968
151 653
153 363
153 454
153 650
153 723
153 783
153 953
153 186
159 200
168 194
172 196
189 198
198 201
