0 1
0 2
0 3
0 4
0 5
0 6
0 7
0 8
0 13
0 17
0 22
0 30
0 37
0 38
0 40
0 45
0 52
0 53
0 62
0 64
0 65
0 66
0 67
0 73
0 82
0 89
0 91
0 92
0 93
0 96
0 97
0 99
0 102
0 104
0 105
0 115
0 116
0 121
0 124
0 125
0 133
0 134
0 135
0 138
0 142
0 144
0 146
0 149
0 151
0 153
0 157
0 167
0 168
0 174
0 177
0 182
0 192
0 196
0 198
0 201
0 202
0 203
0 204
0 207
0 245
0 283
0 286
0 330
0 344
0 362
0 425
0 436
0 481
0 500
0 501
0 502
0 606
0 608
0 624
0 661
0 667
0 670
0 722
0 743
0 775
0 816
0 846
0 876
0 907
0 908
0 915
0 960
0 982
1 2
1 3
1 4
1 9
1 32
1 35
1 73
1 81
1 95
1 131
1 147
1 158
1 160
1 183
1 190
1 199
1 224
1 239
1 328
1 450
1 476
1 537
2 3
2 4
2 13
2 16
2 19
2 21
2 28
2 31
2 35
2 55
2 58
2 73
2 74
2 79
2 89
2 94
2 95
2 103
2 106
2 111
2 114
2 122
2 126
2 139
2 142
2 159
2 163
2 176
2 199
2 333
2 372
2 454
2 532
2 623
2 635
2 658
2 792
2 810
2 840
2 854
2 861
2 904
2 937
2 943
2 952
2 978
2 991
3 4
3 6
3 14
3 23
3 35
3 39
3 60
3 82
3 86
3 88
3 99
3 110
3 125
3 136
3 140
3 145
3 148
3 149
3 155
3 159
3 163
3 167
3 170
3 187
3 200
3 227
3 292
3 294
3 386
3 412
3 497
3 547
3 594
3 669
3 678
3 803
3 834
3 919
3 952
4 5
4 6
4 7
4 12
4 14
4 16
4 18
4 20
4 29
4 32
4 38
4 48
4 52
4 56
4 61
4 63
4 66
4 68
4 71
4 72
4 73
4 88
4 91
4 100
4 102
4 112
4 113
4 114
4 117
4 118
4 120
4 122
4 126
4 133
4 139
4 144
4 145
4 154
4 156
4 158
4 165
4 167
4 170
4 171
4 173
4 182
4 188
4 193
4 197
4 198
4 203
4 216
4 260
4 268
4 276
4 278
4 288
4 300
4 335
4 368
4 370
4 384
4 394
4 399
4 421
4 478
4 538
4 542
4 562
4 564
4 577
4 587
4 609
4 617
4 634
4 641
4 652
4 656
4 664
4 675
4 699
4 712
4 723
4 739
4 745
4 751
4 771
4 778
4 798
4 845
4 890
4 978
5 16
5 26
5 70
5 84
5 406
5 482
5 502
5 545
5 549
5 552
5 563
5 571
5 652
5 863
5 864
5 45
5 145
5 6
5 7
5 9
5 11
5 12
5 18
5 31
5 39
5 50
5 64
5 73
5 76
6 7
6 10
6 22
6 24
6 25
6 68
6 97
6 206
6 382
6 498
6 576
6 825
6 886
6 45
6 42
7 8
7 14
7 15
7 36
7 62
7 67
7 122
7 169
7 181
7 194
7 236
7 241
7 243
7 265
7 289
7 297
7 323
7 331
7 438
7 464
7 519
7 526
7 554
7 566
7 578
7 621
7 657
7 688
7 703
7 781
7 783
7 796
7 812
7 824
7 858
7 871
7 873
7 882
7 894
7 895
7 898
7 911
7 918
7 919
7 986
7 996
7 145
7 11
7 16
7 21
7 113
7 135
8 15
8 77
8 83
8 107
8 168
8 192
8 262
8 331
8 366
8 374
8 466
8 505
8 590
8 596
8 614
8 813
8 933
8 45
9 11
9 12
9 31
9 44
9 47
9 65
9 171
9 228
9 325
9 379
9 486
9 568
9 640
9 957
9 41
9 147
10 29
10 78
10 452
10 849
11 12
11 19
11 21
11 23
11 45
11 47
11 50
11 65
11 108
11 123
11 155
11 193
11 280
11 290
11 884
11 993
11 14
11 18
11 20
11 22
11 24
11 26
11 31
11 33
11 36
11 39
11 42
11 56
11 59
11 66
11 68
11 74
11 76
11 79
11 81
11 99
11 100
11 103
11 107
11 109
11 117
12 13
12 19
12 141
12 202
12 311
12 357
12 434
12 660
12 795
12 804
12 867
12 16
12 18
13 19
13 118
13 150
13 580
13 753
14 18
14 22
14 49
14 107
14 137
14 305
14 427
14 445
14 638
14 720
14 922
14 936
14 145
14 15
14 30
15 92
15 116
15 457
15 711
15 893
15 32
15 47
15 114
15 122
15 130
15 142
15 152
16 26
16 32
16 57
16 82
16 103
16 125
16 186
16 211
16 256
16 324
16 447
16 581
16 628
16 663
16 866
16 897
16 27
16 42
16 56
16 83
16 144
17 33
17 42
17 72
17 93
17 185
17 317
17 441
17 455
17 591
18 21
18 23
18 40
18 73
18 76
18 90
18 97
18 121
18 137
19 34
19 37
19 45
19 46
19 50
19 60
19 86
19 266
19 327
19 354
19 357
19 364
19 377
19 416
19 420
19 477
19 540
19 622
19 665
19 689
19 738
19 832
19 972
20 42
20 326
20 340
20 559
20 26
20 53
20 69
20 117
21 94
21 108
21 123
21 144
21 202
21 255
21 600
21 680
21 77
21 82
22 24
22 25
22 36
22 53
22 55
22 56
22 61
22 66
22 72
22 77
22 85
22 92
22 105
22 111
22 133
22 136
22 160
22 181
22 182
22 194
22 214
22 238
22 250
22 267
22 273
22 282
22 299
22 337
22 341
22 350
22 356
22 359
22 381
22 410
22 433
22 438
22 453
22 462
22 490
22 503
22 520
22 527
22 528
22 548
22 582
22 588
22 592
22 636
22 643
22 653
22 671
22 695
22 713
22 717
22 735
22 750
22 755
22 757
22 770
22 800
22 809
22 818
22 841
22 851
22 855
22 865
22 878
22 889
22 934
22 939
22 940
22 944
22 968
22 974
22 977
22 998
23 50
23 87
23 112
23 114
23 118
23 143
23 156
23 171
23 261
23 269
23 313
23 385
23 479
23 516
23 604
23 618
23 620
23 767
23 967
23 993
23 25
23 51
23 63
23 67
23 97
23 98
23 102
23 120
23 149
23 151
24 27
24 55
24 63
24 74
24 271
24 360
24 388
24 741
25 180
25 281
25 480
25 558
25 627
25 690
25 691
25 47
26 58
26 69
26 29
26 80
26 82
26 111
27 291
27 824
27 36
28 839
29 91
29 117
29 153
29 200
29 257
29 444
29 509
29 556
29 599
29 631
29 708
29 718
29 730
29 787
29 815
29 830
29 872
29 912
30 33
30 41
30 42
30 43
30 51
30 59
30 61
30 70
30 72
30 84
30 98
30 110
30 128
30 165
30 166
30 185
30 189
30 191
30 237
30 279
30 284
30 320
30 338
30 345
30 355
30 365
30 375
30 400
30 405
30 442
30 446
30 483
30 488
30 535
30 559
30 561
30 598
30 602
30 603
30 626
30 639
30 644
30 647
30 650
30 676
30 698
30 701
30 719
30 728
30 732
30 748
30 760
30 763
30 780
30 797
30 802
30 806
30 808
30 817
30 823
30 836
30 856
30 896
30 927
30 932
30 941
30 949
30 955
30 971
30 976
30 94
30 159
30 198
31 100
31 343
31 45
31 47
31 48
31 68
31 95
31 105
31 121
31 140
32 51
32 70
32 85
32 127
32 310
32 373
32 428
32 484
32 546
32 715
32 764
32 831
32 183
33 59
33 179
33 189
33 254
33 521
33 589
33 593
33 595
33 693
33 784
33 41
33 114
34 659
34 45
34 121
34 174
35 67
35 97
35 169
35 180
35 314
35 524
35 690
35 821
35 842
36 167
37 51
37 390
37 416
37 567
37 655
37 966
37 975
38 48
38 49
38 321
38 583
38 714
38 780
38 913
38 920
39 409
39 997
39 50
39 55
39 124
40 101
41 59
41 99
41 101
41 140
41 179
41 342
41 402
41 705
42 46
42 76
42 90
42 93
42 124
42 128
42 163
42 234
42 249
42 253
42 312
42 389
42 419
42 469
42 514
42 632
42 857
42 859
42 888
42 906
42 909
42 926
42 979
42 990
43 184
43 187
44 87
44 471
44 45
44 190
45 51
45 96
45 146
45 149
45 164
45 209
45 215
45 259
45 309
45 332
45 352
45 459
45 470
45 475
45 544
45 550
45 601
45 674
45 862
45 891
45 910
45 963
45 965
45 980
45 62
45 65
45 97
45 98
45 101
45 140
45 173
46 75
46 772
47 401
47 403
47 54
47 60
48 142
49 115
49 119
49 137
49 306
49 418
49 448
49 539
49 574
49 651
49 686
49 900
49 923
49 181
50 60
50 407
50 518
50 570
50 707
50 742
50 880
50 925
50 962
50 970
50 53
50 57
50 67
50 91
50 105
50 137
51 54
51 135
51 191
51 560
51 674
51 989
52 132
52 231
52 303
52 200
53 180
53 308
53 877
53 70
54 677
54 747
54 885
54 930
54 84
55 78
55 80
55 449
55 489
55 65
56 519
56 605
56 637
57 102
57 573
58 146
58 161
58 439
59 229
59 414
59 740
59 774
59 833
59 883
60 130
60 209
60 217
60 550
60 71
60 116
61 68
61 81
61 83
61 90
61 115
61 138
61 140
61 143
61 200
61 236
61 240
61 244
61 262
61 304
61 336
61 347
61 411
61 451
61 478
61 513
61 517
61 589
61 630
61 633
61 648
61 681
61 702
61 704
61 799
61 805
61 870
61 905
61 938
61 964
62 95
62 172
62 489
62 756
62 903
63 172
63 199
63 424
63 723
63 811
63 120
65 118
65 66
65 83
65 94
65 110
65 112
65 125
66 81
66 105
66 136
66 315
66 529
66 536
66 793
67 221
67 274
67 397
67 151
68 316
68 380
68 429
68 569
68 579
68 700
68 727
68 995
68 83
68 108
69 176
70 247
70 491
70 696
70 983
70 987
71 124
71 166
71 210
71 369
71 387
71 422
71 531
71 645
71 646
71 773
71 820
71 843
71 869
71 994
72 90
72 128
72 129
72 196
72 225
72 230
72 353
72 378
72 440
72 473
72 492
72 496
72 508
72 511
72 575
72 682
72 734
72 765
72 776
72 827
72 828
72 860
72 928
72 984
74 80
74 914
75 938
76 179
76 349
76 391
76 607
76 736
76 759
76 93
76 103
76 143
77 86
78 198
78 263
78 275
78 329
78 371
78 395
78 404
78 506
78 612
78 683
78 924
78 197
79 170
79 543
79 84
80 218
80 417
80 515
80 754
80 134
80 170
81 551
81 729
81 835
81 958
82 98
82 318
82 392
83 107
83 572
83 109
84 393
84 85
84 108
84 165
85 104
85 142
85 272
85 277
85 553
85 720
85 981
85 192
86 88
86 155
86 174
86 376
86 396
86 413
86 493
86 819
86 948
86 127
87 555
87 629
88 461
88 786
90 293
90 883
91 109
91 133
91 557
91 100
92 168
92 390
92 504
92 565
92 573
92 747
94 132
95 181
95 223
95 474
95 673
95 725
95 761
95 945
95 178
96 697
96 779
96 902
96 973
97 512
97 683
97 814
97 115
97 118
97 146
97 172
98 684
98 128
98 141
98 148
99 205
99 220
99 348
99 541
100 296
100 586
100 694
100 807
100 838
100 899
100 931
100 144
101 142
101 153
102 178
102 465
103 219
103 467
103 724
103 766
103 128
104 138
104 285
105 115
105 154
107 423
107 584
107 625
107 716
107 731
107 844
107 936
108 251
108 487
108 619
108 141
109 184
109 123
110 127
110 935
110 954
111 196
111 340
111 432
111 510
111 706
111 806
111 917
111 135
112 494
112 752
112 145
113 118
113 131
114 141
114 145
114 201
114 287
114 346
114 929
114 985
115 507
115 822
116 692
117 151
117 270
117 430
117 533
117 662
117 782
117 826
117 853
117 887
117 947
117 992
117 133
118 123
118 126
118 132
118 143
118 164
118 307
118 585
118 146
119 525
119 191
120 456
120 945
120 955
121 152
121 351
121 431
122 151
122 157
122 235
122 248
122 301
122 319
122 426
122 437
122 523
122 563
122 613
122 685
122 721
122 733
122 791
122 794
122 837
122 847
122 850
122 868
122 901
122 921
123 162
123 171
123 226
123 298
123 361
124 133
124 185
125 176
126 415
126 758
126 829
126 203
128 610
128 642
128 726
128 773
128 789
128 951
128 149
129 176
129 197
129 358
129 406
129 435
129 468
129 654
129 762
129 852
129 916
130 145
130 367
130 530
130 672
130 697
130 879
132 174
132 212
132 988
133 178
133 184
133 208
133 363
133 749
135 959
135 144
136 485
137 881
138 148
138 177
138 195
138 219
138 242
138 597
138 615
138 616
138 635
138 746
138 788
138 846
138 848
138 892
138 942
138 999
139 433
140 233
140 649
141 443
141 175
142 222
142 412
142 768
142 769
142 777
142 874
143 160
143 213
143 339
143 398
143 709
144 203
144 619
144 171
145 150
145 460
145 499
145 611
145 801
146 953
146 969
147 252
148 666
148 961
149 166
149 175
149 188
149 232
149 246
149 258
149 264
149 302
149 322
149 463
149 472
149 488
149 522
149 534
149 618
149 679
149 710
149 744
149 785
149 875
149 946
149 950
149 956
150 408
150 687
151 192
151 295
151 334
151 737
151 790
152 183
152 668
153 383
153 458
153 495
