0 1
0 2
0 3
0 4
0 7
0 12
0 20
0 25
0 33
0 63
0 78
0 87
0 89
0 90
0 94
0 96
0 102
0 110
0 114
0 128
0 130
0 136
0 140
0 142
0 157
0 160
0 169
0 170
0 175
0 181
0 186
0 193
0 194
0 202
0 231
0 400
0 415
0 481
0 539
0 595
0 605
0 626
0 769
0 793
0 944
0 966
1 2
1 3
1 4
1 7
1 8
1 13
1 14
1 17
1 18
1 22
1 23
1 24
1 26
1 31
1 36
1 37
1 38
1 43
1 44
1 46
1 58
1 60
1 63
1 68
1 74
1 75
1 78
1 80
1 83
1 84
1 87
1 94
1 97
1 100
1 101
1 103
1 105
1 107
1 110
1 115
1 119
1 124
1 128
1 131
1 134
1 140
1 141
1 142
1 149
1 152
1 154
1 157
1 161
1 163
1 168
1 171
1 172
1 174
1 178
1 181
1 183
1 195
1 201
1 258
1 269
1 276
1 305
1 322
1 330
1 344
1 358
1 406
1 409
1 431
1 459
1 462
1 468
1 512
1 524
1 527
1 568
1 610
1 627
1 644
1 650
1 733
1 735
1 744
1 750
1 751
1 765
1 780
1 865
1 881
1 937
1 948
1 960
1 993
2 3
2 4
2 5
2 7
2 9
2 13
2 27
2 35
2 40
2 54
2 65
2 79
2 96
2 102
2 112
2 114
2 116
2 121
2 148
2 154
2 157
2 158
2 162
2 164
2 171
2 172
2 182
2 194
2 197
2 201
2 202
2 261
2 320
2 423
2 510
2 571
2 599
2 606
2 625
2 672
2 749
2 848
2 876
2 950
3 4
3 13
3 25
3 31
3 32
3 36
3 44
3 46
3 74
3 80
3 82
3 84
3 103
3 108
3 109
3 120
3 128
3 131
3 134
3 152
3 154
3 156
3 165
3 173
3 182
3 187
3 191
3 212
3 249
3 304
3 323
3 440
3 453
3 611
3 686
3 851
3 921
4 5
4 6
4 7
4 8
4 9
4 11
4 13
4 15
4 17
4 18
4 19
4 28
4 30
4 32
4 35
4 37
4 45
4 46
4 47
4 49
4 52
4 54
4 56
4 66
4 68
4 72
4 76
4 79
4 80
4 83
4 84
4 86
4 98
4 121
4 126
4 128
4 130
4 132
4 136
4 137
4 141
4 146
4 150
4 164
4 173
4 174
4 180
4 181
4 182
4 184
4 186
4 189
4 192
4 199
4 200
4 203
4 221
4 234
4 279
4 390
4 412
4 418
4 452
4 464
4 491
4 496
4 581
4 616
4 680
4 682
4 684
4 702
4 723
4 780
4 796
4 844
4 860
4 883
4 972
5 6
5 29
5 37
5 53
5 82
5 202
5 475
5 613
5 704
5 725
5 920
5 111
5 7
5 60
5 77
5 147
6 9
6 10
6 11
6 15
6 16
6 21
6 22
6 36
6 42
6 45
6 48
6 50
6 53
6 57
6 62
6 69
6 78
6 79
6 100
6 105
6 110
6 124
6 177
6 224
6 250
6 327
6 365
6 394
6 408
6 438
6 459
6 494
6 529
6 549
6 567
6 588
6 598
6 609
6 640
6 641
6 648
6 719
6 723
6 756
6 761
6 768
6 799
6 829
6 832
6 834
6 930
6 938
6 943
6 967
7 8
7 14
7 34
7 38
7 58
7 59
7 60
7 90
7 145
7 198
7 260
7 335
7 349
7 357
7 425
7 498
7 564
7 594
7 793
7 806
7 862
7 974
7 111
7 12
7 15
7 16
7 17
7 26
7 43
7 49
7 67
7 75
7 78
7 87
7 96
7 118
7 121
7 151
7 153
8 14
8 30
8 38
8 59
8 145
8 200
8 216
8 237
8 435
8 479
8 585
8 672
8 688
8 976
8 991
8 111
8 9
8 15
8 17
8 19
8 53
8 66
8 73
8 97
8 101
8 108
8 137
9 12
9 15
9 24
9 69
9 113
9 117
9 122
9 345
9 387
9 416
9 448
9 656
9 781
9 850
9 111
9 31
9 42
10 16
10 57
10 190
10 268
10 359
10 398
10 478
10 722
10 111
10 153
11 56
11 111
11 16
11 30
11 63
12 14
12 19
12 23
12 30
12 55
12 76
12 133
13 17
13 18
13 19
13 20
13 39
13 49
13 116
13 120
13 127
13 138
13 149
13 155
13 172
13 233
13 298
13 424
13 509
13 517
13 587
13 655
13 664
13 670
13 698
13 711
13 716
13 886
13 945
14 29
14 30
14 89
14 122
14 188
14 200
14 292
14 379
14 382
14 436
14 490
14 590
14 620
14 770
14 940
14 111
14 70
14 95
14 115
14 119
14 138
15 41
15 48
15 51
15 68
15 220
15 224
15 272
15 274
15 333
15 410
15 454
15 489
15 499
15 578
15 603
15 629
15 653
15 667
15 694
15 720
15 807
15 812
15 825
15 846
15 853
15 869
15 873
15 885
15 890
15 900
15 904
15 910
15 913
15 46
15 50
15 53
15 58
15 69
15 105
15 110
16 24
16 57
16 62
16 130
16 204
16 404
16 422
16 618
16 988
16 989
16 18
16 34
16 36
16 47
16 98
16 106
16 108
16 135
17 18
17 19
17 55
17 77
17 121
17 201
17 219
17 334
17 414
17 456
17 776
17 797
17 839
17 842
17 956
17 28
17 43
17 100
17 114
17 150
18 49
18 106
18 166
18 350
18 487
18 569
18 687
18 689
18 882
18 898
18 26
18 31
18 81
18 84
19 39
19 61
19 74
19 141
19 211
19 286
19 367
19 542
19 677
19 85
19 106
20 99
20 139
20 393
20 645
20 734
20 762
21 163
21 847
21 934
22 999
22 187
23 111
23 24
23 58
23 74
23 146
24 29
24 43
24 50
24 63
24 70
24 75
24 83
24 102
24 112
24 275
24 307
24 339
24 380
24 506
24 513
24 584
24 624
24 635
24 646
24 717
24 718
24 773
24 774
24 821
24 858
24 863
24 893
24 933
24 942
24 973
24 999
24 111
24 25
24 44
24 59
24 68
24 77
24 204
25 31
25 52
25 64
25 86
25 96
25 203
25 267
25 302
25 433
25 547
25 651
25 659
25 683
25 40
25 44
25 79
25 153
26 111
26 27
26 34
26 38
26 48
26 84
26 117
27 153
27 173
27 552
27 926
27 54
28 377
28 465
28 728
28 743
29 91
29 109
29 167
29 169
29 214
29 497
29 503
29 504
29 550
29 593
29 772
29 970
30 288
30 467
30 538
30 577
30 914
30 941
30 968
30 42
30 48
30 59
30 64
30 65
30 106
30 130
30 149
31 46
31 47
31 64
31 92
31 96
31 311
31 356
31 399
31 426
31 565
31 636
31 647
31 654
31 731
31 790
31 808
31 811
31 857
31 889
31 977
32 95
32 149
33 62
33 223
33 342
33 384
33 396
33 638
33 859
33 965
34 189
34 35
34 127
35 41
35 97
35 102
35 389
35 480
35 580
35 606
35 666
35 709
35 111
35 61
35 116
36 85
36 209
36 232
36 347
36 48
37 53
37 69
37 85
37 303
37 470
38 79
38 192
38 245
38 997
38 61
39 695
39 183
40 140
40 281
40 318
40 835
41 371
41 476
41 838
42 522
42 600
42 782
42 45
42 79
42 109
42 144
43 266
43 140
44 58
44 67
44 109
44 114
44 161
44 215
44 239
44 337
44 420
44 432
44 455
44 484
44 501
44 557
44 579
44 596
44 608
44 705
44 730
44 739
44 742
44 745
44 746
44 783
44 802
44 818
44 823
44 826
44 849
44 856
44 887
44 903
44 905
44 906
44 985
44 998
44 46
44 174
45 92
45 210
45 403
45 488
45 518
45 521
45 537
45 748
45 759
45 786
45 791
45 867
45 891
45 894
45 901
45 980
45 104
45 107
46 52
46 81
46 107
46 184
46 185
46 203
46 293
46 300
46 317
46 340
46 482
46 678
46 724
46 800
46 964
46 91
47 66
47 73
47 87
47 297
47 822
47 953
47 954
48 134
48 195
48 228
48 316
48 363
48 540
48 819
48 925
48 955
48 109
49 61
49 424
49 673
49 100
49 141
50 57
50 257
50 355
50 466
50 471
50 485
50 693
50 150
51 236
51 309
51 737
51 816
51 917
52 64
52 67
52 73
52 81
52 92
52 111
52 118
52 129
52 143
52 179
52 193
52 277
52 280
52 287
52 332
52 338
52 353
52 383
52 395
52 407
52 413
52 441
52 450
52 458
52 469
52 531
52 536
52 544
52 558
52 561
52 597
52 614
52 646
52 671
52 675
52 708
52 724
52 757
52 764
52 771
52 777
52 784
52 857
52 872
52 877
52 880
52 924
52 958
52 982
52 995
53 122
53 259
53 324
53 738
53 919
53 111
54 144
54 229
54 289
54 897
55 132
56 72
56 928
56 173
57 360
57 556
57 830
57 978
57 111
58 71
58 89
58 115
58 125
58 160
58 192
58 331
58 385
58 417
58 419
58 523
58 525
58 545
58 573
58 586
58 592
58 621
58 787
58 828
58 896
58 73
58 146
59 60
59 88
59 90
59 473
59 122
59 147
59 160
60 312
60 419
60 525
60 875
61 99
61 374
61 855
61 961
61 135
61 154
62 187
62 314
62 421
62 737
62 778
62 111
62 124
62 145
63 218
63 511
63 932
64 118
64 175
64 241
64 253
64 263
64 732
64 805
64 197
65 159
65 252
65 283
65 290
66 197
66 437
66 449
66 612
66 658
66 992
66 111
67 93
67 284
67 313
67 528
67 971
67 111
67 80
67 87
68 119
68 153
68 204
68 346
69 70
69 133
69 165
69 179
69 195
69 206
69 445
69 736
69 804
69 813
70 205
70 351
70 439
70 714
70 760
70 111
71 88
71 854
71 907
71 987
71 111
71 131
72 76
72 159
72 207
72 306
72 308
72 310
72 392
72 443
72 546
72 575
72 663
72 706
72 803
72 809
72 912
72 951
72 172
72 178
72 186
73 574
73 788
73 837
73 895
73 82
74 122
74 142
74 170
74 282
74 615
74 617
74 619
74 623
74 649
74 669
74 696
74 699
74 874
74 939
74 996
74 154
75 199
76 187
76 582
76 111
76 89
76 132
76 145
77 80
77 270
77 107
78 255
78 336
79 159
79 179
79 397
79 401
79 493
79 555
79 604
79 668
79 685
79 794
79 836
79 916
79 83
79 94
79 142
80 149
80 326
80 352
80 447
80 710
80 795
80 898
81 402
81 576
82 99
82 146
82 183
82 213
82 226
82 446
82 454
82 519
82 923
82 935
82 952
82 962
82 111
82 102
83 133
83 251
84 146
84 235
84 262
84 548
84 631
85 135
85 460
86 301
86 362
86 535
86 788
86 814
87 254
87 559
87 643
87 742
87 775
87 146
88 178
88 188
89 109
89 726
89 831
89 957
89 182
90 296
90 370
90 562
90 820
90 111
90 119
90 137
91 156
91 111
91 99
91 122
92 168
92 176
92 244
92 248
92 271
92 322
92 486
92 639
92 676
92 721
92 729
92 815
92 866
92 947
92 111
93 203
94 145
94 167
94 188
94 378
94 607
94 755
94 864
95 104
95 124
95 189
95 246
95 386
95 463
95 514
95 520
95 554
95 861
95 908
95 959
96 131
96 184
96 285
96 299
96 319
96 430
96 442
96 461
96 502
96 541
96 703
96 727
96 843
96 915
96 986
97 151
97 375
97 495
97 679
97 789
97 113
98 217
98 697
99 108
99 138
99 146
99 151
99 162
99 264
99 350
99 364
99 372
99 381
99 601
99 622
99 634
99 661
99 674
99 691
99 713
99 754
99 763
99 918
99 103
99 124
100 129
100 150
100 194
100 230
100 328
100 429
100 543
101 136
101 144
102 117
103 315
103 975
104 566
105 123
105 931
106 662
106 827
107 174
107 176
107 348
107 483
107 960
107 164
108 155
108 747
109 215
109 294
109 373
109 444
109 753
109 878
109 884
109 892
109 983
109 119
110 227
110 801
111 164
111 176
111 181
111 247
111 368
111 415
111 533
111 632
111 785
111 927
111 112
111 125
111 144
111 152
112 240
112 411
112 434
112 870
112 936
112 945
113 911
114 325
114 508
114 591
114 758
114 994
115 288
116 162
116 256
116 534
116 817
117 163
117 123
118 715
118 946
119 133
119 321
119 341
119 369
119 427
119 492
119 505
119 515
119 526
119 553
119 570
119 572
119 637
119 841
119 963
119 979
120 767
121 291
121 516
122 125
122 171
122 428
122 472
122 507
122 589
122 602
122 633
122 690
122 692
122 902
122 981
123 199
125 169
125 871
126 840
126 155
128 178
128 198
128 273
128 278
128 361
128 405
128 628
128 922
129 354
129 899
130 265
130 329
130 707
130 740
130 909
131 461
131 469
131 530
132 657
132 134
133 376
133 474
133 532
133 798
133 845
133 143
134 879
135 177
135 448
135 551
136 271
136 366
136 729
138 451
138 681
139 701
140 147
140 222
140 868
140 179
141 969
145 388
145 660
146 183
146 238
146 563
146 630
146 792
146 833
147 150
148 196
148 295
149 779
149 201
150 208
150 243
150 457
150 500
150 560
150 652
150 665
150 700
150 752
150 766
150 824
150 845
150 869
150 973
151 166
151 242
151 343
151 364
151 391
151 477
151 583
151 642
151 711
151 712
151 810
151 817
151 852
151 888
151 929
151 990
152 267
152 949
153 191
153 225
154 741
154 984
158 179
159 178
175 177
175 197
195 204
