0 1
0 2
0 3
0 4
0 5
0 11
0 14
0 18
0 34
0 70
0 104
0 118
0 147
0 151
0 171
0 199
0 323
0 383
0 432
0 449
0 557
0 559
0 580
0 607
0 649
0 798
0 871
0 872
0 888
0 972
0 974
1 2
1 3
1 4
1 5
1 6
1 9
1 10
1 11
1 35
1 39
1 59
1 92
1 95
1 106
1 137
1 144
1 146
1 155
1 181
1 183
1 185
1 225
1 230
1 357
1 413
1 522
1 538
1 616
1 682
1 719
1 725
1 776
1 810
1 901
1 965
1 983
2 3
2 4
2 5
2 7
2 8
2 19
2 26
2 28
2 30
2 37
2 40
2 43
2 49
2 51
2 62
2 67
2 74
2 88
2 91
2 103
2 109
2 113
2 119
2 121
2 124
2 129
2 132
2 148
2 149
2 152
2 160
2 169
2 171
2 174
2 191
2 196
2 205
2 211
2 241
2 243
2 296
2 306
2 388
2 399
2 410
2 465
2 467
2 484
2 492
2 543
2 577
2 579
2 613
2 630
2 660
2 681
2 707
2 743
2 779
2 813
2 820
2 837
2 839
2 840
2 876
2 886
2 892
2 911
2 946
2 958
2 967
2 968
2 976
2 994
3 4
3 5
3 7
3 17
3 27
3 39
3 70
3 72
3 93
3 100
3 111
3 115
3 136
3 143
3 145
3 151
3 157
3 175
3 177
3 182
3 204
3 218
3 236
3 263
3 297
3 311
3 560
3 646
3 662
3 669
3 723
3 834
3 836
3 852
3 862
4 5
4 6
4 7
4 23
4 27
4 28
4 32
4 36
4 39
4 42
4 43
4 45
4 61
4 62
4 75
4 76
4 77
4 81
4 85
4 92
4 110
4 112
4 118
4 123
4 130
4 142
4 143
4 144
4 145
4 159
4 161
4 168
4 179
4 183
4 185
4 188
4 197
4 200
4 242
4 247
4 280
4 298
4 384
4 429
4 465
4 519
4 524
4 537
4 589
4 597
4 648
4 651
4 656
4 675
4 757
4 771
4 882
4 927
4 933
4 971
4 973
4 981
5 8
5 12
5 14
5 16
5 25
5 56
5 59
5 68
5 70
5 74
5 89
5 92
5 97
5 115
5 117
5 119
5 135
5 138
5 148
5 164
5 179
5 185
5 186
5 189
5 195
5 196
5 203
5 262
5 401
5 458
5 504
5 586
5 605
5 721
5 814
5 849
6 8
6 18
6 20
6 21
6 87
6 116
6 204
6 714
6 874
6 92
6 155
6 7
6 9
6 12
6 13
6 14
6 15
6 17
6 30
6 31
6 51
6 72
6 106
6 134
7 9
7 11
7 12
7 13
7 15
7 17
7 22
7 24
7 25
7 26
7 28
7 42
7 48
7 51
7 52
7 56
7 62
7 65
7 67
7 69
7 72
7 81
7 85
7 97
7 98
7 127
7 129
7 132
7 140
7 142
7 154
7 165
7 187
7 190
7 200
7 202
7 207
7 246
7 262
7 277
7 284
7 308
7 325
7 374
7 408
7 415
7 438
7 475
7 478
7 487
7 507
7 515
7 600
7 625
7 636
7 638
7 666
7 679
7 686
7 687
7 692
7 700
7 708
7 713
7 736
7 778
7 790
7 796
7 822
7 823
7 859
7 864
7 879
7 899
7 920
7 937
7 950
7 989
7 993
7 10
8 18
8 20
8 32
8 37
8 84
8 86
8 130
8 138
8 159
8 167
8 253
8 285
8 503
8 653
8 740
8 761
8 772
8 897
8 942
8 978
9 17
9 22
9 31
9 56
9 60
9 64
9 65
9 69
9 76
9 99
9 124
9 149
9 205
9 273
9 313
9 531
9 548
9 594
9 697
9 748
9 806
9 919
9 10
9 18
9 21
9 37
9 50
9 51
9 71
9 87
10 23
10 29
10 95
10 113
10 123
10 133
10 164
10 181
10 182
10 345
10 421
10 451
10 593
10 685
10 704
10 710
10 720
10 750
10 800
10 11
10 12
10 15
10 17
10 22
10 36
10 43
10 45
10 63
10 90
10 117
10 193
11 35
11 36
11 61
11 63
11 72
11 85
11 96
11 104
11 118
11 154
11 223
11 234
11 254
11 517
11 627
11 746
11 801
11 938
11 69
12 24
12 369
12 479
12 21
12 48
12 59
12 120
13 38
13 41
13 86
14 16
14 30
14 33
14 55
14 59
14 66
14 91
14 131
14 148
14 162
14 163
14 198
14 322
14 338
14 340
14 381
14 462
14 470
14 705
14 749
14 781
14 824
14 931
14 962
14 969
14 126
14 154
15 51
15 112
15 158
15 193
15 367
15 398
15 486
15 550
15 553
15 572
15 574
15 622
15 717
15 895
15 904
15 16
15 22
15 23
15 27
15 31
15 47
15 60
15 78
15 79
15 80
15 93
15 99
15 133
15 136
15 144
15 147
15 150
16 33
16 160
16 163
16 173
16 270
16 570
16 755
16 784
16 785
16 832
16 868
16 26
16 40
16 43
16 44
16 45
16 47
16 54
16 67
16 95
16 122
17 26
17 42
17 56
17 119
17 460
17 727
17 775
17 791
17 827
17 887
17 18
17 19
17 22
17 57
17 61
17 89
17 94
17 127
17 139
17 151
17 152
18 20
18 44
18 58
18 86
18 351
18 405
18 711
18 747
18 898
18 23
18 28
18 37
18 42
18 46
18 49
18 66
18 72
18 76
18 77
18 99
18 114
18 153
18 154
19 35
19 41
20 38
20 73
20 135
20 276
21 38
21 50
21 57
21 184
21 643
21 699
21 32
21 34
21 81
21 89
21 96
22 76
22 107
22 129
22 302
22 399
22 409
22 424
22 535
22 858
22 43
22 47
22 113
23 40
23 95
23 133
23 217
23 777
23 24
23 50
23 60
23 149
24 25
24 33
24 37
25 43
25 44
25 53
25 70
25 73
25 86
25 104
25 109
25 134
25 138
25 140
25 286
25 328
25 372
25 404
25 544
25 571
25 596
25 634
25 635
25 663
25 666
25 680
25 690
25 696
25 751
25 754
25 759
25 760
25 843
25 846
25 874
25 903
25 905
25 980
25 987
26 69
26 393
26 482
27 574
27 770
27 29
27 35
27 64
27 96
27 197
28 29
28 49
28 53
28 71
28 82
28 105
28 108
28 123
28 143
28 155
28 177
28 209
28 213
28 233
28 316
28 330
28 348
28 380
28 417
28 421
28 485
28 499
28 591
28 657
28 689
28 724
28 762
28 765
28 767
28 771
28 878
28 889
28 896
28 932
28 941
28 32
28 100
28 117
29 47
29 105
29 240
29 358
29 454
29 509
29 516
29 562
29 963
29 39
30 55
30 102
30 196
30 565
30 900
30 913
30 924
30 951
30 955
30 74
30 101
31 45
31 88
31 122
31 173
31 176
31 203
31 320
31 343
31 395
31 400
31 406
31 440
31 501
31 545
31 576
31 642
31 780
31 787
31 826
31 865
31 891
31 912
31 952
31 137
31 196
32 46
32 189
32 621
32 124
32 146
33 377
33 511
33 916
34 831
34 59
35 190
36 75
36 165
36 275
36 409
36 529
36 610
36 105
36 178
37 94
37 114
37 116
37 184
37 214
37 751
37 56
37 71
37 82
37 125
38 115
38 167
39 79
39 108
39 111
39 180
39 181
39 863
40 54
40 77
40 416
40 604
40 73
40 76
40 79
40 148
41 61
41 71
41 99
41 110
41 128
41 132
41 193
41 221
41 288
41 350
41 427
41 463
41 611
41 692
41 694
41 702
41 752
41 884
41 890
41 906
41 964
41 56
41 86
41 202
42 52
42 561
42 79
42 95
42 103
42 105
43 46
43 58
43 139
43 166
43 436
43 477
43 62
43 83
43 101
44 53
44 376
45 66
45 68
45 73
45 121
45 131
45 144
45 219
45 259
45 520
45 556
45 606
45 684
45 734
45 739
45 756
45 788
45 792
47 50
47 52
47 80
47 108
47 116
47 142
48 101
48 186
48 92
48 131
48 179
50 84
50 290
50 386
50 525
50 63
50 126
51 101
51 125
51 174
51 201
51 287
51 688
51 808
51 825
52 78
52 272
52 782
52 957
52 158
53 54
53 58
53 80
53 120
53 147
53 152
53 184
53 226
53 268
53 278
53 295
53 319
53 327
53 373
53 474
53 491
53 530
53 554
53 602
53 633
53 712
53 728
53 805
53 830
53 894
53 988
53 159
54 123
54 152
54 441
54 601
54 729
55 833
56 186
56 289
56 293
56 450
56 508
56 94
56 112
57 435
57 443
57 803
57 99
57 131
58 86
58 87
58 94
58 139
58 300
58 355
58 624
58 812
59 136
59 498
59 61
59 70
60 177
61 89
61 136
61 156
61 250
61 258
61 294
61 309
61 332
61 534
61 578
61 698
61 873
61 940
61 956
62 76
62 337
62 500
62 505
62 584
63 506
63 532
63 97
63 151
64 75
64 83
64 93
64 100
64 107
64 127
64 252
64 292
64 495
64 518
64 588
64 850
64 853
64 893
64 984
66 650
67 82
67 103
67 155
67 356
67 441
67 457
67 526
67 549
67 575
67 821
67 827
67 828
67 847
67 855
67 902
67 992
67 174
68 163
68 185
68 235
68 437
68 555
68 930
68 92
68 97
68 109
69 101
69 202
69 318
69 392
69 473
69 595
69 715
69 907
69 908
69 960
69 93
69 135
70 422
70 665
70 744
70 769
70 799
70 966
71 331
71 378
71 403
71 444
71 489
71 490
71 552
71 614
71 618
71 693
71 774
71 877
71 180
72 78
72 151
72 256
72 346
72 797
73 90
73 166
73 198
73 269
73 370
73 402
73 428
73 497
73 542
73 556
73 582
73 639
73 706
73 741
73 789
73 851
73 923
73 959
73 91
73 118
73 123
74 208
74 232
74 327
74 414
74 447
74 541
74 581
74 664
74 857
74 929
74 991
74 170
75 188
75 265
75 339
75 512
75 536
76 106
76 114
76 116
76 139
76 149
76 173
76 215
76 228
76 238
76 248
76 260
76 266
76 281
76 385
76 459
76 546
76 609
76 691
76 718
76 748
76 766
76 772
76 848
77 80
77 88
77 105
77 387
77 587
77 807
78 85
78 97
78 305
78 773
78 914
78 87
79 199
79 239
79 271
79 397
79 522
79 585
79 637
79 674
79 730
79 925
79 100
79 116
80 168
80 261
80 514
80 631
80 685
80 98
81 127
81 154
81 156
81 207
81 267
81 303
81 426
81 445
81 521
81 939
81 102
82 108
82 329
82 334
82 434
82 695
82 767
83 527
83 539
84 251
84 412
84 417
84 431
84 563
84 815
84 867
85 612
86 279
86 314
86 153
87 112
87 120
87 653
87 835
87 881
88 307
88 349
88 763
88 795
88 885
88 943
88 990
88 162
89 169
89 170
89 382
89 970
89 128
89 185
90 961
91 258
91 176
92 153
92 194
92 195
92 229
92 464
92 678
92 703
92 867
92 909
92 977
92 986
92 106
92 108
93 875
94 96
94 282
94 365
94 456
94 477
94 510
94 551
94 954
94 957
95 216
95 481
95 647
95 735
95 794
96 98
96 191
96 333
96 347
96 439
96 944
97 488
98 237
98 738
99 626
100 122
100 861
101 245
101 102
101 125
102 564
102 104
103 122
103 326
103 768
104 110
104 362
104 658
105 231
105 363
105 371
105 547
105 558
105 667
105 869
106 126
106 866
108 180
108 217
108 379
108 922
108 998
108 110
108 124
109 145
109 244
109 283
109 317
109 420
109 483
109 533
109 535
109 659
109 687
109 708
109 716
109 731
109 733
109 742
109 745
109 786
109 804
109 842
109 880
109 910
109 915
109 945
109 949
109 117
110 134
110 190
110 819
111 466
111 732
111 172
112 121
112 125
112 177
112 324
112 353
112 422
112 433
112 599
112 644
112 654
112 953
113 206
113 620
114 204
114 407
114 411
114 469
115 148
115 360
115 396
115 446
116 126
117 222
117 623
117 921
117 149
118 129
118 676
119 442
121 141
121 175
121 342
121 344
121 419
121 480
121 496
121 502
121 671
121 818
121 845
121 854
121 917
121 975
121 198
122 150
122 161
122 201
122 212
122 249
122 274
122 375
122 455
122 493
122 513
122 655
122 677
122 157
123 192
123 220
123 640
123 672
123 726
123 856
123 947
123 995
123 997
126 153
126 301
126 312
126 472
126 567
126 628
126 793
126 934
126 985
126 129
127 156
127 315
128 132
129 592
129 619
129 738
130 615
130 764
130 776
130 860
131 645
131 722
131 148
131 155
132 205
133 168
133 264
133 566
133 641
134 299
134 389
134 190
135 145
135 166
136 352
136 461
136 608
136 629
137 316
137 945
138 255
138 335
138 361
138 603
138 711
138 809
138 870
139 166
139 210
140 158
140 178
140 471
141 936
142 200
142 336
142 642
142 652
142 787
143 172
143 199
143 468
143 583
144 170
144 194
144 354
144 359
144 400
144 425
144 476
144 632
144 670
144 753
144 841
144 844
144 935
145 310
145 494
145 668
145 838
145 883
147 167
147 210
147 737
148 304
148 418
148 423
148 448
148 569
148 573
148 701
148 802
148 829
148 948
149 321
149 341
149 368
149 390
149 394
149 430
149 523
149 568
149 590
149 661
149 673
149 683
149 758
149 811
149 817
149 887
149 926
149 979
149 996
149 999
151 224
151 617
152 364
152 366
152 391
152 452
152 528
152 540
152 709
152 783
152 928
154 227
154 257
154 405
154 453
154 598
154 816
154 918
154 982
155 291
155 567
163 198
