0 1
0 2
0 3
0 4
0 6
0 7
0 16
0 34
0 37
0 41
0 58
0 71
0 81
0 83
0 94
0 105
0 113
0 123
0 127
0 130
0 132
0 140
0 142
0 147
0 165
0 170
0 179
0 191
0 235
0 321
0 383
0 405
0 466
0 539
0 542
0 554
0 623
0 635
0 636
0 664
0 801
0 972
0 979
0 995
1 2
1 3
1 8
1 22
1 33
1 44
1 50
1 57
1 71
1 75
1 80
1 84
1 86
1 88
1 103
1 104
1 111
1 140
1 149
1 158
1 162
1 163
1 173
1 175
1 176
1 186
1 189
1 190
1 214
1 262
1 266
1 270
1 284
1 292
1 315
1 333
1 368
1 413
1 438
1 545
1 609
1 614
1 731
1 775
1 836
2 3
2 4
2 5
2 9
2 11
2 14
2 17
2 18
2 19
2 21
2 23
2 24
2 27
2 28
2 30
2 32
2 39
2 42
2 45
2 46
2 51
2 55
2 57
2 71
2 72
2 75
2 77
2 83
2 84
2 85
2 86
2 92
2 95
2 96
2 106
2 108
2 110
2 112
2 114
2 115
2 119
2 120
2 122
2 123
2 127
2 133
2 136
2 138
2 139
2 148
2 150
2 151
2 152
2 154
2 159
2 166
2 180
2 182
2 187
2 196
2 197
2 199
2 202
2 203
2 204
2 207
2 217
2 225
2 233
2 267
2 296
2 305
2 313
2 327
2 362
2 378
2 380
2 397
2 425
2 427
2 456
2 468
2 477
2 491
2 527
2 532
2 539
2 583
2 631
2 658
2 666
2 712
2 724
2 780
2 783
2 788
2 797
2 847
2 852
2 862
2 877
2 880
2 909
2 946
2 952
2 955
3 7
3 8
3 12
3 14
3 21
3 26
3 28
3 36
3 39
3 49
3 51
3 60
3 63
3 65
3 76
3 77
3 81
3 82
3 84
3 89
3 90
3 94
3 101
3 110
3 111
3 119
3 120
3 121
3 124
3 127
3 129
3 132
3 133
3 134
3 138
3 143
3 144
3 145
3 149
3 152
3 167
3 168
3 170
3 171
3 172
3 174
3 177
3 178
3 180
3 183
3 188
3 189
3 192
3 194
3 196
3 201
3 202
3 203
3 259
3 269
3 304
3 315
3 370
3 415
3 416
3 471
3 485
3 495
3 506
3 517
3 543
3 593
3 652
3 659
3 699
3 765
3 778
3 802
3 803
3 811
3 825
3 859
3 874
3 905
3 920
3 933
3 951
3 966
4 5
4 9
4 24
4 66
4 81
4 210
4 250
4 341
4 342
4 407
4 408
4 451
4 568
4 653
4 672
4 875
4 881
4 982
5 12
5 132
5 205
5 343
5 509
5 572
5 735
6 11
6 23
6 35
6 52
6 61
6 64
6 78
6 116
6 220
6 337
6 374
6 459
6 592
6 686
6 779
6 962
7 10
7 13
7 15
7 16
7 22
7 30
7 38
7 45
7 49
7 54
7 63
7 69
7 73
7 96
7 97
7 121
7 173
7 175
7 185
7 189
7 195
7 219
7 228
7 241
7 247
7 251
7 252
7 265
7 277
7 287
7 354
7 357
7 381
7 417
7 436
7 439
7 461
7 519
7 534
7 565
7 581
7 597
7 602
7 603
7 607
7 633
7 646
7 668
7 671
7 690
7 719
7 733
7 736
7 757
7 793
7 796
7 799
7 808
7 829
7 907
7 915
7 916
7 944
7 950
7 953
7 956
7 966
7 969
7 992
7 993
8 18
8 25
8 42
8 89
8 193
8 240
8 831
8 882
9 163
9 280
9 433
9 849
9 925
9 994
9 30
9 11
9 13
9 14
9 15
9 32
9 44
9 76
10 13
10 15
10 30
10 11
10 40
10 55
10 58
10 77
11 14
11 59
11 64
11 114
11 272
11 484
11 620
11 685
11 734
11 866
11 13
11 16
11 21
11 32
11 35
11 45
11 50
11 57
11 71
11 73
11 74
11 78
11 97
11 112
11 115
11 122
11 142
11 147
11 190
12 13
12 18
12 24
12 32
12 34
12 36
12 40
12 43
12 51
12 60
12 67
12 79
12 81
12 82
12 85
12 93
12 104
12 123
12 142
12 144
12 146
12 151
12 157
12 172
12 194
12 211
12 215
12 218
12 227
12 303
12 361
12 429
12 430
12 435
12 437
12 448
12 457
12 472
12 476
12 486
12 514
12 535
12 541
12 578
12 587
12 682
12 714
12 726
12 774
12 792
12 822
12 839
12 883
12 895
12 943
12 948
12 961
13 15
13 18
13 19
13 22
13 29
13 31
13 37
13 48
13 50
13 67
13 86
13 87
13 94
13 97
13 121
13 185
13 193
13 203
13 215
13 221
13 224
13 226
13 238
13 248
13 254
13 277
13 298
13 304
13 322
13 339
13 350
13 403
13 446
13 447
13 464
13 529
13 555
13 557
13 600
13 611
13 649
13 662
13 677
13 680
13 694
13 710
13 713
13 715
13 727
13 746
13 763
13 772
13 773
13 848
13 857
13 873
13 876
13 919
13 934
13 941
13 946
13 965
13 984
13 24
13 42
13 88
13 187
14 65
14 150
14 309
14 27
14 46
14 49
14 54
14 63
14 118
14 147
15 16
15 17
15 20
15 21
15 29
15 53
15 91
15 99
15 102
15 122
15 136
15 165
15 166
15 173
15 196
15 212
15 222
15 230
15 231
15 260
15 297
15 360
15 375
15 577
15 579
15 582
15 595
15 634
15 648
15 689
15 727
15 729
15 753
15 764
15 782
15 795
15 814
15 853
15 865
15 867
15 891
15 897
15 913
15 935
15 938
15 947
15 980
15 983
15 30
15 60
16 45
16 531
16 30
16 25
16 28
16 33
16 55
16 58
16 72
16 84
16 94
16 123
16 133
16 137
16 141
16 144
16 149
17 26
17 38
17 68
17 74
17 102
17 302
17 428
17 431
17 441
17 479
17 596
18 25
18 47
18 103
18 134
18 887
18 910
18 954
18 987
19 98
19 128
19 553
19 830
19 976
20 23
20 35
20 126
20 130
20 141
20 145
20 319
20 569
20 758
20 809
20 843
20 846
21 22
21 41
21 208
21 307
21 334
21 382
21 511
21 567
21 580
21 760
21 782
21 926
21 998
21 30
21 82
21 83
21 120
21 179
22 53
22 56
22 63
22 68
22 69
22 128
22 131
22 175
22 183
22 232
22 242
22 371
22 377
22 418
22 419
22 454
22 482
22 510
22 533
22 540
22 584
22 598
22 627
22 642
22 654
22 664
22 720
22 762
22 805
22 806
22 821
22 836
22 923
22 942
22 977
22 30
22 173
23 36
23 44
23 46
23 114
23 268
23 290
23 355
23 388
23 706
23 850
24 27
24 60
24 118
24 153
24 156
24 191
24 209
24 387
24 518
24 526
24 563
24 878
24 892
24 30
24 43
24 51
24 52
24 140
25 31
25 90
25 295
25 503
25 505
25 590
25 601
25 770
25 884
25 943
25 81
26 816
26 872
26 30
27 896
27 37
27 109
28 670
28 126
28 142
29 978
30 120
30 213
30 216
30 351
30 376
30 401
30 465
30 473
30 561
30 566
30 570
30 641
30 693
30 745
30 752
30 767
30 781
30 970
30 31
30 38
30 39
30 44
30 49
30 53
30 56
30 69
30 70
30 75
30 78
30 82
30 83
30 84
30 89
30 95
30 98
30 119
30 124
30 128
30 129
30 151
30 171
31 72
31 239
31 258
31 314
31 453
31 493
31 673
31 701
31 739
31 743
31 776
31 841
31 911
31 959
31 37
31 52
32 705
32 826
33 748
33 963
33 113
34 79
34 172
35 61
35 317
35 562
35 630
35 37
36 113
36 155
36 163
36 656
36 692
36 749
36 922
37 48
37 154
37 286
37 289
37 475
37 529
37 936
37 41
37 45
37 47
37 137
37 151
38 53
38 73
38 538
38 751
38 184
40 47
40 85
42 47
42 56
42 72
42 154
42 161
42 199
42 349
42 398
42 477
42 550
42 702
42 860
42 63
42 122
42 145
44 76
44 119
44 60
44 75
44 86
45 49
45 69
45 73
45 74
45 122
45 182
45 256
45 273
45 414
45 421
45 465
45 663
45 700
45 807
45 50
45 91
46 62
46 150
46 169
46 200
46 206
46 279
46 330
46 443
46 544
46 645
46 707
46 771
47 612
47 997
47 110
48 50
48 91
48 103
48 157
48 159
48 275
48 312
48 528
48 586
48 820
48 886
48 904
48 929
48 940
49 53
49 54
49 99
49 174
49 188
49 207
49 281
49 294
49 308
49 343
49 344
49 353
49 366
49 392
49 423
49 615
49 638
49 674
49 717
49 762
49 781
49 804
49 819
49 868
49 891
49 981
49 999
49 135
49 191
50 56
50 67
50 283
50 450
50 474
50 575
50 57
50 72
50 73
50 144
51 151
51 167
51 545
51 613
51 698
51 730
51 986
52 971
52 163
53 253
53 308
53 335
53 442
53 576
53 588
53 798
53 131
54 610
54 650
54 822
55 64
55 78
55 184
55 244
55 329
55 356
55 728
55 854
56 257
56 293
56 322
56 384
56 395
56 463
56 480
56 498
56 501
56 522
57 62
57 96
57 113
57 129
57 153
58 325
58 64
58 68
58 177
60 66
60 93
60 118
60 168
60 490
60 502
60 599
60 676
60 855
60 949
60 95
60 143
61 507
61 871
62 64
62 150
62 328
62 500
62 524
62 711
62 790
62 869
62 905
62 933
62 964
63 74
63 176
63 195
63 495
63 681
63 787
63 958
63 990
63 66
63 118
64 92
64 100
64 106
64 125
64 394
64 399
64 400
64 515
64 574
64 722
64 834
64 83
65 70
65 497
65 591
65 786
65 894
66 991
67 87
67 92
67 107
67 164
67 352
67 372
67 379
67 434
67 449
67 556
67 643
67 703
67 817
67 818
67 842
67 197
68 182
68 184
68 188
68 385
68 536
68 622
68 732
68 858
68 889
68 175
69 139
69 91
69 105
70 124
71 264
71 299
71 364
71 412
71 665
71 708
71 721
71 195
72 79
72 332
72 74
72 125
73 143
73 235
73 709
73 106
74 131
74 153
74 300
74 391
74 594
74 661
74 741
74 861
74 863
75 824
76 100
76 125
76 84
76 134
77 80
77 87
77 100
77 106
77 109
77 200
77 310
77 318
77 346
77 369
77 399
77 422
77 445
77 478
77 516
77 548
77 639
77 647
77 713
77 740
77 742
77 744
77 785
77 810
77 812
77 832
77 844
77 885
77 924
77 104
77 203
78 632
79 291
79 742
79 968
80 148
81 137
81 146
81 336
81 452
81 669
81 906
82 134
82 255
82 295
82 514
82 723
82 888
82 90
83 86
83 98
83 185
83 223
83 243
83 245
83 249
83 263
83 285
83 323
83 432
83 440
83 520
83 523
83 546
83 564
83 589
83 605
83 624
83 657
83 675
83 823
83 870
83 879
83 917
83 108
83 117
83 135
83 136
84 117
84 236
84 86
84 106
84 132
84 145
86 202
86 242
86 282
86 409
86 617
86 619
86 797
86 902
86 937
86 126
86 127
87 193
87 794
88 161
88 643
88 860
89 424
90 106
90 124
90 129
90 138
90 144
90 306
90 432
90 569
90 571
90 618
90 679
90 893
90 125
90 130
91 121
91 932
92 245
92 271
92 499
92 508
93 118
93 387
93 483
93 549
93 695
93 789
93 168
94 320
94 326
94 496
94 558
94 616
94 725
95 229
96 840
96 928
97 183
98 684
98 152
99 481
99 777
100 560
100 827
100 169
102 525
102 791
103 480
103 604
103 750
103 180
104 136
104 285
104 340
104 402
104 411
104 420
104 462
104 637
104 655
104 678
104 761
104 903
104 908
104 107
104 109
105 470
105 927
106 138
106 159
106 274
106 288
106 458
106 716
106 754
106 150
106 153
108 179
108 367
108 404
108 467
108 901
108 912
108 918
109 696
109 112
110 118
110 644
110 890
110 985
112 737
113 223
113 337
113 200
114 169
117 120
118 137
118 178
118 324
118 373
118 469
118 606
119 455
119 521
119 828
119 989
120 234
120 276
120 316
120 573
121 135
121 278
121 311
121 345
121 365
121 390
121 660
121 815
121 945
121 967
122 237
122 766
123 137
123 160
123 163
123 178
123 181
123 230
123 331
123 559
123 683
123 784
123 833
123 856
123 895
123 898
123 939
123 957
123 201
125 410
127 621
127 768
128 512
128 851
128 899
129 386
130 551
130 552
130 625
130 996
130 148
131 359
132 489
132 504
132 513
132 755
133 640
133 837
134 845
134 194
136 153
136 160
136 183
136 246
136 488
136 530
136 537
136 547
136 667
136 759
136 892
138 164
138 200
138 348
138 352
138 697
138 754
138 838
138 900
138 931
139 176
140 347
140 988
141 393
141 487
141 170
142 198
143 192
143 301
143 460
143 651
143 800
143 914
143 196
144 261
144 688
144 769
144 921
145 747
145 974
145 149
146 396
146 444
146 469
146 687
147 182
148 426
148 691
148 756
148 812
148 960
149 186
149 191
149 492
149 494
149 718
149 813
149 835
150 358
150 363
150 686
150 738
150 922
151 155
151 338
151 389
151 406
151 502
151 608
151 628
151 629
151 704
151 864
151 900
151 930
151 973
151 975
152 626
153 444
153 585
154 203
158 176
161 162
183 194
