0 1
0 2
0 3
0 5
0 6
0 8
0 9
0 10
0 11
0 12
0 14
0 16
0 18
0 19
0 24
0 26
0 34
0 35
0 36
0 38
0 39
0 41
0 43
0 53
0 56
0 58
0 65
0 67
0 71
0 73
0 75
0 76
0 80
0 84
0 90
0 100
0 101
0 106
0 107
0 112
0 113
0 114
0 115
0 117
0 118
0 120
0 121
0 124
0 127
0 135
0 137
0 146
0 149
0 153
0 155
0 156
0 159
0 160
0 164
0 165
0 167
0 169
0 180
0 181
0 187
0 189
0 196
0 225
0 229
0 293
0 321
0 327
0 330
0 349
0 361
0 385
0 387
0 416
0 434
0 458
0 482
0 487
0 495
0 502
0 512
0 528
0 533
0 539
0 573
0 580
0 599
0 617
0 671
0 705
0 719
0 774
0 791
0 797
0 801
0 815
0 817
0 821
0 829
0 835
0 887
0 894
0 914
0 915
0 919
0 938
0 948
0 974
1 2
1 3
1 13
1 17
1 45
1 114
1 134
1 140
1 165
1 174
1 179
1 190
1 191
1 201
1 203
1 294
1 297
1 467
1 622
1 623
1 624
1 735
1 771
1 802
1 952
2 3
2 8
2 9
2 10
2 12
2 17
2 18
2 20
2 22
2 24
2 26
2 32
2 33
2 38
2 44
2 50
2 54
2 58
2 59
2 61
2 62
2 68
2 69
2 70
2 76
2 78
2 80
2 82
2 84
2 85
2 91
2 96
2 100
2 101
2 109
2 114
2 116
2 117
2 118
2 127
2 130
2 136
2 142
2 145
2 152
2 164
2 166
2 178
2 180
2 183
2 190
2 191
2 192
2 195
2 199
2 205
2 211
2 217
2 222
2 247
2 260
2 287
2 333
2 335
2 403
2 404
2 410
2 489
2 551
2 556
2 562
2 569
2 577
2 627
2 663
2 694
2 739
2 740
2 761
2 805
2 833
2 859
2 865
2 867
2 905
2 993
2 995
3 4
3 5
3 16
3 18
3 23
3 24
3 29
3 34
3 36
3 37
3 47
3 50
3 64
3 66
3 82
3 86
3 91
3 96
3 102
3 109
3 123
3 125
3 126
3 127
3 141
3 143
3 146
3 151
3 153
3 155
3 161
3 164
3 173
3 175
3 180
3 182
3 184
3 189
3 193
3 195
3 197
3 199
3 201
3 204
3 230
3 232
3 254
3 337
3 355
3 356
3 380
3 395
3 432
3 462
3 471
3 480
3 494
3 503
3 506
3 540
3 599
3 697
3 718
3 724
3 863
3 874
3 896
3 934
3 947
3 958
3 977
3 998
4 5
4 6
4 7
4 11
4 12
4 15
4 29
4 39
4 58
4 70
4 83
4 99
4 107
4 114
4 116
4 117
4 134
4 148
4 152
4 154
4 179
4 198
4 214
4 221
4 283
4 316
4 354
4 371
4 443
4 477
4 510
4 610
4 626
4 651
4 667
4 711
4 715
4 733
4 745
4 840
4 884
4 909
4 985
4 996
4 121
4 130
4 145
4 36
5 7
5 14
5 35
5 37
5 57
5 140
5 150
5 179
5 215
5 388
5 621
5 644
5 754
5 912
5 953
5 954
5 130
5 145
5 34
5 81
5 126
6 9
6 31
6 75
6 107
6 130
6 22
6 35
6 37
7 54
7 84
7 303
7 383
7 456
7 715
8 13
8 18
8 26
8 87
8 109
8 134
8 173
8 218
8 269
8 297
8 854
8 121
9 20
9 43
9 65
9 147
9 186
9 228
9 605
10 28
10 32
10 110
10 362
10 699
10 820
10 966
10 145
10 17
10 18
10 20
10 30
10 40
10 45
10 51
10 54
10 58
10 79
10 86
10 88
10 92
10 94
10 105
10 109
10 113
10 130
11 733
11 923
12 15
12 25
12 30
12 55
12 72
12 86
12 89
12 104
12 118
12 122
12 148
12 174
12 182
12 247
12 248
12 255
12 284
12 320
12 369
12 390
12 402
12 425
12 439
12 445
12 455
12 529
12 534
12 548
12 554
12 618
12 706
12 726
12 760
12 768
12 818
12 819
12 830
12 911
12 924
12 944
12 957
12 978
12 988
12 130
12 13
12 18
12 23
12 29
12 36
12 52
12 53
12 101
12 105
13 20
13 31
13 130
13 16
13 17
13 26
13 45
13 53
13 60
13 94
13 98
13 120
13 142
13 150
14 25
14 28
14 29
14 37
14 51
14 55
14 56
14 64
14 71
14 93
14 116
14 128
14 135
14 157
14 168
14 187
14 188
14 196
14 253
14 274
14 342
14 396
14 469
14 583
14 584
14 647
14 648
14 658
14 685
14 728
14 748
14 764
14 893
14 940
14 983
14 145
14 119
14 155
15 329
15 363
15 839
15 933
16 21
16 23
16 30
16 96
16 101
16 171
16 243
16 420
16 459
16 588
16 40
16 56
17 22
17 38
17 66
17 105
17 125
17 282
17 936
17 48
17 57
17 64
17 80
17 84
18 42
18 62
18 87
18 112
18 203
18 399
18 470
18 861
18 55
18 65
18 66
18 117
18 142
19 27
19 48
19 145
19 46
19 59
19 113
20 49
20 81
20 106
20 176
20 236
20 290
20 597
20 763
20 787
20 899
20 130
20 52
20 69
21 98
21 183
22 27
22 35
22 40
22 42
22 60
22 99
22 102
22 167
22 280
22 481
22 514
22 531
22 532
22 574
22 609
22 630
22 646
22 707
22 857
22 46
22 93
22 148
23 24
23 28
23 41
23 68
23 111
23 172
23 238
23 259
23 268
23 311
23 313
23 381
23 400
23 407
23 413
23 429
23 483
23 501
23 590
23 604
23 632
23 665
23 677
23 720
23 758
23 769
23 799
23 832
23 841
23 846
23 879
23 903
23 917
23 969
23 169
24 33
24 36
24 73
24 119
24 120
24 141
24 360
24 386
24 448
24 527
24 549
24 778
24 959
24 982
25 56
25 86
25 296
25 725
25 729
25 951
25 130
25 43
26 27
26 39
26 74
26 104
26 161
26 192
26 245
26 280
26 289
26 546
26 571
26 587
26 615
26 702
26 828
26 869
26 908
26 950
26 138
27 55
27 83
27 382
27 524
27 900
27 130
28 46
28 52
28 67
28 72
28 96
28 98
28 111
28 122
28 136
28 157
28 177
28 184
28 299
28 302
28 367
28 427
28 441
28 496
28 507
28 526
28 594
28 600
28 611
28 616
28 638
28 669
28 687
28 722
28 789
28 796
28 866
28 963
28 970
28 980
28 999
28 130
28 65
28 83
28 153
29 30
29 37
29 57
29 419
29 649
29 130
29 112
30 48
30 61
30 94
30 108
30 149
30 171
30 189
30 213
30 224
30 292
30 394
30 476
30 492
30 509
30 542
30 596
30 598
30 666
30 767
30 836
30 845
30 852
30 895
30 955
30 964
30 992
30 130
30 86
30 99
30 107
30 122
30 193
31 838
31 130
31 37
32 56
32 168
32 318
32 474
32 888
32 968
33 350
33 121
33 130
33 59
33 75
33 128
33 137
34 46
34 97
34 208
34 374
34 608
34 680
34 130
34 171
35 130
36 41
36 77
36 88
36 457
36 516
36 628
36 714
36 741
36 749
36 782
36 44
36 91
36 101
37 253
37 640
37 772
37 130
37 44
37 55
37 75
37 84
37 111
37 131
38 100
38 105
38 126
38 433
38 525
40 517
40 103
40 137
40 145
40 147
41 112
41 170
41 251
41 361
41 485
41 530
41 544
41 827
41 843
41 856
41 910
41 130
41 52
42 43
42 68
42 216
42 233
42 272
42 451
42 587
42 637
42 689
42 713
42 943
43 45
43 130
43 97
43 139
44 307
44 102
44 108
44 126
45 145
45 50
45 76
45 83
45 85
45 119
46 52
46 53
46 185
46 193
46 130
46 70
46 102
47 348
47 430
47 130
47 145
47 143
48 60
48 148
48 152
48 366
48 431
48 436
48 634
48 922
48 971
48 65
50 601
51 145
51 69
51 82
51 137
51 139
52 53
52 59
52 67
52 73
52 77
52 80
52 97
52 172
52 235
52 252
52 276
52 336
52 352
52 392
52 631
52 701
52 710
52 747
52 799
52 809
52 841
52 916
52 931
52 115
52 124
52 126
52 150
53 108
53 190
53 488
53 642
53 853
53 153
54 67
54 178
54 423
54 523
54 645
54 683
54 709
54 738
54 757
54 765
54 773
54 816
54 872
54 920
54 932
54 933
54 946
54 987
54 997
54 130
54 149
55 63
55 78
55 160
55 338
55 340
55 440
55 450
55 458
55 550
55 670
55 693
55 751
55 779
55 807
55 898
55 937
55 941
56 103
56 368
56 479
56 655
56 695
56 860
56 925
56 956
56 130
56 62
56 104
57 129
57 391
57 145
58 118
58 124
58 188
58 281
58 464
58 497
58 518
58 567
58 578
58 703
58 847
58 849
58 154
59 267
59 876
59 92
59 130
59 143
59 199
60 406
60 595
60 124
61 79
61 132
61 346
61 365
61 508
61 560
61 582
61 927
62 242
62 454
62 516
62 766
62 942
63 130
64 84
64 135
64 249
65 452
65 678
65 962
65 71
66 110
66 120
66 124
66 220
66 426
66 555
66 881
66 882
68 69
68 78
68 88
68 95
68 115
68 119
68 364
68 428
68 561
68 674
68 688
68 793
68 886
68 965
68 972
68 130
69 141
69 212
69 537
69 804
69 945
70 79
70 85
70 87
70 173
70 288
70 882
70 902
71 317
71 547
71 862
72 122
72 257
72 358
72 422
72 490
72 558
72 593
72 679
72 692
72 723
72 897
72 976
73 227
73 231
73 246
73 265
73 343
73 504
73 750
73 871
74 822
74 145
74 81
74 96
74 115
76 256
76 309
76 372
76 408
76 414
76 461
76 744
76 826
76 834
76 856
76 930
78 150
78 304
78 389
78 649
78 788
78 831
78 960
79 92
79 144
79 149
79 183
79 198
79 210
79 240
79 275
79 285
79 306
79 332
79 344
79 538
79 565
79 589
79 619
79 620
79 641
79 716
79 736
79 806
79 980
80 185
80 323
80 437
81 300
81 96
81 106
82 334
83 88
83 91
83 105
83 121
84 104
84 186
84 187
84 237
84 250
84 261
84 291
84 325
84 447
84 734
84 755
84 786
84 800
84 850
84 874
84 878
84 979
84 981
84 986
85 125
85 468
85 543
85 612
85 759
85 792
85 855
86 93
86 139
86 181
86 223
87 277
87 825
87 913
88 95
88 163
88 170
88 202
88 331
88 504
88 591
88 110
88 129
89 345
89 145
89 140
91 130
91 134
92 798
93 184
93 370
93 145
95 351
95 570
95 170
96 357
97 130
97 132
97 149
98 239
98 353
98 814
98 883
98 935
99 121
100 126
100 138
100 175
100 258
100 465
100 145
101 108
101 131
101 704
101 926
102 105
102 626
102 130
103 121
103 122
104 137
104 545
104 585
104 614
104 629
104 130
104 118
105 154
105 522
105 557
105 721
105 844
105 130
106 606
106 892
106 188
107 112
107 139
107 209
107 262
107 264
107 277
107 278
107 279
107 326
107 379
107 398
107 405
107 435
107 446
107 460
107 521
107 696
107 700
107 737
107 762
107 775
107 790
107 851
107 858
107 868
107 949
107 989
107 175
108 308
108 449
108 535
108 581
109 128
109 147
109 270
109 322
109 409
109 484
109 493
109 513
109 572
109 575
109 682
109 686
109 770
109 823
109 975
109 145
110 378
110 650
110 653
110 753
110 885
110 139
111 201
112 143
112 176
112 207
112 389
112 412
112 421
112 466
112 491
112 559
112 633
112 656
112 676
112 681
112 777
112 781
112 795
112 864
112 889
112 891
112 907
112 928
112 939
112 973
112 990
113 130
113 244
113 310
113 319
113 377
113 424
113 643
113 654
113 732
113 824
114 206
114 241
114 324
114 444
114 486
114 541
114 552
114 564
114 607
114 784
114 810
114 906
114 921
115 848
116 505
117 129
117 312
117 870
118 162
118 305
118 515
118 639
118 727
118 837
118 145
119 234
119 566
119 586
120 156
120 170
120 202
120 352
120 376
120 475
120 586
120 661
120 742
120 743
122 133
122 200
122 219
122 373
122 442
122 553
122 657
122 662
123 158
123 160
124 286
124 375
124 478
124 668
124 708
124 875
124 967
124 130
124 134
126 167
127 266
127 273
127 536
127 185
128 139
128 281
128 563
129 146
129 295
129 328
129 384
129 393
129 397
129 415
129 519
129 579
129 659
129 664
129 698
129 776
129 808
129 816
129 873
129 901
129 961
130 271
130 660
130 783
130 132
130 136
130 144
130 148
131 991
133 918
135 341
136 139
136 200
136 675
137 417
137 418
138 301
138 339
138 567
138 691
138 813
138 890
138 929
139 159
139 489
139 500
139 511
139 672
139 673
139 712
139 785
139 811
139 812
139 877
139 925
140 179
141 438
141 625
141 635
141 684
141 690
141 697
142 984
143 298
143 463
144 159
145 592
145 603
145 717
145 803
146 163
146 226
146 263
146 411
146 473
146 498
146 499
146 520
146 568
146 602
146 652
146 842
147 199
147 290
147 347
147 613
147 794
147 994
148 222
149 194
149 315
149 359
149 401
149 472
149 616
149 752
150 576
150 636
150 730
150 731
150 756
151 880
152 692
152 780
152 904
153 314
153 453
153 746
156 202
166 198
