0 1
0 2
0 3
0 4
0 6
0 9
0 10
0 11
0 13
0 19
0 25
0 30
0 31
0 33
0 34
0 36
0 38
0 39
0 41
0 42
0 46
0 47
0 49
0 50
0 55
0 56
0 58
0 59
0 61
0 66
0 67
0 68
0 74
0 76
0 77
0 81
0 82
0 84
0 93
0 95
0 97
0 99
0 101
0 103
0 107
0 108
0 110
0 114
0 121
0 129
0 130
0 132
0 133
0 134
0 137
0 143
0 145
0 151
0 156
0 161
0 163
0 164
0 165
0 169
0 171
0 172
0 177
0 179
0 181
0 185
0 195
0 198
0 210
0 280
0 292
0 293
0 306
0 332
0 366
0 394
0 406
0 428
0 449
0 450
0 472
0 497
0 526
0 568
0 572
0 596
0 602
0 603
0 613
0 629
0 646
0 657
0 677
0 708
0 709
0 745
0 753
0 755
0 768
0 793
0 844
0 848
0 870
0 871
0 901
0 905
0 930
0 938
0 940
0 971
0 998
1 2
1 3
1 4
1 5
1 7
1 9
1 16
1 21
1 23
1 29
1 37
1 41
1 43
1 44
1 46
1 47
1 52
1 55
1 57
1 59
1 60
1 61
1 62
1 63
1 72
1 75
1 82
1 86
1 92
1 93
1 101
1 107
1 109
1 119
1 120
1 121
1 125
1 126
1 127
1 133
1 134
1 142
1 144
1 145
1 147
1 151
1 153
1 166
1 170
1 179
1 183
1 190
1 191
1 192
1 193
1 202
1 204
1 217
1 236
1 258
1 261
1 273
1 275
1 327
1 354
1 355
1 401
1 403
1 418
1 464
1 481
1 494
1 501
1 591
1 600
1 605
1 644
1 668
1 702
1 703
1 737
1 833
1 856
1 929
1 943
1 988
2 3
2 7
2 8
2 12
2 22
2 40
2 58
2 66
2 68
2 79
2 120
2 122
2 142
2 147
2 158
2 203
2 232
2 235
2 434
2 564
2 610
2 797
2 803
2 908
2 982
3 4
3 7
3 12
3 26
3 44
3 45
3 59
3 63
3 70
3 81
3 85
3 90
3 93
3 106
3 115
3 120
3 123
3 138
3 148
3 153
3 159
3 160
3 169
3 170
3 174
3 186
3 191
3 196
3 201
3 246
3 281
3 330
3 448
3 460
3 506
3 522
3 596
3 627
3 640
3 714
3 716
3 738
3 758
3 766
3 769
3 810
3 841
3 861
3 903
3 948
4 8
4 9
4 13
4 14
4 17
4 20
4 29
4 36
4 44
4 49
4 54
4 69
4 73
4 84
4 86
4 99
4 105
4 106
4 140
4 141
4 165
4 171
4 181
4 194
4 200
4 242
4 263
4 267
4 289
4 297
4 405
4 425
4 436
4 447
4 466
4 478
4 510
4 525
4 528
4 546
4 548
4 551
4 562
4 585
4 622
4 624
4 649
4 659
4 666
4 688
4 692
4 723
4 730
4 742
4 752
4 757
4 783
4 798
4 821
4 869
4 909
4 914
4 919
4 931
4 962
4 969
4 973
4 974
4 976
4 985
5 6
5 8
5 15
5 18
5 28
5 38
5 48
5 62
5 78
5 79
5 80
5 97
5 101
5 112
5 135
5 148
5 254
5 257
5 333
5 387
5 476
5 488
5 520
5 573
5 673
5 679
5 694
5 747
5 749
5 760
5 859
5 891
5 944
5 960
5 980
5 990
6 15
6 52
6 71
6 149
6 195
6 633
6 674
6 751
6 140
6 142
6 7
6 9
6 12
6 13
6 20
6 23
6 29
6 34
6 42
6 46
6 47
6 50
6 51
6 57
6 59
6 83
6 90
6 99
6 112
6 115
6 146
6 148
7 12
7 42
7 191
7 440
7 788
7 140
7 142
7 9
7 11
7 18
7 27
7 69
7 70
7 128
8 11
8 14
8 16
8 17
8 28
8 32
8 33
8 35
8 38
8 48
8 76
8 87
8 96
8 102
8 111
8 146
8 155
8 164
8 173
8 180
8 196
8 197
8 218
8 276
8 278
8 283
8 339
8 342
8 372
8 375
8 443
8 485
8 495
8 498
8 505
8 512
8 519
8 538
8 547
8 588
8 616
8 619
8 650
8 687
8 712
8 713
8 717
8 718
8 737
8 746
8 777
8 786
8 807
8 809
8 815
8 823
8 828
8 837
8 839
8 843
8 863
8 896
8 906
8 907
8 913
8 923
8 926
8 928
8 934
8 950
8 981
8 142
8 36
8 95
9 10
9 13
9 54
9 73
9 139
9 264
9 384
9 418
9 514
9 579
9 618
9 872
9 142
9 11
9 40
9 44
9 71
9 95
9 112
9 150
9 151
10 19
10 31
10 441
11 636
11 140
11 13
11 14
11 15
11 17
11 18
11 19
11 22
11 26
11 35
11 77
11 96
11 133
12 22
12 46
12 50
12 51
12 490
12 937
12 968
12 140
12 25
12 42
12 57
12 89
12 92
12 116
13 17
13 27
13 29
13 30
13 36
13 43
13 45
13 49
13 53
13 65
13 69
13 89
13 105
13 131
13 134
13 137
13 162
13 172
13 203
13 239
13 248
13 250
13 294
13 307
13 356
13 364
13 371
13 393
13 424
13 431
13 444
13 468
13 550
13 570
13 595
13 613
13 645
13 656
13 701
13 715
13 736
13 743
13 744
13 778
13 790
13 818
13 829
13 874
13 880
13 895
13 910
13 951
13 964
13 967
13 977
14 17
14 23
14 26
14 27
14 34
14 35
14 37
14 42
14 46
14 51
14 67
14 88
14 89
14 94
14 113
14 115
14 116
14 129
14 130
14 138
14 150
14 155
14 162
14 215
14 295
14 385
14 402
14 408
14 430
14 461
14 516
14 532
14 535
14 542
14 558
14 581
14 632
14 662
14 667
14 676
14 682
14 685
14 699
14 704
14 735
14 741
14 750
14 762
14 763
14 786
14 791
14 801
14 819
14 826
14 827
14 854
14 878
14 883
14 925
14 946
14 952
14 963
14 142
14 141
14 169
15 18
15 56
15 62
15 68
15 85
15 754
15 142
15 16
15 20
15 23
15 25
15 32
15 41
15 47
15 49
15 67
15 75
15 89
15 111
15 137
15 140
15 150
16 33
16 38
16 48
16 87
16 102
16 128
16 197
16 296
16 537
16 56
16 76
16 122
16 135
16 143
17 35
17 64
17 83
17 208
17 212
17 506
17 770
17 839
17 864
17 140
17 33
17 67
17 110
18 63
18 70
18 97
18 136
18 284
18 349
18 395
18 507
18 517
18 725
18 775
18 889
18 142
18 27
18 48
18 51
18 99
18 105
18 137
19 211
19 368
19 487
19 983
19 32
20 140
20 200
21 147
21 576
22 24
22 34
22 67
22 75
22 115
22 138
22 150
22 186
22 189
22 207
22 225
22 358
22 391
22 483
22 508
22 518
22 582
22 631
22 855
22 918
22 104
22 110
22 114
22 142
23 24
23 25
23 93
23 114
23 116
23 150
23 202
23 360
23 421
23 496
23 545
23 592
23 651
23 678
23 740
23 805
23 179
24 37
24 40
24 358
24 445
24 892
25 346
25 474
25 583
25 43
25 55
25 123
25 135
26 52
26 193
27 808
27 34
27 109
28 922
28 954
28 154
29 47
29 65
29 185
29 206
29 327
29 335
29 428
29 439
29 578
29 589
29 719
29 920
29 53
29 75
29 90
29 116
29 139
30 64
30 91
31 194
31 544
31 171
32 117
32 127
33 72
33 173
33 695
34 188
34 202
34 470
34 690
34 698
34 886
34 918
34 48
35 69
35 94
35 98
35 174
35 300
35 691
35 704
36 180
36 78
37 178
37 563
37 594
37 142
37 140
38 78
38 96
38 118
38 132
38 303
38 374
38 451
38 655
38 707
38 796
38 840
39 77
39 675
39 184
40 184
40 313
40 705
40 866
40 90
40 111
41 92
41 150
41 324
41 377
41 552
41 748
41 774
41 938
41 140
41 44
41 69
41 73
41 101
41 109
41 113
41 120
41 147
42 55
42 168
42 179
42 245
42 315
42 325
42 352
42 353
42 503
42 540
42 556
42 52
42 80
42 91
42 105
42 126
44 47
44 269
44 426
44 438
44 471
44 643
44 830
44 845
44 88
44 104
45 61
45 91
45 105
45 234
45 249
45 253
45 259
45 274
45 357
45 362
45 367
45 398
45 477
45 530
45 560
45 561
45 590
45 604
45 635
45 656
45 658
45 680
45 773
45 831
45 838
45 853
45 875
45 140
46 340
46 865
46 142
46 49
46 54
46 178
47 109
47 141
47 287
47 309
47 341
47 363
47 382
47 398
47 527
47 534
47 548
47 670
47 776
47 898
47 984
47 987
47 997
47 97
47 152
48 60
48 87
48 127
48 158
48 442
48 623
48 802
48 67
49 176
49 299
49 319
49 320
49 924
49 959
49 127
50 188
50 129
50 146
51 160
51 383
51 409
51 475
51 739
51 957
51 142
52 71
52 103
52 190
53 203
53 539
53 834
54 761
55 115
55 116
55 462
55 536
55 569
55 877
55 945
55 965
55 189
56 62
56 100
58 835
58 140
58 87
58 126
59 88
59 190
59 237
59 238
59 271
59 288
59 305
59 351
59 378
59 415
59 455
59 456
59 463
59 482
59 489
59 521
59 577
59 598
59 612
59 617
59 672
59 693
59 726
59 740
59 847
59 915
59 916
59 939
59 953
59 955
59 140
60 850
61 74
61 87
61 117
61 118
61 177
61 219
61 359
61 361
61 397
61 400
61 499
61 541
61 543
61 614
61 630
61 654
61 665
61 789
61 800
61 862
61 935
61 995
62 143
62 565
62 787
63 80
63 123
63 195
63 199
63 227
63 369
63 694
63 806
63 890
64 411
64 615
64 816
64 142
64 124
64 198
65 117
65 131
65 323
65 365
65 458
65 502
65 728
65 804
65 846
65 999
66 100
66 110
66 142
66 140
67 310
67 336
67 888
67 946
67 138
68 308
68 338
68 626
68 961
69 83
69 89
69 113
69 222
69 230
69 452
69 553
69 554
69 711
69 734
70 71
70 227
70 241
70 247
70 473
70 724
70 732
70 947
71 201
71 220
71 223
71 376
71 396
71 970
73 900
74 127
74 301
74 322
74 422
74 653
74 902
75 100
75 101
75 125
76 146
76 192
76 228
76 609
77 140
77 85
78 469
78 197
79 90
79 124
79 904
80 772
81 130
81 182
81 822
82 290
82 435
82 580
82 639
82 647
82 681
83 140
84 180
84 198
84 557
84 638
84 943
84 958
86 450
86 637
86 820
86 842
86 932
86 972
87 100
87 154
87 205
87 244
87 252
87 722
87 731
87 765
87 779
88 266
88 321
88 531
88 153
90 104
90 152
90 192
90 279
90 420
90 565
90 671
90 697
90 720
90 782
90 792
90 847
90 867
90 899
90 966
90 98
90 102
90 103
90 128
91 107
91 260
91 515
91 771
91 927
91 142
92 413
92 142
92 125
93 404
93 529
93 884
95 114
95 419
95 698
95 727
96 100
96 453
97 229
98 262
99 286
99 611
99 781
99 107
100 102
100 124
100 126
100 128
100 152
100 157
100 159
100 161
100 167
100 173
100 199
100 201
100 256
100 257
100 317
100 326
100 511
100 513
100 533
100 593
100 607
100 608
100 620
100 642
100 648
100 684
100 686
100 729
100 759
100 812
100 832
100 858
100 933
100 970
100 989
100 993
100 140
100 164
101 121
101 454
101 555
101 756
101 942
101 142
101 150
102 277
102 379
102 566
102 696
102 731
103 893
104 129
105 163
105 203
106 780
106 140
107 165
107 181
107 380
107 405
107 706
107 846
107 857
108 240
108 291
108 427
108 634
108 721
108 917
109 337
109 165
111 392
111 606
111 652
111 660
111 661
111 851
111 868
111 978
112 164
112 316
112 417
112 524
112 621
112 689
112 700
112 814
112 936
112 977
112 986
112 116
113 200
113 311
113 733
114 125
114 184
114 272
114 597
114 625
114 817
114 912
115 329
115 601
116 270
116 314
116 399
116 584
117 243
117 500
118 253
118 432
118 140
118 161
119 176
119 233
119 410
119 429
119 463
119 467
119 492
119 599
119 628
119 979
119 199
120 318
120 825
120 121
121 174
121 176
121 187
121 200
121 282
121 343
121 348
121 370
121 414
121 437
121 479
121 480
121 484
121 486
121 574
121 622
121 626
121 764
121 784
121 794
121 811
121 878
121 894
121 897
121 921
121 941
121 949
121 992
121 994
121 195
123 265
123 849
123 151
124 224
124 373
124 799
125 193
125 255
125 956
126 152
126 887
126 140
127 128
127 446
127 512
127 664
127 824
127 860
127 881
127 130
127 138
127 144
128 216
128 328
128 386
128 390
128 457
128 493
128 567
128 587
128 767
129 176
129 304
129 433
131 996
132 136
132 148
132 231
132 285
132 345
132 509
132 650
132 785
132 873
134 163
134 795
135 153
136 549
137 166
137 347
137 412
137 557
137 911
137 155
138 185
138 209
138 214
138 302
138 470
138 504
138 669
138 683
138 876
138 163
139 226
139 334
139 140
140 177
140 397
140 407
140 491
140 885
140 147
142 381
142 465
142 523
142 571
142 641
143 175
143 416
143 423
143 852
144 575
144 149
144 167
146 173
148 331
148 882
149 389
149 152
150 213
150 221
150 251
150 312
150 344
150 350
150 388
150 663
150 813
150 879
150 991
151 586
151 710
152 298
152 459
152 559
152 836
152 975
153 268
154 161
156 162
165 181
168 188
179 183
