0 1
0 2
0 3
0 4
0 6
0 7
0 10
0 11
0 15
0 23
0 25
0 26
0 27
0 34
0 35
0 53
0 58
0 60
0 62
0 68
0 74
0 76
0 88
0 90
0 94
0 95
0 97
0 101
0 117
0 121
0 123
0 126
0 130
0 133
0 138
0 143
0 145
0 146
0 147
0 153
0 159
0 164
0 166
0 167
0 168
0 187
0 188
0 191
0 193
0 207
0 233
0 269
0 280
0 321
0 336
0 375
0 402
0 414
0 498
0 510
0 535
0 602
0 605
0 634
0 683
0 706
0 728
0 754
0 789
0 839
0 857
0 866
0 871
0 895
0 972
0 995
0 999
1 2
1 3
1 4
1 5
1 7
1 8
1 9
1 11
1 25
1 31
1 34
1 38
1 42
1 43
1 44
1 49
1 50
1 56
1 60
1 62
1 64
1 70
1 72
1 75
1 77
1 79
1 82
1 89
1 90
1 91
1 94
1 107
1 113
1 118
1 120
1 122
1 124
1 125
1 132
1 133
1 137
1 141
1 147
1 148
1 151
1 154
1 157
1 160
1 165
1 166
1 168
1 171
1 173
1 174
1 176
1 178
1 182
1 186
1 188
1 191
1 198
1 199
1 201
1 209
1 260
1 380
1 398
1 407
1 420
1 421
1 471
1 484
1 485
1 490
1 541
1 575
1 609
1 613
1 614
1 639
1 651
1 680
1 702
1 732
1 742
1 747
1 750
1 775
1 815
1 838
1 856
1 865
1 936
1 941
1 956
1 958
2 3
2 6
2 9
2 13
2 14
2 22
2 23
2 24
2 27
2 28
2 33
2 46
2 47
2 64
2 65
2 68
2 79
2 91
2 96
2 98
2 100
2 106
2 108
2 117
2 125
2 139
2 152
2 162
2 163
2 169
2 171
2 194
2 203
2 222
2 255
2 264
2 345
2 428
2 498
2 518
2 525
2 526
2 547
2 602
2 607
2 671
2 734
2 780
2 881
2 900
2 911
2 937
2 980
2 990
3 4
3 5
3 6
3 10
3 12
3 14
3 20
3 22
3 24
3 32
3 39
3 48
3 50
3 51
3 53
3 58
3 60
3 61
3 65
3 72
3 74
3 83
3 84
3 86
3 101
3 102
3 103
3 112
3 114
3 115
3 126
3 128
3 131
3 132
3 135
3 140
3 142
3 144
3 157
3 161
3 165
3 174
3 179
3 188
3 197
3 202
3 219
3 240
3 288
3 383
3 458
3 515
3 517
3 576
3 641
3 719
3 752
3 771
3 796
3 824
3 853
3 892
3 908
3 932
3 934
3 965
3 993
4 9
4 15
4 16
4 38
4 122
4 158
4 277
4 540
4 704
4 740
4 785
4 802
4 39
4 14
4 5
4 7
4 11
4 12
4 20
4 30
4 36
4 54
4 73
4 79
4 96
4 104
4 123
4 129
4 131
5 13
5 19
5 57
5 138
5 186
5 242
5 336
5 467
5 493
5 532
5 693
5 756
5 814
5 940
5 39
5 6
5 8
5 11
5 18
5 21
5 25
5 40
5 48
5 66
5 68
5 70
5 97
5 110
5 112
5 120
6 12
6 26
6 29
6 43
6 46
6 48
6 55
6 81
6 110
6 127
6 139
6 162
6 229
6 236
6 317
6 358
6 368
6 459
6 653
6 674
6 681
6 770
6 812
6 829
6 904
6 949
6 14
6 15
6 16
6 20
6 23
6 33
6 35
6 73
6 75
6 133
7 17
7 18
7 20
7 37
7 63
7 77
7 278
7 363
7 384
7 393
7 494
7 572
7 640
7 996
7 14
7 29
7 51
8 19
8 71
8 360
8 401
8 691
8 855
8 39
8 10
8 14
8 15
8 18
8 36
8 50
8 56
8 112
9 15
9 47
9 76
9 167
9 190
9 652
10 14
10 21
10 222
10 552
11 17
11 21
11 31
11 36
11 67
11 70
11 83
11 95
11 113
11 180
11 212
11 227
11 295
11 303
11 324
11 374
11 504
11 512
11 629
11 744
11 923
11 39
12 29
12 46
12 61
12 65
12 125
12 153
12 162
12 192
12 210
12 256
12 403
12 435
12 529
12 569
12 587
12 635
12 656
12 809
12 878
12 885
12 39
12 14
12 37
12 45
12 64
12 95
12 121
12 197
13 19
13 30
13 73
13 151
13 186
13 720
13 39
13 14
13 21
13 135
14 62
14 474
14 581
14 695
14 699
14 16
14 18
14 24
14 25
14 26
14 36
14 48
14 75
14 118
14 130
15 16
15 33
15 49
15 173
15 179
15 270
15 309
15 668
15 723
15 927
16 22
16 158
16 331
16 20
16 30
16 39
16 41
16 59
16 71
16 81
16 92
16 134
17 18
17 85
18 28
18 45
18 67
18 93
18 151
18 181
18 185
18 279
18 431
18 509
18 534
18 564
18 571
18 593
18 597
18 603
18 626
18 660
18 667
18 715
18 791
18 794
18 806
18 811
18 843
18 847
18 877
18 931
18 942
18 955
18 974
18 22
18 37
18 39
18 52
18 96
18 98
18 139
19 28
19 45
19 172
19 479
19 481
19 549
19 624
19 748
19 186
20 39
20 54
20 83
20 99
20 165
20 176
20 433
20 519
20 34
20 35
20 44
20 52
20 67
20 91
20 132
21 31
21 678
21 842
21 984
22 24
22 63
22 70
22 127
22 153
23 27
23 31
23 32
23 52
23 62
23 63
23 66
23 92
23 97
23 100
23 104
23 108
23 124
23 144
23 155
23 169
23 175
23 182
23 195
23 200
23 276
23 306
23 386
23 389
23 392
23 396
23 397
23 455
23 460
23 487
23 492
23 502
23 508
23 538
23 555
23 579
23 611
23 621
23 623
23 637
23 642
23 657
23 688
23 696
23 707
23 737
23 766
23 792
23 800
23 833
23 836
23 846
23 879
23 909
23 921
23 933
23 935
23 954
23 971
23 975
23 978
23 983
23 989
23 39
23 53
23 101
24 84
24 201
24 258
24 296
24 322
24 340
24 342
24 480
24 28
25 29
25 88
25 686
25 905
25 33
25 41
25 63
25 79
25 99
25 150
26 39
26 43
26 74
26 102
26 106
26 195
26 251
26 271
26 293
26 308
26 325
26 371
26 413
26 432
26 450
26 491
26 559
26 616
26 618
26 636
26 663
26 697
26 699
26 733
26 735
26 771
26 781
26 793
26 827
26 864
26 916
27 32
27 40
27 805
28 30
28 41
28 45
28 71
28 119
28 354
28 404
28 524
28 826
28 831
28 947
28 973
28 116
29 69
29 307
29 325
29 350
29 503
29 746
29 809
29 850
29 886
29 32
29 47
29 55
29 58
29 59
29 64
29 71
29 106
30 191
30 259
30 630
30 710
30 749
30 62
31 36
31 54
31 67
31 80
31 116
31 203
31 434
31 533
31 852
31 876
31 185
32 35
32 50
32 51
32 52
32 66
32 100
32 136
32 146
32 177
32 200
32 230
32 244
32 254
32 300
32 424
32 430
32 453
32 463
32 548
32 633
32 650
32 672
32 688
32 738
32 803
32 913
32 951
32 40
32 108
33 42
33 64
33 243
33 528
33 670
33 675
33 761
33 945
33 173
34 41
34 57
34 232
34 312
34 465
34 902
34 985
34 94
35 59
35 338
35 778
35 49
35 109
35 153
35 200
36 63
36 287
36 319
36 86
37 49
37 87
37 101
38 286
38 849
38 920
39 83
39 87
39 290
39 454
39 539
39 713
39 818
39 858
39 867
39 46
39 50
39 88
39 116
39 151
39 166
39 170
40 52
40 149
40 315
40 46
40 53
40 74
40 88
40 89
40 114
40 125
41 78
41 123
41 181
41 439
41 496
41 979
42 61
42 94
42 107
42 341
42 357
43 436
44 557
46 185
46 685
46 834
46 55
46 65
46 81
46 147
47 122
47 136
47 273
47 438
47 560
47 628
47 108
48 74
48 488
48 63
48 76
48 83
48 128
48 143
49 121
49 253
49 687
49 716
49 783
49 807
49 828
49 976
49 88
49 134
50 89
50 257
50 283
50 362
50 387
50 418
50 429
50 462
50 554
50 617
50 822
50 884
50 896
50 944
50 105
51 98
51 189
51 238
52 98
52 349
52 117
52 137
53 55
53 72
53 81
53 196
53 328
53 760
53 964
53 140
54 76
54 133
54 198
54 228
54 426
54 570
54 648
54 675
54 741
54 799
54 823
54 899
54 945
54 988
54 179
55 103
55 415
55 464
55 753
55 850
55 58
55 113
55 126
55 128
56 78
56 111
56 114
56 115
56 156
56 173
56 261
56 275
56 326
56 334
56 339
56 423
56 615
56 684
56 729
56 765
56 943
56 948
56 967
57 199
57 370
58 249
58 627
58 690
58 854
58 921
58 114
58 152
59 226
59 440
59 473
59 606
59 654
59 659
59 709
59 969
59 986
59 177
60 131
60 280
60 282
60 382
60 495
60 731
60 870
60 981
61 84
61 103
61 112
61 127
61 128
61 187
61 239
61 285
61 353
61 356
61 406
61 448
61 486
61 507
61 574
61 632
61 677
61 724
61 777
61 817
61 832
61 835
61 868
61 872
61 875
61 890
61 930
61 946
61 992
61 168
62 114
62 129
62 152
62 224
62 297
62 411
62 521
62 553
62 764
62 773
62 798
62 843
62 861
62 924
62 957
62 987
62 67
62 72
62 96
62 171
63 70
63 85
63 93
63 96
63 116
63 184
63 550
63 797
63 844
63 148
64 150
64 153
64 154
64 190
64 216
64 298
64 343
64 352
64 372
64 422
64 501
64 522
64 542
64 582
64 692
64 708
64 758
64 805
64 907
64 912
65 221
65 316
65 99
66 200
66 499
66 87
66 90
66 145
67 84
67 87
67 128
67 150
67 157
67 170
67 184
67 250
67 266
67 274
67 472
67 562
67 747
67 889
67 897
68 190
68 201
68 218
68 247
68 551
68 584
68 608
68 662
68 837
69 72
69 91
69 109
69 192
69 523
69 568
69 600
69 647
69 717
69 768
69 840
70 246
70 311
70 367
70 443
70 445
70 446
70 786
70 859
71 119
71 346
71 441
71 103
71 108
71 121
71 125
71 148
72 225
72 395
72 516
72 590
72 888
72 994
73 592
74 101
74 105
74 113
74 395
74 595
74 85
75 347
76 284
76 631
76 757
76 929
76 97
76 194
77 721
77 869
78 79
78 87
78 179
78 604
78 694
78 751
78 164
79 198
79 220
79 241
79 310
79 313
79 388
79 408
79 437
79 442
79 468
79 527
79 537
79 544
79 693
79 712
79 898
79 952
79 144
80 938
81 329
81 107
81 178
83 93
83 248
83 265
83 449
83 478
83 512
83 596
83 149
84 117
84 583
84 714
85 89
85 134
85 202
85 591
85 795
85 110
86 105
86 136
87 118
87 399
87 689
87 730
87 126
87 150
88 573
89 137
89 144
89 180
89 203
89 205
89 223
89 237
89 294
89 299
89 315
89 419
89 530
89 577
89 601
89 638
89 739
89 782
89 813
89 880
89 883
89 891
89 968
89 991
89 998
90 92
90 177
90 213
90 369
90 469
90 483
90 543
90 555
90 556
90 588
90 873
90 882
90 939
90 109
91 109
91 323
91 390
91 625
92 136
93 169
93 456
93 565
93 825
93 830
93 862
93 887
94 154
94 158
94 194
94 218
94 646
94 914
94 953
95 245
96 513
97 374
97 903
97 102
97 117
98 189
98 263
98 301
98 389
98 427
100 104
100 545
100 736
101 351
101 679
102 447
103 125
103 192
103 364
103 410
103 506
103 511
103 531
103 612
103 620
103 649
103 665
103 808
103 918
103 959
104 177
104 292
104 378
104 963
105 141
105 193
105 318
105 755
105 127
109 135
109 162
109 359
109 377
109 655
109 930
109 960
109 113
110 221
111 219
112 894
113 355
113 788
113 845
113 915
113 962
113 155
114 115
114 148
114 235
114 586
114 619
114 666
114 759
114 801
114 821
114 970
114 997
115 140
115 373
115 417
116 217
116 407
116 580
116 705
116 901
117 762
118 211
118 231
118 381
118 470
118 644
119 126
119 159
119 214
119 578
119 181
119 191
120 129
120 132
120 267
120 366
120 475
120 520
120 558
120 566
120 816
120 819
120 860
120 917
120 175
120 189
122 622
122 790
123 262
123 291
123 333
123 412
123 563
124 405
124 500
124 585
125 444
125 561
125 787
125 841
125 918
126 156
126 376
126 461
126 489
126 725
127 353
127 457
127 711
127 767
127 829
128 268
128 385
128 514
128 610
128 645
128 664
128 784
128 925
129 206
129 893
129 961
129 140
131 361
131 703
132 145
132 183
132 199
132 215
132 252
132 302
132 332
132 400
132 452
132 477
132 482
132 722
132 724
132 746
132 769
132 774
132 851
132 928
133 471
133 151
133 188
134 180
135 305
135 391
135 544
136 149
136 182
136 327
136 330
136 337
136 362
136 365
136 379
136 394
136 409
136 466
136 589
136 598
136 658
136 661
136 669
136 673
136 701
136 763
136 779
136 804
136 926
136 966
136 977
137 204
137 743
138 160
138 335
138 348
138 425
138 536
138 546
138 567
138 599
138 682
138 863
138 910
138 174
139 304
139 497
140 919
141 698
142 726
142 772
142 776
142 982
143 146
144 175
144 314
145 594
145 718
145 810
145 848
145 198
146 369
146 451
146 676
146 727
147 172
147 289
147 874
148 208
148 320
148 476
148 505
148 745
148 820
148 906
148 159
150 272
150 643
150 966
151 281
151 344
151 416
151 924
151 950
152 234
153 700
153 922
156 160
158 198
169 176
