0 1
0 2
0 3
0 4
0 10
0 15
0 19
0 22
0 24
0 25
0 27
0 28
0 31
0 39
0 42
0 52
0 59
0 61
0 72
0 85
0 88
0 93
0 99
0 101
0 103
0 121
0 123
0 125
0 128
0 132
0 136
0 150
0 154
0 155
0 170
0 175
0 179
0 180
0 182
0 183
0 185
0 186
0 189
0 191
0 194
0 196
0 204
0 239
0 259
0 270
0 284
0 286
0 298
0 299
0 318
0 387
0 406
0 455
0 465
0 491
0 538
0 542
0 580
0 661
0 671
0 701
0 720
0 775
0 805
0 829
0 830
0 865
1 2
1 3
1 4
1 5
1 6
1 8
1 10
1 20
1 33
1 36
1 40
1 54
1 77
1 88
1 103
1 104
1 105
1 135
1 144
1 147
1 154
1 160
1 163
1 167
1 175
1 184
1 302
1 355
1 372
1 392
1 443
1 493
1 536
1 566
1 607
1 666
1 737
1 851
1 953
1 955
1 973
2 3
2 4
2 5
2 18
2 32
2 40
2 45
2 54
2 60
2 67
2 76
2 82
2 83
2 84
2 102
2 110
2 123
2 128
2 142
2 144
2 145
2 150
2 156
2 163
2 172
2 174
2 185
2 248
2 305
2 375
2 379
2 454
2 489
2 530
2 543
2 568
2 629
2 651
2 783
2 809
2 994
3 4
3 7
3 11
3 44
3 51
3 59
3 66
3 72
3 74
3 85
3 87
3 91
3 129
3 134
3 151
3 157
3 168
3 169
3 174
3 182
3 185
3 186
3 198
3 203
3 205
3 231
3 422
3 447
3 477
3 557
3 609
3 819
3 917
3 936
3 937
4 6
4 11
4 16
4 19
4 20
4 26
4 32
4 42
4 47
4 56
4 60
4 69
4 75
4 83
4 100
4 106
4 112
4 116
4 117
4 118
4 151
4 157
4 159
4 163
4 164
4 175
4 176
4 180
4 188
4 192
4 197
4 200
4 242
4 251
4 253
4 279
4 283
4 287
4 297
4 309
4 325
4 411
4 480
4 492
4 519
4 528
4 540
4 584
4 658
4 692
4 706
4 719
4 721
4 779
4 890
4 895
4 940
4 969
4 986
5 9
5 23
5 44
5 62
5 104
5 143
5 148
5 227
5 412
5 637
5 736
5 908
5 43
5 6
5 12
5 17
5 21
5 60
5 70
5 74
5 86
5 128
5 136
6 12
6 108
6 432
6 532
6 877
6 954
6 10
6 13
6 35
6 37
6 66
6 94
6 99
6 101
6 119
6 142
7 9
7 15
7 35
7 49
7 56
7 101
7 178
7 181
7 500
7 43
7 24
8 12
8 14
8 86
8 108
8 112
8 137
8 199
8 221
8 312
8 390
8 425
8 478
8 644
8 825
8 910
9 11
9 20
9 23
9 35
9 37
9 41
9 46
9 49
9 62
9 76
9 77
9 80
9 105
9 117
9 174
9 190
9 218
9 226
9 229
9 233
9 256
9 301
9 342
9 393
9 397
9 421
9 427
9 439
9 501
9 504
9 553
9 587
9 602
9 606
9 614
9 635
9 640
9 652
9 665
9 682
9 695
9 696
9 699
9 725
9 789
9 804
9 808
9 826
9 847
9 868
9 869
9 874
9 901
9 902
9 905
9 907
9 915
9 919
9 923
9 931
9 934
9 949
9 959
9 964
9 970
9 981
9 984
9 43
9 151
10 12
10 14
10 17
10 22
10 36
10 50
10 52
10 60
10 71
10 82
10 90
10 100
10 141
10 142
10 155
10 167
10 171
10 195
10 200
10 327
10 336
10 394
10 401
10 472
10 475
10 512
10 516
10 527
10 551
10 555
10 559
10 578
10 619
10 638
10 639
10 642
10 656
10 675
10 680
10 691
10 722
10 734
10 752
10 754
10 806
10 816
10 837
10 849
10 854
10 921
10 938
10 944
10 978
10 982
10 985
11 13
11 23
11 27
11 30
11 31
11 34
11 37
11 48
11 53
11 57
11 58
11 68
11 69
11 75
11 76
11 81
11 102
11 107
11 124
11 143
11 158
11 168
11 182
11 250
11 320
11 368
11 371
11 373
11 426
11 435
11 438
11 457
11 464
11 470
11 486
11 502
11 507
11 518
11 523
11 526
11 548
11 567
11 574
11 581
11 599
11 600
11 621
11 662
11 686
11 693
11 709
11 716
11 765
11 767
11 768
11 771
11 774
11 785
11 790
11 812
11 817
11 821
11 827
11 841
11 843
11 857
11 867
11 874
11 896
11 911
11 912
11 929
11 932
11 956
11 993
11 999
11 43
11 54
12 21
12 29
12 30
12 60
12 70
12 90
12 112
12 125
12 292
12 340
12 351
12 544
12 575
12 687
12 763
12 766
12 802
12 877
12 909
12 952
12 105
13 48
13 43
13 18
13 20
13 26
13 34
13 36
13 39
13 51
13 59
13 78
13 83
13 96
13 102
13 108
13 128
13 131
13 139
13 144
14 85
14 440
14 43
15 35
15 46
15 67
15 122
15 135
15 153
15 181
15 328
15 415
15 576
15 756
15 941
15 178
16 119
16 490
17 38
17 45
17 324
17 679
17 43
17 18
17 33
17 40
17 54
17 68
17 188
18 43
18 55
18 119
18 336
18 462
18 619
18 678
18 759
18 899
18 22
18 23
18 34
18 45
18 51
18 65
18 84
18 130
19 55
19 59
19 469
20 118
20 138
20 152
20 153
20 172
20 310
20 347
20 377
20 757
20 876
20 924
20 43
20 140
21 37
21 77
21 135
22 24
22 25
22 40
22 45
22 56
22 64
22 220
22 247
22 793
22 75
22 142
23 37
23 81
23 143
23 214
23 244
23 278
23 326
23 333
23 420
23 458
23 513
23 593
23 613
23 615
23 616
23 694
23 726
23 728
23 755
23 822
23 918
23 920
23 43
24 25
24 36
24 43
24 98
24 146
24 156
24 255
24 269
24 524
24 594
24 608
24 625
24 645
24 677
24 798
24 820
24 853
25 27
25 45
25 65
25 69
25 111
25 114
25 136
25 156
25 177
25 238
25 341
25 388
25 391
25 420
25 431
25 453
25 505
25 546
25 611
25 650
25 668
25 731
25 738
25 760
25 770
25 778
25 845
25 870
25 879
25 906
25 916
25 922
25 988
25 990
26 119
26 138
26 198
26 252
26 266
26 303
26 330
26 449
26 450
26 479
26 577
26 603
26 714
26 717
26 880
26 891
26 976
26 31
26 55
26 77
26 100
26 117
26 149
26 153
27 32
27 33
27 39
27 63
27 121
27 272
27 398
27 444
27 520
27 589
27 654
27 745
27 794
27 857
27 906
28 94
28 133
28 162
28 206
28 267
28 400
28 442
28 511
28 585
28 708
28 715
28 786
28 811
28 887
29 246
29 898
30 384
30 550
30 676
30 796
30 872
31 53
31 109
31 389
31 781
31 824
31 35
31 52
31 192
32 37
32 84
32 89
32 109
32 174
32 357
32 382
32 395
32 411
32 437
32 448
32 463
32 534
32 565
32 653
32 655
32 800
32 856
32 873
32 928
32 942
32 975
33 165
34 271
34 434
34 46
34 79
34 87
34 152
35 98
35 120
35 225
35 321
35 695
35 43
35 44
35 47
35 49
35 80
35 83
35 106
35 110
35 113
36 46
37 140
37 210
37 224
37 727
37 810
37 852
37 40
37 82
37 108
37 138
39 610
39 43
39 97
40 58
40 61
40 84
40 96
40 110
40 146
40 164
40 343
40 396
40 431
40 499
40 506
40 525
40 563
40 585
40 586
40 590
40 624
40 803
40 813
40 840
40 859
40 894
40 935
40 957
40 73
40 91
40 150
41 622
43 71
43 127
43 184
43 203
43 223
43 274
43 334
43 522
43 643
43 712
43 830
43 885
43 963
43 991
43 50
43 53
43 64
43 66
43 67
43 75
43 80
43 89
43 101
43 141
43 155
44 51
44 68
44 124
44 135
44 145
44 161
44 410
44 474
44 628
44 846
44 70
45 191
45 207
45 273
45 460
45 503
45 582
45 690
45 53
45 54
45 87
46 73
46 97
46 117
46 407
46 573
46 863
46 64
46 93
46 114
46 146
47 79
47 88
47 200
47 243
47 517
47 570
47 572
47 683
47 797
47 836
47 888
47 948
47 977
47 987
48 724
49 55
49 960
49 137
50 498
50 189
51 101
51 366
51 130
52 86
52 130
52 144
52 261
52 281
52 291
52 631
52 966
52 69
53 63
53 78
53 335
53 601
53 939
53 118
54 77
54 109
54 137
54 140
55 115
55 118
55 131
55 147
55 159
55 173
55 228
55 234
55 249
55 265
55 293
55 315
55 322
55 348
55 353
55 363
55 370
55 385
55 409
55 515
55 547
55 552
55 591
55 605
55 647
55 718
55 723
55 730
55 759
55 814
55 864
55 946
55 968
56 95
56 97
56 177
56 193
56 195
56 219
56 235
56 275
56 306
56 332
56 338
56 364
56 383
56 408
56 416
56 441
56 476
56 496
56 521
56 562
56 564
56 629
56 646
56 667
56 669
56 674
56 748
56 764
56 828
56 831
56 850
56 858
56 925
56 989
56 190
57 482
57 598
57 838
57 900
58 96
58 126
58 386
58 632
58 733
58 841
58 947
60 82
60 134
60 199
60 215
60 914
60 979
61 245
61 260
61 300
64 111
64 961
64 97
64 125
64 147
65 997
65 68
66 161
66 350
66 958
66 995
66 69
67 73
67 80
67 136
67 354
67 380
67 467
67 571
67 618
67 832
67 834
67 871
67 980
67 197
68 556
68 636
68 711
68 784
68 93
68 129
69 445
69 446
69 485
69 815
69 945
69 972
69 85
69 110
69 121
69 128
69 164
71 111
71 166
71 276
71 560
71 673
71 163
72 112
72 241
72 344
72 664
72 855
73 240
73 468
73 842
74 109
75 92
75 94
75 107
75 187
75 289
75 296
75 558
75 773
75 807
76 113
76 198
76 290
76 452
76 471
76 595
76 697
76 868
76 903
76 158
77 103
77 125
78 201
78 762
78 883
79 700
80 193
80 254
83 294
84 92
84 157
84 681
85 95
85 99
85 106
85 188
85 209
85 215
85 236
85 319
85 346
85 404
85 418
85 436
85 451
85 484
85 535
85 644
85 707
85 743
85 763
85 780
85 833
85 884
85 889
85 983
85 992
85 94
85 110
85 122
85 131
85 154
85 173
86 90
86 141
86 199
86 311
86 892
86 153
87 162
87 166
87 104
87 200
88 177
88 230
88 257
88 317
88 403
88 620
88 992
90 741
90 776
90 861
91 129
93 148
94 349
94 374
94 660
96 331
96 345
97 262
97 295
97 423
97 723
97 962
97 111
97 193
98 596
98 181
99 111
99 329
99 494
99 641
99 659
99 879
99 130
99 142
100 282
100 313
100 588
100 104
101 222
101 358
101 424
101 481
101 487
101 509
101 539
101 663
101 726
101 795
101 862
101 930
101 116
101 151
101 172
102 158
103 730
104 120
104 126
104 131
104 160
104 168
104 176
104 263
104 413
104 417
104 483
104 552
104 583
104 623
104 688
104 787
104 801
104 936
104 950
104 967
104 996
104 998
104 147
105 131
105 132
105 176
105 307
105 378
105 381
105 537
105 684
105 702
107 150
107 192
107 497
107 751
107 157
108 134
108 149
108 339
108 356
108 362
108 630
108 138
109 121
109 194
109 237
109 308
109 459
109 549
109 788
109 875
109 881
110 139
110 359
110 429
110 597
111 133
111 166
111 367
111 554
111 604
111 772
111 965
111 152
112 212
112 213
112 510
112 561
112 705
112 735
112 747
112 943
113 418
113 866
114 316
114 352
114 360
114 397
114 627
114 685
114 710
114 771
114 799
117 405
118 179
118 729
119 185
119 202
119 211
119 216
119 288
119 365
119 592
119 612
119 626
119 742
119 753
119 758
119 823
119 839
119 886
119 904
119 949
119 971
119 140
119 160
123 264
123 893
124 140
125 277
125 419
125 428
125 488
125 670
125 732
125 782
125 860
125 134
126 258
126 337
126 473
126 531
126 579
126 689
126 704
126 713
126 715
126 750
126 761
126 792
126 834
126 194
128 514
128 141
129 144
129 282
129 456
129 633
129 648
129 878
130 165
130 169
130 399
131 152
131 369
131 539
131 672
131 777
131 933
131 951
132 430
132 926
133 184
133 208
133 323
134 533
134 698
134 169
136 569
136 818
136 927
136 962
136 974
137 149
138 178
138 882
140 314
141 361
141 649
141 744
142 202
142 361
142 703
143 285
143 740
144 280
144 461
144 617
146 376
146 835
147 541
150 217
150 268
150 304
150 368
150 414
150 433
150 437
150 508
150 529
150 545
150 657
150 746
150 769
150 791
150 844
150 900
150 187
151 232
151 402
151 495
152 583
153 297
153 466
153 739
153 749
153 848
153 897
153 913
154 634
159 193
163 186
171 202
175 199
177 187
178 197
