0 1
0 2
0 3
0 4
0 6
0 8
0 12
0 14
0 15
0 18
0 20
0 22
0 25
0 33
0 35
0 51
0 53
0 62
0 74
0 78
0 94
0 95
0 99
0 101
0 102
0 110
0 132
0 134
0 136
0 139
0 140
0 142
0 155
0 156
0 157
0 159
0 162
0 169
0 177
0 182
0 186
0 190
0 191
0 194
0 196
0 198
0 240
0 285
0 295
0 360
0 379
0 419
0 435
0 511
0 519
0 578
0 622
0 698
0 718
0 719
0 772
0 812
0 835
0 877
0 912
0 932
0 941
0 958
0 968
0 982
0 999
1 2
1 3
1 4
1 5
1 7
1 9
1 11
1 17
1 18
1 27
1 40
1 51
1 52
1 66
1 67
1 68
1 69
1 72
1 79
1 82
1 83
1 91
1 94
1 96
1 101
1 112
1 113
1 116
1 121
1 123
1 127
1 130
1 133
1 136
1 141
1 142
1 146
1 163
1 164
1 190
1 193
1 202
1 223
1 239
1 404
1 415
1 429
1 458
1 471
1 532
1 620
1 767
1 921
1 936
1 943
1 978
2 3
2 4
2 8
2 10
2 19
2 22
2 42
2 58
2 61
2 76
2 85
2 89
2 91
2 96
2 108
2 109
2 114
2 121
2 123
2 124
2 144
2 159
2 161
2 167
2 177
2 181
2 182
2 189
2 202
2 225
2 227
2 400
2 416
2 451
2 573
2 603
2 663
2 731
2 764
2 791
2 831
2 866
2 867
2 956
2 963
2 966
3 4
3 7
3 12
3 15
3 34
3 36
3 37
3 48
3 54
3 55
3 63
3 67
3 77
3 88
3 90
3 100
3 125
3 127
3 134
3 138
3 148
3 149
3 152
3 153
3 157
3 170
3 171
3 172
3 186
3 194
3 202
3 212
3 213
3 234
3 304
3 369
3 436
3 493
3 550
3 580
3 652
3 670
3 705
3 713
3 722
3 798
3 952
4 11
4 24
4 33
4 34
4 54
4 55
4 57
4 58
4 60
4 61
4 65
4 70
4 75
4 76
4 78
4 79
4 84
4 95
4 101
4 102
4 109
4 114
4 118
4 119
4 124
4 140
4 141
4 144
4 150
4 160
4 169
4 175
4 178
4 193
4 195
4 199
4 200
4 210
4 224
4 248
4 256
4 283
4 317
4 325
4 327
4 334
4 345
4 358
4 359
4 361
4 454
4 473
4 509
4 522
4 540
4 555
4 556
4 557
4 617
4 638
4 650
4 726
4 729
4 743
4 779
4 895
4 929
5 6
5 10
5 21
5 23
5 32
5 40
5 71
5 73
5 85
5 95
5 97
5 135
5 152
5 165
5 171
5 179
5 199
5 206
5 229
5 293
5 387
5 406
5 421
5 437
5 444
5 446
5 452
5 472
5 529
5 536
5 608
5 619
5 626
5 632
5 669
5 674
5 675
5 691
5 734
5 739
5 741
5 763
5 766
5 774
5 800
5 817
5 818
5 821
5 883
5 922
5 971
5 974
5 988
5 992
5 998
5 121
5 139
5 8
5 12
5 18
5 63
5 79
6 13
6 23
6 38
6 41
6 45
6 131
6 149
6 188
6 192
6 226
6 253
6 350
6 405
6 423
6 570
6 686
6 723
6 805
6 822
6 833
6 837
6 915
6 139
6 8
6 12
6 15
6 33
6 70
6 111
7 9
7 56
7 98
7 464
7 618
7 997
8 9
8 42
8 53
8 69
8 72
8 136
8 138
8 217
8 242
8 305
8 312
8 329
8 337
8 398
8 679
8 749
8 752
8 762
8 769
8 973
8 121
8 11
8 12
8 14
8 15
8 19
8 37
8 40
8 45
8 47
8 58
8 79
8 81
8 95
8 108
8 109
8 147
8 151
8 154
9 33
9 35
9 340
9 464
9 492
9 768
10 43
10 263
10 330
10 711
10 139
10 13
10 15
10 23
10 24
10 29
10 49
10 52
10 130
10 133
10 144
11 13
11 14
11 16
11 20
11 29
11 31
11 61
11 67
11 87
11 88
11 92
11 105
11 145
11 151
11 246
11 262
11 331
11 355
11 538
11 602
11 727
11 728
11 829
11 890
11 897
11 899
11 944
11 139
11 23
11 32
11 41
11 90
12 17
12 27
12 39
12 63
12 66
12 111
12 243
12 351
12 430
12 697
12 702
12 703
12 777
12 832
12 874
12 20
12 31
12 36
12 38
12 44
12 78
12 87
12 103
12 119
12 136
13 14
13 16
13 26
13 30
13 46
13 55
13 65
13 74
13 88
13 89
13 103
13 105
13 106
13 173
13 183
13 189
13 193
13 199
13 200
13 204
13 232
13 260
13 284
13 308
13 310
13 322
13 346
13 364
13 377
13 388
13 470
13 474
13 483
13 485
13 487
13 489
13 496
13 498
13 512
13 523
13 533
13 539
13 549
13 574
13 582
13 601
13 606
13 614
13 676
13 677
13 717
13 732
13 765
13 778
13 834
13 840
13 841
13 847
13 862
13 868
13 909
13 916
13 936
13 937
13 959
13 969
13 984
13 985
13 51
14 16
14 29
14 30
14 31
14 36
14 50
14 355
14 357
14 370
14 393
14 395
14 598
14 641
14 660
14 842
14 969
14 81
15 21
15 22
15 43
15 48
15 97
15 99
15 122
15 196
15 231
15 233
15 336
15 401
15 427
15 515
15 547
15 551
15 863
15 886
15 908
15 28
15 49
15 51
15 59
15 118
16 20
16 87
16 106
16 110
16 128
16 343
16 680
16 683
16 796
16 907
16 949
16 121
16 19
16 52
16 145
16 147
17 19
17 27
17 28
17 86
17 186
18 139
18 105
18 113
19 27
19 47
19 49
19 66
19 76
19 80
19 111
19 115
19 190
19 319
19 356
19 378
19 409
19 424
19 449
19 468
19 481
19 482
19 548
19 630
19 714
19 904
19 940
19 990
19 35
20 30
20 37
20 77
20 91
20 102
20 153
20 373
20 391
20 477
20 656
20 695
20 781
20 803
20 898
20 931
20 48
21 24
21 71
21 129
21 130
21 328
21 389
21 587
21 612
21 616
21 665
21 681
21 786
21 960
21 121
22 25
22 43
22 52
22 58
22 81
22 125
22 524
22 543
22 844
23 41
23 274
23 376
23 443
23 991
23 139
23 26
23 28
23 34
23 37
23 40
23 83
23 112
23 114
24 85
24 130
24 141
24 144
24 168
24 175
24 183
24 411
24 448
24 562
24 563
24 704
24 775
24 801
24 813
24 875
24 917
24 979
24 28
25 38
25 60
25 62
25 68
25 79
25 104
25 132
25 135
25 201
25 218
25 251
25 316
25 341
25 368
25 386
25 394
25 408
25 441
25 480
25 521
25 525
25 600
25 654
25 659
25 735
25 776
25 825
25 854
25 859
25 887
25 945
25 948
25 962
25 977
25 983
25 993
25 121
25 100
26 44
27 32
27 49
27 280
27 311
27 518
27 590
27 621
27 655
27 940
28 51
28 139
28 790
28 807
28 906
28 37
28 65
28 76
28 86
28 92
28 94
28 96
28 118
28 129
30 107
30 254
30 433
30 500
30 531
30 581
30 595
30 720
30 797
30 816
31 50
31 268
31 339
31 542
31 579
31 611
31 639
31 738
31 746
31 782
31 811
32 86
32 176
32 204
32 290
32 559
32 571
32 672
32 740
32 804
32 815
32 828
32 938
32 957
32 44
32 53
32 73
32 99
32 124
32 148
32 152
33 35
33 39
33 51
33 59
33 72
33 75
33 82
33 111
33 123
33 140
33 146
33 163
33 167
33 174
33 215
33 222
33 276
33 287
33 288
33 292
33 320
33 354
33 363
33 381
33 383
33 397
33 410
33 412
33 426
33 459
33 463
33 527
33 534
33 560
33 565
33 585
33 586
33 591
33 610
33 635
33 636
33 664
33 668
33 671
33 684
33 690
33 730
33 748
33 754
33 802
33 807
33 843
33 855
33 864
33 870
33 884
33 942
34 176
35 544
35 70
35 148
36 700
36 926
36 967
36 38
36 43
36 74
37 46
37 106
37 189
37 194
37 197
37 200
37 228
37 230
37 366
37 372
37 391
37 392
37 442
37 469
37 535
37 561
37 580
37 615
37 661
37 712
37 810
37 823
37 893
37 57
37 101
37 107
37 108
38 54
38 349
38 47
38 84
38 131
39 49
39 64
39 65
39 111
39 257
39 428
39 462
39 475
39 502
39 553
39 751
39 928
39 981
39 121
39 139
39 80
39 163
40 74
40 265
40 342
40 371
40 644
40 41
40 46
40 78
40 120
40 121
40 126
40 139
40 141
41 84
41 75
41 112
42 146
42 185
42 203
42 270
42 324
42 450
42 486
42 517
42 583
42 645
42 701
42 753
42 852
42 927
43 117
43 120
44 73
44 188
44 279
44 567
44 56
45 425
45 850
45 66
45 136
46 77
46 272
46 296
46 780
47 187
47 135
48 124
49 166
49 207
49 332
49 71
49 125
49 154
50 139
50 52
50 71
50 93
50 110
50 122
50 129
51 57
51 59
51 75
51 80
51 93
51 160
51 174
51 220
51 259
51 338
51 375
51 399
51 453
51 495
51 503
51 520
51 625
51 666
51 667
51 692
51 693
51 699
51 708
51 709
51 724
51 757
51 771
51 785
51 869
51 86
51 98
52 120
52 282
52 977
52 147
53 100
53 783
53 138
54 60
54 241
54 273
54 291
54 447
54 566
54 793
55 108
56 133
57 139
58 221
58 420
58 747
58 873
58 121
58 139
59 742
59 87
60 313
61 128
61 180
61 237
61 258
61 277
61 281
61 627
61 634
61 682
61 986
62 362
62 121
64 633
65 201
65 422
65 437
65 564
65 705
65 725
65 745
65 836
65 851
65 871
65 918
66 80
66 321
66 385
66 479
66 788
66 980
67 134
67 178
67 514
67 628
67 688
68 83
68 177
68 261
68 333
69 116
69 245
69 267
69 271
69 413
69 504
69 643
70 596
70 885
70 94
70 106
70 121
70 160
71 104
71 117
71 154
71 613
71 75
71 83
71 100
72 114
72 146
72 203
72 216
72 238
72 302
72 432
72 461
72 505
72 687
72 760
72 827
72 901
72 919
73 83
73 326
73 121
73 127
73 133
74 87
74 173
74 491
74 905
74 989
74 139
74 93
74 107
75 116
75 211
75 309
75 526
75 647
75 648
75 694
76 450
76 510
77 160
77 252
77 575
77 637
77 839
77 868
77 878
77 903
77 939
77 976
77 121
77 115
77 148
78 122
78 323
78 153
78 173
79 85
79 196
79 328
79 429
79 721
79 858
79 913
79 935
79 104
79 123
80 142
80 247
80 344
80 369
80 396
80 545
80 584
80 607
80 640
80 789
80 951
80 139
80 117
80 144
81 181
81 961
81 151
82 314
82 646
82 651
82 881
82 972
83 266
83 316
83 599
83 609
83 846
83 139
84 994
84 995
84 130
85 113
85 219
85 953
86 689
86 154
87 716
87 121
87 134
88 103
88 438
88 546
88 572
88 900
88 121
89 99
89 118
89 137
89 141
89 212
89 299
89 407
89 528
89 605
89 623
89 662
89 737
89 761
89 795
89 830
89 838
89 911
89 947
89 996
90 382
90 516
90 588
91 367
91 434
91 554
91 558
91 593
91 733
91 755
91 784
91 933
93 126
93 853
93 121
94 443
94 179
95 184
96 115
96 139
96 390
96 649
96 946
96 970
96 108
97 175
97 374
99 156
99 175
100 126
101 824
101 876
101 121
101 165
101 171
102 204
102 214
102 261
102 402
102 456
102 478
102 657
102 673
102 706
102 810
102 912
102 975
103 255
103 306
103 403
103 794
103 987
103 149
104 127
104 162
104 170
104 236
104 250
104 269
104 455
104 499
104 516
104 624
104 715
104 744
104 830
104 861
104 910
105 208
105 286
105 476
105 653
105 914
106 418
106 511
106 845
108 353
108 497
108 144
109 857
110 594
110 756
110 856
110 191
111 631
111 642
111 951
113 117
114 488
114 589
114 696
114 849
114 923
115 166
115 348
115 808
115 896
116 158
116 198
116 445
116 629
116 809
116 934
116 121
116 149
116 187
117 465
118 352
118 954
119 143
119 889
119 189
120 192
120 758
120 128
121 205
121 294
121 307
121 466
121 799
121 857
121 137
122 765
122 964
123 185
123 264
123 303
123 335
123 439
123 460
123 501
123 513
123 568
123 569
123 585
123 604
123 770
123 792
123 826
123 888
123 894
123 924
123 925
123 965
123 143
124 132
124 736
124 892
125 155
125 192
125 298
125 552
125 577
125 617
125 744
125 860
125 865
126 216
126 139
126 133
127 297
127 362
127 380
127 710
127 974
128 819
130 137
131 882
131 140
132 244
132 431
132 530
132 872
134 384
135 201
136 198
136 289
136 301
136 414
136 541
136 597
136 658
136 814
136 891
137 365
137 417
137 457
137 678
137 787
137 806
137 880
137 955
137 142
137 199
138 235
138 506
139 508
140 166
140 288
140 385
140 440
140 537
140 930
140 145
141 209
141 275
141 494
141 507
143 685
143 902
144 467
145 147
145 750
145 848
145 920
145 950
145 177
146 203
146 278
147 249
148 592
148 164
149 172
149 197
150 576
150 759
150 973
150 198
151 347
151 611
152 315
152 707
152 773
152 879
153 300
153 318
153 484
153 490
153 820
169 181
174 187
