0 1
0 2
0 3
0 4
0 7
0 11
0 13
0 15
0 18
0 29
0 32
0 36
0 40
0 42
0 53
0 65
0 71
0 72
0 74
0 75
0 76
0 78
0 91
0 99
0 100
0 103
0 104
0 107
0 108
0 109
0 117
0 118
0 126
0 137
0 140
0 142
0 143
0 160
0 170
0 180
0 248
0 374
0 381
0 387
0 398
0 418
0 467
0 524
0 528
0 711
0 715
0 806
0 844
0 891
0 929
0 938
0 994
1 2
1 3
1 4
1 5
1 6
1 7
1 8
1 9
1 10
1 11
1 14
1 15
1 20
1 23
1 26
1 37
1 38
1 40
1 42
1 47
1 50
1 55
1 57
1 62
1 68
1 70
1 73
1 75
1 77
1 78
1 84
1 85
1 86
1 95
1 98
1 99
1 100
1 101
1 103
1 104
1 105
1 120
1 123
1 127
1 134
1 137
1 139
1 152
1 158
1 159
1 160
1 163
1 167
1 169
1 173
1 175
1 176
1 180
1 183
1 184
1 188
1 190
1 191
1 194
1 195
1 203
1 246
1 249
1 320
1 334
1 341
1 358
1 409
1 461
1 476
1 478
1 494
1 558
1 560
1 589
1 613
1 640
1 642
1 666
1 687
1 689
1 691
1 694
1 710
1 737
1 762
1 805
1 819
1 837
1 853
1 871
1 878
1 948
1 969
1 979
2 3
2 4
2 7
2 8
2 9
2 15
2 18
2 20
2 22
2 25
2 29
2 44
2 50
2 52
2 55
2 61
2 69
2 70
2 76
2 79
2 80
2 89
2 90
2 93
2 99
2 107
2 110
2 117
2 131
2 133
2 136
2 138
2 140
2 147
2 149
2 161
2 173
2 177
2 181
2 184
2 185
2 205
2 296
2 297
2 307
2 416
2 426
2 477
2 495
2 520
2 540
2 570
2 598
2 702
2 790
2 803
2 821
2 848
2 886
2 895
2 897
2 904
2 919
2 981
2 991
3 5
3 7
3 15
3 17
3 19
3 24
3 37
3 41
3 43
3 58
3 67
3 68
3 109
3 113
3 127
3 130
3 132
3 139
3 144
3 151
3 161
3 165
3 166
3 168
3 174
3 183
3 187
3 227
3 343
3 356
3 403
3 464
3 481
3 543
3 614
3 644
3 648
3 713
3 751
3 785
3 796
3 870
3 936
4 12
4 13
4 17
4 19
4 23
4 28
4 35
4 53
4 60
4 80
4 87
4 92
4 158
4 194
4 199
4 204
4 260
4 264
4 342
4 360
4 385
4 447
4 507
4 656
4 657
4 661
4 677
4 686
4 688
4 709
4 860
4 21
4 5
4 6
4 7
4 26
4 34
4 38
4 40
4 75
4 125
4 136
5 6
5 8
5 16
5 38
5 41
5 80
5 149
5 200
5 214
5 242
5 287
5 361
5 363
5 373
5 375
5 383
5 541
5 874
5 914
5 967
5 21
5 24
5 29
5 37
5 57
6 10
6 26
6 31
6 33
6 44
6 67
6 74
6 78
6 82
6 95
6 96
6 103
6 112
6 134
6 135
6 143
6 148
6 155
6 202
6 234
6 239
6 241
6 247
6 257
6 286
6 308
6 371
6 382
6 434
6 443
6 448
6 458
6 545
6 578
6 593
6 599
6 618
6 699
6 730
6 733
6 744
6 772
6 792
6 811
6 831
6 840
6 960
6 974
6 9
6 14
6 15
6 21
6 25
6 30
6 57
6 77
6 81
6 84
6 100
6 109
6 127
7 16
7 21
7 34
7 41
7 254
7 451
7 539
7 631
7 776
7 782
7 934
7 17
7 32
7 42
7 45
7 51
7 112
8 9
8 14
8 19
8 26
8 28
8 38
8 52
8 54
8 87
8 92
8 104
8 112
8 173
8 238
8 268
8 332
8 335
8 355
8 367
8 390
8 395
8 396
8 462
8 488
8 489
8 534
8 562
8 568
8 633
8 775
8 794
8 843
8 864
8 900
8 915
8 921
8 954
8 966
8 975
9 11
9 30
9 43
9 50
9 51
9 54
9 63
9 71
9 102
9 113
9 128
9 177
9 198
9 228
9 302
9 313
9 337
9 340
9 348
9 365
9 503
9 585
9 602
9 607
9 625
9 745
9 747
9 757
9 760
9 763
9 767
9 777
9 816
9 834
9 861
9 909
9 918
9 933
9 945
9 989
9 21
9 23
9 49
9 92
10 48
10 95
10 111
10 292
11 30
11 33
11 56
11 698
12 17
12 27
12 57
12 109
12 323
12 573
12 620
12 822
12 959
13 14
13 131
13 276
13 351
13 427
13 447
13 536
13 740
13 768
13 937
13 982
13 21
14 27
14 62
14 188
14 212
14 260
14 319
14 386
14 780
14 21
14 18
14 41
14 67
14 80
14 102
14 132
15 22
15 49
15 77
15 98
15 169
15 175
15 193
15 201
15 284
15 312
15 318
15 379
15 404
15 424
15 438
15 501
15 575
15 583
15 610
15 764
15 802
15 875
15 896
15 944
15 951
15 964
15 50
16 673
16 784
17 19
17 53
17 264
17 485
17 514
17 634
17 662
17 839
18 511
18 812
18 922
18 73
18 106
18 110
18 196
19 27
19 32
19 35
19 44
19 46
19 47
19 53
19 54
19 88
19 143
19 176
19 188
19 195
19 243
19 252
19 290
19 300
19 309
19 327
19 399
19 410
19 417
19 428
19 430
19 437
19 449
19 452
19 475
19 484
19 490
19 492
19 500
19 506
19 526
19 550
19 572
19 577
19 586
19 590
19 604
19 617
19 632
19 647
19 651
19 652
19 654
19 667
19 690
19 692
19 696
19 702
19 728
19 754
19 758
19 779
19 786
19 803
19 828
19 842
19 852
19 854
19 902
19 906
19 924
19 993
19 21
19 39
20 22
20 139
20 453
20 903
20 931
20 21
20 30
21 149
21 259
21 409
21 547
21 683
21 907
21 986
21 22
21 23
21 33
21 35
21 36
21 37
21 38
21 43
21 70
21 72
21 89
21 91
21 123
21 134
21 135
21 145
21 147
22 40
22 49
22 66
22 77
22 105
22 138
22 170
22 193
22 291
22 439
22 532
22 548
22 636
22 641
22 787
22 856
22 862
22 889
22 38
22 43
22 60
22 74
22 100
23 52
23 295
23 345
23 400
23 468
23 471
23 594
23 627
23 655
23 671
23 795
23 35
23 36
23 60
23 158
24 521
25 165
25 435
25 685
25 51
25 60
25 64
25 72
25 105
26 31
26 39
26 76
26 120
26 149
26 156
26 159
26 184
26 200
26 250
26 394
26 470
26 542
26 850
26 968
26 141
27 86
27 88
27 455
27 582
27 940
29 45
30 43
30 280
30 659
30 46
30 47
30 64
30 117
30 120
30 132
31 90
31 203
31 236
31 306
31 311
31 422
31 444
31 498
31 502
31 534
31 603
31 623
31 637
31 645
31 668
31 707
31 731
31 732
31 761
31 771
31 813
31 912
32 46
32 49
32 77
32 97
32 105
32 148
32 230
32 316
32 362
32 366
32 612
32 619
32 759
32 764
32 798
32 881
32 926
32 52
32 70
32 94
33 63
33 393
33 579
33 665
33 676
33 724
33 899
33 925
33 39
33 90
33 131
35 96
35 141
35 180
35 347
35 441
35 628
35 677
35 714
35 916
35 76
35 149
36 39
36 639
36 42
36 46
36 113
37 567
37 883
37 73
37 86
37 93
37 99
38 354
38 941
38 998
38 97
38 114
38 140
39 51
39 89
39 91
39 94
39 102
39 106
39 121
39 153
39 221
39 255
39 270
39 271
39 272
39 279
39 304
39 325
39 331
39 419
39 426
39 431
39 432
39 446
39 454
39 459
39 479
39 486
39 491
39 515
39 516
39 522
39 527
39 557
39 580
39 584
39 697
39 727
39 734
39 741
39 743
39 753
39 756
39 770
39 791
39 808
39 855
39 859
39 866
39 877
39 917
39 972
39 996
39 999
39 44
39 76
39 87
39 93
39 108
40 59
40 81
40 107
40 125
40 170
40 237
40 266
40 397
40 472
40 880
40 983
40 53
40 63
40 68
41 49
41 55
41 77
42 64
42 93
42 115
42 136
42 141
42 183
42 196
42 208
42 216
42 250
42 258
42 392
42 766
42 774
42 845
42 902
43 172
43 220
43 265
43 838
43 61
43 80
43 119
43 166
44 48
44 58
44 235
44 357
44 420
44 530
44 153
45 197
45 425
45 48
45 54
45 56
45 67
45 86
45 90
45 136
45 200
46 48
46 67
46 130
46 168
46 346
46 420
46 849
46 65
46 87
46 104
47 518
48 58
48 142
48 168
48 566
48 672
48 876
48 962
49 222
49 226
49 391
49 551
49 559
49 735
49 147
50 229
50 618
50 128
50 129
51 61
51 102
51 106
51 124
51 166
51 185
51 421
51 450
51 480
51 496
51 738
51 888
51 78
51 101
52 256
52 407
52 556
53 72
53 108
53 251
53 748
53 82
53 95
53 112
53 119
53 149
54 65
54 826
54 910
54 950
55 294
55 413
55 414
55 992
55 995
55 152
56 389
56 629
56 746
56 890
56 68
56 140
56 172
57 88
57 182
57 78
57 101
57 122
57 148
58 64
58 85
58 155
58 789
59 79
60 63
60 69
60 85
60 101
60 107
60 121
60 125
61 71
61 91
61 106
61 128
61 163
61 219
61 380
61 841
61 928
61 930
61 946
62 92
62 179
62 359
63 116
63 128
63 145
63 177
63 261
63 329
63 368
63 608
63 635
63 739
63 750
63 935
63 64
63 73
63 74
63 97
63 109
63 124
63 139
64 85
64 111
64 119
64 147
64 148
64 616
64 726
64 773
64 942
64 71
64 106
64 160
64 161
64 189
65 129
65 563
65 980
66 525
66 847
67 83
67 154
67 196
67 197
67 253
67 537
67 720
67 752
67 755
67 984
67 92
67 105
69 77
70 339
70 86
71 110
72 971
72 130
73 117
73 137
73 153
73 199
73 277
73 285
73 370
73 401
73 442
73 538
73 552
73 693
73 800
73 833
73 893
73 952
73 91
73 194
76 120
76 144
76 164
76 510
76 646
76 703
76 107
76 121
76 150
76 156
77 175
77 885
77 81
77 145
78 526
78 851
78 898
78 976
78 90
80 118
80 120
80 131
80 173
80 178
80 186
80 197
80 210
80 218
80 293
80 328
80 340
80 344
80 369
80 376
80 581
80 649
80 705
80 708
80 725
80 781
80 793
80 797
80 801
80 804
80 832
80 846
80 873
80 892
80 894
80 949
80 137
80 203
81 127
81 138
81 411
81 523
81 554
81 799
81 913
81 99
82 111
82 135
82 456
82 606
82 683
82 716
82 977
83 519
84 723
84 863
85 114
85 206
85 281
85 315
85 978
86 202
86 223
86 466
86 133
87 99
87 970
88 171
88 178
88 194
88 224
88 263
88 288
88 377
88 561
88 592
88 628
88 722
88 768
88 865
88 985
89 153
89 245
89 317
89 325
89 807
89 836
89 891
90 378
90 388
90 591
90 923
90 187
91 225
91 324
91 352
91 605
91 712
91 957
91 103
91 113
92 207
92 262
92 333
92 400
92 674
92 884
93 148
93 150
93 869
94 111
95 809
95 202
96 474
96 783
97 125
97 164
98 127
98 278
98 289
98 301
98 314
98 482
98 554
98 638
98 650
98 824
98 867
98 872
98 191
99 199
99 326
99 445
99 493
99 105
100 160
100 161
100 303
100 509
100 943
101 165
102 121
102 147
102 274
102 546
103 988
104 549
104 990
105 336
105 412
105 531
105 600
105 621
105 663
105 682
105 815
106 162
106 273
106 129
107 138
108 188
108 320
108 460
108 615
108 822
109 179
109 269
109 310
109 505
109 956
109 181
110 141
111 350
112 423
112 565
112 118
112 120
113 405
113 415
113 436
113 957
114 765
114 963
114 201
115 154
115 335
115 463
115 469
115 961
116 626
117 146
117 192
117 299
117 564
117 734
117 908
117 911
117 958
117 143
118 122
118 133
118 553
118 597
118 630
118 678
118 825
118 965
119 141
120 231
120 298
120 440
120 527
120 609
120 742
121 123
121 587
121 987
122 157
122 267
122 729
123 187
123 465
123 905
125 191
126 275
126 497
126 512
126 571
126 660
126 664
126 669
126 681
127 151
127 209
127 211
127 217
127 336
127 338
127 408
127 483
127 487
127 544
127 595
127 622
127 643
127 701
127 718
127 829
127 879
127 932
128 146
128 163
128 322
128 517
128 555
128 670
128 717
128 769
128 827
128 835
128 901
128 997
129 533
129 569
129 814
129 947
129 953
129 133
129 169
129 175
130 433
131 386
131 658
131 973
133 189
133 820
133 146
134 508
134 155
135 183
135 233
135 282
135 384
135 574
135 700
135 778
135 176
135 185
136 513
136 535
136 152
137 173
138 349
138 735
138 736
139 237
139 353
139 457
139 939
140 333
140 372
140 406
140 429
140 499
140 504
140 588
140 596
140 601
140 624
140 653
140 675
140 719
140 810
140 857
140 868
140 920
140 955
141 149
145 213
145 330
146 244
146 721
146 788
146 830
146 927
147 152
147 166
147 232
147 283
147 321
147 324
147 402
147 473
147 576
147 611
147 659
147 684
147 695
147 704
147 749
147 817
147 818
147 858
147 882
147 150
148 305
148 529
148 823
148 168
149 215
149 364
149 887
152 240
152 679
153 680
153 706
156 200
175 191
