0 1
0 2
0 3
0 4
0 20
0 39
0 56
0 59
0 70
0 75
0 77
0 81
0 92
0 94
0 96
0 98
0 124
0 127
0 139
0 149
0 158
0 181
0 188
0 193
0 363
0 401
0 478
0 500
0 551
0 553
0 581
0 645
0 701
0 738
0 775
0 886
0 907
0 936
0 939
1 2
1 3
1 4
1 5
1 10
1 13
1 16
1 20
1 22
1 26
1 29
1 32
1 34
1 35
1 39
1 53
1 71
1 73
1 75
1 79
1 83
1 86
1 87
1 88
1 89
1 97
1 99
1 115
1 118
1 122
1 127
1 130
1 133
1 136
1 149
1 161
1 163
1 167
1 169
1 175
1 178
1 180
1 186
1 188
1 191
1 192
1 194
1 196
1 200
1 201
1 204
1 269
1 288
1 297
1 302
1 370
1 371
1 385
1 405
1 432
1 445
1 454
1 470
1 476
1 515
1 537
1 561
1 562
1 619
1 635
1 697
1 712
1 726
1 729
1 747
1 749
1 819
1 834
1 888
1 893
1 984
2 3
2 4
2 6
2 10
2 12
2 17
2 52
2 55
2 68
2 71
2 77
2 89
2 91
2 95
2 105
2 106
2 108
2 113
2 123
2 128
2 135
2 136
2 155
2 173
2 177
2 200
2 304
2 469
2 515
2 586
2 588
2 591
2 661
2 814
2 837
2 863
2 892
2 943
2 988
3 4
3 5
3 14
3 21
3 24
3 28
3 37
3 53
3 54
3 57
3 63
3 64
3 65
3 89
3 90
3 94
3 108
3 124
3 126
3 131
3 146
3 154
3 157
3 165
3 179
3 202
3 221
3 245
3 252
3 356
3 431
3 434
3 448
3 531
3 597
3 651
3 654
3 668
3 797
3 800
3 806
3 845
3 858
3 867
4 6
4 7
4 8
4 9
4 13
4 14
4 17
4 18
4 24
4 26
4 28
4 30
4 31
4 32
4 33
4 34
4 45
4 50
4 51
4 54
4 56
4 64
4 65
4 68
4 69
4 81
4 82
4 83
4 84
4 86
4 92
4 101
4 105
4 107
4 109
4 110
4 130
4 139
4 144
4 147
4 148
4 149
4 159
4 170
4 177
4 179
4 180
4 188
4 189
4 203
4 374
4 414
4 422
4 455
4 463
4 473
4 481
4 486
4 498
4 585
4 620
4 626
4 647
4 703
4 722
4 731
4 743
4 750
4 752
4 765
4 776
4 781
4 816
4 854
4 859
4 899
4 928
4 948
4 962
4 977
4 985
5 6
5 8
5 11
5 15
5 31
5 35
5 46
5 58
5 61
5 67
5 79
5 103
5 111
5 118
5 120
5 141
5 142
5 146
5 150
5 151
5 155
5 158
5 183
5 190
5 193
5 220
5 222
5 238
5 267
5 281
5 287
5 311
5 315
5 335
5 342
5 351
5 369
5 379
5 381
5 383
5 400
5 403
5 442
5 468
5 472
5 485
5 495
5 516
5 569
5 571
5 580
5 628
5 634
5 646
5 655
5 676
5 681
5 736
5 808
5 815
5 852
5 855
5 903
5 904
5 918
5 942
5 945
5 968
5 30
5 13
5 21
5 90
6 7
6 9
6 10
6 34
6 47
6 98
6 131
6 604
6 30
6 52
6 8
6 94
7 10
7 36
7 41
7 85
7 120
7 185
7 460
7 663
7 30
7 52
7 17
7 34
7 50
7 98
7 106
8 19
8 46
8 51
8 347
8 403
8 514
8 790
8 792
8 830
8 30
8 27
8 32
8 36
8 94
8 102
9 11
9 15
9 16
9 35
9 46
9 67
9 74
9 96
9 98
9 99
9 115
9 118
9 120
9 135
9 154
9 155
9 174
9 196
9 205
9 223
9 226
9 231
9 237
9 284
9 289
9 298
9 307
9 316
9 322
9 330
9 340
9 364
9 392
9 395
9 399
9 420
9 430
9 482
9 496
9 520
9 522
9 557
9 560
9 568
9 602
9 608
9 623
9 667
9 681
9 682
9 684
9 719
9 754
9 782
9 815
9 821
9 832
9 835
9 861
9 880
9 884
9 906
9 927
9 930
9 937
9 968
9 970
9 973
9 996
10 12
10 22
10 33
10 37
10 40
10 44
10 49
10 64
10 72
10 83
10 86
10 96
10 97
10 99
10 117
10 134
10 138
10 195
10 216
10 229
10 243
10 258
10 261
10 276
10 300
10 304
10 317
10 321
10 346
10 348
10 366
10 367
10 380
10 417
10 439
10 450
10 452
10 480
10 552
10 575
10 577
10 617
10 683
10 696
10 699
10 714
10 718
10 759
10 761
10 817
10 825
10 838
10 839
10 846
10 848
10 868
10 871
10 916
10 917
10 923
10 949
10 966
10 30
10 15
10 48
10 119
10 124
11 19
11 58
11 313
11 455
11 502
11 975
11 976
12 25
12 49
12 62
12 70
12 72
12 97
12 650
12 30
12 23
12 66
12 144
12 149
13 14
13 23
13 25
13 548
13 558
13 734
13 804
13 813
13 895
13 35
14 23
14 25
14 36
14 43
14 60
14 145
14 148
14 212
14 291
14 564
14 642
14 727
14 733
14 957
15 74
16 28
16 73
16 189
16 210
16 694
16 829
16 889
16 30
16 52
16 135
16 142
17 18
17 20
17 38
17 42
17 57
17 66
17 76
17 107
17 125
17 161
17 164
17 165
17 167
17 197
17 218
17 296
17 398
17 444
17 453
17 474
17 512
17 545
17 603
17 611
17 613
17 677
17 776
17 873
17 876
17 911
17 89
18 30
18 100
18 106
18 129
18 256
18 479
18 509
18 527
18 544
18 678
18 756
18 767
19 128
19 824
19 52
19 24
19 30
19 36
19 37
19 46
19 120
19 121
19 123
19 138
20 38
20 268
20 483
20 704
21 23
21 43
21 48
21 52
21 53
21 60
21 78
21 633
21 908
21 940
21 959
21 30
21 26
21 27
21 32
21 33
21 34
21 75
21 80
21 107
21 118
21 122
22 32
22 204
22 416
22 636
22 714
22 902
22 30
22 118
23 45
23 50
23 475
23 518
23 922
23 952
23 25
23 35
23 49
23 55
23 61
23 79
23 81
23 110
23 149
23 152
24 132
24 336
24 437
24 493
24 669
24 29
24 38
24 91
24 97
24 183
25 26
25 49
25 56
25 59
25 109
25 126
25 152
25 157
25 172
25 213
25 215
25 235
25 355
25 361
25 377
25 397
25 407
25 418
25 425
25 426
25 464
25 466
25 487
25 491
25 494
25 501
25 507
25 513
25 563
25 574
25 578
25 610
25 618
25 665
25 670
25 687
25 711
25 713
25 717
25 740
25 748
25 750
25 772
25 775
25 777
25 818
25 823
25 836
25 840
25 856
25 863
25 870
25 896
25 908
25 941
25 951
25 953
25 971
25 978
25 40
25 73
26 27
26 84
26 145
26 239
26 477
26 549
26 44
26 69
26 101
26 119
27 29
27 43
27 108
27 851
27 938
27 28
27 85
27 93
27 139
27 150
28 51
28 103
28 128
28 132
28 190
28 196
28 246
28 326
28 329
28 372
28 514
28 659
28 947
28 30
28 63
28 65
28 123
29 87
29 173
29 299
29 599
29 980
29 30
30 38
30 76
30 119
30 164
30 197
30 227
30 254
30 262
30 338
30 375
30 378
30 413
30 672
30 37
30 40
30 52
30 53
30 60
30 61
30 62
30 63
30 67
30 69
30 81
30 91
30 96
30 98
30 108
30 110
30 112
30 123
30 153
30 154
32 33
32 40
32 86
32 88
32 143
32 160
32 360
32 362
32 554
32 584
32 674
32 805
32 869
32 900
32 45
33 39
33 40
33 80
33 791
34 36
34 84
34 134
34 247
34 250
34 331
34 402
34 404
34 421
34 504
34 763
34 818
34 847
34 864
34 901
34 924
34 934
34 39
34 121
35 47
35 81
35 206
35 533
35 709
35 40
35 42
35 70
35 128
36 37
36 195
36 285
36 358
36 387
36 427
36 484
36 543
36 598
36 724
36 769
36 810
36 913
36 41
36 48
36 68
36 75
36 126
36 128
36 142
37 904
37 76
38 184
38 207
38 357
38 429
38 525
38 932
38 974
39 82
39 104
39 59
39 62
39 76
39 97
40 102
40 114
40 126
40 531
40 579
40 690
40 857
40 52
40 57
40 77
40 87
40 89
41 175
41 753
41 103
41 107
41 117
41 133
41 137
42 66
42 69
42 272
42 292
42 532
42 565
42 590
42 662
42 737
42 739
42 746
42 778
42 887
42 993
42 71
43 123
43 156
43 324
43 640
43 875
44 49
44 63
45 530
45 567
45 102
46 60
46 168
46 173
46 255
46 333
46 382
46 621
46 627
46 629
46 787
46 929
46 931
46 997
47 339
47 766
47 820
48 78
48 127
48 293
48 441
48 813
48 865
48 998
48 100
48 111
49 75
49 102
49 104
49 109
49 113
49 216
49 559
49 686
49 702
49 802
49 52
49 82
49 83
50 176
51 101
51 301
51 412
51 415
51 424
51 190
52 59
52 462
52 54
52 56
52 115
52 130
52 136
52 150
53 440
53 570
53 909
54 79
55 60
55 101
55 105
55 110
56 409
56 547
56 631
56 126
56 184
57 443
58 65
58 74
58 716
59 251
59 583
59 641
60 91
60 163
60 273
60 389
60 456
60 467
60 529
60 605
60 691
60 905
60 74
60 146
60 151
61 129
63 67
63 83
63 105
64 138
64 199
65 438
65 447
65 606
65 657
65 770
65 994
65 193
66 119
66 376
66 556
66 673
66 721
67 150
67 437
67 539
67 950
67 72
67 129
67 151
68 150
68 152
68 194
68 787
68 99
69 224
69 80
70 73
70 204
70 637
70 954
70 956
71 114
73 263
73 465
73 505
73 682
73 771
73 897
74 77
74 147
74 236
74 680
74 730
74 767
74 796
74 898
74 925
74 989
74 991
74 992
74 131
74 136
75 202
75 365
76 203
76 271
76 343
76 373
76 523
77 253
77 653
77 692
77 885
78 393
78 836
78 173
79 106
80 555
80 125
81 115
81 116
81 275
81 685
82 93
82 125
82 181
82 182
82 256
82 406
82 532
82 589
82 706
82 842
82 883
82 961
83 111
84 411
84 660
84 675
84 742
84 758
86 95
86 294
86 933
86 179
87 112
87 183
87 308
87 368
87 449
87 707
87 811
87 964
87 145
87 187
88 116
88 433
88 768
89 93
89 122
89 140
89 198
89 203
89 344
89 638
89 689
89 793
89 798
89 891
89 955
89 979
89 191
90 319
90 630
90 109
92 135
92 241
92 471
92 700
92 708
92 828
92 967
93 107
93 457
93 625
93 887
93 132
94 199
94 211
94 257
94 318
94 334
94 593
94 639
94 643
94 803
95 116
95 295
95 592
95 600
95 693
96 185
96 277
97 102
97 138
97 214
97 225
97 303
97 309
97 524
97 723
97 768
97 803
97 827
97 833
97 877
98 266
98 914
99 100
99 159
99 162
99 167
99 265
99 270
99 282
99 323
99 350
99 388
99 410
99 614
99 649
99 695
99 698
99 715
99 725
99 919
99 958
100 197
100 259
100 451
100 519
100 582
100 974
101 232
101 341
101 615
101 196
102 105
102 459
102 528
102 773
102 783
102 965
103 344
103 384
103 535
103 566
103 920
103 969
103 152
105 309
105 745
105 152
106 981
107 874
107 125
108 123
108 166
108 176
108 187
108 192
108 228
108 283
108 312
108 359
108 391
108 423
108 488
108 517
108 607
108 153
109 511
111 131
111 185
111 195
111 264
111 788
112 328
112 664
112 824
112 831
112 862
112 878
112 918
112 188
113 140
113 153
113 217
113 268
113 279
113 305
113 352
113 461
113 492
113 506
113 612
113 688
113 729
113 794
113 911
115 116
115 208
115 418
115 624
115 671
115 785
115 841
115 849
115 926
115 946
116 278
116 332
116 446
116 538
116 546
116 587
116 595
116 705
116 728
116 755
116 881
116 912
116 915
117 153
117 327
117 542
117 652
117 697
117 764
117 789
117 879
118 121
118 159
118 325
118 541
118 817
118 986
119 461
119 526
119 127
119 138
120 306
120 521
120 540
120 679
121 260
121 286
122 200
122 458
122 510
122 594
122 632
122 134
123 337
123 801
124 133
124 141
124 244
125 170
125 171
125 738
125 164
126 172
126 269
126 744
126 762
126 774
126 872
127 172
127 780
127 866
127 983
128 503
128 656
128 178
129 137
129 209
129 757
129 809
130 199
130 353
130 394
130 499
130 596
130 812
131 419
132 822
132 134
133 349
133 428
133 436
133 853
133 894
134 310
134 314
134 141
135 274
135 301
135 489
135 646
135 658
135 751
135 921
135 935
135 960
135 987
136 151
136 248
136 345
136 999
138 179
138 644
138 826
138 995
138 140
138 147
139 735
140 230
140 280
142 177
144 534
144 720
144 161
145 187
145 249
145 508
146 320
146 435
146 710
146 786
146 943
147 572
147 944
148 166
148 233
148 234
148 601
148 670
148 732
148 784
148 890
149 169
149 242
149 383
149 490
149 536
149 648
149 666
149 760
149 779
149 843
149 850
149 963
149 972
150 860
151 290
151 354
151 390
151 573
151 795
151 844
151 910
151 990
151 159
152 240
152 293
152 408
152 609
152 616
152 686
152 799
152 807
152 882
152 174
153 386
153 396
153 497
153 550
153 622
153 741
154 219
154 576
154 982
174 194
