0 1
0 2
0 3
0 4
0 5
0 10
0 13
0 14
0 17
0 20
0 21
0 22
0 24
0 25
0 32
0 33
0 35
0 52
0 56
0 60
0 66
0 67
0 70
0 71
0 73
0 74
0 78
0 80
0 81
0 90
0 92
0 99
0 100
0 102
0 107
0 112
0 115
0 116
0 117
0 122
0 129
0 138
0 139
0 140
0 141
0 142
0 144
0 151
0 153
0 164
0 167
0 171
0 189
0 194
0 197
0 205
0 232
0 300
0 353
0 362
0 368
0 379
0 422
0 478
0 511
0 633
0 637
0 788
0 811
0 879
0 908
0 940
0 964
1 2
1 3
1 4
1 5
1 6
1 10
1 12
1 30
1 44
1 59
1 73
1 74
1 85
1 92
1 93
1 110
1 116
1 124
1 128
1 129
1 131
1 169
1 175
1 190
1 195
1 356
1 559
1 685
1 850
1 884
1 997
2 3
2 4
2 5
2 14
2 15
2 18
2 21
2 27
2 28
2 41
2 46
2 55
2 56
2 65
2 67
2 73
2 75
2 78
2 82
2 83
2 87
2 96
2 109
2 114
2 118
2 121
2 136
2 137
2 138
2 139
2 159
2 160
2 168
2 172
2 184
2 187
2 190
2 196
2 197
2 199
2 206
2 230
2 237
2 247
2 248
2 277
2 291
2 299
2 305
2 310
2 326
2 404
2 496
2 553
2 590
2 777
2 799
2 827
2 833
2 839
2 860
2 929
2 937
2 949
2 957
2 960
3 4
3 5
3 6
3 7
3 10
3 12
3 26
3 28
3 30
3 32
3 35
3 40
3 41
3 42
3 61
3 62
3 69
3 70
3 89
3 90
3 96
3 102
3 109
3 110
3 116
3 119
3 145
3 151
3 164
3 172
3 183
3 192
3 193
3 199
3 219
3 223
3 225
3 323
3 343
3 349
3 366
3 408
3 409
3 431
3 442
3 565
3 643
3 661
3 722
3 773
3 883
3 933
3 965
3 978
3 982
3 990
4 5
4 7
4 14
4 29
4 30
4 31
4 40
4 79
4 85
4 88
4 91
4 95
4 97
4 101
4 109
4 120
4 124
4 132
4 135
4 146
4 148
4 152
4 156
4 189
4 194
4 196
4 268
4 365
4 376
4 396
4 474
4 488
4 559
4 566
4 599
4 621
4 675
4 890
5 8
5 11
5 12
5 19
5 43
5 49
5 56
5 77
5 80
5 94
5 98
5 112
5 127
5 130
5 149
5 165
5 167
5 183
5 198
5 199
5 203
5 321
5 389
5 506
5 539
5 544
5 610
5 615
5 739
5 852
5 913
5 922
5 924
5 956
6 9
6 15
6 20
6 23
6 53
6 67
6 68
6 83
6 114
6 150
6 154
6 238
6 283
6 334
6 375
6 435
6 446
6 569
6 594
6 629
6 632
6 683
6 800
6 817
6 830
6 832
6 151
6 7
6 8
6 10
6 31
7 8
7 37
7 97
7 105
7 131
7 188
7 298
7 510
7 622
7 684
7 151
7 9
7 11
7 21
7 26
7 30
7 38
7 41
7 43
7 53
7 75
7 83
7 100
7 127
7 146
7 149
8 18
8 25
8 36
8 76
8 86
8 145
8 585
8 736
8 974
8 151
8 12
8 19
8 20
8 28
8 29
8 43
8 117
8 132
9 15
9 19
9 20
9 54
9 62
9 103
9 735
9 897
9 38
10 11
10 17
10 57
10 152
10 380
10 453
10 903
10 910
10 151
10 13
10 15
10 28
10 32
10 68
10 102
10 109
10 147
11 16
11 21
11 27
11 38
11 72
11 164
11 169
11 193
11 218
11 239
11 416
11 548
11 575
11 618
11 639
11 715
11 750
11 806
11 868
11 971
11 983
12 13
12 29
12 36
12 63
12 81
12 92
12 130
12 134
12 148
12 180
12 186
12 197
12 319
12 351
12 391
12 476
12 686
12 756
12 871
12 151
12 19
12 22
12 42
12 50
12 82
12 89
12 96
13 36
13 331
13 601
13 23
14 24
14 25
14 33
14 39
14 122
14 185
14 292
14 302
14 413
14 515
14 542
14 545
14 698
14 836
14 151
14 40
14 52
14 110
15 23
15 68
15 75
15 112
15 288
15 672
15 36
15 87
16 17
16 19
16 24
16 34
16 45
16 47
16 57
16 60
16 61
16 106
16 138
16 139
16 173
16 182
16 215
16 234
16 236
16 271
16 275
16 285
16 307
16 344
16 377
16 469
16 486
16 502
16 521
16 532
16 561
16 596
16 606
16 641
16 642
16 690
16 752
16 787
16 826
16 857
16 869
16 894
16 902
16 921
16 925
16 954
16 955
16 979
16 992
16 189
17 18
17 44
17 91
17 132
17 140
17 316
17 355
17 369
17 604
17 789
17 807
17 859
17 944
17 151
18 42
18 128
18 144
18 191
18 229
18 272
18 297
18 312
18 328
18 388
18 405
18 428
18 470
18 489
18 523
18 551
18 567
18 577
18 595
18 645
18 649
18 692
18 717
18 746
18 781
18 804
18 806
18 867
18 905
18 977
18 994
18 151
18 32
19 48
19 50
19 73
19 83
19 125
19 207
19 270
19 337
19 407
19 448
19 531
19 540
19 589
19 590
19 620
19 634
19 636
19 699
19 757
19 765
19 768
19 844
19 845
19 936
19 953
19 151
19 36
19 41
19 42
20 149
20 158
20 175
20 199
20 201
20 730
20 967
20 151
20 22
20 34
20 39
20 98
21 38
21 105
21 128
21 193
21 221
21 336
21 401
21 574
21 588
21 151
21 25
21 43
22 37
22 40
22 45
22 49
22 51
22 59
22 61
22 90
22 108
22 111
22 121
22 151
22 196
23 62
23 438
23 447
23 557
23 703
23 712
23 723
23 151
23 24
23 25
23 100
23 168
24 33
24 39
24 461
24 700
24 835
24 862
24 80
24 116
24 133
25 33
25 37
25 39
25 93
25 131
25 142
25 162
25 202
25 253
25 278
25 280
25 282
25 289
25 359
25 390
25 491
25 584
25 608
25 612
25 644
25 709
25 864
25 44
26 117
26 315
26 372
26 927
26 151
26 55
27 779
27 983
28 42
28 64
28 86
28 104
28 126
28 162
28 165
28 192
28 220
28 317
28 340
28 348
28 414
28 426
28 546
28 570
28 582
28 613
28 776
28 792
28 952
28 999
28 47
28 63
28 95
29 46
29 49
29 81
29 134
29 147
29 168
29 201
29 283
29 477
29 541
29 549
29 550
29 571
29 587
29 638
29 657
29 748
29 761
29 784
29 809
29 891
29 943
29 34
29 85
30 98
30 214
30 497
31 37
31 86
31 171
31 535
31 691
31 758
31 846
31 151
31 105
31 112
31 198
32 58
32 75
32 78
32 111
32 136
32 294
32 619
32 671
32 780
32 155
32 204
33 34
33 45
33 65
33 121
33 122
33 244
33 395
33 487
33 772
33 816
33 896
34 121
34 482
34 992
34 91
34 182
35 72
35 152
35 373
35 626
35 787
36 63
36 71
36 88
36 95
36 163
36 166
36 210
36 322
36 339
36 346
36 367
36 374
36 400
36 444
36 612
36 702
36 704
36 725
36 738
36 754
36 782
36 793
36 819
36 847
36 861
36 873
36 878
36 919
36 930
36 947
36 951
36 69
36 93
36 94
36 97
36 115
36 132
36 149
36 154
37 51
37 74
37 77
37 97
37 104
37 161
37 216
37 231
37 264
37 276
37 329
37 330
37 332
37 399
37 412
37 457
37 471
37 530
37 562
37 716
37 721
37 744
37 751
37 774
37 854
37 906
37 931
37 78
37 166
38 191
38 46
38 98
38 151
39 48
39 59
39 85
39 222
39 358
39 509
39 151
39 70
40 52
40 53
40 90
40 114
40 123
40 174
40 251
40 345
40 460
40 775
40 920
40 113
41 43
41 50
41 59
41 107
41 208
41 213
41 217
41 290
41 455
41 467
41 508
41 573
41 602
41 678
41 701
41 711
41 713
41 718
41 831
41 851
41 865
41 911
41 961
41 975
41 986
41 123
41 152
42 64
42 94
42 137
42 284
42 440
42 480
42 564
42 948
42 999
42 92
43 169
43 659
44 69
44 146
44 157
44 250
44 512
44 988
44 148
44 190
46 88
46 177
46 495
46 904
46 97
46 101
47 363
47 394
47 747
47 946
47 959
47 135
47 164
48 474
49 84
49 140
49 166
49 609
49 785
49 888
49 895
49 973
50 116
50 185
50 318
50 327
50 614
50 630
50 677
50 694
50 882
50 898
50 925
50 980
50 995
51 151
52 55
52 63
52 70
52 71
52 112
52 150
52 180
52 224
52 257
52 308
52 325
52 424
52 492
52 517
52 527
52 547
52 576
52 586
52 598
52 623
52 668
52 695
52 705
52 708
52 712
52 834
52 901
52 987
53 83
53 433
53 651
53 87
53 90
53 129
54 61
54 66
54 387
54 753
54 976
55 101
55 116
56 309
56 393
56 513
57 173
57 656
57 969
58 108
58 398
59 494
59 65
60 151
61 164
61 311
61 333
61 384
61 403
61 419
61 742
61 907
61 151
62 66
62 78
62 386
62 484
62 568
62 576
62 587
62 605
62 682
62 706
62 762
62 151
62 67
63 212
63 536
63 558
63 791
64 76
64 171
64 184
64 813
64 848
65 151
66 209
66 261
66 466
66 732
66 889
67 105
68 154
68 204
68 258
68 259
68 273
68 617
68 670
69 107
69 127
69 191
69 347
69 462
69 483
69 803
69 820
70 77
70 87
70 177
70 178
70 179
70 279
70 286
70 503
70 554
70 580
70 648
70 693
70 853
71 802
72 915
73 133
73 170
73 181
73 233
73 267
73 415
73 418
73 423
73 485
73 505
73 515
73 687
73 696
73 732
73 745
73 759
73 763
73 790
73 799
73 840
73 855
73 962
73 963
73 151
74 86
74 256
75 473
75 689
75 697
75 877
75 991
76 101
76 184
76 281
76 382
76 679
77 133
77 254
77 378
77 814
77 180
78 147
78 402
78 646
78 917
78 981
78 996
78 113
80 87
80 179
81 135
81 159
81 212
81 269
81 472
81 552
81 563
81 654
81 720
81 805
81 825
81 923
81 968
82 151
82 135
82 139
82 199
83 89
83 136
83 150
83 163
83 176
83 195
83 226
83 235
83 243
83 249
83 262
83 263
83 305
83 338
83 350
83 383
83 397
83 410
83 448
83 450
83 451
83 465
83 555
83 591
83 625
83 628
83 635
83 676
83 679
83 749
83 764
83 778
83 818
83 909
83 912
83 932
83 934
83 939
83 998
84 313
84 501
84 524
84 842
85 516
85 822
86 101
86 163
86 240
86 370
86 534
86 733
86 887
87 200
87 360
87 417
87 449
87 525
87 901
87 928
87 153
88 178
88 392
88 526
88 631
88 837
88 885
88 151
89 94
89 99
89 126
89 581
89 674
90 143
90 205
90 95
90 141
90 142
91 146
91 406
91 770
92 245
92 597
92 786
92 870
92 938
93 420
93 500
93 151
94 141
94 421
94 443
94 740
95 211
95 381
96 170
96 205
96 274
96 993
97 104
97 137
97 255
97 287
97 454
97 138
97 140
98 100
98 499
98 110
98 141
98 150
99 160
99 161
99 306
99 314
99 352
99 364
99 429
99 458
99 578
99 719
99 737
99 808
99 828
99 829
99 916
99 945
99 151
100 118
100 135
100 166
100 179
100 186
100 196
100 200
100 203
100 228
100 231
100 296
100 427
100 436
100 459
100 507
100 603
100 640
100 728
100 797
100 824
100 856
100 866
100 872
100 876
100 891
100 892
100 970
100 160
101 441
101 812
102 142
102 475
102 607
102 667
102 783
102 863
103 519
103 652
103 660
103 767
104 113
104 176
104 989
105 145
105 357
106 141
106 155
106 655
106 666
106 798
106 151
108 114
108 726
109 242
109 293
109 529
109 583
109 681
109 945
109 965
109 966
109 984
109 177
110 942
111 452
111 533
112 158
112 518
112 520
113 188
114 435
115 918
116 185
116 233
116 514
116 743
116 766
116 121
117 528
117 128
118 125
118 130
118 411
118 964
119 771
119 151
122 395
124 295
124 795
124 950
125 437
125 439
125 874
125 914
125 175
126 522
126 680
126 151
127 650
127 907
127 935
128 252
128 341
128 456
128 493
128 548
128 572
128 579
128 688
128 714
128 729
128 760
128 893
128 151
128 144
129 985
129 155
130 134
130 304
130 342
130 445
130 463
130 495
130 543
130 556
130 560
130 810
130 843
130 916
131 498
131 647
131 653
132 611
133 241
133 464
133 592
133 665
133 837
134 361
134 731
134 815
134 823
135 481
135 681
135 727
136 600
136 662
136 734
136 875
137 669
138 170
138 396
138 430
138 664
138 886
138 142
139 301
139 320
139 354
139 468
139 502
139 741
139 849
140 148
140 260
140 265
140 266
140 536
140 538
140 593
140 627
140 673
140 724
140 899
140 958
140 151
140 178
140 191
141 188
141 324
141 425
141 434
141 504
141 616
141 710
141 796
142 658
142 769
142 880
143 303
143 972
144 202
144 371
144 738
144 841
144 163
145 227
146 493
146 838
147 151
148 432
148 755
148 881
148 900
149 479
150 246
150 335
150 490
150 624
150 663
150 707
150 801
150 818
150 858
150 158
151 385
151 537
151 794
151 821
151 941
151 154
155 926
169 189
172 188
191 193
