0 1
0 2
0 3
0 4
0 6
0 7
0 8
0 10
0 15
0 24
0 28
0 33
0 44
0 82
0 83
0 95
0 107
0 119
0 133
0 141
0 147
0 164
0 167
0 180
0 181
0 193
0 200
0 279
0 354
0 398
0 486
0 542
0 602
0 819
0 965
0 968
1 2
1 3
1 4
1 5
1 6
1 10
1 11
1 13
1 14
1 15
1 16
1 22
1 23
1 27
1 30
1 32
1 38
1 39
1 40
1 41
1 43
1 44
1 46
1 48
1 54
1 58
1 59
1 67
1 69
1 70
1 71
1 74
1 76
1 79
1 81
1 82
1 91
1 92
1 99
1 104
1 110
1 111
1 116
1 123
1 124
1 127
1 129
1 131
1 132
1 133
1 134
1 141
1 150
1 151
1 152
1 159
1 163
1 166
1 167
1 169
1 171
1 173
1 175
1 178
1 179
1 181
1 187
1 189
1 194
1 195
1 198
1 212
1 220
1 244
1 260
1 276
1 294
1 301
1 320
1 335
1 357
1 392
1 393
1 424
1 434
1 488
1 502
1 535
1 537
1 549
1 562
1 604
1 620
1 689
1 693
1 741
1 748
1 754
1 773
1 783
1 792
1 806
1 840
1 892
1 903
1 907
1 933
1 935
1 937
1 940
1 974
2 3
2 4
2 6
2 7
2 9
2 16
2 21
2 27
2 28
2 36
2 56
2 59
2 63
2 66
2 77
2 81
2 87
2 89
2 97
2 105
2 108
2 116
2 120
2 126
2 144
2 147
2 148
2 149
2 160
2 167
2 169
2 172
2 175
2 189
2 232
2 343
2 380
2 545
2 561
2 573
2 607
2 620
2 633
2 709
2 799
2 841
2 855
2 899
3 4
3 5
3 9
3 28
3 30
3 35
3 43
3 49
3 73
3 75
3 82
3 101
3 103
3 108
3 118
3 119
3 125
3 134
3 136
3 138
3 139
3 142
3 146
3 152
3 180
3 184
3 188
3 189
3 195
3 198
3 201
3 202
3 203
3 210
3 221
3 270
3 280
3 290
3 385
3 387
3 473
3 492
3 537
3 566
3 568
3 647
3 653
3 720
3 778
3 786
3 802
3 822
3 864
3 957
3 961
3 970
4 5
4 8
4 24
4 26
4 27
4 30
4 54
4 57
4 58
4 62
4 67
4 73
4 79
4 84
4 85
4 88
4 106
4 109
4 113
4 123
4 132
4 137
4 138
4 143
4 146
4 160
4 165
4 176
4 177
4 181
4 194
4 198
4 237
4 476
4 527
4 572
4 594
4 652
4 660
4 685
4 695
4 707
4 728
4 769
4 794
4 807
4 877
4 976
5 10
5 13
5 19
5 31
5 39
5 43
5 54
5 66
5 72
5 124
5 155
5 177
5 182
5 204
5 213
5 231
5 286
5 366
5 491
5 499
5 522
5 574
5 587
5 591
5 661
5 664
5 692
5 959
5 146
5 45
5 149
5 6
5 9
5 14
5 26
5 38
5 44
5 56
5 65
5 139
5 142
6 8
6 12
6 15
6 40
6 51
6 83
6 95
6 105
6 118
6 137
6 191
6 193
6 346
6 417
6 432
6 460
6 469
6 567
6 767
6 857
6 149
6 17
6 86
7 9
7 17
7 21
7 22
7 23
7 29
7 36
7 63
7 88
7 94
7 112
7 117
7 153
7 157
7 184
7 200
7 334
7 341
7 342
7 453
7 456
7 501
7 559
7 599
7 649
7 698
7 757
7 768
7 791
7 812
7 824
7 983
7 996
7 997
7 149
8 12
8 14
8 32
8 50
8 70
8 77
8 92
8 106
8 122
8 267
8 355
8 365
8 385
8 390
8 414
8 446
8 493
8 500
8 543
8 575
8 626
8 673
8 844
8 874
8 881
8 904
8 924
8 928
8 936
8 941
8 944
8 149
9 25
9 26
9 29
9 46
9 63
9 93
9 115
9 184
9 205
9 262
9 315
9 332
9 416
9 503
9 541
9 788
9 869
9 893
9 962
9 149
9 57
9 141
10 31
10 114
10 174
10 203
10 223
10 370
10 377
10 449
10 514
10 519
10 520
10 530
10 533
10 551
10 576
10 596
10 811
10 895
10 951
10 149
10 45
10 26
10 36
10 37
10 75
10 91
10 103
10 111
10 122
10 137
11 149
11 45
12 40
12 45
12 55
12 64
12 69
12 74
12 78
12 80
12 134
12 191
12 209
12 216
12 243
12 302
12 318
12 323
12 327
12 362
12 391
12 400
12 401
12 408
12 439
12 531
12 556
12 582
12 601
12 635
12 662
12 663
12 705
12 722
12 732
12 747
12 750
12 755
12 758
12 776
12 808
12 810
12 816
12 821
12 838
12 876
12 885
12 886
12 934
12 969
12 972
12 149
12 13
12 89
13 37
13 47
13 72
13 124
13 126
13 155
13 309
13 311
13 363
13 471
13 550
13 609
13 979
13 149
13 19
13 23
13 32
13 34
13 39
13 41
13 50
13 53
13 61
13 73
13 76
13 102
13 108
13 127
13 128
14 65
14 538
14 610
14 667
14 45
14 16
14 24
14 25
14 60
14 72
14 83
14 87
14 94
14 95
14 98
14 100
14 137
14 151
15 31
15 32
15 39
15 62
15 79
15 100
15 145
15 156
15 203
15 258
15 266
15 300
15 325
15 364
15 378
15 383
15 431
15 437
15 477
15 481
15 483
15 521
15 523
15 617
15 641
15 682
15 736
15 850
15 883
15 910
15 938
16 20
16 37
16 114
16 155
16 277
16 637
16 737
17 18
17 19
17 21
17 22
17 34
17 64
17 65
17 97
17 99
17 135
17 198
17 206
17 267
17 329
17 330
17 331
17 333
17 345
17 413
17 468
17 513
17 540
17 691
17 729
17 775
17 798
17 800
17 803
17 804
17 814
17 870
17 913
17 925
17 973
17 982
18 989
19 90
19 124
19 177
19 211
19 229
19 308
19 353
19 442
19 525
19 586
19 594
19 615
19 712
19 763
19 797
19 823
19 834
19 914
19 971
19 97
19 149
20 173
20 278
20 322
20 455
20 524
20 723
21 25
21 153
21 230
21 184
22 34
22 115
22 219
22 257
22 270
22 299
22 350
22 409
22 412
22 793
22 966
22 149
23 30
23 122
23 123
23 126
23 135
23 145
24 65
24 80
24 127
24 143
24 202
24 319
24 356
24 358
24 367
24 646
24 659
24 674
24 693
24 902
25 26
25 56
25 94
25 287
25 337
25 429
25 600
25 715
25 743
25 149
25 36
25 47
25 79
25 80
25 109
25 110
25 120
25 123
26 75
26 178
26 451
26 60
26 116
27 35
27 91
27 190
27 197
27 253
27 618
27 785
27 857
28 30
28 33
28 42
28 57
28 98
28 142
28 222
28 236
28 415
28 420
28 459
28 480
28 564
28 565
28 616
28 764
28 833
28 854
28 859
28 862
28 945
28 954
28 993
28 45
28 31
29 94
29 188
29 199
29 288
29 911
30 38
30 42
30 57
30 61
30 81
30 111
30 139
30 183
30 185
30 186
30 201
30 241
30 314
30 369
30 399
30 411
30 474
30 507
30 515
30 585
30 669
30 760
30 863
30 865
30 149
31 49
31 72
31 100
31 421
31 444
31 466
31 733
31 860
31 47
31 58
31 101
31 108
32 121
32 122
32 388
32 498
32 505
32 589
32 621
32 653
32 730
32 765
32 930
32 958
32 149
32 70
33 38
33 125
33 386
33 897
33 955
33 964
34 75
34 826
34 998
34 149
34 42
34 82
34 90
34 113
35 36
35 55
35 92
35 94
35 96
35 97
35 108
35 180
35 197
35 227
35 269
35 282
35 338
35 375
35 470
35 504
35 569
35 577
35 628
35 643
35 690
35 699
35 725
35 749
35 759
35 830
35 917
35 991
35 149
36 403
36 490
36 752
36 919
36 78
36 99
36 132
37 52
37 140
37 692
38 85
38 139
38 245
38 739
38 149
38 64
38 78
39 651
40 76
40 146
40 161
40 191
40 224
40 247
40 261
40 347
40 352
40 440
40 512
40 529
40 567
40 612
40 625
40 710
40 714
40 716
40 740
40 745
40 898
40 967
41 42
41 103
41 142
41 154
41 161
41 176
41 252
41 351
41 395
41 430
41 536
41 539
41 547
41 606
41 624
41 648
41 852
41 854
41 900
41 908
41 968
42 102
42 128
42 655
42 856
42 866
42 56
42 166
43 52
43 114
43 228
43 371
43 447
43 497
43 756
44 50
44 86
44 95
44 136
44 145
44 161
44 303
44 339
44 360
44 372
44 376
44 498
44 570
44 708
44 801
44 846
44 920
44 939
44 65
44 70
45 115
46 379
46 571
46 634
46 691
47 382
47 52
47 54
47 63
47 69
47 77
47 85
47 103
49 53
49 70
49 135
49 174
49 233
49 340
49 407
49 423
49 462
49 563
49 670
49 789
49 818
50 92
50 154
50 896
51 76
51 77
51 135
51 160
51 161
51 235
51 284
51 312
51 427
51 631
51 713
51 719
51 744
51 761
51 777
51 805
51 843
51 946
51 988
52 700
52 702
53 60
53 143
54 151
54 207
54 304
54 879
54 912
54 98
55 58
55 286
55 328
55 450
55 479
55 688
55 726
55 746
55 847
55 873
55 929
55 956
55 994
55 149
56 117
56 495
56 528
56 71
56 95
56 116
57 61
57 168
57 271
57 464
57 999
57 149
57 111
58 81
58 98
58 107
58 111
58 126
58 132
58 144
58 186
58 217
58 305
58 343
58 361
58 397
58 425
58 438
58 516
58 548
58 552
58 578
58 608
58 623
58 640
58 658
58 666
58 671
58 703
58 711
58 712
58 762
58 770
58 815
58 851
58 856
58 888
58 906
58 918
58 922
58 980
58 64
59 60
59 66
59 123
60 871
61 68
61 166
61 226
61 272
61 452
61 66
62 156
63 67
63 251
63 595
64 76
64 106
64 89
64 118
65 248
65 289
65 292
65 297
65 404
65 517
65 678
65 777
65 932
65 963
65 990
65 105
65 135
66 204
66 107
66 152
67 96
67 153
67 283
67 458
67 926
68 588
68 679
68 836
69 158
69 359
69 389
69 410
69 605
69 191
70 368
70 636
70 665
70 827
70 932
70 95
70 97
70 100
71 772
72 213
72 829
72 978
73 157
74 176
74 948
74 969
75 163
75 179
75 180
75 192
75 246
75 317
75 445
75 454
75 463
75 580
75 600
75 627
75 630
75 638
75 639
75 686
75 697
75 771
75 779
75 795
75 796
75 813
75 835
75 867
75 884
75 949
75 977
76 119
76 254
76 544
76 814
76 868
76 987
76 143
77 80
77 162
77 426
77 590
77 718
78 96
78 110
79 101
79 121
79 130
79 242
79 275
79 295
79 418
79 439
79 472
79 677
79 681
79 751
79 817
80 684
80 849
81 85
81 657
82 127
82 509
82 554
82 92
83 130
83 136
83 484
83 825
84 133
84 916
85 102
85 234
85 271
85 321
85 515
85 578
86 255
86 905
86 134
86 197
87 672
87 992
88 192
89 93
89 180
90 285
90 555
90 604
90 891
91 281
91 510
91 597
91 149
91 153
92 145
92 197
92 220
92 250
92 915
92 942
92 98
92 108
93 128
94 159
94 163
94 225
94 324
94 405
94 526
94 598
94 683
94 787
94 952
94 178
95 121
95 240
95 396
95 584
95 858
96 731
96 149
96 199
97 263
97 557
97 149
97 159
98 152
98 215
98 344
98 534
98 579
98 619
98 828
98 125
99 296
99 553
99 139
99 169
100 113
100 581
101 629
101 149
102 104
102 734
103 380
103 144
103 168
104 186
104 196
104 268
104 293
104 306
104 307
104 441
104 622
104 717
104 889
104 194
105 148
106 138
106 487
106 626
106 650
106 820
106 985
106 986
107 349
107 443
107 112
107 186
108 130
108 339
108 436
108 465
108 853
108 124
109 131
109 644
109 149
111 120
111 185
111 384
111 489
111 613
112 775
112 839
112 149
113 995
113 149
113 130
113 203
114 140
114 204
114 508
114 558
115 214
115 310
115 475
115 727
115 894
115 117
115 133
116 756
117 592
117 743
117 790
119 784
119 921
120 265
120 374
120 422
120 890
120 922
120 195
122 381
122 190
123 149
123 177
124 348
124 174
125 170
125 406
125 668
126 156
126 583
126 603
126 670
126 706
126 842
127 724
128 153
129 218
129 249
129 274
129 457
129 162
130 166
130 170
130 402
130 546
130 614
130 861
130 882
130 953
130 960
131 162
131 186
131 239
131 291
131 326
131 336
131 485
131 511
131 593
131 642
131 701
131 735
132 140
132 151
132 168
132 305
132 316
132 448
132 482
132 518
132 694
132 704
132 746
132 780
132 806
132 831
132 848
132 927
132 943
132 981
133 174
133 532
133 950
133 149
134 208
135 169
135 238
135 428
135 738
135 781
135 872
136 256
136 506
136 875
136 149
137 887
137 909
138 680
139 143
139 171
139 185
139 245
139 313
139 433
139 494
139 496
139 611
139 632
139 676
139 687
139 721
139 753
139 774
139 845
139 878
139 901
139 923
140 259
140 675
140 696
141 837
142 201
142 742
142 931
142 149
142 146
142 148
143 419
143 782
143 832
144 190
144 196
144 264
144 394
144 461
144 588
144 947
144 975
145 247
145 467
145 645
145 164
146 984
147 880
148 273
148 656
149 435
149 154
150 173
150 547
151 298
151 766
151 809
151 204
152 373
152 560
153 478
153 654
153 163
154 302
154 689
174 177
179 200
180 181
190 193
196 201
