0 1
0 2
0 3
0 4
0 5
0 6
0 7
0 9
0 14
0 16
0 19
0 27
0 29
0 33
0 35
0 41
0 54
0 56
0 58
0 63
0 92
0 97
0 101
0 105
0 114
0 147
0 167
0 172
0 182
0 184
0 191
0 198
0 201
0 204
0 295
0 319
0 325
0 377
0 495
0 532
0 605
0 702
0 709
0 755
0 843
0 966
1 2
1 3
1 4
1 5
1 7
1 9
1 11
1 15
1 24
1 26
1 28
1 37
1 40
1 41
1 44
1 50
1 51
1 55
1 56
1 62
1 63
1 64
1 69
1 70
1 76
1 82
1 83
1 84
1 87
1 89
1 91
1 92
1 102
1 107
1 108
1 109
1 110
1 111
1 113
1 117
1 132
1 134
1 145
1 148
1 160
1 161
1 162
1 165
1 183
1 184
1 189
1 190
1 197
1 198
1 201
1 332
1 337
1 358
1 382
1 387
1 408
1 417
1 512
1 517
1 598
1 622
1 682
1 695
1 721
1 732
1 826
1 836
1 868
1 903
1 941
1 975
2 3
2 4
2 5
2 6
2 19
2 41
2 42
2 74
2 77
2 105
2 106
2 108
2 124
2 125
2 133
2 134
2 136
2 141
2 142
2 144
2 169
2 173
2 200
2 220
2 407
2 470
2 478
2 522
2 619
2 731
2 795
2 796
2 819
2 871
2 985
3 4
3 5
3 9
3 13
3 19
3 25
3 52
3 53
3 54
3 59
3 61
3 62
3 71
3 73
3 81
3 88
3 89
3 124
3 132
3 137
3 153
3 179
3 185
3 188
3 190
3 192
3 199
3 256
3 318
3 415
3 457
3 490
3 599
3 628
3 696
3 738
3 875
3 967
4 5
4 10
4 21
4 24
4 37
4 43
4 50
4 55
4 57
4 64
4 65
4 66
4 70
4 75
4 78
4 79
4 83
4 85
4 102
4 118
4 119
4 120
4 122
4 133
4 143
4 150
4 153
4 154
4 155
4 174
4 175
4 192
4 197
4 216
4 274
4 286
4 291
4 373
4 394
4 396
4 409
4 411
4 433
4 456
4 498
4 518
4 554
4 589
4 658
4 664
4 694
4 729
4 775
4 790
4 818
4 822
4 867
4 918
4 987
5 8
5 21
5 30
5 36
5 38
5 48
5 64
5 71
5 79
5 86
5 97
5 98
5 103
5 104
5 109
5 112
5 141
5 148
5 152
5 153
5 154
5 155
5 158
5 169
5 177
5 202
5 205
5 254
5 309
5 363
5 370
5 404
5 436
5 464
5 492
5 615
5 625
5 644
5 659
5 708
5 767
5 832
5 844
5 859
5 885
5 918
5 997
6 13
6 15
6 23
6 24
6 27
6 41
6 48
6 49
6 93
6 166
6 182
6 189
6 316
6 392
6 440
6 642
6 662
6 663
6 752
6 962
6 29
6 19
6 17
6 9
6 80
6 128
7 11
7 17
7 324
7 633
7 692
8 10
8 11
8 18
8 32
8 34
8 36
8 42
8 60
8 87
8 106
8 136
8 159
8 185
8 221
8 223
8 225
8 266
8 308
8 323
8 329
8 348
8 371
8 403
8 424
8 431
8 450
8 488
8 634
8 674
8 717
8 733
8 746
8 804
8 29
8 30
9 10
9 12
9 38
9 56
9 70
9 71
9 152
9 168
9 187
9 214
9 287
9 315
9 584
9 586
9 593
9 806
9 808
9 976
10 12
10 16
10 20
10 21
10 26
10 31
10 32
10 38
10 42
10 58
10 59
10 60
10 73
10 87
10 107
10 110
10 118
10 123
10 128
10 137
10 138
10 147
10 148
10 156
10 195
10 207
10 212
10 219
10 270
10 271
10 305
10 317
10 339
10 341
10 342
10 345
10 347
10 350
10 352
10 356
10 369
10 375
10 388
10 452
10 460
10 472
10 473
10 477
10 507
10 513
10 528
10 533
10 536
10 537
10 545
10 551
10 559
10 566
10 568
10 596
10 613
10 622
10 637
10 648
10 650
10 652
10 667
10 671
10 683
10 730
10 743
10 751
10 757
10 773
10 860
10 865
10 884
10 895
10 916
10 919
10 927
10 942
10 968
10 973
10 29
10 11
10 28
10 70
10 93
11 46
11 259
11 338
11 381
11 680
11 783
11 784
11 791
11 823
11 17
11 20
11 29
11 32
11 39
11 41
11 50
11 63
11 76
11 89
11 98
13 15
13 39
13 75
13 165
13 171
13 186
13 360
13 414
13 429
13 448
13 534
13 698
13 710
13 891
13 995
13 17
13 18
13 22
13 28
13 32
13 43
13 52
13 86
13 90
13 120
14 149
14 809
14 29
15 27
15 33
15 39
15 84
15 99
15 130
15 139
15 172
15 210
15 261
15 281
15 399
15 427
15 510
15 520
15 570
15 582
15 620
15 661
15 736
15 758
15 759
15 781
15 800
15 820
15 830
15 831
15 834
15 837
15 879
15 896
15 900
15 946
15 961
15 982
16 17
16 22
16 31
16 38
16 44
16 51
16 81
16 116
16 141
16 142
16 149
16 168
16 174
16 183
16 242
16 252
16 285
16 300
16 357
16 389
16 442
16 452
16 458
16 468
16 508
16 548
16 552
16 553
16 576
16 588
16 590
16 618
16 635
16 670
16 677
16 687
16 699
16 701
16 765
16 772
16 835
16 858
16 861
16 862
16 883
16 892
16 897
16 899
16 904
16 905
16 906
16 934
16 944
16 953
16 970
16 978
16 990
16 998
17 31
17 397
17 847
17 29
17 19
17 23
17 35
17 81
17 87
17 101
17 108
17 114
18 20
18 31
18 841
19 28
19 30
19 33
19 43
19 45
19 47
19 50
19 57
19 67
19 74
19 84
19 91
19 112
19 119
19 146
19 151
19 172
19 278
19 441
19 572
19 681
19 720
19 774
19 776
19 798
19 816
19 828
19 834
19 893
19 915
19 29
19 20
19 23
19 38
19 42
19 46
19 54
19 66
19 92
19 93
19 107
19 150
20 653
20 787
20 21
21 34
21 98
21 108
21 126
21 213
21 250
21 801
21 924
21 989
21 29
21 27
21 37
21 62
21 74
21 86
21 91
21 96
21 111
21 122
21 137
21 141
21 147
22 96
22 711
22 749
23 24
23 34
23 35
23 61
24 27
24 99
24 171
24 316
24 330
24 364
24 575
24 921
24 47
25 171
25 303
25 331
25 761
25 158
27 122
27 130
27 158
27 284
27 489
27 727
27 760
27 864
27 869
27 62
27 79
27 101
27 109
27 135
28 57
28 144
28 327
28 340
28 343
28 145
29 40
29 63
29 84
29 85
29 144
29 344
29 556
29 641
29 678
29 719
29 728
29 807
29 891
29 909
29 912
29 914
29 915
29 926
29 957
29 975
29 31
29 37
29 56
29 58
29 79
29 80
29 82
29 86
29 103
29 106
29 155
30 33
30 35
30 74
30 105
30 160
30 267
30 283
30 515
30 610
30 620
30 829
30 882
30 951
30 57
30 99
30 100
30 147
31 51
31 72
31 73
31 80
31 90
31 107
31 125
31 135
31 149
31 178
31 231
31 312
31 365
31 366
31 385
31 393
31 401
31 402
31 493
31 494
31 507
31 525
31 542
31 550
31 561
31 564
31 588
31 725
31 766
31 814
31 815
31 902
31 945
31 969
31 981
31 990
31 48
31 58
31 59
32 977
32 33
32 55
32 67
32 68
32 72
32 75
32 121
32 143
33 40
33 45
33 113
33 129
33 146
33 151
33 297
33 310
33 334
33 368
33 453
33 483
33 724
33 878
33 929
33 62
33 170
34 114
34 123
34 501
34 769
34 955
34 65
35 68
35 103
35 336
35 601
35 40
35 42
35 47
35 53
35 78
35 201
36 304
37 82
37 96
37 121
37 174
37 218
37 301
37 416
37 827
37 863
37 67
37 73
38 61
38 140
38 148
38 163
38 181
38 232
38 239
38 279
38 782
38 922
38 933
38 935
38 949
38 964
38 69
38 88
38 103
38 118
38 142
39 75
39 205
39 425
39 527
39 979
39 65
39 66
40 45
40 67
40 204
40 374
40 811
41 82
41 89
41 121
41 166
41 180
41 243
41 263
41 419
41 439
41 466
41 587
41 670
41 697
41 718
41 722
41 754
41 778
41 794
41 810
41 877
41 974
41 83
42 80
42 89
42 92
42 95
42 126
42 134
42 140
42 195
43 47
43 104
43 123
43 126
43 179
43 241
43 421
43 482
43 706
43 750
43 770
44 94
44 164
44 237
44 248
44 280
44 445
44 577
44 585
44 716
44 874
44 936
44 962
44 971
45 346
45 349
45 160
45 167
46 69
46 94
46 135
46 138
46 159
46 233
46 268
46 420
46 432
46 444
46 505
46 543
46 544
46 571
46 612
46 614
46 624
46 693
46 742
46 764
46 785
46 920
46 963
46 980
47 734
47 69
47 102
48 235
48 467
48 487
48 595
49 378
49 639
50 68
50 111
50 258
50 264
50 265
50 276
50 294
50 302
50 321
50 326
50 413
50 437
50 479
50 685
50 729
50 200
51 62
51 65
51 139
51 142
51 161
51 193
51 277
51 361
51 494
51 511
51 886
51 175
52 645
52 796
53 187
54 234
54 293
54 802
54 852
54 854
55 269
55 954
55 133
56 117
56 191
56 535
56 148
57 143
57 275
57 500
57 630
58 95
58 127
58 131
58 481
58 655
58 70
58 77
58 99
58 107
58 108
58 111
58 149
59 506
59 602
59 64
59 95
59 112
59 118
60 90
61 116
62 85
62 104
62 152
63 145
63 229
63 249
63 290
63 412
63 430
63 737
63 817
63 972
64 164
64 166
64 296
64 426
64 669
64 792
64 840
64 875
64 898
64 198
65 124
65 199
65 530
65 549
65 569
65 657
65 660
65 996
65 82
66 125
68 217
68 359
68 443
68 668
69 129
69 176
69 210
69 228
69 313
69 462
69 636
69 726
69 789
69 799
69 812
69 901
69 923
69 939
69 87
70 115
70 418
70 705
70 740
70 753
70 819
70 97
70 202
71 163
71 362
71 405
71 676
71 679
71 876
72 112
73 95
73 127
73 131
73 203
73 322
73 469
73 482
73 691
73 803
73 932
73 81
73 90
73 107
74 113
74 474
75 93
75 598
75 690
75 813
77 138
77 140
78 115
78 288
78 621
80 188
80 887
80 112
81 145
83 100
83 255
83 396
83 455
83 538
83 541
83 579
83 684
83 686
83 930
84 346
84 611
85 222
85 428
85 737
86 226
87 211
87 246
87 384
87 805
87 177
89 99
89 328
89 531
89 583
89 190
90 177
90 435
90 647
91 629
91 748
91 846
91 129
91 153
92 379
92 472
92 504
92 649
92 665
92 741
92 747
92 870
92 116
93 925
93 165
94 849
95 320
95 592
95 114
96 578
96 656
96 994
96 136
97 111
97 227
97 272
97 311
97 351
97 422
97 423
97 465
97 502
97 607
97 611
97 638
97 821
97 943
97 950
97 983
98 106
98 764
98 123
98 134
99 182
99 398
99 451
99 459
99 763
99 889
99 189
100 552
100 723
101 110
101 196
101 208
101 289
101 557
101 617
101 683
101 838
101 116
101 121
103 282
104 485
104 739
104 777
105 116
105 167
105 516
105 558
105 565
105 688
105 786
105 833
105 855
105 856
105 908
105 933
105 938
105 940
105 952
105 988
106 230
106 991
107 116
107 146
107 179
108 209
108 787
108 122
109 853
110 181
110 187
110 307
110 447
110 604
110 762
110 851
112 629
112 113
113 238
113 529
113 546
113 563
113 646
113 672
113 745
113 839
113 888
113 115
116 163
116 471
117 147
117 206
117 386
117 521
117 567
117 673
117 713
118 298
118 355
118 609
118 623
118 631
118 779
118 845
118 910
118 999
119 143
119 177
119 219
119 400
119 461
119 491
119 562
119 666
119 931
119 959
120 894
121 183
122 872
123 177
123 194
123 195
123 253
123 314
123 372
123 438
123 446
123 486
123 503
123 626
123 744
124 395
124 499
124 509
124 842
125 497
125 503
125 643
125 881
125 911
126 181
126 240
126 376
126 600
126 675
126 772
126 984
126 986
126 992
127 434
128 236
128 319
128 580
128 594
128 928
129 715
131 203
131 597
131 173
132 145
132 237
132 251
132 484
132 640
132 965
133 192
133 306
133 514
133 547
133 771
133 848
133 866
133 917
133 960
134 159
134 333
134 354
134 406
134 496
134 539
134 573
135 245
135 157
136 175
136 205
136 560
136 703
136 756
136 164
137 163
137 793
137 155
137 156
138 178
138 383
138 454
138 524
138 592
138 608
138 704
138 788
139 157
139 182
139 215
139 224
139 244
139 475
139 476
139 519
139 540
139 555
139 603
139 627
139 768
139 880
139 907
139 948
140 574
141 161
141 367
141 380
141 391
141 849
142 913
143 170
143 247
143 273
143 390
143 606
143 712
144 292
144 654
144 707
144 797
144 873
144 947
145 700
147 526
147 993
147 191
148 591
148 937
149 193
149 401
150 825
151 651
151 780
151 850
153 156
153 257
153 260
153 262
153 299
153 353
153 359
153 449
153 463
153 480
153 523
153 581
153 616
153 632
153 735
153 824
153 857
153 890
154 335
154 410
154 437
154 689
154 714
155 956
155 958
162 191
