0 1
0 2
0 3
0 4
0 5
0 9
0 12
0 14
0 21
0 44
0 50
0 51
0 61
0 62
0 75
0 84
0 107
0 108
0 111
0 119
0 122
0 123
0 126
0 135
0 142
0 145
0 157
0 164
0 171
0 176
0 180
0 183
0 193
0 353
0 433
0 440
0 546
0 590
0 597
0 680
0 683
0 694
0 738
0 773
0 797
0 858
0 897
0 977
1 2
1 3
1 4
1 5
1 8
1 9
1 10
1 21
1 29
1 30
1 31
1 33
1 37
1 38
1 40
1 46
1 54
1 62
1 63
1 76
1 80
1 85
1 109
1 115
1 117
1 120
1 127
1 141
1 149
1 155
1 158
1 165
1 182
1 184
1 186
1 187
1 202
1 204
1 217
1 221
1 261
1 295
1 296
1 299
1 315
1 323
1 379
1 443
1 474
1 480
1 539
1 552
1 575
1 612
1 642
1 662
1 737
1 751
1 802
1 886
1 887
1 890
1 923
1 936
1 969
2 3
2 4
2 5
2 7
2 8
2 9
2 31
2 40
2 73
2 82
2 95
2 98
2 101
2 102
2 106
2 110
2 113
2 118
2 131
2 153
2 158
2 191
2 197
2 204
2 205
2 208
2 230
2 248
2 255
2 270
2 377
2 428
2 567
2 723
2 744
2 866
2 874
2 970
3 4
3 5
3 9
3 16
3 17
3 20
3 26
3 43
3 45
3 52
3 59
3 65
3 66
3 69
3 70
3 72
3 79
3 80
3 82
3 85
3 98
3 103
3 111
3 118
3 119
3 125
3 128
3 131
3 138
3 143
3 147
3 172
3 175
3 181
3 182
3 203
3 223
3 228
3 231
3 257
3 263
3 264
3 279
3 363
3 458
3 492
3 531
3 611
3 722
3 780
3 826
3 837
3 885
3 991
4 5
4 18
4 23
4 54
4 68
4 87
4 101
4 114
4 118
4 121
4 128
4 129
4 143
4 148
4 149
4 156
4 157
4 159
4 160
4 162
4 164
4 170
4 175
4 181
4 190
4 191
4 194
4 202
4 212
4 224
4 249
4 266
4 303
4 333
4 393
4 562
4 580
4 659
4 758
4 766
4 875
4 880
4 910
4 972
5 6
5 7
5 14
5 15
5 17
5 23
5 25
5 29
5 30
5 31
5 34
5 47
5 49
5 55
5 59
5 60
5 61
5 62
5 66
5 72
5 80
5 86
5 99
5 102
5 109
5 116
5 122
5 136
5 138
5 144
5 146
5 153
5 179
5 182
5 193
5 356
5 410
5 464
5 477
5 553
5 574
5 599
5 613
5 661
5 724
5 839
5 840
5 894
5 952
6 11
6 20
6 27
6 53
6 64
6 116
6 407
6 412
6 605
6 691
6 884
6 129
6 92
6 7
6 13
6 16
6 17
6 19
6 21
6 24
6 29
6 31
6 34
6 37
6 59
6 71
6 117
6 123
6 124
6 144
7 10
7 13
7 18
7 24
7 26
7 41
7 42
7 54
7 71
7 73
7 75
7 78
7 87
7 88
7 90
7 96
7 97
7 115
7 117
7 120
7 135
7 170
7 174
7 178
7 185
7 195
7 200
7 227
7 238
7 243
7 259
7 277
7 301
7 304
7 306
7 318
7 385
7 400
7 404
7 409
7 423
7 424
7 435
7 445
7 448
7 475
7 482
7 513
7 532
7 534
7 537
7 572
7 583
7 585
7 586
7 603
7 610
7 615
7 626
7 635
7 668
7 672
7 693
7 702
7 755
7 786
7 808
7 812
7 816
7 819
7 830
7 831
7 833
7 860
7 864
7 882
7 895
7 902
7 916
7 925
7 958
7 976
7 980
7 993
7 92
7 129
7 8
7 16
7 52
7 70
7 76
7 86
7 136
8 12
8 14
8 48
8 69
8 81
8 126
8 389
8 502
8 606
8 675
8 686
8 778
8 829
8 838
8 39
8 91
8 129
9 17
9 19
9 34
9 38
9 52
9 65
9 68
9 105
9 125
9 161
9 281
9 293
9 496
9 817
9 994
10 13
10 42
10 97
10 135
10 137
10 164
10 236
10 361
10 432
10 507
10 644
10 673
10 763
10 853
11 20
11 22
11 27
11 36
11 39
11 53
11 55
11 56
11 83
11 396
11 536
11 736
11 820
11 865
12 14
12 25
12 32
12 48
12 74
12 147
12 171
12 302
12 331
12 386
12 516
12 667
12 715
12 730
12 746
12 756
12 843
12 868
12 950
12 959
13 28
13 35
13 42
13 97
13 112
13 130
13 180
13 335
13 615
13 92
13 15
13 26
13 39
13 41
13 53
14 61
14 149
14 455
14 598
14 769
14 788
14 92
15 18
15 215
15 465
15 581
15 783
15 791
15 896
15 924
15 934
15 966
15 99
15 134
15 147
16 203
16 582
16 28
16 29
16 75
16 94
16 113
17 19
17 33
17 43
17 154
17 155
17 207
17 246
17 287
17 297
17 324
17 422
17 508
17 525
17 568
17 570
17 687
17 793
17 822
17 963
17 25
17 67
17 118
18 30
18 94
18 176
18 257
18 364
18 365
18 387
18 514
18 548
18 732
18 779
18 841
18 946
18 92
18 129
18 36
19 37
19 68
19 540
19 996
20 22
20 46
20 67
20 280
20 503
20 747
20 92
21 75
21 90
21 91
21 101
21 109
21 201
21 203
21 204
21 241
21 276
21 291
21 344
21 429
21 488
21 569
21 620
21 713
21 731
21 740
21 932
21 92
21 26
21 30
21 37
21 40
21 41
21 82
21 89
21 153
22 27
22 72
22 82
22 103
22 138
22 256
22 417
22 827
22 92
23 132
23 134
23 305
23 415
24 56
24 99
24 220
24 571
24 646
24 883
24 891
25 31
25 32
25 111
25 441
25 506
25 521
25 607
25 847
25 962
25 129
25 72
26 347
26 792
26 33
26 37
26 143
27 39
27 47
27 60
27 77
27 137
27 196
27 209
27 442
27 623
27 948
27 129
27 92
27 28
27 31
27 35
27 56
27 75
27 78
27 80
28 321
29 111
29 486
29 500
29 106
30 90
30 130
30 133
30 191
30 402
30 418
30 436
30 487
30 983
30 92
30 149
31 92
31 127
31 150
31 167
31 251
31 368
31 375
31 467
31 588
31 589
31 758
31 764
31 888
31 33
31 35
31 48
31 62
31 133
32 286
33 109
33 183
33 369
33 549
33 907
33 915
33 38
33 53
33 59
33 71
33 92
33 108
33 114
33 184
34 139
34 557
34 596
34 748
34 42
34 55
34 65
34 104
34 106
35 185
35 194
35 199
35 237
35 240
35 243
35 336
35 376
35 452
35 560
35 656
35 757
35 761
35 782
35 789
35 908
35 60
35 85
35 111
35 204
36 68
36 93
36 108
36 122
36 145
36 163
36 166
36 168
36 192
36 247
36 283
36 285
36 351
36 398
36 439
36 471
36 473
36 497
36 517
36 550
36 555
36 579
36 588
36 629
36 643
36 653
36 671
36 679
36 700
36 739
36 762
36 771
36 775
36 795
36 811
36 842
36 849
36 850
36 852
36 886
36 986
36 988
36 72
37 65
37 74
37 92
37 121
37 140
37 146
37 151
37 214
37 223
37 320
37 524
37 527
37 799
37 848
37 965
37 49
37 139
38 58
38 205
38 338
39 40
39 159
39 163
39 193
39 196
39 225
39 380
39 490
39 734
39 798
39 878
39 60
39 64
39 130
39 131
40 82
40 138
40 145
40 329
40 426
40 522
40 631
40 650
41 47
41 74
41 150
42 45
42 54
42 123
42 137
42 190
42 218
42 242
42 268
42 916
42 999
42 60
42 86
43 51
43 52
43 80
43 105
43 173
43 547
44 155
44 202
44 205
44 408
44 529
44 696
44 785
45 349
45 194
46 49
46 53
46 76
46 83
46 159
46 182
46 483
46 545
46 935
47 48
47 64
47 81
47 84
47 141
47 189
47 233
47 272
47 332
47 334
47 343
47 378
47 416
47 446
47 456
47 463
47 485
47 544
47 576
47 647
47 650
47 695
47 726
47 844
47 845
47 904
47 928
48 74
48 81
48 106
48 149
48 411
48 459
48 528
48 530
48 692
48 800
48 900
48 914
48 97
48 98
49 67
49 260
49 362
49 542
49 594
49 669
49 73
49 154
50 70
50 89
50 793
51 134
51 717
51 92
51 52
51 98
51 115
51 150
52 57
52 63
52 74
52 104
52 129
52 132
52 133
52 161
52 189
52 254
52 273
52 275
52 294
52 327
52 484
52 515
52 533
52 595
52 634
52 663
52 670
52 718
52 729
52 733
52 741
52 745
52 753
52 810
52 834
52 851
52 919
52 929
52 62
52 73
52 84
52 107
53 136
53 206
53 210
53 216
53 311
53 319
53 388
53 449
53 511
53 813
53 913
54 56
54 78
54 96
54 113
54 152
54 197
54 269
54 316
54 326
54 357
54 641
54 676
54 831
54 921
54 927
54 129
55 76
55 397
55 821
55 110
55 182
56 120
56 211
56 244
56 292
56 336
56 352
56 437
56 501
56 563
56 564
56 630
56 632
56 688
56 712
56 716
56 767
56 768
56 787
56 815
56 828
56 869
56 876
56 901
56 903
56 910
56 943
56 998
56 129
56 158
57 707
58 150
58 420
59 124
59 754
59 836
59 974
59 98
59 120
59 138
60 102
61 100
61 151
61 168
61 183
61 246
61 250
61 339
61 421
61 491
61 616
61 618
61 714
61 741
61 774
61 794
61 803
61 818
61 837
61 892
61 898
61 907
61 971
61 990
61 161
62 101
62 229
62 438
62 443
62 600
62 660
62 710
62 809
62 856
62 870
62 947
62 987
62 995
62 79
63 498
63 578
63 706
63 941
63 129
63 167
64 372
64 677
64 96
64 196
65 91
65 911
66 95
66 169
66 177
66 265
66 461
66 640
66 681
66 760
66 825
66 957
66 982
67 103
67 341
67 619
68 719
68 912
68 92
68 124
68 153
69 806
69 179
70 125
70 314
70 366
70 403
70 414
70 523
70 541
70 653
70 657
70 690
70 759
70 889
70 939
70 984
71 174
71 255
71 573
71 790
71 115
72 752
72 846
72 93
73 96
73 98
73 128
73 309
73 77
73 110
73 114
73 140
73 148
74 104
74 156
74 210
74 252
74 504
74 578
74 665
74 666
75 177
75 178
75 402
75 577
76 193
77 120
78 355
78 709
78 862
80 166
81 140
81 198
81 234
81 645
81 879
82 85
82 367
82 479
84 678
85 86
85 108
85 137
85 358
85 372
85 391
85 454
85 460
85 476
85 481
85 608
85 807
85 814
85 985
85 989
85 129
85 90
86 509
86 587
87 117
87 345
87 92
88 94
88 262
89 651
89 749
89 101
90 770
90 920
90 981
90 119
91 399
91 592
91 784
92 201
92 781
92 96
92 100
92 110
92 138
93 512
93 743
94 373
94 405
95 114
95 152
95 160
95 334
95 381
95 384
95 478
95 566
95 721
95 973
96 186
96 190
96 199
96 450
96 801
97 160
97 390
97 468
97 505
97 951
97 142
98 172
98 348
98 349
98 382
98 805
98 960
99 226
99 451
99 708
101 148
101 185
101 253
101 308
101 330
101 430
101 859
101 930
101 169
102 453
102 520
102 162
103 290
103 370
103 129
103 125
104 114
104 133
104 824
105 235
105 285
105 472
105 519
105 559
106 239
106 489
106 493
106 561
106 978
106 129
107 139
109 168
109 300
109 328
109 413
109 595
109 699
109 725
109 968
110 551
110 652
110 113
110 127
111 156
111 179
111 188
111 535
111 591
111 648
111 663
111 704
111 727
113 219
113 392
113 637
113 776
113 186
114 179
114 689
114 972
114 134
115 633
115 119
115 143
115 145
116 584
117 148
117 195
117 212
117 337
117 340
117 346
117 354
117 374
117 558
117 614
117 664
117 997
118 131
118 232
118 240
118 245
118 307
118 313
118 344
118 466
118 553
118 655
118 823
118 835
118 871
118 881
118 933
118 997
118 177
119 638
119 132
120 130
120 310
121 271
121 282
121 383
121 447
121 863
121 964
122 284
122 494
122 554
122 599
122 129
123 197
123 322
123 350
123 967
124 954
125 777
125 804
125 917
126 127
126 278
126 765
126 899
127 427
127 684
127 730
127 918
128 222
128 274
128 312
128 360
128 371
128 444
128 457
128 470
128 526
128 556
128 593
128 602
128 622
128 686
128 701
128 711
128 720
128 735
128 931
128 944
128 945
129 938
129 979
129 146
129 188
130 359
130 401
130 538
130 685
130 877
130 906
130 909
130 956
130 973
130 164
130 178
132 832
132 166
133 169
133 258
133 342
133 431
133 499
133 502
133 518
133 543
133 617
133 621
133 628
133 639
133 658
133 697
133 703
133 705
133 728
133 750
133 772
133 857
133 873
133 926
134 168
134 152
135 425
135 510
135 872
136 627
137 153
137 303
137 317
137 419
137 462
137 495
137 674
137 698
137 855
137 861
137 893
137 905
137 922
137 940
138 267
138 298
138 394
138 406
138 796
138 955
141 217
141 198
143 395
143 434
143 609
143 636
143 682
144 154
144 288
144 742
144 867
144 942
144 200
145 624
145 937
146 601
146 949
146 992
148 610
148 649
148 654
148 961
149 325
149 625
150 151
150 469
150 975
151 604
151 173
151 205
152 289
152 565
153 197
154 213
154 854
154 953
162 163
165 191
168 192
169 178
172 190
