0 1
0 2
0 3
0 4
0 5
0 7
0 9
0 10
0 11
0 13
0 15
0 17
0 25
0 28
0 31
0 32
0 46
0 51
0 63
0 65
0 75
0 77
0 78
0 79
0 84
0 85
0 86
0 88
0 92
0 93
0 97
0 99
0 107
0 110
0 111
0 118
0 119
0 130
0 136
0 139
0 141
0 144
0 148
0 150
0 151
0 152
0 162
0 164
0 171
0 176
0 177
0 185
0 191
0 200
0 238
0 252
0 255
0 276
0 300
0 310
0 317
0 323
0 339
0 341
0 346
0 347
0 369
0 376
0 388
0 406
0 407
0 440
0 493
0 494
0 522
0 556
0 601
0 627
0 728
0 729
0 812
0 874
0 905
0 912
0 931
0 961
0 974
0 993
0 995
1 2
1 3
1 4
1 6
1 14
1 23
1 41
1 44
1 57
1 62
1 66
1 75
1 76
1 80
1 85
1 90
1 101
1 111
1 113
1 115
1 117
1 120
1 127
1 134
1 135
1 137
1 141
1 148
1 158
1 160
1 163
1 170
1 171
1 179
1 193
1 203
1 287
1 342
1 430
1 458
1 499
1 508
1 509
1 534
1 542
1 662
1 678
1 717
1 720
1 744
1 863
1 925
2 3
2 5
2 7
2 9
2 10
2 13
2 15
2 18
2 22
2 29
2 30
2 50
2 51
2 56
2 73
2 74
2 76
2 82
2 86
2 87
2 100
2 104
2 108
2 110
2 111
2 113
2 121
2 125
2 132
2 139
2 148
2 151
2 161
2 168
2 174
2 177
2 181
2 189
2 191
2 193
2 200
2 202
2 216
2 228
2 240
2 251
2 267
2 279
2 297
2 363
2 373
2 409
2 496
2 521
2 536
2 602
2 669
2 670
2 702
2 729
2 786
2 844
2 867
2 926
3 5
3 8
3 16
3 19
3 25
3 33
3 35
3 37
3 38
3 46
3 47
3 65
3 69
3 73
3 76
3 84
3 89
3 93
3 94
3 96
3 100
3 112
3 113
3 128
3 143
3 158
3 166
3 167
3 185
3 188
3 196
3 197
3 199
3 226
3 249
3 282
3 318
3 320
3 374
3 385
3 396
3 447
3 584
3 589
3 605
3 621
3 706
3 725
3 726
3 776
3 793
3 861
3 877
3 881
3 884
3 907
3 980
3 988
4 8
4 16
4 22
4 26
4 27
4 28
4 30
4 32
4 37
4 48
4 52
4 65
4 94
4 161
4 208
4 360
4 439
4 488
4 531
4 565
4 603
4 619
4 772
4 882
4 913
4 45
4 5
4 6
4 9
4 10
4 12
4 13
4 14
4 15
4 18
4 19
4 25
4 31
4 33
4 36
4 93
4 147
5 9
5 13
5 18
5 35
5 39
5 61
5 71
5 140
5 331
5 434
5 794
5 834
5 45
5 6
5 62
5 66
5 81
5 101
6 10
6 11
6 12
6 60
6 72
6 512
6 814
6 88
6 18
6 22
6 39
6 49
6 108
6 120
7 14
7 25
7 68
7 81
7 96
7 145
7 377
7 476
7 500
7 530
7 836
7 878
7 908
7 941
7 45
7 8
7 9
7 11
7 12
7 17
7 26
7 31
7 48
7 57
7 116
7 122
7 149
7 152
8 16
8 22
8 30
8 37
8 40
8 48
8 154
8 202
8 233
8 425
8 574
8 889
8 902
8 45
8 11
8 17
8 35
9 59
9 211
9 294
9 332
9 418
9 571
9 595
9 866
9 984
9 998
9 13
9 17
9 18
9 36
9 39
9 41
9 57
9 58
9 70
9 77
9 80
9 106
9 113
9 135
9 137
9 143
10 11
10 12
10 19
10 24
10 29
10 31
10 33
10 53
10 57
10 64
10 89
10 90
10 99
10 101
10 143
10 153
10 192
10 236
10 313
10 433
10 443
10 515
10 533
10 544
10 606
10 607
10 622
10 630
10 745
10 962
10 120
11 24
11 57
11 64
11 99
11 180
11 271
11 454
11 483
11 38
11 40
11 76
11 85
11 89
11 138
12 24
12 47
12 175
12 197
12 631
12 641
12 968
12 59
12 144
13 69
13 80
13 87
13 124
13 159
13 217
13 364
13 437
13 479
13 800
13 976
13 981
13 24
13 34
13 38
13 49
13 50
13 58
13 109
13 147
14 21
14 120
14 138
14 102
15 17
15 36
15 62
15 166
15 169
15 268
15 355
15 489
15 503
15 883
15 940
15 23
15 66
15 130
16 22
16 32
16 39
16 79
16 88
16 132
16 160
16 172
16 261
16 289
16 382
16 403
16 411
16 412
16 446
16 473
16 510
16 568
16 582
16 593
16 612
16 632
16 657
16 658
16 663
16 680
16 710
16 718
16 777
16 780
16 788
16 802
16 832
16 856
16 879
16 928
16 944
16 975
17 34
17 38
17 187
17 277
17 475
17 694
17 30
17 52
17 116
18 44
18 59
18 431
18 23
18 37
18 40
18 51
18 89
18 194
19 20
19 23
19 25
19 29
19 36
19 43
19 47
19 58
19 71
19 98
19 102
19 134
19 155
19 164
19 182
19 203
19 214
19 246
19 252
19 304
19 305
19 334
19 353
19 375
19 394
19 441
19 450
19 540
19 583
19 587
19 605
19 672
19 697
19 709
19 738
19 747
19 756
19 818
19 873
19 946
19 951
19 69
19 82
19 83
19 87
19 99
19 110
19 197
20 45
20 148
21 445
22 26
22 52
22 56
22 146
22 154
22 223
22 419
22 519
22 547
22 616
22 735
22 792
22 838
22 27
22 32
22 78
23 38
23 95
23 133
23 232
23 398
23 560
23 714
23 803
23 46
23 47
23 56
23 80
23 97
23 100
23 103
23 113
23 121
23 132
23 136
23 140
24 33
24 314
24 329
24 338
24 384
24 594
24 687
24 814
24 86
24 132
25 34
25 70
25 95
25 178
25 188
25 195
25 205
25 243
25 295
25 301
25 321
25 357
25 408
25 420
25 499
25 520
25 575
25 585
25 654
25 659
25 661
25 667
25 679
25 685
25 708
25 711
25 712
25 721
25 754
25 783
25 824
25 885
25 892
25 893
25 922
25 934
25 943
25 948
25 969
25 991
26 28
26 30
26 68
26 73
26 96
26 97
26 112
26 179
26 213
26 230
26 239
26 290
26 362
26 392
26 415
26 436
26 456
26 481
26 484
26 545
26 591
26 635
26 639
26 681
26 683
26 698
26 703
26 713
26 757
26 799
26 819
26 857
26 898
26 923
26 937
26 967
27 32
27 42
27 54
28 41
28 48
28 104
28 123
28 129
28 298
28 428
28 586
28 696
29 153
29 424
29 442
29 539
29 817
30 286
30 538
30 640
30 936
30 202
31 66
31 74
31 91
31 99
31 265
31 553
31 646
31 760
31 785
31 920
31 921
31 56
31 73
32 88
32 151
32 157
32 161
32 393
32 758
32 861
32 871
33 45
33 47
33 105
33 260
33 263
33 283
33 299
33 543
33 573
33 816
33 887
34 43
34 55
34 62
34 67
34 100
34 103
34 114
34 165
34 551
34 615
34 644
34 673
34 715
34 752
34 767
34 820
34 847
34 903
34 925
34 947
34 956
34 45
34 84
34 98
34 134
34 153
35 59
35 83
35 599
35 701
35 790
35 859
36 50
36 67
36 102
36 182
36 214
36 288
36 333
36 577
36 37
36 43
36 47
36 54
36 64
36 94
36 96
36 117
36 123
37 52
37 94
37 142
37 154
37 262
37 430
37 432
37 495
37 653
37 841
37 93
38 114
38 376
38 156
39 61
39 194
39 272
39 319
39 343
39 358
39 778
39 862
39 909
39 927
39 42
39 63
39 79
39 128
40 55
40 62
40 85
40 136
41 42
41 49
41 66
41 91
41 168
41 175
41 219
41 241
41 284
41 391
41 414
41 451
41 558
41 564
41 690
41 716
41 723
41 736
41 775
41 894
41 950
41 161
41 189
42 56
42 81
42 106
42 120
42 126
42 127
42 129
42 130
42 131
42 142
42 176
42 186
42 195
42 242
42 270
42 361
42 487
42 504
42 518
42 524
42 527
42 581
42 590
42 600
42 655
42 675
42 689
42 704
42 705
42 719
42 748
42 771
42 807
42 852
42 858
42 899
42 966
42 979
42 118
43 58
43 85
43 155
43 204
43 399
43 452
43 830
43 970
44 196
45 61
45 103
45 106
45 115
45 127
45 148
46 172
46 218
46 684
46 846
46 996
46 65
47 57
47 559
47 54
47 59
47 107
47 138
47 143
47 151
48 49
48 54
48 79
48 122
48 126
48 798
48 889
49 95
49 174
50 724
50 731
50 954
50 142
51 140
51 982
52 79
52 55
52 59
52 77
52 153
53 143
53 516
54 63
54 322
54 468
54 552
54 620
54 801
54 858
54 864
54 90
54 103
54 114
55 137
55 734
56 171
56 335
56 849
56 67
56 73
56 76
57 90
57 105
57 111
57 184
57 368
57 449
57 554
57 643
57 651
57 787
57 833
57 915
57 945
57 92
58 133
58 517
59 83
59 110
59 132
59 380
59 435
59 444
59 486
59 634
59 797
59 906
59 102
59 153
60 200
61 136
61 274
61 359
61 387
61 618
61 625
62 109
62 176
62 401
62 532
62 569
62 578
62 660
62 695
62 810
62 891
62 914
62 942
62 955
62 179
63 467
63 561
63 732
63 113
64 550
64 70
64 84
64 119
64 129
64 131
65 198
65 325
65 141
66 302
66 443
66 738
67 308
67 165
67 169
68 129
68 592
68 637
68 994
68 999
68 176
69 78
69 107
69 256
69 541
69 753
69 933
69 86
70 135
70 340
70 97
71 152
72 414
72 505
73 74
73 112
73 149
73 177
73 180
73 195
73 220
73 254
73 453
73 523
73 597
73 617
73 692
73 895
73 904
73 935
73 990
73 129
74 105
74 184
74 457
74 997
76 128
77 119
77 183
77 215
78 110
78 307
78 324
78 588
78 652
78 666
79 166
79 237
79 647
79 733
79 831
79 132
79 143
79 158
80 87
80 125
80 327
80 341
80 513
80 671
80 676
80 910
80 958
81 274
81 682
81 163
82 181
82 625
82 674
82 796
82 142
83 116
83 206
83 455
83 566
83 636
83 638
83 842
83 952
83 977
83 978
83 122
83 137
84 155
84 221
84 247
84 316
84 427
84 461
84 633
85 103
85 164
85 448
85 464
85 740
85 768
85 823
86 438
87 699
87 770
87 809
87 876
87 886
89 189
89 250
89 354
89 463
89 564
89 919
90 91
90 98
90 352
90 371
90 394
90 397
90 611
90 722
90 916
91 511
93 198
93 640
93 795
93 105
93 111
94 142
94 273
94 580
94 743
94 133
95 245
95 482
95 649
95 126
96 163
96 201
96 248
97 222
97 336
97 537
98 121
98 480
98 665
98 766
98 110
99 106
99 117
99 131
99 141
99 192
99 193
99 207
99 253
99 296
99 299
99 311
99 326
99 330
99 365
99 404
99 410
99 422
99 426
99 429
99 477
99 492
99 533
99 548
99 557
99 575
99 576
99 624
99 629
99 668
99 707
99 727
99 730
99 750
99 769
99 789
99 805
99 840
99 843
99 854
99 901
99 917
99 932
99 964
99 965
99 972
99 973
99 986
99 201
100 109
100 395
100 465
100 474
100 604
100 737
100 823
100 837
100 870
100 970
100 148
100 154
103 472
103 485
103 677
104 400
104 498
104 761
104 763
105 149
105 227
105 285
105 303
105 529
105 848
105 860
105 949
106 826
107 349
108 115
108 225
108 959
109 114
109 259
109 344
109 366
109 514
109 549
109 610
109 784
109 845
109 155
110 115
110 159
110 345
110 367
110 386
110 648
110 765
110 839
110 853
110 868
111 278
111 535
112 170
112 650
113 210
113 370
113 466
113 469
113 875
114 147
114 231
114 234
114 315
114 390
114 896
115 132
115 134
115 173
115 266
115 309
115 337
115 356
115 471
115 525
115 742
115 813
115 976
115 989
117 202
117 552
117 563
117 880
118 229
118 389
118 421
118 749
119 226
119 762
120 379
120 491
120 827
121 152
121 224
121 383
122 203
123 171
125 235
125 402
126 293
126 351
126 572
126 754
126 930
127 209
127 292
127 306
127 378
127 490
127 502
127 562
127 614
127 626
127 629
127 656
127 821
127 872
127 890
127 987
128 188
128 609
128 855
128 145
129 131
129 596
129 664
129 746
129 759
129 804
129 157
130 751
130 808
131 312
131 459
132 138
132 173
132 258
132 275
132 570
132 865
132 992
133 158
133 381
133 514
133 528
133 688
133 691
133 825
134 156
134 169
134 187
134 190
134 257
134 350
134 413
134 423
134 501
134 549
134 628
134 774
134 828
134 829
134 835
134 850
134 851
134 869
134 900
134 939
134 957
134 960
134 985
134 140
135 147
135 416
136 144
136 264
136 372
136 911
137 948
138 244
138 683
138 806
138 811
138 897
139 918
139 953
139 983
140 460
140 507
140 822
141 281
141 459
141 478
141 497
141 608
141 642
141 645
141 741
141 779
141 815
141 162
142 773
143 739
144 417
144 506
144 567
144 700
144 716
144 938
144 971
145 170
146 280
146 348
146 405
146 579
147 328
147 462
147 883
148 167
148 199
148 555
148 613
148 623
148 693
148 755
148 186
148 191
149 291
149 929
151 170
151 212
151 526
151 546
151 598
151 781
152 200
152 239
152 269
152 686
152 764
152 791
152 888
152 924
152 963
153 470
153 782
170 177
173 196
180 200
188 191
193 200
