0 1
0 2
0 3
0 5
0 8
0 9
0 10
0 20
0 23
0 26
0 30
0 32
0 36
0 37
0 39
0 40
0 42
0 46
0 53
0 54
0 55
0 56
0 60
0 61
0 65
0 71
0 83
0 89
0 93
0 97
0 101
0 102
0 106
0 108
0 109
0 113
0 116
0 118
0 122
0 125
0 136
0 138
0 140
0 142
0 145
0 150
0 156
0 167
0 179
0 181
0 187
0 188
0 189
0 190
0 193
0 195
0 197
0 200
0 201
0 218
0 225
0 237
0 310
0 331
0 377
0 380
0 391
0 414
0 428
0 435
0 487
0 510
0 540
0 553
0 559
0 564
0 597
0 631
0 642
0 656
0 663
0 675
0 693
0 709
0 718
0 735
0 797
0 800
0 806
0 811
0 826
0 844
0 923
0 998
1 2
1 3
1 4
1 6
1 7
1 9
1 12
1 13
1 15
1 17
1 21
1 25
1 28
1 34
1 36
1 41
1 44
1 56
1 57
1 58
1 61
1 67
1 69
1 72
1 73
1 80
1 81
1 82
1 87
1 90
1 95
1 102
1 106
1 108
1 109
1 110
1 113
1 115
1 117
1 118
1 120
1 124
1 126
1 136
1 138
1 139
1 148
1 151
1 167
1 168
1 169
1 184
1 185
1 189
1 195
1 198
1 199
1 202
1 209
1 257
1 302
1 323
1 362
1 403
1 451
1 481
1 517
1 525
1 621
1 627
1 638
1 740
1 749
1 874
1 886
1 909
1 912
1 935
1 937
1 994
1 997
2 3
2 4
2 38
2 54
2 60
2 62
2 65
2 76
2 90
2 100
2 131
2 142
2 152
2 155
2 162
2 182
2 186
2 226
2 301
2 332
2 383
2 501
2 685
2 697
2 780
2 799
3 4
3 5
3 6
3 9
3 10
3 11
3 14
3 16
3 21
3 23
3 26
3 27
3 31
3 35
3 36
3 39
3 46
3 47
3 57
3 61
3 64
3 65
3 68
3 70
3 72
3 76
3 77
3 78
3 79
3 86
3 89
3 91
3 92
3 93
3 106
3 114
3 118
3 124
3 126
3 127
3 128
3 131
3 145
3 149
3 151
3 154
3 160
3 163
3 164
3 175
3 176
3 186
3 194
3 198
3 200
3 207
3 210
3 220
3 251
3 255
3 311
3 321
3 329
3 351
3 357
3 388
3 390
3 405
3 425
3 528
3 550
3 562
3 567
3 581
3 583
3 585
3 587
3 593
3 620
3 661
3 690
3 695
3 751
3 763
3 817
3 821
3 832
3 833
3 837
3 842
3 864
3 869
3 870
3 901
3 950
3 969
4 5
4 13
4 14
4 19
4 24
4 43
4 66
4 81
4 85
4 134
4 164
4 189
4 191
4 370
4 412
4 468
4 599
4 629
4 630
4 671
4 770
4 812
4 855
4 859
4 960
4 90
5 6
5 8
5 13
5 20
5 22
5 24
5 29
5 30
5 38
5 41
5 50
5 70
5 75
5 83
5 84
5 87
5 91
5 104
5 110
5 132
5 134
5 145
5 152
5 165
5 166
5 171
5 181
5 187
5 214
5 216
5 222
5 234
5 256
5 271
5 279
5 328
5 338
5 376
5 401
5 418
5 429
5 521
5 522
5 532
5 549
5 552
5 563
5 571
5 579
5 595
5 596
5 602
5 608
5 625
5 631
5 644
5 653
5 664
5 700
5 701
5 710
5 729
5 743
5 766
5 791
5 802
5 804
5 815
5 843
5 875
5 907
5 919
5 939
5 955
5 965
5 976
5 980
5 986
5 90
5 49
5 129
5 78
6 10
6 23
6 29
6 32
6 55
6 99
6 212
6 904
6 934
6 90
7 11
7 12
7 15
7 37
7 49
7 180
7 221
7 355
7 474
7 654
7 672
7 698
7 913
7 922
8 22
8 50
8 55
8 67
8 94
8 113
8 123
8 176
8 181
8 392
8 460
8 129
8 90
8 21
8 49
8 82
8 87
9 18
9 26
9 32
9 44
9 45
9 79
9 112
9 340
9 660
9 713
9 898
9 918
9 991
9 129
10 29
10 99
10 117
10 143
10 529
10 129
10 15
10 25
10 27
10 34
10 41
10 54
10 79
10 139
10 141
11 58
11 613
11 899
11 49
11 90
11 35
11 104
11 149
12 15
12 17
12 25
12 34
12 49
12 59
12 61
12 96
12 105
12 114
12 155
12 160
12 170
12 174
12 209
12 224
12 228
12 235
12 244
12 245
12 250
12 252
12 269
12 284
12 290
12 292
12 297
12 307
12 316
12 322
12 326
12 330
12 339
12 356
12 379
12 397
12 400
12 411
12 417
12 432
12 439
12 449
12 478
12 490
12 491
12 513
12 538
12 541
12 543
12 546
12 557
12 572
12 598
12 615
12 623
12 662
12 676
12 677
12 678
12 691
12 694
12 702
12 707
12 723
12 726
12 733
12 738
12 763
12 764
12 765
12 779
12 788
12 814
12 822
12 825
12 828
12 830
12 831
12 835
12 852
12 858
12 860
12 871
12 895
12 902
12 933
12 945
12 947
12 951
12 961
12 964
12 966
12 971
12 999
13 38
13 72
13 75
13 85
13 131
13 134
13 177
13 192
13 199
13 201
13 368
13 471
13 518
13 588
13 734
13 793
13 887
13 905
13 955
13 90
13 49
13 16
13 36
13 46
13 69
13 106
14 19
14 24
14 171
14 283
14 470
14 577
14 636
14 706
14 753
14 897
15 119
15 168
15 304
15 360
15 523
15 561
15 669
15 129
15 23
15 154
16 58
16 120
16 260
16 767
16 796
16 807
16 946
16 129
16 18
16 34
16 57
16 93
16 110
16 126
16 143
16 151
17 944
17 49
18 27
18 28
18 33
18 45
18 144
18 167
18 198
18 239
18 273
18 314
18 349
18 415
18 633
18 772
18 889
18 968
18 972
18 49
18 20
18 90
18 118
19 66
19 73
19 111
19 237
19 341
19 395
19 426
19 574
19 783
19 865
19 90
19 37
19 77
20 28
20 101
20 682
20 930
20 59
20 60
20 75
21 126
21 178
21 441
21 494
21 632
22 50
22 49
22 36
23 31
23 33
23 37
23 42
23 56
23 74
23 80
23 146
23 147
23 153
23 155
23 166
23 211
23 215
23 254
23 263
23 276
23 294
23 300
23 337
23 352
23 399
23 404
23 446
23 447
23 463
23 500
23 509
23 520
23 533
23 536
23 551
23 560
23 586
23 653
23 684
23 688
23 703
23 717
23 735
23 786
23 853
23 878
23 880
23 927
23 928
23 936
23 943
23 954
23 973
23 983
23 990
23 993
23 29
23 55
23 87
23 91
23 112
23 116
23 124
23 141
24 66
24 104
24 367
24 393
24 753
24 856
24 90
24 49
24 126
24 141
25 196
25 382
25 46
25 48
25 60
25 74
25 88
25 148
26 347
26 438
26 534
26 637
26 680
26 696
26 784
26 857
26 862
26 873
26 894
26 903
26 925
27 40
27 156
27 306
27 650
28 33
28 44
28 143
28 334
28 531
28 555
28 604
28 666
28 834
28 883
28 948
28 49
28 167
29 35
29 48
29 52
29 176
29 582
29 129
29 32
29 67
29 105
30 43
30 62
30 81
30 84
30 265
30 363
30 466
30 750
30 757
30 90
30 107
31 50
31 51
31 94
31 102
31 147
31 259
31 386
31 479
31 916
32 35
32 40
32 45
32 48
32 51
32 63
32 64
32 82
32 86
32 92
32 106
32 113
32 116
32 123
32 137
32 139
32 144
32 158
32 205
32 270
32 373
32 408
32 423
32 433
32 483
32 553
32 568
32 569
32 575
32 584
32 603
32 616
32 651
32 668
32 719
32 720
32 741
32 771
32 849
32 863
32 900
32 914
32 936
32 941
32 956
33 52
33 147
33 157
33 267
33 268
33 386
33 995
34 387
34 818
34 43
34 49
34 56
35 68
35 182
35 836
35 920
35 129
35 59
36 196
36 233
36 385
36 450
36 762
36 921
36 38
36 58
36 62
36 65
36 73
36 79
36 84
36 109
36 129
36 150
36 152
36 188
37 47
37 105
37 213
37 236
37 241
37 258
37 262
37 456
37 502
37 505
37 508
37 544
37 640
37 809
37 829
37 996
38 62
38 350
38 476
38 514
38 580
39 161
40 44
40 79
40 242
40 312
40 445
40 545
40 591
40 715
40 827
40 896
40 970
41 138
41 145
41 177
41 253
41 674
41 683
41 100
42 318
42 489
42 183
43 171
43 952
43 52
44 137
44 515
44 643
44 129
44 49
45 89
45 158
45 850
46 59
46 92
47 473
47 705
47 712
48 229
48 558
48 610
48 737
48 794
48 61
49 673
49 55
49 106
49 132
50 51
50 96
50 117
50 607
50 731
50 813
50 129
50 105
50 185
51 94
51 178
51 600
51 747
52 63
52 77
52 82
52 107
52 135
52 151
52 158
52 178
52 454
52 535
52 570
52 624
52 652
52 732
52 819
52 840
52 881
52 884
52 888
52 76
53 98
54 127
55 335
55 90
55 80
55 86
55 102
55 118
55 131
56 73
56 80
56 159
56 427
56 475
56 542
56 554
56 958
56 90
57 59
57 69
57 160
57 161
57 808
57 90
57 77
58 59
58 88
58 103
58 109
58 179
58 236
58 458
58 472
58 556
58 606
58 926
58 932
59 69
59 125
59 190
59 67
59 114
60 119
60 286
61 320
61 366
61 416
61 511
61 852
61 978
61 981
62 133
62 714
62 851
62 958
62 120
63 424
63 480
63 129
64 108
64 194
64 272
64 324
64 365
64 398
64 444
64 530
64 539
64 578
64 665
64 670
64 700
64 722
64 730
64 734
64 781
64 782
64 789
64 795
64 839
64 910
64 915
65 129
65 308
65 457
65 477
65 527
65 739
65 876
65 963
65 80
65 84
65 90
65 96
65 130
65 138
67 74
67 94
67 172
67 184
67 711
67 76
68 117
68 124
68 328
68 846
68 861
69 162
69 348
69 641
69 716
69 139
70 165
70 281
70 305
70 687
70 782
70 885
72 148
72 175
72 459
72 646
72 648
72 692
73 755
75 85
75 169
75 223
75 278
75 618
75 924
75 112
76 455
76 132
77 127
77 287
77 775
77 790
78 111
78 295
78 431
78 611
78 663
78 748
78 815
78 90
78 136
78 143
79 288
79 374
79 594
79 614
79 635
79 82
79 86
79 120
79 122
79 147
80 100
80 394
80 484
80 537
80 90
81 506
81 756
82 371
82 420
82 442
82 526
82 785
82 848
82 879
82 90
82 115
83 389
83 507
83 90
83 129
83 108
83 164
84 443
84 810
85 201
85 282
85 313
85 805
85 90
85 140
86 112
86 128
86 231
86 453
86 123
87 121
87 496
87 576
87 728
87 91
87 109
88 195
88 462
88 94
88 152
88 162
89 293
89 296
89 962
89 156
90 204
90 667
90 97
90 103
90 104
90 109
90 110
90 115
90 117
90 128
90 144
90 146
90 151
90 165
91 150
91 185
91 571
91 131
92 128
92 156
92 327
92 361
92 402
92 407
92 758
92 803
92 987
93 163
93 173
93 769
93 967
94 157
94 605
95 208
95 238
95 801
95 984
96 195
96 309
97 118
97 141
97 406
97 437
97 467
97 619
97 744
97 776
97 847
97 957
97 988
98 519
99 659
99 686
100 170
100 248
100 609
100 882
101 105
101 116
101 132
101 354
101 497
101 503
101 589
101 684
101 816
101 824
101 890
101 901
101 947
101 953
101 974
101 173
102 183
102 266
102 326
102 375
102 378
102 419
102 547
102 592
102 626
102 704
102 725
102 746
102 760
102 774
102 798
102 823
102 877
102 892
102 949
102 985
102 992
102 197
104 111
104 410
104 153
105 227
105 274
105 359
105 820
105 872
105 893
106 128
106 141
106 161
106 180
106 203
106 205
106 217
106 242
106 246
106 264
106 298
106 336
106 343
106 346
106 358
106 361
106 381
106 409
106 424
106 434
106 524
106 573
106 601
106 628
106 634
106 647
106 649
106 727
106 742
106 761
106 768
106 773
106 777
106 838
106 917
106 195
107 384
107 977
107 158
108 699
108 867
109 130
109 845
109 866
109 151
110 132
110 448
110 908
111 754
112 364
112 868
112 911
112 940
113 184
114 285
114 465
114 913
114 989
115 325
115 566
115 681
115 736
115 193
116 219
117 333
117 689
117 129
120 929
121 464
121 679
121 959
122 492
122 495
122 931
123 261
123 129
124 612
124 617
125 150
125 206
125 319
125 583
125 645
125 787
126 230
126 243
126 639
126 708
126 759
127 485
127 493
127 982
127 129
128 194
128 240
128 303
128 421
128 440
128 482
128 548
128 752
128 778
130 203
130 317
131 299
131 486
131 655
131 854
131 906
131 924
131 942
133 191
134 165
134 247
134 278
134 315
134 344
134 498
134 171
135 249
135 979
136 146
136 153
136 291
136 345
136 413
136 159
137 232
137 277
137 975
138 191
138 342
138 721
139 198
141 436
141 488
141 499
141 570
142 724
145 177
145 452
146 622
147 149
147 891
148 469
149 280
149 289
149 369
149 396
149 422
149 428
149 516
149 519
149 565
149 657
149 686
150 154
150 590
150 745
150 792
151 372
151 430
151 461
151 512
151 658
151 938
151 176
152 275
152 353
152 841
153 504
153 196
157 181
175 192
