0 1
0 2
0 3
0 4
0 6
0 15
0 36
0 63
0 66
0 67
0 72
0 82
0 87
0 93
0 96
0 99
0 104
0 113
0 124
0 127
0 138
0 143
0 147
0 152
0 159
0 163
0 173
0 174
0 186
0 202
0 248
0 272
0 330
0 511
0 648
0 674
0 675
0 751
0 758
0 759
0 923
0 946
1 2
1 3
1 4
1 5
1 7
1 8
1 11
1 13
1 20
1 27
1 30
1 34
1 50
1 61
1 62
1 66
1 71
1 72
1 82
1 84
1 86
1 90
1 92
1 101
1 104
1 108
1 110
1 119
1 125
1 127
1 143
1 146
1 150
1 157
1 160
1 163
1 168
1 171
1 179
1 184
1 186
1 187
1 195
1 201
1 213
1 235
1 285
1 323
1 326
1 343
1 355
1 382
1 442
1 452
1 464
1 480
1 490
1 609
1 615
1 637
1 666
1 738
1 800
1 807
1 816
1 835
1 875
1 884
1 902
1 920
1 930
1 942
1 984
1 997
2 3
2 4
2 5
2 6
2 8
2 11
2 24
2 29
2 33
2 40
2 50
2 52
2 54
2 88
2 113
2 116
2 118
2 122
2 127
2 130
2 140
2 144
2 148
2 153
2 157
2 164
2 173
2 189
2 190
2 192
2 196
2 245
2 268
2 271
2 273
2 275
2 310
2 368
2 405
2 435
2 469
2 474
2 508
2 512
2 531
2 620
2 632
2 638
2 644
2 657
2 670
2 705
2 711
2 752
2 794
2 805
2 819
2 824
2 848
2 854
2 863
2 885
2 917
2 943
2 950
2 970
3 4
3 8
3 9
3 10
3 20
3 23
3 26
3 28
3 29
3 34
3 35
3 56
3 66
3 73
3 75
3 79
3 80
3 88
3 93
3 115
3 139
3 145
3 146
3 153
3 154
3 156
3 166
3 178
3 240
3 279
3 331
3 400
3 427
3 502
3 529
3 533
3 661
3 734
3 767
3 820
3 914
3 938
3 968
4 5
4 7
4 14
4 16
4 20
4 23
4 39
4 47
4 55
4 58
4 73
4 75
4 76
4 77
4 87
4 91
4 92
4 103
4 111
4 114
4 119
4 124
4 130
4 132
4 142
4 144
4 155
4 160
4 165
4 183
4 191
4 195
4 198
4 199
4 237
4 263
4 265
4 270
4 391
4 417
4 449
4 460
4 489
4 506
4 510
4 539
4 560
4 587
4 640
4 650
4 678
4 721
4 746
4 775
4 788
4 803
4 813
4 831
4 832
4 890
4 979
5 38
5 86
5 151
5 182
5 308
5 860
5 11
5 6
5 8
5 9
5 16
5 27
5 58
5 63
5 89
5 100
5 106
5 113
5 127
5 139
5 140
5 144
6 7
6 12
6 15
6 32
6 42
6 185
6 238
6 338
6 576
6 680
6 725
6 745
6 10
7 12
7 16
7 19
7 21
7 31
7 32
7 36
7 38
7 40
7 54
7 55
7 78
7 85
7 92
7 107
7 114
7 125
7 164
7 176
7 180
7 193
7 194
7 197
7 208
7 216
7 225
7 230
7 232
7 247
7 281
7 286
7 320
7 342
7 348
7 352
7 354
7 362
7 386
7 393
7 394
7 410
7 415
7 420
7 430
7 434
7 439
7 455
7 471
7 472
7 500
7 528
7 535
7 555
7 572
7 582
7 599
7 602
7 605
7 607
7 613
7 717
7 718
7 733
7 740
7 748
7 755
7 764
7 823
7 827
7 838
7 844
7 913
7 952
7 976
7 981
7 982
8 10
8 11
8 14
8 88
8 93
8 126
8 150
8 369
8 514
8 753
8 799
8 830
8 924
9 64
9 797
9 11
9 16
9 17
9 19
9 44
9 61
9 68
9 75
9 88
9 114
10 11
10 13
10 16
10 19
10 23
10 25
10 26
10 30
10 43
10 46
10 48
10 54
10 65
10 71
10 84
10 87
10 109
10 126
10 151
10 157
10 229
10 239
10 253
10 258
10 283
10 294
10 296
10 367
10 371
10 379
10 401
10 407
10 416
10 431
10 446
10 451
10 463
10 482
10 491
10 505
10 524
10 541
10 550
10 579
10 585
10 604
10 653
10 656
10 681
10 697
10 707
10 708
10 713
10 721
10 732
10 778
10 782
10 792
10 828
10 836
10 846
10 866
10 886
10 916
10 924
10 934
10 958
10 964
10 965
10 977
10 989
10 999
11 18
11 24
11 25
11 46
11 47
11 77
11 96
11 300
11 479
11 551
11 633
11 639
11 874
11 878
11 891
11 957
11 961
11 975
11 12
11 13
11 15
11 17
11 35
11 41
11 57
11 66
11 69
11 87
11 91
11 122
12 13
12 17
12 25
12 31
12 41
12 43
12 85
12 98
12 99
12 118
12 121
12 128
12 130
12 189
12 210
12 221
12 244
12 295
12 299
12 302
12 309
12 313
12 314
12 325
12 389
12 410
12 429
12 444
12 505
12 518
12 530
12 541
12 562
12 612
12 619
12 643
12 648
12 667
12 690
12 702
12 716
12 724
12 730
12 761
12 837
12 851
12 887
12 905
12 929
12 948
12 959
12 15
12 39
12 153
13 17
13 33
13 65
13 388
13 501
13 503
13 750
13 19
13 24
13 26
13 32
13 34
13 38
13 39
13 47
13 53
13 60
13 62
13 77
13 90
13 95
13 109
13 148
13 151
14 109
15 24
15 29
15 36
15 357
15 384
15 393
15 586
15 617
15 20
15 53
15 84
15 136
16 38
16 49
16 66
16 133
16 156
16 180
16 193
16 217
16 223
16 256
16 264
16 312
16 327
16 374
16 399
16 409
16 413
16 467
16 494
16 499
16 525
16 545
16 561
16 627
16 628
16 645
16 689
16 713
16 743
16 766
16 888
16 936
16 937
16 954
16 991
16 19
16 50
17 30
17 68
17 154
17 333
17 739
17 21
17 27
17 28
17 29
17 33
17 35
17 36
17 52
17 58
17 66
17 81
17 84
17 107
17 126
17 153
19 27
19 48
19 56
19 72
19 74
19 185
19 190
19 251
19 255
19 307
19 311
19 378
19 396
19 404
19 470
19 481
19 526
19 564
19 614
19 636
19 669
19 749
19 852
19 888
19 22
19 28
19 30
19 38
19 67
19 82
19 93
19 112
19 147
19 152
20 21
20 22
20 28
20 34
20 35
20 53
20 58
20 67
20 69
20 97
20 108
20 120
20 122
20 123
20 135
20 161
20 319
20 324
20 360
20 375
20 408
20 436
20 462
20 496
20 509
20 592
20 622
20 623
20 634
20 684
20 696
20 747
20 763
20 804
20 833
20 897
20 963
20 973
21 22
21 28
21 34
21 38
21 53
21 59
21 67
21 69
21 70
21 78
21 80
21 86
21 102
21 113
21 117
21 122
21 135
21 137
21 149
21 162
21 170
21 176
21 183
21 209
21 224
21 233
21 252
21 282
21 328
21 358
21 364
21 395
21 425
21 437
21 485
21 488
21 546
21 552
21 565
21 573
21 574
21 588
21 641
21 649
21 679
21 700
21 714
21 717
21 742
21 766
21 818
21 842
21 849
21 862
21 872
21 879
21 893
21 912
21 933
21 944
21 971
21 978
21 82
21 111
22 120
22 242
22 809
22 98
22 110
23 52
23 81
23 166
23 177
23 259
23 349
23 540
24 32
24 85
24 94
24 100
24 107
24 172
24 228
24 487
24 590
24 630
24 693
24 703
24 803
24 945
24 987
24 151
25 48
25 61
25 68
25 83
25 93
25 101
25 139
25 149
25 175
25 214
25 261
25 346
25 370
25 397
25 466
25 486
25 493
25 527
25 562
25 631
25 699
25 715
25 776
25 777
25 864
25 880
25 882
25 911
25 931
25 956
26 51
26 141
26 181
26 192
26 201
26 212
26 218
26 293
26 536
26 563
26 571
26 610
26 621
26 647
26 654
26 704
26 727
26 773
26 783
26 798
26 861
26 906
26 907
26 992
27 33
27 47
27 51
27 55
27 67
27 74
27 95
27 164
28 35
28 359
28 461
28 779
28 48
29 39
29 94
29 98
29 250
29 291
29 694
29 932
29 959
29 37
29 41
29 54
29 120
30 41
30 45
30 101
30 106
30 280
30 663
30 668
30 86
30 105
30 119
31 32
31 37
31 42
31 55
31 60
31 85
31 112
31 131
31 185
31 232
31 288
31 366
31 664
31 790
31 801
31 822
31 985
32 40
32 49
32 234
32 329
32 450
32 939
32 951
33 89
33 94
33 99
34 35
34 39
34 59
34 67
34 105
34 137
34 138
34 179
34 205
34 243
34 282
34 361
34 523
34 567
34 593
34 651
34 980
35 89
35 580
35 691
35 70
37 57
37 46
37 72
37 74
38 44
38 49
38 78
38 180
38 182
38 215
38 336
38 504
38 658
38 789
39 70
39 137
39 257
39 292
39 332
39 361
39 522
39 570
39 635
39 642
39 686
39 756
39 814
39 843
39 925
39 63
40 92
40 184
40 267
40 277
40 334
40 385
40 441
40 762
40 770
40 802
41 629
41 71
41 72
41 104
41 111
41 114
41 141
41 150
42 121
42 165
42 266
42 377
42 476
42 960
43 65
43 76
43 173
43 188
43 222
43 383
43 517
43 556
44 709
44 867
44 136
45 68
45 782
45 949
46 199
46 49
46 56
46 64
46 83
47 64
47 75
47 149
47 596
47 737
47 49
47 51
47 77
47 106
47 126
47 129
48 51
48 100
48 318
48 543
48 59
49 148
49 162
49 168
49 169
49 182
49 298
49 353
49 438
49 445
49 611
49 698
49 806
49 840
49 969
50 76
50 203
50 284
50 333
50 608
50 655
50 672
50 720
50 781
50 785
50 883
50 994
50 174
51 894
51 153
52 187
52 757
52 847
52 64
52 145
52 150
53 103
53 287
53 426
53 459
53 626
53 671
53 687
53 118
54 57
54 61
54 132
54 174
54 211
54 381
54 423
54 440
54 482
54 695
54 821
54 845
54 858
54 871
54 877
54 903
55 60
55 841
55 974
55 103
56 164
56 372
56 659
56 855
57 110
57 433
57 532
57 616
57 723
57 896
57 97
57 103
57 105
57 165
58 68
58 127
58 136
59 465
59 780
61 151
61 289
61 403
61 96
61 137
61 177
62 121
63 77
63 157
64 219
64 852
64 122
64 125
64 128
65 226
65 305
65 744
65 870
66 90
66 269
66 321
66 538
66 682
66 774
66 115
66 133
67 105
67 136
67 454
67 625
67 899
68 139
68 174
68 301
68 398
68 402
68 554
68 660
68 722
68 853
68 869
68 919
69 89
69 829
69 73
70 97
70 380
71 189
71 424
72 241
72 475
72 796
73 202
74 91
75 147
75 149
75 227
75 345
75 443
75 98
75 138
76 151
76 624
77 129
78 95
78 133
78 197
78 206
78 246
78 275
78 547
78 581
78 811
78 915
78 193
79 687
79 706
81 106
81 972
82 483
82 768
83 990
84 303
84 376
84 542
84 86
84 119
85 194
85 335
85 476
85 507
85 594
86 117
86 134
86 183
86 394
86 953
87 769
87 123
87 140
88 201
88 363
88 447
88 673
88 701
88 89
88 108
88 124
89 97
89 105
89 200
89 516
89 537
89 898
89 940
89 148
90 102
91 129
92 428
92 825
93 111
93 172
93 373
93 473
93 478
93 515
93 575
93 726
94 146
94 418
94 921
95 141
96 109
96 111
96 125
96 129
96 188
96 276
96 316
96 341
96 356
96 406
96 422
96 497
96 513
96 538
96 587
96 601
96 662
96 665
96 719
96 741
96 772
96 857
96 922
96 962
96 122
97 198
97 304
97 983
97 149
99 110
99 204
99 278
99 683
99 688
99 195
100 534
101 106
101 154
101 158
101 174
101 519
101 548
101 603
101 618
101 692
101 787
101 901
101 189
102 569
102 202
103 260
103 339
103 993
103 106
103 117
104 387
105 108
105 181
105 274
105 568
105 727
105 876
106 728
107 322
108 119
108 120
108 155
108 220
108 344
108 347
108 365
108 521
108 557
108 584
108 710
108 909
108 926
108 947
109 124
109 145
109 147
109 457
109 826
109 910
110 249
111 142
111 495
111 784
111 795
111 998
111 143
111 154
112 196
113 115
113 812
113 988
113 169
114 131
115 167
115 202
115 351
115 412
115 544
115 591
115 760
115 791
115 865
115 955
115 963
115 120
115 155
116 578
116 995
118 311
118 676
119 122
119 170
119 595
119 712
119 859
119 179
120 138
120 141
120 198
120 207
120 392
120 735
122 421
122 456
122 553
122 793
122 986
124 569
124 810
125 448
125 453
125 731
127 549
127 736
127 786
127 133
128 140
130 231
130 808
130 815
132 317
132 966
133 233
133 390
133 598
136 904
137 167
137 290
137 414
137 458
137 520
138 254
138 340
138 577
138 928
138 200
139 236
139 262
139 558
139 559
139 566
139 729
139 873
139 895
139 960
140 144
140 606
140 754
140 941
141 315
141 677
142 771
142 850
143 172
143 350
144 908
145 589
148 297
148 411
148 583
148 197
149 432
149 498
149 646
149 685
149 817
149 868
149 900
149 918
151 188
151 337
151 402
151 468
151 477
151 484
151 600
151 834
151 839
151 856
151 889
151 892
151 927
151 935
151 967
151 996
151 162
152 306
152 597
152 652
153 492
153 765
153 881
154 187
154 203
154 419
155 198
168 183
178 192
192 201
