0 1
0 2
0 3
0 4
0 5
0 6
0 7
0 12
0 25
0 31
0 37
0 40
0 43
0 44
0 48
0 54
0 66
0 67
0 73
0 75
0 76
0 77
0 82
0 104
0 107
0 115
0 117
0 125
0 136
0 138
0 154
0 156
0 158
0 162
0 173
0 182
0 193
0 201
0 208
0 322
0 330
0 339
0 413
0 423
0 477
0 493
0 499
0 511
0 517
0 527
0 556
0 638
0 657
0 753
0 766
0 781
0 809
0 843
0 897
0 948
1 2
1 3
1 4
1 10
1 11
1 21
1 25
1 26
1 41
1 49
1 50
1 52
1 56
1 61
1 66
1 100
1 110
1 111
1 121
1 122
1 123
1 132
1 153
1 157
1 160
1 165
1 177
1 187
1 191
1 199
1 204
1 229
1 374
1 386
1 389
1 394
1 453
1 469
1 506
1 569
1 580
1 683
1 793
1 904
1 930
2 3
2 4
2 5
2 8
2 9
2 11
2 17
2 19
2 23
2 28
2 36
2 41
2 65
2 70
2 86
2 88
2 92
2 95
2 97
2 98
2 104
2 107
2 117
2 142
2 163
2 174
2 178
2 183
2 193
2 205
2 206
2 237
2 260
2 277
2 290
2 328
2 364
2 417
2 421
2 504
2 557
2 560
2 773
2 792
2 841
2 860
2 999
3 4
3 5
3 6
3 7
3 8
3 11
3 21
3 23
3 42
3 64
3 74
3 79
3 89
3 98
3 99
3 100
3 113
3 124
3 127
3 128
3 135
3 138
3 149
3 162
3 176
3 212
3 239
3 315
3 317
3 359
3 393
3 397
3 532
3 554
3 566
3 603
3 721
3 732
3 738
3 770
3 885
3 998
4 5
4 7
4 8
4 9
4 11
4 12
4 14
4 16
4 20
4 23
4 24
4 26
4 27
4 32
4 34
4 35
4 36
4 41
4 42
4 46
4 47
4 48
4 58
4 59
4 60
4 65
4 70
4 77
4 80
4 82
4 85
4 91
4 92
4 97
4 102
4 103
4 105
4 107
4 108
4 109
4 116
4 121
4 126
4 127
4 130
4 133
4 136
4 137
4 142
4 143
4 145
4 146
4 152
4 159
4 167
4 169
4 174
4 180
4 199
4 201
4 202
4 222
4 224
4 232
4 276
4 289
4 354
4 370
4 391
4 396
4 411
4 459
4 485
4 520
4 581
4 587
4 597
4 637
4 670
4 675
4 702
4 711
4 744
4 757
4 763
4 782
4 825
4 853
4 864
4 875
4 898
5 6
5 26
5 33
5 64
5 103
5 231
5 350
5 584
5 623
5 636
5 682
5 684
5 857
5 968
5 971
5 130
5 7
5 70
5 76
6 30
6 33
6 67
6 117
6 143
6 173
6 291
6 360
6 535
6 652
6 878
6 972
6 130
6 146
6 16
6 32
6 37
6 40
6 66
6 75
6 77
6 110
6 115
6 137
6 176
7 14
7 36
7 38
7 40
7 118
7 164
7 197
7 223
7 338
7 387
7 484
7 632
7 663
7 728
7 807
7 863
7 938
7 130
7 146
7 8
7 9
7 10
7 13
7 15
7 18
7 19
7 20
7 21
7 24
7 26
7 28
7 29
7 34
7 39
7 43
7 45
7 50
7 56
7 62
7 64
7 79
7 80
7 82
7 84
7 90
7 91
7 93
7 94
7 108
7 119
7 129
7 148
7 149
7 151
7 153
8 9
8 13
8 15
8 16
8 18
8 35
8 70
8 73
8 75
8 78
8 81
8 137
8 184
8 293
8 611
8 650
8 688
8 838
8 876
8 937
9 13
9 15
9 39
9 110
9 122
9 138
9 140
9 193
9 240
9 252
9 266
9 309
9 363
9 430
9 513
9 522
9 750
9 754
9 59
10 125
10 189
10 436
10 786
10 130
10 32
10 62
11 22
11 45
11 55
11 68
11 94
11 467
11 482
11 681
11 848
11 909
11 130
11 69
13 14
13 15
13 16
13 24
13 31
13 34
13 36
13 44
13 65
13 91
13 93
13 121
13 141
13 157
13 180
13 203
13 213
13 219
13 259
13 275
13 298
13 305
13 327
13 371
13 388
13 434
13 440
13 443
13 460
13 463
13 476
13 489
13 510
13 513
13 515
13 516
13 525
13 533
13 543
13 559
13 565
13 586
13 589
13 595
13 614
13 626
13 669
13 672
13 685
13 746
13 759
13 768
13 775
13 803
13 819
13 850
13 936
13 958
13 966
13 967
13 979
13 991
13 21
13 30
13 32
13 128
13 135
14 17
14 31
14 37
14 40
14 54
14 100
14 116
14 160
14 187
14 316
14 318
14 378
14 439
15 35
15 73
15 220
15 788
15 983
15 24
15 63
15 90
15 147
16 18
16 47
16 50
16 64
16 81
16 83
16 84
16 93
16 112
16 137
16 147
16 162
16 189
16 198
16 199
16 256
16 307
16 319
16 336
16 352
16 372
16 399
16 448
16 465
16 487
16 488
16 519
16 526
16 535
16 540
16 582
16 629
16 726
16 735
16 760
16 780
16 879
16 893
16 900
16 906
16 908
16 912
16 922
16 927
16 982
16 997
16 17
16 35
16 42
16 98
16 136
17 156
17 398
17 926
17 130
17 18
17 187
18 28
18 146
18 166
18 244
18 604
18 709
18 774
18 63
18 182
19 779
19 146
19 37
19 67
19 72
19 109
19 132
19 152
20 108
20 237
20 470
20 628
20 837
20 929
20 954
20 130
20 23
20 46
20 47
20 64
20 126
20 158
21 760
21 891
21 25
21 26
21 36
21 42
21 56
21 59
21 71
21 89
21 107
21 118
21 125
21 148
21 154
22 38
22 79
22 80
22 86
22 225
22 545
22 720
22 817
22 828
22 874
23 25
23 42
23 51
23 57
23 63
23 84
23 89
23 102
23 130
23 179
23 192
23 204
23 241
23 264
23 280
23 284
23 351
23 447
23 452
23 524
23 552
23 602
23 608
23 725
23 984
25 57
25 84
25 99
25 101
25 243
25 257
25 413
25 568
25 674
25 762
25 889
25 130
25 54
25 196
26 29
26 46
26 57
26 67
26 114
26 178
26 200
26 267
26 362
26 428
26 579
26 619
26 651
26 666
26 761
26 769
26 787
26 802
26 806
26 835
26 837
26 865
26 881
26 882
26 888
26 915
26 932
26 933
26 964
26 976
26 985
26 105
28 39
28 441
28 591
28 840
28 995
28 169
29 146
29 36
29 47
29 57
29 98
29 101
29 105
29 116
29 143
30 112
30 361
30 486
30 61
31 139
31 164
31 313
31 424
31 426
31 429
31 521
31 593
31 728
31 740
31 871
32 324
32 58
32 84
32 88
32 89
32 91
32 133
33 55
33 60
33 68
33 74
33 86
33 90
33 92
33 103
33 126
33 136
33 150
33 162
33 186
33 188
33 190
33 194
33 200
33 209
33 215
33 218
33 226
33 242
33 268
33 283
33 294
33 304
33 332
33 341
33 346
33 349
33 357
33 365
33 375
33 464
33 483
33 486
33 491
33 492
33 534
33 555
33 577
33 625
33 643
33 684
33 700
33 704
33 739
33 781
33 791
33 796
33 812
33 821
33 827
33 832
33 846
33 858
33 866
33 870
33 872
33 917
33 950
33 962
33 970
34 48
34 141
34 689
34 748
34 146
34 49
34 93
34 105
34 120
34 132
34 153
35 272
35 68
35 198
35 199
36 139
36 172
36 217
36 300
36 377
36 679
36 961
36 50
36 102
37 105
37 227
37 299
37 334
37 379
37 394
37 415
37 438
37 717
37 994
37 130
37 57
37 148
38 68
38 121
38 131
38 210
38 383
38 498
38 530
38 539
38 610
38 648
38 741
38 842
38 849
38 886
39 69
39 154
39 240
39 475
39 693
39 141
39 146
40 719
41 118
41 287
41 547
41 892
41 957
42 46
42 56
42 71
42 87
42 326
42 329
42 390
43 196
43 366
43 402
43 656
44 490
44 572
45 108
45 111
45 122
46 49
46 53
46 72
46 146
46 151
46 179
46 182
46 195
46 196
46 203
46 376
46 381
46 437
46 475
46 481
46 505
46 541
46 561
46 592
46 615
46 668
46 685
46 852
46 895
46 941
46 943
46 973
46 130
46 69
47 51
47 69
47 198
47 230
47 404
47 551
47 553
47 90
48 77
48 91
48 163
48 454
48 575
48 661
48 775
48 778
48 831
49 52
49 53
49 62
49 68
49 71
49 85
49 95
49 119
49 128
49 131
49 142
49 158
49 175
49 179
49 185
49 191
49 269
49 273
49 302
49 314
49 320
49 321
49 345
49 347
49 355
49 409
49 419
49 450
49 494
49 496
49 528
49 536
49 545
49 548
49 570
49 571
49 600
49 622
49 639
49 644
49 665
49 690
49 694
49 734
49 749
49 751
49 772
49 776
49 790
49 795
49 808
49 814
49 847
49 852
49 856
49 869
49 924
49 939
49 952
49 976
49 981
49 986
49 988
49 992
49 993
50 228
50 896
50 112
51 62
51 184
51 321
51 400
51 458
51 478
51 497
51 588
51 716
51 752
51 836
51 867
52 609
52 695
53 233
53 333
53 745
53 894
54 58
54 134
54 254
54 262
54 325
54 422
54 431
54 433
54 449
54 471
54 472
54 509
54 550
54 641
54 680
54 800
54 880
54 893
54 921
54 931
54 980
54 180
55 106
55 120
55 194
55 618
55 713
55 130
55 73
56 87
56 495
56 733
56 74
56 95
57 151
57 168
57 178
57 279
57 432
57 574
57 613
57 659
57 902
57 65
57 70
57 78
57 87
57 99
57 100
58 140
58 144
58 76
59 353
59 919
60 148
60 418
60 529
60 714
60 899
60 911
62 101
62 323
62 455
62 834
62 945
62 77
63 115
63 337
63 708
63 737
63 925
63 81
63 178
64 442
64 457
64 594
64 631
64 677
64 712
64 742
64 765
64 767
64 946
64 965
65 590
65 784
65 78
65 99
66 130
67 181
67 255
67 281
67 295
67 412
67 829
68 335
68 798
68 801
69 184
69 303
69 407
69 410
69 416
69 653
69 928
70 134
70 358
70 508
70 562
70 607
70 673
71 83
71 96
71 99
71 113
71 144
71 151
71 177
71 356
71 403
71 466
71 567
71 764
71 800
71 813
71 940
71 975
72 192
72 868
72 134
73 78
73 211
73 756
73 987
74 95
74 158
74 165
74 296
74 576
74 678
74 727
74 785
76 203
77 160
77 172
77 262
77 297
77 373
77 405
77 642
77 815
77 844
77 87
78 81
78 132
78 270
78 367
78 433
78 501
78 715
78 948
78 978
79 80
79 85
79 343
79 406
79 514
79 816
79 823
79 827
79 887
80 743
81 166
81 221
82 246
82 583
82 724
82 804
82 824
82 200
83 189
84 360
84 402
84 479
84 578
84 606
84 612
84 620
84 633
84 705
84 890
85 224
85 285
86 90
86 188
86 308
86 537
87 261
87 282
87 771
87 862
87 916
88 292
88 474
88 480
88 605
88 758
89 503
89 177
90 951
90 188
91 249
91 368
91 408
91 434
91 531
91 839
91 914
91 142
92 655
92 723
93 140
93 154
93 171
93 658
93 127
94 109
94 288
94 796
95 120
95 124
95 234
95 271
95 420
95 707
95 777
95 855
95 877
95 934
95 947
96 153
96 196
96 312
96 392
96 468
96 646
96 660
96 671
96 697
96 710
96 960
96 990
97 161
97 445
97 573
98 344
98 446
98 649
98 662
98 687
98 755
98 204
99 168
99 176
99 177
99 192
99 235
99 263
99 274
99 353
99 369
99 451
99 462
99 599
99 616
99 621
99 810
99 830
99 953
99 149
100 105
100 132
100 145
100 180
100 203
100 216
100 238
100 253
100 348
100 398
100 558
100 601
100 635
100 699
100 747
100 783
100 805
100 811
100 859
100 861
100 920
100 923
100 949
101 123
101 664
101 977
102 103
103 435
103 989
107 143
107 153
107 155
107 170
107 185
107 384
107 542
107 617
107 630
107 731
107 905
107 956
107 963
107 126
107 145
108 124
108 258
108 414
108 427
108 564
108 913
108 935
108 132
109 311
109 547
110 181
110 195
110 200
110 331
110 540
110 541
111 667
112 141
113 129
113 151
113 385
113 444
113 698
113 202
115 135
115 202
115 245
115 473
115 538
115 654
115 692
115 130
116 165
116 251
116 286
116 301
116 549
116 676
116 701
116 707
116 797
116 833
116 124
116 160
116 194
117 331
117 903
118 172
118 585
118 130
119 686
119 703
119 794
120 127
120 146
121 278
121 348
121 472
121 640
121 730
121 907
122 563
122 645
122 735
123 149
123 425
123 918
123 201
124 175
124 247
126 173
126 190
126 598
126 691
126 722
126 851
126 901
126 154
128 306
128 507
128 627
128 647
128 826
128 884
128 959
129 518
129 130
130 135
130 248
130 250
130 447
130 502
130 799
130 955
130 998
130 134
130 141
132 166
132 207
132 325
132 372
132 382
132 395
132 544
132 736
132 974
135 265
135 500
135 818
135 150
136 523
136 624
136 634
136 873
136 186
137 969
137 193
138 845
140 189
140 461
141 236
141 310
141 944
141 996
142 718
142 146
143 152
144 512
144 157
145 342
148 596
148 150
149 456
150 664
150 729
151 401
151 696
151 789
151 822
151 854
152 201
152 214
152 380
152 820
152 883
152 910
152 942
153 340
153 546
153 706
154 592
169 172
191 204
