0 1
0 2
0 3
0 4
0 5
0 6
0 11
0 13
0 15
0 18
0 20
0 22
0 24
0 25
0 26
0 30
0 34
0 35
0 38
0 43
0 46
0 49
0 50
0 53
0 64
0 65
0 66
0 71
0 72
0 79
0 80
0 84
0 88
0 92
0 100
0 101
0 102
0 106
0 114
0 115
0 117
0 120
0 123
0 124
0 125
0 127
0 131
0 132
0 135
0 139
0 145
0 152
0 157
0 159
0 160
0 161
0 163
0 167
0 171
0 172
0 173
0 174
0 175
0 176
0 181
0 183
0 184
0 185
0 189
0 190
0 191
0 193
0 195
0 196
0 197
0 216
0 228
0 247
0 263
0 264
0 304
0 308
0 309
0 326
0 335
0 364
0 376
0 388
0 397
0 399
0 403
0 415
0 431
0 433
0 483
0 486
0 492
0 527
0 565
0 572
0 577
0 584
0 607
0 623
0 625
0 646
0 669
0 694
0 703
0 709
0 719
0 736
0 740
0 751
0 772
0 775
0 784
0 806
0 810
0 816
0 825
0 833
0 834
0 852
0 853
0 883
0 899
0 909
0 911
0 913
0 926
0 937
0 943
0 947
0 975
0 980
1 2
1 3
1 5
1 6
1 7
1 9
1 10
1 51
1 62
1 63
1 73
1 95
1 108
1 128
1 135
1 141
1 146
1 149
1 151
1 156
1 158
1 173
1 185
1 205
1 347
1 348
1 441
1 503
1 546
1 573
1 585
1 616
1 666
1 686
1 713
1 718
1 821
1 838
1 854
1 915
2 3
2 5
2 14
2 16
2 19
2 27
2 47
2 50
2 57
2 60
2 65
2 75
2 77
2 80
2 100
2 102
2 121
2 122
2 129
2 132
2 134
2 147
2 153
2 157
2 158
2 159
2 164
2 170
2 186
2 233
2 451
2 598
2 632
2 654
2 664
2 733
2 763
2 775
2 824
2 849
2 884
3 5
3 6
3 9
3 10
3 15
3 16
3 18
3 24
3 31
3 35
3 39
3 40
3 41
3 54
3 65
3 69
3 70
3 78
3 79
3 80
3 86
3 87
3 90
3 95
3 98
3 102
3 106
3 112
3 115
3 119
3 124
3 125
3 126
3 140
3 142
3 147
3 148
3 153
3 157
3 167
3 168
3 172
3 177
3 178
3 184
3 185
3 198
3 200
3 206
3 223
3 239
3 277
3 337
3 343
3 344
3 396
3 430
3 457
3 476
3 485
3 536
3 555
3 569
3 650
3 659
3 674
3 679
3 682
3 726
3 746
3 789
3 857
3 882
3 912
3 945
3 979
3 980
4 6
4 18
4 51
4 63
4 91
4 115
4 132
4 171
4 250
4 301
4 312
4 456
4 479
4 564
4 716
4 862
4 935
4 12
5 8
5 21
5 67
5 75
5 136
5 144
5 160
5 186
5 315
5 413
5 460
5 504
5 641
5 753
5 961
5 12
5 6
5 9
5 85
5 86
5 97
5 112
5 132
5 147
6 18
6 52
6 63
6 71
6 78
6 93
6 129
6 169
6 171
6 241
6 250
6 261
6 367
6 491
6 524
6 558
6 560
6 583
6 615
6 812
6 819
6 941
6 946
6 951
6 962
6 12
6 17
6 43
6 74
7 42
7 61
7 188
7 489
7 511
7 829
7 845
7 12
7 8
7 9
7 10
7 18
7 25
7 26
7 28
7 32
7 34
7 38
7 59
7 87
7 99
7 119
7 122
8 15
8 20
8 33
8 146
8 181
8 204
8 327
8 329
8 345
8 360
8 366
8 421
8 473
8 507
8 523
8 539
8 579
8 707
8 802
8 916
8 12
8 10
8 18
8 19
8 54
8 63
8 72
8 73
8 88
8 93
8 106
9 29
9 31
9 32
9 37
9 38
9 40
9 45
9 84
9 110
9 111
9 125
9 237
9 288
9 436
9 554
9 601
9 701
9 814
9 831
9 930
9 12
9 16
9 17
9 98
9 139
10 12
10 13
10 25
10 374
10 432
10 595
10 618
10 643
10 971
10 43
10 64
10 75
10 77
10 80
10 82
10 101
10 119
11 12
11 14
11 29
11 32
11 44
11 55
11 56
11 68
11 78
11 104
11 106
11 107
11 113
11 122
11 126
11 137
11 148
11 152
11 164
11 165
11 167
11 217
11 218
11 224
11 226
11 229
11 244
11 246
11 253
11 256
11 257
11 274
11 289
11 305
11 306
11 319
11 328
11 330
11 368
11 370
11 373
11 389
11 393
11 406
11 426
11 427
11 428
11 435
11 461
11 475
11 497
11 501
11 510
11 520
11 531
11 534
11 538
11 552
11 567
11 587
11 591
11 602
11 613
11 627
11 631
11 644
11 649
11 658
11 660
11 700
11 702
11 717
11 719
11 750
11 768
11 770
11 780
11 782
11 783
11 786
11 787
11 836
11 839
11 846
11 875
11 886
11 890
11 891
11 898
11 903
11 920
11 929
11 963
11 965
11 984
11 993
12 14
12 28
12 34
12 44
12 49
12 56
12 88
12 107
12 109
12 110
12 134
12 148
12 369
12 484
12 571
12 672
12 710
12 893
12 919
12 99
12 13
12 15
12 16
12 21
12 22
12 25
12 36
12 37
12 60
12 61
12 79
12 85
12 101
12 104
12 122
13 17
13 23
13 28
13 36
13 44
13 46
13 48
13 61
13 69
13 70
13 83
13 105
13 131
13 138
13 149
13 166
13 172
13 174
13 302
13 310
13 358
13 385
13 407
13 425
13 499
13 550
13 556
13 569
13 628
13 637
13 680
13 689
13 729
13 771
13 794
13 797
13 837
13 859
13 874
13 949
13 994
13 14
13 55
13 88
14 81
14 107
14 152
14 199
14 276
14 298
14 341
14 445
14 621
14 767
14 987
14 20
14 21
14 23
14 27
14 34
14 40
14 75
14 77
14 176
15 53
15 161
15 192
15 734
15 914
16 47
16 72
16 151
16 175
16 184
16 201
16 236
16 258
16 339
16 358
16 360
16 377
16 419
16 422
16 498
16 535
16 574
16 594
16 638
16 688
16 730
16 764
16 781
16 798
16 817
16 827
16 830
16 832
16 835
16 850
16 855
16 864
16 868
16 976
16 986
16 31
16 62
16 138
16 141
17 671
17 902
17 35
17 53
17 56
17 68
17 75
17 111
17 119
17 153
18 84
18 169
18 880
18 93
18 102
19 105
19 133
19 624
19 754
19 762
20 53
20 58
20 67
20 75
20 77
20 89
20 103
20 108
20 161
20 192
20 299
20 349
20 391
20 395
20 434
20 563
20 731
20 793
20 860
20 904
20 66
20 135
21 33
21 59
21 677
21 972
21 34
21 40
21 42
21 72
21 109
21 115
22 42
22 691
22 173
23 332
23 400
23 651
23 940
23 31
23 88
24 50
24 54
24 143
24 655
24 712
25 70
25 124
25 179
25 188
25 307
25 351
25 354
25 364
25 382
25 416
25 448
25 500
25 508
25 578
25 610
25 635
25 715
25 758
25 826
25 26
25 35
25 49
25 63
25 76
25 128
25 143
27 52
27 86
27 871
27 44
27 98
27 116
27 117
28 34
28 808
28 115
28 126
29 40
29 252
29 271
29 551
29 572
30 97
30 115
30 678
30 751
30 154
31 45
31 55
31 56
31 60
31 113
31 209
31 225
31 243
31 290
31 291
31 353
31 409
31 463
31 466
31 494
31 586
31 704
31 748
31 803
31 966
31 110
31 197
32 63
32 96
32 125
32 149
33 352
33 440
33 802
33 822
34 57
34 342
34 394
34 39
34 42
34 52
34 73
34 125
34 133
34 148
35 60
35 189
35 230
35 742
35 61
35 129
35 146
36 47
36 254
36 490
36 582
36 593
36 622
36 795
36 992
36 38
36 89
36 113
36 187
37 62
37 895
37 56
37 61
37 151
37 152
38 46
38 127
38 145
38 187
38 353
38 418
38 423
38 480
38 541
38 614
38 634
38 647
38 917
38 51
39 108
39 117
39 438
39 487
39 892
39 999
39 48
39 66
40 162
40 918
40 106
41 371
42 46
42 575
42 81
43 90
43 314
43 404
43 410
43 465
44 83
44 94
44 97
44 110
44 543
44 662
44 842
44 887
45 64
45 570
46 47
46 48
46 73
46 262
46 285
46 384
46 447
46 452
46 609
46 690
46 776
46 791
46 872
46 969
46 988
46 990
47 48
47 70
47 76
47 112
47 150
47 153
47 179
47 193
47 202
47 212
47 346
47 405
47 453
47 467
47 496
47 513
47 611
47 651
47 663
47 723
47 757
47 885
47 183
49 170
49 383
49 417
49 481
49 505
49 683
49 823
49 924
49 191
50 74
50 156
50 180
50 245
50 268
50 278
50 283
50 540
50 720
50 755
50 962
51 52
51 154
51 180
51 338
51 420
51 561
51 997
52 429
52 530
52 592
53 67
53 96
53 99
53 454
53 711
54 357
54 576
54 942
54 105
55 111
55 125
55 512
55 130
56 57
56 97
56 126
56 132
56 170
56 194
56 234
56 282
56 336
56 350
56 444
56 488
56 506
56 517
56 529
56 559
56 596
56 605
56 685
56 743
56 752
56 765
56 959
56 978
56 985
56 67
56 116
56 128
56 149
56 153
57 94
57 164
58 82
58 120
58 361
58 820
59 201
59 522
59 684
59 878
59 888
60 92
60 155
60 162
60 189
60 220
60 232
60 619
60 721
60 744
60 901
60 76
60 90
61 200
61 266
62 162
62 221
62 259
62 288
62 291
62 356
62 387
62 442
62 493
63 71
63 169
63 207
63 318
63 521
63 620
63 697
63 840
63 866
63 905
63 92
63 135
65 379
65 676
65 779
65 865
65 879
66 74
66 280
66 287
66 334
66 545
66 158
67 284
67 323
67 372
67 763
67 74
67 148
68 162
69 708
70 313
70 542
70 988
71 251
71 322
71 645
71 881
72 272
72 349
72 92
72 94
72 109
72 112
72 121
73 85
73 142
73 187
73 213
73 580
73 896
73 80
73 112
73 123
74 722
74 950
75 96
75 116
75 175
75 242
75 293
75 359
75 568
75 633
75 696
75 788
75 864
75 186
76 249
76 260
76 642
77 95
77 482
77 535
77 549
77 562
77 687
77 771
77 869
77 900
78 81
78 86
78 122
78 129
78 148
78 156
78 176
78 180
78 222
78 240
78 248
78 279
78 295
78 303
78 530
78 533
78 544
78 552
78 603
78 785
78 809
78 815
78 843
78 863
78 867
78 870
78 871
78 921
78 923
78 973
79 92
79 177
79 316
79 324
79 469
79 581
79 774
79 856
80 121
80 133
80 150
81 203
81 103
81 117
82 681
84 118
84 525
84 745
84 805
84 952
84 970
85 255
85 626
85 652
86 118
86 320
86 321
86 514
86 515
86 581
86 608
86 738
86 747
86 928
86 956
86 983
86 198
87 130
87 200
87 214
87 459
87 725
87 773
87 999
88 176
88 92
89 139
89 317
89 331
89 363
89 381
89 446
89 449
89 468
89 557
89 566
89 629
89 636
89 733
89 813
89 906
89 110
89 163
90 147
91 401
91 477
91 518
91 851
92 104
92 107
92 130
92 134
93 927
93 125
93 146
94 182
94 235
94 412
94 548
94 639
94 807
94 931
94 933
94 938
94 954
94 164
95 109
95 369
96 269
97 211
97 766
97 818
97 121
98 599
98 848
99 114
99 143
100 103
100 316
100 365
100 424
100 528
100 648
100 665
100 698
100 841
100 852
100 907
100 982
102 194
102 273
102 464
102 146
102 185
104 409
104 925
105 653
105 149
106 165
106 197
106 932
106 967
107 137
107 166
107 537
107 728
108 119
108 275
108 509
108 526
108 617
108 692
108 699
108 769
108 804
108 897
108 179
109 140
109 800
109 167
110 134
110 141
110 177
110 270
110 279
110 292
110 411
110 500
110 589
110 597
110 606
110 661
110 670
110 737
110 741
110 770
110 799
110 998
110 166
111 443
112 227
113 439
115 135
115 547
117 202
117 657
117 120
119 184
120 182
120 408
120 478
120 612
120 630
120 792
120 873
120 908
120 936
120 939
120 124
120 140
120 142
121 177
121 215
121 489
121 889
121 995
121 150
122 158
122 197
122 281
122 311
122 380
122 414
122 455
122 458
122 502
122 519
122 590
122 667
122 675
122 693
122 705
122 727
122 760
122 810
122 811
122 922
122 948
122 958
122 960
122 966
122 974
122 977
122 981
122 989
122 189
124 553
124 801
125 265
125 355
125 724
125 735
125 761
125 796
125 844
126 286
126 462
126 467
126 472
126 759
127 474
127 516
128 238
129 231
129 301
129 325
129 333
129 656
129 732
130 778
131 761
131 828
132 451
132 625
132 790
132 877
133 294
133 297
133 386
133 390
133 392
133 450
133 470
133 471
133 495
133 588
133 673
133 706
133 739
133 749
133 847
133 876
133 910
133 934
133 944
134 714
134 756
135 158
135 362
135 398
135 668
135 858
135 964
135 968
135 991
136 996
137 140
137 149
137 172
137 191
137 375
137 604
137 695
137 894
138 219
138 313
138 390
138 402
139 532
139 955
142 300
143 208
143 437
146 161
146 777
146 861
146 953
147 296
147 660
148 210
148 957
149 691
151 267
151 378
151 600
151 961
153 340
153 640
155 177
171 180
172 194
176 185
197 198
