0 1
0 2
0 3
0 4
0 6
0 7
0 8
0 10
0 12
0 14
0 28
0 29
0 33
0 36
0 42
0 45
0 50
0 55
0 65
0 71
0 72
0 73
0 74
0 79
0 83
0 89
0 91
0 92
0 96
0 116
0 120
0 122
0 123
0 124
0 126
0 133
0 134
0 136
0 139
0 140
0 141
0 142
0 144
0 148
0 150
0 154
0 157
0 162
0 175
0 179
0 181
0 186
0 187
0 188
0 190
0 193
0 214
0 220
0 234
0 238
0 307
0 398
0 406
0 621
0 636
0 637
0 660
0 677
0 689
0 713
0 734
0 763
0 764
0 777
0 820
0 885
0 900
0 905
0 916
0 921
0 967
1 2
1 3
1 4
1 6
1 7
1 9
1 12
1 14
1 15
1 16
1 17
1 26
1 27
1 31
1 32
1 37
1 40
1 41
1 43
1 46
1 48
1 51
1 52
1 60
1 62
1 63
1 71
1 72
1 74
1 80
1 83
1 86
1 88
1 89
1 99
1 110
1 120
1 123
1 127
1 128
1 135
1 144
1 151
1 152
1 153
1 158
1 162
1 163
1 164
1 166
1 167
1 168
1 169
1 170
1 172
1 179
1 181
1 191
1 195
1 196
1 200
1 202
1 207
1 224
1 296
1 305
1 313
1 370
1 379
1 401
1 419
1 432
1 450
1 482
1 522
1 606
1 614
1 661
1 749
1 760
1 782
1 796
1 836
1 842
1 845
1 873
1 879
1 895
1 897
1 942
1 946
1 951
1 987
2 3
2 4
2 5
2 6
2 8
2 9
2 20
2 28
2 29
2 32
2 46
2 53
2 61
2 69
2 70
2 76
2 78
2 88
2 91
2 94
2 95
2 102
2 106
2 109
2 133
2 135
2 147
2 153
2 164
2 167
2 172
2 179
2 180
2 182
2 185
2 186
2 194
2 195
2 200
2 209
2 303
2 315
2 325
2 339
2 443
2 541
2 591
2 640
2 665
2 675
2 679
2 703
2 748
2 750
2 767
2 804
2 822
2 858
2 884
2 901
2 965
2 978
3 8
3 10
3 11
3 15
3 20
3 21
3 23
3 32
3 35
3 40
3 42
3 52
3 54
3 65
3 72
3 73
3 78
3 91
3 107
3 114
3 118
3 121
3 133
3 135
3 151
3 159
3 188
3 193
3 201
3 293
3 376
3 399
3 431
3 439
3 469
3 492
3 496
3 503
3 581
3 747
3 821
3 828
3 870
3 882
3 915
4 5
4 22
4 76
4 257
4 605
4 732
4 903
4 933
4 16
4 38
4 6
4 8
4 9
4 19
4 133
5 10
5 11
5 12
5 24
5 34
5 67
5 70
5 84
5 103
5 104
5 184
5 185
5 197
5 201
5 212
5 225
5 282
5 316
5 341
5 364
5 418
5 445
5 493
5 502
5 528
5 559
5 568
5 569
5 592
5 593
5 598
5 617
5 657
5 662
5 702
5 715
5 736
5 770
5 795
5 817
5 852
5 857
5 918
5 956
5 972
5 990
5 992
5 16
5 15
5 28
5 29
5 57
5 73
5 83
5 102
6 8
6 15
6 19
6 22
6 39
6 57
6 66
6 222
6 322
6 361
6 517
6 787
6 909
6 16
6 9
6 11
6 12
6 23
6 29
6 36
6 42
6 61
6 72
6 77
6 84
6 111
6 152
7 9
7 18
7 95
7 108
7 131
7 142
7 166
7 392
7 430
7 573
7 707
7 730
7 959
8 21
8 22
8 57
8 60
8 74
8 87
8 125
8 133
8 147
8 193
8 256
8 353
8 601
8 634
8 765
8 798
8 864
8 935
8 979
8 34
8 42
8 104
9 15
9 18
9 50
9 349
9 404
9 487
9 615
9 712
9 925
9 16
9 11
9 13
9 20
9 37
9 38
9 41
9 52
9 56
9 59
9 70
9 97
10 13
10 68
10 75
10 78
10 106
10 107
10 112
10 146
10 171
10 191
10 196
10 273
10 456
10 484
10 578
10 616
10 627
10 663
10 711
10 785
10 786
11 13
11 24
11 65
11 67
11 85
11 155
11 205
11 278
11 45
11 46
11 53
11 59
11 126
12 27
12 34
12 40
12 46
12 48
12 56
12 93
12 105
12 119
12 120
12 137
12 165
12 226
12 241
12 397
12 441
12 442
12 467
12 491
12 506
12 570
12 745
12 790
12 819
12 911
12 16
12 22
12 54
12 62
12 64
12 118
12 123
12 138
12 141
13 26
13 36
13 43
13 44
13 58
13 103
13 117
13 118
13 122
13 159
13 163
13 177
13 199
13 230
13 248
13 251
13 280
13 285
13 295
13 304
13 338
13 344
13 357
13 373
13 385
13 390
13 403
13 407
13 414
13 426
13 433
13 436
13 445
13 452
13 476
13 488
13 500
13 537
13 539
13 542
13 545
13 547
13 554
13 567
13 590
13 613
13 623
13 630
13 652
13 726
13 738
13 756
13 815
13 837
13 843
13 844
13 846
13 866
13 908
13 926
13 974
13 975
13 977
13 993
13 16
13 19
13 25
13 31
13 33
13 34
13 35
13 55
13 56
13 63
13 67
13 68
13 70
13 76
13 110
13 128
13 132
14 70
14 237
14 682
15 18
15 19
15 30
15 54
15 64
15 67
15 81
15 87
15 108
15 119
15 124
15 131
15 143
15 177
15 198
15 203
15 204
15 206
15 233
15 271
15 287
15 288
15 289
15 306
15 320
15 342
15 410
15 424
15 429
15 434
15 437
15 449
15 451
15 457
15 463
15 471
15 472
15 486
15 508
15 511
15 523
15 543
15 546
15 550
15 553
15 575
15 576
15 582
15 597
15 621
15 628
15 631
15 647
15 649
15 686
15 687
15 690
15 699
15 739
15 740
15 746
15 757
15 766
15 771
15 772
15 780
15 781
15 794
15 831
15 848
15 865
15 869
15 874
15 881
15 929
15 938
15 940
15 943
15 947
15 962
15 976
15 980
15 983
15 985
16 79
16 330
16 368
16 28
16 31
16 33
16 39
16 42
16 49
16 54
16 58
16 68
16 95
16 100
16 104
16 124
16 127
16 134
16 143
16 150
18 58
18 82
18 92
18 98
18 128
18 249
18 332
18 391
18 558
18 646
18 648
18 655
18 841
18 883
18 917
19 30
19 64
19 129
19 377
19 532
19 645
19 811
19 840
20 23
20 25
20 42
20 59
20 176
20 188
20 343
20 393
20 474
20 583
20 624
20 659
20 789
20 912
20 927
20 953
20 961
20 968
21 696
21 757
22 27
22 57
22 69
22 76
22 83
22 110
22 147
22 187
22 215
22 263
22 275
22 310
22 347
22 348
22 352
22 358
22 359
22 387
22 448
22 453
22 455
22 468
22 571
22 604
22 622
22 639
22 643
22 651
22 678
22 825
22 868
22 888
22 890
22 894
22 910
22 913
22 960
22 996
22 86
22 165
23 25
23 62
23 77
23 360
23 515
23 603
23 681
23 731
23 856
23 872
23 898
23 994
23 65
24 33
24 311
24 580
24 629
25 28
25 31
25 35
25 38
25 47
25 63
25 80
25 111
25 223
25 243
25 333
25 461
25 478
25 805
25 818
25 827
25 850
25 955
25 984
26 50
26 82
26 691
27 56
27 113
27 150
27 156
27 162
27 201
27 309
27 380
27 416
27 475
27 485
27 544
27 808
27 826
27 847
27 889
27 896
27 948
27 982
28 579
28 680
28 725
28 32
28 75
28 152
28 169
29 33
29 50
29 60
29 103
29 113
29 135
30 32
30 66
30 121
30 125
30 260
30 362
31 42
31 59
31 77
31 174
31 363
31 421
31 150
32 39
32 45
32 69
32 114
32 318
32 319
32 534
32 552
32 584
32 645
33 85
33 155
33 369
33 704
33 35
33 66
33 119
33 120
33 130
34 40
34 577
34 735
34 93
34 194
35 192
35 374
35 479
35 41
35 128
36 618
37 51
37 134
37 137
37 141
38 49
38 61
38 109
38 174
38 296
38 354
38 563
38 566
38 611
38 806
38 829
38 830
38 861
38 904
38 44
38 81
38 105
38 133
40 53
40 165
40 326
40 509
40 632
40 668
40 700
40 824
40 185
41 676
41 47
41 60
41 71
41 98
41 116
41 121
41 150
42 59
42 164
42 244
42 276
42 290
42 395
42 413
42 458
42 489
42 556
42 614
42 717
42 723
42 769
42 851
42 863
42 904
42 116
44 138
44 698
44 50
44 69
45 626
46 104
46 105
46 137
46 156
46 194
46 337
46 435
46 555
46 596
46 609
46 106
46 201
47 49
47 109
47 292
47 428
47 536
47 742
48 100
48 299
48 340
48 350
48 525
48 758
48 823
48 892
48 907
49 55
49 438
49 469
49 635
49 835
49 970
49 176
50 231
50 314
50 504
50 709
50 752
50 816
50 981
50 151
51 481
52 68
52 138
52 259
52 473
52 498
52 76
53 670
53 773
53 72
53 153
54 507
54 148
55 90
55 132
55 381
55 561
55 654
55 764
55 793
55 923
55 928
55 930
56 89
56 107
56 144
57 460
57 114
58 159
58 163
59 101
59 176
59 269
59 286
59 345
59 115
60 221
60 312
60 470
60 63
60 97
60 120
61 412
62 809
62 923
62 952
62 175
63 94
63 169
63 183
63 497
63 530
63 116
64 173
64 227
64 599
64 620
65 68
65 75
65 85
65 97
65 113
65 141
65 145
65 153
65 171
65 185
65 187
65 247
65 356
65 365
65 383
65 402
65 420
65 446
65 465
65 499
65 551
65 607
65 612
65 619
65 644
65 650
65 721
65 759
65 768
65 792
65 800
65 871
65 875
65 877
65 932
65 944
65 954
65 963
65 988
65 129
65 167
65 180
66 400
66 440
66 810
67 110
67 112
67 129
67 146
67 266
67 411
67 422
67 501
67 533
67 557
67 565
67 574
67 594
67 683
67 692
67 697
67 729
67 761
67 776
67 779
67 794
67 837
67 906
67 997
67 999
68 301
68 708
68 853
68 920
68 122
69 447
69 533
69 859
70 103
70 281
70 84
70 99
70 111
71 156
71 267
71 540
71 667
71 803
71 963
71 74
71 109
72 219
72 242
72 284
72 862
72 878
72 945
72 92
72 149
73 98
73 722
74 115
74 520
74 548
74 81
75 602
75 90
76 168
76 170
76 317
76 367
76 388
76 519
76 694
76 744
76 813
76 932
76 966
76 121
77 101
77 277
77 693
77 924
78 91
78 208
79 96
79 122
79 252
79 190
80 444
80 561
80 854
80 899
81 88
81 142
82 95
82 108
82 117
82 178
82 189
82 211
82 246
82 255
82 297
82 300
82 466
82 480
82 490
82 585
82 608
82 633
82 641
82 666
82 705
82 718
82 753
82 783
82 832
82 864
82 973
83 93
83 100
83 180
83 258
83 261
83 328
83 384
83 518
83 521
83 589
83 600
83 684
83 695
83 701
83 801
83 812
83 838
83 876
83 914
83 985
83 991
83 995
83 94
84 103
84 110
85 145
85 495
86 210
86 234
86 274
86 586
86 989
87 173
88 716
89 327
91 588
91 886
92 228
92 272
92 355
92 638
92 671
92 936
93 140
93 371
93 855
93 957
93 156
94 115
94 175
94 254
94 308
94 334
94 394
94 408
94 425
94 549
94 714
94 724
94 727
94 733
94 741
94 851
94 860
95 139
95 321
95 969
96 139
96 142
96 149
96 164
96 192
96 229
96 262
96 428
96 535
96 562
96 587
96 642
96 710
96 737
96 751
96 784
96 791
96 807
96 831
96 834
96 839
96 849
96 867
96 880
96 964
96 971
96 998
97 728
98 126
98 213
98 235
98 664
100 459
101 236
101 283
101 329
101 378
101 396
101 516
101 529
101 595
101 797
102 130
103 104
103 130
103 140
103 144
103 180
103 184
103 268
103 270
103 298
103 346
103 382
103 427
103 505
103 510
103 672
103 774
103 778
103 937
103 941
105 145
106 385
106 524
106 109
106 117
106 143
107 148
107 302
107 477
107 513
107 564
107 887
108 575
108 625
108 658
108 891
108 203
109 116
109 931
110 294
110 130
111 174
111 415
111 610
111 114
111 132
111 192
112 158
112 409
113 506
113 538
113 560
114 130
114 161
114 743
114 775
114 814
114 922
114 950
114 958
114 986
115 366
116 175
116 264
116 423
116 462
117 232
117 253
117 140
118 149
119 198
119 265
119 336
119 372
119 531
119 819
119 919
119 934
120 351
120 467
120 494
120 572
120 673
120 939
121 125
121 324
121 376
121 527
121 674
121 132
122 166
122 218
122 949
122 171
123 158
125 788
126 182
126 198
127 405
128 512
128 688
129 216
129 239
129 417
129 685
129 902
131 182
131 389
132 149
134 142
135 464
136 653
136 197
137 335
137 526
137 202
138 217
138 279
138 454
138 483
139 323
139 331
139 386
139 412
139 706
139 719
139 762
139 799
141 197
141 240
141 245
141 802
142 755
143 173
144 202
146 197
146 291
146 833
147 514
148 375
148 669
149 688
150 720
151 656
153 160
153 199
153 250
153 754
153 893
154 161
158 184
159 182
164 192
167 195
181 203
189 200
193 200
195 201
