0 1
0 2
0 3
0 4
0 6
0 8
0 11
0 19
0 22
0 23
0 24
0 32
0 34
0 35
0 36
0 37
0 38
0 42
0 44
0 46
0 48
0 52
0 53
0 59
0 63
0 66
0 75
0 77
0 81
0 87
0 89
0 91
0 92
0 96
0 98
0 99
0 101
0 106
0 108
0 114
0 118
0 119
0 124
0 128
0 131
0 135
0 137
0 139
0 142
0 145
0 149
0 161
0 173
0 174
0 178
0 183
0 186
0 187
0 192
0 201
0 288
0 295
0 345
0 349
0 413
0 425
0 427
0 442
0 455
0 468
0 511
0 524
0 538
0 593
0 629
0 678
0 689
0 736
0 743
0 763
0 793
0 799
0 827
0 828
0 836
0 843
0 885
0 896
0 911
0 921
0 930
0 945
1 2
1 3
1 4
1 5
1 7
1 8
1 13
1 17
1 19
1 25
1 41
1 47
1 52
1 55
1 61
1 64
1 66
1 68
1 75
1 82
1 84
1 89
1 96
1 98
1 105
1 114
1 120
1 122
1 125
1 132
1 133
1 142
1 143
1 144
1 147
1 152
1 155
1 167
1 177
1 184
1 185
1 190
1 192
1 200
1 208
1 210
1 274
1 278
1 336
1 361
1 365
1 373
1 429
1 451
1 523
1 526
1 537
1 583
1 592
1 599
1 638
1 696
1 734
1 748
1 766
1 791
1 807
1 842
1 844
1 870
1 878
1 938
1 965
2 3
2 4
2 17
2 18
2 29
2 32
2 48
2 52
2 59
2 63
2 74
2 83
2 94
2 97
2 100
2 102
2 105
2 109
2 111
2 114
2 125
2 126
2 127
2 129
2 137
2 138
2 141
2 147
2 149
2 154
2 159
2 168
2 180
2 184
2 185
2 186
2 201
2 202
2 223
2 408
2 418
2 423
2 447
2 475
2 480
2 588
2 618
2 691
2 694
2 715
2 729
2 732
2 737
2 771
2 786
2 835
2 926
3 4
3 5
3 31
3 32
3 55
3 61
3 63
3 74
3 81
3 165
3 417
3 489
3 522
3 951
4 7
4 24
4 26
4 30
4 38
4 42
4 43
4 45
4 47
4 53
4 58
4 59
4 60
4 62
4 71
4 73
4 74
4 81
4 83
4 84
4 104
4 115
4 116
4 117
4 119
4 123
4 125
4 132
4 139
4 149
4 155
4 156
4 161
4 169
4 174
4 175
4 187
4 195
4 196
4 198
4 304
4 344
4 369
4 407
4 412
4 440
4 472
4 531
4 556
4 708
4 745
4 767
4 772
4 784
4 856
4 914
4 934
4 973
4 978
4 982
5 11
5 22
5 28
5 33
5 45
5 50
5 54
5 60
5 85
5 99
5 150
5 154
5 160
5 162
5 215
5 235
5 260
5 316
5 351
5 357
5 358
5 471
5 479
5 542
5 543
5 558
5 567
5 572
5 574
5 585
5 587
5 590
5 603
5 608
5 690
5 727
5 760
5 797
5 821
5 876
5 886
5 888
5 939
5 943
5 947
5 956
5 964
5 983
5 984
5 989
5 151
5 8
5 9
5 10
5 26
5 35
5 48
5 59
5 83
6 14
6 92
6 476
6 970
7 25
7 27
7 28
7 73
7 114
7 205
7 314
7 330
7 401
7 536
7 709
7 841
7 913
7 960
7 151
7 8
7 9
7 10
7 13
7 14
7 18
7 19
7 20
7 21
7 37
7 45
7 97
7 119
8 9
8 12
8 13
8 15
8 23
8 86
8 94
8 98
8 179
8 182
8 221
8 272
8 491
8 675
8 761
8 801
8 901
8 955
8 17
8 20
8 24
8 27
8 32
8 59
8 85
8 100
8 108
8 113
8 120
8 149
8 154
9 10
9 12
9 15
9 40
9 116
9 151
9 579
9 796
9 863
9 11
9 59
10 12
10 14
10 44
10 299
10 494
10 49
11 14
11 18
11 21
11 33
11 80
11 104
11 113
11 163
11 171
11 230
11 241
11 243
11 258
11 259
11 399
11 404
11 436
11 517
11 568
11 607
11 631
11 635
11 676
11 680
11 779
11 915
11 935
11 936
11 995
11 25
11 57
11 110
12 13
12 16
12 26
12 46
12 51
12 78
12 91
12 111
12 151
12 158
12 240
12 325
12 381
12 503
12 528
12 561
12 892
12 179
13 26
13 35
13 57
13 98
13 143
13 217
13 366
13 460
13 575
13 659
13 815
13 860
13 998
13 15
14 19
14 23
14 39
14 72
14 93
14 115
14 146
14 189
14 197
14 214
14 218
14 270
14 310
14 332
14 334
14 390
14 396
14 448
14 470
14 553
14 663
14 714
14 776
14 780
14 810
14 848
14 869
14 887
14 904
14 920
14 982
14 991
14 151
14 30
14 64
14 142
14 182
15 51
15 341
15 17
15 19
15 23
15 24
15 35
15 58
15 60
15 68
15 70
15 72
15 110
15 113
15 121
15 128
15 149
16 23
16 37
16 40
16 46
16 62
16 67
16 110
16 122
16 176
16 182
16 191
16 200
16 211
16 410
16 485
16 501
16 549
16 555
16 705
16 711
16 806
16 912
16 928
16 949
16 971
17 20
17 94
17 554
17 612
17 830
17 868
17 18
17 25
17 39
17 54
17 109
18 30
18 90
18 121
18 516
18 749
18 20
18 22
18 42
18 61
18 68
18 78
18 89
18 109
18 151
19 21
19 71
19 130
19 181
19 185
19 246
19 280
19 419
19 540
19 548
19 773
19 825
19 874
19 28
19 102
19 112
20 21
20 33
20 34
20 43
20 51
20 53
20 56
20 57
20 72
20 76
20 81
20 85
20 88
20 106
20 143
21 155
21 156
21 576
21 645
21 790
21 992
21 26
21 31
21 36
21 79
21 115
22 24
22 39
22 47
22 55
22 71
22 75
22 107
22 159
22 225
22 266
22 279
22 437
22 508
22 673
22 687
22 697
22 800
22 804
22 829
22 894
22 94
22 168
23 135
23 368
23 544
23 867
24 33
24 95
24 106
24 180
24 234
24 258
24 338
24 374
24 380
24 496
24 541
24 596
24 151
24 40
24 60
24 74
24 101
24 140
25 27
25 43
25 69
25 70
25 79
25 136
25 209
25 393
25 586
25 611
25 661
25 44
25 73
26 257
26 379
26 427
26 725
26 747
26 833
26 32
26 70
27 909
27 41
27 47
28 31
28 56
28 58
28 76
28 79
28 88
28 102
28 108
28 109
28 127
28 148
28 150
28 195
28 203
28 242
28 254
28 269
28 289
28 298
28 326
28 370
28 383
28 391
28 400
28 409
28 420
28 431
28 438
28 450
28 461
28 467
28 477
28 490
28 493
28 514
28 522
28 551
28 552
28 574
28 581
28 636
28 637
28 642
28 648
28 649
28 653
28 658
28 660
28 707
28 710
28 731
28 735
28 750
28 770
28 774
28 805
28 809
28 813
28 834
28 852
28 872
28 877
28 910
28 918
28 923
28 925
28 937
28 940
28 963
28 36
29 962
30 36
30 37
30 49
30 84
30 115
30 118
30 144
30 343
30 354
30 356
30 424
30 458
30 487
30 515
30 527
30 539
30 582
30 591
30 613
30 619
30 644
30 645
30 654
30 655
30 667
30 692
30 718
30 723
30 845
30 866
30 902
30 942
30 80
31 445
31 106
32 37
32 77
32 107
32 195
32 571
32 795
32 46
32 98
32 104
32 108
33 61
33 80
33 104
33 178
33 194
33 239
33 359
33 385
33 443
33 517
33 529
33 602
33 610
33 639
33 656
33 678
33 679
33 744
33 746
33 837
33 151
34 151
34 98
34 117
34 137
34 172
35 134
35 832
35 95
35 100
36 228
36 446
36 42
37 41
37 45
37 50
37 64
37 77
37 82
37 153
37 170
37 207
37 335
37 346
37 362
37 389
37 432
37 473
37 505
37 506
37 513
37 573
37 578
37 617
37 622
37 632
37 671
37 683
37 716
37 760
37 814
37 826
37 840
37 850
37 859
37 899
37 957
37 959
37 985
37 197
38 43
38 312
38 422
38 722
38 736
38 775
38 895
39 87
39 50
39 61
39 69
39 83
39 109
39 145
39 151
40 190
40 997
41 454
41 465
41 812
41 922
41 66
41 86
41 88
42 170
43 484
43 580
43 151
44 916
44 48
45 70
45 324
45 414
45 598
45 666
45 713
45 907
45 81
46 78
46 86
46 434
46 570
46 657
46 758
46 897
46 903
46 968
46 151
47 674
47 721
47 51
47 107
48 54
48 199
48 212
48 273
48 327
48 329
48 337
48 411
48 459
48 589
48 640
48 664
48 695
48 147
48 180
49 140
50 54
50 188
50 262
50 376
50 92
51 57
51 69
51 134
51 232
51 251
51 293
51 371
51 378
51 497
51 504
51 533
51 620
51 624
51 626
51 662
51 668
51 677
51 681
51 754
51 755
51 785
51 833
51 854
51 954
51 958
51 151
51 52
51 77
51 195
52 191
52 315
52 669
52 685
52 700
52 704
52 99
52 193
53 224
53 249
53 426
53 488
53 811
53 819
53 827
53 94
54 76
54 139
54 172
54 305
54 372
54 706
54 952
55 95
55 171
55 263
55 478
55 733
55 977
56 64
56 82
56 141
57 70
58 202
58 208
58 229
58 244
58 764
59 85
59 106
59 560
59 762
59 62
59 71
59 93
60 318
60 364
60 388
60 980
60 83
61 238
61 313
61 99
61 120
61 124
61 132
62 72
62 233
62 565
62 919
63 133
63 188
63 319
63 628
63 979
64 65
64 124
64 129
64 271
64 283
64 402
65 231
65 323
65 702
65 730
66 70
66 80
66 117
66 168
66 292
66 851
67 169
67 387
67 740
67 781
67 933
68 145
68 179
68 203
68 609
68 627
68 768
68 877
68 881
68 916
68 932
69 88
69 140
69 148
69 173
69 177
69 204
69 213
69 492
69 739
69 857
69 873
69 927
69 975
70 101
70 177
70 222
70 263
70 355
70 357
70 512
70 559
70 563
70 684
70 792
70 855
70 917
70 148
71 291
71 604
71 655
71 831
71 97
71 128
71 145
72 884
73 297
73 865
73 165
74 92
74 153
74 415
74 486
74 569
74 808
75 154
75 321
75 719
76 384
76 597
76 621
76 741
76 822
76 908
77 377
77 534
77 547
77 600
77 605
77 616
77 665
77 820
77 900
77 151
78 193
78 497
79 152
79 584
79 606
79 672
79 777
79 993
79 166
80 90
80 100
80 256
80 386
80 428
80 530
80 688
80 823
81 83
81 199
81 229
81 267
81 302
81 352
81 392
81 394
81 495
81 518
81 564
81 594
81 625
81 643
81 682
81 698
81 701
81 738
81 753
81 759
81 769
81 803
81 838
81 898
81 943
81 82
81 135
81 141
82 331
82 946
82 94
83 96
83 159
83 226
83 281
83 285
83 348
83 363
83 416
83 458
83 502
83 634
83 765
83 817
83 864
83 879
83 906
83 948
83 972
83 976
83 986
83 148
84 93
84 159
84 524
85 121
85 199
85 245
85 333
85 987
85 171
86 126
86 161
86 252
86 309
86 353
86 405
86 712
86 787
86 183
86 190
87 814
88 112
88 414
88 557
88 177
89 345
89 466
89 752
89 961
90 106
90 113
90 157
90 194
90 306
90 724
90 778
90 861
92 195
93 144
93 163
94 183
94 190
94 265
94 397
94 500
94 519
94 566
94 623
94 818
94 905
94 147
94 189
95 369
95 439
95 684
95 742
96 175
96 268
96 328
96 931
97 206
98 110
98 111
98 116
98 469
99 103
99 360
99 545
99 641
99 824
99 950
100 521
100 699
100 126
101 136
101 489
101 882
102 164
102 172
102 463
102 706
105 137
105 290
105 456
105 474
105 846
105 858
105 151
106 107
106 385
106 441
106 482
106 507
106 680
106 782
106 849
106 974
106 987
106 988
106 996
106 199
107 146
107 200
107 216
107 282
107 317
107 340
107 798
107 891
107 941
107 944
107 135
108 129
108 261
108 499
108 847
108 875
108 883
108 994
108 146
109 247
109 608
110 276
110 296
110 307
110 347
110 421
110 135
110 143
111 430
112 167
112 452
112 203
113 502
114 166
114 151
115 162
115 181
115 294
115 382
115 403
115 633
115 717
115 896
116 151
117 220
117 462
117 756
118 199
118 264
118 435
118 618
118 686
118 703
118 929
118 967
119 255
119 770
119 966
119 188
120 248
121 880
121 151
123 406
124 550
124 816
125 151
125 189
126 193
126 525
126 726
129 275
129 320
129 395
129 562
129 990
129 164
130 163
130 236
131 134
131 349
131 410
131 510
132 350
134 193
134 367
134 509
134 601
134 757
134 151
135 308
135 520
135 615
135 651
135 871
136 202
136 449
136 481
136 728
136 924
137 303
138 151
139 305
139 475
139 640
140 167
140 232
140 253
140 284
140 286
140 287
140 300
140 311
140 347
140 398
140 433
140 453
140 532
140 577
140 630
140 647
140 652
140 693
140 720
140 802
140 889
140 890
140 958
140 981
142 181
142 342
142 483
143 184
143 191
144 301
144 650
145 149
145 277
145 375
145 444
145 614
145 788
145 156
146 673
146 200
147 457
147 154
148 167
148 219
148 227
148 237
148 288
148 464
148 535
148 546
148 646
148 794
148 853
148 862
148 953
149 152
149 339
149 595
149 893
150 751
150 783
150 969
151 670
152 250
152 322
152 498
152 999
152 196
153 789
153 839
161 189
163 170
163 197
169 197
177 203
