0 1
0 2
0 3
0 4
0 5
0 9
0 15
0 19
0 22
0 27
0 34
0 43
0 46
0 47
0 48
0 53
0 55
0 65
0 67
0 73
0 96
0 98
0 101
0 120
0 125
0 126
0 131
0 133
0 139
0 153
0 158
0 177
0 178
0 180
0 186
0 187
0 197
0 227
0 305
0 316
0 340
0 370
0 386
0 418
0 445
0 447
0 500
0 589
0 597
0 620
0 670
0 745
0 777
0 780
0 800
0 802
0 813
0 816
0 991
1 2
1 3
1 5
1 7
1 8
1 11
1 15
1 16
1 17
1 23
1 24
1 26
1 32
1 33
1 47
1 48
1 49
1 51
1 55
1 60
1 68
1 69
1 74
1 78
1 83
1 85
1 89
1 94
1 96
1 100
1 102
1 104
1 108
1 110
1 111
1 112
1 116
1 118
1 125
1 141
1 146
1 149
1 150
1 161
1 165
1 167
1 175
1 176
1 183
1 195
1 199
1 202
1 271
1 323
1 348
1 423
1 475
1 487
1 522
1 564
1 603
1 613
1 629
1 702
1 744
1 754
1 756
1 775
1 839
1 867
1 901
2 3
2 4
2 5
2 9
2 11
2 20
2 25
2 28
2 33
2 34
2 39
2 41
2 52
2 55
2 62
2 70
2 76
2 78
2 79
2 82
2 91
2 95
2 96
2 99
2 100
2 102
2 108
2 111
2 112
2 116
2 123
2 132
2 135
2 138
2 141
2 142
2 145
2 152
2 167
2 177
2 185
2 191
2 193
2 194
2 196
2 199
2 218
2 229
2 258
2 287
2 388
2 395
2 425
2 450
2 465
2 496
2 558
2 578
2 615
2 654
2 723
2 729
2 732
2 759
2 803
2 834
2 908
2 913
2 937
2 961
2 981
3 6
3 15
3 26
3 27
3 37
3 40
3 44
3 45
3 50
3 56
3 61
3 64
3 71
3 76
3 83
3 89
3 91
3 95
3 99
3 102
3 104
3 108
3 112
3 115
3 123
3 128
3 131
3 135
3 138
3 143
3 149
3 156
3 158
3 160
3 161
3 162
3 164
3 167
3 174
3 176
3 177
3 178
3 187
3 194
3 198
3 200
3 225
3 244
3 353
3 363
3 377
3 379
3 404
3 433
3 457
3 483
3 502
3 510
3 513
3 516
3 517
3 519
3 587
3 644
3 742
3 743
3 758
3 760
3 782
3 807
3 815
3 903
3 936
3 974
3 975
3 988
4 12
4 14
4 22
4 54
4 58
4 71
4 118
4 179
4 213
4 219
4 243
4 339
4 365
4 407
4 586
4 616
4 656
4 699
4 749
4 751
4 797
4 843
4 968
4 11
4 5
4 23
4 26
4 93
4 109
4 127
5 7
5 50
5 121
5 140
5 153
5 410
5 556
5 658
5 788
5 11
5 6
5 14
5 33
6 8
6 13
6 18
6 21
6 23
6 88
6 202
6 455
6 769
6 789
6 848
6 11
6 9
6 78
7 8
7 13
7 18
7 32
7 38
7 69
7 78
7 86
7 101
7 119
7 121
7 132
7 163
7 196
7 223
7 346
7 364
7 475
7 525
7 526
7 592
7 595
7 627
7 652
7 669
7 687
7 701
7 727
7 737
7 762
7 779
7 819
7 862
7 866
7 899
7 931
7 980
7 11
7 9
8 10
8 13
8 15
8 18
8 21
8 24
8 30
8 31
8 35
8 38
8 48
8 72
8 74
8 75
8 79
8 83
8 85
8 113
8 120
8 129
8 130
8 143
8 144
8 147
8 159
8 161
8 168
8 177
8 191
8 197
8 198
8 216
8 239
8 249
8 257
8 273
8 276
8 278
8 282
8 284
8 291
8 321
8 332
8 342
8 369
8 372
8 381
8 392
8 416
8 422
8 428
8 444
8 446
8 449
8 452
8 482
8 486
8 490
8 508
8 534
8 540
8 548
8 550
8 554
8 561
8 571
8 623
8 644
8 667
8 688
8 691
8 704
8 709
8 713
8 714
8 715
8 722
8 736
8 757
8 798
8 810
8 823
8 830
8 854
8 868
8 874
8 879
8 904
8 929
8 943
8 946
8 947
8 972
8 986
8 999
8 11
9 16
9 39
9 109
9 567
9 640
9 748
9 978
9 997
9 11
9 10
9 18
9 30
9 36
9 41
9 58
9 62
9 77
10 11
10 13
10 18
10 30
10 33
10 35
10 39
10 40
10 42
10 49
10 55
10 60
10 63
10 110
11 97
11 98
11 121
11 139
11 185
11 245
11 260
11 263
11 277
11 322
11 871
11 894
11 30
11 12
11 16
11 19
11 22
11 23
11 24
11 54
11 65
11 68
11 83
11 99
11 101
11 103
11 107
11 112
11 140
11 149
11 151
12 27
12 62
12 110
12 283
12 301
12 387
12 607
12 672
12 837
12 870
12 878
12 33
12 70
12 115
12 150
13 232
13 547
13 14
13 15
13 21
13 24
13 31
13 61
13 67
13 76
13 91
13 95
13 107
14 59
14 15
14 20
14 37
14 69
14 114
14 141
15 24
15 29
15 30
15 31
15 35
15 38
15 53
15 63
15 65
15 113
15 168
15 171
15 212
15 224
15 279
15 303
15 419
15 539
15 706
15 707
15 875
15 881
15 21
15 27
15 28
15 45
15 69
15 96
15 131
16 33
16 68
16 87
16 124
16 131
16 162
16 238
16 396
16 427
16 478
16 533
16 80
17 56
17 585
18 21
18 23
18 26
18 39
18 40
18 49
18 80
18 105
18 108
18 109
18 143
18 157
18 189
18 195
18 285
18 354
18 375
18 400
18 430
18 453
18 488
18 494
18 498
18 576
18 588
18 683
18 684
18 705
18 758
18 766
18 817
18 831
18 880
18 882
18 928
18 935
18 993
18 30
18 29
18 32
18 54
18 75
18 142
19 23
19 25
19 36
19 41
19 75
19 103
19 104
19 155
19 168
19 292
19 384
19 403
19 442
19 456
19 462
19 542
19 553
19 610
19 621
19 622
19 631
19 770
19 862
19 30
19 81
20 46
21 37
21 57
21 64
21 69
21 132
21 163
21 201
21 208
21 320
21 327
21 358
21 361
21 438
21 459
21 513
21 532
21 543
21 545
21 650
21 784
21 858
21 888
21 898
21 919
21 923
21 930
21 951
21 982
21 29
21 31
21 67
21 72
21 85
21 90
21 137
21 146
21 148
22 54
22 906
22 34
22 60
23 31
23 57
23 70
23 77
23 117
23 149
23 202
23 312
23 321
23 356
23 840
23 845
23 46
23 135
24 32
24 35
24 42
24 50
24 52
24 53
24 61
24 66
24 81
24 92
24 113
24 125
24 134
24 136
24 140
24 142
24 148
24 155
24 194
24 198
24 199
24 234
24 236
24 248
24 262
24 265
24 290
24 298
24 329
24 338
24 349
24 411
24 413
24 414
24 417
24 473
24 477
24 503
24 512
24 577
24 584
24 606
24 612
24 614
24 630
24 643
24 679
24 686
24 703
24 726
24 731
24 750
24 787
24 804
24 833
24 846
24 918
24 921
24 926
24 938
24 941
24 969
24 979
24 984
24 989
24 74
24 96
24 161
26 124
26 288
26 470
26 799
27 54
27 59
27 62
27 294
27 600
27 642
27 660
27 878
28 88
29 458
29 484
29 493
29 696
29 45
29 87
29 88
29 102
29 120
29 136
30 42
30 241
30 876
30 49
30 76
30 77
30 122
31 41
31 42
31 159
31 166
31 188
31 189
31 192
31 233
31 234
31 250
31 333
31 437
31 443
31 466
31 467
31 481
31 497
31 514
31 531
31 628
31 633
31 645
31 681
31 721
31 776
31 786
31 814
31 842
31 845
31 931
31 944
31 57
31 124
31 135
32 56
32 127
32 152
32 254
32 314
32 334
32 357
32 382
32 408
32 552
32 625
32 653
32 661
32 663
32 689
32 719
32 720
32 755
32 761
32 764
32 802
32 811
32 853
32 861
32 865
32 885
32 992
33 70
33 82
33 103
33 195
34 91
34 93
34 107
34 109
34 175
34 293
34 308
34 359
34 430
34 469
34 501
34 551
34 563
34 608
34 632
34 639
34 641
34 646
34 649
34 651
34 664
34 678
34 682
34 752
34 768
34 785
34 820
34 892
34 939
34 945
34 971
34 40
35 106
35 128
35 182
35 397
35 572
35 917
35 66
35 93
36 44
36 141
37 45
37 52
37 139
37 141
37 344
37 394
37 560
37 590
37 671
37 733
37 844
37 851
37 907
37 977
38 299
38 355
38 552
38 725
38 772
38 956
38 964
39 84
39 157
39 162
39 214
39 352
39 412
39 499
39 137
40 122
40 573
40 594
40 852
40 952
40 50
40 84
40 89
41 221
41 535
41 565
41 655
41 677
41 690
42 77
43 49
43 463
43 796
44 511
44 159
45 178
45 207
45 440
45 55
45 80
46 63
46 116
46 140
47 84
47 123
47 156
47 530
47 778
47 884
47 960
47 965
48 544
48 888
49 87
49 114
49 154
49 295
49 330
49 336
49 350
49 426
49 559
49 575
49 730
49 877
49 909
49 925
49 942
49 959
49 963
50 52
50 105
50 130
50 269
50 377
50 409
50 459
50 617
50 700
50 716
50 728
50 835
50 889
50 92
50 132
50 183
51 61
51 738
52 136
52 181
52 389
52 781
53 66
53 71
53 120
53 169
53 266
53 335
53 343
53 376
53 509
53 549
53 827
53 838
53 904
54 58
54 461
54 524
54 619
54 783
54 895
54 108
55 186
55 220
55 605
56 990
57 317
57 765
57 102
57 118
58 110
58 184
58 228
58 302
58 460
58 474
58 495
58 648
58 668
58 747
58 828
58 856
58 995
59 91
59 237
59 574
59 790
60 156
61 472
61 521
61 536
61 717
61 821
61 829
61 123
62 896
62 113
62 200
63 68
63 71
63 79
63 192
64 81
65 203
66 147
66 166
66 296
66 385
66 486
66 832
67 95
67 203
67 996
68 115
68 190
68 362
68 441
68 740
68 801
68 860
68 910
68 920
68 934
68 104
69 77
69 117
69 99
69 116
69 151
70 114
70 211
70 637
70 940
70 973
70 987
70 108
70 115
70 154
71 72
71 90
71 94
71 106
71 171
71 190
71 281
71 368
71 434
71 569
71 570
71 583
71 793
71 911
71 929
71 967
71 144
72 169
72 746
72 924
73 101
73 325
74 972
75 555
75 93
75 136
76 708
76 887
76 182
77 151
78 144
78 337
78 415
78 480
78 507
78 943
78 949
79 268
79 358
79 900
80 270
80 402
80 112
81 309
81 593
85 164
85 297
85 680
85 850
85 133
86 953
86 196
87 215
89 275
89 364
89 394
89 454
89 468
89 562
89 581
89 647
89 954
89 970
89 976
89 989
89 998
89 98
90 398
90 451
90 598
90 692
91 247
91 307
91 424
91 636
91 773
91 106
92 304
92 546
92 685
92 950
92 148
93 857
94 129
95 192
96 118
96 135
96 206
96 246
96 251
96 319
96 347
96 399
96 520
96 538
96 591
96 662
96 676
96 753
96 763
96 774
96 841
96 847
96 863
96 994
99 109
100 130
100 385
100 515
100 915
101 253
101 577
102 180
102 390
102 431
102 476
102 491
102 528
102 795
102 127
103 695
103 893
105 130
105 137
105 226
105 256
105 391
105 432
105 492
105 512
105 582
105 596
105 652
105 665
105 718
105 735
105 812
106 429
106 886
106 137
107 111
107 146
107 184
107 200
107 242
108 151
108 252
108 489
108 518
108 693
108 966
109 122
109 264
109 421
109 712
110 158
110 170
110 420
110 849
110 905
110 933
111 380
112 172
114 122
114 173
114 205
114 222
114 235
114 589
114 634
114 791
114 794
114 873
114 922
114 932
115 310
115 324
115 162
116 313
116 698
116 119
116 184
117 197
117 204
117 280
117 638
117 739
117 872
118 230
118 360
118 366
118 566
118 618
118 711
118 902
118 985
118 158
120 171
120 192
120 267
121 300
121 580
122 151
122 210
122 217
122 274
122 373
122 396
122 401
122 599
122 626
122 806
122 809
122 826
122 955
123 529
123 808
123 822
125 134
125 172
125 201
125 203
125 240
125 306
125 315
125 318
125 371
125 378
125 383
125 406
125 485
125 571
125 657
125 689
125 734
125 805
125 836
125 869
125 912
125 983
127 139
127 147
127 855
129 261
129 557
129 604
129 609
129 724
129 792
129 191
129 193
130 505
130 674
130 767
130 914
130 168
131 205
131 541
131 825
132 436
132 659
132 741
132 197
133 900
134 255
134 272
134 341
134 367
135 175
135 200
135 328
135 348
135 420
135 504
135 527
135 591
135 632
135 635
135 710
135 883
135 948
135 152
136 325
136 523
136 675
136 178
137 393
137 611
138 326
139 172
139 209
139 311
139 435
139 464
139 737
139 916
141 479
141 601
142 259
142 439
142 824
142 145
143 351
143 694
143 843
143 864
143 890
143 165
143 170
145 374
145 697
145 927
146 962
146 150
147 286
147 289
147 448
147 471
147 537
147 579
147 624
147 771
147 818
147 859
147 897
147 957
151 156
151 231
151 405
151 891
153 331
153 340
153 345
153 506
153 568
153 602
153 666
153 673
153 958
156 173
159 196
175 200
179 184
188 192
