0 1
0 2
0 3
0 4
0 15
0 22
0 31
0 42
0 53
0 56
0 60
0 67
0 70
0 74
0 79
0 80
0 85
0 97
0 100
0 104
0 106
0 107
0 128
0 135
0 143
0 144
0 162
0 163
0 168
0 172
0 179
0 186
0 192
0 195
0 233
0 312
0 333
0 350
0 384
0 463
0 479
0 510
0 557
0 719
0 739
0 781
0 809
0 852
0 891
0 979
0 993
1 2
1 3
1 5
1 7
1 11
1 12
1 18
1 21
1 24
1 28
1 29
1 30
1 31
1 35
1 38
1 39
1 41
1 43
1 47
1 50
1 51
1 54
1 55
1 59
1 62
1 63
1 72
1 73
1 80
1 81
1 83
1 84
1 85
1 86
1 87
1 90
1 92
1 100
1 103
1 107
1 109
1 110
1 114
1 115
1 117
1 118
1 120
1 122
1 123
1 124
1 126
1 127
1 135
1 138
1 141
1 144
1 145
1 146
1 147
1 148
1 149
1 150
1 151
1 152
1 155
1 156
1 157
1 158
1 160
1 161
1 162
1 165
1 168
1 169
1 176
1 177
1 185
1 187
1 191
1 196
1 197
1 198
1 199
1 200
1 203
1 234
1 242
1 246
1 261
1 290
1 311
1 396
1 445
1 454
1 456
1 459
1 460
1 518
1 536
1 546
1 567
1 571
1 598
1 600
1 604
1 659
1 690
1 696
1 730
1 743
1 757
1 758
1 768
1 774
1 793
1 819
1 869
1 881
1 905
1 906
1 915
1 959
1 967
1 978
1 983
1 992
1 994
2 3
2 6
2 7
2 8
2 9
2 15
2 16
2 17
2 18
2 25
2 39
2 41
2 53
2 55
2 69
2 71
2 74
2 77
2 84
2 92
2 101
2 109
2 132
2 135
2 136
2 137
2 153
2 157
2 171
2 176
2 178
2 181
2 183
2 184
2 191
2 203
2 226
2 341
2 442
2 506
2 540
2 579
2 641
2 670
2 680
2 694
2 745
2 773
2 776
2 777
2 815
2 845
2 878
2 916
2 932
2 937
2 946
2 956
2 969
2 981
3 5
3 7
3 9
3 10
3 11
3 14
3 17
3 29
3 34
3 43
3 46
3 50
3 54
3 57
3 59
3 61
3 64
3 65
3 73
3 81
3 82
3 90
3 100
3 115
3 117
3 118
3 130
3 144
3 148
3 151
3 155
3 170
3 173
3 180
3 187
3 188
3 195
3 199
3 201
3 228
3 328
3 336
3 369
3 405
3 425
3 440
3 447
3 450
3 461
3 467
3 512
3 522
3 531
3 570
3 589
3 643
3 700
3 710
3 737
3 808
3 830
3 839
3 862
3 864
3 865
3 899
3 951
3 968
3 970
3 976
3 982
4 6
4 8
4 11
4 16
4 17
4 21
4 22
4 26
4 29
4 34
4 35
4 39
4 40
4 42
4 47
4 50
4 53
4 58
4 62
4 69
4 72
4 85
4 88
4 90
4 103
4 108
4 112
4 116
4 119
4 121
4 131
4 134
4 139
4 144
4 159
4 163
4 164
4 178
4 185
4 193
4 203
4 204
4 218
4 220
4 235
4 239
4 240
4 255
4 271
4 272
4 321
4 330
4 335
4 337
4 342
4 347
4 361
4 375
4 380
4 387
4 394
4 401
4 407
4 414
4 416
4 427
4 432
4 436
4 442
4 458
4 465
4 466
4 474
4 501
4 532
4 535
4 554
4 565
4 577
4 591
4 593
4 606
4 612
4 618
4 620
4 621
4 625
4 640
4 651
4 658
4 689
4 708
4 715
4 722
4 729
4 742
4 775
4 777
4 782
4 791
4 792
4 801
4 820
4 821
4 835
4 841
4 849
4 851
4 854
4 855
4 904
4 907
4 912
4 925
4 929
4 945
4 995
4 107
4 64
4 7
4 10
4 48
4 84
4 97
4 202
5 15
5 30
5 33
5 430
5 462
6 16
6 53
6 88
6 164
6 177
6 189
6 237
6 326
6 566
6 669
6 747
7 27
7 41
7 48
7 339
7 550
7 838
7 107
7 8
7 13
7 15
7 23
7 52
7 54
7 57
7 81
7 96
7 109
7 114
7 119
8 21
8 22
8 26
8 42
8 45
8 139
8 243
8 443
8 634
8 662
8 668
8 15
8 29
8 57
8 70
8 73
8 99
8 131
8 134
8 142
9 12
9 14
9 24
9 54
9 66
9 77
9 89
9 196
9 221
9 284
9 633
9 911
9 953
9 155
10 20
10 84
10 87
10 225
10 11
10 14
10 16
10 22
10 34
10 35
10 38
10 40
10 46
10 47
10 101
10 107
10 113
10 133
10 134
10 152
11 614
11 767
11 876
11 42
11 46
11 54
11 63
11 67
11 75
11 84
11 139
11 144
11 148
11 149
12 13
12 14
12 20
12 23
12 32
12 60
12 66
12 76
12 96
12 102
12 130
12 173
12 200
12 212
12 214
12 325
12 366
12 428
12 429
12 482
12 652
12 664
12 706
12 713
12 723
12 733
12 741
12 806
12 858
12 930
12 939
12 941
12 955
12 991
13 125
13 167
13 323
13 408
13 476
13 539
13 938
13 25
13 43
14 15
14 19
14 33
14 36
14 66
14 102
14 142
14 230
14 232
14 385
14 386
14 400
14 477
14 486
14 495
14 613
14 648
14 833
14 914
14 21
14 38
14 41
14 54
15 19
15 28
15 33
15 36
15 57
15 64
15 98
15 117
15 127
15 133
15 141
15 180
15 190
15 398
15 453
15 455
15 508
15 751
15 807
15 944
15 949
15 16
15 17
15 22
15 24
15 34
15 35
15 42
15 43
15 47
15 50
15 86
15 96
15 101
15 116
15 145
15 172
16 70
16 649
16 20
16 41
16 52
16 55
16 92
16 106
16 146
17 25
17 37
17 160
17 211
17 251
17 358
17 393
17 537
17 605
17 629
17 711
17 763
17 804
17 884
17 901
17 135
18 35
18 49
18 65
18 72
18 93
18 125
18 129
18 174
18 184
18 203
18 229
18 247
18 266
18 270
18 283
18 344
18 399
18 437
18 464
18 478
18 480
18 504
18 514
18 530
18 562
18 584
18 585
18 681
18 685
18 702
18 769
18 788
18 794
18 812
18 832
18 866
18 867
18 883
18 940
18 958
18 960
18 996
18 176
19 31
19 51
19 56
19 57
19 59
19 111
19 121
19 127
19 295
19 296
19 513
19 952
20 23
20 44
20 245
20 797
20 814
20 859
21 40
21 45
21 58
21 62
21 179
21 236
21 314
21 354
21 417
21 448
21 485
21 533
21 609
21 634
21 795
21 829
21 989
22 47
22 523
22 645
22 63
22 106
22 115
22 123
22 139
23 44
23 49
23 67
23 94
23 140
23 264
23 378
23 631
23 678
23 778
23 191
24 78
24 82
24 161
24 173
24 316
24 382
24 525
24 724
24 108
24 109
25 27
25 77
25 104
25 160
26 179
26 541
27 197
27 687
27 28
27 45
27 47
27 51
27 60
27 125
28 83
28 686
29 58
29 62
29 79
29 166
29 186
29 367
29 892
29 943
29 113
29 181
30 348
30 351
30 674
30 709
30 818
31 79
31 95
31 149
31 180
31 231
31 250
31 582
32 38
32 74
32 174
32 294
32 363
32 397
32 406
32 549
32 623
32 817
32 964
32 973
32 990
32 107
32 110
33 51
33 55
33 83
33 117
33 133
33 148
33 492
33 610
34 42
34 128
34 165
34 179
34 275
34 608
34 695
34 717
34 740
34 879
34 887
34 924
34 926
34 927
34 51
34 106
34 141
35 99
35 101
35 262
35 626
35 840
35 965
35 59
35 65
35 97
35 102
35 111
35 122
35 138
35 189
36 75
36 81
36 293
36 303
36 403
36 528
36 728
38 44
38 61
38 105
38 132
38 472
38 617
38 637
38 656
39 43
39 70
39 189
39 882
40 299
40 336
40 484
40 520
40 572
40 607
40 716
40 718
40 842
40 855
40 919
40 67
40 158
41 78
41 102
41 104
41 254
41 402
41 630
41 811
41 893
41 86
41 100
41 127
42 112
42 287
42 186
43 116
43 136
43 368
43 423
43 547
43 624
43 646
43 677
44 49
44 123
44 124
44 194
44 280
44 559
44 684
45 52
45 74
45 83
46 74
46 94
46 105
46 140
46 413
46 496
46 592
46 934
46 948
46 49
46 92
47 52
47 322
47 356
47 451
47 507
47 542
47 560
47 639
47 790
47 863
47 980
47 64
47 73
47 98
47 99
47 163
48 95
49 201
49 783
49 132
49 174
50 129
50 185
50 199
50 244
50 265
50 281
50 659
50 755
50 931
50 67
50 103
51 58
51 105
52 371
52 105
52 115
53 134
53 192
53 252
53 260
53 360
53 736
53 831
53 903
54 71
54 77
54 78
54 104
54 107
54 110
54 114
54 169
54 200
54 329
54 331
54 395
54 420
54 488
54 489
54 524
54 558
54 580
54 586
54 596
54 602
54 683
54 692
54 699
54 760
54 787
54 825
54 846
54 860
54 922
54 962
54 966
55 153
55 278
55 552
55 828
56 76
56 94
56 98
56 105
56 111
56 126
56 142
56 190
56 412
56 490
56 493
56 519
56 544
56 548
56 584
56 653
56 661
56 666
56 672
56 712
56 727
56 752
56 754
56 765
56 843
56 888
56 913
56 921
56 928
56 971
56 175
57 786
57 118
57 152
58 156
58 256
58 289
58 324
58 355
58 438
58 561
58 657
58 675
58 691
58 826
58 874
58 917
58 935
58 954
58 977
58 998
59 193
59 241
59 389
59 421
59 505
59 590
59 748
59 827
59 886
59 62
59 107
60 96
60 803
60 81
60 93
61 176
61 207
61 377
61 622
61 650
61 660
63 68
63 936
64 142
64 734
64 104
65 587
65 83
66 527
66 772
66 200
67 97
67 259
67 301
67 88
67 151
67 201
68 107
69 103
69 209
69 302
69 320
69 342
69 357
69 391
69 422
69 502
69 551
69 665
69 762
69 798
69 987
69 164
70 72
70 116
70 217
70 267
70 444
70 821
70 908
70 972
71 349
72 162
72 654
72 688
74 628
74 935
74 80
74 129
76 353
76 894
77 292
77 756
77 115
77 135
78 154
78 277
78 298
78 635
78 161
79 91
79 148
79 426
79 475
79 499
79 597
79 663
79 698
79 703
79 780
79 844
79 897
79 986
80 471
80 564
80 85
81 133
81 154
81 238
81 279
81 291
81 313
81 343
81 409
81 511
81 517
81 545
81 555
81 583
81 599
81 642
81 673
81 725
81 735
81 738
81 753
81 761
81 764
81 873
81 875
81 877
81 889
81 890
81 902
81 909
81 947
81 107
81 85
81 197
82 104
82 113
82 268
82 352
82 515
82 697
82 810
83 113
83 310
83 431
83 784
83 789
83 861
83 124
83 150
84 126
84 175
84 182
84 227
84 418
84 167
85 111
85 276
85 346
85 457
85 556
85 569
85 575
85 682
85 856
85 880
85 975
86 149
87 175
87 222
87 327
87 365
87 746
88 93
88 99
88 395
88 410
88 449
88 452
93 850
93 199
95 362
96 131
96 151
96 216
96 274
96 521
97 174
97 379
97 439
97 473
97 619
97 762
97 857
97 868
97 961
98 223
100 300
100 526
100 529
100 612
101 121
101 933
101 143
101 146
102 138
102 216
102 388
102 411
102 543
102 896
102 126
102 140
103 415
103 581
103 679
103 805
104 197
104 759
104 108
104 131
104 133
105 120
106 132
107 202
107 122
107 124
107 130
107 136
108 115
108 258
108 309
108 615
108 813
109 166
109 667
109 704
109 898
109 165
110 749
111 153
111 285
112 215
112 249
112 273
112 312
112 419
112 539
112 578
112 588
112 594
112 720
112 721
112 897
112 920
113 208
113 284
113 332
113 370
113 655
113 779
113 824
113 128
115 137
116 131
116 705
116 985
117 364
118 553
118 644
118 800
119 147
120 183
120 191
120 224
120 257
120 263
120 374
120 390
120 498
120 500
120 516
120 525
120 671
120 701
120 770
120 923
121 136
121 219
121 248
121 269
121 292
121 304
121 491
121 627
121 804
121 900
122 383
122 435
122 595
125 286
125 308
125 441
125 563
126 288
126 376
126 802
128 147
128 158
128 171
128 340
128 591
128 853
129 305
129 306
129 372
129 534
129 731
129 837
129 871
129 984
130 210
130 319
130 483
130 824
130 957
131 143
131 307
131 315
131 338
131 373
131 424
131 446
131 460
131 468
131 470
131 481
131 487
131 494
131 568
131 603
131 611
131 744
131 771
131 785
131 796
131 822
131 848
131 856
131 872
131 893
131 942
131 946
131 950
131 988
132 146
132 167
132 291
132 334
132 381
132 538
132 574
132 632
132 636
132 638
132 676
132 799
132 834
132 910
132 999
133 433
134 205
134 318
134 469
134 503
134 750
134 203
135 253
135 732
136 404
138 701
138 726
139 213
140 201
141 206
141 297
141 590
141 847
142 601
142 693
142 714
142 789
142 836
142 918
143 184
143 313
143 576
143 647
143 699
143 760
143 154
144 159
144 359
144 870
146 707
146 997
147 282
147 392
147 497
147 573
147 885
148 616
148 823
148 963
148 974
149 157
150 317
150 345
150 766
150 816
150 895
151 230
151 434
151 509
152 402
154 155
169 180
174 183
181 198
183 201
