0 1
0 2
0 3
0 4
0 5
0 7
0 8
0 9
0 12
0 14
0 16
0 26
0 28
0 36
0 38
0 39
0 41
0 43
0 51
0 64
0 66
0 71
0 73
0 87
0 88
0 92
0 93
0 94
0 95
0 108
0 113
0 118
0 124
0 126
0 128
0 130
0 132
0 140
0 141
0 153
0 160
0 161
0 164
0 165
0 166
0 167
0 175
0 177
0 179
0 182
0 183
0 185
0 187
0 188
0 190
0 191
0 194
0 195
0 196
0 197
0 200
0 212
0 214
0 226
0 300
0 318
0 364
0 387
0 401
0 438
0 452
0 455
0 458
0 463
0 477
0 486
0 491
0 495
0 496
0 505
0 507
0 516
0 544
0 604
0 617
0 624
0 650
0 668
0 673
0 683
0 712
0 759
0 776
0 805
0 863
0 868
0 877
0 883
0 889
0 900
0 920
0 934
0 967
1 2
1 3
1 5
1 8
1 15
1 27
1 51
1 58
1 61
1 70
1 79
1 83
1 85
1 89
1 92
1 105
1 109
1 116
1 119
1 121
1 133
1 153
1 155
1 156
1 158
1 172
1 176
1 180
1 215
1 233
1 285
1 346
1 382
1 402
1 464
1 521
1 573
1 585
1 693
1 699
1 716
1 718
1 792
1 853
1 857
1 902
1 964
1 983
2 3
2 7
2 9
2 12
2 14
2 17
2 38
2 51
2 54
2 80
2 87
2 92
2 107
2 122
2 145
2 155
2 162
2 164
2 184
2 187
2 190
2 193
2 413
2 458
2 485
2 524
2 775
2 830
2 840
2 854
2 968
3 4
3 5
3 6
3 7
3 12
3 14
3 16
3 19
3 20
3 29
3 31
3 32
3 37
3 38
3 42
3 44
3 45
3 46
3 47
3 50
3 52
3 54
3 55
3 56
3 57
3 58
3 59
3 62
3 64
3 66
3 68
3 69
3 73
3 74
3 75
3 76
3 81
3 85
3 86
3 91
3 94
3 95
3 102
3 109
3 116
3 117
3 121
3 129
3 130
3 131
3 137
3 139
3 141
3 142
3 147
3 149
3 155
3 158
3 159
3 164
3 167
3 169
3 170
3 171
3 172
3 182
3 183
3 187
3 189
3 190
3 193
3 200
3 201
3 222
3 235
3 238
3 265
3 277
3 307
3 329
3 336
3 383
3 397
3 444
3 448
3 459
3 504
3 520
3 523
3 530
3 534
3 546
3 593
3 595
3 599
3 626
3 637
3 640
3 645
3 646
3 662
3 678
3 693
3 696
3 729
3 788
3 834
3 838
3 864
3 948
3 981
3 993
4 11
4 43
4 78
4 93
4 97
4 98
4 106
4 146
4 152
4 186
4 199
4 258
4 260
4 269
4 296
4 298
4 343
4 395
4 411
4 479
4 499
4 518
4 581
4 654
4 661
4 722
4 811
4 906
4 35
4 95
4 5
4 6
4 9
4 10
4 12
4 14
4 15
4 16
4 17
4 18
4 19
4 25
4 29
4 31
4 33
4 34
4 36
4 40
4 45
4 66
4 70
4 75
4 77
4 84
4 86
4 87
4 99
4 108
4 113
4 122
4 123
4 128
4 134
4 141
4 151
4 153
4 189
5 6
5 10
5 13
5 23
5 27
5 29
5 35
5 65
5 77
5 81
5 86
5 101
5 108
5 160
5 178
5 192
5 337
5 433
5 469
5 701
5 855
5 914
5 8
5 71
5 125
5 154
6 10
6 23
6 49
6 63
6 462
6 621
7 8
7 11
7 41
7 103
7 152
7 184
7 186
7 297
7 419
7 427
7 576
7 583
7 663
7 737
7 95
7 17
7 35
7 36
7 58
7 124
7 130
8 11
8 22
8 33
8 43
8 93
8 314
8 334
8 349
8 351
8 370
8 424
8 443
8 502
8 545
8 566
8 567
8 630
8 639
8 666
8 667
8 846
8 888
8 945
8 95
8 146
9 13
9 16
9 20
9 24
9 36
9 76
9 231
9 270
9 283
9 289
9 384
9 439
9 483
9 506
9 795
9 910
9 961
9 39
9 106
10 29
10 34
10 39
10 81
10 164
10 195
10 280
10 345
10 379
10 925
10 35
10 53
10 141
11 140
11 143
11 332
11 393
11 987
11 35
11 22
11 39
11 43
11 49
11 53
11 66
12 21
12 30
12 37
12 42
12 114
12 126
12 136
12 236
12 253
12 600
12 610
12 612
12 614
12 628
12 789
12 845
12 851
12 958
13 19
13 27
13 31
13 53
13 80
13 82
13 102
13 111
13 123
13 134
13 158
13 162
13 237
13 257
13 273
13 282
13 446
13 470
13 471
13 475
13 476
13 553
13 569
13 570
13 684
13 850
13 867
13 899
13 915
13 947
13 998
14 17
14 18
14 21
14 193
14 203
14 248
14 302
14 494
14 536
14 556
14 672
14 812
14 880
14 937
14 941
14 19
14 78
14 102
15 112
15 487
15 808
15 921
15 26
15 29
15 32
15 152
16 24
16 61
16 108
16 111
16 124
16 134
16 198
16 704
16 713
17 18
17 21
17 32
17 58
17 179
17 204
17 247
17 276
17 461
17 537
17 649
17 653
17 748
17 786
17 819
17 963
17 126
18 89
18 175
18 202
18 55
18 97
18 136
19 602
19 800
19 946
19 29
19 71
19 115
20 50
20 53
20 55
20 67
20 80
20 104
20 145
20 406
20 429
20 437
20 526
20 743
20 829
20 904
20 942
20 978
20 35
20 21
20 27
20 40
21 25
21 30
21 40
21 42
21 141
21 169
21 268
21 312
21 328
21 394
21 421
21 435
21 482
21 511
21 528
21 538
21 580
21 608
21 642
21 671
21 679
21 682
21 753
21 783
21 796
21 826
21 858
21 944
21 988
21 990
21 23
22 27
22 88
22 127
22 137
23 31
23 39
23 44
23 59
23 107
23 111
23 117
23 121
23 150
23 305
23 308
23 371
23 380
23 422
23 504
23 560
23 578
23 584
23 592
23 648
23 656
23 664
23 669
23 690
23 720
23 749
23 756
23 766
23 815
23 835
23 886
23 895
23 929
23 950
23 957
24 167
24 255
24 366
24 529
24 697
25 28
25 95
25 118
26 74
26 90
26 119
26 150
26 509
26 613
26 675
26 677
26 798
26 818
26 873
26 970
26 105
26 193
27 46
27 47
27 178
27 288
27 123
27 139
28 30
28 96
28 131
28 898
28 980
29 47
29 64
29 72
29 82
29 94
29 100
29 162
29 178
29 341
29 625
29 660
29 784
29 878
29 894
29 984
29 48
29 129
30 88
30 136
30 138
30 156
30 189
30 207
30 295
30 352
30 467
30 541
30 670
30 703
30 733
30 810
30 820
31 142
31 724
31 765
31 44
31 48
31 51
31 56
31 73
31 81
31 95
31 99
31 143
31 178
32 37
32 74
32 114
32 148
32 157
32 169
32 188
32 196
32 294
32 368
32 377
32 392
32 434
32 460
32 571
32 629
32 642
32 652
32 680
32 706
32 772
32 801
32 803
32 861
32 887
32 890
32 933
32 954
32 985
32 995
32 36
32 41
33 48
33 97
33 514
33 635
33 769
33 104
34 510
34 782
34 60
34 202
35 400
35 76
35 87
35 117
36 51
36 53
36 281
36 692
36 959
36 43
36 84
36 112
36 118
37 40
37 57
37 70
37 125
37 454
37 717
37 738
38 69
38 105
38 266
38 498
38 922
39 77
39 95
39 120
39 130
39 142
39 170
39 206
39 209
39 223
39 228
39 292
39 326
39 338
39 554
39 634
39 735
39 781
39 832
39 924
39 936
40 49
40 109
40 363
40 399
40 550
40 603
40 681
40 685
40 715
40 727
40 728
40 807
40 862
40 892
40 897
40 919
40 960
40 972
40 42
40 53
40 78
40 92
40 114
40 168
41 441
41 116
42 70
42 71
42 84
42 88
42 96
42 151
42 154
42 166
42 171
42 210
42 230
42 389
42 457
42 813
42 816
42 893
42 931
42 63
42 95
43 388
43 407
43 691
43 912
43 943
43 89
43 128
44 101
44 164
45 49
45 52
45 323
45 513
45 130
46 62
46 63
46 73
46 82
46 84
46 131
46 208
46 339
46 396
46 440
46 517
46 522
46 532
46 563
46 618
46 641
46 655
46 702
46 723
46 825
46 928
46 940
46 955
47 69
47 77
47 79
47 84
47 173
47 216
47 278
47 320
47 325
47 330
47 344
47 375
47 410
47 489
47 497
47 552
47 579
47 616
47 627
47 750
47 785
47 790
47 824
47 841
47 860
47 870
47 873
47 938
47 965
47 969
47 986
47 95
47 196
48 348
48 787
48 145
49 68
49 86
49 128
49 172
49 258
49 309
49 597
49 689
49 708
49 761
49 872
49 885
49 62
49 69
49 82
49 90
49 95
50 111
50 490
51 75
51 76
51 123
51 185
51 245
51 306
51 386
51 515
52 95
52 138
53 57
53 249
53 598
53 848
53 879
53 908
53 97
53 145
54 146
54 186
54 409
54 918
55 101
55 135
55 324
55 828
55 70
56 284
57 110
57 115
57 180
57 197
57 525
57 547
57 606
57 823
57 842
57 891
57 917
57 961
57 95
57 187
58 60
58 61
58 74
58 104
58 117
58 144
58 148
58 181
58 194
58 213
58 229
58 241
58 304
58 319
58 376
58 418
58 451
58 531
58 533
58 558
58 559
58 562
58 582
58 619
58 674
58 707
58 710
58 747
58 757
58 763
58 778
58 782
58 814
58 827
58 831
58 859
58 909
58 911
58 913
58 954
58 979
58 986
58 72
58 76
58 197
59 72
59 102
59 274
59 391
59 956
60 163
60 68
60 113
61 198
62 77
62 142
62 149
63 403
63 780
63 856
63 953
63 971
64 122
64 238
65 89
65 90
65 174
65 218
65 219
65 243
65 271
65 277
65 290
65 291
65 299
65 321
65 360
65 420
65 472
65 512
65 540
65 577
65 644
65 653
65 700
65 746
65 762
65 777
65 822
65 869
65 876
65 907
65 930
65 951
65 962
65 976
65 994
66 78
66 373
66 415
66 449
66 806
66 864
67 98
67 159
67 199
67 246
67 549
67 611
67 615
67 659
67 665
67 694
67 698
67 727
67 730
67 743
67 847
67 874
68 83
68 97
68 143
68 263
68 269
68 362
68 622
68 105
70 73
70 127
70 180
70 535
70 695
70 711
70 103
70 119
70 150
71 96
71 99
71 114
71 138
71 139
71 147
71 217
71 239
71 261
71 408
71 425
71 474
71 503
71 620
71 752
71 768
71 771
71 996
72 90
72 327
72 95
73 252
73 374
73 575
73 767
73 74
73 133
74 203
74 227
74 481
74 905
74 952
74 989
74 107
74 188
75 95
75 88
75 121
75 143
76 185
76 658
76 77
76 80
76 90
76 110
76 121
76 131
76 149
77 416
78 744
78 837
78 102
79 179
80 515
80 755
81 82
81 317
81 94
81 99
82 331
82 400
82 809
82 135
82 162
83 739
84 345
84 480
84 192
85 342
85 367
85 731
86 764
86 107
87 163
87 240
87 356
87 404
87 453
87 501
87 181
88 110
88 224
88 901
89 148
89 275
89 378
90 173
90 705
90 774
91 133
91 548
91 799
91 916
92 572
93 106
93 405
93 719
93 966
94 100
94 468
95 220
95 287
95 104
95 114
95 146
96 136
96 454
96 636
97 115
98 103
98 334
98 638
99 129
99 135
100 149
100 738
100 793
100 844
100 982
100 195
101 414
101 561
101 903
103 350
103 588
103 688
104 372
104 709
104 124
105 112
105 211
105 447
105 721
105 802
105 821
106 293
106 322
106 347
106 355
106 493
106 590
106 596
106 647
106 657
106 751
106 804
106 871
106 927
107 198
107 365
107 754
107 881
107 201
108 500
108 631
109 565
109 725
109 770
109 833
109 852
109 939
109 997
110 141
110 244
110 336
110 398
110 430
110 473
110 643
110 651
110 742
110 745
110 803
110 975
111 198
111 267
111 478
111 601
111 686
111 849
111 973
112 175
112 251
112 301
112 311
112 555
112 714
112 169
113 591
113 121
114 156
114 361
114 773
114 148
116 192
116 234
116 254
116 423
116 445
116 557
116 843
116 878
117 121
117 165
117 198
117 265
117 303
117 310
117 359
117 542
117 676
118 741
119 174
119 385
119 734
119 817
120 177
121 135
121 202
121 262
121 354
121 428
121 431
121 488
121 538
121 564
121 740
121 760
121 779
121 923
121 991
121 992
121 999
121 133
122 353
123 168
123 313
123 335
123 381
123 412
123 450
123 466
123 484
123 508
123 543
123 551
123 568
123 709
123 736
123 797
123 868
123 935
124 417
125 875
126 436
126 456
126 623
128 221
128 758
128 794
128 977
128 152
129 480
129 687
130 137
130 432
130 726
130 839
130 132
131 264
131 587
132 473
132 594
132 609
133 256
133 527
133 632
134 586
135 201
135 205
135 607
135 139
136 426
136 605
136 137
137 749
139 147
140 250
140 492
140 589
140 932
140 949
141 430
141 465
142 183
142 192
142 259
142 272
142 279
142 316
142 333
142 399
142 442
142 519
142 633
142 732
142 804
142 836
142 926
142 974
143 225
143 358
143 390
146 574
146 865
146 884
147 357
147 369
148 203
148 286
148 340
148 539
148 896
149 170
149 242
149 315
150 791
152 232
152 866
152 882
161 200
175 182
