0 1
0 2
0 3
0 5
0 8
0 13
0 15
0 17
0 21
0 26
0 35
0 41
0 47
0 52
0 56
0 58
0 59
0 62
0 64
0 70
0 71
0 72
0 73
0 77
0 78
0 79
0 82
0 86
0 87
0 88
0 92
0 93
0 97
0 98
0 109
0 110
0 112
0 114
0 115
0 117
0 125
0 126
0 138
0 143
0 146
0 154
0 155
0 171
0 174
0 176
0 185
0 186
0 187
0 189
0 214
0 219
0 220
0 246
0 260
0 284
0 362
0 391
0 502
0 528
0 558
0 572
0 642
0 671
0 676
0 689
0 699
0 705
0 718
0 748
0 751
0 759
0 817
0 824
0 856
0 879
0 897
0 941
0 951
0 967
0 974
0 985
1 2
1 3
1 5
1 9
1 17
1 22
1 32
1 40
1 58
1 62
1 95
1 97
1 98
1 109
1 129
1 157
1 162
1 172
1 175
1 179
1 191
1 200
1 213
1 366
1 410
1 547
1 599
1 615
1 658
1 699
1 740
1 773
1 823
1 843
1 978
2 3
2 4
2 5
2 6
2 9
2 14
2 16
2 23
2 27
2 30
2 31
2 32
2 33
2 37
2 40
2 48
2 49
2 51
2 52
2 71
2 73
2 74
2 81
2 82
2 84
2 85
2 91
2 102
2 104
2 108
2 112
2 121
2 124
2 128
2 135
2 136
2 140
2 142
2 148
2 152
2 160
2 161
2 162
2 171
2 190
2 202
2 204
2 241
2 271
2 283
2 294
2 355
2 427
2 591
2 626
2 637
2 638
2 639
2 657
2 658
2 693
2 715
2 724
2 753
2 758
2 762
2 766
2 831
2 915
2 953
3 4
3 5
3 6
3 10
3 11
3 14
3 16
3 19
3 22
3 23
3 26
3 27
3 29
3 31
3 32
3 41
3 42
3 45
3 49
3 53
3 63
3 64
3 77
3 79
3 83
3 86
3 88
3 90
3 93
3 106
3 114
3 119
3 122
3 123
3 125
3 142
3 143
3 146
3 148
3 151
3 153
3 156
3 157
3 159
3 163
3 175
3 180
3 181
3 183
3 186
3 194
3 196
3 202
3 224
3 226
3 236
3 243
3 281
3 285
3 299
3 308
3 317
3 339
3 352
3 387
3 389
3 401
3 412
3 428
3 439
3 462
3 473
3 508
3 534
3 536
3 549
3 569
3 592
3 597
3 604
3 607
3 624
3 634
3 637
3 670
3 673
3 683
3 710
3 712
3 720
3 721
3 727
3 730
3 736
3 765
3 768
3 779
3 879
3 940
3 963
3 974
4 6
4 7
4 15
4 24
4 56
4 66
4 134
4 153
4 164
4 173
4 357
4 467
4 982
4 91
4 5
4 9
4 23
4 61
5 8
5 13
5 34
5 39
5 46
5 47
5 48
5 59
5 84
5 101
5 113
5 116
5 192
5 242
5 278
5 316
5 344
5 363
5 393
5 598
5 713
5 772
5 829
5 850
5 853
5 854
5 881
5 922
5 939
5 991
5 992
5 91
5 6
5 14
5 15
5 19
5 21
5 23
5 26
5 35
5 55
5 102
5 103
5 119
5 148
5 175
6 12
6 15
6 19
6 24
6 28
6 36
6 44
6 60
6 68
6 75
6 95
6 107
6 108
6 126
6 131
6 135
6 164
6 172
6 174
6 182
6 201
6 212
6 230
6 231
6 233
6 272
6 273
6 289
6 296
6 300
6 303
6 311
6 326
6 359
6 372
6 414
6 419
6 422
6 424
6 425
6 440
6 449
6 451
6 466
6 469
6 471
6 490
6 520
6 525
6 550
6 580
6 587
6 590
6 596
6 608
6 623
6 642
6 660
6 669
6 687
6 734
6 741
6 744
6 749
6 757
6 793
6 813
6 827
6 832
6 833
6 844
6 851
6 858
6 863
6 875
6 884
6 885
6 896
6 901
6 913
6 919
6 925
6 935
6 937
6 944
6 950
6 952
6 969
6 977
6 984
6 91
6 7
6 8
6 17
6 18
6 30
6 33
6 41
6 54
6 58
6 64
7 24
7 594
7 10
7 11
7 20
7 27
7 29
7 32
7 41
7 46
7 47
7 53
7 58
7 66
7 68
7 70
7 78
7 82
7 88
7 105
7 140
7 151
8 13
8 47
8 48
8 58
8 77
8 101
8 105
8 113
8 163
8 168
8 279
8 291
8 331
8 334
8 370
8 617
8 661
8 754
8 828
8 14
8 25
8 118
9 10
9 11
9 30
9 54
9 119
9 144
9 197
9 418
9 455
9 465
9 532
9 887
9 13
9 143
9 153
10 17
10 18
10 19
10 35
10 36
10 45
10 53
10 61
10 71
10 85
10 91
10 102
10 103
10 120
10 132
10 145
10 149
10 159
10 170
10 179
10 180
10 188
10 189
10 196
10 198
10 206
10 229
10 232
10 247
10 295
10 324
10 328
10 383
10 384
10 388
10 426
10 450
10 458
10 476
10 479
10 493
10 496
10 530
10 554
10 559
10 583
10 595
10 619
10 666
10 677
10 704
10 732
10 750
10 756
10 777
10 806
10 816
10 837
10 852
10 855
10 864
10 886
10 889
10 890
10 893
10 917
10 931
10 973
10 989
11 14
11 33
11 149
11 198
11 430
11 16
11 123
11 136
12 40
12 60
12 75
12 89
12 182
12 716
12 91
12 15
12 25
12 38
12 77
13 105
13 123
13 128
13 192
13 256
13 270
13 329
13 346
13 447
13 551
13 675
13 911
14 23
14 33
14 51
14 127
14 179
14 186
14 190
14 222
14 225
14 251
14 265
14 351
14 397
14 488
14 544
14 553
14 602
14 614
14 725
14 729
14 738
14 904
14 962
15 24
15 25
15 50
15 70
15 80
15 94
15 139
15 146
15 174
15 290
15 461
15 474
15 708
15 876
15 906
15 20
15 27
15 29
15 40
15 48
15 72
15 86
15 105
16 47
17 18
17 20
17 67
17 93
17 104
17 130
17 255
17 323
17 463
17 578
17 966
17 96
18 81
18 202
18 287
18 723
18 771
18 791
18 22
18 49
18 137
18 139
19 22
19 32
19 53
19 55
19 57
19 75
19 90
19 130
19 141
19 209
19 215
19 286
19 314
19 369
19 411
19 494
19 509
19 554
19 679
19 746
19 786
19 794
19 818
19 842
19 846
19 859
19 861
19 872
19 961
19 970
19 994
19 68
19 105
19 124
19 133
20 22
20 42
20 74
21 111
21 139
21 166
21 305
21 441
21 513
21 643
21 652
21 654
21 706
21 815
21 907
21 934
21 980
21 24
21 134
22 29
22 138
22 678
22 918
22 27
22 38
22 45
22 48
22 131
22 201
23 25
23 27
23 28
23 43
23 71
23 91
23 94
23 142
23 144
23 164
23 221
23 223
23 228
23 332
23 335
23 343
23 377
23 413
23 445
23 499
23 504
23 516
23 531
23 537
23 540
23 552
23 563
23 564
23 572
23 594
23 602
23 603
23 659
23 664
23 672
23 681
23 688
23 733
23 743
23 775
23 801
23 810
23 821
23 894
23 914
23 916
23 943
23 968
23 993
23 44
23 58
23 74
24 94
24 117
24 131
24 30
24 110
25 26
25 31
25 96
25 152
25 208
25 392
25 460
25 173
26 108
26 111
26 195
26 91
27 72
27 30
27 100
27 103
27 118
28 172
28 354
28 840
28 938
29 49
29 55
29 95
29 301
29 42
29 50
29 59
29 62
29 103
29 109
29 155
30 51
30 117
31 37
31 70
31 163
32 42
32 120
32 137
32 141
32 237
32 261
32 268
32 396
32 399
32 482
32 507
32 606
32 694
32 722
32 811
32 979
32 986
32 35
32 40
32 63
32 71
32 110
33 35
33 36
33 38
33 51
33 159
33 454
33 774
34 69
34 297
34 315
34 358
34 379
34 503
34 631
34 645
34 947
34 949
35 127
35 269
35 364
36 38
36 43
36 76
36 118
36 132
36 181
36 193
36 337
36 367
36 486
36 510
36 515
36 586
36 589
36 609
36 742
36 764
36 797
36 862
36 870
36 880
36 883
36 886
36 888
36 898
36 929
36 965
36 177
36 186
37 83
37 131
37 199
37 254
37 321
37 511
37 948
38 455
38 577
38 57
38 108
38 114
40 44
40 47
40 78
40 90
40 95
40 107
40 136
40 141
40 155
40 183
40 201
40 210
40 217
40 240
40 248
40 327
40 353
40 437
40 477
40 500
40 517
40 542
40 543
40 571
40 613
40 629
40 663
40 701
40 789
40 795
40 820
40 851
40 877
40 954
40 975
41 104
41 130
41 177
41 180
41 350
41 512
41 560
41 588
41 601
41 646
41 784
41 971
41 45
41 80
41 143
42 90
42 610
42 111
42 165
43 50
43 302
43 566
43 745
44 75
44 165
44 309
44 368
44 480
44 485
44 524
44 582
44 799
45 61
45 137
45 535
45 921
45 81
45 115
45 144
45 150
46 199
46 264
46 417
46 905
46 956
46 957
47 158
47 313
47 386
47 400
47 438
47 568
47 899
47 84
47 125
48 69
48 266
48 903
48 983
48 51
48 71
48 80
48 89
48 94
48 101
48 120
48 169
49 616
49 649
49 662
49 804
49 64
50 129
50 338
50 374
50 527
50 650
50 735
50 752
50 783
50 933
51 125
51 126
51 127
51 161
51 253
51 371
51 390
51 444
51 581
51 612
51 625
51 647
51 653
51 665
51 680
51 780
51 803
51 987
52 130
52 318
53 93
53 110
53 147
53 464
53 546
53 628
53 711
53 788
53 800
53 902
53 113
54 124
55 63
55 203
55 231
55 239
55 376
55 387
55 627
55 630
55 912
55 171
56 134
56 91
56 92
56 95
56 100
56 121
56 149
56 152
57 365
57 423
57 443
57 99
58 158
58 432
58 501
58 505
58 857
58 69
58 88
58 114
58 125
60 942
61 178
61 288
61 557
61 700
62 87
62 193
62 377
62 497
62 545
62 570
62 620
62 622
62 697
62 808
62 841
62 860
63 65
63 211
63 802
64 112
64 258
64 567
64 93
64 95
64 109
64 129
65 165
65 395
65 472
65 553
66 402
68 167
69 73
69 116
69 484
69 538
69 703
69 769
70 442
70 621
70 726
70 929
71 97
71 834
72 380
72 406
72 709
72 871
73 122
73 128
73 150
73 185
73 227
73 249
73 252
73 320
73 340
73 361
73 403
73 526
73 562
73 579
73 609
73 690
73 731
73 737
73 754
73 868
73 891
73 895
73 908
74 86
74 459
74 483
74 489
74 585
74 138
75 89
75 201
75 205
75 739
75 990
76 158
76 160
76 275
76 336
76 398
76 431
76 456
76 491
76 685
76 776
76 836
76 166
77 276
77 347
77 790
77 907
77 955
78 277
78 349
78 785
78 874
78 91
78 90
79 89
79 138
79 176
79 267
79 548
79 605
79 807
79 976
80 96
80 152
80 195
80 636
81 322
81 429
81 481
81 83
82 298
82 325
82 644
83 113
83 242
83 533
83 755
84 385
84 999
85 99
85 218
85 234
85 259
85 307
85 345
85 457
85 611
85 692
85 707
85 796
85 814
85 822
85 910
85 946
85 997
86 333
86 632
86 635
86 767
86 825
86 91
86 185
88 120
88 216
88 259
88 781
88 930
88 131
89 627
90 115
90 521
90 873
90 100
91 100
91 719
91 792
91 94
91 112
93 188
93 995
94 139
94 420
94 448
94 506
94 839
94 136
95 203
95 330
95 360
95 394
95 446
95 495
95 555
95 630
95 648
95 809
95 920
95 923
95 928
95 108
95 142
96 181
96 280
96 522
96 668
96 674
96 702
96 805
96 833
96 866
97 412
97 575
97 778
97 787
97 816
97 826
97 855
97 998
97 159
97 196
98 728
99 651
99 869
99 107
99 162
101 342
101 848
102 245
102 529
103 150
103 434
103 667
103 686
103 130
104 416
104 452
104 576
105 114
105 166
105 169
105 184
105 373
105 849
105 128
106 633
107 235
108 139
108 312
108 335
108 378
108 640
108 761
108 932
108 151
109 319
109 571
110 207
110 293
110 561
110 798
110 878
110 909
110 958
110 981
110 134
111 238
111 499
111 556
113 184
113 250
113 282
113 341
113 565
113 959
114 539
114 714
114 996
114 168
115 203
118 198
118 121
119 190
119 191
119 197
119 356
119 695
119 717
119 763
119 812
119 847
119 945
120 244
120 257
120 274
120 409
120 618
120 782
120 867
121 145
121 421
121 514
121 202
123 263
123 698
123 179
124 304
124 382
124 405
124 415
124 641
124 865
125 492
125 682
126 194
127 133
127 435
127 924
128 275
128 487
128 498
128 600
128 936
130 170
130 523
130 673
130 760
130 770
131 145
132 407
132 475
132 519
132 747
133 835
133 960
134 478
134 684
134 972
135 309
135 408
136 655
136 696
137 882
137 964
138 157
138 433
138 584
138 838
139 518
139 926
139 193
141 154
141 287
141 292
141 306
141 381
141 436
141 470
141 512
141 573
141 574
141 691
141 830
141 892
141 988
142 927
143 541
143 947
144 453
144 845
145 262
145 468
145 656
145 900
146 310
148 348
149 375
152 593
153 404
153 819
158 192
192 199
