0 1
0 2
0 3
0 4
0 5
0 7
0 11
0 14
0 21
0 28
0 31
0 37
0 39
0 55
0 58
0 65
0 78
0 83
0 91
0 98
0 111
0 128
0 131
0 135
0 148
0 150
0 151
0 152
0 167
0 168
0 170
0 183
0 186
0 191
0 195
0 198
0 204
0 218
0 233
0 324
0 326
0 352
0 419
0 473
0 573
0 807
0 841
0 906
0 962
0 981
0 997
1 2
1 3
1 4
1 5
1 18
1 30
1 47
1 71
1 86
1 94
1 100
1 104
1 116
1 124
1 129
1 144
1 149
1 167
1 184
1 194
1 202
1 203
1 211
1 505
1 510
1 538
1 550
1 564
1 647
1 662
1 683
1 728
1 901
2 3
2 4
2 6
2 7
2 8
2 11
2 12
2 17
2 18
2 23
2 27
2 31
2 32
2 35
2 36
2 41
2 47
2 52
2 53
2 54
2 58
2 59
2 66
2 70
2 71
2 73
2 79
2 85
2 88
2 90
2 97
2 105
2 106
2 110
2 111
2 112
2 113
2 122
2 123
2 129
2 135
2 141
2 153
2 156
2 158
2 171
2 172
2 173
2 177
2 181
2 187
2 193
2 194
2 195
2 200
2 214
2 270
2 296
2 312
2 358
2 375
2 396
2 432
2 454
2 507
2 536
2 541
2 552
2 577
2 630
2 648
2 695
2 736
2 745
2 766
2 770
2 796
2 801
2 882
2 909
2 941
2 964
3 4
3 5
3 8
3 10
3 14
3 27
3 30
3 31
3 33
3 35
3 36
3 40
3 41
3 46
3 47
3 49
3 56
3 58
3 62
3 64
3 73
3 74
3 80
3 89
3 92
3 93
3 95
3 98
3 100
3 111
3 120
3 122
3 133
3 134
3 144
3 146
3 157
3 160
3 164
3 172
3 173
3 174
3 176
3 186
3 189
3 192
3 195
3 203
3 224
3 305
3 376
3 380
3 387
3 404
3 412
3 437
3 512
3 583
3 600
3 602
3 727
3 755
3 858
3 859
3 910
3 918
3 930
3 994
3 998
4 5
4 7
4 11
4 27
4 35
4 38
4 41
4 46
4 48
4 57
4 60
4 61
4 63
4 67
4 68
4 70
4 72
4 79
4 88
4 89
4 98
4 103
4 105
4 119
4 123
4 129
4 130
4 140
4 141
4 147
4 152
4 153
4 159
4 160
4 166
4 175
4 179
4 184
4 187
4 192
4 194
4 199
4 219
4 279
4 310
4 343
4 374
4 399
4 556
4 576
4 738
4 891
4 902
4 959
5 15
5 19
5 28
5 29
5 33
5 36
5 55
5 61
5 96
5 228
5 231
5 263
5 266
5 367
5 371
5 385
5 405
5 415
5 417
5 462
5 480
5 484
5 513
5 530
5 534
5 591
5 729
5 764
5 777
5 789
5 969
5 988
5 46
5 6
5 7
5 32
5 49
5 72
5 85
5 97
6 108
6 145
6 46
6 7
6 10
6 11
6 12
6 21
6 22
6 25
6 26
6 27
6 35
6 58
6 60
6 67
6 87
6 113
6 125
6 131
6 149
7 9
7 10
7 45
7 99
7 613
7 706
7 814
7 907
7 987
7 8
7 11
7 14
7 16
7 31
7 50
7 52
7 57
7 83
8 13
8 14
8 16
8 24
8 34
8 165
8 251
8 330
8 360
8 449
8 501
8 548
8 615
8 646
8 730
8 791
8 806
8 936
8 945
8 973
8 28
9 10
9 12
9 21
9 23
9 32
9 38
9 51
9 72
9 73
9 74
9 75
9 77
9 97
9 108
9 109
9 120
9 123
9 124
9 127
9 139
9 142
9 155
9 178
9 182
9 237
9 259
9 274
9 280
9 318
9 357
9 359
9 395
9 400
9 409
9 421
9 424
9 442
9 444
9 453
9 458
9 463
9 504
9 528
9 546
9 567
9 575
9 593
9 594
9 606
9 626
9 636
9 640
9 661
9 681
9 684
9 688
9 692
9 706
9 740
9 761
9 783
9 805
9 816
9 817
9 826
9 834
9 862
9 898
9 927
9 932
9 938
9 943
9 954
9 963
9 983
9 181
10 12
10 76
10 91
10 105
10 118
10 121
10 332
10 532
10 580
10 774
10 878
10 885
10 46
10 11
10 13
10 18
10 20
10 26
10 28
10 34
10 43
10 62
10 77
10 81
10 89
10 97
10 144
10 147
10 152
11 22
11 25
11 26
11 62
11 84
11 88
11 110
11 139
11 150
11 245
11 320
11 338
11 533
11 639
11 800
11 802
11 810
11 965
11 991
11 14
11 16
11 18
11 23
11 30
11 40
11 42
11 46
11 77
11 91
11 93
11 132
11 136
12 45
12 60
12 73
12 117
12 699
12 781
12 19
12 39
12 43
12 90
12 98
13 16
13 44
13 50
13 620
13 18
13 46
14 20
14 30
14 34
14 163
14 331
14 407
14 586
14 588
14 716
14 875
14 881
14 951
14 977
14 36
14 98
14 194
15 28
15 29
15 61
15 100
15 156
15 207
15 255
15 302
15 394
15 465
15 483
15 551
15 634
15 717
15 782
15 823
15 861
15 905
15 971
15 976
15 46
15 115
15 147
16 20
16 30
16 50
16 54
16 93
16 175
16 676
16 767
16 818
17 22
17 80
17 295
17 842
18 124
18 146
18 235
18 258
18 424
18 476
18 643
18 20
19 96
19 309
19 410
19 499
19 529
19 778
19 838
19 888
19 957
20 514
20 625
20 934
20 38
20 45
21 23
21 25
21 26
21 32
21 43
21 53
21 56
21 65
21 66
21 68
21 69
21 81
21 92
21 116
21 122
21 145
21 178
21 185
21 191
21 201
21 229
21 232
21 240
21 243
21 291
21 355
21 401
21 429
21 448
21 500
21 526
21 535
21 543
21 594
21 595
21 603
21 609
21 750
21 757
21 799
21 829
21 855
21 870
21 900
21 903
21 933
21 953
21 956
21 968
21 972
21 989
21 22
22 67
22 413
22 680
22 863
22 99
22 135
23 90
23 118
23 206
23 262
23 319
23 370
23 547
23 549
23 926
23 60
23 151
24 44
25 189
25 199
25 408
25 455
25 503
25 523
25 616
25 667
25 713
25 203
26 456
26 46
26 47
26 65
26 69
26 74
26 98
26 101
26 108
26 117
26 130
27 52
27 58
27 82
27 94
27 97
27 149
27 162
27 189
27 253
27 264
27 281
27 286
27 313
27 327
27 339
27 386
27 388
27 468
27 533
27 559
27 570
27 619
27 645
27 711
27 746
27 798
27 837
27 883
27 884
27 950
27 985
27 987
27 32
27 113
28 55
28 96
28 447
28 614
28 54
28 64
28 73
28 94
29 42
29 210
29 290
29 393
29 440
29 474
29 669
29 693
29 779
29 795
29 804
29 966
29 996
30 43
30 44
30 50
30 74
30 83
30 101
30 114
30 605
30 785
30 820
30 845
30 916
30 939
31 74
31 433
31 50
31 53
31 56
31 72
32 141
32 148
32 353
32 362
32 391
32 425
32 427
32 436
32 759
32 828
32 832
32 979
32 152
33 160
34 82
34 87
34 152
34 162
34 200
34 275
34 467
34 468
34 571
34 604
34 643
34 737
34 739
34 744
34 825
34 835
34 914
34 928
34 974
34 975
34 60
34 147
35 42
35 156
35 190
35 403
35 565
35 913
36 42
36 64
36 188
36 196
36 226
36 273
36 289
36 368
36 384
36 478
36 520
36 666
36 695
36 725
36 754
36 786
36 871
36 893
36 74
36 114
36 125
37 102
38 322
38 494
38 46
39 143
39 169
39 220
39 482
39 608
39 757
39 769
39 780
39 830
39 961
40 76
40 348
40 604
40 47
40 48
40 56
40 102
40 105
41 114
41 574
41 709
41 843
42 260
42 422
42 446
42 479
42 506
42 519
42 555
42 652
42 658
42 823
43 49
43 63
43 81
43 87
43 209
43 248
43 341
43 354
43 390
43 431
43 457
43 460
43 477
43 491
43 514
43 524
43 589
43 590
43 597
43 612
43 638
43 663
43 675
43 705
43 743
43 748
43 827
43 877
43 887
43 890
43 948
44 389
44 397
44 618
44 628
44 653
44 785
44 809
44 849
44 911
44 978
46 104
46 48
46 51
46 54
46 55
46 64
46 76
46 79
46 81
46 87
46 99
46 107
46 116
46 118
46 131
47 48
47 107
47 132
47 314
47 435
47 496
47 502
47 651
47 665
47 702
47 54
47 90
48 144
48 161
48 177
48 356
48 585
48 617
48 650
48 724
48 731
48 952
48 65
48 106
49 63
49 668
49 116
50 467
50 694
50 945
51 130
51 351
51 633
51 101
52 238
52 336
52 578
52 644
52 768
53 119
53 136
53 151
53 256
53 518
53 720
53 794
53 986
53 59
53 73
53 138
54 107
54 154
55 686
55 899
56 62
56 80
56 139
56 873
56 84
57 63
57 164
57 196
57 301
57 311
57 441
57 489
57 550
57 624
57 712
57 751
58 257
58 277
58 475
59 208
59 850
59 872
59 879
59 924
59 990
59 114
60 114
61 188
61 955
62 69
62 113
62 138
62 140
62 183
63 149
63 247
63 714
64 161
64 288
64 821
64 71
66 515
66 572
67 113
67 642
67 937
67 185
68 276
68 278
68 294
68 428
68 498
68 560
68 708
68 920
68 925
68 926
69 81
69 95
69 102
69 299
69 659
69 675
69 848
69 901
69 71
70 92
70 104
70 120
70 143
70 261
70 308
70 443
71 103
71 114
71 726
71 929
71 100
72 109
72 120
72 298
72 329
72 459
72 579
72 603
72 126
73 82
73 125
73 127
73 509
73 569
73 673
73 771
73 853
73 970
74 77
74 93
74 101
74 108
74 122
74 151
74 157
74 267
74 285
74 321
74 335
74 344
74 349
74 382
74 383
74 419
74 461
74 592
74 670
74 674
74 678
74 682
74 752
74 765
74 773
74 776
74 788
74 794
74 811
74 864
74 919
74 982
74 82
74 90
74 94
74 137
75 268
75 369
76 82
76 121
77 865
78 199
78 868
79 91
79 246
79 80
79 108
81 227
81 621
81 103
81 148
81 159
82 118
82 127
82 92
83 163
83 426
83 544
83 720
83 95
83 111
83 118
83 120
83 127
83 138
83 143
84 133
84 733
84 197
85 115
85 188
86 472
86 718
87 112
87 138
87 722
87 128
88 192
88 758
88 202
89 230
89 333
89 346
89 422
89 598
89 686
89 787
89 892
89 895
89 949
90 92
90 144
91 127
91 223
91 599
91 656
91 97
91 102
91 134
92 306
92 363
92 134
92 150
93 99
93 107
93 171
93 364
93 452
93 747
94 103
94 545
94 631
94 839
94 137
94 192
95 233
95 485
95 944
96 282
96 284
96 492
97 142
97 852
98 292
98 347
98 377
98 416
98 511
98 517
98 531
98 540
98 607
98 710
98 824
98 840
98 847
98 848
98 856
98 867
98 995
99 300
99 366
99 445
99 487
99 677
99 742
99 180
100 700
100 763
100 861
101 180
101 411
101 150
102 201
102 418
102 430
102 451
102 525
102 664
102 803
102 912
102 935
102 984
102 122
104 132
104 155
104 225
104 236
104 365
104 417
104 436
104 520
104 689
104 808
104 886
104 889
104 960
104 980
104 172
104 178
105 117
105 125
105 130
105 234
106 337
106 109
107 132
107 205
107 213
107 242
107 587
107 601
107 632
107 696
107 840
107 851
107 922
107 993
107 125
107 200
108 148
108 153
108 154
108 249
108 328
108 490
108 539
108 623
108 762
108 815
108 143
109 627
110 183
110 438
111 113
111 379
111 553
111 557
111 931
112 119
112 131
112 303
112 760
113 164
113 193
113 313
113 610
113 657
113 836
114 119
114 131
114 137
114 170
114 202
114 392
114 622
114 719
114 734
114 797
114 822
114 917
114 940
114 946
114 116
114 120
114 124
115 269
115 447
115 584
116 880
117 904
118 340
118 372
118 381
118 466
118 495
118 635
118 692
118 866
118 896
118 958
119 126
119 165
119 170
119 250
119 297
119 402
119 464
119 488
119 527
119 613
119 679
119 698
119 703
119 735
119 784
119 813
119 844
119 846
119 854
119 860
119 942
120 563
120 685
120 142
120 148
121 239
122 215
122 216
122 420
123 182
123 212
123 244
123 265
123 401
123 434
123 479
123 558
123 629
123 641
123 831
123 874
124 497
124 655
125 198
125 470
125 471
125 756
125 790
125 812
125 897
127 317
127 439
127 611
128 703
129 194
129 516
129 562
129 582
129 723
129 749
131 222
131 315
131 486
131 561
131 775
132 144
132 190
132 373
132 753
132 772
133 189
133 221
133 272
133 345
133 406
133 522
133 542
133 596
133 637
133 649
133 654
133 701
133 707
133 792
133 793
133 985
134 687
134 190
135 174
136 999
137 691
137 201
138 193
138 203
138 252
138 287
138 493
138 537
138 568
138 967
138 157
139 197
139 241
139 265
139 271
139 293
139 307
139 350
139 398
139 697
139 715
139 732
139 833
139 908
141 155
141 323
141 819
141 921
141 992
144 450
144 690
144 894
146 254
146 334
146 423
146 923
147 181
147 155
148 283
148 304
148 316
148 378
148 554
148 154
149 325
150 183
150 195
150 672
151 254
151 334
151 342
151 481
151 508
151 521
151 660
151 671
151 704
151 774
151 869
151 915
151 947
151 165
152 217
152 361
152 414
152 638
152 721
152 752
152 857
152 876
153 178
153 469
153 566
153 581
153 741
158 175
164 202
176 177
193 195
