0 1
0 2
0 3
0 4
0 5
0 7
0 10
0 19
0 26
0 51
0 69
0 93
0 108
0 119
0 132
0 134
0 145
0 154
0 175
0 176
0 193
0 238
0 280
0 431
0 463
0 540
0 613
0 746
0 767
0 777
0 863
0 905
0 935
1 2
1 3
1 4
1 5
1 7
1 8
1 13
1 31
1 42
1 44
1 55
1 57
1 80
1 90
1 98
1 109
1 125
1 139
1 140
1 147
1 148
1 151
1 152
1 181
1 182
1 186
1 194
1 195
1 196
1 199
1 206
1 311
1 407
1 536
1 592
1 594
1 610
1 680
1 727
1 742
1 778
1 811
1 821
1 893
1 896
1 904
1 925
2 3
2 4
2 5
2 13
2 19
2 25
2 27
2 28
2 66
2 69
2 71
2 81
2 90
2 116
2 121
2 126
2 160
2 170
2 189
2 229
2 301
2 367
2 654
2 660
2 822
3 4
3 5
3 6
3 7
3 8
3 9
3 11
3 12
3 14
3 18
3 23
3 28
3 32
3 46
3 48
3 61
3 66
3 85
3 87
3 101
3 105
3 122
3 134
3 141
3 142
3 150
3 155
3 164
3 168
3 173
3 186
3 187
3 369
3 526
3 527
3 566
3 701
3 718
3 757
3 806
3 863
4 5
4 6
4 12
4 23
4 37
4 41
4 43
4 48
4 58
4 64
4 67
4 73
4 75
4 78
4 82
4 100
4 106
4 123
4 126
4 130
4 131
4 141
4 142
4 144
4 147
4 156
4 163
4 170
4 174
4 176
4 191
4 192
4 194
4 198
4 205
4 265
4 272
4 279
4 287
4 306
4 322
4 396
4 397
4 401
4 402
4 493
4 563
4 590
4 602
4 623
4 734
4 810
4 836
4 939
4 965
4 981
5 7
5 10
5 19
5 20
5 28
5 30
5 33
5 36
5 39
5 40
5 50
5 57
5 58
5 60
5 62
5 63
5 64
5 65
5 72
5 76
5 79
5 82
5 83
5 89
5 92
5 95
5 99
5 110
5 113
5 117
5 122
5 123
5 130
5 137
5 138
5 147
5 151
5 152
5 155
5 165
5 174
5 184
5 189
5 192
5 204
5 214
5 262
5 278
5 334
5 395
5 416
5 446
5 448
5 451
5 492
5 507
5 508
5 551
5 553
5 573
5 596
5 625
5 635
5 651
5 699
5 711
5 720
5 752
5 779
5 806
5 813
5 827
5 850
5 885
5 889
5 891
5 931
5 975
6 29
6 41
6 48
6 70
6 73
6 74
6 91
6 114
6 129
6 133
6 770
6 906
6 908
6 985
6 35
6 7
6 46
6 49
6 66
6 69
6 77
6 151
7 8
7 9
7 15
7 20
7 24
7 37
7 44
7 50
7 56
7 80
7 81
7 160
7 165
7 180
7 236
7 237
7 249
7 259
7 262
7 291
7 295
7 355
7 368
7 372
7 412
7 425
7 440
7 447
7 460
7 475
7 513
7 561
7 582
7 632
7 644
7 647
7 665
7 673
7 692
7 704
7 736
7 763
7 849
7 867
7 888
7 928
7 997
7 134
7 12
7 64
7 76
7 140
7 192
8 15
8 17
8 18
8 21
8 22
8 26
8 30
8 38
8 50
8 54
8 60
8 93
8 99
8 100
8 117
8 118
8 131
8 151
8 176
8 200
8 326
8 359
8 362
8 371
8 427
8 437
8 441
8 473
8 476
8 491
8 520
8 568
8 571
8 590
8 592
8 604
8 626
8 685
8 690
8 732
8 756
8 759
8 774
8 828
8 837
8 844
8 856
8 857
8 877
8 911
8 944
8 963
8 974
8 984
8 998
8 35
8 9
8 27
8 28
8 31
8 32
8 62
9 15
9 16
9 35
9 43
9 53
9 96
9 178
9 240
9 317
9 479
9 505
9 608
9 639
9 657
9 712
10 409
11 15
11 17
11 22
11 25
11 28
11 40
11 43
11 45
11 63
11 77
11 86
11 97
11 107
11 116
11 121
11 159
11 169
11 178
11 185
11 200
11 228
11 267
11 329
11 354
11 424
11 461
11 502
11 545
11 572
11 658
11 683
11 715
11 792
11 854
11 858
11 901
11 961
11 134
11 50
11 60
11 100
12 13
12 24
12 33
12 47
12 56
12 83
12 213
12 223
12 227
12 281
12 292
12 315
12 528
12 538
12 640
12 652
12 669
12 671
12 679
12 687
12 694
12 695
12 755
12 788
12 793
12 973
12 990
12 118
13 17
13 100
13 321
13 455
13 579
13 646
13 741
13 824
14 38
14 63
14 35
15 46
15 96
15 127
15 255
15 406
15 424
15 425
15 434
15 484
15 682
15 714
15 775
15 808
15 35
15 45
15 51
15 54
15 57
15 98
16 19
16 20
16 153
16 314
16 428
16 641
16 942
16 35
16 87
16 110
17 21
17 47
17 59
17 85
17 95
17 110
17 120
17 183
17 205
17 226
17 330
17 337
17 342
17 358
17 433
17 438
17 467
17 474
17 510
17 519
17 523
17 628
17 643
17 668
17 675
17 722
17 752
17 787
17 871
17 978
17 982
18 29
18 41
18 74
18 142
18 162
18 177
18 191
18 218
18 376
18 452
18 633
18 709
18 738
18 761
18 765
18 835
18 898
18 907
18 930
18 950
18 972
18 134
18 43
18 51
18 126
19 29
19 32
19 39
19 59
19 65
19 66
19 105
19 184
19 293
19 370
19 530
19 533
19 535
19 549
19 612
19 743
19 819
19 834
19 890
19 913
19 920
19 993
19 999
20 24
20 29
20 31
20 34
20 95
20 219
20 225
20 285
20 316
20 319
20 325
20 470
20 472
20 546
20 556
20 583
20 653
20 670
20 680
20 693
20 705
20 807
20 855
20 866
20 927
20 977
20 35
20 26
21 38
21 42
21 49
21 85
21 86
21 103
21 125
21 132
21 203
21 328
21 389
21 477
21 537
21 567
21 649
21 672
21 723
21 728
21 730
21 768
21 809
21 812
21 952
22 171
22 179
22 212
22 275
22 283
22 388
22 560
22 570
22 656
22 724
22 785
22 884
22 35
22 134
22 23
22 26
22 32
22 37
22 48
22 53
22 59
22 61
22 90
22 115
22 124
22 143
23 47
23 72
23 868
23 924
23 36
23 82
23 83
24 167
24 266
24 341
24 398
24 631
24 910
24 35
24 194
25 121
25 222
25 577
26 85
26 146
26 197
26 211
26 344
26 514
26 539
26 574
26 584
26 674
26 698
26 201
27 70
27 76
27 113
27 252
27 378
27 875
27 134
27 36
28 40
28 87
28 500
28 754
28 134
28 35
28 34
28 48
28 59
28 60
28 96
28 109
28 112
28 124
29 42
29 44
29 104
29 112
29 114
29 145
29 162
29 175
29 202
29 234
29 257
29 261
29 297
29 336
29 346
29 385
29 443
29 458
29 490
29 496
29 576
29 606
29 615
29 618
29 621
29 662
29 678
29 684
29 707
29 744
29 751
29 764
29 770
29 778
29 781
29 803
29 805
29 814
29 839
29 861
29 870
29 878
29 892
29 894
29 899
29 917
29 960
29 976
29 988
29 994
29 995
30 33
30 52
30 110
30 127
30 147
30 233
30 390
30 515
30 562
30 636
30 713
30 745
30 749
30 782
30 786
30 829
30 951
30 953
30 134
30 42
30 97
31 81
31 35
31 58
31 136
32 49
32 94
32 123
32 167
32 180
32 960
32 134
32 125
32 146
33 36
33 120
33 302
33 351
33 411
33 564
33 948
33 967
34 157
34 189
34 294
34 548
34 737
34 794
34 818
34 881
34 895
34 943
35 38
35 40
35 41
35 42
35 48
35 50
35 52
35 53
35 55
35 68
35 78
35 88
35 93
35 99
35 107
35 111
35 114
35 120
35 122
35 128
35 129
35 130
35 133
35 151
35 152
35 155
36 387
36 541
36 949
36 38
36 47
36 92
36 115
36 139
36 189
37 39
37 47
37 86
37 196
38 88
38 103
38 126
38 159
38 624
38 676
38 67
38 112
39 134
39 62
39 74
40 150
40 290
41 71
41 112
41 114
41 254
41 350
41 633
41 659
41 859
41 900
42 56
42 128
42 161
42 183
42 332
42 379
42 383
42 497
42 565
42 603
42 797
42 914
42 954
42 43
42 66
42 81
42 116
42 119
43 67
43 161
43 386
43 488
43 529
43 650
43 663
43 740
43 748
43 93
44 79
44 89
44 153
44 208
44 462
44 725
44 922
44 190
45 263
45 575
45 63
45 150
46 68
46 82
47 61
47 111
47 333
47 391
47 595
47 597
47 601
47 645
47 771
47 841
47 847
47 106
48 55
48 71
48 91
48 112
48 134
48 136
48 201
48 246
48 260
48 339
48 499
48 686
48 762
48 816
48 830
48 833
48 848
48 882
48 971
48 979
48 102
49 65
49 82
49 128
49 185
49 753
49 947
49 85
50 54
50 75
50 102
50 113
50 115
50 137
50 171
50 215
50 264
50 276
50 348
50 361
50 377
50 413
50 454
50 501
50 703
50 766
50 852
50 81
50 132
51 619
51 84
51 124
51 147
52 503
53 141
54 197
54 521
54 780
55 569
55 606
55 697
55 955
55 87
55 110
55 146
55 147
57 127
57 143
57 207
57 661
57 915
57 91
58 408
58 415
58 776
59 188
59 282
59 450
59 600
59 729
59 784
59 134
59 173
60 68
60 77
60 102
60 167
60 169
60 300
60 394
60 405
60 468
60 484
60 487
60 489
60 491
60 518
60 578
60 626
60 627
60 769
60 838
60 860
60 932
60 936
60 969
61 296
62 239
62 945
63 64
63 143
63 169
63 404
63 457
63 511
64 96
64 111
64 286
64 345
64 543
64 630
64 637
64 791
64 801
64 843
64 940
64 69
64 74
64 109
64 126
64 141
66 831
66 135
67 117
68 71
68 126
68 195
69 82
69 190
69 289
69 459
69 717
69 122
70 73
70 168
70 202
70 235
70 338
70 417
70 418
70 465
70 555
70 580
70 591
70 689
70 790
70 799
70 991
70 176
71 84
71 527
71 629
72 139
72 396
72 616
72 750
73 124
73 823
74 382
74 517
74 542
74 622
74 956
74 107
74 149
75 93
75 150
75 161
76 588
77 131
77 174
77 199
77 357
77 439
77 798
77 111
78 327
78 523
78 832
78 918
78 178
79 383
79 453
79 845
79 919
80 84
80 101
80 112
80 146
80 181
80 204
80 220
80 250
80 298
80 305
80 373
80 403
80 420
80 423
80 664
80 677
80 706
80 817
80 876
80 923
80 981
81 194
81 203
81 486
82 113
83 95
83 758
84 124
84 318
84 320
84 516
84 700
84 747
84 903
84 958
84 134
85 158
85 166
85 217
85 353
85 384
85 410
85 427
85 494
85 708
85 826
85 872
85 966
85 101
86 88
86 248
86 430
86 525
86 617
86 667
86 959
86 134
87 149
87 559
87 795
87 103
88 158
88 159
88 174
88 224
88 335
88 550
88 987
88 134
88 144
89 155
89 177
89 253
89 271
89 304
89 375
89 593
89 772
90 182
90 273
90 187
91 135
91 445
91 534
91 835
91 851
93 331
93 153
94 225
94 498
94 620
94 971
94 992
94 160
95 148
95 154
95 607
96 103
96 104
96 125
96 152
96 195
96 231
96 360
96 449
96 485
97 708
98 244
98 132
98 157
99 609
99 611
99 783
100 165
100 172
100 178
100 187
100 284
100 309
100 333
100 340
100 429
100 435
100 436
100 478
100 531
100 541
100 702
100 716
100 773
100 840
100 869
100 880
100 909
100 929
100 942
100 948
100 957
100 989
101 163
101 443
102 256
102 317
102 464
102 134
102 147
102 148
103 363
103 586
103 731
103 853
104 158
104 177
104 230
104 274
104 456
104 634
105 190
105 739
105 912
105 941
106 136
106 163
106 243
106 299
106 343
106 352
106 466
106 666
107 134
108 247
108 614
109 365
109 849
109 137
109 154
110 144
110 444
110 148
111 117
111 269
111 524
111 873
111 968
112 323
112 414
112 504
112 506
112 522
113 138
113 216
113 268
113 400
113 469
113 482
113 557
113 581
113 735
113 820
113 866
113 886
113 933
113 980
113 203
114 245
114 324
114 393
114 825
114 937
114 946
114 182
115 605
116 242
116 842
116 134
117 170
117 173
117 303
117 307
117 381
117 509
117 547
117 589
117 802
117 862
117 887
117 902
118 865
119 366
120 172
121 480
122 938
123 155
123 180
123 188
123 198
123 209
123 380
123 426
123 471
123 691
123 710
123 733
123 796
123 815
123 840
123 964
123 986
124 347
124 392
124 719
124 846
125 481
125 638
125 688
125 134
126 312
126 468
126 864
126 921
127 310
127 558
127 800
127 204
130 175
130 308
130 655
131 199
131 210
131 432
131 642
131 874
131 158
132 195
132 179
136 277
137 916
138 349
139 721
140 270
140 681
141 996
142 905
142 962
143 181
143 598
143 883
143 934
143 186
147 156
147 187
147 221
147 258
147 313
147 356
147 399
147 419
147 421
147 422
147 483
147 532
147 585
147 696
147 804
147 831
149 554
149 167
150 241
150 364
150 374
150 789
150 879
150 926
150 950
151 442
151 544
151 587
151 726
152 288
152 495
152 512
152 599
152 726
152 760
152 897
153 232
153 251
153 983
154 552
154 648
155 970
159 171
165 181
182 191
