0 1
0 2
0 3
0 6
0 7
0 10
0 11
0 13
0 17
0 23
0 24
0 29
0 34
0 35
0 42
0 45
0 46
0 51
0 52
0 53
0 57
0 58
0 60
0 64
0 66
0 73
0 78
0 80
0 86
0 88
0 91
0 95
0 96
0 99
0 101
0 102
0 107
0 108
0 112
0 113
0 122
0 127
0 131
0 135
0 141
0 143
0 144
0 148
0 153
0 160
0 162
0 163
0 165
0 167
0 170
0 171
0 175
0 180
0 181
0 183
0 185
0 188
0 198
0 203
0 214
0 217
0 228
0 242
0 292
0 402
0 418
0 439
0 445
0 454
0 475
0 532
0 559
0 564
0 587
0 590
0 596
0 638
0 646
0 664
0 679
0 691
0 725
0 727
0 828
0 871
0 874
0 894
0 897
0 904
1 2
1 3
1 5
1 7
1 8
1 9
1 13
1 15
1 17
1 19
1 22
1 27
1 30
1 38
1 47
1 51
1 52
1 53
1 54
1 55
1 58
1 64
1 69
1 73
1 74
1 77
1 83
1 86
1 87
1 89
1 94
1 97
1 100
1 103
1 111
1 114
1 115
1 117
1 121
1 132
1 135
1 141
1 143
1 145
1 150
1 152
1 153
1 155
1 157
1 160
1 163
1 166
1 167
1 168
1 178
1 189
1 191
1 198
1 199
1 201
1 202
1 223
1 225
1 232
1 234
1 279
1 319
1 341
1 383
1 387
1 399
1 428
1 436
1 450
1 462
1 464
1 468
1 568
1 578
1 613
1 618
1 686
1 714
1 728
1 738
1 746
1 802
1 825
1 827
1 832
1 833
1 844
1 867
1 877
1 886
1 902
1 911
1 920
1 925
1 945
1 950
1 952
1 974
1 979
2 3
2 7
2 11
2 12
2 24
2 36
2 42
2 45
2 46
2 52
2 59
2 60
2 62
2 65
2 67
2 69
2 72
2 73
2 76
2 78
2 85
2 87
2 92
2 95
2 99
2 100
2 107
2 112
2 116
2 118
2 125
2 133
2 137
2 139
2 140
2 141
2 143
2 151
2 154
2 156
2 166
2 170
2 171
2 179
2 181
2 187
2 188
2 194
2 195
2 233
2 239
2 278
2 296
2 315
2 360
2 362
2 363
2 377
2 378
2 426
2 440
2 479
2 499
2 528
2 554
2 556
2 565
2 572
2 582
2 608
2 609
2 631
2 636
2 658
2 692
2 697
2 745
2 749
2 812
2 823
2 839
2 862
2 934
2 954
3 4
3 16
3 21
3 30
3 37
3 42
3 64
3 73
3 84
3 85
3 92
3 106
3 113
3 117
3 126
3 136
3 148
3 154
3 156
3 157
3 169
3 172
3 173
3 197
3 248
3 277
3 299
3 345
3 353
3 373
3 433
3 439
3 580
3 584
3 586
3 592
3 621
3 624
3 764
3 809
3 854
3 859
3 931
3 947
3 976
3 991
4 5
4 6
4 30
4 216
4 336
4 529
4 681
4 770
4 33
4 38
4 89
5 11
5 17
5 19
5 20
5 23
5 44
5 48
5 52
5 59
5 70
5 74
5 102
5 105
5 125
5 126
5 132
5 160
5 174
5 175
5 194
5 200
5 260
5 261
5 270
5 313
5 320
5 344
5 365
5 424
5 438
5 441
5 447
5 476
5 497
5 522
5 524
5 527
5 539
5 551
5 560
5 643
5 644
5 704
5 706
5 708
5 733
5 756
5 759
5 787
5 790
5 794
5 829
5 838
5 857
5 868
5 912
5 921
5 930
5 949
5 963
5 970
5 982
5 33
5 6
5 7
5 8
5 13
5 22
5 136
6 33
6 16
6 22
6 26
6 37
6 49
6 78
6 79
6 90
6 109
6 111
6 170
7 8
7 12
7 13
7 16
7 18
7 33
7 45
7 56
7 67
7 72
7 81
7 90
7 99
7 101
7 106
7 110
7 112
7 120
7 134
7 146
7 149
7 197
7 201
7 215
7 220
7 237
7 293
7 323
7 349
7 350
7 368
7 369
7 372
7 395
7 399
7 406
7 413
7 416
7 435
7 452
7 455
7 503
7 505
7 516
7 541
7 591
7 605
7 633
7 720
7 732
7 755
7 773
7 776
7 780
7 784
7 786
7 806
7 841
7 889
7 899
7 908
7 914
7 922
7 936
7 944
7 955
7 961
7 989
7 990
7 10
7 11
7 15
7 26
7 44
7 51
7 73
7 137
7 144
8 32
8 41
8 226
8 338
8 456
8 552
8 741
8 9
8 14
8 81
8 82
8 88
8 90
8 93
9 21
9 24
9 26
9 43
9 94
9 121
9 696
9 730
9 13
9 14
9 27
9 32
9 38
9 84
9 114
9 125
9 132
9 145
9 146
10 12
10 13
10 18
10 391
10 876
10 33
10 27
10 101
11 14
11 15
11 24
11 243
11 263
11 398
11 669
11 960
11 33
11 38
11 42
11 88
11 141
12 63
12 71
12 75
12 84
12 88
12 202
12 358
12 385
12 403
12 442
12 601
12 656
12 763
12 811
13 61
13 155
13 210
13 537
13 562
13 640
13 887
13 952
13 958
13 33
13 56
13 59
13 76
13 103
13 133
13 135
14 28
14 82
14 441
14 866
14 17
14 25
14 37
14 43
14 69
14 151
15 19
15 20
15 27
15 28
15 29
15 30
15 44
15 59
15 74
15 105
15 113
15 171
15 172
15 183
15 192
15 251
15 259
15 306
15 322
15 355
15 371
15 434
15 458
15 490
15 492
15 569
15 589
15 603
15 610
15 617
15 661
15 722
15 761
15 774
15 783
15 815
15 819
15 849
15 892
15 895
15 962
15 966
15 971
16 40
16 47
16 264
16 567
16 662
16 97
17 324
17 21
17 24
17 157
18 75
18 115
19 21
19 34
19 36
19 39
19 74
19 76
19 104
19 109
19 147
19 163
19 185
19 238
19 298
19 302
19 342
19 347
19 393
19 394
19 449
19 535
19 682
19 767
19 826
19 864
19 946
19 956
19 964
19 985
19 992
20 23
20 25
20 227
20 655
21 31
21 37
21 139
21 195
21 256
21 284
21 446
21 568
21 705
21 789
21 924
21 23
21 77
22 28
22 44
22 58
22 85
22 106
22 114
22 135
22 149
23 29
23 50
23 178
23 253
23 637
23 959
23 27
24 43
24 49
24 59
24 127
24 161
24 177
24 181
24 231
24 273
24 294
24 331
24 334
24 335
24 336
24 367
24 405
24 425
24 493
24 500
24 502
24 538
24 593
24 622
24 627
24 629
24 635
24 648
24 674
24 689
24 712
24 765
24 769
24 789
24 791
24 796
24 810
24 814
24 835
24 856
24 857
24 863
24 905
24 910
24 918
24 928
24 31
24 83
25 68
25 108
25 115
25 125
26 515
26 33
26 41
26 95
27 36
27 39
27 50
27 131
27 430
27 973
27 31
27 43
27 70
27 75
27 98
27 115
28 48
28 55
28 79
28 33
28 37
28 43
28 45
28 61
28 62
28 64
28 86
28 107
28 132
29 144
29 257
29 318
29 400
29 875
30 105
30 836
30 33
30 61
30 80
31 57
31 151
31 177
31 236
31 711
31 75
31 85
32 142
32 903
32 34
32 36
32 40
32 47
32 53
32 60
32 75
32 80
32 122
33 40
33 41
33 119
33 736
33 49
33 52
33 71
33 76
33 118
33 140
33 143
34 47
34 94
34 150
34 240
34 267
34 346
34 351
34 369
34 410
34 417
34 448
34 471
34 478
34 482
34 571
34 604
34 623
34 642
34 700
34 724
34 748
34 771
34 840
34 858
34 874
34 891
34 969
35 109
35 321
35 717
36 317
36 634
36 906
37 57
37 94
37 96
37 109
37 119
37 166
37 290
37 397
37 414
37 443
37 473
37 483
37 533
37 558
37 684
37 799
37 845
37 981
37 53
37 81
37 195
38 42
38 69
38 74
38 138
39 80
39 102
39 124
39 133
39 173
39 192
39 196
39 199
39 208
39 232
39 260
39 265
39 333
39 370
39 388
39 420
39 459
39 487
39 494
39 508
39 513
39 559
39 665
39 688
39 698
39 709
39 750
39 752
39 779
39 813
39 916
39 951
39 980
39 984
39 996
40 41
40 128
40 147
41 152
41 523
41 82
41 116
42 110
42 130
42 274
42 357
42 506
42 909
43 133
43 176
43 271
43 376
43 382
43 573
43 615
44 288
44 379
44 518
44 815
44 65
45 65
45 435
45 57
46 576
47 53
47 56
47 107
47 134
47 185
47 197
47 211
47 218
47 247
47 269
47 285
47 380
47 389
47 390
47 408
47 457
47 498
47 561
47 577
47 579
47 600
47 630
47 645
47 657
47 677
47 678
47 687
47 737
47 760
47 792
47 797
47 818
47 824
47 831
47 834
47 846
47 850
47 860
47 869
47 880
47 881
47 919
47 994
47 998
48 68
48 159
48 557
48 625
48 676
49 61
49 92
49 97
49 106
49 129
49 150
50 128
50 407
50 978
51 719
51 101
52 55
52 123
52 308
52 772
52 943
53 58
53 63
53 155
53 206
53 222
53 531
53 142
53 154
54 287
54 795
55 68
55 93
55 108
55 189
55 213
55 219
55 272
55 289
55 300
55 401
55 422
55 653
55 762
55 787
55 803
55 878
55 997
56 61
56 337
56 392
56 495
56 739
57 60
57 65
57 90
57 98
57 99
57 103
57 120
57 152
57 162
57 241
57 258
57 348
57 354
57 381
57 463
57 530
57 536
57 612
57 628
57 690
57 693
57 702
57 707
57 808
57 848
57 855
57 893
57 917
57 937
57 986
57 149
58 61
58 110
58 116
58 120
58 282
58 343
58 421
58 514
58 519
58 606
58 659
58 675
58 710
58 820
58 890
58 993
58 65
58 92
59 93
59 108
59 199
59 328
59 569
59 851
59 96
60 98
60 240
60 316
60 546
60 632
60 84
60 105
61 132
61 543
61 695
61 983
61 63
63 268
63 488
64 129
64 246
64 311
64 340
64 470
64 472
64 595
64 713
64 743
64 822
64 852
64 987
65 652
67 76
67 128
67 186
67 262
67 540
67 734
68 82
68 123
68 124
68 509
68 614
68 729
68 870
68 898
68 72
69 325
69 788
70 152
72 100
72 138
72 485
72 566
73 117
73 164
73 291
73 327
73 453
73 491
73 534
73 599
74 104
74 312
74 872
75 116
75 751
75 933
75 940
76 81
76 198
76 339
76 607
76 673
76 718
76 829
76 865
76 171
77 187
77 245
77 374
77 477
77 602
77 801
79 135
79 252
79 451
79 465
79 688
79 804
79 927
79 953
80 384
80 805
80 979
80 119
81 100
81 125
81 512
81 107
81 151
81 163
82 275
82 666
82 703
83 853
83 923
84 134
84 305
84 444
84 694
84 926
85 209
85 466
85 472
85 549
85 550
85 650
85 117
85 131
85 169
86 130
86 184
86 386
86 423
86 489
87 159
87 304
88 108
88 110
88 474
88 514
88 583
88 691
88 758
88 780
88 882
88 883
88 913
88 948
88 963
88 999
88 140
89 461
89 647
90 467
90 588
90 680
90 723
91 122
91 179
91 192
91 249
91 301
91 669
91 747
92 415
92 146
93 598
93 125
93 138
94 121
94 139
94 153
94 244
94 303
94 533
96 250
96 726
96 118
96 147
97 100
98 668
99 230
99 254
99 545
99 581
99 753
100 205
100 297
100 544
100 768
100 942
101 330
101 575
102 134
102 286
102 427
102 511
102 553
102 594
102 744
102 754
102 850
102 939
102 975
103 201
103 429
103 469
103 616
103 626
103 861
104 307
105 173
105 431
105 550
105 597
105 873
105 896
105 900
105 146
106 127
107 221
108 183
108 192
108 404
108 419
108 663
108 747
108 769
108 148
108 181
109 139
109 619
110 118
110 309
110 440
111 281
111 766
112 142
112 145
113 191
113 196
113 200
113 671
113 699
113 807
114 504
114 731
115 204
115 266
115 411
115 480
115 721
115 816
115 821
115 133
116 117
117 580
117 785
118 138
119 138
119 329
119 585
119 716
119 842
119 885
119 197
120 180
120 314
120 548
120 977
121 151
121 280
122 123
122 649
124 224
124 507
125 481
125 510
125 757
126 255
126 611
127 310
128 326
129 276
129 318
129 486
129 915
130 222
130 235
130 672
130 932
130 203
131 190
132 165
132 229
132 460
132 742
132 843
133 158
133 182
133 352
133 356
133 484
133 654
133 740
133 798
133 957
133 968
133 175
134 168
134 186
134 202
134 285
134 526
134 660
134 775
134 817
134 926
134 995
135 143
135 212
135 332
135 549
135 555
135 753
135 782
135 967
135 972
135 164
136 837
137 193
137 271
137 432
137 501
137 525
137 596
139 193
139 375
139 570
139 156
140 715
140 847
141 174
141 203
141 283
141 359
141 364
141 517
141 520
141 620
141 641
141 683
141 751
141 800
141 831
141 888
141 929
142 149
142 207
143 521
143 542
143 735
143 150
145 150
145 685
146 149
146 396
147 437
147 563
147 651
147 781
147 879
148 185
149 254
149 314
149 361
149 366
149 412
149 437
149 496
149 574
149 639
149 667
149 701
149 777
149 793
149 830
149 901
149 907
149 988
150 226
150 295
150 482
150 670
150 778
150 938
150 941
150 965
151 156
151 935
152 409
152 884
153 473
153 547
161 194
179 192
