0 1
0 2
0 3
0 4
0 5
0 8
0 9
0 22
0 23
0 46
0 49
0 59
0 64
0 68
0 100
0 102
0 108
0 111
0 121
0 124
0 158
0 174
0 187
0 218
0 270
0 510
0 532
0 615
0 675
0 680
0 795
0 802
0 815
0 848
0 856
0 866
0 881
0 948
1 2
1 3
1 4
1 5
1 7
1 11
1 13
1 31
1 34
1 40
1 55
1 64
1 70
1 77
1 99
1 108
1 115
1 120
1 135
1 152
1 171
1 196
1 332
1 336
1 388
1 397
1 430
1 553
1 599
1 694
1 778
1 803
1 933
1 942
1 984
2 3
2 4
2 5
2 6
2 7
2 8
2 16
2 18
2 28
2 30
2 32
2 35
2 36
2 37
2 43
2 51
2 53
2 67
2 73
2 78
2 79
2 84
2 106
2 112
2 113
2 124
2 129
2 132
2 133
2 134
2 135
2 138
2 143
2 146
2 148
2 156
2 159
2 168
2 177
2 190
2 195
2 196
2 200
2 261
2 293
2 313
2 431
2 493
2 522
2 525
2 618
2 692
2 814
2 823
2 928
2 952
2 982
3 4
3 5
3 13
3 15
3 30
3 63
3 69
3 71
3 74
3 105
3 108
3 120
3 121
3 123
3 130
3 147
3 155
3 163
3 167
3 168
3 170
3 179
3 182
3 189
3 195
3 197
3 198
3 244
3 321
3 325
3 369
3 438
3 477
3 496
3 501
3 514
3 587
3 609
3 636
3 681
3 780
3 786
3 903
3 924
3 975
4 5
4 9
4 12
4 15
4 36
4 38
4 43
4 50
4 61
4 65
4 67
4 73
4 83
4 86
4 90
4 95
4 96
4 99
4 100
4 102
4 104
4 105
4 107
4 109
4 110
4 111
4 112
4 118
4 122
4 125
4 131
4 134
4 150
4 155
4 163
4 165
4 169
4 180
4 190
4 194
4 195
4 205
4 213
4 234
4 249
4 279
4 337
4 400
4 440
4 453
4 476
4 486
4 488
4 533
4 552
4 565
4 617
4 631
4 639
4 647
4 708
4 710
4 714
4 754
4 764
4 790
4 808
4 857
4 896
4 926
4 935
4 962
4 983
5 9
5 15
5 25
5 43
5 59
5 71
5 73
5 77
5 81
5 131
5 136
5 139
5 144
5 153
5 157
5 160
5 170
5 171
5 173
5 174
5 177
5 178
5 184
5 186
5 195
5 219
5 236
5 262
5 283
5 311
5 422
5 558
5 569
5 576
5 582
5 611
5 633
5 641
5 665
5 738
5 783
5 833
5 982
5 993
5 994
6 12
6 17
6 26
6 46
6 93
6 312
6 342
6 909
6 43
6 8
6 7
6 34
6 37
6 47
6 85
6 127
7 18
7 27
7 33
7 66
7 70
7 118
7 126
7 128
7 140
7 638
7 661
7 811
7 838
7 912
7 43
7 8
7 9
7 10
7 13
7 21
7 99
8 9
8 10
8 14
8 21
8 51
8 106
8 125
8 208
8 266
8 272
8 437
8 531
8 596
8 620
8 731
8 733
8 739
8 788
8 829
8 906
8 43
8 73
8 36
8 42
8 49
8 93
9 10
9 14
9 44
9 45
9 47
9 79
9 145
9 291
9 317
9 340
9 360
9 643
9 863
9 999
9 43
9 17
9 24
9 38
9 51
9 84
9 115
9 123
9 153
10 29
10 44
10 62
10 63
10 97
10 106
10 292
10 390
10 459
10 473
10 509
10 541
10 581
10 766
10 807
10 43
10 12
10 41
10 69
10 110
10 120
11 16
11 77
11 137
11 169
11 289
11 513
11 844
11 854
11 43
11 14
11 78
11 136
12 23
12 26
12 33
12 67
12 98
12 110
12 151
12 364
12 456
12 466
12 590
12 779
12 921
12 968
12 43
12 25
12 52
12 94
13 19
13 20
13 24
13 30
13 35
13 39
13 43
13 52
13 123
13 160
13 167
13 173
13 229
13 248
13 350
13 395
13 439
13 487
13 612
13 670
13 879
13 957
14 21
14 103
14 116
14 125
14 925
14 43
14 20
14 25
14 26
14 30
14 31
14 32
14 35
14 40
14 42
14 44
14 48
14 49
14 54
14 65
14 69
14 74
14 79
14 89
14 97
14 106
14 111
14 121
14 130
14 142
14 156
15 16
15 38
15 41
15 50
15 54
15 74
15 92
15 94
15 103
15 114
15 116
15 119
15 127
15 150
15 164
15 169
15 180
15 215
15 242
15 247
15 321
15 334
15 356
15 363
15 372
15 375
15 387
15 412
15 437
15 446
15 460
15 476
15 516
15 534
15 544
15 550
15 573
15 598
15 629
15 637
15 673
15 678
15 706
15 739
15 761
15 768
15 773
15 789
15 831
15 871
15 872
15 878
15 891
15 932
15 969
15 979
15 998
16 53
16 72
16 76
16 101
16 137
16 206
16 396
16 563
16 749
16 810
16 888
16 889
16 964
17 42
17 784
17 19
17 24
17 35
17 50
17 73
17 83
17 87
17 89
17 106
17 141
18 27
18 33
18 34
18 60
18 66
18 75
18 76
18 78
18 89
18 134
18 138
18 163
18 166
18 197
18 200
18 224
18 254
18 296
18 349
18 420
18 426
18 428
18 469
18 512
18 542
18 585
18 586
18 623
18 644
18 688
18 717
18 746
18 760
18 798
18 816
18 830
18 849
18 865
18 960
19 24
19 68
19 605
19 818
19 33
19 167
20 24
20 72
21 27
21 60
21 71
21 87
21 128
21 148
21 152
21 178
21 183
21 211
21 258
21 268
21 355
21 401
21 449
21 458
21 460
21 537
21 597
21 667
21 683
21 824
21 851
21 897
21 919
21 941
21 955
21 995
22 85
22 687
22 170
23 26
23 42
23 57
23 83
23 95
23 117
23 155
23 181
23 262
23 371
23 505
23 508
23 540
23 593
23 652
23 662
23 737
23 827
23 958
23 43
24 185
24 253
24 330
24 571
24 722
24 954
24 43
24 33
24 48
24 50
24 63
24 68
24 90
24 98
24 148
24 155
25 130
25 159
25 199
25 298
25 720
25 843
25 910
25 32
25 66
25 124
26 33
26 83
26 154
26 187
26 362
26 524
26 545
26 729
27 34
27 104
27 138
27 140
27 163
27 771
28 40
28 159
28 370
28 491
28 655
28 716
28 853
28 997
28 43
28 124
29 32
29 45
29 97
29 156
29 410
29 634
29 684
29 751
29 947
29 43
29 70
30 39
30 56
30 58
30 157
30 217
30 557
30 894
30 966
30 155
31 41
31 603
31 127
32 43
32 42
32 54
32 84
32 129
32 148
32 151
33 42
33 49
33 86
33 89
33 100
33 136
33 225
33 303
33 357
33 408
33 415
33 419
33 424
33 436
33 506
33 567
33 575
33 614
33 645
33 663
33 741
33 745
33 772
33 868
33 890
33 905
33 936
34 78
34 182
34 343
34 497
34 595
34 756
34 985
34 107
35 133
35 447
35 454
35 817
35 44
35 74
35 105
36 140
36 604
36 672
36 62
36 89
37 80
37 385
37 495
37 949
37 43
37 92
37 104
37 180
38 54
38 77
38 142
38 164
38 174
38 203
38 345
38 392
38 483
38 521
38 529
38 689
38 699
38 870
38 940
39 157
39 185
39 188
39 189
39 333
39 409
39 444
39 669
39 704
39 724
39 752
39 812
39 820
39 860
39 974
40 41
40 82
40 249
40 515
40 518
40 834
40 43
40 53
40 57
40 96
40 137
41 90
41 94
41 668
41 730
41 43
42 48
42 983
42 43
42 47
42 53
42 57
42 62
42 72
42 88
42 96
42 114
42 142
43 46
43 48
43 56
43 91
43 109
43 110
43 117
43 171
43 172
43 186
43 227
43 241
43 260
43 284
43 288
43 294
43 348
43 354
43 394
43 425
43 481
43 490
43 500
43 507
43 523
43 555
43 565
43 577
43 594
43 642
43 657
43 658
43 703
43 855
43 876
43 901
43 914
43 937
43 945
43 986
43 47
43 52
43 61
43 68
43 80
43 81
43 107
43 116
43 121
43 123
43 129
43 131
43 134
43 149
44 45
44 54
44 55
44 94
44 101
44 103
44 107
44 111
44 139
44 141
44 156
44 190
44 193
44 194
44 203
44 222
44 274
44 276
44 304
44 307
44 327
44 367
44 383
44 427
44 492
44 503
44 559
44 619
44 679
44 716
44 825
44 834
44 915
44 987
44 996
44 70
44 91
44 97
45 112
45 485
46 91
46 405
46 433
48 65
48 76
48 82
48 92
48 124
48 150
48 152
48 198
48 207
48 209
48 286
48 301
48 319
48 365
48 374
48 548
48 584
48 591
48 606
48 622
48 649
48 697
48 728
48 836
48 845
48 877
48 902
48 904
48 917
48 992
48 61
48 86
49 231
49 566
49 600
49 898
49 980
49 100
49 125
50 62
50 464
50 677
50 53
50 146
52 63
52 126
53 235
53 461
53 502
53 748
53 892
53 111
53 119
53 123
54 90
54 429
54 465
54 467
54 475
54 762
54 77
54 82
55 80
55 89
55 257
55 341
55 346
55 572
55 625
55 667
55 701
55 787
56 130
56 167
56 196
56 578
56 616
56 736
56 884
56 972
56 989
57 659
57 117
57 134
60 221
60 347
60 520
60 613
60 715
60 723
61 86
61 103
61 194
62 411
63 80
63 103
63 193
63 377
63 705
63 874
63 956
63 988
63 84
63 152
64 82
64 275
64 418
64 517
64 689
66 398
66 688
66 101
67 214
67 378
67 539
67 698
67 713
67 767
67 813
67 875
67 939
68 160
68 161
68 199
68 237
68 264
68 382
68 504
68 568
68 621
68 676
68 685
68 781
68 859
68 881
68 71
68 110
68 186
70 139
70 519
70 757
70 819
70 899
70 82
70 108
70 118
70 145
71 128
71 138
71 238
71 326
71 399
71 526
71 549
71 630
71 700
71 118
72 96
73 107
73 282
73 861
73 864
73 124
74 81
74 88
74 308
74 368
74 527
74 560
74 583
74 709
74 796
74 869
74 908
74 970
75 880
76 139
76 192
76 200
76 212
76 328
76 344
76 389
76 421
76 450
76 499
76 632
76 792
76 793
76 799
76 822
76 846
76 930
76 981
77 85
77 88
77 127
77 137
77 232
77 315
77 320
77 769
77 887
77 934
78 210
78 538
78 635
78 742
79 116
79 478
80 85
80 141
80 314
80 410
82 194
82 650
82 950
82 91
82 92
82 117
82 169
83 201
83 202
83 318
83 462
83 554
83 832
83 837
83 920
83 102
85 141
85 256
85 299
85 489
85 494
85 610
85 656
85 702
85 765
85 801
85 835
85 873
85 886
85 946
85 959
86 115
86 168
86 201
86 726
86 202
87 271
87 145
88 556
88 95
88 151
89 96
89 100
89 126
89 162
89 204
89 245
89 263
89 265
89 269
89 273
89 414
89 457
89 482
89 530
89 592
89 608
89 654
89 682
89 743
89 797
89 806
89 828
89 882
89 913
89 967
89 144
89 159
90 607
91 95
91 310
91 747
91 750
91 785
91 114
92 175
93 129
93 143
93 173
93 243
93 352
93 413
93 562
93 628
93 666
93 686
93 770
93 805
93 922
93 937
94 132
94 226
94 386
94 443
94 580
94 664
94 721
94 740
94 971
95 98
95 202
95 251
95 381
95 690
95 725
95 842
95 977
96 117
96 122
96 252
96 297
96 417
96 452
96 471
96 528
96 718
96 782
96 809
96 895
96 973
96 103
96 150
96 154
96 204
98 117
98 463
98 648
100 162
100 178
100 230
100 233
100 451
100 468
100 470
100 653
100 691
100 719
100 758
100 965
100 990
101 179
101 407
101 602
101 804
102 192
102 255
102 278
102 306
102 353
102 435
102 712
102 776
102 826
102 883
102 923
102 951
102 961
102 991
103 143
103 570
103 646
103 858
103 900
103 943
104 135
104 166
104 177
104 305
104 351
104 434
104 547
104 588
104 862
104 916
105 671
106 753
107 259
107 339
107 479
107 141
108 132
108 175
108 331
108 624
108 176
109 498
109 651
111 205
111 285
111 850
112 358
112 376
112 379
113 695
113 794
114 143
117 216
117 373
117 455
117 775
118 125
118 139
120 290
120 536
121 209
121 777
121 953
122 727
122 755
122 800
122 893
122 907
122 938
123 246
123 404
123 735
123 931
124 416
125 164
125 277
125 281
125 535
125 543
125 696
125 707
125 711
125 821
125 840
125 150
126 335
127 176
128 223
128 316
129 191
129 480
129 168
130 220
130 393
130 448
130 171
131 474
132 300
132 359
132 918
133 151
133 295
133 338
133 441
133 442
133 589
133 944
134 147
134 391
134 599
134 744
134 839
134 929
134 162
135 162
135 267
135 324
135 403
137 402
138 408
138 423
139 280
139 660
140 228
140 732
141 287
141 366
141 384
141 626
141 759
141 149
143 149
143 184
143 323
143 329
143 406
143 561
143 564
143 601
143 627
143 674
143 735
143 774
143 791
143 867
143 885
143 963
144 164
147 432
147 551
148 191
148 484
151 239
151 250
151 322
151 445
151 472
151 511
151 546
151 574
151 579
151 640
151 693
151 763
151 847
151 852
151 911
151 976
151 978
152 203
152 240
152 302
152 309
152 325
152 380
152 734
152 841
152 872
152 927
155 191
155 361
164 194
177 182
179 194
185 196
