0 1
0 2
0 3
0 4
0 5
0 6
0 8
0 9
0 10
0 13
0 20
0 44
0 46
0 51
0 76
0 83
0 84
0 86
0 87
0 94
0 95
0 97
0 99
0 104
0 105
0 119
0 129
0 130
0 132
0 134
0 135
0 140
0 142
0 147
0 149
0 152
0 156
0 159
0 165
0 170
0 177
0 178
0 202
0 217
0 238
0 246
0 285
0 298
0 306
0 312
0 323
0 351
0 440
0 444
0 448
0 563
0 594
0 800
0 850
0 865
1 2
1 3
1 4
1 7
1 13
1 20
1 21
1 23
1 39
1 68
1 79
1 82
1 83
1 86
1 89
1 92
1 96
1 99
1 103
1 106
1 107
1 117
1 124
1 125
1 128
1 132
1 134
1 135
1 140
1 142
1 149
1 150
1 156
1 157
1 159
1 172
1 174
1 181
1 186
1 192
1 196
1 199
1 203
1 204
1 302
1 346
1 352
1 563
1 575
1 616
1 710
1 728
1 847
1 914
2 3
2 4
2 5
2 10
2 11
2 14
2 15
2 18
2 22
2 23
2 24
2 28
2 36
2 38
2 43
2 45
2 46
2 47
2 49
2 51
2 56
2 59
2 61
2 63
2 65
2 67
2 70
2 71
2 74
2 76
2 92
2 98
2 100
2 103
2 105
2 107
2 126
2 128
2 130
2 134
2 146
2 155
2 157
2 158
2 167
2 169
2 173
2 174
2 189
2 190
2 196
2 234
2 291
2 301
2 305
2 385
2 388
2 392
2 403
2 476
2 492
2 504
2 553
2 555
2 597
2 629
2 678
2 682
2 708
2 713
2 737
2 792
2 813
2 958
2 976
3 4
3 14
3 24
3 25
3 69
3 81
3 94
3 113
3 125
3 130
3 135
3 137
3 146
3 149
3 153
3 161
3 168
3 171
3 183
3 200
3 209
3 339
3 544
3 669
3 688
3 897
3 911
4 6
4 12
4 14
4 19
4 23
4 33
4 38
4 39
4 42
4 43
4 46
4 48
4 59
4 68
4 70
4 77
4 80
4 82
4 85
4 89
4 90
4 103
4 104
4 119
4 122
4 123
4 129
4 133
4 136
4 143
4 144
4 157
4 158
4 171
4 173
4 175
4 178
4 183
4 186
4 187
4 200
4 204
4 241
4 326
4 395
4 407
4 415
4 416
4 451
4 480
4 494
4 588
4 618
4 647
4 681
4 716
4 721
4 749
4 856
4 890
5 6
5 7
5 8
5 10
5 12
5 30
5 35
5 40
5 43
5 54
5 57
5 60
5 79
5 88
5 100
5 107
5 128
5 133
5 139
5 177
5 182
5 195
5 198
5 199
5 247
5 258
5 262
5 280
5 287
5 300
5 316
5 321
5 342
5 364
5 429
5 431
5 441
5 456
5 457
5 473
5 481
5 486
5 488
5 501
5 508
5 524
5 536
5 583
5 620
5 634
5 652
5 658
5 663
5 668
5 675
5 697
5 698
5 714
5 717
5 720
5 726
5 734
5 749
5 753
5 774
5 779
5 791
5 810
5 815
5 850
5 852
5 863
5 867
5 885
5 900
5 912
5 933
5 968
5 969
5 83
5 149
5 11
5 104
6 8
6 154
6 273
6 278
6 335
6 360
6 381
6 409
6 455
6 467
6 496
6 517
6 598
6 631
6 901
6 908
6 981
6 83
6 149
7 10
7 16
8 13
8 44
8 70
8 131
8 181
8 366
8 424
8 565
8 593
8 773
8 908
8 83
8 12
8 51
8 58
8 62
8 84
9 15
9 17
9 33
9 69
9 127
9 141
9 163
10 12
10 16
10 21
10 39
10 43
10 189
10 195
10 643
10 784
10 845
10 951
10 975
11 19
11 62
11 378
11 528
11 690
11 824
11 13
11 16
11 26
11 33
11 50
11 52
11 63
11 153
12 16
12 21
12 124
12 145
12 295
12 14
12 74
13 14
13 15
13 17
13 18
13 24
13 26
13 29
13 37
13 38
13 78
13 80
13 88
13 91
13 101
13 108
13 114
13 117
13 121
13 139
13 145
13 147
13 151
13 164
13 177
13 188
13 201
13 218
13 277
13 335
13 336
13 358
13 407
13 412
13 419
13 436
13 449
13 459
13 466
13 495
13 513
13 514
13 519
13 524
13 557
13 571
13 584
13 633
13 639
13 674
13 707
13 722
13 733
13 747
13 778
13 789
13 818
13 835
13 857
13 875
13 881
13 898
13 899
13 903
13 942
13 83
14 26
14 37
14 154
14 320
14 704
14 785
14 907
14 18
14 20
14 48
14 138
14 150
15 17
15 19
15 22
15 28
15 55
15 72
15 78
15 80
15 151
15 162
15 163
15 191
15 197
15 214
15 222
15 236
15 237
15 245
15 259
15 283
15 322
15 332
15 362
15 421
15 450
15 462
15 470
15 493
15 518
15 533
15 560
15 562
15 570
15 572
15 580
15 594
15 601
15 610
15 612
15 613
15 625
15 642
15 667
15 677
15 696
15 729
15 739
15 745
15 750
15 814
15 832
15 872
15 873
15 889
15 893
15 953
15 960
15 966
15 967
15 984
15 991
15 83
15 16
15 60
15 124
15 132
16 20
16 27
16 31
16 40
16 42
16 45
16 106
16 109
16 116
16 156
16 193
16 197
16 202
16 240
16 263
16 275
16 288
16 299
16 309
16 324
16 333
16 341
16 353
16 437
16 447
16 452
16 477
16 489
16 540
16 541
16 611
16 617
16 646
16 670
16 671
16 676
16 697
16 701
16 706
16 765
16 769
16 777
16 787
16 864
16 909
16 916
16 963
16 83
16 47
17 20
17 46
17 52
17 64
17 93
17 141
17 151
17 314
17 401
17 444
17 461
17 500
17 545
17 635
17 695
17 866
17 973
17 149
17 19
17 21
17 40
17 41
17 79
17 92
17 134
18 88
18 181
18 266
18 508
18 102
19 34
19 36
19 41
19 45
19 56
19 98
19 102
19 225
19 230
19 233
19 325
19 418
19 530
19 619
19 910
19 961
19 83
19 20
19 25
19 27
19 46
19 70
19 80
20 22
20 27
20 31
20 32
20 42
20 49
20 50
20 52
20 53
20 78
20 80
20 108
20 114
20 120
20 135
20 136
20 142
20 153
20 160
20 165
20 171
20 180
20 200
20 210
20 236
20 242
20 250
20 254
20 256
20 271
20 276
20 283
20 293
20 308
20 311
20 345
20 350
20 371
20 372
20 391
20 406
20 413
20 423
20 442
20 454
20 466
20 478
20 500
20 511
20 564
20 568
20 569
20 578
20 581
20 595
20 614
20 641
20 645
20 657
20 659
20 687
20 691
20 692
20 694
20 719
20 742
20 743
20 746
20 752
20 758
20 771
20 775
20 799
20 803
20 827
20 833
20 843
20 851
20 860
20 862
20 869
20 871
20 876
20 935
20 937
20 962
20 978
20 149
20 34
20 57
20 58
20 152
21 28
21 34
21 39
21 56
21 62
21 155
21 179
21 215
21 219
21 221
21 224
21 244
21 304
21 330
21 390
21 396
21 399
21 439
21 464
21 527
21 554
21 587
21 591
21 603
21 638
21 648
21 693
21 723
21 736
21 744
21 793
21 816
21 840
21 849
21 855
21 880
21 918
21 934
21 941
21 964
21 986
22 23
22 112
22 147
22 639
23 29
23 33
23 48
23 55
23 86
23 111
24 258
24 636
25 831
26 207
26 318
26 738
26 56
26 60
26 97
26 107
26 148
27 31
27 149
27 73
27 186
28 41
28 77
28 97
28 98
28 123
28 469
28 521
28 644
28 664
28 709
28 757
28 795
28 892
28 83
28 31
28 46
28 61
28 64
28 88
28 105
28 131
30 54
30 83
31 32
31 297
31 512
31 550
31 592
31 703
31 715
31 771
31 820
31 915
31 922
31 83
31 60
31 69
31 86
31 136
32 194
32 83
32 56
32 123
32 140
33 293
33 972
33 83
33 51
33 59
33 64
33 114
33 148
34 96
34 102
34 359
34 426
34 685
34 700
34 702
34 846
34 38
34 57
34 86
34 141
35 130
35 337
35 348
35 491
35 507
35 680
35 823
35 149
35 189
36 118
36 294
36 334
36 357
36 660
36 725
36 925
37 331
37 356
37 402
37 438
37 679
37 946
37 198
38 135
38 147
39 82
39 92
39 199
39 268
39 414
39 498
39 551
39 727
39 980
40 57
40 58
40 76
40 81
40 133
40 160
40 161
40 206
40 231
40 269
40 327
40 373
40 445
40 548
40 552
40 561
40 573
40 794
40 807
40 839
40 878
40 931
40 952
40 956
40 992
40 994
41 123
41 430
41 487
41 559
41 712
41 989
41 149
42 53
42 115
42 184
43 50
43 53
43 71
43 75
43 89
43 94
43 138
43 165
43 232
43 272
43 397
43 425
43 428
43 460
43 502
43 505
43 543
43 567
43 589
43 621
43 646
43 798
43 809
43 870
43 936
43 948
43 950
44 760
45 69
45 72
45 73
45 75
45 77
45 109
45 150
45 179
45 229
45 317
45 393
45 404
45 474
45 531
45 538
45 607
45 657
45 788
45 822
45 874
45 880
45 896
45 906
45 928
45 939
45 944
45 979
45 83
45 56
46 52
46 112
46 201
46 433
46 767
46 838
46 82
46 94
47 53
47 89
47 303
47 653
47 656
47 751
47 904
47 83
47 119
48 684
48 87
48 153
49 66
49 91
49 602
49 801
49 812
49 830
49 837
50 172
50 193
50 208
50 537
50 67
50 94
50 130
51 64
51 367
51 463
51 819
51 971
52 105
52 140
52 188
52 449
52 542
52 558
52 689
52 735
52 781
52 55
52 65
52 110
52 113
52 128
52 201
53 110
53 170
53 264
53 772
54 606
55 91
55 340
56 640
56 661
56 724
56 99
57 255
57 83
57 85
57 97
57 128
57 140
58 72
58 83
58 89
58 150
60 374
60 523
60 825
60 62
61 75
61 77
61 144
62 119
62 77
63 228
63 66
63 117
63 136
63 143
64 290
64 164
65 191
65 265
65 446
65 522
65 632
65 943
66 926
66 999
67 69
67 159
67 185
67 453
67 149
67 76
67 103
67 143
68 363
68 532
68 748
68 804
68 149
69 93
69 115
69 123
69 152
69 178
69 220
69 248
69 379
69 408
69 526
69 802
69 821
69 842
69 853
69 889
69 149
69 122
70 81
70 128
70 349
70 759
70 762
70 998
71 311
71 576
71 683
71 732
71 805
73 146
74 114
75 649
75 178
76 600
76 938
77 168
77 347
77 370
77 586
77 599
77 764
77 894
77 997
78 114
78 185
78 223
78 376
79 101
79 139
80 87
80 164
80 307
80 377
80 380
80 566
80 630
80 662
80 790
80 877
81 490
81 970
81 990
82 131
82 143
82 422
82 605
82 686
82 761
82 879
83 267
83 319
83 343
83 458
83 472
83 509
83 768
83 797
83 988
83 90
83 95
83 102
83 109
83 110
83 116
83 125
83 151
84 129
85 149
86 99
86 665
86 806
86 884
86 126
86 163
87 90
87 163
87 315
87 429
87 432
87 577
87 673
87 754
87 756
87 774
87 780
87 808
87 836
87 921
88 117
88 246
88 369
88 389
88 622
88 741
88 891
89 140
89 194
89 257
89 382
89 471
89 479
89 539
89 672
89 841
89 895
89 959
90 384
90 435
90 516
90 529
90 711
90 952
90 134
90 183
91 387
91 411
92 329
92 483
92 887
92 930
92 114
93 175
93 235
93 582
93 628
93 796
93 854
94 274
94 394
94 585
94 920
95 447
95 987
95 115
97 868
97 122
98 118
98 162
98 261
98 764
98 817
98 924
98 927
99 945
100 260
100 410
100 905
100 149
104 287
104 443
104 168
105 114
105 129
105 109
106 183
106 251
106 263
106 313
106 383
106 503
106 590
106 844
107 198
107 226
107 549
107 766
107 149
108 292
108 955
109 205
109 281
109 400
109 782
109 834
110 144
111 149
112 249
112 310
112 718
113 182
113 913
114 284
114 292
114 520
114 602
114 608
114 947
114 149
115 184
115 615
115 730
115 786
115 974
116 213
116 699
116 861
117 239
119 546
119 655
120 180
120 289
120 996
121 149
123 417
123 482
123 883
123 940
123 965
124 623
124 770
125 405
126 149
128 375
128 427
128 626
129 624
130 196
130 253
130 270
130 328
130 333
130 338
130 485
130 547
130 609
130 705
130 783
130 888
130 949
130 993
130 995
131 187
131 902
131 917
131 942
131 954
133 160
134 176
134 886
135 184
135 186
135 525
135 957
135 170
136 144
136 277
136 465
136 510
136 556
136 596
136 627
136 650
136 666
136 763
136 776
136 811
136 828
136 882
136 159
137 929
137 149
138 154
139 858
139 149
140 148
140 150
140 166
140 180
140 211
140 344
140 358
140 386
140 398
140 755
140 826
143 227
143 282
144 161
144 212
144 243
144 279
144 368
144 434
144 534
144 622
144 654
144 829
144 932
144 985
145 216
145 286
145 355
145 420
145 468
145 497
145 535
145 604
145 731
145 740
145 859
145 916
145 977
145 982
146 484
146 499
146 579
146 179
147 197
147 296
147 361
147 515
147 167
149 354
149 365
149 475
149 923
150 405
150 506
151 252
151 574
152 637
152 848
152 983
153 252
154 651
154 919
164 201
169 177
173 184
197 203
