0 1
0 2
0 3
0 4
0 7
0 8
0 13
0 14
0 29
0 38
0 39
0 50
0 51
0 77
0 87
0 88
0 95
0 97
0 109
0 112
0 124
0 132
0 137
0 139
0 142
0 147
0 148
0 168
0 170
0 177
0 382
0 439
0 550
0 614
0 722
0 781
0 832
0 833
0 944
0 999
1 2
1 3
1 4
1 5
1 7
1 10
1 11
1 12
1 16
1 24
1 29
1 33
1 37
1 42
1 46
1 55
1 60
1 67
1 75
1 79
1 80
1 85
1 90
1 101
1 102
1 108
1 117
1 120
1 126
1 127
1 128
1 133
1 134
1 137
1 141
1 147
1 151
1 165
1 168
1 169
1 186
1 193
1 197
1 201
1 266
1 272
1 342
1 374
1 383
1 426
1 455
1 465
1 486
1 518
1 592
1 603
1 666
1 675
1 694
1 709
1 718
1 738
1 774
1 808
1 809
1 840
1 851
1 888
1 899
1 940
1 953
1 966
2 3
2 4
2 5
2 19
2 21
2 37
2 44
2 46
2 48
2 54
2 60
2 61
2 67
2 74
2 131
2 135
2 143
2 152
2 164
2 165
2 179
2 183
2 189
2 199
2 200
2 203
2 222
2 380
2 412
2 449
2 513
2 560
2 570
2 690
2 731
2 761
2 977
3 4
3 5
3 9
3 15
3 32
3 59
3 70
3 71
3 73
3 76
3 90
3 91
3 104
3 117
3 130
3 144
3 146
3 147
3 151
3 159
3 161
3 167
3 176
3 183
3 184
3 186
3 187
3 189
3 256
3 261
3 377
3 429
3 458
3 577
3 582
3 610
3 617
3 742
3 758
3 803
3 824
3 929
3 939
4 5
4 7
4 9
4 14
4 16
4 17
4 19
4 23
4 26
4 27
4 28
4 31
4 35
4 38
4 54
4 57
4 63
4 64
4 67
4 70
4 82
4 88
4 91
4 92
4 93
4 99
4 110
4 114
4 118
4 122
4 127
4 129
4 130
4 135
4 138
4 139
4 142
4 151
4 153
4 155
4 160
4 178
4 184
4 185
4 188
4 193
4 195
4 199
4 202
4 203
4 204
4 232
4 233
4 274
4 282
4 294
4 313
4 317
4 359
4 415
4 420
4 425
4 451
4 452
4 459
4 460
4 466
4 476
4 483
4 495
4 535
4 566
4 600
4 613
4 639
4 669
4 737
4 756
4 767
4 811
4 857
4 874
4 910
4 915
4 928
4 963
4 968
4 970
4 983
4 989
5 6
5 20
5 32
5 54
5 79
5 93
5 105
5 131
5 134
5 155
5 167
5 196
5 298
5 329
5 355
5 401
5 575
5 588
5 651
5 773
5 919
5 13
5 7
5 21
5 28
5 29
5 31
5 45
5 59
5 85
5 114
5 129
5 147
6 20
6 782
6 13
6 7
6 8
6 10
6 12
6 15
6 18
6 22
6 26
6 29
6 32
6 35
6 37
6 39
6 42
6 49
6 54
6 66
6 75
6 76
6 92
6 113
6 130
6 133
6 153
7 8
7 9
7 13
7 21
7 27
7 30
7 33
7 34
7 40
7 43
7 46
7 47
7 50
7 58
7 62
7 84
7 89
7 102
7 103
7 116
7 150
7 181
7 184
7 190
7 194
7 199
7 213
7 226
7 228
7 231
7 238
7 263
7 279
7 285
7 286
7 287
7 305
7 312
7 315
7 318
7 320
7 336
7 353
7 369
7 372
7 390
7 403
7 407
7 433
7 453
7 456
7 497
7 503
7 508
7 511
7 521
7 532
7 534
7 538
7 540
7 552
7 564
7 568
7 584
7 607
7 616
7 622
7 638
7 640
7 648
7 652
7 664
7 674
7 676
7 680
7 687
7 693
7 708
7 732
7 733
7 741
7 744
7 771
7 785
7 795
7 806
7 814
7 822
7 830
7 839
7 854
7 864
7 883
7 911
7 914
7 918
7 923
7 930
7 933
7 945
7 947
7 980
8 13
8 40
8 331
8 388
8 734
8 887
9 36
9 64
9 72
9 115
9 193
9 245
9 554
9 853
9 13
9 127
9 150
10 18
10 175
10 229
10 230
10 632
10 13
10 14
10 36
10 40
10 76
10 80
10 106
10 107
11 19
11 224
11 13
11 17
11 18
11 29
11 59
11 101
11 102
11 138
11 139
12 15
12 37
12 13
12 21
12 23
12 60
12 83
12 147
12 175
13 17
13 23
13 43
13 48
13 59
13 73
13 85
13 101
13 116
13 119
13 121
13 127
13 136
13 156
13 181
13 195
13 227
13 231
13 249
13 280
13 309
13 316
13 321
13 352
13 371
13 375
13 422
13 423
13 427
13 481
13 502
13 527
13 528
13 541
13 547
13 548
13 563
13 589
13 599
13 606
13 656
13 679
13 705
13 765
13 776
13 880
13 881
13 897
13 909
13 975
13 89
14 33
14 235
14 265
14 295
14 445
15 18
15 752
15 875
15 904
15 17
15 95
16 17
16 142
16 891
17 18
17 19
17 22
17 36
17 57
17 63
17 65
17 66
17 126
17 129
17 135
17 156
17 175
17 189
17 202
17 203
17 240
17 296
17 350
17 376
17 392
17 469
17 474
17 478
17 479
17 516
17 529
17 567
17 591
17 663
17 671
17 684
17 714
17 728
17 769
17 798
17 810
17 825
17 837
17 884
17 896
17 901
17 927
17 964
17 969
17 976
17 978
17 991
17 997
17 27
18 26
18 29
18 41
18 101
18 128
18 135
18 159
18 482
18 505
18 524
18 595
18 649
18 673
18 701
18 711
18 860
18 938
18 943
18 25
18 30
18 33
18 39
18 57
18 80
18 83
18 86
18 111
18 115
18 125
19 24
19 28
19 52
19 66
19 100
19 166
19 192
19 210
19 260
19 475
19 515
19 558
19 572
19 624
19 670
19 962
20 88
20 191
20 196
20 555
20 620
20 634
21 39
21 133
21 220
21 248
21 386
21 662
21 812
21 27
21 41
21 44
21 50
21 73
21 85
21 87
21 89
21 90
21 97
21 112
21 115
21 122
21 140
21 148
21 178
22 28
22 35
22 44
22 51
22 53
22 56
22 61
22 86
22 114
22 120
22 153
22 157
22 163
22 192
22 198
22 207
22 247
22 269
22 271
22 289
22 301
22 326
22 366
22 414
22 432
22 450
22 517
22 530
22 556
22 580
22 585
22 597
22 644
22 661
22 688
22 716
22 725
22 739
22 754
22 794
22 869
22 878
22 942
22 954
22 958
22 984
22 43
23 50
23 76
23 84
23 239
23 307
23 358
23 421
23 519
23 536
23 539
23 653
23 655
23 678
23 712
23 726
23 753
23 757
23 759
23 763
23 823
23 877
23 922
23 971
24 25
24 36
24 47
24 69
24 124
24 180
24 198
24 202
24 250
24 367
24 543
24 696
24 852
24 912
24 959
24 962
25 51
25 78
26 33
26 46
26 81
26 116
26 145
27 39
27 108
27 778
28 123
28 398
28 578
28 615
28 786
28 889
28 152
29 41
29 78
29 99
29 139
29 288
29 333
29 467
29 507
29 581
29 863
29 892
29 47
29 149
31 325
31 349
31 454
31 629
31 199
31 203
32 40
32 84
32 221
32 290
32 323
32 385
32 391
32 410
32 436
32 438
32 500
32 553
32 579
32 587
32 598
32 646
32 650
32 706
32 717
32 800
32 813
32 847
32 870
32 905
32 908
33 42
33 46
33 49
33 96
33 107
33 182
33 223
33 286
33 402
33 586
33 631
33 766
33 932
34 60
34 357
34 492
34 681
34 924
34 193
35 122
35 205
35 216
35 337
35 340
35 399
35 635
35 699
35 797
35 801
36 45
36 49
36 57
36 58
36 62
36 75
36 86
36 91
36 115
36 125
36 142
36 173
36 215
36 332
36 409
36 424
36 461
36 480
36 546
36 561
36 562
36 621
36 667
36 695
36 727
36 768
36 790
36 796
36 871
36 907
36 982
37 49
37 52
37 79
37 94
37 109
37 124
38 44
38 53
38 174
38 198
38 715
38 772
38 865
39 419
39 72
39 99
40 41
40 49
40 68
40 81
40 96
40 107
40 178
40 184
40 185
40 190
40 214
40 258
40 306
40 343
40 344
40 364
40 375
40 417
40 484
40 491
40 499
40 508
40 569
40 601
40 612
40 627
40 645
40 658
40 659
40 665
40 729
40 749
40 755
40 764
40 777
40 817
40 834
40 855
40 858
40 859
40 861
40 873
40 894
40 920
40 995
40 135
41 43
41 48
41 55
41 141
41 145
41 146
41 150
41 152
41 154
41 297
41 394
41 413
41 470
41 571
41 574
41 641
41 654
41 770
41 793
41 866
41 880
41 950
41 985
41 987
42 47
42 96
42 158
42 735
42 787
42 68
42 71
42 133
43 354
43 743
43 92
43 181
44 75
44 90
44 100
44 144
44 163
44 255
44 406
44 790
44 799
44 879
45 86
45 118
45 177
45 443
45 702
45 152
45 170
46 62
46 457
47 63
47 78
47 97
47 149
47 172
47 187
47 195
47 318
47 330
47 473
47 490
47 565
47 573
47 606
47 642
47 672
47 835
47 850
47 866
47 895
47 53
47 57
47 64
47 65
47 69
47 89
47 120
47 128
48 124
48 154
48 448
48 557
49 64
49 71
49 72
49 341
49 921
50 276
50 387
50 405
50 601
50 625
51 86
51 125
51 183
51 373
51 393
51 486
51 133
52 94
52 179
52 251
52 338
52 468
52 523
52 549
52 611
52 677
52 736
52 775
52 789
52 791
52 998
52 78
53 74
53 199
53 471
53 504
53 200
54 94
54 191
54 75
54 126
55 208
55 259
55 360
55 446
55 464
55 506
55 531
55 893
56 112
56 155
56 522
57 68
57 69
57 74
57 98
57 241
57 246
57 381
57 501
57 736
58 408
59 113
59 168
59 206
59 277
59 324
59 442
59 603
59 703
59 62
59 88
59 100
59 117
59 146
59 153
60 537
60 657
60 146
61 212
61 643
62 77
62 108
62 109
62 545
62 708
62 792
62 848
62 856
63 76
63 106
63 121
63 257
63 351
63 362
63 605
63 647
63 689
64 322
64 730
66 217
66 447
66 487
66 583
66 974
66 154
67 170
67 236
67 250
67 435
67 594
67 602
67 783
68 72
68 173
68 244
68 334
68 462
68 512
68 719
68 886
68 164
69 83
69 98
69 347
69 596
69 988
69 990
70 300
71 115
71 132
71 140
71 960
71 82
71 126
72 81
72 169
72 293
72 533
72 139
73 83
73 166
73 234
73 443
73 621
73 760
73 819
73 821
73 898
73 934
73 951
73 981
73 105
74 882
75 148
75 255
75 498
75 784
76 79
76 134
76 143
76 299
76 418
76 430
76 434
76 444
76 660
76 762
76 926
76 956
76 992
76 998
77 237
77 623
77 745
78 99
78 121
78 751
79 346
79 179
81 370
81 831
81 118
81 131
83 973
83 86
83 93
83 94
83 113
83 116
83 118
83 137
83 173
84 150
84 281
84 361
85 109
85 111
85 112
85 141
85 151
86 100
86 105
86 123
86 173
86 252
86 363
86 411
86 428
86 559
86 593
86 633
86 682
86 698
86 710
86 802
86 836
86 838
86 846
86 935
86 936
86 941
86 972
86 108
86 134
87 931
88 94
88 167
88 191
88 211
88 278
88 509
88 780
88 788
88 845
90 106
90 152
90 270
90 692
90 697
90 841
90 849
90 900
91 96
91 590
91 965
92 101
93 303
93 348
93 389
93 913
93 996
94 112
94 143
94 205
94 746
94 816
94 979
95 118
97 119
97 994
97 112
98 171
98 268
98 826
98 829
98 949
98 189
99 159
99 180
99 267
99 368
99 441
99 804
99 807
99 820
99 128
100 440
101 818
101 986
102 264
102 779
103 462
104 868
105 111
105 514
105 525
105 748
105 196
106 172
106 253
106 396
106 576
106 700
106 704
106 713
106 805
106 917
106 171
107 327
107 668
107 740
107 916
107 948
108 111
108 144
109 140
109 477
109 526
109 843
109 117
110 185
112 218
112 520
112 630
113 770
114 196
114 304
114 494
114 867
114 903
114 952
116 144
117 120
117 123
118 498
119 225
119 243
119 319
119 339
119 605
119 608
119 957
120 356
120 472
120 488
120 121
120 135
120 145
121 608
121 815
121 123
122 828
122 154
123 137
124 262
124 431
124 489
124 747
124 844
124 136
125 636
127 200
127 275
127 365
127 955
128 437
128 686
128 779
128 902
129 156
129 308
129 551
129 691
129 862
129 922
129 134
131 310
131 637
131 827
131 186
132 400
132 890
132 925
132 192
133 153
133 284
133 384
133 397
133 723
133 724
133 885
133 993
133 180
134 221
134 314
134 542
134 626
134 720
135 162
135 180
135 463
135 485
135 628
135 683
135 842
137 140
137 292
137 345
137 604
140 302
141 273
141 328
141 618
141 172
142 292
142 311
142 335
142 685
143 609
143 946
143 954
146 242
146 254
146 291
146 379
146 416
146 493
146 496
146 510
146 544
146 721
146 872
146 876
146 893
146 906
146 937
146 967
146 992
147 198
151 163
151 219
151 404
151 619
151 707
151 750
151 961
152 283
152 395
152 909
153 174
153 209
153 832
154 378
159 175
173 204
193 201
