0 1
0 2
0 3
0 5
0 7
0 8
0 10
0 11
0 15
0 23
0 24
0 41
0 52
0 54
0 57
0 60
0 62
0 64
0 70
0 71
0 72
0 74
0 79
0 81
0 85
0 87
0 95
0 102
0 105
0 106
0 122
0 128
0 129
0 130
0 131
0 136
0 146
0 147
0 149
0 150
0 153
0 158
0 159
0 166
0 177
0 184
0 190
0 192
0 193
0 199
0 201
0 215
0 216
0 244
0 276
0 288
0 296
0 320
0 324
0 341
0 342
0 395
0 408
0 449
0 464
0 482
0 492
0 498
0 512
0 538
0 576
0 651
0 666
0 812
0 822
0 875
0 893
0 957
0 993
1 2
1 3
1 5
1 7
1 8
1 12
1 19
1 21
1 25
1 30
1 34
1 35
1 36
1 39
1 48
1 52
1 53
1 60
1 61
1 63
1 64
1 66
1 69
1 70
1 73
1 82
1 84
1 92
1 97
1 98
1 99
1 101
1 107
1 110
1 112
1 118
1 119
1 120
1 125
1 133
1 135
1 136
1 142
1 144
1 161
1 168
1 175
1 180
1 183
1 187
1 191
1 194
1 196
1 197
1 201
1 242
1 298
1 329
1 364
1 376
1 379
1 424
1 433
1 466
1 511
1 524
1 532
1 589
1 598
1 613
1 654
1 697
1 707
1 725
1 734
1 754
1 756
1 841
1 953
1 964
2 3
2 4
2 5
2 7
2 8
2 9
2 10
2 11
2 12
2 13
2 14
2 15
2 17
2 20
2 25
2 28
2 33
2 34
2 36
2 37
2 38
2 40
2 46
2 52
2 53
2 56
2 62
2 66
2 68
2 69
2 70
2 73
2 75
2 79
2 81
2 89
2 98
2 104
2 105
2 107
2 108
2 109
2 110
2 116
2 117
2 130
2 131
2 132
2 138
2 139
2 141
2 142
2 145
2 146
2 147
2 149
2 151
2 154
2 156
2 157
2 159
2 160
2 162
2 165
2 168
2 174
2 177
2 180
2 181
2 184
2 185
2 187
2 203
2 222
2 235
2 267
2 281
2 285
2 287
2 289
2 349
2 351
2 386
2 399
2 404
2 425
2 426
2 431
2 438
2 448
2 451
2 462
2 513
2 534
2 581
2 585
2 625
2 630
2 640
2 642
2 668
2 692
2 695
2 702
2 705
2 706
2 710
2 730
2 765
2 769
2 780
2 784
2 800
2 818
2 858
2 868
2 878
2 909
2 941
2 950
2 951
3 18
3 19
3 32
3 51
3 59
3 65
3 73
3 77
3 79
3 90
3 103
3 108
3 119
3 133
3 139
3 150
3 152
3 157
3 167
3 177
3 195
3 196
3 208
3 243
3 301
3 305
3 336
3 361
3 363
3 410
3 556
3 612
3 643
3 657
3 718
3 903
3 906
3 948
4 6
4 456
4 543
4 37
4 150
4 5
4 7
4 8
4 16
4 19
4 34
4 39
4 52
4 90
4 93
4 105
4 126
4 132
4 136
5 6
5 27
5 28
5 40
5 44
5 58
5 67
5 75
5 94
5 102
5 129
5 151
5 200
5 212
5 305
5 313
5 398
5 541
5 650
5 735
5 749
5 788
5 954
5 13
6 15
6 27
6 38
6 43
6 44
6 61
6 71
6 100
6 155
6 170
6 185
6 190
6 377
6 378
6 492
6 549
6 689
6 740
6 762
6 763
6 842
6 852
6 873
6 877
6 880
6 922
6 931
6 972
6 150
6 8
6 9
6 11
6 12
6 13
6 16
6 26
6 54
6 135
7 19
7 20
7 22
7 29
7 32
7 42
7 64
7 72
7 78
7 91
7 93
7 107
7 126
7 258
7 291
7 327
7 330
7 354
7 357
7 480
7 584
7 611
7 678
7 770
7 785
7 821
7 830
7 885
7 892
7 898
7 932
7 981
7 8
7 13
7 21
7 53
7 58
7 77
7 87
7 131
8 11
8 13
8 25
8 26
8 63
8 146
8 256
8 271
8 414
8 488
8 736
8 912
8 61
8 71
8 78
8 81
8 96
9 83
9 104
9 527
9 766
9 881
9 944
9 19
10 12
10 14
10 18
10 23
10 34
10 178
10 194
10 308
10 439
10 454
10 468
10 471
10 810
10 904
10 911
10 930
11 13
11 16
11 33
11 36
11 47
11 74
11 150
11 12
11 15
11 18
11 23
11 27
11 73
11 89
12 103
12 508
12 649
12 30
12 72
12 129
13 88
13 447
13 21
13 28
13 35
13 38
13 44
13 47
13 48
13 50
13 51
13 53
13 61
13 62
13 86
13 98
13 105
13 115
13 117
13 139
13 142
14 24
14 35
14 45
14 49
14 59
14 61
14 104
14 110
14 127
14 179
14 191
14 237
14 370
14 407
14 416
14 542
14 599
14 617
14 623
14 652
14 661
14 692
14 715
14 729
14 789
14 796
14 831
14 843
14 874
14 877
14 895
14 914
15 30
15 31
15 247
15 251
15 390
15 586
15 33
15 51
15 63
15 110
16 55
16 79
16 81
17 39
17 150
17 84
18 46
18 56
18 108
18 169
18 178
18 186
18 375
18 473
18 696
18 723
18 773
18 790
18 956
18 33
19 22
19 29
19 37
19 42
19 51
19 91
19 249
19 338
19 343
19 368
19 392
19 550
19 741
19 901
19 43
19 88
19 92
19 97
19 111
19 146
19 168
20 93
20 111
20 168
20 225
20 241
20 432
20 495
20 497
20 515
20 519
20 522
20 574
20 596
20 609
20 613
20 654
20 664
20 712
20 728
20 755
20 840
20 846
20 895
20 900
20 929
20 966
20 973
20 977
20 180
21 24
21 25
21 32
21 37
21 41
21 52
21 59
21 63
21 78
21 89
21 99
21 106
21 125
21 137
22 78
22 123
22 152
22 481
22 761
22 771
22 847
22 851
22 894
22 935
22 994
23 987
24 211
24 319
24 418
24 714
24 798
24 799
24 934
24 33
24 66
25 128
25 314
25 384
25 470
25 839
25 855
25 945
25 150
25 44
25 70
25 76
25 80
25 85
25 91
25 100
25 101
26 548
26 150
26 41
26 88
26 94
26 116
26 133
27 57
27 159
28 701
28 816
28 112
28 181
29 217
29 406
29 675
29 709
30 31
30 38
30 47
30 48
30 76
30 273
30 594
30 743
30 766
30 775
30 36
31 45
31 49
31 84
31 122
31 282
31 629
31 708
31 150
32 111
32 176
32 700
32 988
33 65
33 74
33 82
33 99
33 108
33 120
33 187
33 189
33 280
33 380
33 387
33 416
33 420
33 457
33 487
33 501
33 504
33 514
33 517
33 607
33 632
33 874
33 890
33 891
33 908
33 928
33 991
33 997
33 134
34 46
34 56
34 226
34 571
34 676
34 959
34 65
34 110
34 120
34 134
35 310
36 55
36 137
36 210
36 238
36 326
36 335
36 469
36 579
36 646
36 663
36 726
36 795
36 827
36 887
36 42
37 80
37 91
37 382
37 644
37 722
37 150
37 56
38 55
38 71
38 94
38 95
38 118
38 145
38 159
38 163
38 195
38 205
38 220
38 260
38 294
38 309
38 429
38 568
38 716
38 850
38 865
38 876
38 924
38 958
38 980
38 982
38 46
38 132
38 161
39 50
39 90
39 95
39 99
39 119
39 148
39 219
39 265
39 268
39 299
39 307
39 328
39 367
39 405
39 458
39 467
39 473
39 507
39 517
39 525
39 569
39 587
39 636
39 660
39 685
39 690
39 803
39 872
39 897
39 905
39 928
39 989
39 990
39 42
39 145
40 44
40 92
40 97
40 173
40 358
40 383
40 496
40 565
40 777
40 815
40 848
42 50
42 78
42 101
42 106
42 114
42 166
42 303
42 381
42 443
42 580
42 593
42 604
42 605
42 620
42 631
42 662
42 699
42 704
42 752
42 826
42 845
42 979
42 60
43 920
44 153
44 155
44 264
44 394
44 590
44 820
44 940
44 137
44 197
45 85
45 111
45 506
45 910
46 96
46 115
46 116
46 371
46 372
46 578
46 169
47 53
47 57
47 84
47 85
47 113
47 118
47 144
47 145
47 172
47 214
47 306
47 347
47 359
47 366
47 414
47 567
47 616
47 624
47 673
47 748
47 759
47 764
47 783
47 902
47 996
47 103
48 156
48 175
48 255
48 290
48 440
48 627
48 711
48 864
50 96
50 154
50 187
50 284
50 352
50 396
50 703
50 787
50 837
50 970
50 65
51 240
51 54
52 54
52 89
52 200
52 257
52 272
52 828
52 949
52 985
52 79
52 125
53 60
53 134
53 158
53 196
53 323
53 602
53 969
53 142
53 143
54 86
54 161
54 162
54 170
54 221
54 224
54 318
54 344
54 680
54 797
54 924
54 103
54 106
54 145
55 76
55 88
55 113
55 147
55 164
55 231
55 236
55 302
55 325
55 442
55 465
55 564
55 615
55 619
56 203
56 250
56 391
56 573
56 659
56 671
56 691
56 747
56 774
56 923
56 926
56 995
57 86
57 151
57 182
57 275
57 293
57 304
57 315
57 366
57 394
57 575
57 610
57 639
57 739
57 750
57 751
57 772
57 792
57 813
57 838
57 886
57 936
57 983
58 67
58 155
59 102
60 128
60 332
60 622
60 882
61 65
61 124
61 125
61 153
61 274
61 319
61 340
61 409
61 444
61 453
61 491
61 546
61 588
61 606
61 608
61 638
61 641
61 659
61 665
61 681
61 768
61 811
61 829
61 853
61 863
61 916
61 919
61 938
61 72
61 101
61 108
61 139
62 135
62 437
63 172
63 230
63 144
64 80
64 597
64 682
64 862
64 907
65 232
65 412
65 147
66 109
66 149
66 744
66 188
67 68
67 137
67 206
67 227
67 283
67 334
67 369
67 499
67 535
67 570
67 635
67 963
67 974
67 975
68 248
68 292
68 350
68 484
68 601
68 647
68 884
69 155
69 198
69 261
69 344
69 388
69 403
69 526
69 536
69 537
69 618
69 857
69 896
69 918
69 955
70 180
70 321
70 374
70 554
70 557
70 582
70 707
70 724
70 745
70 801
70 832
70 943
71 199
71 337
71 476
71 477
71 562
71 591
71 648
71 140
72 393
72 397
72 93
72 124
72 165
73 141
73 356
73 603
73 732
73 899
73 110
73 151
74 95
74 106
74 188
74 322
74 413
74 493
74 742
76 82
76 129
77 101
77 112
77 353
77 450
77 817
77 866
78 229
78 385
78 421
78 551
78 677
78 992
78 82
78 126
79 134
79 135
79 348
79 355
79 423
79 520
79 721
79 942
80 93
80 213
80 849
80 856
80 861
82 88
82 189
82 297
82 302
82 373
82 544
82 719
82 860
82 879
82 150
84 113
84 430
84 150
84 125
85 192
85 489
86 143
86 155
86 400
86 436
86 531
86 870
86 87
87 428
87 984
87 986
88 137
88 533
88 566
88 604
88 976
88 158
89 94
89 138
89 398
89 597
89 683
89 776
89 779
89 937
90 670
91 913
91 962
92 132
92 239
92 389
92 101
93 563
93 149
94 129
94 190
94 204
94 474
94 505
94 767
94 888
94 971
95 172
95 259
95 500
95 781
95 836
95 925
95 927
95 201
96 252
96 396
96 475
96 595
97 552
97 804
98 186
98 195
98 234
98 415
98 455
98 558
98 621
98 669
98 688
98 758
98 778
98 802
98 844
98 164
99 545
99 793
100 254
100 425
100 434
100 539
100 540
100 608
100 686
100 807
100 825
100 871
100 191
101 121
101 143
101 360
101 445
101 559
101 733
101 809
101 907
101 107
102 267
102 655
102 187
103 279
103 331
103 365
103 999
104 171
104 199
104 202
104 263
104 419
104 427
104 713
105 283
105 536
105 177
106 140
106 270
106 845
107 316
107 441
107 547
107 560
107 849
107 130
108 120
108 124
108 209
108 460
108 572
108 600
108 634
108 656
108 738
108 933
109 333
109 583
109 835
109 946
109 965
110 185
110 806
110 119
111 300
111 679
111 693
111 869
111 150
112 502
113 529
115 658
115 698
115 179
116 245
116 803
117 121
117 266
117 731
117 966
118 122
118 503
118 760
118 819
118 854
118 906
118 915
118 917
119 138
120 218
120 339
120 485
120 645
120 667
121 422
121 486
121 563
122 717
122 805
122 883
122 939
123 967
123 166
124 233
124 278
124 367
124 479
124 490
124 510
124 518
125 228
125 426
125 521
125 628
128 148
128 355
128 478
128 483
128 786
128 814
128 889
128 960
128 189
129 417
129 589
130 411
131 472
134 188
134 653
135 952
135 150
135 138
137 253
137 286
137 345
137 459
137 577
137 720
137 737
137 148
137 152
138 200
138 277
139 905
140 223
140 317
140 672
140 150
141 528
142 346
143 181
143 189
143 197
143 269
143 295
143 463
143 474
143 537
143 592
143 614
143 626
143 633
143 637
143 791
143 824
143 832
143 919
143 937
143 947
143 961
143 173
143 174
144 489
144 859
144 978
145 164
145 202
145 207
145 435
145 452
145 509
145 516
145 687
145 782
145 998
146 150
146 183
146 185
146 262
146 312
146 362
146 401
146 523
146 530
146 636
146 684
146 727
146 757
146 808
146 833
146 834
146 867
146 878
147 246
147 494
147 561
147 694
147 968
148 186
148 555
149 461
149 753
150 311
150 402
150 446
150 673
150 674
150 794
150 184
151 553
151 823
152 167
152 746
152 921
