0 1
0 2
0 3
0 4
0 6
0 7
0 12
0 17
0 18
0 25
0 26
0 29
0 32
0 33
0 37
0 38
0 41
0 45
0 48
0 59
0 70
0 75
0 82
0 86
0 89
0 92
0 97
0 98
0 100
0 103
0 104
0 107
0 109
0 110
0 114
0 115
0 119
0 130
0 132
0 135
0 137
0 142
0 145
0 147
0 148
0 149
0 154
0 155
0 158
0 159
0 161
0 178
0 179
0 187
0 192
0 196
0 200
0 203
0 210
0 222
0 269
0 300
0 348
0 368
0 379
0 393
0 427
0 431
0 450
0 460
0 583
0 658
0 687
0 694
0 711
0 712
0 718
0 732
0 742
0 778
0 805
0 831
0 849
0 875
0 932
0 936
1 2
1 3
1 5
1 8
1 10
1 16
1 20
1 22
1 23
1 24
1 31
1 36
1 40
1 43
1 44
1 53
1 58
1 65
1 68
1 75
1 77
1 80
1 82
1 85
1 90
1 91
1 92
1 96
1 99
1 102
1 104
1 107
1 109
1 113
1 120
1 125
1 126
1 131
1 133
1 138
1 139
1 141
1 144
1 146
1 147
1 153
1 154
1 157
1 173
1 179
1 180
1 184
1 190
1 197
1 198
1 274
1 302
1 317
1 321
1 329
1 335
1 340
1 353
1 440
1 460
1 500
1 501
1 532
1 535
1 542
1 584
1 593
1 608
1 615
1 622
1 651
1 665
1 696
1 716
1 741
1 747
1 834
1 844
1 859
1 917
1 979
1 994
2 3
2 5
2 6
2 7
2 9
2 10
2 13
2 27
2 30
2 33
2 42
2 43
2 61
2 69
2 78
2 94
2 103
2 105
2 109
2 113
2 122
2 147
2 154
2 156
2 158
2 165
2 168
2 173
2 177
2 187
2 191
2 197
2 205
2 218
2 281
2 285
2 301
2 308
2 338
2 422
2 425
2 449
2 457
2 476
2 483
2 488
2 521
2 529
2 536
2 634
2 680
2 684
2 693
2 725
2 759
2 776
2 781
2 785
2 822
2 825
2 843
2 847
2 850
2 871
2 941
2 946
2 968
2 983
2 992
3 15
3 16
3 27
3 28
3 30
3 31
3 37
3 42
3 48
3 60
3 68
3 83
3 84
3 86
3 96
3 100
3 102
3 110
3 112
3 121
3 124
3 130
3 159
3 165
3 170
3 171
3 174
3 175
3 178
3 181
3 190
3 191
3 193
3 209
3 214
3 225
3 287
3 319
3 351
3 354
3 395
3 454
3 455
3 470
3 492
3 590
3 617
3 618
3 629
3 662
3 690
3 713
3 740
3 820
3 854
3 892
3 912
3 948
3 981
4 10
4 19
4 53
4 286
4 294
4 515
4 761
4 848
4 15
4 102
4 5
4 7
4 8
4 11
4 14
4 25
4 82
4 114
4 116
5 6
5 9
5 11
5 12
5 19
5 24
5 52
5 62
5 68
5 74
5 95
5 141
5 145
5 162
5 241
5 298
5 306
5 313
5 328
5 361
5 420
5 430
5 456
5 475
5 520
5 581
5 588
5 614
5 619
5 636
5 674
5 700
5 730
5 738
5 760
5 783
5 809
5 815
5 838
5 956
5 991
5 15
5 102
5 16
5 35
5 39
5 46
5 50
5 59
5 60
5 66
5 69
5 71
5 77
5 100
5 104
5 107
5 118
5 127
5 135
5 136
6 455
6 881
6 102
6 13
6 15
6 36
7 8
7 18
7 76
7 87
7 150
7 202
7 206
7 263
7 362
7 386
7 400
7 437
7 477
7 508
7 516
7 649
7 685
7 688
7 765
7 887
7 897
7 924
7 933
7 16
7 20
7 29
7 44
7 45
7 71
7 119
8 26
8 34
8 97
8 217
8 496
8 643
8 727
8 755
8 799
8 154
9 12
9 88
9 237
9 322
9 542
9 556
9 730
9 803
9 102
9 41
9 92
10 13
10 28
10 33
10 37
10 46
10 49
10 50
10 56
10 57
10 58
10 60
10 94
10 124
10 140
10 151
10 160
10 172
10 198
10 243
10 265
10 266
10 273
10 289
10 293
10 309
10 337
10 350
10 370
10 375
10 381
10 434
10 464
10 478
10 537
10 543
10 557
10 597
10 613
10 703
10 714
10 733
10 739
10 766
10 826
10 851
10 888
10 889
10 891
10 899
10 907
10 911
10 927
10 998
11 74
11 119
11 324
11 333
11 347
11 377
11 523
11 628
11 753
11 991
11 14
11 18
11 21
11 25
11 31
11 38
11 39
11 41
11 48
11 78
11 118
12 14
12 19
12 38
12 52
12 130
12 256
12 314
12 427
12 494
12 554
12 642
12 689
12 695
12 774
12 775
12 829
12 880
12 970
13 16
13 20
13 44
13 251
13 497
13 102
13 24
13 35
13 40
13 41
13 43
13 47
13 48
13 54
13 55
13 60
13 62
13 70
13 71
13 90
13 103
13 129
14 229
14 240
14 271
14 577
14 609
14 17
14 22
14 26
14 48
14 50
14 59
14 70
14 73
14 92
14 105
14 108
14 125
14 127
14 128
14 130
15 46
15 49
15 61
15 93
15 106
15 111
15 144
15 169
15 179
15 183
15 252
15 380
15 398
15 414
15 478
15 485
15 510
15 598
15 602
15 603
15 639
15 729
15 745
15 793
15 797
15 798
15 905
15 952
15 962
15 21
15 27
15 30
15 42
15 45
15 55
15 110
16 17
16 21
16 39
16 45
16 138
16 157
16 201
16 211
16 238
16 519
16 757
16 931
16 51
16 152
17 21
17 458
17 786
17 804
17 37
18 25
18 26
18 34
18 59
18 64
18 76
18 83
18 87
18 96
18 98
18 153
18 175
18 231
18 242
18 245
18 249
18 270
18 280
18 304
18 336
18 363
18 404
18 441
18 561
18 580
18 667
18 788
18 823
18 908
18 925
18 102
19 22
19 23
19 284
19 298
19 484
19 754
19 811
19 858
19 102
19 203
20 66
20 89
20 163
20 233
20 563
20 987
21 192
21 193
21 960
21 28
21 42
21 46
21 52
21 66
21 84
22 261
22 283
22 288
22 297
22 841
22 964
22 72
23 758
24 68
24 141
24 670
24 957
24 963
24 70
24 85
24 102
24 151
25 92
25 128
25 150
25 155
25 343
25 387
25 467
25 472
25 473
25 492
25 544
25 587
25 719
25 726
25 767
25 819
25 821
25 915
25 995
25 54
25 60
25 72
25 84
25 95
25 112
26 90
26 221
26 374
26 385
26 719
26 818
26 184
27 78
27 116
27 162
27 423
27 453
27 504
27 525
27 586
27 595
27 664
27 787
28 29
28 32
28 35
28 66
28 70
28 77
28 98
28 103
28 108
28 118
28 127
28 148
28 149
28 185
28 188
28 196
28 219
28 235
28 262
28 316
28 372
28 416
28 429
28 480
28 490
28 491
28 503
28 526
28 528
28 545
28 579
28 626
28 721
28 743
28 762
28 814
28 827
28 857
28 882
28 884
28 896
28 903
28 930
28 939
28 975
28 977
29 32
29 191
29 378
29 426
29 435
29 451
29 599
30 99
30 540
30 40
30 61
30 93
30 137
31 36
31 234
31 539
32 40
32 54
32 55
32 63
32 72
32 81
32 129
32 160
32 167
32 189
32 195
32 295
32 408
32 426
32 675
32 702
32 947
32 993
32 102
32 68
33 40
33 41
33 47
33 51
33 54
33 55
33 57
33 66
33 77
33 81
33 108
33 117
33 121
33 123
33 129
33 140
33 157
33 164
33 186
33 201
33 332
33 349
33 381
33 402
33 417
33 433
33 436
33 509
33 574
33 606
33 607
33 645
33 653
33 665
33 704
33 734
33 770
33 772
33 800
33 817
33 878
33 916
33 944
33 958
33 179
34 64
34 79
34 92
34 114
34 118
34 153
34 202
34 244
34 257
34 276
34 345
34 357
34 397
34 407
34 518
34 534
34 570
34 616
34 637
34 648
34 656
34 681
34 686
34 701
34 722
34 728
34 737
34 771
34 795
34 802
34 808
34 810
34 813
34 833
34 836
34 840
34 876
34 898
34 902
34 913
34 928
34 950
34 954
34 959
34 967
35 64
36 158
36 212
36 230
36 264
36 290
36 371
36 624
36 720
37 50
37 56
37 90
37 143
37 169
37 172
37 178
37 203
37 207
37 246
37 260
37 326
37 352
37 392
37 439
37 462
37 517
37 630
37 671
37 672
37 706
37 731
37 752
37 801
37 874
37 904
37 133
38 325
39 123
39 140
39 268
39 448
40 54
40 129
40 391
40 445
40 530
40 625
40 631
40 965
40 980
40 45
40 63
40 65
40 66
40 77
40 90
40 101
41 877
41 43
41 95
41 145
42 72
42 164
42 189
42 399
42 406
42 978
42 89
42 185
43 190
44 45
44 106
44 186
44 254
44 396
44 410
44 835
44 890
44 954
44 102
44 50
44 123
44 125
44 128
44 133
45 196
45 267
45 315
45 547
46 49
46 157
46 161
46 469
46 900
47 52
47 171
49 111
49 112
49 208
49 255
49 323
49 341
49 364
49 421
49 489
49 538
49 550
50 194
50 199
50 296
50 305
50 342
50 360
50 594
50 735
50 764
50 855
52 412
52 415
52 419
52 641
52 985
52 153
52 176
53 105
53 250
53 373
53 502
53 777
54 55
54 71
54 113
54 180
54 188
54 446
54 852
54 955
54 984
54 124
55 164
55 188
55 367
55 382
55 471
55 744
55 191
56 592
56 860
57 102
57 82
58 388
58 411
58 703
58 791
59 806
60 74
60 220
60 465
60 541
60 556
60 929
60 67
61 67
61 85
61 99
61 112
61 375
61 481
61 864
61 886
61 148
62 76
63 160
64 83
64 132
64 156
64 275
64 657
64 816
64 893
64 997
64 134
65 73
65 197
65 498
65 129
65 182
66 567
66 582
66 853
66 122
66 195
67 224
67 96
68 80
68 146
68 176
68 232
68 239
68 310
68 330
68 487
68 628
68 646
68 647
68 668
68 746
68 780
68 790
68 792
68 940
68 956
68 102
69 83
70 105
70 151
70 158
70 192
70 213
70 226
70 259
70 279
70 292
70 369
70 401
70 424
70 569
70 691
70 763
70 837
70 863
70 872
70 901
70 961
70 87
70 181
71 248
71 366
71 106
72 339
72 356
72 459
72 663
72 769
72 793
72 999
74 95
74 644
74 678
74 749
74 910
74 966
75 121
75 195
75 247
75 253
75 282
75 482
75 522
75 572
75 610
75 682
75 699
75 715
75 748
75 807
75 839
75 922
75 986
76 132
76 174
76 204
76 869
76 937
77 163
78 95
78 119
78 334
78 468
78 588
78 596
78 773
78 868
78 969
79 267
79 198
79 200
80 796
81 165
81 167
81 389
82 256
82 524
82 632
83 139
83 477
83 108
83 202
84 101
84 123
84 612
84 707
85 136
85 278
85 434
85 612
85 779
85 782
86 383
86 953
86 102
87 177
87 512
87 659
87 736
87 861
87 866
88 116
88 666
88 689
88 784
88 862
89 101
89 601
89 692
89 990
89 137
90 97
90 125
90 128
90 183
90 228
90 272
90 551
90 566
90 576
90 591
90 856
90 906
90 926
90 935
90 973
90 126
90 141
92 150
92 166
92 184
92 258
92 474
92 717
92 824
92 828
92 865
92 914
92 949
92 974
93 585
93 673
93 152
94 151
94 951
95 303
95 376
95 479
95 499
95 638
95 650
95 698
95 829
95 909
95 919
96 128
96 257
96 312
96 418
96 573
96 723
96 908
97 640
97 705
97 976
98 139
98 163
98 175
98 185
98 223
98 307
98 359
98 365
98 394
98 404
98 443
98 507
98 511
98 513
98 527
98 620
98 655
98 676
98 683
98 710
98 830
98 873
98 918
98 933
98 934
98 988
98 989
99 198
99 413
101 266
102 108
102 358
102 442
102 111
102 149
103 227
103 428
103 432
103 697
103 715
103 875
103 879
104 652
105 152
105 182
105 562
105 660
105 669
105 842
105 109
106 390
106 701
106 938
106 111
106 113
107 114
107 553
107 620
108 756
109 134
109 373
110 236
111 160
111 344
111 403
111 461
111 677
111 883
111 172
112 142
112 172
112 201
112 216
112 299
112 409
112 461
112 486
112 555
112 627
112 812
112 867
112 870
112 885
112 943
112 945
112 972
113 148
113 789
114 132
115 355
116 444
116 623
116 738
116 921
118 159
118 626
118 832
118 132
119 463
119 604
119 633
119 635
119 636
120 845
122 466
122 533
122 750
123 137
123 654
123 196
124 311
124 346
124 708
125 493
126 143
126 171
126 320
126 548
128 156
128 605
129 215
129 331
129 505
129 558
129 568
129 165
130 564
130 709
130 920
131 285
131 514
131 751
132 496
132 552
132 846
132 156
132 174
133 565
133 971
133 982
134 560
137 186
138 405
139 575
139 589
140 327
140 337
140 506
141 291
141 559
141 578
141 794
141 895
143 277
143 531
143 549
143 958
143 178
144 384
144 571
145 173
145 724
146 447
146 661
146 679
146 996
147 438
147 611
147 621
147 923
148 167
148 200
148 546
148 768
149 495
150 155
151 600
151 968
151 183
153 318
153 452
153 799
153 894
153 942
162 170
163 167
170 176
175 202
186 201
187 189
193 198
194 197
