0 1
0 2
0 3
0 4
0 5
0 6
0 7
0 9
0 10
0 14
0 15
0 18
0 26
0 27
0 34
0 39
0 50
0 58
0 60
0 61
0 62
0 82
0 85
0 88
0 91
0 99
0 104
0 108
0 114
0 119
0 124
0 134
0 151
0 158
0 160
0 171
0 181
0 189
0 191
0 224
0 247
0 262
0 273
0 277
0 288
0 298
0 313
0 316
0 351
0 357
0 381
0 420
0 430
0 447
0 473
0 479
0 511
0 525
0 560
0 564
0 601
0 638
0 675
0 734
0 799
0 819
0 824
0 843
0 844
0 914
0 925
0 930
0 940
0 958
1 2
1 3
1 4
1 13
1 16
1 21
1 25
1 27
1 30
1 55
1 66
1 70
1 74
1 85
1 87
1 93
1 100
1 105
1 116
1 144
1 161
1 167
1 189
1 192
1 196
1 197
1 203
1 245
1 265
1 300
1 422
1 487
1 520
1 612
1 685
1 803
1 805
1 816
1 873
1 969
1 976
1 978
2 3
2 4
2 5
2 9
2 10
2 11
2 13
2 14
2 15
2 17
2 21
2 22
2 34
2 38
2 45
2 47
2 49
2 50
2 51
2 53
2 55
2 83
2 87
2 92
2 93
2 96
2 97
2 104
2 110
2 119
2 121
2 128
2 142
2 163
2 166
2 170
2 174
2 175
2 176
2 177
2 178
2 190
2 191
2 195
2 196
2 203
2 231
2 250
2 287
2 292
2 340
2 364
2 387
2 389
2 412
2 427
2 429
2 470
2 472
2 477
2 481
2 536
2 559
2 570
2 575
2 626
2 639
2 659
2 692
2 729
2 731
2 733
2 735
2 769
2 772
2 776
2 785
2 789
2 790
2 812
2 831
2 838
2 851
2 867
2 870
2 877
2 896
2 903
2 907
2 915
2 979
2 993
2 996
3 4
3 7
3 9
3 30
3 34
3 42
3 43
3 47
3 54
3 55
3 59
3 64
3 71
3 88
3 89
3 92
3 95
3 96
3 98
3 136
3 147
3 152
3 162
3 172
3 182
3 193
3 196
3 202
3 227
3 410
3 464
3 491
3 523
3 537
3 580
3 617
3 672
3 680
3 688
3 715
3 745
3 777
3 879
3 891
3 968
3 983
3 991
4 11
4 52
4 65
4 70
4 71
4 95
4 96
4 98
4 118
4 123
4 132
4 160
4 173
4 186
4 188
4 447
4 508
4 818
4 864
4 888
5 6
5 28
5 36
5 153
5 309
5 400
5 558
5 691
5 942
5 950
5 139
5 8
5 9
5 15
5 16
5 20
5 27
5 44
5 52
5 54
5 56
5 75
5 128
5 136
5 138
5 154
6 36
6 80
6 131
6 774
6 139
6 7
6 9
6 11
6 13
6 14
6 24
6 25
6 33
6 41
6 68
6 97
6 100
6 103
6 113
7 8
7 12
7 15
7 20
7 25
7 32
7 76
7 109
7 117
7 129
7 218
7 289
7 408
7 480
7 848
8 840
8 9
8 11
8 12
8 16
8 20
8 26
8 30
8 36
8 42
8 46
8 61
8 69
8 86
8 98
8 103
8 109
8 114
8 121
8 122
8 131
8 132
9 18
9 23
9 24
9 26
9 43
9 46
9 48
9 60
9 83
9 84
9 101
9 127
9 156
9 177
9 179
9 225
9 243
9 281
9 374
9 495
9 528
9 565
9 586
9 669
9 719
9 754
9 898
9 917
9 929
9 934
9 935
9 953
9 999
9 15
9 78
9 98
9 128
10 25
10 212
10 648
11 13
11 19
11 31
11 51
11 53
11 183
11 228
11 411
11 874
11 916
11 947
11 15
11 18
11 27
11 92
11 94
12 35
12 38
12 129
12 215
12 977
12 24
12 32
12 59
12 69
12 77
12 121
12 127
13 16
13 19
13 23
13 53
13 56
13 63
13 65
13 86
13 139
13 174
13 176
13 204
13 329
13 416
13 419
13 502
13 749
13 797
13 808
13 815
13 900
13 17
13 141
14 17
14 29
14 41
14 75
14 94
14 114
14 209
14 294
14 573
14 811
14 852
14 990
14 28
14 30
14 120
14 126
15 21
15 25
15 36
15 40
15 45
15 57
15 64
15 67
15 70
15 72
15 73
15 77
15 81
15 85
15 103
15 104
15 120
15 128
15 130
15 144
15 149
15 152
15 186
15 202
15 207
15 240
15 241
15 299
15 312
15 321
15 325
15 337
15 344
15 375
15 378
15 399
15 405
15 407
15 414
15 424
15 440
15 446
15 460
15 469
15 471
15 540
15 541
15 569
15 583
15 585
15 595
15 606
15 620
15 631
15 654
15 663
15 677
15 681
15 703
15 704
15 706
15 781
15 787
15 795
15 807
15 835
15 875
15 883
15 884
15 918
15 955
15 965
15 974
15 984
15 58
15 95
16 964
16 139
16 22
16 34
16 63
16 71
16 96
16 101
16 124
16 129
16 153
17 29
17 116
17 198
17 765
17 882
17 139
17 21
17 28
17 34
17 37
17 60
17 72
17 118
17 140
18 24
18 48
18 72
18 261
18 267
18 385
18 492
18 516
18 549
18 566
18 36
19 20
19 23
19 54
19 56
19 68
19 79
19 136
19 370
19 394
19 442
19 911
19 933
20 32
20 51
20 62
20 65
20 67
20 68
20 76
20 95
20 115
20 159
20 184
20 205
20 257
20 275
20 283
20 304
20 315
20 322
20 345
20 377
20 455
20 491
20 522
20 567
20 578
20 584
20 588
20 589
20 609
20 617
20 624
20 625
20 630
20 664
20 694
20 697
20 771
20 817
20 836
20 886
20 921
20 946
20 998
20 124
20 128
20 136
21 22
21 24
21 36
21 40
21 42
21 108
21 350
21 488
21 705
21 868
21 941
21 110
22 57
22 206
22 526
22 85
22 139
23 155
23 168
23 179
23 194
23 244
23 256
23 317
23 338
23 365
23 367
23 510
23 513
23 552
23 618
23 647
23 655
23 666
23 736
23 770
23 798
23 814
23 821
23 862
23 889
23 943
23 948
23 952
23 982
23 985
23 139
23 89
24 26
24 46
24 72
24 92
24 101
24 130
24 133
24 134
24 138
24 142
24 143
24 146
24 163
24 170
24 187
24 230
24 253
24 376
24 402
24 428
24 433
24 485
24 519
24 531
24 534
24 561
24 562
24 571
24 587
24 605
24 614
24 632
24 634
24 643
24 670
24 674
24 683
24 690
24 709
24 737
24 741
24 755
24 767
24 780
24 791
24 793
24 806
24 830
24 837
24 845
24 847
24 885
24 910
24 922
24 924
24 961
24 972
24 997
24 40
24 78
24 90
25 30
25 35
25 111
25 135
25 208
25 217
25 710
25 727
25 919
25 78
25 127
26 84
26 125
26 438
26 515
26 702
26 926
26 139
26 47
26 55
26 57
27 195
27 484
27 894
27 58
27 64
27 67
27 80
28 29
28 134
28 210
28 478
28 611
28 665
28 762
28 861
28 131
28 178
29 33
29 199
29 332
29 409
29 555
29 869
30 33
30 34
30 37
30 52
30 59
30 81
30 111
30 112
30 121
30 123
30 185
30 293
30 303
30 306
30 319
30 339
30 434
30 458
30 498
30 501
30 527
30 557
30 572
30 581
30 597
30 600
30 622
30 627
30 628
30 637
30 641
30 645
30 661
30 671
30 748
30 751
30 820
30 833
30 854
30 937
30 951
30 971
30 31
32 117
32 132
32 320
32 796
32 810
33 41
33 64
33 90
33 271
33 310
33 468
33 846
33 897
33 963
33 43
33 55
34 41
34 44
34 90
34 175
34 178
34 349
34 362
34 449
34 453
34 726
34 738
34 775
34 825
34 913
34 986
34 987
34 35
34 52
34 58
34 68
34 105
35 39
35 45
35 214
35 268
35 465
35 759
36 77
36 721
36 989
36 95
36 116
36 152
38 173
38 482
40 258
40 323
40 350
40 435
40 551
40 750
40 757
40 768
41 164
41 200
41 224
41 662
41 928
41 994
41 60
41 126
42 57
42 69
42 77
42 78
42 108
42 149
42 167
42 248
42 653
42 724
42 792
42 59
42 103
43 97
43 125
43 127
43 163
43 336
43 342
43 395
43 433
43 565
43 633
43 669
43 834
43 858
44 475
44 51
45 195
45 213
45 326
45 529
46 443
46 94
47 301
47 87
47 97
47 112
47 133
47 150
48 49
48 179
48 180
48 274
48 804
48 853
49 72
49 140
49 182
49 233
49 505
49 651
49 725
49 904
50 86
50 111
50 235
50 613
51 58
51 107
51 115
51 183
51 193
52 334
52 452
52 493
52 521
52 823
52 93
52 109
52 149
53 56
53 107
53 137
53 165
54 55
54 374
54 431
54 483
54 599
54 715
54 908
54 64
54 77
54 80
54 100
55 84
55 279
55 356
55 359
55 486
55 506
55 784
55 927
56 122
56 425
56 154
57 242
57 379
57 758
57 95
58 63
58 86
58 88
58 158
58 439
58 445
58 459
58 876
58 65
58 73
58 85
59 61
59 90
59 110
59 112
59 249
59 263
59 413
59 773
59 881
59 65
60 181
60 381
60 114
61 74
61 148
61 282
61 406
61 450
61 839
62 229
62 284
62 579
62 658
63 107
63 530
63 171
63 194
64 201
64 296
64 353
64 406
64 476
64 642
64 744
64 893
64 111
64 133
64 144
65 69
65 147
65 166
65 239
65 393
65 513
65 592
65 687
65 711
65 788
65 73
65 75
65 145
65 197
67 139
68 190
68 538
68 892
68 83
69 70
69 113
69 169
69 219
69 272
69 324
69 341
69 388
69 404
69 462
69 504
69 563
69 636
69 653
69 676
69 693
69 701
69 728
69 742
69 813
69 850
69 866
69 912
69 204
70 99
70 314
70 451
70 621
71 255
71 286
71 686
71 168
72 297
72 335
72 398
72 500
72 533
72 550
72 556
72 695
72 712
72 842
72 859
72 988
73 139
73 135
73 152
74 121
74 264
74 360
74 740
74 753
74 905
75 200
75 454
75 80
76 145
76 185
76 507
76 760
76 923
76 970
78 924
78 115
79 115
79 363
79 635
80 285
80 603
80 871
80 87
80 111
80 113
80 131
81 109
81 113
81 330
81 383
81 615
82 146
82 421
83 302
83 436
83 600
83 752
83 84
84 177
84 138
85 347
85 456
86 102
86 105
86 122
86 126
86 308
86 463
86 542
86 644
86 699
86 708
86 713
86 816
86 842
86 931
87 90
87 100
87 511
87 591
88 95
88 166
88 783
88 857
88 900
89 226
89 441
89 494
89 577
89 822
89 92
90 185
90 199
90 237
90 346
90 432
90 832
90 906
90 139
91 128
91 582
92 187
92 192
92 236
92 276
92 403
92 516
92 616
92 769
92 865
92 878
92 967
93 156
93 291
93 295
93 355
93 373
93 517
93 543
93 608
93 696
93 717
93 756
93 980
94 604
94 619
95 112
95 114
95 122
95 137
95 184
95 216
95 266
95 290
95 328
95 331
95 371
95 396
95 397
95 490
95 509
95 512
95 539
95 568
95 576
95 607
95 610
95 640
95 646
95 660
95 698
95 718
95 720
95 730
95 739
95 743
95 747
95 794
95 841
95 861
95 863
95 887
95 932
95 938
95 944
95 962
95 106
96 444
96 678
96 117
97 514
97 649
97 650
97 667
97 856
97 108
98 141
98 392
99 238
99 352
99 354
99 426
99 202
100 142
100 125
100 185
101 106
101 415
101 466
101 496
101 714
101 801
102 168
102 380
103 366
103 764
103 144
104 154
104 348
105 154
105 423
105 569
105 189
106 139
106 150
106 171
106 270
106 684
106 707
106 714
106 945
106 193
107 155
107 157
107 211
107 223
107 278
107 448
107 746
107 779
107 901
108 254
110 201
110 596
110 688
110 828
111 189
111 358
111 553
111 590
111 594
112 221
112 259
112 497
112 548
112 966
113 130
113 135
113 151
113 489
113 518
113 590
113 689
113 732
113 849
113 920
113 956
115 176
115 959
116 200
117 777
117 139
117 150
118 252
119 461
119 554
121 123
121 188
121 723
121 763
121 782
122 159
122 194
122 220
122 222
122 384
122 778
122 860
122 895
122 899
122 957
122 975
122 995
123 141
123 251
123 422
123 657
123 936
125 361
126 499
126 530
126 598
126 911
127 260
127 343
127 382
127 474
127 629
127 981
128 182
128 280
128 390
128 457
128 467
128 535
128 544
128 550
128 574
128 800
128 855
128 872
128 890
128 902
128 939
128 973
129 722
130 131
130 172
130 602
131 143
131 498
131 593
133 503
133 700
133 960
134 269
134 139
135 305
135 386
136 307
136 318
136 369
136 401
136 524
136 598
137 204
138 656
138 139
139 547
139 147
139 157
140 382
140 673
140 786
141 145
141 198
141 234
141 311
141 682
141 827
144 668
144 829
145 368
145 417
145 418
145 532
145 623
145 679
145 802
145 159
146 545
146 909
147 165
147 372
148 232
148 652
148 809
149 164
149 391
149 716
149 826
149 880
149 949
149 992
151 333
151 440
152 167
152 246
152 327
152 546
152 761
152 766
152 787
154 437
154 954
156 177
159 166
177 192
199 201
