0 1
0 2
0 3
0 5
0 9
0 11
0 13
0 15
0 19
0 21
0 37
0 41
0 62
0 73
0 92
0 99
0 101
0 111
0 122
0 123
0 126
0 131
0 137
0 140
0 143
0 147
0 158
0 166
0 171
0 174
0 179
0 181
0 188
0 192
0 257
0 333
0 340
0 365
0 373
0 425
0 533
0 601
0 719
0 762
0 772
0 837
0 897
0 899
0 900
0 905
0 923
1 2
1 3
1 8
1 9
1 10
1 15
1 18
1 21
1 22
1 24
1 25
1 28
1 36
1 37
1 38
1 42
1 43
1 45
1 50
1 55
1 57
1 58
1 59
1 61
1 64
1 68
1 75
1 78
1 84
1 85
1 88
1 89
1 92
1 98
1 104
1 107
1 108
1 113
1 116
1 118
1 120
1 125
1 136
1 137
1 138
1 142
1 143
1 145
1 148
1 151
1 154
1 157
1 165
1 173
1 176
1 178
1 180
1 188
1 191
1 196
1 200
1 201
1 204
1 214
1 222
1 225
1 231
1 241
1 254
1 264
1 297
1 310
1 315
1 390
1 409
1 432
1 461
1 474
1 475
1 480
1 498
1 527
1 554
1 557
1 559
1 563
1 617
1 637
1 668
1 694
1 709
1 729
1 758
1 766
1 772
1 787
1 800
1 807
1 819
1 820
1 844
1 858
1 877
1 942
1 952
1 967
1 970
1 983
2 3
2 4
2 8
2 14
2 24
2 29
2 35
2 39
2 56
2 58
2 76
2 86
2 91
2 94
2 95
2 123
2 126
2 131
2 135
2 138
2 139
2 143
2 149
2 151
2 156
2 162
2 169
2 194
2 195
2 203
2 220
2 287
2 356
2 433
2 444
2 524
2 550
2 624
2 708
2 718
2 752
2 756
2 764
2 768
2 920
2 931
2 947
2 949
2 977
3 4
3 6
3 7
3 10
3 13
3 21
3 23
3 27
3 37
3 40
3 46
3 50
3 52
3 55
3 57
3 61
3 63
3 64
3 68
3 70
3 76
3 77
3 82
3 83
3 84
3 85
3 87
3 91
3 100
3 104
3 105
3 106
3 108
3 111
3 112
3 115
3 121
3 124
3 139
3 146
3 147
3 149
3 150
3 160
3 163
3 164
3 179
3 186
3 194
3 206
3 215
3 236
3 263
3 284
3 313
3 344
3 375
3 379
3 394
3 459
3 469
3 470
3 472
3 562
3 580
3 600
3 612
3 625
3 649
3 677
3 696
3 741
3 815
3 861
3 874
3 886
3 887
3 904
3 929
3 956
4 5
4 6
4 7
4 761
4 112
4 17
5 6
5 7
5 8
5 14
5 16
5 23
5 113
5 276
5 393
5 546
5 112
6 10
6 16
6 20
6 30
6 31
6 49
6 54
6 56
6 57
6 66
6 74
6 79
6 82
6 102
6 162
6 166
6 196
6 213
6 239
6 267
6 269
6 281
6 309
6 329
6 335
6 347
6 354
6 381
6 406
6 408
6 437
6 450
6 500
6 560
6 567
6 576
6 597
6 609
6 710
6 716
6 739
6 753
6 757
6 765
6 791
6 814
6 832
6 834
6 852
6 853
6 855
6 866
6 871
6 875
6 883
6 902
6 913
6 914
6 918
6 940
6 976
6 980
6 988
6 994
6 112
6 7
6 9
6 11
6 37
6 63
6 81
6 151
7 9
7 12
7 14
7 16
7 25
7 32
7 38
7 42
7 44
7 46
7 63
7 79
7 90
7 91
7 103
7 114
7 153
7 159
7 218
7 219
7 243
7 276
7 280
7 305
7 307
7 336
7 366
7 374
7 382
7 413
7 424
7 443
7 484
7 503
7 517
7 522
7 530
7 575
7 579
7 588
7 602
7 621
7 641
7 689
7 695
7 698
7 700
7 728
7 733
7 770
7 778
7 808
7 811
7 848
7 849
7 867
7 885
7 894
7 907
7 934
7 943
7 945
7 950
7 992
7 998
7 112
7 21
7 64
7 68
7 83
7 88
7 100
7 108
8 26
8 47
8 237
8 301
8 353
9 12
9 33
9 42
9 95
9 98
9 103
9 106
9 115
9 170
9 314
9 388
9 415
9 496
9 508
9 610
9 672
9 969
9 112
9 10
10 19
10 31
10 35
10 69
10 75
10 155
10 162
10 172
10 202
10 216
10 228
10 238
10 275
10 341
10 352
10 359
10 360
10 370
10 386
10 453
10 456
10 509
10 518
10 590
10 596
10 620
10 630
10 652
10 662
10 671
10 704
10 740
10 742
10 755
10 774
10 777
10 784
10 786
10 797
10 827
10 840
10 855
10 860
10 890
10 909
10 932
10 954
10 973
10 975
10 112
10 11
10 12
10 40
10 43
10 58
10 65
10 74
10 105
10 118
11 17
11 18
11 35
11 39
11 40
11 43
11 45
11 55
11 56
11 60
11 78
11 87
11 112
11 115
11 129
11 133
11 176
11 185
11 199
11 221
11 229
11 266
11 278
11 283
11 332
11 363
11 404
11 448
11 454
11 485
11 488
11 534
11 572
11 584
11 594
11 626
11 660
11 680
11 690
11 692
11 738
11 757
11 798
11 818
11 881
11 901
11 906
11 933
11 935
11 937
11 974
11 995
11 13
11 21
11 38
11 75
11 98
11 101
11 111
11 118
11 134
12 42
12 140
12 272
12 300
12 452
12 605
12 650
12 793
12 803
12 806
12 869
12 968
12 981
12 13
12 14
12 15
12 18
12 34
12 35
12 67
12 82
12 98
12 129
12 134
12 135
12 178
13 18
13 31
13 145
13 304
13 411
13 538
13 27
13 29
13 36
13 106
13 110
14 22
14 30
14 63
14 478
14 487
14 16
14 129
15 27
15 29
15 48
15 65
15 73
15 75
15 117
15 217
15 515
15 532
15 568
15 789
15 882
15 17
15 20
15 30
15 55
15 87
15 89
15 90
15 112
15 113
16 23
16 32
16 51
16 74
16 94
16 167
16 184
16 851
16 166
17 34
17 64
17 163
17 330
17 18
17 28
17 46
17 51
17 60
17 63
17 65
17 101
17 132
17 147
18 31
18 183
18 501
18 795
18 898
18 916
18 22
18 87
18 124
19 101
19 144
19 306
19 367
19 407
19 615
19 676
19 185
20 36
20 191
20 199
20 423
20 727
20 829
20 49
21 32
21 51
21 53
21 57
21 68
21 92
21 106
21 125
21 164
21 175
21 182
21 190
21 198
21 234
21 270
21 299
21 317
21 328
21 345
21 387
21 401
21 421
21 491
21 556
21 583
21 589
21 611
21 667
21 684
21 691
21 735
21 748
21 769
21 771
21 802
21 863
21 888
21 996
21 105
21 123
22 398
22 613
22 825
23 44
23 49
23 50
23 66
23 80
23 90
23 168
23 180
23 182
23 193
23 251
23 265
23 285
23 289
23 334
23 399
23 428
23 471
23 486
23 645
23 657
23 706
23 746
23 839
23 863
24 62
24 107
24 268
24 290
24 338
24 540
24 845
24 112
25 37
25 76
25 320
25 112
26 27
26 47
26 54
26 60
26 134
26 194
26 242
26 262
26 457
26 516
26 559
26 565
26 599
26 824
26 978
26 112
27 28
27 80
27 151
27 715
27 799
28 75
28 108
28 156
28 175
28 208
28 274
28 412
28 473
28 544
28 548
28 549
28 598
28 614
28 685
28 732
28 813
28 846
28 870
29 67
29 654
29 749
29 965
29 112
29 33
29 60
29 84
30 32
30 49
30 184
30 232
30 31
30 72
30 167
31 45
31 64
31 226
31 372
31 528
31 604
31 608
31 820
31 976
31 112
31 43
31 50
31 96
31 131
32 77
32 125
32 282
32 294
32 477
32 561
33 39
33 50
33 103
33 148
34 43
34 61
34 71
34 72
34 81
34 84
34 93
34 129
34 160
34 311
34 322
34 368
34 429
34 435
34 499
34 531
34 586
34 607
34 687
34 743
34 925
34 90
35 129
35 744
35 830
35 997
35 71
36 369
36 622
36 71
36 77
37 46
37 48
37 51
37 66
37 76
37 90
37 94
37 97
37 117
37 128
37 132
37 142
37 156
37 166
37 181
37 233
37 249
37 260
37 296
37 302
37 316
37 362
37 395
37 397
37 403
37 416
37 436
37 445
37 451
37 467
37 482
37 483
37 490
37 513
37 543
37 545
37 551
37 587
37 616
37 643
37 647
37 656
37 683
37 734
37 760
37 769
37 779
37 780
37 783
37 810
37 817
37 856
37 868
37 893
37 895
37 903
37 940
37 955
37 987
37 993
37 999
37 194
38 127
38 152
38 291
38 325
38 618
38 857
39 40
39 269
39 192
40 61
40 141
40 195
43 160
43 458
43 489
43 495
43 655
43 662
43 686
43 52
43 55
43 112
43 118
44 119
44 177
44 258
44 279
44 377
44 434
44 581
44 731
44 864
45 141
45 512
45 112
46 98
46 99
46 115
46 137
47 79
47 426
47 564
47 693
48 156
48 675
48 745
48 112
48 52
48 73
49 77
49 253
49 53
50 59
50 271
50 296
50 343
50 434
50 873
51 54
51 90
51 430
51 479
51 595
51 891
51 69
51 77
52 71
52 160
52 419
52 831
52 120
53 578
53 108
53 156
54 505
54 750
54 179
55 79
55 148
56 86
56 110
56 165
57 493
59 85
59 211
59 349
59 669
59 722
59 921
59 928
60 102
60 244
60 246
60 324
60 463
60 910
60 112
60 67
60 86
61 81
61 222
61 631
61 191
62 109
62 114
62 138
62 177
62 261
62 331
62 812
63 113
63 159
63 237
63 497
63 707
63 816
63 111
63 149
63 150
63 152
64 86
64 88
64 130
64 292
64 378
64 619
64 129
64 143
64 145
64 155
65 96
65 100
66 132
66 247
66 402
66 507
66 790
66 112
66 128
66 144
67 466
67 594
67 714
67 924
67 926
67 936
67 961
67 963
68 799
68 112
68 130
71 121
71 127
71 440
71 106
72 112
73 128
73 235
73 112
73 117
74 476
74 112
74 127
75 121
75 148
75 172
75 189
75 212
75 224
75 337
75 361
75 380
75 555
75 660
75 702
75 828
75 901
75 922
75 946
75 991
75 112
75 82
75 158
76 190
76 346
76 477
76 634
77 124
77 510
77 560
77 699
77 958
77 959
77 159
78 318
79 118
79 150
79 358
79 566
79 670
79 196
80 117
80 120
80 136
80 186
80 230
80 337
80 606
80 747
80 850
81 681
81 712
81 754
81 100
81 112
82 256
82 964
82 980
83 547
83 639
83 95
84 144
84 172
84 223
84 465
84 651
84 941
84 989
85 97
85 361
85 629
86 506
86 636
86 721
86 879
86 880
86 107
86 116
86 146
87 658
88 135
88 248
88 312
88 389
88 400
88 494
88 520
88 521
88 536
88 633
88 705
88 915
88 172
89 201
89 585
90 339
90 595
91 96
91 114
91 146
91 250
91 252
91 342
91 364
91 418
91 427
91 526
91 703
91 782
91 822
91 927
91 986
91 112
91 170
92 673
92 112
93 723
94 385
94 571
94 725
94 112
95 98
95 525
95 537
95 821
96 139
96 293
96 321
96 455
96 653
96 809
96 828
96 110
97 208
98 245
98 410
98 801
98 985
98 126
99 174
99 180
100 592
100 143
101 273
101 659
101 835
101 938
102 502
102 112
103 106
103 120
104 542
104 990
105 405
105 759
105 896
105 944
105 112
105 119
105 126
106 109
106 111
106 116
106 134
106 168
106 174
106 177
106 210
106 227
106 286
106 376
106 392
106 414
106 422
106 462
106 648
106 666
106 679
106 713
106 737
106 775
106 805
106 842
106 862
106 948
107 122
107 303
107 410
107 591
107 638
107 724
107 785
107 919
107 979
108 209
108 438
108 514
108 570
108 682
108 788
108 878
108 136
109 122
109 187
109 205
109 383
109 464
109 539
109 664
109 794
109 796
109 843
109 911
109 960
109 972
109 112
110 114
111 152
111 371
111 553
111 123
112 176
112 192
112 319
112 481
112 121
112 139
113 124
113 135
114 153
114 171
114 255
114 460
114 663
114 145
114 152
115 348
115 678
115 688
115 946
116 182
116 288
116 917
116 971
116 169
117 627
118 425
118 141
120 161
120 200
120 326
120 838
120 953
121 185
121 197
121 295
121 351
121 632
121 841
121 908
122 149
122 178
122 431
122 558
122 646
122 912
122 962
123 145
124 447
124 767
125 751
126 169
126 396
126 473
126 541
126 872
126 154
127 240
127 449
127 511
127 529
127 552
127 569
127 717
127 804
127 859
127 939
127 966
127 973
127 984
128 152
128 323
128 420
128 736
128 776
128 892
129 640
129 644
129 826
129 884
129 153
130 504
130 573
130 628
130 199
131 523
131 730
131 957
131 171
134 158
134 357
135 183
135 582
135 763
135 773
136 384
136 577
136 836
136 889
136 951
136 982
136 200
137 170
137 138
138 277
138 298
138 417
138 524
139 259
139 308
139 355
139 446
139 535
139 574
139 593
139 623
139 792
139 847
139 930
140 833
141 661
141 854
141 183
142 674
143 286
143 439
143 442
143 468
143 682
143 876
144 391
145 441
145 519
146 207
146 350
146 603
146 720
146 823
146 865
147 642
149 492
150 327
150 711
151 635
151 701
151 726
152 177
152 665
153 697
153 781
162 192
191 199
