0 1
0 2
0 3
0 4
0 7
0 9
0 13
0 25
0 29
0 42
0 48
0 53
0 60
0 61
0 62
0 71
0 80
0 81
0 89
0 94
0 111
0 136
0 137
0 152
0 159
0 168
0 170
0 173
0 174
0 189
0 193
0 198
0 231
0 238
0 248
0 265
0 333
0 339
0 460
0 478
0 484
0 530
0 578
0 670
0 752
0 795
0 899
0 923
0 927
1 2
1 3
1 4
1 5
1 10
1 18
1 19
1 23
1 24
1 25
1 27
1 34
1 43
1 63
1 66
1 69
1 73
1 74
1 76
1 83
1 92
1 95
1 96
1 110
1 112
1 115
1 119
1 121
1 137
1 140
1 145
1 156
1 165
1 181
1 185
1 190
1 191
1 195
1 199
1 203
1 225
1 241
1 253
1 309
1 354
1 368
1 400
1 506
1 508
1 523
1 552
1 590
1 601
1 621
1 644
1 710
1 718
1 722
1 741
1 778
1 781
1 783
1 803
1 804
1 832
1 855
1 857
1 858
1 944
1 981
1 986
2 3
2 4
2 6
2 7
2 9
2 10
2 16
2 18
2 19
2 20
2 22
2 25
2 52
2 57
2 62
2 63
2 68
2 70
2 87
2 96
2 109
2 120
2 126
2 129
2 130
2 131
2 141
2 142
2 152
2 155
2 157
2 159
2 163
2 165
2 167
2 169
2 180
2 186
2 189
2 194
2 196
2 220
2 228
2 250
2 251
2 297
2 332
2 425
2 433
2 441
2 491
2 524
2 536
2 549
2 566
2 575
2 584
2 619
2 638
2 653
2 686
2 695
2 696
2 770
2 772
2 800
2 833
2 877
2 916
3 4
3 6
3 9
3 11
3 12
3 14
3 16
3 17
3 18
3 22
3 28
3 33
3 35
3 37
3 45
3 52
3 55
3 58
3 64
3 65
3 68
3 71
3 73
3 85
3 91
3 93
3 100
3 102
3 113
3 120
3 125
3 129
3 140
3 143
3 149
3 155
3 159
3 170
3 179
3 192
3 198
3 227
3 258
3 296
3 326
3 388
3 406
3 462
3 466
3 520
3 564
3 577
3 600
3 655
3 657
3 787
3 811
3 880
3 900
3 913
3 951
3 964
4 11
4 19
4 21
4 30
4 33
4 40
4 49
4 56
4 58
4 64
4 70
4 83
4 86
4 105
4 106
4 131
4 132
4 154
4 169
4 174
4 183
4 185
4 210
4 321
4 430
4 554
4 611
4 648
4 703
4 737
4 755
4 812
4 838
4 889
4 917
4 958
5 13
5 30
5 31
5 46
5 49
5 61
5 81
5 103
5 121
5 147
5 157
5 167
5 206
5 224
5 245
5 273
5 301
5 362
5 378
5 507
5 587
5 598
5 604
5 661
5 711
5 717
5 809
5 816
5 990
6 8
6 11
6 12
6 21
6 67
6 70
6 119
6 534
6 551
6 555
6 790
6 955
6 28
6 7
6 13
6 18
6 19
6 29
6 31
6 39
6 49
6 78
6 110
6 129
7 14
7 72
7 252
7 461
7 980
7 28
7 8
7 9
7 12
7 17
7 24
7 25
7 37
7 42
7 70
7 87
7 125
7 126
7 134
7 151
8 15
8 16
8 142
8 528
8 28
8 10
8 11
8 13
8 14
8 26
8 27
8 36
8 42
8 54
8 60
8 61
8 67
8 68
8 76
8 80
8 100
8 106
8 123
8 147
9 14
9 17
9 36
9 41
9 44
9 55
9 72
9 73
9 80
9 89
9 94
9 95
9 98
9 99
9 106
9 117
9 123
9 130
9 146
9 208
9 222
9 240
9 259
9 317
9 401
9 457
9 515
9 560
9 580
9 597
9 612
9 775
9 792
9 860
9 988
9 989
9 84
9 141
10 19
10 24
10 32
10 47
10 57
10 66
10 87
10 171
10 247
10 366
10 421
10 429
10 452
10 510
10 530
10 550
10 623
10 872
11 12
11 36
11 48
11 100
11 107
11 751
11 942
12 114
12 548
12 750
12 19
12 24
12 64
12 101
12 113
12 145
13 20
13 26
13 33
13 46
13 96
13 226
13 276
13 418
13 420
13 596
13 762
13 878
13 938
13 956
13 21
13 27
13 35
13 38
13 64
13 120
13 127
13 140
14 29
14 130
14 188
14 344
14 494
14 810
14 912
14 28
14 15
14 36
14 69
14 79
14 96
14 100
14 134
15 126
15 127
15 142
15 953
15 999
15 28
15 39
15 41
15 45
15 111
15 144
16 34
16 45
16 90
16 108
16 119
16 164
16 166
16 178
16 304
16 328
16 353
16 392
16 423
16 464
16 480
16 518
16 531
16 562
16 583
16 615
16 631
16 660
16 667
16 671
16 722
16 736
16 742
16 757
16 808
16 841
16 852
16 971
16 972
17 41
17 56
17 85
17 261
17 292
17 385
17 472
17 473
17 558
17 662
17 941
17 68
17 124
18 23
18 27
18 39
18 50
18 84
18 281
18 299
18 482
18 521
18 687
18 707
18 715
18 834
18 20
18 21
18 29
18 31
18 114
19 24
19 53
19 54
19 139
19 177
19 403
19 435
19 488
19 496
19 516
19 556
19 573
19 633
19 689
19 873
19 28
19 44
19 46
19 108
19 121
20 22
20 30
20 666
20 851
20 936
20 996
20 34
20 44
20 66
20 107
20 128
21 67
21 300
21 32
21 99
21 103
21 138
22 26
22 46
22 71
22 111
22 468
22 535
22 568
22 637
22 684
22 836
22 962
23 27
23 28
23 43
23 50
23 51
23 60
23 76
23 88
23 109
23 124
23 191
23 201
23 229
23 271
23 287
23 298
23 299
23 381
23 387
23 425
23 445
23 459
23 467
23 501
23 502
23 570
23 616
23 622
23 797
23 807
23 818
23 859
23 867
23 895
23 909
23 932
24 135
24 195
24 390
24 479
24 582
24 731
24 789
24 891
24 969
24 31
24 36
24 53
24 63
24 116
24 129
24 130
24 149
24 173
25 47
25 66
25 676
25 948
26 157
26 343
26 351
26 364
26 48
26 58
26 63
26 79
26 92
26 118
27 60
27 84
27 86
27 97
27 160
27 244
27 283
27 399
27 683
27 709
27 934
27 34
27 73
27 124
28 43
28 82
28 137
29 34
29 44
29 54
29 55
29 59
29 94
29 98
29 102
29 123
29 268
29 322
29 444
29 446
29 498
29 705
29 761
29 184
30 37
30 103
30 351
30 691
30 786
30 836
30 850
30 853
31 33
31 38
31 77
31 104
31 192
31 293
31 828
31 62
31 88
31 90
31 132
31 152
32 172
33 49
33 65
33 81
33 82
33 379
33 438
33 669
33 716
34 112
34 386
34 772
34 66
34 135
35 82
35 627
35 840
35 884
35 892
35 896
35 192
36 42
36 54
36 114
36 148
36 150
36 182
36 188
36 205
36 209
36 282
36 316
36 396
36 447
36 448
36 639
36 649
36 764
36 774
36 868
36 882
36 946
36 954
36 959
36 41
36 43
36 58
36 75
36 104
36 115
37 183
37 975
37 95
39 113
39 144
39 148
39 158
39 161
39 200
39 201
39 218
39 559
39 599
39 663
39 768
39 784
39 848
39 849
39 885
39 905
39 929
39 63
39 72
40 270
40 617
40 829
40 896
41 99
41 176
41 407
41 734
41 824
41 101
41 136
42 48
42 107
42 122
42 156
42 161
42 162
42 263
42 267
42 286
42 517
42 594
42 56
42 58
42 74
42 85
42 93
42 106
42 127
42 141
42 145
43 51
43 78
43 151
43 266
43 347
43 350
43 373
43 431
43 569
43 673
43 976
44 98
44 132
44 142
44 161
44 212
44 284
44 335
44 397
44 458
44 500
44 540
44 605
44 618
44 628
44 632
44 677
44 754
44 820
44 886
44 894
45 635
45 662
45 117
46 739
47 74
47 79
47 204
47 256
47 402
47 481
48 68
48 69
48 72
48 77
48 101
48 119
48 144
48 147
48 154
48 175
48 187
48 189
48 255
48 272
48 275
48 356
48 357
48 455
48 493
48 576
48 581
48 624
48 688
48 694
48 701
48 744
48 759
48 762
48 823
48 869
48 879
48 903
48 904
48 911
48 933
48 961
48 983
48 994
48 136
48 149
49 77
49 91
49 187
49 217
49 262
49 346
49 359
49 474
49 591
49 641
50 51
50 527
50 202
51 512
52 219
52 692
52 919
52 198
53 61
53 75
53 83
53 101
53 141
53 318
53 485
53 487
53 541
53 579
53 698
53 805
53 846
54 74
54 102
54 112
54 153
54 197
54 295
54 303
54 324
54 344
54 352
54 380
54 427
54 469
54 497
54 503
54 508
54 513
54 592
54 700
54 721
54 732
54 765
54 773
54 837
54 843
54 865
54 963
54 979
54 982
55 664
55 914
56 97
56 152
56 166
56 175
56 336
56 434
56 449
56 522
56 725
56 727
56 780
57 116
57 138
57 139
57 345
57 595
57 680
57 776
57 890
58 160
58 552
58 965
58 96
58 123
58 131
58 132
60 84
60 88
60 200
60 216
60 230
60 279
60 475
60 486
60 610
60 616
60 668
60 699
60 728
60 779
60 813
60 897
60 970
60 65
61 75
61 104
61 147
61 155
61 260
61 364
61 365
61 398
61 408
61 428
61 456
61 525
61 567
61 593
61 636
61 723
61 749
61 918
61 930
61 935
61 947
61 952
61 967
61 80
61 91
62 336
62 483
62 191
63 76
63 86
63 124
63 185
63 221
63 243
63 305
63 509
63 674
63 839
63 931
64 79
64 109
64 124
64 197
64 204
64 223
64 236
64 302
64 311
64 361
64 370
64 375
64 410
64 437
64 451
64 492
64 565
64 672
64 743
64 791
64 817
64 822
64 845
64 866
64 871
64 881
64 915
64 925
64 997
64 80
66 395
66 538
66 842
66 89
66 94
66 133
66 153
67 68
67 127
67 144
67 163
67 175
67 367
67 544
67 926
68 100
68 107
68 126
68 148
68 330
68 360
68 586
68 656
68 729
68 769
68 861
68 877
69 158
70 156
70 404
70 557
70 793
70 86
70 98
70 123
71 308
71 183
72 150
72 213
72 289
72 320
72 331
72 374
72 377
72 389
72 499
72 529
72 545
72 553
72 563
72 586
72 821
72 830
72 940
72 949
72 112
73 90
73 119
74 128
74 133
74 135
74 146
74 327
74 414
74 625
74 658
74 883
74 998
75 405
75 706
75 862
75 888
76 120
76 495
77 118
77 178
77 192
77 334
77 702
78 88
78 151
78 168
78 291
78 436
78 924
78 987
79 195
79 314
79 543
79 647
79 690
80 505
81 125
81 199
81 232
81 974
82 234
82 413
82 606
82 651
82 717
82 835
82 121
82 139
82 189
83 114
83 134
83 181
84 88
84 202
84 288
84 306
84 323
84 376
84 532
84 697
84 707
84 733
84 763
84 806
84 819
84 920
85 313
86 350
87 128
87 134
87 177
87 307
87 337
87 384
87 510
87 519
87 588
87 714
87 777
88 564
88 613
88 652
88 788
88 984
88 985
88 995
89 95
89 168
89 278
89 393
89 394
89 514
89 542
89 673
89 758
89 764
89 968
90 767
91 477
91 659
91 685
91 730
92 184
92 746
92 121
92 131
92 140
93 470
93 579
93 906
94 277
94 294
94 363
94 794
94 856
96 439
96 465
96 640
96 907
96 977
97 184
97 235
97 383
97 495
97 693
97 760
97 847
97 902
98 237
98 246
98 348
98 371
98 382
98 391
98 443
98 608
98 756
98 908
98 168
98 201
99 146
99 109
100 274
100 607
100 119
100 162
101 153
101 712
101 726
101 745
101 957
101 128
102 186
103 104
103 190
103 233
103 254
103 264
103 341
103 358
103 412
103 537
103 539
103 665
103 708
103 713
103 720
103 783
103 844
103 875
103 893
103 898
103 937
103 945
103 991
104 325
104 417
104 603
104 646
104 801
104 887
106 795
106 826
106 864
106 919
107 122
107 827
108 143
108 152
108 643
108 724
109 111
110 134
110 422
110 589
110 634
110 681
111 440
111 614
111 802
111 854
111 154
112 186
112 188
113 215
113 450
113 738
113 815
113 130
114 155
114 442
114 454
114 766
115 426
115 148
115 194
116 204
116 416
116 753
116 169
118 199
118 130
119 171
119 194
119 280
119 355
119 546
119 571
119 682
119 813
119 825
119 876
119 910
119 921
119 992
119 147
120 432
120 156
121 187
122 419
122 966
123 290
124 242
124 489
124 572
124 645
124 679
124 704
124 831
124 978
126 162
126 369
126 574
126 642
126 678
126 747
126 863
127 135
127 526
127 138
127 195
128 172
128 411
129 403
129 511
129 620
129 874
130 471
130 504
130 748
132 329
132 476
132 609
132 799
134 141
134 173
134 490
134 798
135 319
135 338
135 556
135 782
135 960
136 626
137 185
137 239
137 249
137 310
137 340
137 600
137 973
138 141
140 143
140 151
141 285
142 161
142 650
142 771
143 211
143 342
143 415
143 463
143 547
143 735
143 814
143 943
143 993
144 207
144 409
146 179
146 257
146 269
146 372
146 453
146 533
146 675
146 796
146 870
146 922
147 349
147 654
147 719
148 164
148 424
148 561
148 585
148 602
148 740
148 928
148 939
150 630
150 165
151 901
152 162
152 163
152 214
152 312
152 315
152 629
152 785
152 905
152 950
153 181
156 164
157 169
159 191
165 188
168 200
