0 1
0 2
0 3
0 4
0 5
0 7
0 9
0 13
0 23
0 34
0 59
0 61
0 80
0 83
0 87
0 88
0 91
0 93
0 95
0 102
0 105
0 111
0 114
0 122
0 126
0 133
0 140
0 150
0 172
0 174
0 175
0 188
0 191
0 196
0 208
0 246
0 281
0 321
0 390
0 408
0 480
0 489
0 506
0 573
0 781
0 850
0 857
0 864
0 997
1 2
1 3
1 4
1 5
1 9
1 18
1 24
1 61
1 66
1 98
1 104
1 116
1 118
1 124
1 125
1 138
1 142
1 150
1 159
1 163
1 171
1 175
1 178
1 194
1 198
1 204
1 205
1 221
1 302
1 340
1 464
1 628
1 822
1 885
1 918
1 926
1 933
1 952
2 3
2 4
2 5
2 6
2 11
2 15
2 23
2 27
2 28
2 30
2 32
2 36
2 37
2 68
2 87
2 89
2 94
2 97
2 109
2 129
2 137
2 139
2 159
2 161
2 168
2 173
2 176
2 181
2 187
2 197
2 202
2 233
2 402
2 775
2 809
2 942
3 4
3 5
3 6
3 7
3 8
3 20
3 25
3 28
3 30
3 38
3 39
3 49
3 52
3 55
3 65
3 68
3 70
3 79
3 85
3 86
3 98
3 103
3 108
3 109
3 113
3 136
3 137
3 139
3 140
3 149
3 157
3 160
3 164
3 170
3 172
3 185
3 190
3 191
3 197
3 202
3 227
3 238
3 254
3 264
3 266
3 285
3 324
3 326
3 334
3 392
3 413
3 414
3 423
3 439
3 475
3 524
3 581
3 626
3 679
3 793
3 848
3 960
3 993
4 5
4 8
4 24
4 26
4 29
4 31
4 40
4 45
4 49
4 64
4 65
4 76
4 89
4 96
4 112
4 117
4 119
4 120
4 122
4 125
4 126
4 127
4 134
4 136
4 137
4 150
4 151
4 158
4 175
4 176
4 190
4 195
4 202
4 242
4 282
4 361
4 391
4 421
4 434
4 510
4 545
4 552
4 556
4 567
4 599
4 650
4 654
4 702
4 710
4 739
4 807
4 824
4 873
4 892
4 907
4 987
5 6
5 7
5 17
5 21
5 22
5 25
5 43
5 56
5 57
5 58
5 69
5 77
5 78
5 84
5 86
5 90
5 91
5 93
5 96
5 99
5 101
5 107
5 124
5 144
5 158
5 178
5 189
5 198
5 256
5 290
5 342
5 368
5 369
5 393
5 395
5 397
5 422
5 529
5 609
5 616
5 627
5 638
5 644
5 657
5 767
5 844
5 851
5 936
6 15
6 18
6 22
6 54
6 57
6 72
6 87
6 117
6 170
6 278
6 432
6 478
6 482
6 727
6 768
6 928
6 944
6 959
6 23
6 7
6 9
6 10
6 12
6 13
6 19
6 28
6 31
6 38
6 40
6 50
6 59
6 61
6 98
6 126
6 136
7 10
7 12
7 14
7 30
7 67
7 80
7 177
7 193
7 492
7 503
7 519
7 528
7 585
7 596
7 631
7 673
7 678
7 692
7 745
7 761
7 780
7 827
7 880
7 883
7 23
7 8
7 16
7 22
7 24
7 43
7 50
7 66
7 110
7 129
8 12
8 14
8 123
8 125
8 149
8 177
8 188
8 193
8 261
8 356
8 403
8 431
8 515
8 532
8 542
8 549
8 615
8 645
8 685
8 771
8 776
8 917
8 23
8 11
8 16
8 93
8 104
9 13
9 17
9 20
9 27
9 35
9 36
9 38
9 39
9 40
9 41
9 42
9 47
9 48
9 50
9 61
9 67
9 78
9 82
9 85
9 106
9 119
9 130
9 133
9 136
9 139
9 143
9 144
9 148
9 162
9 167
9 169
9 200
9 207
9 243
9 273
9 298
9 301
9 308
9 312
9 346
9 376
9 424
9 438
9 445
9 451
9 458
9 472
9 473
9 488
9 493
9 520
9 521
9 560
9 564
9 577
9 580
9 625
9 649
9 672
9 677
9 696
9 754
9 759
9 764
9 787
9 789
9 816
9 821
9 833
9 852
9 860
9 861
9 868
9 878
9 887
9 909
9 929
9 931
9 948
9 980
9 986
9 988
9 23
9 18
9 138
9 147
10 185
10 186
10 656
10 68
10 84
10 94
10 142
11 65
11 128
11 313
11 150
11 152
12 19
12 67
12 125
12 186
12 195
12 293
12 297
12 305
12 363
12 550
12 829
12 979
12 81
12 130
12 141
12 147
12 153
13 27
13 79
13 201
13 331
13 534
13 23
13 14
13 15
13 25
13 43
13 44
13 76
13 81
13 88
13 97
13 99
13 118
13 143
14 69
14 77
14 102
14 188
14 239
14 248
14 325
14 461
14 486
14 495
14 584
14 667
14 710
14 15
14 33
14 45
14 62
14 73
14 113
14 152
15 16
15 22
15 25
15 29
15 34
15 37
15 44
15 54
15 55
15 81
15 95
15 110
15 116
15 120
15 124
15 141
15 153
15 157
15 196
15 210
15 245
15 249
15 257
15 272
15 300
15 327
15 330
15 353
15 360
15 381
15 405
15 416
15 443
15 444
15 457
15 498
15 502
15 516
15 517
15 546
15 558
15 559
15 578
15 586
15 594
15 604
15 613
15 640
15 646
15 661
15 683
15 687
15 691
15 693
15 698
15 701
15 703
15 707
15 719
15 732
15 750
15 756
15 772
15 779
15 803
15 817
15 825
15 830
15 832
15 840
15 853
15 854
15 865
15 875
15 882
15 912
15 919
15 920
15 945
15 962
15 963
15 981
15 983
15 999
15 18
15 28
16 129
16 265
16 849
16 953
16 23
16 28
16 53
16 98
16 104
16 105
16 107
16 125
16 189
17 49
17 23
17 21
18 22
18 70
18 138
18 412
18 452
18 832
18 23
18 30
18 35
18 56
18 57
18 80
18 87
18 89
18 155
19 23
19 20
19 27
19 29
19 34
19 39
19 45
19 46
19 52
19 54
19 57
19 59
19 74
19 100
19 109
19 110
19 114
19 203
20 26
20 276
20 523
20 561
20 595
20 632
20 975
20 23
21 53
21 648
21 72
21 106
21 185
22 78
22 94
22 95
22 206
22 246
22 358
22 389
22 394
22 406
22 587
22 588
22 846
22 55
22 105
23 25
23 44
23 147
23 180
23 857
23 59
23 64
23 104
24 34
24 134
24 224
24 623
24 708
24 737
24 846
24 37
24 53
24 64
24 76
24 114
24 122
25 29
25 44
25 46
25 101
25 269
25 490
25 690
25 826
26 31
26 33
26 67
26 71
26 135
26 659
27 50
27 133
27 167
27 209
28 660
28 32
28 36
28 41
28 47
28 73
28 75
28 81
29 32
29 33
29 36
29 52
29 73
29 79
29 92
29 96
29 103
29 128
29 131
29 146
29 154
29 222
29 226
29 270
29 274
29 292
29 309
29 364
29 442
29 496
29 500
29 522
29 527
29 553
29 570
29 590
29 605
29 621
29 622
29 669
29 763
29 814
29 828
29 875
29 903
29 924
29 941
29 962
29 44
29 180
30 60
30 203
30 220
30 223
30 271
30 398
30 476
30 653
30 666
30 795
30 982
30 77
30 124
31 51
31 88
31 118
31 143
31 189
31 279
31 287
31 299
31 366
31 374
31 382
31 420
31 544
31 601
31 610
31 617
31 706
31 729
31 744
31 760
31 774
31 855
31 869
31 896
31 898
31 133
32 450
32 508
32 513
32 607
32 713
32 752
32 930
32 964
32 996
32 141
32 150
33 35
33 36
33 41
33 47
33 48
33 53
33 130
33 135
33 172
33 200
33 213
33 251
33 280
33 286
33 295
33 336
33 415
33 449
33 453
33 460
33 491
33 568
33 614
33 624
33 643
33 663
33 672
33 674
33 714
33 810
33 947
33 965
33 966
33 977
33 991
34 75
34 109
34 141
34 509
34 970
34 60
35 277
35 894
36 83
36 162
36 187
36 205
36 212
36 284
36 301
36 323
36 400
36 950
36 995
39 117
39 602
39 835
39 68
40 41
40 50
40 132
40 344
40 362
40 540
40 630
40 686
40 731
40 800
40 874
40 879
40 893
41 62
41 139
41 291
41 471
41 878
41 946
41 958
41 55
41 63
41 70
41 77
41 88
41 127
41 129
41 146
41 150
43 89
43 96
43 119
43 174
44 46
44 56
44 63
44 89
44 147
44 151
44 164
44 166
44 195
44 247
44 255
44 399
44 758
44 801
44 856
44 954
44 48
45 199
45 474
45 46
45 92
45 137
45 146
46 321
46 882
46 968
46 90
46 95
46 125
48 53
48 82
48 328
48 612
48 725
49 73
49 74
49 99
49 105
49 118
49 166
49 192
49 417
49 430
49 525
49 536
49 541
49 548
49 647
49 664
49 665
49 668
49 736
49 765
49 794
49 804
49 889
49 900
49 905
49 913
49 974
50 63
50 120
51 972
51 994
52 383
52 67
53 60
53 78
53 102
53 112
53 115
53 177
53 188
53 252
53 254
53 290
53 294
53 317
53 335
53 404
53 428
53 435
53 479
53 514
53 554
53 576
53 598
53 620
53 638
53 658
53 670
53 678
53 700
53 722
53 728
53 734
53 742
53 747
53 755
53 792
53 798
53 802
53 818
53 841
53 849
53 859
53 862
53 872
53 904
53 910
53 911
53 938
53 951
53 978
53 984
53 101
54 62
54 77
54 85
54 86
54 104
54 273
54 311
54 329
54 371
54 429
54 437
54 485
54 741
54 921
54 967
54 132
55 64
55 94
55 113
55 258
55 407
55 440
55 446
55 715
55 808
55 115
55 131
55 148
56 121
56 182
56 267
56 338
56 525
56 704
56 777
56 796
56 927
56 969
57 717
57 890
57 945
57 58
57 71
57 108
57 135
58 466
58 655
58 78
58 79
58 87
58 109
59 156
59 190
59 193
59 241
59 289
59 345
59 504
59 600
59 834
59 847
59 934
59 86
59 140
60 263
60 618
60 990
60 100
61 99
61 608
61 688
61 888
61 75
62 201
62 114
63 91
63 140
64 100
64 141
64 131
64 204
65 105
65 182
65 184
65 388
65 518
65 543
66 402
67 384
67 419
67 932
67 202
68 75
68 367
68 512
68 526
68 989
68 107
69 436
69 499
69 884
69 923
70 743
71 565
71 746
71 159
73 484
73 813
74 288
75 199
75 87
75 143
76 160
77 310
77 378
77 401
77 515
77 574
77 606
77 652
77 682
77 738
77 757
77 806
77 886
77 904
77 922
77 956
77 992
77 998
77 106
78 81
78 122
78 148
78 234
78 244
78 307
78 319
78 320
78 322
78 339
78 351
78 441
78 507
78 530
78 531
78 651
78 681
78 815
79 90
79 171
79 593
79 783
79 843
79 870
79 93
79 129
79 155
79 175
80 203
80 275
80 304
80 639
80 671
80 925
80 117
80 177
81 107
81 164
81 182
81 306
81 333
81 535
81 733
81 811
81 916
81 949
81 971
81 973
81 119
81 126
81 139
82 314
84 108
84 162
84 215
84 357
84 871
84 147
85 165
85 169
85 199
85 225
85 232
85 235
85 237
85 268
85 411
85 494
85 633
85 680
85 735
85 836
86 240
86 569
86 636
86 699
87 337
87 130
87 132
87 149
87 154
88 132
88 91
88 167
89 469
89 773
89 122
90 662
90 116
91 303
91 155
91 171
91 187
92 105
92 788
92 820
93 136
93 175
93 96
94 97
94 110
94 163
94 444
94 935
94 943
95 100
95 113
95 134
95 142
95 170
95 217
95 236
95 296
95 705
95 845
95 863
95 976
95 985
97 115
97 118
97 132
98 571
98 123
99 145
99 283
99 315
99 379
99 477
99 483
99 562
99 603
99 891
99 126
99 165
100 117
100 160
100 597
100 837
100 121
101 372
101 675
101 791
102 123
102 876
102 961
103 782
104 262
104 385
104 447
104 591
104 709
104 711
104 740
104 826
104 877
104 940
104 957
105 797
107 465
107 469
107 799
107 823
107 139
108 171
108 341
108 555
109 179
109 410
109 467
109 487
109 551
109 582
109 637
109 712
109 730
109 751
109 858
109 895
109 902
112 129
112 146
112 183
112 199
112 253
112 278
112 279
112 318
112 359
112 425
112 501
112 547
112 566
112 572
112 575
112 644
112 684
112 689
112 697
112 720
112 721
112 766
112 770
112 790
112 908
112 196
113 183
113 259
113 281
113 170
114 121
115 354
115 459
116 147
116 349
116 387
116 538
116 695
116 718
116 753
117 348
117 455
117 152
118 144
118 380
118 178
119 141
119 231
119 533
119 642
119 676
119 819
119 866
119 915
119 140
119 153
120 158
120 611
120 641
121 230
121 355
121 448
121 497
121 186
123 316
123 409
123 426
123 563
123 634
123 839
124 389
125 177
125 352
125 463
125 479
125 635
126 228
126 375
126 454
126 557
126 838
126 914
127 214
127 343
128 769
129 373
129 396
129 134
129 181
131 203
131 386
131 433
131 505
131 694
131 716
131 749
131 786
131 812
131 139
131 194
132 789
133 250
133 468
133 537
133 583
135 619
136 218
136 370
136 726
137 156
137 174
137 377
139 280
139 365
139 456
139 589
139 784
139 842
139 939
140 470
140 899
140 906
140 955
140 161
141 160
141 260
141 350
141 719
142 153
142 219
142 197
144 507
145 723
145 762
145 831
145 198
146 152
146 229
146 347
146 629
146 897
146 901
146 169
147 155
147 166
147 418
147 462
147 481
147 579
147 592
147 748
147 785
147 881
148 178
148 778
148 937
149 305
149 867
150 211
150 423
150 427
150 724
151 511
151 164
153 216
153 539
154 805
155 332
156 195
160 197
161 193
163 197
