0 1
0 2
0 3
0 4
0 9
0 13
0 15
0 25
0 40
0 44
0 70
0 72
0 73
0 76
0 77
0 86
0 98
0 104
0 106
0 122
0 146
0 158
0 178
0 180
0 198
0 204
0 229
0 294
0 325
0 416
0 457
0 482
0 495
0 526
0 553
0 573
0 575
0 617
0 622
0 629
0 659
0 704
0 754
0 788
0 853
0 863
0 904
1 2
1 3
1 4
1 6
1 8
1 14
1 21
1 56
1 69
1 72
1 88
1 100
1 102
1 104
1 105
1 107
1 108
1 143
1 148
1 151
1 157
1 176
1 187
1 188
1 190
1 195
1 199
1 201
1 204
1 285
1 312
1 337
1 422
1 424
1 464
1 480
1 485
1 540
1 583
1 862
1 956
1 974
2 3
2 4
2 5
2 8
2 9
2 20
2 26
2 27
2 29
2 32
2 34
2 41
2 42
2 48
2 49
2 53
2 55
2 59
2 60
2 63
2 70
2 71
2 72
2 75
2 85
2 97
2 107
2 114
2 131
2 135
2 136
2 138
2 141
2 146
2 153
2 156
2 160
2 165
2 167
2 176
2 179
2 181
2 193
2 194
2 202
2 238
2 246
2 414
2 428
2 435
2 441
2 444
2 479
2 548
2 552
2 608
2 665
2 684
2 712
2 730
2 734
2 779
2 872
3 4
3 5
3 6
3 10
3 11
3 18
3 22
3 31
3 38
3 45
3 47
3 49
3 53
3 59
3 61
3 62
3 65
3 74
3 78
3 80
3 92
3 95
3 105
3 107
3 111
3 114
3 116
3 117
3 121
3 124
3 132
3 134
3 141
3 143
3 146
3 167
3 168
3 181
3 186
3 216
3 300
3 405
3 419
3 446
3 484
3 523
3 529
3 597
3 602
3 621
3 666
3 674
3 678
3 715
3 741
3 749
3 770
3 784
3 871
3 877
3 968
3 969
3 983
4 5
4 6
4 7
4 8
4 9
4 13
4 17
4 19
4 21
4 28
4 30
4 39
4 41
4 44
4 45
4 46
4 48
4 65
4 66
4 75
4 79
4 81
4 90
4 94
4 100
4 103
4 128
4 141
4 148
4 151
4 156
4 164
4 169
4 186
4 192
4 200
4 203
4 215
4 235
4 264
4 284
4 295
4 302
4 308
4 357
4 432
4 474
4 572
4 578
4 643
4 680
4 707
4 740
4 742
4 757
4 794
4 817
4 852
4 881
4 886
4 912
4 932
4 944
4 966
5 9
5 20
5 29
5 36
5 54
5 73
5 175
5 253
5 407
5 921
5 942
5 145
5 131
5 6
5 11
5 15
5 23
5 32
5 44
5 57
5 68
5 87
5 89
5 99
5 106
5 126
5 129
5 152
6 12
6 16
6 24
6 43
6 55
6 77
6 93
6 106
6 119
6 122
6 137
6 145
6 157
6 207
6 549
6 733
6 777
6 131
6 7
6 10
6 17
6 23
6 32
6 42
6 45
6 59
6 61
6 83
6 91
6 107
6 108
6 116
6 121
6 128
6 147
6 151
7 11
7 14
7 21
7 22
7 23
7 28
7 37
7 56
7 123
7 190
7 195
7 293
7 429
7 504
7 671
7 687
7 720
7 759
7 792
7 793
7 858
7 887
7 972
7 15
7 31
7 39
7 53
8 17
8 25
8 26
8 35
8 49
8 50
8 60
8 83
8 87
8 92
8 113
8 121
8 140
8 144
8 162
8 176
8 282
8 288
8 317
8 346
8 351
8 359
8 369
8 386
8 433
8 452
8 455
8 487
8 544
8 609
8 620
8 631
8 662
8 669
8 673
8 686
8 692
8 693
8 701
8 729
8 776
8 799
8 829
8 848
8 849
8 855
8 906
8 910
8 914
8 917
8 933
8 948
8 955
8 977
8 985
8 993
8 994
9 20
9 27
9 84
9 112
9 202
9 261
9 347
9 402
9 408
9 410
9 448
9 508
9 561
9 732
9 819
9 841
9 893
9 998
9 131
10 145
10 14
10 25
10 30
10 62
10 65
10 94
11 14
11 21
11 51
11 56
11 131
11 274
11 383
11 475
11 558
11 599
11 774
11 895
11 957
11 991
11 13
11 53
11 67
11 71
11 100
11 102
11 140
12 16
12 24
12 126
12 179
12 213
12 689
12 929
13 20
13 27
13 29
13 45
13 79
13 101
13 112
13 130
13 169
13 177
13 374
13 391
13 423
13 582
13 790
13 791
13 43
13 74
14 23
14 30
14 33
14 56
14 64
14 97
14 131
14 190
14 406
14 694
14 743
14 824
14 882
14 996
14 17
14 35
14 80
15 63
15 159
15 181
15 233
15 278
15 366
15 787
15 923
15 131
15 18
15 20
15 21
15 56
15 61
15 78
15 110
15 116
15 136
15 150
16 24
16 43
16 89
16 122
16 129
16 210
16 232
16 268
16 323
16 437
16 481
16 517
16 604
16 768
16 808
16 845
16 881
16 973
16 978
17 25
17 132
17 320
17 389
17 492
17 501
17 683
17 717
17 903
17 979
17 995
17 145
17 23
17 27
17 55
18 38
19 26
19 44
19 50
19 66
19 67
19 70
19 73
19 74
19 78
19 125
19 140
19 169
19 180
19 182
19 311
19 333
19 338
19 382
19 386
19 390
19 395
19 398
19 412
19 462
19 469
19 473
19 510
19 512
19 538
19 610
19 613
19 623
19 633
19 696
19 702
19 722
19 745
19 775
19 827
19 830
19 836
19 844
19 856
19 866
19 902
19 928
19 943
19 989
20 76
20 109
20 130
20 153
20 177
20 192
20 196
20 209
20 253
20 296
20 318
20 415
20 466
20 519
20 607
20 888
20 40
20 94
20 101
20 121
20 148
21 22
21 30
21 33
21 37
21 51
21 65
21 68
21 138
21 142
21 150
21 184
21 190
21 292
21 356
21 367
21 483
21 503
21 505
21 748
21 40
21 56
22 110
22 186
22 839
22 981
23 38
23 565
23 697
23 726
23 727
23 29
23 34
23 42
23 70
23 91
23 117
24 43
24 77
24 93
24 309
24 396
24 883
24 915
25 58
25 61
25 82
25 155
25 163
25 252
25 723
25 756
25 198
26 42
26 54
26 324
26 458
26 472
26 500
26 611
27 62
27 75
27 102
27 117
27 187
27 385
27 584
27 649
27 802
27 50
27 139
28 123
28 529
28 145
29 62
29 76
29 100
29 418
29 463
29 591
29 596
29 605
29 854
29 961
29 36
29 37
29 39
29 75
29 93
29 98
29 120
29 139
29 144
29 145
30 68
30 150
30 178
30 225
30 263
30 290
30 326
30 411
30 445
30 509
30 657
30 685
30 708
30 714
30 853
30 864
30 926
30 38
30 47
31 34
31 35
31 49
31 58
31 99
31 371
31 372
31 758
31 826
31 934
31 131
32 46
32 901
32 100
32 135
32 151
33 108
33 297
33 569
33 639
33 899
33 203
34 91
34 113
34 199
34 214
34 246
34 420
34 493
34 524
34 644
34 835
35 82
35 92
35 172
35 336
35 550
35 37
35 46
36 54
36 224
36 85
36 153
37 115
37 123
37 161
37 249
37 258
37 370
37 468
37 614
37 908
37 911
37 47
37 72
37 190
38 110
38 579
38 919
38 65
38 131
39 515
39 647
39 89
39 102
39 107
39 154
40 818
40 889
40 46
40 117
40 175
41 574
41 588
41 180
42 331
42 149
43 85
43 323
43 641
43 171
44 275
44 817
44 145
44 59
44 87
44 112
45 384
45 145
45 60
46 52
46 55
46 106
46 122
46 130
46 139
46 193
46 197
46 211
46 227
46 228
46 231
46 243
46 244
46 279
46 281
46 307
46 330
46 347
46 352
46 361
46 368
46 378
46 456
46 470
46 489
46 494
46 497
46 511
46 514
46 528
46 536
46 542
46 580
46 645
46 664
46 676
46 690
46 721
46 760
46 773
46 857
46 874
46 880
46 892
46 905
46 916
46 920
46 925
46 960
46 962
46 964
46 970
46 988
46 997
46 181
47 149
47 440
47 527
47 595
47 64
47 137
48 53
48 132
48 219
48 809
48 868
49 57
49 59
49 291
49 546
49 556
49 699
49 951
50 205
50 269
50 782
51 138
51 146
51 248
51 348
51 362
51 459
51 990
52 589
52 145
53 61
53 98
53 103
53 155
53 280
53 319
53 564
53 650
53 810
53 134
54 66
54 94
54 120
54 381
54 531
54 612
54 663
54 677
54 798
54 814
54 831
54 865
54 867
54 875
54 894
55 257
55 436
55 516
55 937
55 81
56 97
56 731
56 739
56 796
56 74
56 122
57 67
57 83
57 98
57 154
57 220
57 267
57 397
57 490
57 625
57 637
57 651
57 668
57 695
57 744
57 751
57 755
57 786
57 800
57 801
57 145
57 74
57 100
57 141
58 80
58 163
58 166
58 189
58 237
58 276
58 431
58 532
58 615
58 628
58 638
58 725
58 766
58 954
59 80
59 201
59 601
59 806
59 821
59 833
59 949
59 971
59 999
60 141
60 379
60 537
60 69
60 101
60 130
60 166
60 176
61 354
61 756
61 976
61 73
61 78
61 119
62 170
62 453
62 496
62 713
62 80
62 88
63 169
63 316
63 471
63 815
63 967
64 236
64 426
64 507
64 909
65 118
65 203
65 394
65 404
65 413
65 467
65 541
65 709
65 738
65 761
65 785
65 860
65 938
65 99
65 105
66 86
66 217
66 360
66 477
66 648
66 660
66 878
66 959
67 109
67 68
67 106
67 144
67 153
68 403
69 636
69 126
69 189
70 86
70 328
70 409
70 427
70 486
70 506
70 562
70 566
70 600
70 890
70 913
70 109
72 171
72 266
72 339
72 533
72 555
72 577
72 587
72 619
72 626
72 750
72 778
72 822
72 840
72 846
72 861
72 876
72 907
72 77
73 84
73 135
73 343
73 399
73 450
73 554
73 654
73 767
73 789
73 828
73 851
74 96
74 173
74 353
74 442
74 530
74 551
74 571
74 620
74 781
76 134
76 147
76 334
76 652
77 119
77 159
77 303
77 376
77 377
77 476
77 563
77 768
77 958
78 632
78 97
78 123
79 681
80 87
80 127
80 747
82 465
83 86
83 109
83 398
83 482
83 859
83 182
84 251
84 344
86 133
86 144
86 332
86 703
87 277
87 387
87 98
87 118
87 148
89 95
89 158
89 160
89 161
89 189
89 197
89 230
89 271
89 281
89 373
89 417
89 557
89 559
89 627
89 765
89 785
89 834
89 838
89 869
89 873
89 922
89 953
89 965
89 992
89 142
91 710
91 891
92 152
93 106
93 223
93 245
93 306
93 310
94 144
94 349
94 449
94 820
94 829
94 114
95 350
95 439
95 513
95 675
97 104
97 136
97 445
97 658
97 679
98 256
98 716
98 769
99 134
99 826
100 434
101 218
101 341
102 335
104 247
104 270
104 287
104 289
104 340
104 521
104 525
104 538
104 586
104 621
104 735
104 764
104 783
104 927
104 940
104 941
104 946
104 987
105 142
105 705
106 126
106 197
106 254
106 286
106 364
106 443
106 655
106 918
107 149
107 305
107 593
107 795
108 114
108 139
108 191
108 212
108 250
108 260
108 304
108 315
108 342
108 375
108 400
108 478
108 535
108 594
108 718
108 145
108 140
109 125
109 183
109 222
109 255
109 327
109 401
109 451
109 454
109 498
109 534
109 606
109 616
109 670
109 719
109 807
110 191
110 265
110 355
110 539
110 568
110 640
110 642
110 667
110 728
110 816
110 145
111 183
111 208
111 485
111 706
111 131
111 112
111 115
112 262
113 166
113 803
114 116
114 210
114 242
114 306
114 321
114 363
114 547
114 576
114 581
114 634
114 635
114 653
114 700
114 825
114 884
114 897
114 898
114 930
114 986
115 161
115 559
115 762
116 322
116 382
116 438
116 698
116 122
117 153
117 196
117 374
118 241
119 314
119 388
119 592
120 461
120 924
121 182
121 502
121 746
121 752
121 939
121 982
122 145
122 171
122 518
122 129
123 174
123 771
123 991
124 984
125 206
125 393
125 421
125 164
126 185
126 298
126 377
126 160
127 661
128 131
130 272
130 283
130 711
131 380
131 145
131 136
132 226
132 430
132 447
132 570
132 603
132 688
133 672
133 980
134 200
134 234
134 301
134 520
134 545
134 780
134 805
134 813
134 850
134 870
134 879
134 900
134 187
135 239
136 392
136 541
139 221
139 313
139 329
139 358
139 365
139 598
139 691
139 812
140 144
140 299
140 425
140 460
141 172
141 522
141 646
141 803
141 823
141 936
142 618
143 491
143 656
143 842
144 173
144 259
144 409
144 488
144 585
144 737
144 797
144 145
145 753
145 804
145 963
145 154
146 198
146 199
146 273
146 543
146 560
146 567
146 590
146 624
146 682
146 710
146 724
146 736
146 763
146 811
146 837
146 843
146 847
146 885
146 891
146 896
146 935
146 945
146 947
146 950
146 952
147 174
149 185
149 499
149 931
150 168
150 174
150 240
150 630
151 162
151 173
151 345
151 772
151 832
153 975
153 177
155 189
156 182
158 172
179 193
191 203
