0 1
0 2
0 3
0 4
0 7
0 8
0 10
0 11
0 22
0 29
0 33
0 34
0 48
0 49
0 50
0 51
0 62
0 64
0 71
0 73
0 76
0 81
0 86
0 93
0 102
0 118
0 125
0 133
0 139
0 144
0 153
0 169
0 171
0 172
0 180
0 187
0 192
0 318
0 364
0 517
0 542
0 583
0 629
0 676
0 677
0 695
0 728
0 730
0 760
0 809
0 821
0 839
0 847
0 877
0 909
0 925
0 937
0 944
0 980
1 2
1 3
1 4
1 10
1 11
1 19
1 28
1 29
1 32
1 33
1 38
1 40
1 41
1 42
1 44
1 48
1 49
1 50
1 51
1 52
1 53
1 58
1 59
1 67
1 77
1 79
1 81
1 82
1 83
1 85
1 89
1 91
1 92
1 94
1 100
1 106
1 112
1 118
1 122
1 126
1 128
1 135
1 136
1 142
1 145
1 149
1 151
1 152
1 160
1 163
1 166
1 179
1 184
1 191
1 193
1 194
1 198
1 199
1 201
1 203
1 226
1 243
1 244
1 280
1 315
1 344
1 385
1 391
1 400
1 453
1 484
1 490
1 500
1 563
1 566
1 589
1 590
1 609
1 614
1 616
1 623
1 683
1 718
1 721
1 738
1 739
1 741
1 778
1 818
1 833
1 843
1 883
1 897
1 914
1 921
1 950
1 969
2 3
2 4
2 7
2 9
2 11
2 12
2 41
2 46
2 53
2 69
2 73
2 78
2 80
2 102
2 106
2 107
2 148
2 166
2 183
2 187
2 201
2 209
2 211
2 260
2 287
2 297
2 331
2 410
2 570
2 599
2 751
2 825
2 834
2 898
3 4
3 8
3 13
3 16
3 18
3 23
3 24
3 31
3 45
3 46
3 51
3 70
3 71
3 94
3 104
3 111
3 130
3 134
3 145
3 152
3 155
3 161
3 170
3 171
3 174
3 182
3 191
3 195
3 199
3 206
3 286
3 305
3 358
3 359
3 392
3 459
3 481
3 489
3 502
3 509
3 510
3 551
3 640
3 672
3 699
3 744
3 755
3 818
3 835
3 848
3 886
4 5
4 9
4 30
4 31
4 35
4 49
4 54
4 59
4 87
4 88
4 98
4 100
4 104
4 105
4 113
4 114
4 129
4 138
4 143
4 145
4 150
4 152
4 166
4 170
4 177
4 182
4 186
4 189
4 225
4 267
4 348
4 393
4 443
4 449
4 523
4 534
4 709
4 758
4 820
4 872
5 6
5 7
5 16
5 22
5 24
5 30
5 54
5 57
5 60
5 66
5 76
5 80
5 90
5 127
5 129
5 140
5 159
5 161
5 181
5 188
5 232
5 264
5 274
5 276
5 281
5 284
5 355
5 361
5 368
5 420
5 435
5 456
5 464
5 480
5 504
5 555
5 562
5 576
5 620
5 644
5 664
5 675
5 697
5 712
5 735
5 742
5 745
5 806
5 836
5 841
5 866
5 880
5 883
5 885
5 902
5 931
5 942
5 946
5 955
5 966
5 987
5 125
5 48
5 18
5 98
6 16
6 17
6 19
6 32
6 41
6 59
6 72
6 90
6 176
6 228
6 240
6 253
6 424
6 447
6 451
6 533
6 558
6 626
6 732
6 761
6 822
6 846
6 878
6 961
6 994
6 48
6 125
6 7
6 11
6 28
6 34
6 37
6 47
6 83
6 97
6 98
6 103
6 106
6 108
6 115
6 116
7 15
7 31
7 33
7 36
7 99
7 146
7 154
7 178
7 222
7 528
7 617
7 679
7 750
7 9
7 96
7 109
8 10
8 14
8 20
8 39
8 63
8 127
8 205
8 214
8 234
8 302
8 329
8 372
8 627
8 680
8 700
8 761
8 805
8 920
9 13
9 21
9 70
9 82
9 105
9 167
9 227
9 396
9 525
9 594
9 612
9 651
9 662
9 713
9 747
9 771
9 830
9 926
9 125
9 16
9 17
9 26
9 49
9 58
9 90
9 140
10 19
10 23
10 39
10 43
10 44
10 186
10 265
10 321
10 471
10 657
10 733
10 832
10 867
11 18
11 28
11 35
11 42
11 75
11 95
11 98
11 101
11 124
11 347
11 375
11 529
11 682
11 684
11 722
11 38
11 86
12 22
12 26
12 84
12 496
13 21
13 24
13 25
13 27
13 34
13 69
13 120
13 121
13 277
13 414
13 593
13 610
13 618
13 648
13 704
13 767
13 869
13 873
14 19
14 439
14 444
14 578
14 638
15 26
15 125
16 17
16 32
16 62
16 91
16 152
16 320
16 899
16 19
16 43
16 48
16 53
16 69
16 75
16 125
17 50
17 185
17 501
17 740
18 25
18 92
18 128
18 241
18 288
18 369
18 460
18 503
18 507
18 591
18 601
18 606
18 662
18 798
18 876
18 976
18 45
18 72
18 120
19 20
19 55
19 109
19 193
19 197
19 233
19 352
19 455
19 543
19 564
19 125
19 61
19 73
19 82
19 100
19 118
19 135
19 151
20 68
20 139
20 197
20 212
20 319
20 363
20 470
20 587
20 625
20 759
20 766
20 793
20 804
20 923
20 986
21 102
21 105
21 120
21 334
21 433
21 520
21 669
21 48
21 125
21 25
21 26
21 27
21 41
21 54
21 63
21 78
21 86
21 99
21 104
21 147
21 151
22 30
22 45
22 61
22 107
22 144
22 252
22 309
22 462
22 474
22 482
22 786
22 808
22 894
22 125
23 37
23 49
23 55
23 74
23 95
23 96
23 104
23 117
23 133
23 136
23 137
23 149
23 162
23 174
23 186
23 234
23 236
23 283
23 285
23 300
23 303
23 310
23 371
23 401
23 426
23 429
23 469
23 540
23 572
23 689
23 698
23 710
23 772
23 777
23 835
23 850
23 853
23 859
23 868
23 884
23 917
23 924
23 936
23 981
23 998
23 125
23 79
24 218
24 370
24 472
24 479
24 553
24 565
24 666
24 688
24 919
24 932
24 48
24 51
25 34
25 121
25 270
25 314
25 492
25 557
25 645
25 674
25 696
25 125
25 44
25 113
26 47
26 29
26 31
26 53
26 54
26 58
26 60
26 67
26 80
26 88
26 130
26 139
27 70
27 143
27 376
27 382
27 706
27 749
27 831
28 64
28 325
28 365
28 432
28 477
28 546
28 569
28 775
28 860
28 953
28 125
28 48
28 145
29 69
29 119
29 175
29 498
29 549
29 575
29 59
30 52
30 73
30 191
30 207
30 434
30 602
30 604
30 125
30 57
30 71
30 192
31 61
31 116
31 127
31 140
31 144
31 157
31 168
31 296
31 405
31 544
31 791
31 864
31 940
32 60
32 65
32 293
32 554
32 751
32 125
33 168
33 475
33 707
33 951
34 56
34 971
35 44
35 77
35 87
35 96
35 196
35 425
35 486
35 605
35 731
35 888
36 139
36 172
36 208
36 412
36 446
36 801
36 990
37 581
37 196
40 60
40 67
40 119
40 373
40 493
40 769
40 789
40 912
40 916
40 982
40 999
41 63
41 109
41 246
41 522
41 125
41 84
41 87
41 133
42 58
42 62
42 203
42 349
42 431
42 637
42 776
42 125
43 64
43 110
44 74
44 77
44 96
44 171
44 182
44 261
44 266
44 335
44 377
44 380
44 454
44 527
44 628
44 656
44 665
44 797
44 837
44 845
44 888
44 906
44 927
44 945
44 947
44 958
44 968
44 984
44 125
44 56
44 86
45 122
45 181
45 199
45 206
45 217
45 257
45 374
45 395
45 499
45 577
45 579
45 956
45 144
46 57
46 65
46 115
46 116
46 158
46 192
46 293
46 416
46 427
46 452
46 550
46 611
46 671
46 814
46 882
46 991
47 64
47 99
47 138
48 86
48 386
48 600
48 636
48 816
48 943
48 124
49 156
49 248
49 269
49 292
49 294
49 323
49 394
49 703
49 715
49 857
50 88
50 154
50 172
50 179
50 184
50 215
50 238
50 308
50 408
50 573
50 781
50 856
50 960
50 978
50 125
50 60
50 62
50 127
50 159
51 72
51 83
51 91
51 139
51 155
51 184
51 185
51 191
51 200
51 204
51 224
51 249
51 289
51 290
51 313
51 340
51 345
51 356
51 407
51 415
51 467
51 505
51 511
51 615
51 635
51 637
51 639
51 661
51 670
51 673
51 687
51 701
51 726
51 770
51 795
51 826
51 849
51 875
51 880
51 887
51 893
51 934
51 959
51 125
52 532
53 389
53 81
53 95
55 394
55 125
55 70
55 193
56 74
56 95
56 204
56 272
56 301
56 304
56 350
56 588
56 787
56 788
56 874
56 896
56 983
56 175
58 124
58 275
58 531
58 678
58 686
58 753
58 774
58 803
58 828
58 881
58 930
58 972
58 156
58 204
59 141
59 165
59 271
59 311
59 619
59 653
59 870
59 871
59 913
59 964
59 104
60 90
60 93
62 79
62 122
62 123
62 131
62 158
62 282
62 328
62 362
62 366
62 378
62 559
62 685
62 734
62 748
62 836
62 854
62 957
62 962
62 996
62 125
62 180
63 66
63 69
63 141
64 125
64 150
65 76
65 123
65 339
65 428
65 979
65 161
65 164
66 935
66 168
67 83
67 146
67 159
67 180
67 219
67 242
67 384
67 513
67 596
67 631
67 717
67 723
67 756
67 823
67 855
68 125
68 171
69 239
69 262
69 343
69 461
69 478
69 597
69 632
69 705
69 833
70 316
70 541
70 586
70 938
71 419
71 624
71 693
71 711
71 762
71 862
71 865
71 76
71 183
72 90
72 827
72 125
73 404
73 125
73 74
73 94
73 135
73 139
74 131
75 910
75 138
75 167
76 571
76 91
76 96
76 110
76 114
76 122
76 133
76 141
76 150
77 87
78 91
78 197
79 134
79 155
79 235
79 445
79 508
79 545
79 647
79 714
79 992
79 100
79 129
80 110
80 127
80 322
80 652
80 737
80 970
80 974
81 130
81 399
81 406
81 537
82 121
82 210
82 903
83 100
83 136
83 147
83 250
83 268
83 381
83 440
83 488
83 773
83 792
83 904
83 947
83 966
84 108
84 157
84 178
84 388
84 514
84 667
84 707
85 278
85 608
86 672
86 114
86 150
87 97
87 112
87 124
87 134
87 203
87 342
87 422
87 437
87 702
87 727
87 829
88 99
88 107
88 181
88 524
88 535
88 949
88 954
89 131
89 220
89 125
90 94
90 144
90 441
90 515
91 336
91 560
91 655
91 891
91 901
91 113
91 126
93 115
94 254
94 279
94 463
94 487
94 736
94 754
94 763
94 813
94 815
94 838
95 135
95 298
95 430
95 433
95 450
95 585
95 757
95 796
95 819
95 890
95 908
95 148
96 101
96 442
96 702
98 103
98 133
98 137
98 258
98 107
99 124
99 162
99 538
99 779
99 970
99 125
100 163
100 198
100 444
100 506
100 530
100 584
100 182
102 231
102 497
102 568
102 603
102 630
102 654
102 708
102 785
103 312
104 230
104 646
104 807
104 905
104 134
105 353
105 858
105 863
105 993
105 125
105 127
106 196
106 402
106 403
107 135
107 188
107 189
107 338
107 346
107 354
107 468
107 663
107 720
107 729
107 844
107 933
107 952
107 125
107 112
107 122
107 149
109 176
109 306
109 413
110 466
110 526
110 580
111 117
114 703
115 259
115 295
115 417
115 128
115 136
116 752
116 941
117 782
118 177
118 223
118 237
118 592
118 691
118 802
118 907
119 132
119 156
119 175
119 423
119 765
119 799
119 900
119 963
120 132
120 173
120 255
120 479
120 676
120 692
120 716
120 848
120 125
121 175
121 247
121 333
121 438
121 582
121 725
122 164
122 409
122 411
122 764
122 879
122 918
123 125
124 251
124 299
124 303
124 337
124 495
124 572
124 783
125 552
125 915
125 127
125 142
125 148
126 172
126 485
126 622
126 681
127 146
127 163
127 169
127 201
127 213
127 221
127 322
127 332
127 448
127 494
127 567
127 659
127 724
127 780
127 811
127 842
127 892
127 920
127 929
127 975
127 985
127 154
127 170
128 327
128 536
128 548
128 852
129 405
130 330
130 598
130 613
131 719
132 183
132 642
132 768
132 790
132 851
132 895
132 922
133 431
133 547
134 138
134 151
134 164
134 360
134 397
134 398
134 436
134 457
134 458
134 518
134 556
134 561
134 690
134 812
134 824
134 948
134 973
134 989
134 995
135 143
135 173
135 291
135 383
135 607
136 176
136 197
136 229
136 733
136 743
136 865
136 939
136 961
136 984
136 988
137 633
138 519
139 326
139 357
140 491
140 784
140 967
141 163
141 165
141 202
141 650
141 861
141 928
142 273
142 307
142 390
142 516
142 521
142 539
142 643
142 649
142 658
142 810
142 873
142 911
142 997
143 167
143 245
143 367
143 476
143 621
143 641
143 660
143 817
143 840
144 157
144 160
144 164
144 179
144 202
144 317
144 341
144 351
144 412
144 473
144 483
144 574
144 604
144 800
144 889
144 965
145 175
145 216
145 634
145 794
146 465
147 256
147 694
148 190
148 537
148 595
148 173
151 387
151 184
152 324
152 379
152 418
152 421
152 512
152 668
152 746
152 977
154 263
156 173
168 194
186 198
