0 1
0 2
0 3
0 4
0 5
0 7
0 8
0 10
0 12
0 16
0 17
0 18
0 19
0 22
0 24
0 25
0 26
0 31
0 34
0 36
0 38
0 44
0 45
0 47
0 48
0 53
0 55
0 58
0 59
0 61
0 65
0 66
0 68
0 69
0 70
0 75
0 79
0 80
0 81
0 83
0 84
0 86
0 87
0 88
0 89
0 93
0 96
0 100
0 102
0 103
0 106
0 107
0 114
0 115
0 118
0 120
0 125
0 127
0 133
0 139
0 144
0 146
0 148
0 152
0 155
0 161
0 162
0 170
0 171
0 177
0 178
0 179
0 180
0 181
0 182
0 183
0 188
0 191
0 195
0 196
0 197
0 212
0 225
0 230
0 252
0 323
0 343
0 358
0 404
0 415
0 422
0 456
0 459
0 491
0 494
0 495
0 508
0 618
0 645
0 651
0 662
0 674
0 679
0 684
0 717
0 723
0 728
0 734
0 753
0 762
0 774
0 785
0 786
0 790
0 795
0 819
0 822
0 848
0 855
0 901
0 907
0 916
0 919
0 927
0 929
0 940
0 946
0 965
1 2
1 3
1 14
1 16
1 17
1 18
1 24
1 32
1 41
1 70
1 71
1 76
1 77
1 78
1 105
1 106
1 108
1 110
1 112
1 115
1 122
1 144
1 154
1 156
1 157
1 176
1 186
1 187
1 227
1 266
1 294
1 482
1 510
1 541
1 593
1 599
1 992
2 3
2 7
2 12
2 18
2 27
2 41
2 45
2 47
2 49
2 51
2 55
2 56
2 58
2 64
2 67
2 72
2 74
2 75
2 76
2 85
2 87
2 89
2 91
2 92
2 93
2 94
2 96
2 103
2 110
2 113
2 114
2 117
2 123
2 127
2 132
2 136
2 137
2 138
2 139
2 158
2 164
2 165
2 172
2 173
2 176
2 182
2 186
2 189
2 191
2 195
2 196
2 200
2 203
2 207
2 211
2 225
2 248
2 283
2 349
2 377
2 381
2 395
2 405
2 420
2 439
2 450
2 455
2 499
2 567
2 598
2 601
2 621
2 686
2 758
2 852
2 889
2 903
2 918
2 945
3 5
3 13
3 16
3 17
3 20
3 26
3 27
3 32
3 35
3 40
3 63
3 64
3 67
3 72
3 77
3 85
3 99
3 109
3 131
3 142
3 147
3 157
3 158
3 183
3 184
3 188
3 190
3 191
3 195
3 197
3 208
3 219
3 298
3 335
3 454
3 683
3 708
3 718
3 843
3 862
3 912
4 238
4 451
4 520
4 152
4 148
4 96
4 6
4 10
4 13
4 15
4 16
4 17
4 23
4 44
4 45
4 55
4 59
4 87
4 93
4 102
4 112
4 126
4 147
4 150
5 6
5 11
5 61
5 146
5 148
5 224
5 258
5 276
5 296
5 329
5 401
5 688
6 21
6 36
6 55
6 58
6 577
6 96
6 152
6 8
6 9
6 13
6 14
6 25
6 29
6 37
6 39
6 41
6 57
6 70
6 78
6 83
6 86
6 89
6 92
6 97
6 100
6 126
6 130
6 132
6 134
6 137
6 141
6 145
6 146
6 183
7 9
7 14
7 111
7 140
7 196
7 200
7 221
7 249
7 382
7 543
7 712
7 729
7 744
7 752
7 759
7 835
7 881
7 891
7 958
7 993
8 9
8 116
8 174
8 439
8 485
9 13
9 53
9 84
9 176
9 417
9 564
9 680
9 792
9 802
9 867
9 10
9 46
9 78
9 81
9 133
9 146
10 12
10 15
10 23
10 28
10 37
10 62
10 845
10 44
11 41
11 268
11 419
11 432
11 689
11 827
11 966
11 977
12 15
12 32
12 62
12 121
12 128
12 198
12 505
12 516
12 546
12 583
12 633
12 726
12 834
12 148
12 19
12 43
12 72
12 79
12 150
13 14
13 40
13 69
13 155
13 331
13 429
13 557
13 650
13 148
13 22
13 23
13 28
13 29
13 30
13 32
13 33
13 37
13 66
13 68
13 74
13 83
13 85
13 98
13 116
14 65
14 69
14 70
14 84
14 158
14 161
14 194
14 341
14 345
14 568
14 711
14 837
14 883
14 917
14 152
14 18
14 61
14 80
14 100
15 25
15 28
15 37
15 60
15 100
15 128
15 141
15 435
15 473
15 607
15 619
15 623
15 637
15 673
15 698
15 737
15 768
15 96
15 148
15 20
15 36
15 48
15 102
15 106
15 116
16 19
16 27
16 42
16 49
16 52
16 92
16 150
16 229
16 328
16 392
16 400
16 476
16 522
16 523
16 525
16 767
16 790
16 813
16 896
16 906
16 62
17 56
17 178
17 179
17 190
17 213
17 443
17 565
17 733
17 784
17 817
17 960
17 152
17 58
17 80
17 121
18 33
18 37
18 136
18 175
18 367
18 387
18 440
18 482
18 492
18 534
18 572
18 854
19 20
19 22
19 23
19 24
19 26
19 29
19 30
19 34
19 42
19 46
19 52
19 66
19 82
19 83
19 88
19 91
19 92
19 97
19 136
19 153
19 154
19 167
19 178
19 191
19 192
19 201
19 223
19 278
19 363
19 369
19 370
19 373
19 386
19 391
19 441
19 445
19 465
19 470
19 490
19 533
19 548
19 559
19 569
19 580
19 585
19 626
19 639
19 642
19 653
19 665
19 666
19 694
19 702
19 724
19 732
19 769
19 796
19 798
19 823
19 826
19 833
19 861
19 902
19 903
19 904
19 925
19 927
19 936
19 968
19 148
19 76
20 362
20 447
20 915
20 43
20 88
20 201
21 396
21 540
21 707
21 924
21 152
21 107
21 110
21 123
22 23
22 30
22 48
22 80
22 98
22 103
22 105
22 113
22 167
22 168
22 202
22 256
22 292
22 309
22 318
22 430
22 487
22 496
22 514
22 571
22 588
22 709
22 803
22 819
22 842
22 934
22 935
22 953
22 148
22 163
23 43
23 66
23 164
23 228
23 384
23 410
23 461
23 466
23 613
23 721
23 747
23 897
23 914
23 976
23 65
23 84
24 38
24 39
24 43
24 50
24 255
24 261
24 269
24 285
24 287
24 512
24 597
24 701
24 971
24 164
25 33
25 60
25 109
25 193
25 125
26 34
26 97
26 126
26 389
26 756
26 868
26 870
27 35
27 40
27 95
27 97
27 114
27 130
27 140
27 159
27 180
27 184
27 194
27 293
27 345
27 353
27 403
27 457
27 463
27 478
27 611
27 661
27 676
27 766
27 781
27 877
27 985
28 62
28 241
28 368
28 372
28 518
28 905
29 760
29 39
29 55
29 140
29 150
30 38
30 43
30 48
30 51
30 73
30 82
30 89
30 187
30 511
30 595
30 602
30 697
30 847
30 42
30 56
30 109
31 279
31 776
33 324
33 988
34 52
34 59
34 78
34 97
34 145
34 257
34 280
34 322
34 428
34 631
34 715
34 152
34 35
34 49
34 64
34 71
34 116
34 118
34 119
35 517
35 547
35 169
36 54
36 94
36 340
36 131
37 62
37 107
37 109
37 124
37 152
37 193
37 210
37 281
37 291
37 364
37 380
37 416
37 446
37 484
37 551
37 554
37 600
37 606
37 636
37 671
37 722
37 951
37 955
37 40
38 39
38 51
38 77
38 108
38 135
38 253
38 339
38 552
38 658
38 874
38 995
39 46
39 54
39 66
39 98
40 57
40 174
40 332
40 542
40 555
40 586
40 654
40 908
40 152
40 52
40 104
41 112
41 119
41 133
41 448
41 780
41 932
41 937
41 52
42 105
42 250
42 590
43 72
43 93
43 202
43 653
44 378
44 89
44 122
45 91
46 84
46 149
46 153
46 205
46 236
46 288
46 306
46 327
46 336
46 346
46 414
46 560
46 649
46 668
46 770
46 800
46 820
46 821
46 838
46 844
46 863
46 869
46 883
46 892
46 939
47 86
47 89
47 234
47 716
48 71
48 154
48 311
48 449
48 941
48 144
48 149
48 192
49 83
49 99
49 758
49 961
49 57
49 85
50 77
50 108
50 849
50 944
51 74
51 90
51 123
51 133
51 151
51 199
51 319
51 338
51 343
51 366
51 375
51 437
51 471
51 483
51 498
51 550
51 556
51 663
51 704
51 714
51 719
51 791
51 806
51 844
51 857
51 882
51 989
51 994
51 152
51 86
52 942
53 106
53 121
53 259
53 368
53 460
53 502
53 516
53 545
53 574
53 596
53 698
53 735
53 749
53 783
53 804
53 913
53 998
54 157
54 481
54 519
54 675
54 730
54 165
55 421
55 667
55 779
55 782
55 101
56 86
56 179
56 271
56 407
56 513
56 579
56 659
56 138
56 181
57 526
57 562
57 672
57 792
58 61
58 119
58 140
58 260
58 315
58 342
58 350
58 448
58 462
58 503
58 703
58 815
58 876
58 910
58 979
58 152
60 109
60 121
60 203
60 587
60 725
60 933
60 980
60 175
61 63
61 68
61 110
61 112
61 116
61 230
61 264
61 433
61 575
61 603
61 788
61 864
61 923
61 963
61 978
62 81
62 87
62 124
62 171
62 251
62 412
62 468
62 474
62 486
62 506
62 705
62 793
62 96
63 204
63 857
63 860
64 74
64 75
66 82
66 104
66 181
66 521
66 537
66 553
67 128
67 640
67 655
67 898
68 119
68 247
68 424
68 501
68 629
68 959
68 996
68 88
68 107
68 115
68 118
69 111
69 122
69 131
69 150
69 185
69 240
69 244
69 246
69 317
69 356
69 390
69 408
69 409
69 488
69 536
69 538
69 560
69 657
69 687
69 690
69 746
69 748
69 755
69 805
69 832
69 840
69 873
69 880
69 930
69 152
69 96
69 119
69 147
70 143
70 170
70 393
70 529
70 152
71 73
72 168
72 265
72 493
72 628
73 570
73 693
74 138
74 253
74 310
74 635
75 148
75 81
75 134
75 136
76 282
76 385
76 696
76 872
76 893
78 326
78 402
78 736
78 137
79 950
79 154
80 169
80 825
80 90
80 156
81 117
81 152
81 438
82 472
82 558
82 794
83 163
83 320
83 682
83 831
83 105
84 95
84 101
84 120
84 200
84 274
84 286
84 576
84 170
85 160
85 201
85 284
85 295
85 313
85 549
85 594
85 95
86 544
86 646
87 107
87 127
87 524
87 573
87 605
87 614
87 745
87 771
87 818
87 829
87 895
87 911
87 921
87 964
87 148
87 119
88 731
88 117
89 135
89 217
89 262
89 807
89 824
89 947
89 130
89 190
91 275
91 713
92 131
92 167
92 177
92 308
92 359
92 627
92 700
92 943
93 123
93 245
93 113
94 531
94 622
94 990
95 772
96 120
96 218
96 830
96 949
96 984
96 101
96 128
97 185
97 423
97 500
97 142
98 99
98 126
98 152
98 403
98 434
98 504
98 610
98 887
99 137
99 351
99 413
99 624
99 720
99 763
99 808
99 811
99 828
99 890
99 931
99 948
99 986
100 297
100 609
100 613
101 176
102 242
102 152
102 188
103 809
103 938
103 152
103 185
105 355
105 664
106 149
106 576
106 620
106 775
107 166
107 186
107 379
107 617
107 643
107 789
107 886
107 962
108 152
109 220
109 222
109 616
109 111
110 148
110 263
110 277
110 851
110 151
111 139
111 388
111 651
111 174
112 118
112 172
112 189
112 233
112 427
112 480
112 497
112 589
112 670
112 740
112 952
112 148
112 136
113 160
114 129
114 215
114 479
114 152
114 143
115 151
116 267
116 604
116 647
116 652
116 678
116 691
116 710
116 752
117 243
117 290
117 442
118 165
118 216
118 561
119 299
119 454
119 727
119 816
119 956
119 972
119 974
119 139
119 189
120 235
120 398
120 761
121 316
121 632
121 699
121 884
123 147
123 209
123 289
123 301
123 303
123 357
123 361
123 365
123 374
123 452
123 489
123 527
123 648
123 656
123 660
123 692
123 757
123 836
123 841
123 858
123 967
123 981
124 203
124 983
125 134
125 411
125 954
126 312
126 376
126 625
126 630
126 754
126 764
126 846
126 920
126 928
126 997
126 197
127 237
127 315
127 344
127 612
127 856
128 186
128 352
128 436
128 751
128 899
128 980
128 982
128 999
129 157
129 272
129 739
130 160
130 307
130 360
130 509
130 581
130 677
130 773
130 975
130 987
131 145
131 155
131 270
131 272
131 314
131 321
131 334
131 394
131 475
131 494
131 625
131 738
131 743
131 810
131 875
131 133
132 539
133 165
133 232
133 354
133 582
133 797
133 859
134 302
134 383
134 426
134 464
134 535
134 563
134 591
134 881
134 141
134 143
135 399
135 425
135 528
135 787
136 173
136 333
136 337
136 347
136 371
136 397
136 431
136 566
136 572
136 778
136 814
136 871
136 894
136 900
136 904
136 969
137 141
137 254
137 741
137 970
137 145
137 166
138 198
138 300
138 330
138 418
138 507
138 634
138 839
139 750
139 812
139 194
140 226
140 325
140 377
140 406
140 432
140 458
140 467
140 469
140 532
140 578
140 592
140 615
140 638
140 706
140 719
140 801
140 856
140 865
140 866
140 885
140 888
140 922
140 973
140 991
141 162
141 206
141 231
141 304
141 453
141 685
141 695
141 742
141 777
142 158
143 681
146 214
146 239
146 273
146 957
147 305
147 879
148 669
148 779
148 850
149 172
149 348
149 608
149 765
149 853
150 477
150 799
150 878
151 444
152 515
152 530
152 584
152 644
152 722
152 905
152 909
152 926
152 964
153 641
155 194
167 180
178 179
181 187
194 196
