0 1
0 2
0 3
0 4
0 5
0 16
0 20
0 26
0 32
0 34
0 41
0 45
0 47
0 49
0 51
0 53
0 55
0 58
0 69
0 77
0 79
0 84
0 96
0 108
0 114
0 116
0 132
0 133
0 137
0 161
0 170
0 171
0 179
0 183
0 187
0 188
0 201
0 206
0 221
0 226
0 230
0 245
0 255
0 333
0 340
0 424
0 560
0 561
0 567
0 628
0 699
0 702
0 716
0 749
0 788
0 824
0 836
0 856
0 858
0 910
0 954
0 959
0 964
0 978
1 2
1 3
1 4
1 6
1 9
1 11
1 17
1 27
1 32
1 34
1 43
1 59
1 75
1 78
1 81
1 89
1 92
1 96
1 98
1 110
1 111
1 118
1 129
1 131
1 134
1 138
1 141
1 142
1 150
1 167
1 172
1 193
1 197
1 286
1 294
1 436
1 455
1 570
1 578
1 586
1 594
1 606
1 711
1 729
1 769
1 818
1 927
1 994
2 3
2 4
2 5
2 9
2 11
2 12
2 14
2 16
2 20
2 28
2 47
2 58
2 62
2 67
2 69
2 82
2 104
2 107
2 109
2 110
2 112
2 121
2 124
2 135
2 140
2 142
2 143
2 150
2 152
2 158
2 159
2 168
2 169
2 177
2 194
2 198
2 200
2 203
2 210
2 225
2 266
2 280
2 298
2 364
2 372
2 469
2 513
2 553
2 630
2 646
2 760
2 861
2 957
2 988
3 4
3 7
3 8
3 9
3 14
3 27
3 36
3 44
3 50
3 102
3 116
3 120
3 123
3 130
3 132
3 134
3 135
3 140
3 144
3 149
3 162
3 168
3 170
3 172
3 173
3 176
3 184
3 186
3 187
3 188
3 191
3 208
3 297
3 327
3 330
3 479
3 480
3 530
3 576
3 617
3 622
3 707
3 763
3 766
3 785
3 825
3 840
3 846
3 940
4 5
4 10
4 16
4 17
4 23
4 24
4 28
4 34
4 36
4 45
4 50
4 55
4 58
4 63
4 75
4 84
4 89
4 94
4 98
4 102
4 105
4 110
4 129
4 136
4 138
4 142
4 146
4 147
4 156
4 170
4 171
4 174
4 176
4 180
4 183
4 185
4 213
4 219
4 223
4 231
4 256
4 359
4 388
4 404
4 440
4 503
4 517
4 529
4 532
4 543
4 556
4 566
4 568
4 636
4 713
4 756
4 789
4 804
4 821
4 831
4 849
4 971
4 975
5 20
5 29
5 57
5 101
5 110
5 158
5 164
5 167
5 305
5 322
5 334
5 346
5 464
5 498
5 613
5 688
5 702
5 704
5 895
5 921
5 960
5 44
5 6
5 7
5 9
5 15
5 16
5 19
5 23
5 28
5 30
5 34
5 55
5 59
5 62
5 64
5 70
5 73
5 76
5 83
5 88
5 94
5 112
5 121
5 122
5 137
5 149
6 7
6 13
6 122
6 328
6 391
6 686
6 795
6 864
6 9
6 20
6 33
6 96
6 107
6 111
7 11
7 13
7 40
7 45
7 84
7 105
7 867
7 9
7 35
7 38
7 50
7 133
8 10
8 16
9 12
9 15
9 18
9 23
9 70
9 336
9 354
9 410
9 419
9 558
9 887
9 894
9 10
9 13
9 14
9 21
9 41
9 80
10 17
10 74
10 87
10 92
10 153
10 190
10 240
10 317
10 331
10 365
10 514
10 660
10 748
10 11
10 12
10 93
11 19
11 47
11 108
11 250
11 599
11 621
11 653
11 930
11 43
11 66
11 101
11 129
12 18
12 32
12 146
12 229
12 274
12 341
12 414
12 452
12 626
12 907
12 977
12 14
13 15
13 25
13 68
13 83
13 85
13 88
13 89
13 95
13 115
13 117
13 120
13 125
13 128
13 148
13 154
13 175
13 197
13 200
13 216
13 235
13 239
13 241
13 247
13 253
13 254
13 291
13 292
13 301
13 319
13 360
13 379
13 380
13 389
13 395
13 396
13 407
13 417
13 421
13 431
13 454
13 494
13 499
13 520
13 534
13 548
13 562
13 563
13 565
13 599
13 652
13 664
13 681
13 705
13 712
13 717
13 719
13 750
13 784
13 794
13 800
13 806
13 813
13 814
13 820
13 830
13 836
13 845
13 868
13 885
13 888
13 901
13 902
13 928
13 966
13 972
13 976
13 985
13 993
13 997
13 999
13 17
13 26
13 48
13 60
14 21
14 182
14 809
14 39
14 50
14 57
14 66
14 85
14 87
14 98
14 112
14 144
15 22
15 23
15 25
15 31
15 37
15 65
15 68
15 86
15 126
15 139
15 163
15 185
15 215
15 304
15 312
15 314
15 320
15 427
15 507
15 547
15 559
15 579
15 600
15 656
15 721
15 787
15 799
15 882
15 884
15 896
15 938
15 982
15 995
16 17
16 21
16 26
16 38
16 42
16 64
16 66
16 74
16 77
16 78
16 133
16 182
16 258
16 264
16 285
16 385
16 515
16 541
16 542
16 817
16 874
16 40
16 113
17 21
17 53
17 66
17 73
17 78
17 79
17 83
17 111
17 155
17 156
17 182
17 233
17 283
17 332
17 386
17 492
17 505
17 554
17 595
17 629
17 676
17 889
17 948
17 967
17 983
17 18
17 57
17 82
18 20
18 29
18 39
18 54
18 64
18 81
18 94
18 126
18 130
18 143
18 187
18 289
18 324
18 339
18 376
18 383
18 458
18 603
18 703
18 708
18 767
18 792
18 855
18 872
18 883
18 946
18 26
18 32
18 37
18 125
19 22
19 25
19 26
19 42
19 45
19 46
19 66
19 72
19 107
19 109
19 110
19 124
19 126
19 132
19 136
19 139
19 146
19 189
20 24
20 29
20 33
20 35
20 57
20 119
20 129
20 160
20 337
20 400
20 401
20 516
20 620
20 640
20 661
20 663
20 673
20 752
20 772
20 855
20 109
20 117
20 123
21 41
21 73
21 83
21 277
21 366
21 608
21 643
21 87
21 198
22 25
22 31
22 52
22 68
22 99
22 144
22 398
22 668
22 747
22 822
22 947
22 103
22 196
23 27
23 28
23 37
23 43
23 54
23 69
23 106
23 126
23 146
23 204
23 220
23 224
23 242
23 243
23 261
23 348
23 358
23 392
23 549
23 577
23 612
23 751
23 935
24 35
24 38
24 134
24 187
24 325
24 409
24 736
25 71
25 95
25 197
25 236
25 249
25 399
25 909
26 375
26 28
26 36
26 38
26 99
27 42
27 131
27 181
27 466
27 635
27 654
27 657
27 709
27 923
27 925
27 933
27 174
28 30
28 31
28 32
28 39
28 67
28 75
28 184
28 204
28 430
28 446
28 476
28 591
28 593
28 737
28 742
28 886
28 900
28 951
28 185
29 302
29 310
29 415
29 650
29 722
30 61
30 127
30 145
30 200
30 209
30 256
30 270
30 287
30 441
30 521
30 535
30 555
30 776
30 782
30 835
30 862
30 956
31 39
31 44
31 46
31 64
31 76
31 86
31 118
31 137
31 177
31 296
31 306
31 307
31 318
31 353
31 355
31 361
31 378
31 397
31 456
31 461
31 483
31 487
31 496
31 500
31 566
31 731
31 745
31 852
31 890
31 912
31 936
31 970
31 973
31 989
32 61
32 62
32 67
32 100
32 106
32 116
32 129
32 163
32 166
32 178
32 199
32 368
32 382
32 473
32 526
32 584
32 634
32 671
32 696
32 718
32 746
32 759
32 765
32 769
32 829
32 870
32 893
32 34
32 58
32 69
32 147
34 123
34 279
34 601
34 672
34 730
34 826
34 919
34 941
34 953
34 962
35 40
35 199
35 217
35 268
35 444
35 449
35 508
35 637
35 682
35 705
35 727
35 740
35 774
35 842
35 865
35 871
35 899
35 916
35 952
36 56
36 282
36 482
36 963
37 181
38 48
38 63
38 93
38 103
38 111
38 147
38 173
38 191
38 195
38 259
38 267
38 281
38 309
38 405
38 411
38 465
38 493
38 525
38 557
38 564
38 642
38 644
38 658
38 674
38 675
38 695
38 728
38 735
38 783
38 786
38 793
38 801
38 807
38 808
38 844
38 853
38 869
38 903
38 52
38 57
38 67
38 78
38 118
38 151
39 100
39 44
39 121
40 437
41 44
41 89
41 103
42 87
42 329
42 649
42 99
42 138
43 67
43 316
43 485
43 905
44 90
44 166
44 45
44 51
44 55
44 58
44 65
44 69
44 115
44 137
45 51
45 53
45 112
45 115
45 121
45 140
45 151
45 179
45 180
45 202
45 228
45 284
45 295
45 303
45 321
45 384
45 387
45 394
45 422
45 432
45 433
45 506
45 518
45 537
45 545
45 609
45 616
45 659
45 665
45 667
45 687
45 701
45 714
45 739
45 790
45 911
45 949
45 971
45 979
45 59
46 395
46 450
46 94
46 108
47 122
47 583
48 141
48 369
48 939
49 753
50 52
50 60
50 80
50 313
50 371
50 413
50 670
50 942
50 170
51 103
51 619
51 651
51 677
51 684
51 700
51 724
51 726
51 758
52 65
52 68
52 271
52 491
53 92
53 264
53 402
53 502
53 588
53 873
54 299
54 201
55 311
55 471
55 738
55 104
55 105
55 120
55 127
55 149
56 300
56 451
56 625
57 178
57 605
57 142
57 146
58 80
58 207
58 347
58 435
58 462
58 816
58 115
59 124
59 195
60 615
60 94
60 126
61 589
61 741
61 743
62 93
62 167
62 276
62 290
63 93
63 101
63 160
63 308
63 381
63 570
63 828
64 338
64 343
64 419
64 425
64 438
64 474
64 477
64 478
64 581
64 598
64 633
64 710
64 778
64 837
65 97
65 393
65 691
65 775
65 81
65 143
66 90
66 107
66 114
66 147
67 100
67 194
67 252
67 519
67 679
67 882
68 71
68 117
68 234
68 246
68 475
68 484
68 531
68 623
68 725
68 761
68 802
68 857
69 72
69 94
69 126
69 174
69 362
69 446
69 546
69 606
69 762
69 764
69 859
70 204
71 95
71 162
71 186
71 237
71 495
71 632
71 715
71 832
71 876
71 904
72 992
72 122
73 91
73 265
73 552
73 757
73 777
73 833
73 101
76 587
76 90
77 157
77 470
77 527
77 610
77 881
77 980
78 365
78 403
78 590
78 641
78 981
78 104
78 110
79 212
79 267
79 945
80 311
81 218
81 550
81 92
82 118
83 88
83 99
83 323
83 351
83 501
83 569
83 617
83 779
83 805
83 811
83 841
83 906
83 924
83 984
84 227
84 512
84 574
84 851
85 169
86 172
86 315
86 467
87 251
87 373
87 504
87 511
87 689
87 706
87 931
87 115
88 197
89 159
89 165
89 169
89 533
89 575
89 580
89 611
89 987
89 95
90 130
91 133
92 161
92 190
92 539
92 551
92 647
92 755
93 98
93 101
93 370
93 429
93 986
94 104
94 132
94 350
94 363
94 488
94 797
94 944
94 950
95 113
95 125
95 627
95 680
95 847
96 113
96 196
96 459
96 523
97 293
98 522
98 685
99 125
99 367
99 536
100 932
101 138
101 540
101 585
101 791
101 895
101 133
102 103
102 288
102 408
102 415
102 666
102 815
102 823
102 860
102 917
103 489
103 607
103 770
103 891
103 958
104 571
104 597
105 457
105 638
105 655
105 990
107 113
107 131
108 344
108 754
108 141
109 174
109 133
110 147
110 423
110 572
110 160
111 128
112 179
112 416
112 426
112 573
112 592
112 678
112 682
112 780
112 798
112 863
112 892
113 120
114 175
115 128
115 210
115 434
115 839
115 918
115 145
116 275
116 943
116 955
117 353
117 377
117 428
118 144
118 145
118 273
118 486
118 538
118 662
118 692
118 827
118 848
118 131
119 269
119 908
119 920
119 961
120 262
120 335
120 866
120 878
120 172
121 155
121 819
122 154
122 326
122 442
123 879
124 149
124 214
124 342
124 460
124 669
124 690
124 969
125 497
125 850
125 968
126 166
126 260
126 834
126 925
127 231
128 257
128 439
128 443
128 448
128 582
128 638
128 648
128 683
128 854
128 898
128 929
128 998
129 151
129 160
129 192
129 222
129 352
129 357
129 418
129 447
129 472
129 509
129 510
129 596
129 645
129 697
129 734
129 803
129 810
129 843
129 897
129 914
129 922
129 926
129 934
129 937
129 974
130 238
130 524
130 631
130 965
130 991
133 263
133 875
133 880
137 139
137 497
137 604
137 154
137 176
138 211
138 244
138 356
138 445
138 693
138 720
139 453
139 490
139 838
140 278
140 374
140 528
140 694
140 723
141 390
141 406
141 632
142 203
142 232
142 345
142 768
142 796
142 877
143 203
143 248
143 624
143 773
144 495
144 618
144 639
144 727
145 412
145 771
145 200
146 481
147 272
147 356
147 420
147 463
147 468
147 744
147 781
147 913
147 996
149 698
151 165
151 522
151 602
151 733
152 614
152 732
153 205
154 189
154 349
154 544
154 812
154 915
