0 1
0 2
0 3
0 4
0 5
0 7
0 8
0 9
0 11
0 14
0 43
0 49
0 53
0 62
0 65
0 75
0 86
0 95
0 99
0 107
0 110
0 112
0 113
0 114
0 121
0 126
0 139
0 141
0 152
0 169
0 178
0 188
0 189
0 191
0 248
0 268
0 330
0 331
0 448
0 552
0 612
0 625
0 628
0 653
0 668
0 743
0 900
0 920
0 951
0 992
1 2
1 3
1 4
1 5
1 7
1 14
1 15
1 36
1 38
1 43
1 45
1 49
1 53
1 60
1 80
1 91
1 98
1 99
1 106
1 118
1 120
1 123
1 124
1 127
1 131
1 136
1 139
1 143
1 156
1 173
1 182
1 199
1 201
1 204
1 295
1 325
1 341
1 356
1 421
1 455
1 462
1 465
1 469
1 483
1 557
1 587
1 636
1 716
1 738
1 774
1 827
1 866
1 877
1 940
1 946
2 3
2 4
2 6
2 10
2 14
2 17
2 20
2 29
2 35
2 41
2 45
2 46
2 48
2 51
2 52
2 58
2 59
2 61
2 66
2 67
2 92
2 94
2 97
2 107
2 110
2 114
2 115
2 119
2 129
2 132
2 136
2 137
2 145
2 149
2 154
2 179
2 185
2 194
2 198
2 200
2 241
2 242
2 263
2 276
2 279
2 283
2 299
2 300
2 379
2 424
2 433
2 436
2 461
2 466
2 475
2 479
2 509
2 510
2 571
2 637
2 647
2 731
2 892
2 897
2 901
2 941
2 968
3 4
3 5
3 6
3 9
3 25
3 26
3 38
3 41
3 44
3 81
3 82
3 85
3 90
3 92
3 93
3 97
3 119
3 122
3 123
3 124
3 129
3 132
3 134
3 138
3 144
3 152
3 155
3 158
3 161
3 176
3 178
3 185
3 191
3 219
3 224
3 265
3 308
3 366
3 371
3 431
3 452
3 537
3 589
3 615
3 617
3 623
3 834
3 864
3 936
3 949
3 977
3 989
4 6
4 24
4 28
4 30
4 31
4 34
4 35
4 36
4 40
4 51
4 57
4 61
4 64
4 66
4 72
4 74
4 75
4 85
4 86
4 88
4 90
4 92
4 98
4 107
4 110
4 111
4 112
4 117
4 121
4 122
4 124
4 130
4 131
4 135
4 145
4 146
4 148
4 150
4 151
4 153
4 155
4 163
4 174
4 176
4 181
4 183
4 184
4 190
4 201
4 204
4 208
4 225
4 237
4 278
4 338
4 362
4 394
4 430
4 582
4 585
4 588
4 590
4 671
4 733
4 759
4 769
4 773
4 803
4 828
4 960
4 966
5 27
5 29
5 32
5 37
5 46
5 56
5 68
5 118
5 133
5 142
5 147
5 153
5 157
5 178
5 180
5 257
5 259
5 281
5 364
5 378
5 386
5 395
5 400
5 445
5 513
5 533
5 564
5 688
5 694
5 807
5 818
5 845
5 871
5 894
5 898
5 913
5 917
5 956
5 137
5 7
5 10
5 19
5 22
5 26
5 45
5 51
5 54
5 61
5 85
5 87
5 88
5 89
5 93
5 108
5 120
6 10
6 13
6 16
6 38
6 41
6 52
6 58
6 65
6 72
6 87
6 144
6 233
6 324
6 334
6 390
6 397
6 405
6 407
6 460
6 577
6 608
6 632
6 676
6 713
6 724
6 809
6 862
6 961
6 976
6 137
6 11
7 9
7 19
7 21
7 28
7 40
7 42
7 45
7 47
7 50
7 55
7 73
7 102
7 114
7 115
7 126
7 135
7 162
7 165
7 172
7 174
7 183
7 190
7 192
7 200
7 203
7 207
7 210
7 221
7 226
7 230
7 232
7 313
7 314
7 316
7 317
7 319
7 323
7 359
7 365
7 413
7 429
7 442
7 463
7 468
7 499
7 504
7 520
7 545
7 568
7 600
7 602
7 618
7 639
7 655
7 662
7 666
7 669
7 673
7 696
7 747
7 755
7 766
7 786
7 805
7 810
7 825
7 850
7 856
7 867
7 869
7 870
7 872
7 878
7 890
7 905
7 915
7 925
7 934
7 947
7 948
7 952
7 973
7 990
7 997
7 137
7 49
7 118
7 138
7 153
7 155
8 54
8 56
8 142
8 157
8 164
8 168
8 181
8 199
8 222
8 236
8 270
8 272
8 274
8 328
8 385
8 415
8 459
8 470
8 620
8 788
8 802
8 828
8 857
8 914
8 965
8 988
8 159
8 190
9 12
9 19
9 20
9 22
9 24
9 43
9 44
9 47
9 67
9 83
9 111
9 170
9 288
9 342
9 346
9 391
9 505
9 529
9 606
9 634
9 719
9 855
9 884
9 899
9 919
9 922
9 137
9 13
10 13
10 64
10 301
10 73
11 29
11 30
11 32
11 160
11 186
11 337
11 375
11 480
11 524
11 551
11 560
11 592
11 610
11 744
11 785
11 813
11 819
11 981
11 137
11 12
11 14
11 15
11 17
11 20
11 27
11 44
11 46
11 47
11 60
11 64
11 91
11 121
11 123
11 124
11 125
11 132
12 19
12 22
12 57
12 212
12 846
12 137
12 94
12 95
12 133
13 18
13 48
13 525
13 553
13 686
13 904
13 34
13 89
13 91
14 17
14 23
14 31
14 39
14 51
14 60
14 76
14 80
14 104
14 105
14 132
14 150
14 185
14 245
14 290
14 398
14 449
14 580
14 595
14 619
14 642
14 652
14 658
14 761
14 821
14 836
14 849
14 881
14 32
15 21
15 26
15 40
15 42
15 82
15 84
15 148
15 339
15 354
15 418
15 772
15 835
15 58
15 124
16 18
16 52
16 61
16 65
16 96
16 258
16 388
16 406
16 453
16 491
16 627
16 725
16 790
16 811
16 970
16 993
17 31
17 458
17 567
17 661
17 23
17 24
17 122
18 87
18 503
18 137
18 32
19 50
19 78
19 93
19 244
19 254
19 292
19 298
19 312
19 440
19 488
19 539
19 596
19 739
19 753
19 760
19 831
19 137
19 44
19 69
19 113
20 57
20 62
20 603
20 895
21 42
21 213
21 360
21 535
21 708
21 858
21 181
22 24
22 101
22 373
22 586
22 910
22 983
22 31
23 31
23 69
23 108
23 113
23 138
23 484
23 616
23 736
23 821
23 38
23 41
23 43
23 68
23 72
23 78
23 86
23 137
23 149
24 73
24 78
24 83
24 85
24 117
24 284
24 355
24 425
24 570
24 726
24 938
24 995
24 28
24 29
24 38
24 41
24 50
24 52
24 86
24 104
24 110
25 125
25 203
25 296
25 511
25 978
26 67
26 82
26 125
26 417
26 685
26 751
26 922
27 239
27 277
27 369
27 443
27 137
28 572
28 664
28 844
28 29
28 50
28 57
28 59
28 60
28 98
28 123
28 140
28 142
29 32
29 351
29 528
29 565
29 854
29 969
29 50
29 101
30 37
30 68
30 75
30 142
30 147
30 186
30 273
30 512
30 817
30 888
31 33
31 39
31 569
31 679
31 734
31 793
31 795
31 820
31 896
31 137
31 34
31 42
31 52
32 175
32 486
32 536
32 578
32 592
32 701
32 815
32 51
32 72
32 102
32 139
33 143
33 333
33 581
34 137
34 167
34 702
34 54
34 104
34 120
35 61
35 392
35 974
36 79
36 211
36 287
36 293
36 353
36 404
36 493
36 496
36 683
36 710
36 714
36 765
36 792
36 916
36 953
37 175
37 806
37 823
37 963
38 49
38 65
38 97
38 161
38 246
38 329
38 350
38 408
38 601
38 750
38 808
38 959
39 70
39 253
39 280
39 451
39 137
40 159
40 250
40 411
41 69
41 89
41 95
41 160
41 297
41 328
41 375
41 383
41 441
41 454
41 501
41 532
41 547
41 548
41 594
41 607
41 645
41 649
41 651
41 654
41 660
41 699
41 700
41 709
41 712
41 758
41 781
41 794
41 800
41 804
41 816
41 843
41 891
41 939
41 958
41 959
41 975
41 67
41 116
42 84
42 100
42 116
42 144
42 146
42 189
42 382
42 426
42 472
42 641
42 727
42 805
43 117
43 120
43 500
43 696
43 737
43 859
43 998
43 49
43 60
43 66
43 70
43 81
43 105
43 115
44 384
44 575
44 61
44 75
44 88
44 136
44 200
45 136
45 344
45 399
45 471
45 502
45 518
45 579
45 640
45 931
45 971
46 100
46 198
46 205
46 223
46 228
46 235
46 400
46 541
46 599
46 715
46 718
46 137
46 80
46 93
46 97
46 130
46 152
47 401
47 893
48 77
48 321
49 58
49 129
49 141
49 336
49 368
49 447
49 481
49 519
49 584
49 604
49 63
49 66
49 67
49 90
50 140
50 269
50 638
50 768
50 97
50 123
51 53
51 70
51 71
51 103
51 138
51 358
51 621
51 672
51 687
51 179
52 234
52 332
52 684
53 62
53 63
53 66
53 69
53 81
53 83
53 92
53 280
53 303
53 310
53 327
53 372
53 423
53 487
53 554
53 558
53 572
53 583
53 593
53 619
53 633
53 689
53 704
53 723
53 840
53 861
53 868
53 876
53 889
53 902
53 919
53 972
53 171
54 130
54 516
54 561
54 139
54 147
55 597
55 796
55 137
55 74
55 86
56 297
56 416
56 980
56 178
57 238
57 137
57 58
58 187
58 363
58 491
58 508
59 69
59 128
59 153
59 291
59 527
59 630
59 832
59 879
59 133
60 77
60 409
60 574
60 613
60 643
60 703
60 757
60 911
60 935
60 84
60 92
61 167
61 306
61 749
61 928
62 706
63 77
63 128
64 96
64 437
64 563
64 711
64 921
64 932
64 121
65 72
65 482
65 549
65 748
65 791
65 880
65 137
66 95
66 214
66 741
66 942
66 71
67 126
67 139
67 196
67 218
67 243
67 285
67 446
67 544
67 647
67 853
67 967
68 142
68 182
68 521
68 624
68 698
68 926
68 137
68 76
68 129
69 96
69 109
69 112
69 169
69 194
69 252
69 282
69 374
69 397
69 532
69 555
69 657
69 675
69 691
69 767
69 776
69 797
69 830
69 887
69 929
69 937
69 986
69 999
69 137
70 137
70 78
70 93
72 609
72 783
72 193
73 196
73 833
74 76
74 184
74 255
74 309
74 349
74 476
74 745
74 137
74 120
74 132
75 523
75 138
76 113
76 240
76 262
76 320
76 721
76 764
76 797
76 865
76 962
77 152
77 193
77 220
77 256
77 414
77 885
78 102
78 124
78 559
78 606
78 812
78 903
78 101
78 107
78 114
79 84
80 93
80 106
80 171
80 179
80 247
80 311
80 315
80 420
80 444
80 497
80 515
80 531
80 538
80 546
80 611
80 634
80 644
80 682
80 692
80 705
80 720
80 728
80 771
80 927
81 229
81 784
82 339
82 370
83 271
84 99
84 115
84 217
84 707
84 801
84 944
85 97
85 100
85 111
86 612
86 133
86 142
87 137
88 824
88 839
88 874
90 782
90 137
91 348
92 187
92 286
92 336
92 345
92 352
92 376
92 435
92 474
92 489
92 507
92 517
92 605
92 646
92 752
92 787
92 852
92 873
92 907
92 923
92 945
92 964
92 991
92 137
93 101
93 464
94 99
94 127
95 322
95 340
95 506
95 656
95 863
95 187
96 193
96 522
96 526
96 663
97 201
97 838
97 143
98 151
98 231
98 249
98 281
98 357
98 438
98 543
98 730
98 740
98 837
98 957
99 135
99 203
99 857
100 162
100 190
100 285
100 302
100 307
100 381
100 399
100 450
100 477
100 536
100 540
100 677
100 681
100 690
100 717
100 729
100 732
100 770
100 780
100 851
100 860
100 906
100 137
100 175
100 198
101 498
101 626
101 873
101 144
102 121
103 158
104 109
106 384
106 614
106 622
107 266
107 289
107 886
107 933
107 189
108 109
109 128
109 150
109 206
109 267
109 530
109 799
109 841
110 734
110 984
111 192
111 377
111 562
111 722
111 746
111 779
111 822
111 912
111 943
111 955
111 188
112 598
112 659
113 294
113 573
113 202
114 125
114 130
114 325
114 485
115 195
115 153
116 648
116 882
116 164
117 260
117 264
117 635
117 875
117 908
117 173
118 926
119 226
119 631
120 135
122 161
122 167
122 209
122 335
122 489
122 667
122 996
123 159
123 361
124 164
124 188
124 216
124 251
124 434
124 456
124 467
124 670
124 674
124 695
124 742
124 789
124 826
124 829
124 995
125 318
125 323
125 419
125 495
125 680
125 756
125 778
125 191
126 275
126 428
126 534
126 693
127 402
128 177
128 202
128 380
128 412
128 492
129 556
130 191
130 215
130 473
130 479
131 166
132 197
132 202
132 367
132 396
132 514
132 678
132 762
132 954
133 261
133 347
133 441
133 979
133 982
133 994
133 143
136 159
136 168
136 814
138 763
138 185
140 403
140 439
140 204
141 304
141 629
142 326
142 393
142 542
142 591
142 625
142 650
142 770
142 848
142 918
142 930
142 985
142 987
143 154
144 176
144 410
144 422
144 432
144 550
144 775
144 847
144 909
144 145
145 305
145 420
145 457
145 490
145 576
145 754
145 924
146 665
147 178
147 842
148 183
148 494
148 697
148 883
150 227
150 861
151 478
151 735
151 950
152 343
153 387
154 255
154 389
154 427
154 555
154 566
154 777
154 798
165 171
167 187
190 203
