0 1
0 2
0 3
0 4
0 5
0 11
0 15
0 27
0 31
0 34
0 38
0 41
0 45
0 47
0 51
0 63
0 68
0 71
0 76
0 78
0 83
0 87
0 88
0 89
0 91
0 92
0 97
0 107
0 118
0 123
0 127
0 128
0 142
0 146
0 150
0 151
0 152
0 154
0 157
0 162
0 164
0 170
0 176
0 177
0 179
0 180
0 185
0 187
0 195
0 197
0 198
0 199
0 219
0 273
0 277
0 304
0 383
0 429
0 494
0 536
0 563
0 606
0 740
0 741
0 742
0 755
0 781
0 810
0 817
0 868
0 887
0 931
0 954
0 994
1 2
1 3
1 4
1 5
1 12
1 13
1 20
1 21
1 25
1 31
1 38
1 51
1 59
1 74
1 79
1 100
1 103
1 111
1 123
1 124
1 126
1 137
1 149
1 156
1 172
1 186
1 192
1 230
1 235
1 405
1 421
1 471
1 516
1 548
1 577
1 610
1 667
1 696
1 784
1 839
1 851
1 876
1 888
1 917
2 3
2 4
2 11
2 14
2 18
2 30
2 36
2 42
2 47
2 54
2 63
2 72
2 74
2 91
2 99
2 104
2 111
2 116
2 132
2 135
2 136
2 148
2 180
2 196
2 200
2 443
2 461
2 490
2 520
2 634
2 640
2 641
2 674
2 691
2 727
2 779
2 808
2 858
2 890
2 949
2 978
3 4
3 9
3 11
3 21
3 23
3 26
3 28
3 29
3 39
3 53
3 54
3 58
3 60
3 72
3 75
3 76
3 93
3 98
3 106
3 110
3 113
3 114
3 118
3 127
3 138
3 144
3 152
3 155
3 157
3 165
3 167
3 171
3 174
3 175
3 176
3 177
3 190
3 191
3 194
3 196
3 199
3 202
3 287
3 295
3 314
3 334
3 360
3 428
3 437
3 441
3 454
3 497
3 530
3 567
3 632
3 662
3 678
3 712
3 720
3 730
3 765
3 774
3 827
3 872
3 875
3 879
3 895
3 926
3 928
3 966
3 991
3 993
4 5
4 18
4 19
4 20
4 22
4 23
4 26
4 38
4 41
4 46
4 51
4 68
4 71
4 73
4 74
4 75
4 76
4 79
4 94
4 96
4 98
4 99
4 105
4 113
4 129
4 136
4 142
4 143
4 144
4 146
4 159
4 162
4 186
4 189
4 190
4 198
4 298
4 300
4 336
4 353
4 362
4 369
4 384
4 396
4 408
4 410
4 508
4 890
4 893
4 998
5 6
5 7
5 9
5 10
5 12
5 14
5 15
5 21
5 30
5 43
5 52
5 55
5 56
5 58
5 77
5 89
5 99
5 105
5 106
5 125
5 132
5 150
5 158
5 183
5 193
5 200
5 258
5 270
5 283
5 319
5 366
5 368
5 391
5 429
5 434
5 453
5 459
5 465
5 496
5 502
5 511
5 523
5 531
5 547
5 557
5 588
5 595
5 603
5 618
5 652
5 666
5 679
5 686
5 690
5 706
5 708
5 731
5 736
5 748
5 752
5 758
5 763
5 783
5 796
5 816
5 825
5 854
5 856
5 871
5 877
5 894
5 896
5 911
5 918
5 929
5 955
5 969
5 983
5 63
5 18
5 32
5 38
5 88
6 7
6 8
6 9
6 14
6 16
6 24
6 27
6 61
6 94
6 100
6 111
6 112
6 194
6 204
6 223
6 305
6 318
6 324
6 342
6 416
6 455
6 524
6 622
6 628
6 698
6 703
6 708
6 714
6 776
6 787
6 789
6 795
6 824
6 880
6 912
6 914
6 943
6 948
6 958
6 973
6 63
6 105
6 55
6 79
6 107
7 17
7 24
7 28
7 49
7 51
7 53
7 58
7 62
7 65
7 82
7 85
7 90
7 91
7 106
7 119
7 124
7 130
7 131
7 137
7 138
7 166
7 174
7 193
7 211
7 245
7 246
7 250
7 309
7 311
7 320
7 322
7 338
7 346
7 357
7 431
7 435
7 500
7 515
7 533
7 538
7 554
7 560
7 598
7 614
7 626
7 650
7 689
7 720
7 722
7 749
7 761
7 771
7 830
7 861
7 863
7 951
7 957
7 960
7 974
7 980
7 987
7 989
7 992
8 63
8 25
8 28
8 34
8 76
8 98
9 13
9 350
9 562
9 904
9 913
9 105
9 10
9 11
9 14
9 16
9 22
9 23
9 29
9 31
9 42
9 44
9 56
9 66
9 75
9 85
9 109
9 125
9 136
9 138
9 148
10 12
10 15
10 29
10 43
10 52
10 69
10 108
10 109
10 141
10 203
10 226
10 227
10 253
10 349
10 498
10 608
10 655
10 670
10 701
10 42
11 32
11 50
11 103
11 121
11 184
11 274
11 352
11 427
11 504
11 510
11 682
11 847
11 909
11 925
11 15
11 182
12 163
12 180
12 252
12 313
12 466
12 558
12 63
12 40
12 50
12 72
12 95
12 158
13 133
13 247
13 503
13 580
13 905
13 105
13 15
13 31
13 34
13 39
13 40
13 60
13 61
13 76
13 82
13 84
13 89
13 114
13 144
13 150
14 16
14 27
14 33
14 35
14 54
14 102
14 109
14 118
14 127
14 143
14 148
14 158
14 163
14 173
14 177
14 180
14 209
14 220
14 225
14 244
14 249
14 268
14 354
14 412
14 423
14 444
14 445
14 457
14 462
14 464
14 472
14 508
14 519
14 525
14 578
14 582
14 597
14 625
14 629
14 639
14 653
14 654
14 668
14 693
14 715
14 718
14 724
14 733
14 759
14 775
14 814
14 815
14 843
14 864
14 881
14 898
14 927
14 962
14 999
14 105
14 133
14 135
14 141
14 169
15 30
15 79
15 213
15 395
15 920
15 63
15 18
15 22
15 24
15 27
15 32
15 42
15 43
15 57
15 59
15 74
15 112
15 131
15 145
15 149
16 33
16 37
16 41
16 48
16 168
16 826
16 17
17 23
17 49
17 62
17 67
17 70
17 110
17 376
17 420
17 526
17 804
17 36
18 19
18 22
18 32
18 35
18 36
18 37
18 40
18 55
18 57
18 59
18 61
18 66
18 71
18 73
18 88
18 97
18 101
18 103
18 129
18 134
18 139
18 155
18 165
18 170
18 185
18 202
18 204
18 207
18 210
18 261
18 266
18 275
18 278
18 282
18 284
18 294
18 297
18 340
18 351
18 355
18 359
18 361
18 363
18 382
18 399
18 403
18 404
18 436
18 451
18 452
18 467
18 475
18 484
18 485
18 486
18 488
18 501
18 509
18 512
18 521
18 534
18 541
18 545
18 555
18 591
18 615
18 617
18 623
18 624
18 637
18 638
18 647
18 664
18 683
18 684
18 700
18 723
18 735
18 744
18 746
18 750
18 753
18 757
18 780
18 801
18 805
18 813
18 819
18 828
18 833
18 842
18 845
18 847
18 848
18 857
18 866
18 874
18 889
18 906
18 922
18 940
18 945
18 965
18 968
18 970
18 975
18 977
18 984
18 985
18 990
18 46
18 47
18 54
18 96
18 122
19 32
19 81
19 121
19 129
19 145
19 449
19 676
19 936
19 63
20 32
20 80
20 95
20 140
20 179
20 192
20 199
20 214
20 317
20 481
20 483
20 583
20 584
20 593
20 616
20 631
20 639
20 773
20 837
20 855
20 938
20 942
20 161
20 204
21 24
21 115
21 150
21 151
21 335
21 419
21 450
21 456
21 499
21 646
21 658
21 903
21 939
21 964
22 798
22 995
22 72
22 97
22 105
23 42
23 49
23 166
23 293
23 575
23 760
23 782
23 190
24 238
24 365
24 589
24 702
24 834
24 899
24 908
25 105
25 112
25 127
25 150
26 29
26 77
26 78
26 109
26 233
26 370
26 522
26 648
26 649
26 697
26 726
27 40
27 285
27 105
27 63
27 29
28 67
28 82
28 122
28 126
28 128
28 174
28 178
28 552
28 859
28 950
29 43
29 47
29 87
29 35
29 80
29 129
29 133
30 186
30 63
30 105
30 52
30 106
30 118
31 34
31 81
31 215
31 248
31 937
31 93
31 104
31 108
32 50
32 134
32 197
32 224
32 364
32 397
32 398
32 544
32 546
32 677
32 716
32 790
32 800
32 910
32 922
32 942
33 63
33 40
33 138
34 66
34 80
34 256
34 316
34 339
34 378
34 39
34 51
34 94
34 131
34 132
35 63
36 37
36 40
36 169
36 199
36 564
36 794
36 870
36 63
36 108
36 114
37 48
37 161
37 237
37 389
37 430
37 432
37 695
38 599
38 144
39 69
39 201
39 265
39 321
40 64
40 343
40 48
40 56
40 59
40 99
41 44
41 148
41 161
41 204
41 236
42 86
42 296
42 53
42 64
42 88
42 126
42 135
42 140
43 84
43 341
43 518
43 979
43 124
44 60
44 112
44 255
44 424
44 661
44 841
44 862
44 988
45 187
45 105
45 46
45 128
46 821
46 976
46 63
46 73
47 76
47 102
47 118
47 171
47 231
47 236
47 358
47 413
47 426
47 657
47 820
47 850
47 959
47 986
47 105
48 328
48 657
48 90
49 62
49 70
49 92
49 108
49 128
49 188
49 299
49 330
49 375
49 458
49 535
49 719
49 739
49 751
49 762
49 63
50 75
50 241
50 286
50 442
50 476
50 663
50 818
50 836
51 60
51 83
51 122
51 130
51 153
51 181
51 262
51 301
51 307
51 381
51 867
51 873
52 72
52 329
52 540
52 892
52 105
53 407
53 806
53 884
53 952
53 994
53 106
54 77
54 182
54 183
54 239
54 337
54 393
54 704
54 705
54 725
54 815
54 853
55 66
55 93
55 95
55 165
55 264
55 288
55 315
55 401
55 463
55 528
55 539
55 551
55 556
55 596
55 659
55 664
55 699
55 786
55 840
55 865
55 930
55 947
55 972
55 982
56 242
56 470
57 963
57 63
58 511
58 524
58 694
58 732
59 414
59 63
59 82
60 62
60 82
60 114
60 160
60 70
60 113
60 127
61 438
61 636
61 934
62 86
62 92
62 178
62 276
63 65
63 68
63 70
63 75
63 79
63 80
63 84
63 85
63 87
63 103
63 119
63 141
64 104
64 327
64 492
64 185
65 377
65 379
65 517
66 260
66 493
66 717
66 105
66 86
66 159
67 85
67 229
67 997
68 182
68 203
68 289
68 345
68 357
68 380
68 495
68 529
68 537
68 585
68 671
68 680
68 724
68 743
68 772
68 809
68 822
68 869
68 882
68 897
68 924
68 981
68 187
69 173
69 367
70 422
70 448
70 477
70 586
70 643
70 673
70 688
70 916
70 961
70 92
70 170
71 75
71 80
71 121
71 306
71 439
71 592
71 157
72 84
72 601
72 619
72 630
73 172
73 669
73 807
73 849
73 919
73 177
75 184
75 505
75 514
75 559
75 565
75 572
75 609
76 77
76 186
77 120
77 280
77 303
77 312
77 331
77 387
77 487
77 656
77 681
77 734
77 203
78 141
78 212
78 356
78 506
78 105
79 117
79 122
79 124
79 243
79 332
79 411
79 440
79 550
79 675
79 738
79 793
79 803
79 900
79 991
80 101
80 145
80 159
80 195
80 216
80 234
80 323
80 373
80 425
80 566
81 165
81 534
81 766
82 90
82 154
82 302
82 402
82 447
82 831
82 93
83 574
83 576
83 823
83 835
84 87
84 406
84 672
84 687
84 832
84 844
84 113
84 143
84 148
85 130
85 153
85 302
85 102
86 138
86 394
86 642
87 89
87 94
87 96
87 147
87 171
87 185
87 203
87 221
87 290
87 326
87 344
87 571
87 710
87 778
87 797
87 802
87 935
87 956
88 119
88 768
89 173
89 269
89 902
89 907
90 915
91 115
91 151
91 371
91 468
91 590
91 607
91 665
91 105
92 108
92 259
92 333
92 829
92 105
92 149
92 174
93 513
93 101
94 400
94 953
95 372
95 489
95 111
97 254
97 446
97 587
97 621
97 846
97 886
97 933
97 196
99 120
99 125
99 374
99 707
99 747
99 941
100 263
100 271
100 388
101 191
103 561
103 579
104 179
104 202
105 162
105 200
105 385
105 460
105 767
105 109
105 110
105 115
105 124
105 128
105 134
105 152
106 479
106 627
106 728
106 146
107 709
108 281
108 386
108 633
108 635
109 205
109 613
109 618
109 756
109 811
109 996
110 791
110 946
111 194
112 292
112 124
113 291
113 602
113 604
113 644
114 206
115 201
115 267
115 392
115 416
115 469
115 594
115 754
115 852
115 921
117 390
117 418
117 570
117 651
117 713
117 769
117 860
117 198
118 139
118 308
118 480
119 124
119 131
119 181
119 251
119 433
119 527
119 737
119 121
119 145
120 232
120 568
120 600
121 228
121 279
121 507
124 218
124 417
124 474
124 611
124 692
124 792
125 135
125 318
125 371
128 153
128 257
128 347
128 711
128 729
128 745
128 838
128 878
128 901
128 132
129 569
129 134
130 156
131 152
131 553
131 660
131 764
131 153
132 272
132 310
132 645
133 149
133 193
134 170
134 605
134 788
134 971
134 150
135 777
135 958
136 883
137 160
137 543
137 612
137 184
138 156
138 473
138 835
138 944
139 222
139 409
139 415
139 620
139 785
139 812
139 923
141 143
142 967
143 187
143 549
145 348
146 325
146 482
146 532
146 885
148 324
148 573
149 184
149 217
149 478
149 491
149 581
149 685
149 770
149 891
150 240
150 152
152 208
152 542
152 721
152 799
152 932
162 175
182 183
