0 1
0 2
0 3
0 4
0 5
0 7
0 9
0 18
0 23
0 28
0 33
0 42
0 49
0 50
0 55
0 62
0 76
0 83
0 84
0 103
0 108
0 112
0 129
0 136
0 146
0 149
0 153
0 157
0 170
0 179
0 180
0 190
0 192
0 196
0 197
0 308
0 340
0 350
0 353
0 383
0 403
0 441
0 458
0 469
0 488
0 523
0 527
0 550
0 603
0 627
0 639
0 650
0 668
0 710
0 728
0 780
0 784
0 823
0 851
0 870
0 895
0 959
1 2
1 3
1 4
1 5
1 6
1 10
1 11
1 56
1 57
1 63
1 66
1 77
1 84
1 87
1 95
1 101
1 108
1 137
1 138
1 145
1 163
1 164
1 165
1 174
1 178
1 186
1 193
1 198
1 251
1 393
1 498
1 514
1 522
1 604
1 670
1 689
1 756
1 953
1 988
2 3
2 4
2 5
2 8
2 19
2 25
2 26
2 36
2 45
2 54
2 75
2 86
2 101
2 104
2 105
2 119
2 130
2 139
2 143
2 156
2 173
2 174
2 179
2 195
2 221
2 378
2 419
2 558
2 561
2 608
2 675
2 704
2 740
2 844
2 874
2 946
2 958
2 961
3 4
3 5
3 8
3 9
3 11
3 15
3 17
3 18
3 31
3 39
3 41
3 52
3 59
3 60
3 65
3 79
3 80
3 84
3 92
3 102
3 103
3 104
3 112
3 113
3 117
3 121
3 129
3 130
3 132
3 136
3 137
3 140
3 153
3 163
3 172
3 176
3 178
3 184
3 185
3 187
3 188
3 254
3 323
3 335
3 377
3 382
3 427
3 466
3 483
3 502
3 531
3 585
3 633
3 635
3 663
3 771
3 801
3 835
3 932
3 969
3 996
3 997
4 5
4 6
4 9
4 10
4 14
4 18
4 23
4 27
4 33
4 38
4 39
4 52
4 58
4 66
4 68
4 69
4 71
4 74
4 78
4 79
4 91
4 94
4 96
4 99
4 101
4 103
4 108
4 115
4 123
4 131
4 137
4 142
4 143
4 150
4 152
4 154
4 161
4 171
4 179
4 182
4 184
4 197
4 203
4 205
4 235
4 290
4 306
4 330
4 341
4 392
4 404
4 405
4 415
4 447
4 483
4 515
4 521
4 531
4 573
4 590
4 617
4 657
4 671
4 746
4 863
4 892
4 898
4 899
4 903
4 939
4 942
5 8
5 20
5 21
5 31
5 44
5 54
5 79
5 84
5 106
5 111
5 117
5 123
5 139
5 141
5 144
5 153
5 156
5 157
5 161
5 180
5 196
5 202
5 296
5 334
5 429
5 506
5 588
5 778
5 848
5 945
6 7
6 34
6 37
6 134
6 145
6 161
6 368
6 396
6 443
6 731
6 785
6 964
6 992
6 150
6 8
6 9
6 22
6 27
6 43
6 56
6 60
6 66
6 107
6 114
6 135
6 142
7 24
7 26
7 34
7 48
7 51
7 55
7 61
7 85
7 285
7 291
7 362
7 605
7 613
7 852
7 950
7 962
8 12
8 41
8 83
8 151
8 467
8 150
8 9
8 10
8 11
8 15
8 18
8 20
8 21
8 26
8 31
8 33
8 37
8 55
8 68
8 80
8 105
9 14
9 22
9 90
9 181
9 274
9 374
9 517
9 565
9 764
9 832
9 845
9 872
9 13
9 16
9 17
9 36
9 78
9 83
9 86
9 125
10 14
10 21
10 200
10 543
10 612
10 954
10 12
10 17
10 18
10 51
10 133
11 12
11 16
11 30
11 81
11 89
11 155
11 188
11 240
11 438
11 648
11 684
11 876
11 918
11 977
11 15
12 13
12 16
12 17
12 19
12 29
12 47
12 53
12 74
12 93
12 96
12 118
12 121
12 125
12 168
12 175
12 190
12 222
12 320
12 331
12 390
12 435
12 478
12 563
12 619
12 632
12 652
12 725
12 738
12 772
12 796
12 906
12 907
12 927
13 14
13 46
13 73
13 118
13 147
13 259
13 265
13 275
13 289
13 619
13 634
13 691
13 692
13 753
13 783
13 856
13 862
13 919
13 951
14 22
14 46
14 54
14 59
14 71
14 158
14 186
14 196
14 253
14 274
14 298
14 343
14 459
14 463
14 494
14 577
14 628
14 717
14 774
14 914
15 32
15 38
15 70
15 75
15 149
15 540
15 866
15 881
16 29
16 30
16 43
16 50
16 143
16 215
16 301
16 457
16 478
16 809
16 822
16 875
16 929
16 943
16 134
16 136
17 32
17 38
17 62
17 72
17 128
17 133
17 177
17 194
17 210
17 236
17 358
17 411
17 440
17 475
17 476
17 508
17 547
17 595
17 606
17 676
17 677
17 679
17 724
17 797
17 830
17 869
17 937
17 27
17 30
17 34
17 36
17 56
17 63
17 64
17 73
17 87
17 108
18 19
18 62
18 81
18 93
18 121
18 125
18 155
18 195
18 268
18 375
18 388
18 417
18 423
18 446
18 533
18 611
18 614
18 640
18 727
18 811
18 981
18 20
18 28
18 29
18 46
18 52
18 82
18 84
18 89
18 90
18 96
18 139
19 73
19 107
19 231
19 332
19 380
19 425
19 556
19 653
20 24
20 31
20 52
20 68
20 76
20 241
20 297
20 496
20 497
20 532
20 564
20 624
20 710
20 747
20 847
20 879
20 995
20 999
20 22
21 56
21 60
21 94
21 120
21 159
21 181
21 198
21 199
21 242
21 260
21 306
21 325
21 339
21 472
21 493
21 510
21 542
21 545
21 552
21 636
21 761
21 867
21 150
21 29
21 44
21 145
22 23
22 27
22 38
22 40
22 44
22 46
22 49
22 58
22 60
22 72
22 77
22 90
22 99
22 102
22 103
22 116
22 138
22 162
22 169
22 189
22 228
22 237
22 243
22 245
22 266
22 267
22 283
22 294
22 299
22 305
22 312
22 319
22 345
22 363
22 399
22 424
22 445
22 453
22 525
22 559
22 571
22 594
22 602
22 622
22 625
22 626
22 643
22 658
22 665
22 680
22 686
22 722
22 729
22 733
22 734
22 790
22 795
22 807
22 821
22 831
22 856
22 864
22 904
22 921
22 923
22 935
22 963
22 994
22 150
22 34
22 53
22 64
23 32
23 56
23 113
23 169
23 638
23 819
23 824
23 944
23 150
24 64
24 80
24 111
24 122
24 315
24 660
24 674
25 238
25 538
26 28
26 35
26 37
26 42
26 122
26 224
26 484
26 568
26 843
26 852
26 889
27 128
27 178
27 247
27 465
28 51
28 64
28 433
28 586
28 644
28 814
28 32
29 191
29 272
30 50
30 127
30 284
30 336
30 385
30 437
30 503
30 544
30 610
30 806
31 35
31 64
31 150
31 40
31 41
31 48
31 78
31 81
31 92
31 94
31 144
32 246
32 264
32 857
33 43
33 317
34 42
34 48
34 110
34 252
34 395
34 957
34 36
34 39
34 52
34 117
34 128
35 176
35 197
35 150
35 121
36 42
36 93
36 147
37 528
37 57
37 155
38 44
38 82
38 94
38 135
38 138
38 162
38 177
38 186
38 217
38 258
38 261
38 287
38 292
38 307
38 318
38 322
38 346
38 354
38 367
38 401
38 550
38 554
38 560
38 574
38 601
38 609
38 719
38 751
38 793
38 800
38 817
38 834
38 837
38 838
38 839
38 854
38 860
38 866
38 877
38 884
38 890
38 926
38 933
38 960
38 976
38 183
39 702
39 859
39 46
39 153
40 631
41 213
41 150
41 67
41 74
41 128
41 130
41 132
41 137
42 51
42 53
42 64
42 276
42 288
42 386
42 473
42 584
42 759
42 829
42 893
42 915
42 938
42 940
42 985
43 47
43 124
43 157
43 372
43 470
43 955
43 90
43 109
44 46
44 58
44 277
44 412
44 451
44 655
44 748
44 813
44 853
44 868
45 48
45 88
45 376
45 379
45 922
45 157
46 71
46 166
46 172
46 218
46 286
46 313
46 359
46 659
46 744
46 749
46 867
46 885
46 48
46 77
47 67
47 139
47 348
47 754
47 150
47 71
47 133
48 57
48 95
48 97
48 105
48 151
48 165
48 204
48 227
48 280
48 329
48 393
48 402
48 420
48 431
48 491
48 546
48 549
48 567
48 669
48 693
48 695
48 708
48 716
48 720
48 736
48 770
48 789
48 804
48 971
48 972
48 60
48 67
48 88
48 112
49 352
49 205
50 114
50 361
50 437
50 490
50 589
50 687
50 781
50 150
51 88
51 89
51 96
51 127
51 148
51 161
51 201
51 209
51 255
51 257
51 302
51 311
51 442
51 449
51 487
51 500
51 564
51 569
51 570
51 580
51 588
51 591
51 618
51 681
51 694
51 718
51 730
51 765
51 785
51 849
51 888
51 900
51 983
51 984
51 987
51 56
51 71
51 73
51 114
52 81
52 100
52 188
52 263
52 735
52 62
52 66
52 98
52 114
52 136
52 139
52 147
53 57
53 96
53 126
53 309
53 327
53 479
53 598
53 787
53 934
54 576
54 993
54 150
54 55
54 67
54 70
54 123
55 579
56 310
56 616
56 87
56 122
56 137
56 140
56 152
57 118
57 182
57 366
57 529
57 61
58 82
58 200
58 244
58 501
58 654
58 788
58 825
58 952
58 980
59 820
59 842
60 70
60 87
60 136
60 160
60 303
60 414
60 827
60 150
60 95
60 108
60 126
60 131
60 138
61 150
61 99
61 106
62 69
62 98
62 109
62 175
62 180
62 211
62 220
62 229
62 755
62 965
63 138
64 337
64 850
64 70
64 153
64 155
65 133
65 397
65 408
65 409
65 641
65 656
65 703
66 450
66 481
66 69
66 103
66 127
66 149
67 81
67 389
67 428
67 489
67 100
68 78
68 113
68 315
68 347
68 460
68 949
69 132
69 141
69 321
69 342
69 394
69 448
69 461
69 482
69 167
71 882
71 123
72 149
72 246
72 504
72 758
72 925
72 973
72 150
73 78
73 101
73 207
73 768
73 970
74 90
74 338
74 360
74 369
74 512
74 623
74 767
74 777
74 802
74 833
74 878
75 124
75 153
75 326
75 505
75 516
75 662
75 739
75 812
75 967
75 978
75 986
76 122
76 159
76 333
76 535
76 551
76 582
76 711
76 947
77 282
77 583
77 744
77 826
77 196
78 92
78 104
78 123
78 134
78 167
78 193
78 219
78 248
78 278
78 422
78 467
78 513
78 567
78 621
78 730
78 763
78 773
78 775
78 883
78 894
78 975
78 80
79 468
79 492
79 518
79 666
80 132
80 110
80 133
81 129
81 407
81 439
81 672
81 917
81 97
82 198
83 520
83 119
83 148
84 486
84 989
85 208
85 700
85 840
86 192
86 688
87 920
87 174
88 418
88 96
88 107
89 645
89 682
89 861
90 166
90 249
90 270
90 543
90 706
90 873
90 897
91 891
92 107
92 134
92 185
92 208
92 258
92 314
92 578
92 587
92 698
92 745
92 750
92 766
92 776
92 794
92 812
92 871
92 936
92 956
92 974
92 990
94 106
94 163
95 173
95 262
95 452
95 726
95 732
95 846
96 100
96 108
96 126
96 144
96 149
96 164
96 168
96 203
96 250
96 300
96 344
96 365
96 398
96 436
96 477
96 511
96 526
96 548
96 592
96 600
96 615
96 620
96 664
96 678
96 683
96 696
96 707
96 737
96 752
96 756
96 760
96 781
96 811
96 841
96 886
96 911
96 912
96 913
96 916
96 941
96 947
96 968
96 991
96 998
99 232
99 530
99 572
99 685
99 924
99 143
100 168
100 203
101 629
101 803
102 135
102 154
102 234
102 836
103 273
103 537
103 721
103 805
104 109
104 173
104 293
104 416
105 233
105 965
105 150
105 125
105 180
106 120
106 413
106 534
106 553
106 637
106 887
107 714
107 175
108 146
108 157
108 455
108 471
108 661
108 769
108 791
108 152
109 158
109 200
109 646
109 757
109 910
109 162
111 456
112 351
112 647
112 741
113 230
113 406
113 507
113 607
113 699
113 185
114 116
114 188
115 201
115 187
116 159
116 373
117 171
117 271
117 324
117 384
118 141
118 328
118 808
118 156
119 426
120 206
120 596
120 855
121 156
121 295
121 575
121 581
122 480
123 146
124 304
124 316
124 432
124 799
124 880
124 994
125 142
125 524
127 138
127 154
127 155
127 158
127 181
127 183
127 225
127 356
127 381
127 391
127 410
127 541
127 649
127 690
127 705
127 713
127 715
127 723
127 743
127 782
127 798
127 816
127 818
127 908
127 191
127 200
128 795
128 828
128 865
129 709
130 387
130 593
131 364
132 421
132 444
132 931
134 171
134 216
134 150
135 815
135 186
136 169
136 193
136 434
136 597
136 630
136 786
136 901
137 152
137 226
137 613
137 979
138 170
138 212
138 269
138 667
138 712
138 930
139 370
140 155
140 279
141 204
141 281
141 400
142 464
142 858
143 195
143 495
143 539
143 642
144 256
145 239
146 214
146 357
146 462
146 474
146 509
146 651
146 701
146 718
146 779
146 792
146 810
146 982
146 991
147 379
147 555
147 562
147 896
149 349
150 167
150 194
150 454
150 485
150 499
150 557
150 566
150 599
150 673
150 902
150 909
150 966
150 980
150 172
152 335
152 355
152 928
152 176
153 156
153 519
153 536
153 742
153 948
154 223
154 371
154 430
154 762
154 905
154 189
155 487
155 697
160 177
170 181
194 204
