0 1
0 2
0 3
0 4
0 5
0 6
0 8
0 9
0 12
0 14
0 16
0 17
0 28
0 34
0 43
0 44
0 55
0 56
0 58
0 63
0 64
0 68
0 70
0 80
0 81
0 87
0 91
0 94
0 106
0 109
0 118
0 121
0 122
0 124
0 127
0 131
0 139
0 152
0 154
0 158
0 160
0 162
0 163
0 170
0 172
0 185
0 189
0 191
0 192
0 196
0 197
0 200
0 202
0 203
0 204
0 237
0 272
0 332
0 354
0 356
0 399
0 449
0 454
0 487
0 506
0 519
0 547
0 613
0 633
0 678
0 690
0 729
0 862
0 882
0 897
0 915
0 966
0 990
1 2
1 3
1 4
1 5
1 8
1 9
1 10
1 13
1 17
1 18
1 20
1 22
1 26
1 27
1 30
1 35
1 36
1 37
1 40
1 46
1 55
1 56
1 60
1 63
1 82
1 86
1 89
1 90
1 99
1 101
1 110
1 117
1 120
1 134
1 140
1 152
1 158
1 159
1 161
1 166
1 170
1 172
1 174
1 175
1 176
1 182
1 186
1 189
1 193
1 198
1 233
1 288
1 376
1 380
1 405
1 422
1 496
1 513
1 516
1 532
1 542
1 561
1 602
1 619
1 644
1 677
1 680
1 698
1 731
1 742
1 792
1 794
1 830
1 838
1 906
1 926
1 935
1 989
2 3
2 4
2 7
2 9
2 15
2 31
2 32
2 36
2 43
2 90
2 95
2 108
2 111
2 118
2 127
2 159
2 177
2 179
2 182
2 201
2 220
2 230
2 234
2 256
2 268
2 298
2 375
2 446
2 502
2 706
2 719
2 793
2 863
2 943
3 4
3 6
3 8
3 21
3 22
3 28
3 49
3 51
3 54
3 61
3 76
3 82
3 100
3 104
3 119
3 129
3 138
3 142
3 153
3 158
3 163
3 179
3 183
3 185
3 198
3 318
3 359
3 394
3 467
3 469
3 580
3 582
3 631
3 639
3 641
3 665
3 689
3 691
3 727
3 757
3 816
3 931
3 975
4 7
4 8
4 15
4 17
4 29
4 41
4 44
4 52
4 57
4 69
4 73
4 81
4 82
4 84
4 99
4 102
4 107
4 124
4 133
4 136
4 139
4 156
4 166
4 169
4 172
4 177
4 189
4 200
4 204
4 224
4 387
4 398
4 484
4 501
4 503
4 546
4 609
4 772
4 790
4 917
4 929
5 7
5 13
5 16
5 24
5 25
5 29
5 32
5 38
5 42
5 70
5 71
5 74
5 97
5 112
5 135
5 183
5 226
5 245
5 266
5 337
5 364
5 413
5 430
5 436
5 465
5 472
5 498
5 500
5 507
5 517
5 531
5 555
5 556
5 572
5 594
5 628
5 648
5 652
5 658
5 660
5 663
5 743
5 779
5 785
5 788
5 811
5 898
5 900
5 902
5 909
5 913
5 925
5 952
5 955
5 984
5 987
5 54
5 140
5 6
5 10
5 33
5 44
5 61
5 79
5 87
5 172
6 10
6 11
6 12
6 14
6 21
6 22
6 28
6 47
6 59
6 61
6 79
6 85
6 88
6 98
6 101
6 102
6 103
6 105
6 107
6 144
6 153
6 167
6 207
6 211
6 228
6 267
6 269
6 277
6 292
6 296
6 307
6 314
6 315
6 335
6 343
6 361
6 418
6 426
6 431
6 435
6 440
6 458
6 464
6 474
6 492
6 499
6 515
6 522
6 529
6 537
6 548
6 560
6 562
6 567
6 583
6 593
6 599
6 615
6 642
6 676
6 701
6 715
6 730
6 768
6 795
6 804
6 808
6 812
6 816
6 826
6 831
6 836
6 847
6 861
6 895
6 911
6 933
6 937
6 938
6 962
6 992
6 999
6 7
6 23
6 127
6 149
7 19
7 35
7 42
7 230
7 325
7 349
7 541
7 568
7 620
7 770
7 860
7 982
7 140
7 9
7 130
8 9
8 36
8 48
8 244
8 261
8 378
8 421
8 425
8 439
8 586
8 587
8 607
8 749
8 764
8 868
8 968
9 20
9 26
9 30
9 36
9 48
9 53
9 78
9 159
9 168
9 219
9 231
9 287
9 334
9 411
9 461
9 491
9 508
9 545
9 617
9 734
9 840
9 886
9 140
9 17
9 19
9 22
9 27
9 31
9 35
9 37
9 39
9 45
9 56
9 59
9 60
9 93
9 94
9 143
10 15
10 90
10 113
10 140
10 13
10 84
10 124
11 14
11 18
11 33
11 236
11 140
11 29
11 63
11 105
11 110
12 18
12 21
12 77
12 87
12 134
12 171
12 432
12 739
13 16
13 34
13 49
13 50
13 92
13 108
13 125
13 297
13 387
13 579
13 638
13 43
14 33
14 47
14 84
14 88
14 132
14 207
14 210
14 215
14 222
14 241
14 290
14 310
14 486
14 553
14 575
14 624
14 646
14 809
14 824
14 140
14 43
14 73
14 142
14 162
15 21
15 39
15 54
15 107
15 131
15 155
15 311
15 383
15 140
15 40
15 70
16 23
16 24
16 27
16 31
16 34
16 38
16 49
16 69
16 74
16 92
16 93
16 97
16 110
16 125
16 191
16 203
16 205
16 447
16 463
16 514
16 708
16 766
16 783
16 885
16 908
16 921
16 54
16 17
16 30
16 36
16 59
16 64
16 102
16 118
17 27
17 114
17 443
17 821
17 18
17 38
17 48
17 52
17 103
17 134
18 22
18 58
18 67
18 121
18 122
18 142
18 157
18 162
18 171
18 174
18 187
18 360
18 374
18 415
18 434
18 435
18 482
18 488
18 505
18 544
18 575
18 611
18 630
18 646
18 684
18 769
18 771
18 841
18 907
18 916
18 940
18 950
18 972
18 993
18 994
18 54
18 28
18 32
18 44
18 80
18 93
19 140
19 34
19 120
19 173
20 72
20 127
20 281
20 306
20 390
20 470
20 497
20 711
21 80
21 170
21 177
21 264
22 37
22 40
22 52
22 61
22 65
22 88
22 121
22 145
22 270
22 331
22 417
22 473
22 657
22 686
22 844
22 934
22 959
22 33
23 125
24 38
24 427
24 855
26 66
26 117
26 126
26 135
26 202
26 206
26 218
26 223
26 283
26 333
26 348
26 358
26 399
26 468
26 524
26 551
26 606
26 649
26 699
26 722
26 728
26 825
26 869
26 887
26 901
26 973
26 988
26 140
26 133
27 94
27 104
27 176
27 650
27 86
27 90
28 39
28 46
28 75
28 116
28 144
28 154
28 162
28 201
28 225
28 247
28 289
28 480
28 523
28 530
28 591
28 661
28 672
28 690
28 694
28 712
28 872
28 879
28 922
28 936
28 985
29 32
29 45
29 151
29 761
29 781
29 43
29 153
30 52
31 34
31 51
31 59
32 38
32 42
32 45
32 66
32 83
32 148
32 254
32 305
32 319
32 353
32 419
32 564
32 732
32 910
33 403
33 152
34 50
34 51
34 56
34 62
34 81
34 99
34 111
34 114
34 129
34 259
34 265
34 381
34 395
34 683
34 851
34 75
35 95
35 190
35 409
35 786
36 44
36 168
36 740
36 888
36 974
36 47
37 478
37 696
38 45
38 71
38 126
38 133
38 147
38 173
38 195
38 200
38 212
38 250
38 253
38 357
38 457
38 559
38 584
38 596
38 637
38 638
38 640
38 651
38 760
38 773
38 777
38 803
38 819
38 843
38 854
38 906
38 930
38 942
39 54
39 983
39 106
40 867
41 140
41 151
42 126
42 160
42 161
42 190
42 338
42 341
42 397
42 755
42 833
42 989
42 182
43 141
43 65
43 77
43 99
43 144
43 152
44 48
44 96
44 113
44 116
44 137
44 138
44 150
44 152
44 153
44 165
44 248
44 251
44 274
44 301
44 327
44 402
44 428
44 437
44 459
44 479
44 481
44 533
44 538
44 539
44 603
44 605
44 610
44 622
44 635
44 669
44 687
44 744
44 751
44 827
44 884
44 920
44 932
44 945
44 947
44 956
44 963
44 45
44 51
44 54
44 56
44 57
44 58
44 65
44 71
44 82
44 85
44 87
45 151
45 246
45 345
45 512
45 664
45 709
45 724
45 47
45 58
45 195
46 393
46 581
46 873
46 140
46 201
46 204
47 181
47 569
47 941
48 72
48 73
48 127
48 881
48 53
48 64
48 96
48 115
48 139
48 140
48 142
49 229
49 392
49 526
49 979
49 140
50 521
50 577
50 953
51 71
51 416
51 780
51 67
51 76
51 116
52 444
52 980
53 76
53 534
53 140
53 92
54 59
54 368
54 450
54 598
54 832
54 839
54 119
55 738
56 60
56 68
56 89
56 146
56 166
56 180
56 199
56 216
56 255
56 257
56 271
56 273
56 285
56 363
56 369
56 404
56 679
56 710
56 789
56 797
56 798
56 846
56 856
56 904
56 918
56 967
56 970
57 99
57 118
58 79
58 136
58 144
58 213
58 441
58 610
58 805
59 510
59 60
59 77
59 109
59 111
59 129
59 136
59 141
59 142
60 188
60 281
60 284
60 350
60 647
60 670
60 784
61 64
61 100
61 748
61 787
61 834
62 81
62 249
62 140
64 88
64 79
64 103
65 77
65 107
65 167
65 197
65 391
65 688
65 726
65 852
65 128
65 137
66 312
66 373
66 692
66 776
66 858
66 883
67 69
67 81
67 97
68 78
68 194
68 140
68 89
68 164
69 93
69 914
70 120
70 147
70 336
70 770
70 801
70 896
70 134
70 137
71 212
71 302
71 144
71 193
72 151
72 750
72 140
73 83
73 165
73 173
73 410
73 412
73 550
73 566
73 571
73 573
73 590
73 664
73 709
73 815
73 891
73 892
73 924
73 951
74 92
74 671
75 85
75 143
75 210
75 960
76 106
76 313
76 597
76 166
77 308
77 442
77 79
77 83
77 88
77 93
77 96
77 126
77 131
77 153
78 137
78 286
78 411
78 493
78 948
78 957
79 279
79 329
79 720
79 775
79 850
79 81
79 115
79 127
79 148
80 150
80 291
80 328
80 389
80 407
80 870
81 119
81 123
81 263
81 406
81 445
81 681
81 817
82 142
82 326
82 351
82 388
82 431
82 483
82 629
82 682
82 713
82 714
82 751
82 810
82 853
82 889
82 981
82 103
82 131
83 149
83 504
83 659
83 800
83 969
84 460
84 462
84 655
84 763
85 132
85 145
85 365
85 471
85 845
85 120
86 98
86 486
86 589
87 150
87 200
87 240
87 294
87 352
87 379
87 418
87 489
87 520
87 525
87 540
87 576
87 600
87 601
87 616
87 621
87 627
87 697
87 741
87 753
87 762
87 774
87 869
87 923
87 928
87 954
87 958
87 961
87 991
87 151
88 130
88 152
89 110
89 176
89 324
89 433
90 382
90 623
90 634
90 849
90 155
91 140
91 171
92 123
93 818
93 100
93 117
94 109
94 183
94 299
95 802
95 880
97 124
97 209
97 278
97 654
97 666
97 716
97 759
97 799
98 260
98 466
98 717
98 746
98 903
98 965
99 366
99 453
99 485
99 588
99 632
99 758
99 765
99 110
100 115
100 723
100 834
101 114
101 186
101 552
101 662
101 756
101 844
101 857
102 115
102 330
102 455
102 782
103 175
104 249
104 140
104 108
104 135
105 976
106 156
106 107
106 199
107 116
107 134
107 139
107 204
107 303
107 340
107 396
107 456
107 528
107 544
107 549
107 578
107 585
107 704
107 718
107 814
107 893
107 946
107 998
108 138
108 192
108 238
108 242
108 258
108 322
108 346
108 557
108 629
108 674
108 700
108 721
108 737
108 791
108 156
108 176
109 618
109 944
109 114
110 275
110 316
110 806
110 864
112 161
112 178
112 179
112 221
112 262
112 317
112 401
112 452
112 476
112 643
112 140
113 527
114 130
114 143
114 186
114 193
114 321
114 342
114 406
114 496
114 536
114 685
114 733
114 736
114 871
114 939
114 997
115 135
115 167
115 636
115 752
115 865
115 978
116 131
116 509
117 128
117 164
117 165
117 217
118 919
119 408
119 859
119 140
120 477
120 494
121 625
124 339
124 414
124 140
125 295
126 156
126 178
126 423
126 438
126 448
126 472
126 475
126 518
126 543
126 592
126 645
126 673
126 725
126 745
126 754
126 767
126 781
126 807
126 822
126 829
126 835
126 858
126 876
126 969
127 866
127 899
127 971
128 194
129 703
129 813
130 574
130 140
131 184
131 347
131 490
131 595
132 608
133 429
133 535
133 554
133 912
133 192
134 208
134 377
134 735
135 282
135 320
135 370
135 400
135 492
135 705
135 820
135 995
135 196
135 200
137 495
138 384
138 957
139 154
139 293
140 145
140 150
140 152
142 214
142 355
142 837
143 181
143 280
143 323
143 372
144 227
144 309
144 424
144 604
147 304
148 320
148 565
149 656
149 842
150 184
150 239
150 243
150 276
150 300
150 362
150 371
150 563
150 612
150 653
150 747
150 848
150 878
150 905
150 996
151 235
151 252
151 386
151 614
151 667
151 890
152 199
152 367
152 420
152 511
152 635
152 675
152 693
152 695
152 702
152 707
152 778
152 796
152 823
152 828
152 874
152 875
152 894
152 949
152 964
152 188
153 155
153 344
153 451
153 458
153 469
153 558
153 570
153 626
153 668
153 877
153 927
153 977
153 986
154 232
154 385
156 180
158 202
166 169
176 192
188 194
