0 1
0 2
0 3
0 4
0 5
0 6
0 7
0 9
0 10
0 11
0 14
0 16
0 17
0 22
0 30
0 34
0 35
0 36
0 37
0 38
0 41
0 43
0 45
0 48
0 66
0 72
0 76
0 77
0 79
0 83
0 86
0 97
0 100
0 101
0 103
0 105
0 111
0 117
0 122
0 124
0 125
0 127
0 135
0 136
0 140
0 141
0 142
0 143
0 144
0 152
0 153
0 157
0 158
0 161
0 168
0 170
0 177
0 179
0 181
0 190
0 195
0 196
0 199
0 201
0 220
0 277
0 279
0 280
0 308
0 318
0 322
0 365
0 366
0 385
0 389
0 392
0 437
0 461
0 477
0 481
0 495
0 499
0 505
0 552
0 580
0 597
0 605
0 621
0 657
0 672
0 686
0 697
0 711
0 719
0 723
0 737
0 738
0 742
0 764
0 778
0 825
0 835
0 840
0 844
0 848
0 904
0 912
0 914
0 940
0 954
0 960
0 994
0 999
1 2
1 3
1 7
1 9
1 22
1 25
1 27
1 30
1 44
1 51
1 55
1 57
1 81
1 82
1 101
1 104
1 111
1 114
1 116
1 117
1 124
1 129
1 144
1 145
1 164
1 174
1 175
1 180
1 182
1 183
1 195
1 196
1 257
1 278
1 296
1 318
1 330
1 373
1 416
1 440
1 459
1 548
1 612
1 718
1 744
1 756
1 763
1 942
1 975
2 3
2 4
2 6
2 7
2 12
2 13
2 14
2 24
2 26
2 27
2 33
2 34
2 47
2 50
2 51
2 52
2 53
2 60
2 61
2 62
2 65
2 66
2 67
2 69
2 70
2 72
2 73
2 77
2 80
2 82
2 91
2 96
2 97
2 99
2 100
2 101
2 104
2 106
2 107
2 108
2 109
2 115
2 117
2 119
2 120
2 127
2 129
2 130
2 137
2 141
2 157
2 158
2 159
2 162
2 167
2 170
2 171
2 173
2 178
2 183
2 185
2 187
2 192
2 224
2 267
2 269
2 312
2 345
2 375
2 413
2 414
2 431
2 436
2 448
2 451
2 475
2 496
2 517
2 537
2 550
2 557
2 567
2 571
2 582
2 662
2 691
2 783
2 785
2 948
2 972
3 4
3 5
3 9
3 31
3 38
3 46
3 54
3 75
3 83
3 85
3 87
3 92
3 98
3 103
3 106
3 107
3 113
3 153
3 161
3 166
3 174
3 175
3 176
3 182
3 193
3 202
3 244
3 288
3 334
3 408
3 504
3 611
3 644
3 727
3 734
3 792
3 877
3 887
3 966
3 967
3 976
4 19
4 20
4 23
4 39
4 45
4 57
4 62
4 64
4 104
4 178
4 185
4 386
4 587
4 661
4 818
4 868
4 35
4 6
4 8
4 9
4 28
4 38
4 40
4 51
4 60
4 61
4 66
4 85
4 103
4 111
5 10
5 570
5 641
6 7
6 8
6 12
6 15
6 21
6 58
6 98
6 115
6 128
6 164
6 200
6 212
6 225
6 254
6 264
6 281
6 301
6 516
6 637
6 846
6 35
6 42
7 8
7 36
7 59
7 142
7 203
7 303
7 618
7 630
7 681
7 696
7 720
7 757
7 862
7 981
7 984
7 987
8 21
8 119
8 139
8 608
8 629
8 794
8 797
8 822
8 35
8 9
8 10
8 13
8 14
8 20
8 27
8 45
8 48
8 58
8 59
8 68
8 73
8 87
8 92
8 111
8 125
8 150
9 11
9 17
9 42
9 47
9 49
9 60
9 63
9 84
9 146
9 175
9 206
9 242
9 432
9 466
9 469
9 528
9 542
9 594
9 678
9 749
9 22
9 137
10 73
10 89
10 103
10 428
10 902
10 25
10 29
10 52
10 91
11 17
11 60
11 63
11 71
11 79
11 93
11 111
11 146
11 177
11 205
11 229
11 400
11 467
11 480
11 515
11 521
11 635
11 782
11 791
11 793
11 972
11 973
11 196
12 18
12 32
12 34
12 46
12 48
12 76
12 78
12 170
12 174
12 182
12 209
12 219
12 236
12 255
12 261
12 356
12 369
12 403
12 428
12 508
12 565
12 574
12 575
12 589
12 733
12 805
12 876
12 896
12 909
12 956
12 35
12 29
12 71
12 90
13 230
13 17
13 31
13 35
13 59
13 68
14 15
14 25
14 26
14 28
14 70
14 95
14 98
14 100
14 134
14 139
14 197
14 210
14 393
14 434
14 616
14 628
14 640
14 642
14 704
14 812
14 841
14 873
14 932
14 933
15 16
15 25
15 40
15 243
15 473
15 619
15 828
15 833
15 925
16 142
16 415
16 659
17 49
17 55
17 84
17 256
17 429
17 593
17 35
17 18
17 30
17 32
17 50
17 51
17 85
17 107
17 142
17 146
17 147
18 22
18 511
18 512
18 35
18 21
18 84
19 20
19 47
19 57
19 68
19 151
19 441
19 446
19 449
19 483
20 23
20 31
20 266
20 324
20 489
20 784
20 837
20 859
20 867
20 937
20 957
21 69
21 76
21 120
21 292
21 298
21 372
21 450
21 514
21 595
21 656
21 690
21 855
21 974
21 190
22 26
22 40
22 124
22 170
23 31
23 131
23 442
23 726
25 46
25 48
25 78
25 80
25 109
25 130
25 189
25 197
25 357
25 363
25 368
25 498
25 530
25 638
25 773
25 798
25 811
25 824
25 842
25 856
25 909
25 33
25 55
25 56
25 59
25 63
25 73
25 79
25 81
25 93
25 114
25 132
25 136
26 38
26 66
26 70
26 89
26 120
26 128
26 169
26 213
26 243
26 253
26 317
26 320
26 321
26 362
26 379
26 452
26 463
26 482
26 484
26 500
26 501
26 598
26 602
26 604
26 614
26 617
26 633
26 649
26 688
26 692
26 706
26 707
26 709
26 728
26 747
26 750
26 759
26 814
26 852
26 880
26 897
26 903
26 910
26 920
26 924
26 951
26 958
26 959
26 961
26 977
27 29
27 38
27 183
27 535
27 545
27 578
27 592
27 700
27 725
27 969
27 74
28 596
28 45
28 70
28 87
29 51
29 624
29 679
29 37
29 57
30 96
30 237
30 443
30 678
30 58
30 66
30 88
30 119
30 127
31 44
31 62
31 64
31 146
31 147
31 161
31 267
31 324
31 646
31 867
31 996
31 97
31 157
33 191
34 411
34 526
34 606
34 929
35 39
35 41
35 50
35 54
35 91
35 93
35 102
35 105
35 118
35 123
35 148
35 149
35 150
35 153
36 121
36 226
36 248
36 275
36 671
36 687
36 869
37 748
37 788
37 47
37 113
37 141
38 85
38 137
38 156
38 319
38 327
38 355
38 754
38 919
38 931
38 945
38 40
38 46
38 111
38 130
38 146
39 131
39 384
39 60
39 78
40 857
40 106
41 302
41 62
42 61
42 79
42 105
42 168
42 258
42 290
42 311
42 335
42 425
42 569
42 583
42 607
42 739
42 928
43 787
44 68
44 151
44 285
44 289
44 346
44 370
44 381
44 412
44 485
44 654
44 676
44 716
44 724
44 859
44 936
44 952
44 983
44 201
45 136
45 188
45 610
46 78
46 94
46 102
46 130
46 359
46 391
46 399
46 454
46 519
46 549
46 554
46 863
46 975
46 83
46 128
46 189
47 67
47 71
47 74
47 84
47 110
47 122
47 133
47 147
47 191
47 192
47 218
47 235
47 249
47 252
47 276
47 299
47 309
47 340
47 406
47 418
47 427
47 523
47 541
47 702
47 713
47 753
47 760
47 770
47 809
47 847
47 930
47 964
47 998
48 214
48 262
48 568
48 677
48 127
48 136
50 166
51 53
51 75
51 91
51 143
51 179
51 227
51 336
51 364
51 419
51 421
51 533
51 636
51 648
51 664
51 802
51 879
51 891
51 92
51 100
51 154
52 87
52 893
52 67
53 314
53 169
54 104
54 135
54 137
55 56
55 71
55 92
55 93
55 166
55 180
55 231
55 285
55 287
55 306
55 310
55 347
55 394
55 458
55 472
55 491
55 539
55 577
55 581
55 603
55 712
55 758
55 795
55 830
55 889
55 934
55 963
55 991
55 992
55 70
55 124
56 99
56 172
56 487
56 488
56 559
56 625
56 699
56 165
57 62
57 64
57 99
57 161
57 349
57 420
57 426
57 564
57 760
57 772
57 894
57 907
58 114
59 361
59 69
59 72
59 79
59 115
59 139
59 140
59 141
59 171
60 108
60 140
60 149
60 325
60 870
61 241
61 272
62 123
62 181
62 238
62 396
62 502
62 524
62 546
62 710
62 730
62 789
62 831
62 986
62 990
62 99
63 148
63 165
63 562
63 803
63 823
63 110
63 122
64 92
64 99
64 923
66 116
66 154
66 156
66 332
66 493
66 601
66 839
66 911
66 921
66 993
67 215
67 222
67 297
67 353
67 398
67 563
67 643
67 652
67 663
67 665
67 666
67 682
67 694
67 695
67 703
67 721
67 796
67 800
67 806
67 820
67 821
67 835
67 858
67 971
67 75
68 674
68 708
68 953
68 982
69 75
69 85
69 149
69 159
69 388
69 509
69 689
69 740
69 916
69 917
70 77
70 383
70 743
70 745
70 813
70 845
70 965
70 980
70 82
70 118
70 119
70 125
70 145
70 147
70 151
70 183
71 88
71 228
71 315
71 350
71 668
71 790
72 476
72 849
73 217
73 354
73 435
73 939
73 96
73 140
73 149
74 430
76 378
76 997
78 94
78 486
79 88
79 93
79 150
79 193
79 295
79 342
79 503
79 660
79 675
79 741
79 779
79 801
79 823
80 90
80 348
82 135
82 585
82 615
82 647
82 775
84 160
84 970
85 109
85 126
85 232
85 949
85 995
86 464
86 658
86 816
86 851
86 901
86 906
86 918
86 922
86 955
87 600
88 115
88 203
88 239
88 259
88 498
88 572
88 623
88 673
88 685
88 810
89 395
89 456
89 490
89 520
89 560
89 826
89 884
89 895
90 118
90 189
90 409
90 555
90 888
90 97
91 263
91 338
91 558
91 586
91 124
92 188
92 191
92 344
92 557
92 865
92 930
92 120
93 112
93 165
93 331
93 417
93 424
93 507
93 667
93 874
94 462
95 445
96 371
96 627
96 104
96 131
97 129
98 120
98 134
98 163
98 316
98 321
98 736
99 106
99 132
99 150
99 234
99 260
99 309
99 358
99 382
99 447
99 453
99 510
99 532
99 599
99 622
99 632
99 645
99 746
99 761
99 765
99 767
99 776
99 780
99 882
99 905
99 907
99 938
99 978
100 152
100 245
100 251
100 282
100 470
100 731
101 422
101 529
101 544
101 573
101 609
101 634
101 811
101 184
102 294
102 329
102 639
103 283
103 407
103 465
104 207
104 221
104 271
104 300
104 323
104 708
105 110
105 439
105 962
105 126
106 898
107 274
107 307
107 328
107 352
107 474
107 819
108 186
108 286
108 455
108 620
108 892
109 116
109 118
109 129
109 137
109 141
109 143
109 156
109 162
109 167
109 187
109 204
109 247
109 270
109 313
109 360
109 376
109 380
109 438
109 457
109 492
109 497
109 534
109 613
109 631
109 651
109 701
109 729
109 766
109 768
109 817
109 850
109 854
109 861
109 864
109 866
109 871
109 872
109 880
109 885
109 915
109 926
109 927
109 935
109 943
109 944
109 988
110 122
110 150
110 293
110 351
111 404
111 590
111 786
112 401
114 669
115 139
115 190
115 200
115 225
115 265
115 273
115 402
115 433
115 522
115 527
115 722
115 777
115 827
115 834
115 853
115 899
115 900
115 913
115 946
115 950
116 240
116 405
116 479
116 626
116 649
116 838
116 881
116 890
117 216
117 423
118 147
118 194
118 211
118 268
118 305
118 339
118 343
118 387
118 399
118 518
118 525
118 540
118 551
118 588
118 670
118 698
118 714
118 120
120 762
120 908
123 188
124 553
124 680
124 143
124 148
125 136
125 149
126 545
127 128
129 397
129 591
130 138
130 173
130 478
130 513
130 799
131 471
131 543
131 947
134 584
134 705
135 755
136 192
136 390
136 536
136 538
136 683
136 734
136 751
136 781
136 860
136 878
136 883
137 304
137 566
137 152
137 159
138 174
138 208
138 223
138 246
138 333
138 410
138 556
138 561
138 815
139 233
139 337
139 444
139 497
139 579
139 693
139 717
139 732
139 774
139 808
139 843
139 979
139 155
139 200
140 494
140 160
141 155
141 184
141 194
141 367
141 576
142 531
142 769
142 968
143 169
143 341
143 735
143 977
143 985
143 989
144 250
144 715
145 194
146 160
146 829
146 832
146 875
146 886
146 148
147 198
147 653
147 752
147 836
147 941
147 181
148 277
148 291
148 547
148 804
149 284
149 326
149 377
149 460
149 468
149 506
149 650
149 655
149 684
149 807
151 166
153 374
153 771
153 163
156 158
168 180
173 194
191 199
