0 1
0 2
0 3
0 4
0 10
0 12
0 34
0 36
0 47
0 48
0 57
0 59
0 62
0 68
0 73
0 77
0 78
0 80
0 82
0 86
0 94
0 107
0 113
0 116
0 119
0 131
0 134
0 137
0 138
0 139
0 152
0 158
0 180
0 182
0 187
0 190
0 200
0 228
0 240
0 251
0 255
0 293
0 336
0 368
0 369
0 424
0 460
0 495
0 580
0 619
0 621
0 636
0 647
0 660
0 764
0 767
0 795
0 875
1 2
1 3
1 7
1 11
1 16
1 32
1 67
1 69
1 77
1 80
1 84
1 85
1 102
1 105
1 111
1 115
1 124
1 135
1 142
1 145
1 151
1 154
1 175
1 178
1 181
1 189
1 197
1 203
1 250
1 271
1 326
1 465
1 584
1 586
1 733
1 744
1 952
2 3
2 4
2 5
2 7
2 11
2 17
2 19
2 21
2 26
2 28
2 31
2 36
2 39
2 40
2 53
2 54
2 59
2 61
2 63
2 65
2 66
2 67
2 69
2 70
2 74
2 82
2 86
2 91
2 93
2 103
2 104
2 109
2 110
2 120
2 123
2 130
2 132
2 134
2 139
2 141
2 142
2 150
2 154
2 157
2 158
2 159
2 162
2 164
2 165
2 174
2 178
2 180
2 181
2 188
2 189
2 192
2 194
2 195
2 199
2 201
2 203
2 206
2 217
2 287
2 291
2 302
2 330
2 378
2 389
2 397
2 400
2 402
2 403
2 431
2 440
2 478
2 480
2 492
2 521
2 523
2 538
2 558
2 647
2 656
2 668
2 701
2 705
2 736
2 737
2 760
2 803
2 843
2 877
2 902
2 942
2 953
2 954
2 959
2 992
2 995
3 4
3 5
3 6
3 7
3 9
3 18
3 42
3 44
3 46
3 51
3 56
3 71
3 76
3 80
3 81
3 89
3 95
3 96
3 100
3 101
3 102
3 105
3 109
3 119
3 120
3 121
3 124
3 126
3 127
3 136
3 140
3 142
3 150
3 151
3 153
3 155
3 156
3 159
3 165
3 168
3 169
3 175
3 177
3 179
3 180
3 182
3 184
3 187
3 188
3 191
3 196
3 203
3 207
3 220
3 268
3 318
3 333
3 342
3 356
3 371
3 373
3 394
3 427
3 467
3 474
3 482
3 490
3 499
3 502
3 503
3 537
3 566
3 614
3 623
3 632
3 650
3 654
3 669
3 693
3 747
3 794
3 801
3 811
3 832
3 840
3 983
3 990
4 6
4 8
4 9
4 15
4 54
4 117
4 149
4 290
4 508
4 615
4 653
4 679
4 709
4 732
4 743
4 768
4 879
4 953
4 136
4 29
5 7
5 10
5 13
5 29
5 30
5 63
5 135
5 166
5 173
5 176
5 202
5 203
5 338
5 395
5 418
5 488
5 581
5 677
5 816
5 885
5 904
5 930
6 8
6 39
6 89
6 238
6 366
6 379
6 485
6 489
6 526
6 591
6 620
6 800
6 136
6 7
6 9
6 10
6 13
6 48
6 123
7 10
7 20
7 24
7 29
7 37
7 44
7 78
7 93
7 176
7 202
7 224
7 377
7 511
7 548
7 564
7 587
7 632
7 861
7 911
7 11
7 12
7 15
7 36
7 81
7 112
7 114
7 117
7 119
7 120
7 146
7 151
8 11
8 16
8 23
8 43
8 57
8 71
8 110
8 192
8 229
8 253
8 420
8 439
8 552
8 651
8 691
8 746
8 759
8 773
8 838
8 948
8 961
8 175
9 22
9 23
9 27
9 33
9 40
9 82
9 115
9 167
9 208
9 244
9 306
9 332
9 337
9 392
9 428
9 452
9 464
9 479
9 507
9 518
9 589
9 635
9 645
9 670
9 676
9 708
9 712
9 738
9 753
9 774
9 831
9 888
9 905
9 937
9 962
9 984
9 136
9 19
10 20
10 29
10 128
10 401
10 405
10 600
10 711
10 11
10 14
10 26
10 33
11 12
11 14
11 15
11 25
11 32
11 41
11 56
11 70
11 71
11 85
11 92
11 117
11 152
11 169
11 185
11 191
11 192
11 200
11 214
11 218
11 231
11 234
11 236
11 237
11 252
11 262
11 263
11 278
11 296
11 352
11 370
11 386
11 393
11 410
11 426
11 434
11 436
11 438
11 446
11 448
11 455
11 493
11 494
11 510
11 515
11 539
11 540
11 559
11 572
11 579
11 585
11 599
11 605
11 628
11 649
11 657
11 662
11 706
11 728
11 750
11 754
11 769
11 784
11 806
11 809
11 813
11 835
11 837
11 849
11 869
11 871
11 884
11 894
11 903
11 912
11 920
11 931
11 973
12 14
12 25
12 60
12 125
12 133
12 147
12 194
12 204
12 309
12 321
12 522
12 611
12 631
12 749
12 849
12 136
12 16
12 28
12 35
12 37
12 38
12 52
12 63
12 68
12 72
12 78
12 86
12 99
12 145
12 152
13 26
13 30
13 53
13 143
13 148
13 215
13 288
13 301
13 347
13 429
13 514
13 524
13 560
13 625
13 639
13 742
13 804
13 844
13 856
13 971
13 981
13 994
13 998
13 23
13 31
13 40
13 59
13 77
13 95
13 104
14 56
14 239
14 364
14 419
14 755
14 136
15 17
15 22
15 40
15 47
15 58
15 75
15 83
15 119
15 160
15 170
15 190
15 253
15 256
15 270
15 304
15 350
15 357
15 359
15 453
15 469
15 504
15 533
15 553
15 577
15 667
15 778
15 857
15 873
15 886
15 979
15 136
15 20
15 21
15 54
15 59
15 60
15 116
16 25
16 74
16 374
16 442
16 565
16 701
16 721
16 735
17 22
17 23
17 26
17 27
17 33
17 50
17 68
17 72
17 75
17 82
17 84
17 100
17 130
17 146
17 177
17 210
17 222
17 417
17 445
17 450
17 608
17 718
17 826
17 827
17 978
17 986
18 19
18 64
18 195
18 277
18 699
18 939
19 31
19 45
19 107
19 122
19 195
19 396
19 473
19 509
19 546
19 583
19 655
19 678
19 739
19 802
19 33
19 102
19 125
20 29
20 52
20 53
20 88
20 93
20 109
20 144
20 148
20 254
20 334
20 685
20 686
20 716
20 752
20 819
20 893
20 909
20 938
20 39
20 73
21 105
21 279
21 314
21 815
21 196
22 62
22 275
22 406
22 694
22 834
23 72
23 73
23 75
23 97
23 185
23 225
23 318
23 328
23 443
23 544
23 557
23 567
23 574
23 578
23 613
23 643
23 646
23 743
23 782
23 820
23 914
23 936
23 56
23 68
23 88
23 126
24 44
24 52
24 55
24 154
24 607
24 704
24 982
25 41
25 46
25 59
25 92
25 430
25 460
25 475
25 500
25 527
25 627
25 663
25 664
25 789
25 923
25 960
26 27
26 58
26 69
26 213
26 298
26 672
26 707
26 926
26 949
26 32
26 80
26 105
26 110
26 113
26 141
27 33
27 35
27 50
27 84
27 146
27 346
27 353
27 616
27 825
27 965
28 376
28 136
28 43
28 53
28 132
29 44
29 61
29 267
29 742
29 766
30 103
30 118
30 295
30 313
30 412
30 569
30 571
30 824
30 842
30 910
31 34
31 36
31 51
31 64
31 129
31 132
31 138
31 265
31 375
31 384
31 545
31 675
31 723
31 899
31 988
32 612
32 751
33 37
33 57
33 65
33 131
34 107
34 471
34 506
34 535
34 556
34 136
34 40
34 47
34 54
34 108
35 38
35 136
36 45
36 49
36 65
36 76
36 90
36 122
36 126
36 157
36 273
36 372
36 385
36 463
36 638
36 640
36 792
36 863
36 968
36 976
36 70
37 38
37 72
37 121
38 517
38 531
38 850
38 47
38 92
38 101
39 83
39 121
39 648
39 697
39 876
39 906
40 42
40 45
40 53
40 68
40 76
40 90
40 99
40 129
40 141
40 171
40 211
40 243
40 282
40 297
40 305
40 336
40 340
40 341
40 444
40 466
40 575
40 588
40 596
40 603
40 618
40 637
40 674
40 738
40 777
40 780
40 805
40 822
40 823
40 855
40 897
40 907
40 913
40 932
41 183
41 205
41 310
41 324
41 349
41 367
41 449
41 519
41 604
41 763
41 859
41 866
41 928
42 597
43 55
43 88
43 153
43 315
43 316
43 411
43 422
43 839
43 935
43 136
43 63
43 115
44 79
44 118
44 123
44 156
44 166
44 307
44 458
45 64
45 104
45 133
45 144
45 155
45 269
45 311
45 399
45 408
45 505
45 555
45 757
45 772
45 922
45 944
45 164
46 136
47 101
47 111
48 49
48 104
48 241
48 388
48 404
48 731
48 836
48 941
48 989
49 81
49 114
49 116
49 132
49 162
49 233
49 274
49 423
49 845
49 136
49 50
49 61
49 76
49 87
49 90
49 100
49 118
49 145
51 186
51 573
51 867
51 136
51 154
52 120
53 148
53 193
53 261
53 288
53 320
53 458
53 551
53 702
53 734
53 853
53 874
53 933
53 67
53 70
53 120
53 203
54 136
55 61
55 118
55 173
55 468
55 569
55 634
55 810
55 829
55 890
56 60
56 85
56 371
56 563
56 663
56 695
56 924
56 67
57 223
57 245
57 343
57 381
57 799
58 881
59 496
60 285
60 96
60 133
61 143
61 227
61 281
61 666
61 872
61 985
61 136
61 71
61 74
61 75
61 83
61 87
61 116
61 152
62 136
62 106
62 133
63 824
64 65
64 90
64 375
64 136
65 112
65 287
65 325
65 501
65 562
65 865
65 956
66 880
67 74
67 87
67 94
67 113
67 246
67 345
67 383
67 481
67 484
67 487
67 529
67 536
67 558
67 658
67 689
67 776
67 790
67 796
67 848
67 864
67 892
67 928
67 934
67 955
67 969
67 983
67 95
67 99
67 183
69 91
69 106
69 153
69 163
69 194
69 198
69 212
69 235
69 259
69 289
69 323
69 351
69 476
69 532
69 534
69 561
69 567
69 576
69 595
69 644
69 665
69 671
69 680
69 748
69 761
69 771
69 797
69 852
69 891
69 897
69 921
69 927
69 947
69 964
69 966
69 987
69 991
69 136
69 117
70 722
70 807
70 136
70 92
71 110
71 149
71 226
71 409
71 683
71 837
71 851
71 935
72 188
72 272
72 312
72 629
72 781
72 993
72 189
73 177
73 280
73 435
73 93
73 113
73 119
73 135
73 167
74 85
74 108
74 163
74 641
74 830
74 901
74 136
74 77
74 96
74 113
75 105
75 700
75 137
76 95
76 140
76 362
76 136
77 98
77 201
77 391
77 765
78 103
78 127
78 219
78 950
79 88
79 682
80 132
80 161
80 209
80 317
80 483
80 997
80 137
81 266
81 299
81 387
81 568
81 757
82 260
82 594
82 687
82 788
83 189
83 740
83 784
83 860
83 123
84 96
84 124
84 454
84 597
84 622
84 974
84 980
85 101
85 134
85 150
85 276
85 714
85 755
85 814
85 136
86 730
86 136
87 108
88 156
88 717
89 171
89 186
89 601
89 606
89 659
89 725
89 751
89 951
89 972
90 114
90 459
90 547
90 793
91 201
91 136
91 130
92 216
92 516
92 592
92 182
93 652
93 946
93 150
94 437
94 136
95 114
95 138
95 242
95 387
95 762
95 818
95 940
96 101
96 145
96 153
96 447
96 626
96 661
96 996
98 120
98 889
99 441
99 512
99 136
99 109
100 292
100 451
100 698
100 703
100 741
100 896
100 908
100 107
100 135
101 633
101 900
101 977
101 122
101 144
102 570
103 407
103 472
103 477
103 841
103 868
104 713
104 770
105 145
105 187
105 413
105 593
105 929
105 945
105 980
106 785
106 847
106 136
107 161
107 264
107 425
107 673
107 870
109 136
109 283
109 617
109 975
110 117
110 303
110 398
110 428
110 726
110 150
111 878
112 199
112 414
112 462
113 602
113 688
113 130
114 319
114 798
115 172
116 165
117 756
118 148
118 257
118 390
118 139
119 172
119 221
119 530
119 582
119 917
119 140
119 147
120 286
120 415
120 148
121 355
121 624
121 681
122 138
122 197
123 144
123 360
123 486
124 329
124 331
124 172
126 335
126 457
127 249
127 348
127 461
127 520
127 543
127 642
127 724
128 525
128 193
129 233
129 710
129 779
132 197
132 247
132 727
133 198
133 199
133 230
133 248
133 300
133 327
133 339
133 365
133 433
133 470
133 491
133 498
133 528
133 541
133 542
133 549
133 550
133 609
133 758
133 787
133 791
133 821
133 832
133 833
133 887
133 943
133 967
133 161
133 169
134 191
135 598
135 720
135 828
136 232
136 766
136 946
136 146
137 164
138 421
138 958
139 169
139 183
139 294
139 684
140 166
140 179
140 322
140 344
140 358
140 432
140 690
140 696
140 719
140 745
140 812
140 817
140 833
140 895
140 919
140 970
140 999
140 191
141 363
141 918
141 144
142 166
142 308
142 416
142 630
142 729
142 808
142 854
142 858
142 882
142 949
143 916
143 176
145 963
146 361
146 846
148 202
148 775
148 925
149 692
149 957
149 192
150 168
150 924
151 200
152 189
152 284
152 554
152 715
152 786
152 807
152 883
152 153
153 198
153 258
153 354
153 380
153 382
153 449
153 456
153 497
153 513
153 590
153 610
153 783
153 862
153 898
153 909
153 915
153 930
163 169
170 172
178 196
179 195
