0 1
0 2
0 3
0 4
0 5
0 6
0 13
0 30
0 31
0 40
0 41
0 42
0 63
0 81
0 86
0 166
0 182
0 183
0 202
0 230
0 415
0 428
0 469
0 618
0 710
0 859
0 925
0 935
0 994
1 2
1 3
1 4
1 5
1 7
1 10
1 11
1 12
1 14
1 15
1 17
1 23
1 25
1 33
1 34
1 40
1 41
1 42
1 44
1 54
1 58
1 59
1 62
1 64
1 65
1 71
1 74
1 87
1 88
1 93
1 94
1 95
1 98
1 99
1 100
1 103
1 110
1 116
1 127
1 136
1 139
1 153
1 156
1 159
1 167
1 172
1 176
1 179
1 180
1 181
1 183
1 189
1 194
1 198
1 200
1 203
1 205
1 216
1 221
1 315
1 321
1 324
1 372
1 387
1 412
1 435
1 445
1 534
1 574
1 616
1 654
1 695
1 774
1 780
1 826
1 868
1 879
1 892
1 979
1 987
1 997
2 3
2 4
2 5
2 9
2 11
2 12
2 17
2 21
2 25
2 32
2 33
2 47
2 59
2 62
2 70
2 82
2 86
2 88
2 99
2 100
2 103
2 109
2 110
2 120
2 122
2 130
2 134
2 137
2 144
2 158
2 161
2 164
2 174
2 176
2 184
2 191
2 195
2 200
2 204
2 280
2 323
2 369
2 409
2 451
2 452
2 537
2 577
2 741
2 779
2 819
2 855
2 923
2 933
2 946
2 976
2 986
3 4
3 5
3 8
3 11
3 26
3 36
3 38
3 56
3 64
3 79
3 89
3 94
3 100
3 102
3 121
3 127
3 138
3 139
3 141
3 143
3 144
3 155
3 158
3 163
3 175
3 185
3 233
3 257
3 364
3 374
3 401
3 452
3 516
3 550
3 558
3 653
3 687
3 717
3 757
3 854
3 966
4 5
4 13
4 23
4 27
4 37
4 45
4 50
4 58
4 66
4 67
4 82
4 88
4 92
4 94
4 110
4 117
4 119
4 124
4 131
4 133
4 136
4 140
4 142
4 143
4 146
4 150
4 152
4 155
4 163
4 168
4 171
4 175
4 181
4 185
4 187
4 189
4 190
4 195
4 196
4 198
4 201
4 218
4 284
4 350
4 442
4 476
4 482
4 509
4 561
4 571
4 608
4 713
4 737
4 812
4 814
4 818
4 823
4 832
4 850
4 988
5 6
5 10
5 12
5 22
5 24
5 33
5 44
5 56
5 65
5 66
5 69
5 72
5 80
5 81
5 82
5 101
5 109
5 111
5 115
5 120
5 147
5 150
5 163
5 172
5 188
5 194
5 285
5 311
5 319
5 329
5 349
5 385
5 408
5 477
5 538
5 579
5 603
5 616
5 662
5 688
5 697
5 724
5 773
5 775
5 796
5 805
5 876
6 7
6 9
6 26
6 51
6 95
6 105
6 264
6 439
6 711
6 810
6 93
6 10
6 11
6 18
6 20
6 27
6 30
6 31
6 33
6 38
6 39
6 46
6 59
6 60
6 68
6 78
6 92
6 106
6 110
6 125
6 141
6 146
7 13
7 37
7 238
7 331
7 462
7 670
7 830
7 996
7 93
7 27
7 9
7 10
7 16
7 21
7 23
7 34
7 44
7 62
7 84
7 87
7 106
7 121
7 126
7 140
7 146
8 18
8 47
8 330
8 399
8 195
9 14
9 19
9 23
9 25
9 34
9 40
9 51
9 90
9 96
9 118
9 164
9 177
9 227
9 236
9 271
9 282
9 287
9 298
9 357
9 396
9 412
9 416
9 465
9 473
9 488
9 494
9 496
9 517
9 518
9 553
9 595
9 606
9 643
9 647
9 665
9 669
9 675
9 676
9 690
9 702
9 707
9 722
9 762
9 791
9 793
9 797
9 803
9 804
9 827
9 840
9 891
9 899
9 912
9 915
9 956
9 962
9 995
9 998
9 10
9 53
9 101
9 130
10 573
10 11
10 15
10 19
10 31
10 32
10 40
10 42
10 43
10 50
10 61
10 73
10 96
10 105
10 120
10 131
10 139
10 140
10 142
11 16
11 21
11 22
11 30
11 31
11 39
11 43
11 46
11 77
11 87
11 153
11 191
11 197
11 213
11 231
11 274
11 322
11 340
11 352
11 450
11 455
11 493
11 575
11 587
11 598
11 696
11 807
11 942
11 949
11 951
11 17
11 18
11 24
11 34
11 52
11 57
11 67
12 15
12 20
12 28
12 36
12 42
12 53
12 86
12 89
12 106
12 123
12 146
12 159
12 174
12 251
12 347
12 379
12 524
12 530
12 569
12 671
12 673
12 726
12 742
12 808
12 93
12 26
13 26
13 98
13 134
13 301
13 359
13 443
13 734
13 781
13 829
14 19
14 29
14 35
14 97
14 104
14 131
14 253
14 320
14 362
14 594
14 895
15 20
15 84
15 143
15 446
15 464
15 700
15 17
15 25
15 47
15 78
15 82
15 104
15 120
16 21
16 23
16 46
16 126
16 262
16 523
16 798
16 813
16 825
17 27
17 32
17 34
17 38
17 49
17 65
17 67
17 85
17 195
17 211
17 254
17 565
17 619
17 858
17 872
17 958
17 51
17 124
18 27
18 48
18 104
18 497
18 35
18 65
18 67
18 91
18 94
18 100
18 137
19 61
19 685
19 63
19 77
19 132
20 28
20 245
20 279
20 432
20 466
20 549
20 593
21 22
21 31
21 46
21 54
21 76
21 99
21 147
21 197
21 276
21 651
21 851
21 966
22 41
22 49
22 62
22 141
22 198
22 224
22 228
22 243
22 293
22 302
22 493
22 564
22 919
23 50
23 58
23 108
23 127
23 140
23 161
23 183
23 199
23 258
23 304
23 440
23 448
23 492
23 498
23 553
23 570
23 600
23 645
23 656
23 691
23 698
23 725
23 729
23 751
23 760
23 761
23 776
23 837
23 883
23 898
23 93
23 70
23 176
24 52
24 106
24 433
24 611
24 632
24 890
24 944
24 43
24 68
24 69
24 70
24 71
24 79
24 134
24 135
25 55
25 161
26 449
26 640
26 709
26 908
26 64
27 85
27 104
27 157
27 169
27 204
27 303
27 560
27 758
27 964
27 74
28 371
28 806
29 35
29 173
29 977
30 367
30 436
30 652
30 659
30 913
30 39
30 60
30 115
30 129
31 73
31 137
31 316
31 397
31 418
31 454
31 535
31 664
31 876
31 945
31 36
31 40
31 60
31 133
31 148
32 38
32 47
32 55
32 129
32 273
32 341
32 500
32 37
33 42
33 148
33 242
33 288
33 297
33 51
34 393
34 485
34 639
34 712
34 911
34 921
34 960
35 45
35 67
35 220
35 290
35 778
35 801
35 98
36 56
36 63
36 332
36 384
36 677
36 759
36 59
37 51
37 98
37 124
37 151
37 173
37 193
37 204
37 239
37 244
37 314
37 317
37 383
37 402
37 462
37 487
37 501
37 510
37 519
37 521
37 529
37 547
37 590
37 605
37 607
37 678
37 703
37 730
37 739
37 768
37 770
37 780
37 838
37 852
37 865
37 965
37 999
38 48
38 163
38 203
38 292
38 400
38 528
38 568
38 706
38 787
38 952
38 974
38 57
38 81
40 96
40 144
40 152
40 212
40 215
40 250
40 270
40 327
40 382
40 422
40 438
40 546
40 602
40 754
40 878
40 920
40 950
40 71
41 140
41 257
41 289
41 417
41 649
41 191
42 56
42 60
42 123
42 133
42 554
42 585
42 592
42 646
42 736
42 906
42 963
43 52
43 59
43 62
43 103
43 118
43 126
43 150
43 152
44 299
45 127
45 158
45 173
45 217
45 366
45 658
45 762
45 860
46 70
46 73
46 75
46 77
46 444
46 514
46 599
46 896
46 85
46 89
46 143
47 60
47 63
47 78
47 89
47 107
47 120
47 128
47 141
47 154
47 171
47 229
47 240
47 263
47 265
47 426
47 468
47 475
47 508
47 555
47 588
47 634
47 704
47 753
47 784
47 792
47 863
47 867
47 875
47 904
47 941
47 958
47 980
47 981
47 73
48 112
48 117
48 125
48 144
48 149
48 175
48 223
48 308
48 318
48 346
48 363
48 365
48 396
48 453
48 456
48 461
48 484
48 515
48 532
48 583
48 630
48 633
48 755
48 785
48 795
48 901
48 924
48 937
48 948
48 204
49 87
49 129
49 136
49 145
49 313
49 341
49 403
49 499
49 544
49 556
49 631
49 727
49 846
49 861
49 869
49 894
49 916
49 936
49 953
49 973
49 990
49 205
51 458
51 545
51 578
51 101
51 144
51 153
51 154
52 61
52 91
52 125
52 206
52 380
52 512
52 563
52 613
52 715
52 815
52 972
52 63
53 57
53 267
53 513
54 68
54 75
54 140
54 208
54 249
54 260
54 296
54 648
54 686
54 842
54 853
54 870
54 897
54 918
54 927
54 978
54 989
55 93
56 78
56 107
56 114
56 171
56 336
56 388
56 864
56 882
56 903
56 967
57 820
57 887
57 957
57 171
58 61
58 111
58 235
58 343
58 368
58 511
58 609
58 661
58 800
59 96
59 105
59 130
59 134
59 282
59 335
59 383
59 434
59 467
59 526
59 626
59 627
59 629
59 667
59 708
59 767
59 788
59 839
59 928
59 992
59 87
60 69
60 71
60 105
60 116
60 170
60 411
60 431
60 478
60 597
60 723
60 733
60 886
60 908
60 932
60 954
61 97
61 674
61 939
62 525
62 95
63 64
63 261
63 144
63 156
64 83
64 106
64 122
64 288
64 312
64 617
64 681
65 241
65 376
65 427
65 622
66 620
66 672
67 91
67 103
67 107
67 154
67 155
67 158
67 161
67 209
67 247
67 256
67 269
67 291
67 294
67 300
67 310
67 337
67 360
67 382
67 390
67 410
67 414
67 419
67 429
67 481
67 504
67 557
67 572
67 580
67 584
67 637
67 642
67 699
67 744
67 756
67 783
67 789
67 824
67 831
67 836
67 847
67 883
67 893
67 905
67 917
67 969
67 971
67 983
67 73
67 97
68 107
68 117
68 123
69 171
69 196
69 610
69 612
69 714
69 732
69 790
69 889
70 80
70 623
70 769
70 871
70 124
70 151
71 78
71 89
71 586
71 844
71 74
71 79
71 124
71 138
72 210
73 138
74 191
74 302
74 471
74 566
74 902
74 909
74 914
74 922
74 947
76 991
77 480
77 591
77 934
77 89
78 83
79 166
79 192
79 884
80 126
80 348
80 394
80 540
80 701
80 718
80 772
80 875
80 93
80 199
81 142
81 165
81 888
81 104
82 197
82 83
82 93
82 94
82 103
82 110
82 123
84 127
85 92
85 108
85 114
85 121
85 138
86 102
86 162
86 272
86 463
86 589
86 657
86 683
86 766
87 179
87 219
87 252
87 398
87 551
87 786
87 851
87 975
87 985
88 857
88 880
88 930
89 116
89 156
89 234
89 505
90 182
93 259
93 541
93 786
93 107
93 113
93 130
94 99
94 137
94 275
94 817
94 110
94 121
95 130
95 255
95 281
95 356
96 124
96 670
96 694
96 716
96 743
96 767
96 178
97 190
97 278
97 309
97 910
97 929
97 186
98 101
98 172
98 354
98 638
98 684
98 721
98 984
99 113
99 120
99 123
99 148
99 246
99 283
99 338
99 395
99 421
99 437
99 552
99 799
99 844
99 993
100 248
100 295
100 576
100 763
100 117
100 149
101 160
101 277
101 835
102 132
102 635
103 135
103 151
103 500
103 614
103 749
104 115
104 205
104 361
104 735
105 118
105 178
105 413
105 679
105 748
105 752
105 968
107 114
107 177
107 214
107 237
107 358
107 404
107 407
107 615
107 666
107 668
107 705
107 845
107 900
107 955
107 982
107 170
108 738
109 268
109 881
110 328
110 745
110 938
110 145
111 128
111 378
112 420
112 447
114 849
116 474
117 205
117 508
117 562
117 816
118 165
118 187
118 266
118 470
118 638
118 682
118 848
120 503
120 719
120 802
120 843
121 391
121 147
121 151
122 170
122 345
123 305
124 132
124 184
124 222
124 441
124 491
124 543
124 680
124 999
125 479
126 226
126 342
126 567
126 624
126 689
126 885
126 943
128 177
128 181
128 344
128 381
128 479
128 522
128 644
128 719
128 765
129 193
130 325
130 334
130 339
130 424
130 625
130 692
130 764
130 777
130 822
131 490
132 655
132 771
132 794
132 828
132 133
133 370
133 489
133 604
133 866
133 194
134 548
134 641
134 663
134 931
134 165
135 169
135 180
135 189
135 326
135 423
135 533
135 555
135 621
135 728
135 731
135 862
135 961
136 167
136 193
136 307
136 459
136 562
136 636
137 353
137 377
137 457
138 147
138 342
138 389
138 587
138 834
139 425
139 782
140 582
140 596
140 152
140 185
141 228
141 306
141 483
141 628
141 907
141 970
142 531
143 154
143 167
143 188
143 225
143 232
143 286
143 355
143 373
143 375
143 392
143 405
143 406
143 506
143 520
143 542
143 581
143 660
143 739
143 740
143 747
143 811
143 833
143 856
143 873
143 877
143 940
144 183
144 186
144 386
144 750
145 169
146 527
146 559
147 179
147 472
147 809
147 926
148 193
148 207
148 650
150 154
150 155
151 157
151 430
151 539
151 858
151 874
152 333
152 351
152 495
152 507
152 693
152 720
152 746
152 821
152 841
153 502
154 460
154 486
154 536
154 601
154 959
168 173
173 204
177 194
