0 1
0 2
0 3
0 4
0 6
0 9
0 12
0 13
0 14
0 16
0 17
0 25
0 28
0 29
0 56
0 57
0 59
0 61
0 81
0 88
0 99
0 105
0 107
0 110
0 125
0 138
0 146
0 147
0 149
0 157
0 165
0 169
0 174
0 175
0 176
0 177
0 178
0 181
0 195
0 196
0 201
0 219
0 230
0 245
0 285
0 289
0 324
0 379
0 409
0 545
0 594
0 596
0 622
0 644
0 668
0 682
0 803
0 843
0 852
1 2
1 3
1 4
1 6
1 7
1 8
1 9
1 10
1 11
1 13
1 15
1 17
1 18
1 21
1 22
1 23
1 25
1 27
1 39
1 43
1 46
1 51
1 52
1 53
1 54
1 61
1 64
1 71
1 77
1 78
1 82
1 86
1 91
1 95
1 100
1 102
1 104
1 105
1 108
1 109
1 112
1 113
1 119
1 121
1 126
1 129
1 135
1 136
1 138
1 139
1 140
1 143
1 145
1 164
1 169
1 176
1 178
1 189
1 191
1 231
1 274
1 276
1 318
1 326
1 335
1 338
1 370
1 438
1 460
1 469
1 547
1 560
1 613
1 638
1 686
1 709
1 781
1 853
2 3
2 5
2 8
2 22
2 27
2 34
2 44
2 45
2 53
2 55
2 57
2 73
2 74
2 81
2 84
2 89
2 98
2 102
2 104
2 106
2 113
2 119
2 121
2 127
2 130
2 141
2 146
2 150
2 152
2 163
2 164
2 175
2 188
2 194
2 195
2 199
2 222
2 237
2 247
2 248
2 333
2 390
2 393
2 421
2 448
2 452
2 479
2 496
2 512
2 572
2 642
2 650
2 694
2 717
2 749
2 770
2 806
2 809
2 935
2 986
2 987
2 990
3 4
3 5
3 6
3 7
3 16
3 27
3 29
3 30
3 31
3 32
3 45
3 46
3 57
3 58
3 61
3 62
3 66
3 68
3 70
3 71
3 76
3 81
3 85
3 89
3 90
3 98
3 99
3 105
3 107
3 109
3 110
3 114
3 120
3 127
3 128
3 144
3 145
3 146
3 150
3 157
3 165
3 168
3 170
3 171
3 172
3 173
3 184
3 188
3 196
3 197
3 202
3 208
3 217
3 249
3 313
3 349
3 387
3 403
3 503
3 536
3 563
3 577
3 589
3 609
3 660
3 692
3 705
3 707
3 769
3 796
3 827
3 839
3 859
3 899
3 925
3 943
3 952
3 977
4 5
4 20
4 28
4 30
4 32
4 37
4 65
4 72
4 117
4 162
4 392
4 409
4 417
4 494
4 601
4 643
4 799
4 89
4 57
4 8
4 14
4 16
4 113
5 7
5 9
5 10
5 20
5 28
5 29
5 34
5 36
5 37
5 41
5 46
5 59
5 62
5 63
5 74
5 80
5 85
5 102
5 107
5 117
5 118
5 121
5 130
5 135
5 214
5 224
5 225
5 251
5 288
5 294
5 312
5 315
5 328
5 334
5 336
5 346
5 358
5 366
5 368
5 376
5 397
5 432
5 442
5 458
5 465
5 474
5 509
5 517
5 518
5 539
5 555
5 558
5 575
5 588
5 629
5 632
5 637
5 640
5 646
5 674
5 687
5 719
5 757
5 760
5 774
5 779
5 782
5 784
5 798
5 811
5 823
5 860
5 862
5 864
5 866
5 867
5 874
5 886
5 893
5 902
5 907
5 913
5 916
5 921
5 927
5 930
5 936
5 941
5 942
5 947
5 960
5 964
5 982
5 992
5 57
5 89
5 23
6 11
6 12
6 24
6 33
6 54
6 78
6 108
6 114
6 204
6 208
6 243
6 258
6 339
6 528
6 614
6 688
6 796
6 57
7 19
7 39
7 44
7 102
7 111
7 120
7 160
7 165
7 277
7 298
7 329
7 356
7 377
7 429
7 456
7 475
7 478
7 489
7 620
7 631
7 639
7 663
7 664
7 684
7 733
7 740
7 793
7 882
7 890
7 891
7 904
7 912
7 958
7 89
8 9
8 38
8 89
8 10
8 11
8 28
8 30
8 41
8 42
8 43
8 46
8 53
8 84
8 85
8 101
8 105
8 128
8 140
8 150
8 152
9 20
9 38
9 45
9 50
9 52
9 83
9 96
9 98
9 103
9 111
9 117
9 120
9 126
9 135
9 145
9 166
9 175
9 179
9 197
9 223
9 226
9 267
9 281
9 282
9 303
9 320
9 337
9 351
9 416
9 420
9 428
9 443
9 459
9 463
9 522
9 524
9 542
9 549
9 562
9 587
9 602
9 624
9 634
9 639
9 676
9 681
9 700
9 706
9 710
9 712
9 716
9 720
9 725
9 744
9 764
9 791
9 802
9 820
9 821
9 856
9 863
9 870
9 878
9 885
9 894
9 896
9 929
9 976
10 42
10 57
10 30
10 32
10 61
10 63
10 107
11 12
11 23
11 206
11 477
11 523
11 553
12 15
12 26
12 325
12 357
12 363
12 374
12 623
12 669
12 746
12 794
13 32
13 144
13 153
13 286
13 305
13 378
13 425
13 446
13 499
13 552
13 600
13 822
13 57
13 59
13 60
14 19
14 119
14 605
14 730
14 57
14 18
14 65
14 67
14 89
14 96
14 101
15 27
15 35
15 38
15 43
15 44
15 64
15 109
15 112
15 139
15 155
15 175
15 202
15 240
15 306
15 307
15 375
15 396
15 445
15 457
15 477
15 582
15 586
15 652
15 655
15 696
15 841
15 844
15 966
15 979
15 57
15 18
15 26
15 29
15 61
15 81
15 184
16 25
16 362
16 657
16 679
16 695
16 24
16 122
17 73
17 124
17 981
17 57
18 140
18 683
18 765
18 59
18 74
18 83
18 95
18 98
18 100
18 126
18 148
19 29
19 41
19 471
19 521
19 702
19 57
19 33
19 55
19 104
19 165
20 69
20 77
20 439
21 22
21 38
21 40
21 54
21 73
21 112
21 133
21 395
21 470
21 505
21 561
21 626
21 648
21 723
21 729
21 750
21 766
21 789
21 808
21 818
21 832
21 895
21 928
21 965
21 57
22 24
22 33
22 184
23 67
23 88
23 89
23 284
23 309
23 310
23 386
23 466
23 544
23 689
23 872
23 876
23 62
24 26
24 900
24 73
24 152
25 28
25 31
25 42
25 47
25 68
25 116
25 143
25 151
25 203
25 238
25 260
25 264
25 308
25 327
25 345
25 361
25 369
25 387
25 427
25 435
25 515
25 557
25 665
25 675
25 698
25 699
25 753
25 759
25 814
25 868
25 898
25 173
26 35
26 40
26 48
26 82
26 92
26 111
26 112
27 78
27 400
27 568
27 737
28 31
28 90
28 93
28 114
28 176
28 220
28 234
28 242
28 262
28 399
28 431
28 486
28 673
28 678
28 754
28 854
28 871
28 888
28 922
28 956
28 969
28 998
28 178
29 56
29 186
29 322
29 540
29 703
29 800
30 407
30 621
30 797
30 31
30 66
30 77
30 124
30 130
30 147
31 48
31 84
31 101
31 129
31 151
31 157
31 172
31 319
31 347
31 534
31 752
31 955
31 970
31 57
31 36
31 96
31 132
31 141
31 145
32 34
32 47
32 72
32 84
32 90
32 101
32 125
32 162
32 183
32 205
32 215
32 218
32 250
32 253
32 350
32 398
32 405
32 406
32 415
32 448
32 468
32 487
32 490
32 492
32 504
32 511
32 513
32 514
32 529
32 578
32 590
32 667
32 722
32 743
32 756
32 768
32 777
32 790
32 792
32 829
32 834
32 889
32 910
32 913
32 915
32 957
32 962
32 984
32 989
32 57
33 35
33 60
33 94
33 122
33 158
33 161
33 185
33 201
33 256
33 299
33 354
33 373
33 394
33 411
33 412
33 451
33 461
33 498
33 516
33 556
33 576
33 610
33 619
33 651
33 685
33 687
33 697
33 773
33 813
33 836
33 855
33 861
33 875
33 919
33 997
33 135
33 150
34 77
34 198
34 269
34 304
34 440
34 585
35 99
35 89
35 36
35 37
35 47
35 49
35 64
35 70
35 127
35 131
35 135
35 137
36 44
36 48
36 49
36 50
36 54
36 74
36 85
36 93
36 95
36 103
36 108
36 122
36 171
37 63
37 79
37 86
37 157
37 347
37 691
37 807
37 819
37 840
37 961
38 49
38 82
38 491
38 507
38 574
38 771
38 842
38 846
39 49
39 75
39 221
39 429
39 845
39 972
39 89
40 483
40 993
40 994
41 53
41 58
41 116
41 118
41 161
41 181
41 241
41 344
41 546
41 701
41 734
41 763
41 983
41 57
41 128
41 190
42 46
42 47
42 60
42 84
42 86
42 141
42 180
42 189
42 210
42 270
42 278
42 294
42 300
42 364
42 382
42 476
42 510
42 581
42 598
42 816
42 838
42 869
42 963
42 89
42 52
42 97
42 116
42 124
43 82
43 196
43 233
43 444
43 480
43 565
43 767
43 824
43 881
43 52
43 71
44 75
44 140
44 229
44 402
44 519
44 520
44 533
44 654
44 879
45 71
45 87
45 209
45 280
45 321
45 355
45 398
45 464
45 488
45 564
45 591
45 865
45 905
45 914
45 948
45 200
46 119
46 263
46 413
46 454
46 758
46 849
46 884
46 931
46 933
46 201
47 68
47 90
47 147
47 156
47 163
47 314
47 592
47 715
47 805
48 154
48 828
48 104
49 70
49 67
49 88
49 136
50 165
50 167
50 216
50 437
50 447
50 508
50 569
50 615
50 61
51 69
51 83
51 232
51 391
51 473
51 497
51 776
51 783
51 785
51 883
51 940
52 198
52 559
52 86
52 87
52 116
52 134
52 138
52 149
52 151
53 158
53 180
53 181
53 56
53 71
53 97
54 55
54 67
54 124
54 179
54 191
54 207
54 449
54 481
54 550
54 612
54 721
54 812
54 865
54 909
54 86
55 630
55 57
56 69
56 92
57 64
57 106
57 126
57 200
57 266
57 279
57 302
57 543
57 857
57 858
57 880
57 89
57 70
57 73
57 83
57 103
57 105
57 121
57 125
59 95
59 186
59 410
59 593
59 742
59 786
60 178
60 190
60 213
60 666
60 129
61 526
61 718
61 938
61 79
61 88
62 69
62 80
62 97
62 121
62 180
62 190
62 257
62 299
62 352
62 527
62 635
62 662
62 672
62 701
62 713
62 850
62 892
62 971
62 978
62 991
63 127
63 147
63 197
64 75
64 133
64 301
64 348
64 501
64 525
64 537
64 751
64 801
64 831
64 973
64 995
64 110
67 467
67 736
67 739
67 778
67 917
67 115
68 342
68 502
68 579
68 804
68 172
69 187
69 508
69 606
70 182
70 817
70 114
71 211
71 428
71 465
71 659
71 837
72 633
73 79
73 500
73 81
73 109
73 146
74 93
75 92
75 120
75 127
75 177
75 235
75 583
75 731
75 788
75 830
75 945
75 951
76 212
76 240
76 897
77 132
77 341
77 618
77 727
78 88
78 732
78 873
79 584
79 724
79 735
79 908
80 462
81 290
81 472
81 495
81 597
81 833
81 980
82 200
82 489
82 974
83 89
83 111
84 244
84 275
84 295
84 340
84 404
84 658
84 711
84 887
84 934
86 100
86 530
87 124
88 108
88 122
88 332
88 424
89 185
89 680
89 920
89 99
89 118
89 126
90 100
90 115
90 142
90 261
90 296
90 365
90 541
90 595
90 616
90 768
90 847
91 149
91 155
91 538
93 147
93 189
93 252
93 641
94 548
95 273
95 573
95 653
95 136
96 108
96 114
97 316
97 430
98 104
98 131
98 343
98 580
98 611
98 747
98 950
99 148
99 194
99 268
99 359
99 554
99 608
99 671
99 738
99 762
99 787
99 848
99 901
99 923
99 932
100 101
100 146
100 254
100 259
100 679
100 690
101 693
101 109
101 129
101 150
101 183
102 656
102 825
103 625
104 441
104 627
104 877
105 134
105 236
105 239
105 283
105 383
105 453
105 708
105 748
105 851
105 967
105 126
105 145
106 111
106 229
106 531
107 246
107 826
107 959
108 401
109 166
109 177
109 192
109 384
109 455
110 911
111 297
111 926
112 408
112 599
112 810
113 367
114 271
114 275
114 319
114 372
114 388
114 414
114 423
114 482
114 547
114 566
114 604
114 726
114 728
114 780
114 924
114 988
114 203
115 134
115 227
115 272
115 433
115 506
115 647
115 761
115 827
115 999
116 143
116 183
116 484
116 493
116 714
116 949
116 975
116 169
118 193
118 311
118 607
119 137
120 192
120 434
120 938
121 150
121 167
121 203
121 323
121 330
121 360
121 380
121 389
121 426
121 535
121 567
121 603
121 775
121 946
121 953
121 954
122 123
122 745
123 136
123 795
124 155
124 291
124 292
124 670
124 139
125 265
125 353
125 772
126 166
126 371
126 755
127 153
127 422
127 463
127 532
127 175
128 141
128 450
128 628
128 186
129 903
130 944
132 704
132 741
132 996
132 133
133 317
133 815
136 418
136 636
137 143
138 159
138 180
139 645
140 419
140 649
140 918
140 939
140 946
140 985
141 159
141 255
141 551
141 571
142 381
142 436
143 835
144 174
145 228
145 153
145 177
146 163
146 570
146 617
146 657
146 661
146 677
148 287
148 840
149 841
150 154
150 293
150 331
150 485
150 906
150 968
151 385
151 937
195 197
