0 1
0 2
0 3
0 7
0 36
0 45
0 47
0 54
0 59
0 79
0 82
0 116
0 117
0 118
0 135
0 137
0 160
0 164
0 188
0 198
0 202
0 209
0 242
0 277
0 333
0 389
0 412
0 426
0 527
0 543
0 672
0 695
0 811
0 901
1 2
1 3
1 4
1 5
1 6
1 8
1 10
1 11
1 12
1 17
1 18
1 21
1 23
1 27
1 32
1 33
1 36
1 37
1 41
1 43
1 45
1 48
1 49
1 50
1 52
1 53
1 58
1 62
1 63
1 66
1 68
1 69
1 71
1 75
1 77
1 79
1 84
1 94
1 97
1 100
1 107
1 108
1 110
1 117
1 119
1 120
1 122
1 128
1 129
1 130
1 132
1 133
1 134
1 136
1 142
1 143
1 145
1 146
1 156
1 161
1 166
1 168
1 169
1 171
1 179
1 180
1 183
1 184
1 185
1 189
1 190
1 198
1 200
1 203
1 216
1 281
1 310
1 311
1 330
1 388
1 443
1 447
1 449
1 451
1 463
1 465
1 472
1 512
1 522
1 560
1 583
1 586
1 590
1 600
1 627
1 634
1 650
1 713
1 714
1 738
1 751
1 758
1 780
1 839
1 842
1 870
1 929
1 931
1 980
1 989
2 3
2 5
2 6
2 10
2 16
2 18
2 22
2 28
2 29
2 35
2 36
2 37
2 38
2 41
2 45
2 52
2 53
2 54
2 56
2 64
2 77
2 78
2 79
2 80
2 81
2 82
2 90
2 95
2 102
2 106
2 108
2 110
2 111
2 112
2 119
2 120
2 121
2 123
2 130
2 144
2 145
2 148
2 152
2 156
2 161
2 162
2 163
2 164
2 167
2 171
2 179
2 180
2 184
2 185
2 191
2 192
2 195
2 198
2 202
2 304
2 336
2 345
2 375
2 432
2 440
2 448
2 455
2 514
2 553
2 554
2 556
2 585
2 596
2 604
2 642
2 703
2 797
2 858
2 894
2 910
2 914
2 922
2 924
2 950
2 970
2 991
3 10
3 14
3 17
3 22
3 28
3 51
3 64
3 68
3 69
3 73
3 74
3 79
3 80
3 88
3 90
3 92
3 97
3 110
3 117
3 118
3 124
3 127
3 134
3 143
3 148
3 154
3 161
3 163
3 170
3 193
3 195
3 199
3 203
3 272
3 312
3 317
3 351
3 358
3 373
3 406
3 516
3 539
3 540
3 843
3 849
3 853
3 877
3 885
3 919
3 940
4 7
4 12
4 13
4 15
4 45
4 93
4 258
4 349
4 469
4 595
4 134
4 6
4 8
4 16
4 17
4 24
4 31
4 41
4 66
4 75
4 136
5 6
5 39
5 49
5 113
5 139
5 269
5 292
5 306
5 318
5 376
5 377
5 433
5 501
5 521
5 641
5 661
5 692
5 701
5 979
6 31
6 39
6 49
6 50
6 55
6 71
6 84
6 87
6 100
6 102
6 105
6 113
6 126
6 140
6 141
6 149
6 153
6 188
6 214
6 217
6 220
6 227
6 228
6 245
6 284
6 307
6 352
6 367
6 421
6 450
6 475
6 493
6 499
6 538
6 605
6 649
6 676
6 734
6 739
6 746
6 784
6 786
6 819
6 825
6 857
6 864
6 871
6 904
6 907
6 909
6 922
6 935
6 945
6 949
6 951
6 966
6 976
6 988
6 14
6 38
6 51
7 12
7 14
7 27
7 34
7 48
7 92
7 229
7 244
7 249
7 353
7 407
7 483
7 509
7 510
7 532
7 552
7 580
7 737
7 749
7 783
7 807
7 860
7 872
7 886
7 934
7 943
7 948
7 972
7 983
7 134
7 15
7 107
8 9
8 10
8 19
8 22
8 26
8 46
8 75
8 81
8 131
8 134
8 181
8 223
8 256
8 282
8 319
8 322
8 403
8 439
8 444
8 477
8 533
8 549
8 551
8 614
8 660
8 694
8 700
8 777
8 827
8 961
8 12
8 21
8 27
8 32
8 49
8 51
8 60
8 68
9 178
9 241
10 16
10 17
10 19
10 24
10 25
10 35
10 42
10 44
10 47
10 75
10 78
10 103
10 115
10 129
10 146
10 186
10 187
10 200
10 230
10 236
10 246
10 305
10 309
10 320
10 338
10 378
10 391
10 434
10 453
10 462
10 467
10 479
10 492
10 541
10 555
10 562
10 566
10 573
10 574
10 577
10 608
10 611
10 618
10 623
10 625
10 630
10 643
10 648
10 673
10 712
10 721
10 729
10 736
10 753
10 775
10 798
10 850
10 852
10 887
10 893
10 908
10 913
10 967
10 985
11 765
12 13
12 26
12 29
12 130
12 169
12 191
12 201
12 519
12 544
12 134
12 14
12 17
12 24
12 34
12 46
12 63
12 72
12 86
12 104
12 118
12 160
12 203
13 18
13 48
13 57
13 151
13 323
13 689
14 19
14 33
14 55
14 63
14 111
14 123
14 132
14 174
14 177
14 189
14 196
14 231
14 248
14 263
14 264
14 279
14 299
14 321
14 326
14 329
14 370
14 420
14 452
14 459
14 465
14 480
14 490
14 511
14 578
14 652
14 657
14 708
14 719
14 726
14 727
14 744
14 773
14 799
14 801
14 814
14 817
14 837
14 876
14 918
14 953
14 18
14 23
14 101
14 118
15 252
15 454
15 58
15 84
15 86
15 116
16 186
16 637
16 829
16 883
16 20
16 21
16 43
16 51
16 57
16 58
16 90
16 113
16 114
16 142
17 24
17 55
17 61
17 72
17 116
17 142
17 154
17 155
17 159
17 182
17 186
17 255
17 537
17 632
17 667
17 679
17 696
17 813
17 815
17 902
17 946
17 19
17 25
17 26
17 29
17 31
17 36
17 50
17 53
17 62
17 76
17 78
17 90
17 91
17 118
17 125
17 132
17 140
17 147
18 40
18 146
19 20
19 25
19 42
19 50
19 59
19 61
19 72
19 86
19 138
19 142
19 146
19 149
19 162
19 166
19 179
19 195
19 198
19 204
19 215
19 236
19 251
19 253
19 259
19 274
19 300
19 315
19 333
19 347
19 366
19 379
19 380
19 394
19 402
19 417
19 457
19 478
19 491
19 500
19 537
19 579
19 582
19 596
19 602
19 610
19 632
19 648
19 697
19 699
19 732
19 754
19 793
19 795
19 806
19 808
19 809
19 846
19 882
19 885
19 888
19 896
19 900
19 903
19 928
19 954
19 955
19 997
19 30
19 40
19 103
20 39
21 106
21 42
21 185
22 28
22 41
22 46
22 59
22 90
22 127
22 131
22 155
22 166
22 173
22 212
22 276
22 350
22 405
22 428
22 436
22 458
22 506
22 524
22 558
22 669
22 730
22 733
22 742
22 745
22 748
22 782
22 792
22 866
22 937
22 994
23 47
23 134
23 111
24 30
24 61
24 93
24 177
24 187
24 210
24 225
24 343
24 421
24 445
24 617
24 655
24 662
24 743
24 873
24 899
24 946
24 25
24 34
24 35
24 40
24 60
24 130
25 134
25 48
25 57
25 74
25 76
25 80
25 109
25 112
25 145
26 138
26 197
26 350
26 613
26 624
26 680
26 683
26 778
26 855
26 39
26 77
26 97
26 145
27 34
27 119
27 135
27 138
27 171
27 718
27 134
27 47
27 75
27 124
28 47
28 317
28 134
28 150
29 60
29 89
29 289
29 346
29 629
29 658
29 711
29 740
29 759
29 767
29 134
29 121
29 183
30 101
30 81
30 103
31 36
31 40
31 45
31 61
31 67
31 69
31 100
31 107
31 148
32 57
32 419
32 78
32 135
33 43
33 54
33 85
33 254
33 416
33 513
33 821
33 832
34 43
34 62
34 121
34 150
34 359
34 936
34 129
34 133
34 190
35 37
35 240
35 270
35 278
35 314
35 327
35 561
35 570
35 651
35 44
35 134
35 157
36 56
36 60
36 67
36 70
36 73
36 109
36 114
36 125
36 128
36 130
36 157
36 165
36 169
36 207
36 232
36 235
36 288
36 290
36 316
36 357
36 361
36 365
36 382
36 401
36 431
36 482
36 503
36 509
36 531
36 546
36 561
36 564
36 612
36 640
36 646
36 647
36 663
36 689
36 690
36 691
36 693
36 704
36 715
36 717
36 741
36 755
36 763
36 776
36 779
36 802
36 803
36 823
36 830
36 844
36 845
36 868
36 877
36 880
36 881
36 892
36 923
36 927
36 930
36 933
36 941
36 944
36 952
36 958
36 973
36 999
36 42
36 54
36 116
36 131
36 164
37 104
37 395
37 430
37 959
38 176
39 77
39 98
39 188
39 194
39 293
39 656
39 960
39 968
39 978
39 134
39 113
39 141
39 163
40 66
40 69
40 96
41 466
41 497
41 61
42 53
42 68
42 98
42 102
42 122
43 404
43 810
43 926
44 53
44 60
44 138
44 179
45 65
45 83
45 89
45 400
45 645
45 731
45 134
46 395
47 257
47 756
47 938
48 57
48 112
48 150
48 239
48 301
48 383
48 387
48 396
48 399
48 536
48 609
48 622
48 762
48 836
48 860
49 69
49 71
49 76
49 194
49 266
49 332
49 386
49 442
49 456
49 707
49 752
49 761
49 791
49 865
49 906
49 70
50 182
50 222
50 355
50 505
50 681
50 889
50 915
51 61
51 84
51 126
52 62
52 368
52 957
53 59
53 156
53 219
53 331
53 415
53 496
53 771
53 963
53 83
53 144
54 638
54 134
54 88
55 84
55 180
55 325
55 342
55 418
55 905
56 150
56 237
56 344
56 542
56 601
56 615
56 659
56 787
56 820
56 835
56 879
57 60
57 68
57 70
57 93
57 97
57 112
57 158
57 247
57 308
57 620
57 644
57 710
57 724
57 804
57 987
57 998
57 59
59 88
59 104
59 125
59 261
59 393
59 414
59 424
59 468
59 496
59 826
59 912
59 111
59 147
60 96
60 124
60 362
60 484
60 74
60 82
60 121
60 138
61 149
61 548
61 113
61 180
62 508
63 144
64 124
64 303
64 535
65 69
65 77
65 120
65 151
65 170
65 175
65 191
65 238
65 243
65 287
65 302
65 334
65 339
65 361
65 363
65 374
65 441
65 495
65 523
65 581
65 674
65 678
65 688
65 702
65 767
65 770
65 789
65 828
65 838
65 895
65 947
65 982
67 114
67 121
67 136
67 328
67 381
67 435
67 547
67 639
67 862
67 920
67 986
67 83
67 140
68 94
68 95
68 165
68 422
68 507
68 869
69 94
69 95
69 99
69 102
69 144
69 298
69 408
69 591
69 597
69 670
69 851
69 942
70 197
71 126
71 167
71 170
71 369
71 398
71 498
71 563
71 567
71 588
71 921
71 965
72 116
72 628
72 132
73 85
73 109
73 114
73 152
73 185
73 190
73 247
73 271
73 324
73 371
73 397
73 409
73 460
73 461
73 606
73 619
73 685
73 772
73 773
73 847
73 884
73 897
73 957
73 964
73 995
73 996
74 99
74 534
74 571
74 805
74 175
75 93
76 126
76 260
76 545
76 707
76 932
76 85
77 296
78 205
78 429
78 446
78 481
78 504
78 598
79 203
79 206
79 211
79 759
79 778
79 868
80 354
80 666
80 698
80 750
80 785
80 818
80 867
80 917
81 285
81 88
81 115
81 128
83 87
83 183
83 208
83 234
83 243
83 384
83 518
83 530
83 559
83 640
83 769
83 833
83 859
83 925
83 984
84 520
84 863
85 268
85 294
86 515
86 177
87 594
87 134
87 106
89 91
89 115
89 181
89 280
89 283
89 410
89 464
89 471
89 557
89 593
89 684
89 706
89 840
89 875
89 962
89 969
90 250
90 846
90 100
90 104
90 172
92 174
92 529
92 760
92 856
93 153
93 275
93 372
93 494
93 587
93 653
93 874
93 956
94 235
94 335
94 364
94 425
94 576
94 626
94 698
94 725
94 840
94 975
95 96
95 145
95 199
95 226
95 392
95 427
95 599
95 665
95 687
95 720
95 764
95 916
96 262
96 709
96 788
96 812
96 841
96 928
97 390
97 890
99 898
102 144
102 437
102 848
103 267
103 438
103 504
103 794
104 878
104 131
106 213
107 621
107 117
108 117
108 488
108 800
108 974
109 189
109 221
109 122
109 125
109 130
109 148
110 162
110 816
111 147
111 224
111 528
111 592
111 939
112 286
112 476
112 635
112 766
113 127
113 188
114 489
114 526
114 824
114 842
114 196
115 577
116 159
116 768
116 990
117 138
117 178
117 337
117 166
120 607
120 757
120 993
121 172
121 239
121 728
121 141
123 161
124 834
125 313
125 470
125 550
125 796
126 486
126 616
126 790
127 340
127 565
127 822
130 677
132 176
132 517
132 992
134 584
134 145
134 152
135 157
135 308
135 668
136 485
136 981
138 273
138 348
138 393
138 568
138 569
138 575
138 589
138 654
138 705
138 735
138 878
138 880
138 891
138 911
138 971
140 159
140 186
141 175
141 233
141 341
141 502
141 525
141 785
141 977
142 487
143 298
143 360
143 675
143 686
143 854
144 291
144 385
144 411
144 423
144 631
144 671
144 831
144 861
144 193
145 572
145 603
145 716
146 723
147 633
148 413
148 682
148 774
149 218
149 781
149 154
150 356
150 580
150 636
150 639
151 265
151 474
153 154
153 295
153 297
153 473
153 664
153 722
153 747
155 198
156 162
168 179
