0 1
0 2
0 3
0 4
0 9
0 12
0 18
0 19
0 30
0 33
0 73
0 94
0 109
0 114
0 116
0 122
0 130
0 135
0 139
0 175
0 179
0 184
0 187
0 189
0 202
0 203
0 232
0 270
0 284
0 305
0 308
0 359
0 411
0 412
0 431
0 561
0 573
0 610
0 739
0 936
0 989
1 2
1 3
1 4
1 5
1 10
1 15
1 25
1 26
1 38
1 55
1 69
1 75
1 78
1 79
1 81
1 84
1 86
1 91
1 104
1 106
1 107
1 119
1 123
1 126
1 135
1 136
1 142
1 143
1 145
1 153
1 162
1 163
1 164
1 165
1 167
1 179
1 187
1 188
1 197
1 202
1 220
1 234
1 325
1 343
1 345
1 393
1 426
1 474
1 618
1 637
1 651
1 667
1 700
1 702
1 751
1 784
1 787
1 815
1 834
1 958
2 3
2 4
2 7
2 19
2 24
2 31
2 38
2 56
2 61
2 66
2 85
2 89
2 98
2 107
2 112
2 113
2 116
2 120
2 125
2 126
2 132
2 134
2 135
2 145
2 147
2 154
2 155
2 156
2 178
2 182
2 193
2 194
2 197
2 309
2 313
2 326
2 373
2 376
2 424
2 456
2 492
2 499
2 533
2 549
2 604
2 610
2 711
2 718
2 744
2 757
2 771
2 773
2 786
2 793
2 798
2 921
2 966
2 968
3 4
3 5
3 8
3 14
3 16
3 23
3 31
3 49
3 63
3 72
3 83
3 86
3 96
3 114
3 121
3 128
3 132
3 135
3 139
3 162
3 168
3 176
3 188
3 251
3 316
3 327
3 452
3 480
3 554
3 560
3 569
3 624
3 664
3 666
3 714
3 723
3 763
3 836
3 851
3 880
3 960
3 970
4 6
4 7
4 13
4 18
4 22
4 25
4 26
4 27
4 29
4 33
4 45
4 48
4 49
4 52
4 54
4 57
4 59
4 71
4 76
4 77
4 81
4 84
4 86
4 87
4 89
4 92
4 98
4 100
4 101
4 111
4 114
4 115
4 116
4 121
4 127
4 129
4 141
4 144
4 146
4 147
4 152
4 153
4 154
4 157
4 165
4 168
4 169
4 171
4 173
4 174
4 184
4 197
4 201
4 206
4 215
4 235
4 237
4 300
4 318
4 331
4 346
4 382
4 418
4 455
4 458
4 464
4 511
4 529
4 617
4 629
4 742
4 804
4 808
4 811
4 813
4 826
4 846
4 871
4 889
4 898
4 969
5 207
5 268
5 782
6 20
6 205
6 754
6 861
6 96
6 24
6 7
6 8
6 15
6 21
6 22
6 25
6 26
6 35
6 40
6 47
6 49
6 51
6 53
6 54
6 63
6 66
6 71
6 72
6 76
6 79
6 84
6 101
6 126
6 133
6 137
7 14
7 40
7 89
7 180
7 181
7 196
7 288
7 461
7 713
7 734
7 913
7 96
7 8
7 15
7 45
7 70
7 78
7 146
8 13
8 17
8 36
8 64
8 97
8 131
8 154
8 160
8 542
8 680
8 839
8 997
8 96
8 11
8 12
8 14
8 29
8 33
8 38
8 54
8 55
9 10
9 11
9 30
9 159
9 447
10 11
10 12
10 21
10 22
10 26
10 31
10 32
10 43
10 45
10 53
10 62
10 63
10 67
10 83
10 94
10 96
10 101
10 105
10 112
10 132
10 143
10 148
10 151
10 166
10 187
10 201
10 216
10 226
10 234
10 242
10 267
10 271
10 279
10 282
10 298
10 315
10 341
10 348
10 394
10 396
10 425
10 466
10 484
10 497
10 523
10 527
10 531
10 541
10 550
10 588
10 596
10 614
10 647
10 678
10 703
10 720
10 728
10 733
10 743
10 794
10 802
10 821
10 832
10 856
10 870
10 898
10 911
10 960
10 963
10 971
10 973
10 999
11 12
11 16
11 53
11 730
11 22
11 40
11 106
11 111
12 26
12 342
12 430
12 790
12 859
12 955
12 96
12 18
12 29
12 42
12 58
12 59
12 65
12 77
12 110
12 118
12 153
13 19
13 223
13 653
13 925
13 96
13 68
13 90
13 93
14 29
14 37
14 40
14 48
14 59
14 134
14 178
14 299
14 349
14 385
14 427
14 508
14 510
14 571
14 619
14 625
14 646
14 661
14 854
14 881
14 930
14 939
14 96
14 28
14 33
14 57
14 109
16 53
16 119
16 191
16 200
16 317
16 405
16 407
16 96
16 41
16 80
16 92
17 18
17 24
17 28
17 35
17 46
17 49
17 61
17 71
17 103
17 137
17 152
17 204
17 258
17 283
17 290
17 296
17 388
17 391
17 397
17 420
17 422
17 434
17 487
17 500
17 519
17 679
17 756
17 769
17 885
17 899
18 23
18 41
18 48
18 60
18 74
18 90
18 95
18 103
18 113
18 192
18 222
18 259
18 262
18 328
18 338
18 368
18 515
18 608
18 658
18 738
18 799
18 800
18 805
18 873
18 923
18 932
18 96
18 19
19 22
19 34
19 63
19 128
19 213
19 248
19 401
19 453
19 565
19 847
19 853
19 96
19 58
20 55
20 124
20 203
20 236
20 332
20 443
20 526
20 990
21 390
21 696
21 24
21 136
22 24
22 32
22 62
22 64
22 80
22 85
22 97
22 120
22 161
22 177
22 214
22 260
22 286
22 356
22 357
22 381
22 387
22 416
22 473
22 489
22 490
22 498
22 551
22 553
22 581
22 613
22 687
22 699
22 735
22 755
22 781
22 817
22 822
22 842
22 862
22 867
22 900
22 964
22 28
22 34
22 51
22 74
22 90
22 96
23 65
23 136
23 470
23 96
23 132
24 50
24 61
24 64
24 80
24 131
24 213
24 402
24 435
24 451
24 726
24 762
24 795
24 803
24 843
24 852
24 877
24 890
24 96
24 35
24 36
24 38
24 41
24 103
24 151
25 29
25 39
25 42
25 84
25 93
25 117
25 211
25 221
25 277
25 327
25 330
25 374
25 419
25 425
25 449
25 532
25 543
25 547
25 585
25 593
25 616
25 626
25 644
25 674
25 677
25 736
25 752
25 753
25 760
25 774
25 780
25 827
25 840
25 875
25 887
25 894
25 904
25 930
25 979
25 980
25 981
25 985
25 130
25 133
26 27
26 105
26 184
26 690
26 816
26 915
26 940
26 29
26 72
26 83
27 39
27 47
27 109
27 162
27 228
27 698
27 903
27 96
28 96
28 31
28 86
29 51
29 72
29 84
29 198
29 355
29 378
29 467
29 783
29 848
29 30
29 60
29 65
29 71
29 120
30 63
30 82
30 124
30 220
30 264
30 937
30 987
30 163
31 35
31 43
31 55
31 62
31 149
31 241
31 296
31 417
31 471
31 482
31 491
31 514
31 572
31 906
31 965
31 34
31 138
32 77
32 82
32 107
32 163
32 175
32 446
32 460
32 552
32 605
32 764
32 806
32 914
33 46
33 58
33 103
33 136
33 243
33 339
33 505
33 864
34 129
35 41
35 66
35 189
35 528
35 599
35 938
35 86
35 135
36 64
36 48
37 133
37 229
37 721
37 833
38 42
38 199
38 320
38 400
38 56
38 57
38 64
38 66
38 129
39 47
39 73
39 78
39 333
39 421
39 488
39 535
39 558
39 612
39 654
39 750
39 893
40 51
40 140
40 142
40 173
40 218
40 254
40 261
40 287
40 297
40 336
40 337
40 371
40 395
40 465
40 478
40 483
40 521
40 538
40 544
40 546
40 548
40 594
40 598
40 627
40 683
40 694
40 701
40 766
40 788
40 807
40 820
40 825
40 831
40 859
40 866
40 878
40 933
40 934
40 942
40 988
40 75
40 111
41 192
41 830
42 44
42 72
42 91
42 117
42 138
42 140
42 142
42 180
42 183
42 196
42 198
42 208
42 257
42 265
42 291
42 428
42 437
42 463
42 469
42 472
42 478
42 524
42 578
42 595
42 607
42 628
42 649
42 685
42 716
42 724
42 810
42 818
42 876
42 892
42 907
42 910
42 918
42 996
42 108
43 44
43 55
43 92
43 616
43 672
43 775
44 45
45 50
45 87
45 90
45 119
45 128
45 131
45 369
45 501
45 557
45 567
45 575
45 632
45 693
45 792
45 823
45 838
45 841
45 863
45 916
45 952
46 65
46 88
46 130
46 414
46 525
46 591
47 104
47 292
47 504
47 636
47 772
47 935
47 947
47 49
47 107
47 200
47 203
48 51
48 58
48 68
48 74
48 108
48 133
48 150
48 158
48 170
48 192
48 319
48 377
48 404
48 429
48 493
48 516
48 539
48 587
48 622
48 692
48 741
48 770
48 828
48 924
48 78
48 137
49 104
50 837
50 96
50 88
50 93
51 68
51 89
51 93
51 370
51 671
51 807
51 819
51 939
51 974
51 126
53 70
53 159
53 410
53 413
53 570
53 926
53 67
53 184
54 311
54 584
54 638
55 57
55 70
55 99
55 102
55 105
55 111
55 164
55 169
55 173
55 183
55 200
55 285
55 324
55 562
55 609
55 648
55 663
55 688
55 698
55 717
55 801
55 849
55 884
55 897
55 928
55 982
55 992
56 108
56 167
56 363
56 563
56 740
56 69
56 77
56 101
56 115
56 144
57 323
57 360
57 361
57 609
57 902
57 962
57 82
57 87
57 124
57 136
58 60
58 88
58 590
58 978
59 125
59 576
59 684
59 835
59 96
59 72
59 105
59 143
59 154
59 195
60 75
60 90
60 127
60 210
60 219
60 233
60 259
60 269
60 457
60 495
60 512
60 600
60 668
60 749
60 759
60 901
61 118
61 335
61 631
62 408
62 998
62 96
62 84
63 76
63 147
63 155
63 312
63 354
63 384
63 409
63 459
63 502
63 566
63 597
63 704
63 879
63 919
63 922
63 941
63 946
63 951
63 972
63 984
63 995
63 71
63 106
63 169
64 137
64 246
64 310
64 132
64 138
65 95
65 194
65 204
65 238
65 247
65 281
65 314
65 321
65 485
65 537
65 634
65 758
65 957
65 127
66 438
66 480
66 85
66 91
66 95
66 105
66 128
67 69
67 568
67 150
67 183
68 93
68 509
68 124
69 650
69 655
70 526
70 767
70 858
70 883
70 983
71 116
72 633
72 844
72 81
72 199
73 564
73 171
73 197
74 95
75 108
75 172
75 212
75 350
75 513
75 517
75 709
75 888
75 96
75 109
75 125
75 141
76 344
76 375
76 518
76 603
76 845
76 948
77 365
77 102
77 173
78 217
78 227
78 253
78 295
78 329
78 468
78 498
78 536
78 555
78 583
78 710
78 776
78 791
78 944
78 959
78 961
78 975
78 98
78 118
78 152
79 149
80 119
80 304
80 608
80 814
80 949
81 170
81 224
81 658
81 96
81 134
82 100
82 712
82 732
83 274
83 927
83 166
84 481
84 639
84 707
84 848
84 868
84 153
84 185
85 245
85 432
85 745
85 765
85 112
86 353
86 604
86 778
87 530
87 969
87 89
88 97
88 114
89 195
89 882
90 157
90 278
90 406
90 623
90 660
90 912
91 110
91 294
91 695
91 729
91 117
92 122
92 352
92 483
92 534
92 579
93 181
93 358
93 415
93 682
93 917
94 141
94 479
94 574
94 96
95 580
95 708
95 779
96 430
96 448
96 147
97 175
97 722
98 130
99 182
100 379
100 471
100 965
100 993
101 734
101 789
101 181
102 106
102 272
102 366
102 440
102 662
102 697
102 715
102 908
103 138
103 186
103 252
103 338
103 364
103 372
103 392
103 475
103 486
103 727
103 737
103 812
103 945
104 148
104 144
105 191
105 249
105 691
105 706
106 225
106 280
106 953
106 986
107 643
108 158
108 231
108 302
108 306
108 367
108 445
108 577
108 642
108 719
108 954
109 153
112 273
112 307
112 450
112 556
112 630
112 652
112 657
112 943
112 159
115 117
115 611
115 675
115 689
115 869
116 956
117 125
117 178
117 195
117 399
117 433
117 442
117 506
117 635
117 705
117 850
117 857
117 950
117 119
118 494
118 747
118 761
119 436
119 559
119 630
119 686
119 809
119 829
119 147
120 256
121 362
121 398
121 824
121 180
122 606
122 669
122 746
122 797
124 239
124 465
124 503
124 665
124 149
125 185
125 199
125 202
125 386
125 403
125 582
125 681
125 768
125 920
125 142
127 209
128 494
129 153
129 190
129 340
129 389
129 496
129 589
129 620
129 872
129 967
130 215
130 148
130 157
131 177
131 230
131 454
131 477
131 909
132 244
132 334
133 540
134 351
134 462
134 602
134 640
134 891
134 196
135 439
135 865
136 194
136 929
137 860
137 905
137 160
138 146
138 194
138 255
138 266
138 275
138 293
138 303
138 441
138 533
138 545
138 601
138 645
138 673
138 676
138 777
138 895
138 931
138 993
140 301
140 337
140 855
140 886
141 171
141 222
141 380
141 621
141 725
142 188
143 615
143 987
144 167
145 389
146 322
146 656
146 731
146 896
147 160
147 177
147 289
147 383
147 444
147 586
147 976
147 148
149 172
149 174
149 276
149 347
149 507
149 522
149 785
149 796
149 977
149 994
150 152
150 641
150 748
151 187
152 172
153 240
153 250
153 476
153 520
153 592
154 246
154 263
154 423
154 659
154 670
154 874
154 991
167 189
184 187
