0 1
0 2
0 3
0 4
0 5
0 7
0 8
0 14
0 16
0 42
0 52
0 54
0 62
0 69
0 71
0 72
0 84
0 101
0 104
0 109
0 116
0 120
0 134
0 141
0 147
0 150
0 153
0 164
0 339
0 417
0 460
0 494
0 559
0 565
0 577
0 652
0 742
0 765
0 771
0 837
0 848
0 852
0 910
0 959
1 2
1 3
1 4
1 5
1 7
1 9
1 12
1 15
1 22
1 23
1 26
1 27
1 29
1 32
1 38
1 42
1 50
1 57
1 65
1 66
1 71
1 81
1 89
1 97
1 98
1 105
1 109
1 120
1 122
1 127
1 128
1 132
1 135
1 136
1 143
1 145
1 146
1 155
1 163
1 165
1 167
1 173
1 174
1 181
1 183
1 187
1 196
1 198
1 202
1 292
1 313
1 358
1 377
1 517
1 529
1 535
1 586
1 679
1 687
1 709
1 716
1 735
1 739
1 754
1 768
1 783
1 818
1 842
1 898
1 904
1 920
1 928
1 970
2 3
2 4
2 5
2 8
2 35
2 36
2 39
2 59
2 60
2 77
2 83
2 93
2 96
2 103
2 104
2 112
2 114
2 121
2 125
2 128
2 135
2 138
2 139
2 143
2 153
2 159
2 164
2 170
2 177
2 202
2 210
2 233
2 319
2 350
2 379
2 526
2 693
2 695
2 706
2 844
2 949
2 972
3 4
3 5
3 7
3 12
3 29
3 49
3 52
3 62
3 77
3 93
3 119
3 133
3 134
3 141
3 145
3 152
3 153
3 158
3 181
3 186
3 195
3 200
3 204
3 255
3 268
3 279
3 343
3 408
3 461
3 473
3 483
3 639
3 680
3 708
3 755
3 762
3 884
4 5
4 10
4 11
4 18
4 24
4 30
4 31
4 36
4 39
4 46
4 48
4 73
4 76
4 91
4 97
4 103
4 105
4 127
4 145
4 152
4 155
4 156
4 160
4 174
4 177
4 178
4 188
4 189
4 195
4 196
4 208
4 280
4 317
4 351
4 373
4 411
4 481
4 492
4 549
4 551
4 603
4 626
4 636
4 638
4 701
4 809
4 827
4 832
4 868
4 945
5 6
5 7
5 11
5 22
5 40
5 66
5 67
5 71
5 73
5 76
5 80
5 82
5 86
5 88
5 90
5 96
5 101
5 104
5 118
5 120
5 129
5 132
5 133
5 158
5 165
5 174
5 187
5 306
5 394
5 544
5 828
5 838
5 890
5 998
6 9
6 18
6 20
6 30
6 48
6 330
6 145
6 7
6 8
6 10
6 17
6 19
6 29
6 31
6 51
6 73
6 137
7 8
7 10
7 13
7 17
7 19
7 20
7 21
7 25
7 35
7 37
7 41
7 44
7 53
7 55
7 57
7 70
7 88
7 90
7 97
7 112
7 117
7 121
7 126
7 140
7 144
7 153
7 166
7 167
7 168
7 169
7 170
7 173
7 175
7 185
7 223
7 228
7 244
7 250
7 257
7 259
7 262
7 266
7 277
7 282
7 289
7 301
7 308
7 309
7 318
7 355
7 372
7 374
7 382
7 388
7 390
7 433
7 435
7 450
7 452
7 456
7 465
7 466
7 470
7 475
7 487
7 491
7 503
7 512
7 520
7 530
7 534
7 548
7 576
7 583
7 613
7 643
7 646
7 654
7 663
7 688
7 696
7 698
7 710
7 718
7 728
7 729
7 733
7 734
7 735
7 736
7 745
7 764
7 777
7 786
7 792
7 812
7 817
7 835
7 850
7 888
7 892
7 912
7 915
7 935
7 936
7 954
7 961
7 974
7 976
7 999
7 145
7 63
8 10
8 13
8 15
8 26
8 31
8 32
8 37
8 47
8 54
8 56
8 70
8 100
8 107
8 112
8 116
8 123
8 124
8 129
8 172
8 186
8 188
8 193
8 200
8 253
8 263
8 290
8 295
8 312
8 354
8 362
8 403
8 404
8 427
8 428
8 429
8 440
8 455
8 485
8 491
8 519
8 538
8 552
8 556
8 581
8 609
8 640
8 670
8 677
8 713
8 714
8 732
8 743
8 744
8 748
8 752
8 788
8 789
8 821
8 822
8 833
8 836
8 863
8 867
8 869
8 872
8 905
8 913
8 952
8 957
8 969
8 980
8 984
8 991
8 145
8 12
8 14
8 18
8 23
8 25
8 42
8 43
8 61
9 28
9 61
9 205
9 477
9 593
9 692
9 814
10 15
10 19
10 29
10 36
10 45
10 50
10 194
10 499
10 594
10 772
10 145
10 46
10 74
11 12
11 14
11 24
11 27
11 60
11 67
11 190
11 214
11 283
11 462
11 887
11 896
12 14
12 27
12 39
12 51
12 60
12 62
12 74
12 79
12 84
12 109
12 115
12 190
12 316
12 347
12 386
12 415
12 441
12 558
12 614
12 633
12 803
12 813
12 909
12 951
12 15
12 18
12 26
12 33
12 47
12 103
13 82
13 370
13 697
13 738
14 360
14 393
14 431
14 439
14 449
14 524
14 145
14 21
14 24
14 29
14 32
14 59
14 85
14 89
14 90
14 114
14 118
15 999
15 36
15 46
15 107
16 145
17 21
17 67
17 90
17 170
17 303
17 575
17 39
17 51
17 80
18 33
18 43
18 110
18 132
18 256
18 383
18 447
18 660
18 855
18 145
18 19
18 22
18 27
18 28
18 36
18 42
18 48
18 49
18 52
18 87
18 138
18 154
19 45
19 54
19 194
19 220
19 246
19 293
19 866
19 870
19 145
19 55
19 74
19 92
19 104
19 111
19 129
19 155
20 21
20 30
20 44
20 81
20 83
20 102
20 106
20 171
20 177
20 182
20 189
20 212
20 226
20 235
20 240
20 245
20 301
20 310
20 328
20 365
20 405
20 412
20 421
20 443
20 444
20 446
20 467
20 478
20 484
20 496
20 505
20 532
20 566
20 592
20 597
20 598
20 628
20 645
20 673
20 689
20 722
20 727
20 742
20 773
20 778
20 780
20 792
20 794
20 804
20 819
20 865
20 874
20 894
20 895
20 897
20 899
20 922
20 931
20 938
20 170
21 25
21 144
21 265
21 464
21 514
21 891
21 145
21 56
21 66
22 34
22 41
22 42
22 49
22 136
22 326
22 419
22 480
22 495
22 627
22 708
22 774
22 839
22 856
22 967
23 38
23 202
23 756
23 796
23 847
23 963
24 620
24 723
24 840
24 908
24 940
24 990
24 993
24 142
25 35
25 146
25 217
25 271
25 369
25 474
25 717
25 879
25 929
26 102
26 145
26 56
26 68
27 75
27 147
27 207
27 630
27 658
27 831
27 145
27 54
27 86
27 138
28 340
28 145
28 31
28 33
28 38
28 55
28 66
28 96
28 102
28 132
28 150
29 553
29 30
29 45
29 83
29 95
29 130
30 64
30 40
30 74
30 75
30 89
30 124
30 148
31 47
31 53
31 65
31 66
31 68
31 78
31 99
31 137
31 139
31 218
31 501
31 618
31 824
31 134
32 47
32 65
32 68
32 114
32 211
32 296
32 39
32 58
32 83
33 606
33 702
33 901
33 985
33 40
33 117
35 55
35 486
35 662
35 924
36 64
36 332
36 463
36 659
36 700
36 50
36 100
36 141
38 87
38 115
38 203
38 482
38 511
38 730
38 806
38 948
38 975
38 145
38 106
39 51
39 176
39 264
39 360
39 119
40 61
40 119
40 44
40 64
40 73
40 78
40 93
40 103
40 105
41 70
41 74
41 304
41 327
41 422
41 533
41 647
41 685
41 775
41 800
41 815
41 873
41 190
42 92
42 179
42 573
42 669
42 61
42 64
42 95
42 151
42 152
43 56
43 78
43 371
43 648
43 711
43 724
43 854
43 101
43 109
43 113
43 127
44 72
44 140
44 166
44 217
44 405
44 487
44 528
44 729
44 826
45 258
45 562
45 845
45 57
46 135
47 53
47 94
47 151
47 164
47 215
47 314
47 902
48 61
48 108
48 709
48 795
48 829
48 124
49 132
49 555
49 579
49 971
50 401
50 642
50 726
51 66
51 77
51 79
51 92
51 203
51 348
51 416
51 432
51 600
51 782
51 878
51 932
51 933
51 981
51 996
51 69
51 107
51 138
52 171
52 189
52 325
52 406
52 489
52 672
52 757
52 776
52 927
52 989
52 84
52 115
52 184
53 59
53 71
53 85
53 149
53 241
53 247
53 346
53 366
53 380
53 402
53 497
53 618
53 750
53 807
53 903
53 918
53 956
53 164
54 58
54 64
54 91
54 121
54 123
54 147
54 157
54 172
54 191
54 198
54 368
54 396
54 410
54 437
54 458
54 469
54 507
54 518
54 577
54 675
54 694
54 805
54 145
55 62
55 128
55 153
56 99
56 219
56 272
56 321
56 102
56 186
57 92
57 154
57 201
57 436
57 657
57 745
57 943
57 997
57 145
57 60
57 65
57 75
57 151
58 605
58 612
58 712
58 921
58 110
59 197
59 509
59 690
59 145
59 113
59 120
59 135
60 85
60 95
60 111
60 275
60 545
60 589
60 758
60 759
60 880
61 63
61 269
61 502
61 516
61 145
61 125
62 414
62 675
62 705
62 791
62 797
62 816
62 862
64 106
64 123
64 179
64 185
64 237
64 239
64 331
64 472
64 513
64 515
64 656
64 714
64 732
64 820
64 857
64 916
64 947
65 102
65 107
65 110
65 113
65 133
65 201
65 221
65 229
65 324
65 337
65 349
65 364
65 385
65 430
65 488
65 539
65 567
65 571
65 580
65 584
65 608
65 610
65 637
65 741
65 744
65 751
65 790
65 846
65 864
65 905
65 911
65 982
65 983
65 986
66 113
66 251
66 294
66 593
66 634
66 641
66 853
67 168
67 278
67 285
67 287
67 344
67 397
67 506
67 578
67 602
67 632
67 699
67 785
67 858
67 995
68 78
68 148
68 192
68 248
68 315
68 655
68 683
68 69
68 103
68 117
69 82
69 118
69 152
69 77
70 227
70 172
72 299
73 125
73 345
73 600
73 81
73 127
74 95
74 158
74 323
74 375
74 399
74 546
74 203
75 311
75 420
75 881
76 590
76 808
77 120
77 284
77 454
77 542
77 588
77 653
77 112
78 90
78 98
78 105
78 149
78 188
78 222
78 260
78 357
78 504
78 525
78 561
78 604
78 619
78 661
78 664
78 740
78 810
78 828
78 955
78 958
78 978
78 980
78 987
78 168
79 88
79 95
79 137
79 202
79 242
79 521
79 617
79 860
81 131
81 234
81 926
82 629
83 173
83 204
83 569
83 721
83 145
84 457
84 508
85 198
85 479
85 596
85 624
85 877
85 889
85 941
85 966
85 202
86 137
87 180
87 557
87 644
87 876
87 906
87 977
87 158
87 183
88 112
88 142
88 162
88 400
88 426
88 476
88 541
88 667
88 707
88 830
88 878
88 923
89 123
89 161
90 161
90 273
90 392
90 413
90 145
90 167
91 300
91 914
92 254
92 434
92 540
92 681
92 770
92 156
93 119
93 336
93 422
93 622
93 666
93 937
93 145
93 157
94 197
94 180
95 261
95 378
95 950
95 126
96 118
96 231
96 307
96 322
96 376
96 572
96 591
96 650
96 673
96 784
96 823
96 843
96 907
96 942
96 142
96 146
97 500
98 107
98 192
98 329
99 151
99 690
99 962
101 199
101 715
101 142
101 147
102 104
102 124
102 216
102 324
102 338
102 801
104 684
104 769
104 960
104 965
105 438
106 187
107 131
107 140
107 183
107 184
107 238
107 276
107 286
107 352
107 356
107 363
107 389
107 391
107 490
107 552
107 568
107 599
107 635
107 678
107 704
107 779
107 988
107 200
108 973
108 145
109 115
109 224
109 249
109 320
109 875
109 946
109 145
110 151
110 199
110 298
110 353
110 367
110 407
110 498
110 637
110 749
110 767
110 885
110 197
111 125
112 149
112 468
112 793
112 994
113 252
113 291
113 334
113 883
113 939
113 116
113 196
114 543
114 563
114 747
114 930
115 152
115 203
115 335
115 459
115 493
115 550
115 570
115 671
115 743
115 766
116 185
118 900
119 154
119 225
119 409
119 615
119 616
119 674
119 676
119 162
120 179
121 585
121 621
121 811
121 859
121 160
121 181
121 194
122 188
123 564
124 180
124 200
124 236
124 267
124 703
124 825
125 136
125 886
125 133
125 152
126 168
126 361
126 522
126 725
126 129
128 130
128 184
128 230
128 281
128 359
128 387
128 395
128 398
128 423
128 424
128 536
128 574
128 582
128 631
128 686
128 760
128 761
128 763
128 919
129 953
130 731
130 165
131 166
131 180
131 209
131 453
131 798
132 175
132 270
132 274
132 384
132 425
132 442
132 527
132 531
132 560
132 601
132 623
132 636
132 649
132 781
132 849
132 861
132 992
133 148
133 197
133 529
133 968
135 425
135 145
135 136
136 799
137 142
137 213
137 333
137 445
137 448
137 471
137 537
138 155
139 145
140 171
140 190
140 288
140 297
140 451
140 554
140 625
140 651
140 691
140 787
140 802
140 882
140 925
140 934
140 944
141 302
142 150
142 232
142 665
142 719
144 305
144 835
144 964
144 979
144 992
145 169
145 206
145 328
145 381
145 682
145 737
145 746
145 753
145 832
145 880
145 146
145 149
146 155
146 243
146 510
146 607
146 834
147 418
147 871
149 841
150 547
151 587
152 263
152 341
152 523
152 595
152 611
153 717
155 342
155 668
155 720
155 851
155 893
155 917
174 190
192 197
