0 1
0 2
0 3
0 4
0 5
0 47
0 49
0 72
0 83
0 84
0 86
0 92
0 98
0 113
0 119
0 122
0 128
0 134
0 149
0 153
0 155
0 174
0 175
0 177
0 180
0 192
0 195
0 197
0 202
0 216
0 285
0 443
0 514
0 603
0 868
0 904
0 910
0 988
0 990
1 2
1 3
1 4
1 6
1 8
1 9
1 11
1 14
1 23
1 27
1 28
1 30
1 35
1 41
1 43
1 48
1 50
1 51
1 65
1 76
1 82
1 83
1 84
1 95
1 98
1 100
1 102
1 103
1 110
1 113
1 116
1 120
1 121
1 127
1 130
1 131
1 136
1 141
1 143
1 148
1 151
1 156
1 162
1 170
1 172
1 177
1 179
1 180
1 182
1 191
1 197
1 202
1 203
1 232
1 258
1 289
1 294
1 305
1 316
1 330
1 369
1 393
1 399
1 425
1 430
1 446
1 460
1 504
1 539
1 542
1 565
1 568
1 587
1 596
1 599
1 605
1 619
1 626
1 637
1 644
1 680
1 716
1 723
1 762
1 775
1 779
1 891
1 896
1 917
1 920
1 934
1 948
1 957
1 965
1 966
2 3
2 4
2 5
2 14
2 25
2 33
2 41
2 42
2 49
2 52
2 61
2 66
2 67
2 70
2 74
2 75
2 78
2 102
2 107
2 112
2 114
2 121
2 131
2 140
2 152
2 154
2 160
2 162
2 165
2 170
2 186
2 187
2 189
2 191
2 241
2 263
2 546
2 593
2 613
2 663
2 667
2 692
2 739
2 822
2 858
2 968
2 974
2 983
2 984
3 4
3 5
3 7
3 22
3 25
3 29
3 34
3 39
3 54
3 55
3 57
3 64
3 79
3 82
3 83
3 88
3 91
3 111
3 125
3 126
3 135
3 136
3 141
3 149
3 158
3 177
3 185
3 188
3 198
3 199
3 207
3 212
3 217
3 278
3 291
3 299
3 320
3 327
3 361
3 411
3 442
3 575
3 590
3 639
3 721
3 771
3 925
3 976
4 7
4 9
4 18
4 20
4 21
4 28
4 32
4 43
4 49
4 57
4 65
4 66
4 79
4 87
4 100
4 105
4 111
4 120
4 124
4 135
4 142
4 148
4 149
4 160
4 164
4 169
4 171
4 173
4 174
4 176
4 179
4 184
4 189
4 194
4 201
4 210
4 323
4 384
4 448
4 510
4 597
4 696
4 713
4 748
4 764
4 776
4 817
4 838
4 852
4 958
5 9
5 12
5 13
5 15
5 16
5 17
5 20
5 26
5 31
5 33
5 40
5 43
5 50
5 53
5 55
5 59
5 63
5 66
5 71
5 78
5 79
5 94
5 105
5 107
5 108
5 110
5 132
5 135
5 142
5 149
5 155
5 156
5 158
5 178
5 186
5 193
5 209
5 238
5 239
5 244
5 254
5 274
5 284
5 293
5 298
5 300
5 312
5 321
5 326
5 341
5 344
5 355
5 356
5 372
5 402
5 416
5 418
5 429
5 436
5 438
5 477
5 480
5 489
5 497
5 520
5 522
5 526
5 531
5 532
5 535
5 544
5 553
5 554
5 555
5 556
5 561
5 563
5 565
5 576
5 582
5 583
5 588
5 607
5 616
5 617
5 629
5 643
5 649
5 657
5 668
5 669
5 679
5 682
5 684
5 701
5 709
5 728
5 741
5 747
5 765
5 766
5 785
5 788
5 819
5 832
5 836
5 845
5 850
5 853
5 857
5 870
5 876
5 881
5 883
5 884
5 892
5 911
5 921
5 930
5 939
5 959
5 960
5 973
5 992
5 27
5 7
5 10
5 117
6 8
6 104
6 141
6 339
6 404
6 695
6 27
6 12
6 16
6 45
7 8
7 17
7 46
7 54
7 57
7 276
7 374
7 447
7 849
7 914
7 45
8 10
8 14
8 17
8 18
8 19
8 21
8 23
8 24
8 38
8 46
8 47
8 62
8 66
8 68
8 80
8 86
8 89
8 112
8 117
8 125
8 157
8 173
8 178
8 203
8 208
8 226
8 246
8 259
8 269
8 282
8 296
8 302
8 314
8 318
8 347
8 354
8 368
8 387
8 406
8 426
8 431
8 433
8 452
8 455
8 463
8 481
8 528
8 530
8 540
8 552
8 586
8 608
8 651
8 666
8 674
8 699
8 705
8 707
8 711
8 722
8 725
8 746
8 752
8 753
8 759
8 778
8 786
8 798
8 801
8 805
8 811
8 827
8 835
8 839
8 844
8 848
8 861
8 873
8 894
8 900
8 915
8 947
8 949
8 961
8 962
8 971
8 981
9 12
9 35
9 36
9 92
9 102
9 124
9 275
9 396
9 566
9 614
9 625
9 772
9 781
9 874
10 27
10 14
10 36
10 38
10 39
10 42
10 59
10 68
11 15
11 41
11 193
11 408
11 432
11 634
11 638
11 724
11 27
11 13
11 25
11 43
11 62
11 67
11 103
11 110
11 135
11 190
12 13
12 16
12 60
12 70
12 170
12 389
12 440
12 506
12 518
12 810
12 869
12 27
12 20
12 33
12 35
12 96
13 154
13 334
13 454
13 584
13 940
13 27
13 21
13 32
13 97
13 126
13 140
14 18
14 21
14 37
14 67
14 68
14 93
14 115
14 179
14 262
14 340
14 500
14 787
14 931
14 999
14 31
14 40
14 57
14 71
16 17
16 43
16 94
16 547
16 704
16 730
16 745
16 863
16 27
16 53
16 62
16 66
17 22
17 29
17 31
17 48
17 86
17 89
17 151
17 240
17 247
17 309
17 381
17 437
17 464
17 495
17 708
17 737
17 769
17 784
17 841
17 847
17 880
17 936
17 27
17 37
17 44
17 49
17 61
17 95
17 100
17 106
17 171
18 62
18 76
18 301
18 564
18 580
18 932
19 28
19 54
19 58
19 80
19 471
19 558
19 612
19 714
20 65
20 306
20 821
20 996
20 33
20 48
20 74
21 24
21 62
21 74
21 75
21 106
21 114
21 147
21 159
21 160
21 174
21 218
21 228
21 231
21 242
21 267
21 297
21 337
21 342
21 367
21 370
21 391
21 397
21 405
21 413
21 415
21 419
21 420
21 444
21 453
21 465
21 470
21 479
21 486
21 492
21 501
21 505
21 508
21 548
21 570
21 581
21 591
21 595
21 608
21 609
21 626
21 631
21 632
21 660
21 665
21 677
21 693
21 694
21 710
21 720
21 760
21 791
21 825
21 846
21 856
21 862
21 902
21 908
21 916
21 942
21 975
21 27
21 83
23 27
23 38
23 55
24 474
24 538
24 758
24 956
25 87
25 132
25 27
25 63
26 33
26 42
26 46
26 59
26 140
26 196
26 287
26 955
26 27
26 158
27 30
27 45
27 64
27 95
27 128
27 167
27 184
27 205
27 266
27 329
27 343
27 407
27 421
27 459
27 488
27 572
27 688
27 755
27 782
27 814
27 823
27 893
27 29
27 31
27 40
27 73
27 77
27 78
27 91
27 93
27 105
27 114
27 132
27 134
27 137
27 153
28 295
28 310
28 349
28 439
28 878
29 46
29 51
29 159
29 364
29 392
29 499
29 615
29 899
29 903
29 907
29 924
29 946
29 151
30 61
30 96
30 109
30 146
30 403
30 422
30 427
30 512
30 655
30 659
30 763
30 922
31 36
31 39
31 78
31 85
31 150
31 161
31 191
31 200
31 220
31 244
31 299
31 338
31 351
31 380
31 400
31 412
31 509
31 561
31 577
31 635
31 662
31 683
31 796
31 833
31 872
31 926
31 995
31 34
31 41
31 75
31 103
31 112
31 141
32 60
33 34
33 40
33 376
33 435
33 627
33 654
33 155
33 197
34 818
34 963
34 59
34 87
34 97
34 117
35 63
35 119
35 468
35 536
35 624
35 690
35 734
35 943
35 945
35 46
35 50
35 139
35 186
35 199
36 82
37 183
37 203
37 281
37 478
37 812
37 954
37 113
37 172
38 65
39 42
39 50
39 69
39 81
39 84
39 97
39 107
39 118
39 123
39 161
39 167
39 168
39 185
39 204
39 214
39 222
39 260
39 271
39 277
39 317
39 345
39 352
39 359
39 428
39 482
39 483
39 507
39 537
39 601
39 611
39 618
39 675
39 719
39 727
39 732
39 735
39 789
39 790
39 795
39 806
39 808
39 826
39 843
39 871
39 897
39 41
39 48
39 51
39 62
39 77
39 96
39 148
40 44
40 927
40 104
41 527
41 592
41 598
41 652
41 888
41 935
41 982
41 67
41 81
42 225
42 742
42 816
42 64
42 130
43 909
43 118
44 55
44 64
44 70
44 92
45 101
45 315
45 335
45 424
45 473
45 484
45 792
45 978
45 47
45 119
46 67
46 80
46 99
46 110
46 129
46 153
46 176
46 250
46 280
46 286
46 377
46 385
46 496
46 503
46 511
46 529
46 551
46 593
46 600
46 630
46 653
46 738
46 774
46 851
46 859
46 877
46 919
46 928
46 941
46 964
46 989
46 78
46 86
46 89
46 100
46 106
46 109
47 74
47 319
47 461
47 824
47 107
47 120
47 153
48 77
48 91
48 138
48 145
48 150
48 168
48 251
48 283
48 350
48 386
48 449
48 462
48 476
48 485
48 513
48 550
48 571
48 574
48 621
48 650
48 661
48 681
48 729
48 797
48 807
48 882
48 885
48 893
48 953
48 969
48 987
48 50
48 110
49 70
49 155
49 467
49 950
49 65
49 69
50 140
50 190
50 213
50 712
51 99
51 88
53 190
53 672
54 56
54 187
54 264
54 379
54 997
54 189
55 105
55 114
55 137
55 235
55 336
55 445
55 525
55 533
55 905
55 991
55 152
56 361
56 642
57 72
57 89
57 100
57 331
57 985
58 206
58 521
60 234
60 68
60 72
61 69
61 164
61 388
61 94
62 417
62 656
62 924
62 63
62 72
62 100
62 135
62 136
62 148
62 203
63 177
64 127
64 83
64 99
64 101
65 73
65 77
65 109
65 110
65 158
65 204
65 279
65 382
65 515
65 516
65 733
65 828
65 834
65 980
65 993
65 74
65 80
65 89
65 108
65 119
65 124
66 92
66 104
66 163
66 229
66 230
66 332
66 365
66 394
66 409
66 493
66 517
66 534
66 543
66 560
66 581
66 636
66 645
66 703
66 718
66 830
66 842
66 883
66 912
66 913
66 986
66 156
67 187
67 211
67 221
67 253
67 390
67 673
67 933
67 71
67 72
67 123
67 124
68 475
68 545
68 697
68 901
68 75
68 112
68 181
69 81
69 101
69 123
69 304
69 594
69 770
70 348
70 731
70 757
70 890
70 970
70 977
70 979
71 754
71 88
71 93
72 102
72 108
72 122
73 81
73 288
73 333
73 357
73 441
73 458
73 490
73 494
73 610
73 698
73 855
73 879
73 952
73 201
74 76
75 106
75 373
75 756
76 313
76 360
76 623
76 750
76 813
76 829
77 120
77 803
78 143
79 199
79 671
80 479
81 85
81 122
81 168
81 236
81 886
82 224
82 290
82 670
82 702
83 257
83 923
83 86
84 169
84 190
84 573
84 689
84 998
85 292
85 423
85 655
85 691
86 90
86 93
86 115
86 129
86 133
86 139
86 165
86 273
86 502
86 562
86 622
86 628
86 633
86 647
86 658
86 767
86 773
86 854
86 864
86 942
87 144
87 219
87 664
87 685
87 706
87 761
87 837
87 164
88 255
88 401
88 604
88 141
89 589
89 144
89 152
90 194
90 243
91 524
92 450
92 815
93 700
93 794
93 802
93 809
93 840
94 519
94 163
95 118
95 152
95 362
95 363
95 937
96 118
96 131
96 192
96 200
96 204
96 557
96 944
96 128
97 138
97 146
97 371
97 887
97 972
97 131
97 145
98 268
100 150
100 157
102 138
104 366
104 398
104 414
104 686
104 866
105 270
105 457
105 867
106 182
106 115
107 114
108 252
109 138
109 161
109 166
109 184
109 219
109 303
109 358
109 476
109 602
109 777
109 800
109 895
109 967
109 200
111 410
111 687
111 780
111 783
111 921
112 198
112 208
112 308
112 498
112 567
112 585
112 645
112 809
112 173
113 183
114 198
114 215
114 248
114 715
114 726
114 799
116 159
116 223
116 272
116 395
116 569
118 161
118 233
118 383
118 456
118 491
118 559
118 620
118 646
118 744
118 865
118 994
118 162
119 472
119 122
120 541
121 144
121 272
121 486
121 567
121 579
121 889
122 378
122 134
123 311
123 324
123 549
127 918
128 796
128 831
128 906
129 256
129 265
130 261
130 322
130 528
131 237
131 245
131 307
131 375
131 875
132 227
132 578
132 648
135 136
135 325
135 353
135 640
135 768
135 146
135 151
136 451
136 641
138 152
138 328
138 736
138 751
138 804
138 944
138 951
141 181
141 159
142 158
142 434
142 929
144 427
145 162
146 898
147 182
148 676
148 860
149 678
149 938
150 469
151 466
151 717
152 166
152 346
152 487
152 743
152 749
152 820
153 249
153 523
153 793
154 606
154 740
170 183
180 186
