0 1
0 2
0 3
0 4
0 6
0 8
0 10
0 13
0 16
0 17
0 18
0 19
0 23
0 24
0 26
0 32
0 35
0 39
0 42
0 50
0 61
0 62
0 68
0 69
0 70
0 80
0 82
0 83
0 87
0 88
0 92
0 93
0 98
0 110
0 112
0 114
0 115
0 118
0 126
0 130
0 134
0 135
0 141
0 143
0 144
0 148
0 151
0 154
0 160
0 161
0 165
0 168
0 169
0 173
0 174
0 179
0 182
0 185
0 186
0 187
0 191
0 197
0 201
0 242
0 243
0 250
0 289
0 321
0 365
0 367
0 391
0 412
0 445
0 484
0 493
0 512
0 563
0 610
0 633
0 774
0 843
0 863
0 868
0 941
0 947
0 964
1 2
1 3
1 4
1 6
1 7
1 10
1 11
1 13
1 18
1 21
1 22
1 30
1 36
1 53
1 54
1 61
1 63
1 65
1 69
1 77
1 82
1 90
1 94
1 97
1 103
1 105
1 112
1 120
1 123
1 124
1 127
1 135
1 136
1 141
1 142
1 145
1 146
1 164
1 166
1 171
1 177
1 179
1 184
1 185
1 188
1 192
1 197
1 200
1 202
1 203
1 234
1 245
1 315
1 429
1 491
1 550
1 658
1 669
1 673
1 703
1 705
1 720
1 748
1 750
1 754
1 783
1 788
1 807
1 823
1 825
1 858
1 974
2 3
2 4
2 34
2 156
2 187
2 196
2 197
2 201
2 384
2 599
2 730
2 768
2 814
3 4
3 5
3 6
3 12
3 22
3 23
3 32
3 36
3 40
3 42
3 49
3 51
3 64
3 67
3 71
3 72
3 80
3 81
3 94
3 97
3 98
3 102
3 106
3 113
3 122
3 123
3 133
3 134
3 135
3 138
3 139
3 143
3 147
3 152
3 161
3 170
3 175
3 193
3 194
3 196
3 197
3 233
3 292
3 350
3 358
3 370
3 558
3 603
3 662
3 670
3 688
3 724
3 818
3 841
3 866
3 924
3 963
4 7
4 8
4 9
4 13
4 17
4 20
4 28
4 37
4 38
4 40
4 41
4 46
4 49
4 55
4 58
4 67
4 68
4 70
4 75
4 84
4 89
4 100
4 116
4 133
4 137
4 138
4 144
4 146
4 150
4 152
4 155
4 157
4 160
4 166
4 174
4 180
4 187
4 190
4 195
4 199
4 211
4 249
4 252
4 265
4 274
4 285
4 297
4 318
4 353
4 503
4 519
4 551
4 556
4 597
4 612
4 659
4 684
4 701
4 727
4 857
4 892
4 900
4 979
5 9
5 15
5 33
5 46
5 53
5 66
5 70
5 87
5 99
5 112
5 114
5 126
5 155
5 165
5 167
5 170
5 223
5 235
5 260
5 298
5 315
5 356
5 371
5 386
5 423
5 441
5 443
5 450
5 467
5 469
5 473
5 479
5 489
5 499
5 511
5 530
5 545
5 565
5 581
5 587
5 593
5 602
5 607
5 624
5 636
5 674
5 693
5 713
5 736
5 777
5 791
5 792
5 801
5 844
5 849
5 851
5 859
5 870
5 882
5 886
5 895
5 917
5 931
5 945
5 949
5 958
5 966
5 982
5 991
5 141
5 8
5 7
5 12
5 22
6 11
6 12
6 43
6 48
6 90
6 107
6 108
6 117
6 192
6 340
6 385
6 651
6 747
6 794
6 850
6 861
6 951
7 9
7 18
7 21
7 39
7 129
7 153
7 213
7 374
7 480
7 567
7 804
7 829
7 955
7 8
8 16
8 19
8 45
8 56
8 269
8 420
8 680
8 852
8 141
8 11
8 12
8 13
8 15
8 20
8 21
8 23
8 25
8 28
8 30
8 34
8 39
8 40
8 41
8 43
8 47
8 50
8 55
8 61
8 64
8 68
8 76
8 77
8 86
8 87
8 90
8 92
8 101
8 107
8 119
8 126
8 128
8 130
8 131
8 135
8 140
8 150
9 15
9 20
9 21
9 51
9 52
9 57
9 61
9 82
9 95
9 111
9 114
9 115
9 118
9 145
9 154
9 156
9 157
9 208
9 218
9 229
9 232
9 241
9 267
9 270
9 325
9 334
9 373
9 392
9 393
9 394
9 418
9 435
9 437
9 440
9 447
9 448
9 449
9 453
9 466
9 518
9 524
9 529
9 534
9 540
9 579
9 583
9 601
9 615
9 619
9 634
9 642
9 652
9 666
9 675
9 702
9 718
9 725
9 733
9 752
9 772
9 781
9 789
9 790
9 799
9 801
9 813
9 816
9 838
9 864
9 877
9 883
9 902
9 912
9 913
9 936
9 937
9 965
9 980
9 988
9 990
9 998
9 141
9 11
9 18
9 168
9 188
10 25
10 40
10 52
10 102
10 156
10 177
10 237
10 494
10 928
11 12
11 48
11 311
11 377
11 496
11 608
11 676
11 710
11 719
11 795
11 956
11 999
11 14
11 15
11 18
11 20
11 23
11 36
11 44
11 52
11 57
11 60
11 66
11 69
11 73
11 80
11 82
11 83
11 97
11 103
11 151
12 212
12 329
12 397
12 413
12 632
12 716
12 953
12 14
12 20
12 39
12 43
12 44
12 56
12 79
12 89
12 93
12 119
12 150
12 154
13 14
13 25
13 52
13 63
13 111
13 115
13 195
13 294
13 449
13 516
13 586
13 56
13 109
14 42
14 76
14 108
14 140
14 152
15 16
15 19
15 26
15 38
15 56
15 60
15 86
15 91
15 109
15 110
15 126
15 140
15 148
15 162
15 184
15 199
15 207
15 264
15 266
15 303
15 328
15 335
15 341
15 402
15 426
15 451
15 476
15 495
15 501
15 569
15 584
15 654
15 672
15 679
15 695
15 715
15 778
15 796
15 805
15 835
15 842
15 885
15 889
15 917
15 922
15 933
15 985
15 54
15 71
15 80
16 193
16 308
16 631
16 737
16 141
17 22
17 31
17 35
17 47
17 181
17 189
17 201
17 248
17 347
17 359
17 381
17 478
17 481
17 506
17 711
17 879
18 20
18 21
18 65
18 72
18 78
18 91
18 137
18 372
18 661
18 820
18 939
18 27
18 104
18 124
19 26
19 45
19 103
19 105
19 117
19 167
19 236
19 247
19 319
19 847
19 884
19 935
19 944
19 969
19 970
20 42
20 51
20 64
20 65
20 116
20 162
20 330
20 366
20 403
20 582
20 635
20 827
20 855
20 994
20 37
20 59
20 109
21 28
21 101
21 110
21 157
21 251
21 324
21 580
21 620
21 919
21 62
22 31
22 302
22 57
22 71
23 217
23 24
23 29
23 41
23 43
23 46
23 51
23 52
23 60
23 67
23 70
23 77
23 78
23 102
23 118
23 135
24 508
24 26
25 27
25 48
25 256
25 279
25 351
25 369
25 389
25 482
25 622
25 692
25 710
25 767
25 810
25 943
25 102
25 170
26 66
26 79
26 143
26 164
26 316
26 547
26 637
26 784
26 843
26 954
26 141
26 45
26 97
26 111
26 120
26 149
27 29
27 141
27 40
27 88
27 136
28 84
28 86
28 171
28 261
28 262
28 401
28 532
28 625
28 828
28 153
29 31
29 44
29 58
29 59
29 106
29 317
29 942
31 37
31 43
31 44
31 55
31 59
31 93
31 108
31 171
31 173
31 175
31 183
31 194
31 220
31 225
31 228
31 253
31 280
31 299
31 304
31 322
31 326
31 331
31 336
31 378
31 388
31 390
31 422
31 430
31 463
31 483
31 487
31 500
31 541
31 546
31 555
31 667
31 668
31 773
31 831
31 837
31 865
31 871
31 873
31 887
31 901
31 918
31 923
31 961
31 967
31 972
31 989
32 45
32 99
32 104
32 129
32 419
32 477
32 595
32 806
32 822
32 976
32 141
33 141
33 189
34 99
34 338
34 362
34 646
34 689
34 728
35 180
36 104
36 128
36 182
36 574
36 590
36 709
36 739
36 875
36 971
37 433
37 881
37 934
37 957
38 129
38 888
39 60
40 291
40 305
40 405
40 474
40 604
40 621
40 770
40 896
40 54
40 63
40 131
41 100
41 183
41 203
41 216
41 255
41 300
41 320
41 342
41 424
41 504
41 523
41 640
41 686
41 696
41 760
41 832
41 898
41 932
42 47
42 75
42 76
42 78
42 88
42 91
42 130
42 146
42 181
42 259
42 285
42 333
42 334
42 344
42 348
42 446
42 454
42 522
42 610
42 617
42 656
42 714
42 732
42 755
42 756
42 782
42 786
42 903
42 905
42 939
42 962
42 987
42 157
43 58
43 93
43 128
43 172
43 525
43 48
43 51
44 191
44 194
44 254
44 307
44 585
44 75
44 111
45 210
45 271
45 735
45 753
45 836
45 94
45 136
46 79
47 100
47 178
47 258
47 639
47 874
48 172
48 186
48 283
48 295
48 407
48 598
48 683
48 856
49 66
49 357
49 410
49 436
49 878
50 594
50 845
50 141
50 82
50 105
50 110
50 144
50 148
50 149
50 152
51 60
51 131
51 462
51 497
51 528
51 761
52 54
52 134
52 337
52 382
52 560
52 725
52 64
53 74
53 121
53 169
53 346
53 379
53 439
53 513
53 577
53 606
53 681
53 731
53 746
53 751
53 764
53 779
53 811
53 821
53 830
53 890
53 898
53 920
53 930
53 954
54 59
54 128
54 132
54 143
54 151
54 177
55 69
55 70
55 111
55 117
55 155
55 168
55 432
55 465
55 575
55 614
55 623
55 643
55 826
55 926
55 130
56 103
56 824
56 880
57 64
57 568
57 141
57 81
58 107
58 194
58 222
58 224
58 282
58 293
58 323
58 442
58 509
58 548
58 647
58 743
58 172
59 186
59 553
59 559
60 73
60 78
60 83
60 101
60 125
60 131
60 190
60 278
60 464
60 470
60 536
60 605
60 644
60 734
60 946
60 72
60 88
60 107
61 77
61 505
61 535
61 979
61 62
62 332
62 721
63 507
64 72
64 119
64 198
64 240
64 314
64 616
64 802
64 66
64 83
64 145
65 78
65 244
65 383
65 448
65 564
65 141
66 543
66 554
66 872
66 106
66 120
66 123
66 187
67 71
67 84
67 95
67 169
67 183
67 221
67 272
67 434
67 514
67 544
67 589
67 645
67 653
67 660
67 694
67 707
67 741
67 745
67 759
67 766
67 984
68 132
68 231
68 275
68 387
68 413
68 428
68 815
68 854
69 85
69 106
69 149
69 416
69 427
69 628
70 114
70 168
70 395
70 698
70 704
70 776
70 787
71 89
71 98
71 139
71 258
71 349
71 531
71 539
71 798
71 839
71 894
71 938
71 960
71 975
71 978
71 983
71 996
71 92
72 86
72 96
72 97
72 119
72 121
72 263
72 290
72 312
72 552
72 663
72 141
73 609
73 873
74 417
74 141
74 93
75 92
75 189
75 400
77 87
77 286
77 419
77 458
77 533
77 566
77 627
77 638
77 708
77 833
77 929
77 125
78 723
78 893
78 141
78 143
79 104
79 182
79 685
79 997
79 199
79 204
80 671
80 738
81 408
81 113
81 142
82 101
82 116
82 198
82 310
82 396
82 452
82 492
82 588
82 592
82 657
82 718
82 780
82 108
82 117
82 143
82 150
83 141
84 113
84 313
84 344
84 521
84 600
84 712
84 808
84 959
85 517
85 846
86 206
86 561
87 112
88 649
88 977
89 897
89 118
90 254
90 296
90 368
90 678
90 749
90 817
90 144
91 144
91 444
91 538
91 648
91 141
92 100
92 215
92 219
92 239
92 268
92 399
92 515
92 596
92 613
92 819
93 117
93 158
93 174
93 176
93 301
93 461
93 717
93 856
93 867
93 100
94 178
94 911
94 115
94 127
95 115
95 281
95 425
95 498
95 916
95 948
97 163
97 278
97 471
97 502
97 573
97 973
97 975
97 993
98 438
98 141
98 100
98 163
99 788
100 122
100 485
100 527
101 276
101 309
101 616
101 630
101 800
102 205
102 406
102 682
102 812
102 940
102 995
103 129
103 132
103 148
103 457
103 562
103 626
103 744
103 904
103 909
104 165
104 697
104 859
104 981
105 455
105 549
105 891
105 915
105 141
106 158
106 226
106 287
106 301
106 343
106 363
106 385
106 840
106 927
107 611
107 677
107 699
108 284
108 629
108 853
108 906
110 327
110 415
110 520
110 596
110 655
110 691
110 706
110 765
110 769
110 848
111 257
111 273
111 456
111 907
112 935
113 123
113 178
115 345
115 395
115 690
115 862
115 986
116 153
116 526
116 570
116 992
117 380
117 475
117 797
118 155
118 339
118 364
118 615
118 876
118 921
120 124
120 459
121 288
121 950
121 190
122 758
122 908
122 175
124 150
124 209
124 409
124 421
124 537
124 700
124 968
124 146
125 141
126 131
127 576
128 775
129 142
129 159
129 204
129 227
129 360
129 376
129 404
129 460
129 468
129 488
129 510
129 542
129 722
129 729
129 740
129 757
129 762
129 763
129 952
130 147
131 161
132 176
132 246
132 398
132 650
132 834
132 925
132 167
133 138
133 355
133 414
133 486
134 203
134 375
134 641
134 726
134 860
134 899
135 411
135 490
135 687
135 910
136 139
137 141
138 306
138 361
138 571
138 785
138 156
139 277
139 557
139 578
139 665
139 911
139 173
140 191
140 914
141 742
142 162
142 472
142 793
143 182
143 214
143 238
143 572
145 803
146 354
146 618
146 664
148 167
148 431
148 771
148 875
150 809
151 869
152 352
152 194
154 230
154 591
156 203
159 198
163 178
177 197
