0 1
0 2
0 3
0 4
0 5
0 6
0 8
0 9
0 13
0 14
0 18
0 31
0 34
0 41
0 43
0 45
0 48
0 51
0 56
0 65
0 67
0 72
0 83
0 88
0 95
0 101
0 102
0 103
0 105
0 106
0 110
0 111
0 114
0 117
0 122
0 123
0 126
0 129
0 131
0 134
0 136
0 138
0 147
0 150
0 166
0 172
0 178
0 185
0 189
0 201
0 202
0 213
0 222
0 225
0 234
0 237
0 249
0 254
0 272
0 355
0 359
0 364
0 378
0 391
0 395
0 398
0 404
0 445
0 451
0 480
0 521
0 532
0 592
0 665
0 723
0 757
0 768
0 779
0 811
0 847
0 848
0 849
0 853
0 943
1 2
1 3
1 5
1 6
1 7
1 8
1 13
1 15
1 16
1 19
1 20
1 27
1 28
1 30
1 32
1 34
1 37
1 40
1 42
1 60
1 61
1 66
1 68
1 70
1 73
1 75
1 81
1 83
1 87
1 100
1 102
1 105
1 107
1 108
1 110
1 114
1 118
1 120
1 121
1 123
1 126
1 128
1 137
1 141
1 147
1 152
1 153
1 157
1 158
1 162
1 163
1 164
1 177
1 178
1 181
1 182
1 184
1 191
1 194
1 233
1 235
1 303
1 314
1 329
1 350
1 361
1 385
1 387
1 392
1 400
1 428
1 452
1 464
1 476
1 481
1 518
1 519
1 525
1 594
1 619
1 627
1 634
1 637
1 642
1 667
1 712
1 733
1 734
1 738
1 751
1 775
1 787
1 797
1 802
1 810
1 827
1 927
1 937
2 3
2 4
2 5
2 7
2 9
2 18
2 19
2 20
2 21
2 31
2 39
2 45
2 53
2 54
2 55
2 56
2 63
2 72
2 74
2 75
2 83
2 85
2 89
2 102
2 108
2 109
2 115
2 116
2 124
2 129
2 132
2 141
2 147
2 148
2 153
2 157
2 158
2 167
2 168
2 169
2 173
2 189
2 203
2 416
2 474
2 496
2 508
2 552
2 578
2 628
2 684
2 694
2 698
2 742
2 803
2 839
2 861
2 881
2 884
2 892
2 911
2 920
2 925
2 939
2 951
2 970
3 5
3 9
3 11
3 13
3 15
3 20
3 29
3 41
3 44
3 51
3 68
3 84
3 89
3 90
3 92
3 94
3 96
3 101
3 106
3 112
3 114
3 122
3 125
3 138
3 140
3 143
3 146
3 152
3 158
3 162
3 174
3 177
3 191
3 198
3 199
3 200
3 216
3 239
3 304
3 305
3 307
3 327
3 339
3 423
3 436
3 455
3 461
3 493
3 511
3 515
3 551
3 577
3 600
3 625
3 636
3 651
3 674
3 778
3 784
3 878
3 923
3 992
4 6
4 18
4 42
4 46
4 57
4 78
4 196
4 201
4 375
4 680
4 776
5 7
5 11
5 34
5 48
5 51
5 59
5 606
5 791
5 879
5 969
5 979
5 982
5 145
5 6
5 15
5 16
5 20
5 24
5 30
5 49
5 60
5 61
5 73
5 81
5 117
5 118
5 129
5 150
6 10
6 12
6 14
6 17
6 19
6 24
6 25
6 26
6 30
6 35
6 46
6 53
6 64
6 84
6 92
6 109
6 111
6 150
6 153
6 168
6 176
6 179
6 188
6 219
6 242
6 281
6 313
6 336
6 343
6 372
6 383
6 406
6 431
6 433
6 446
6 457
6 477
6 484
6 490
6 520
6 567
6 572
6 587
6 604
6 635
6 648
6 675
6 683
6 696
6 731
6 748
6 754
6 755
6 760
6 762
6 767
6 790
6 825
6 843
6 862
6 865
6 867
6 876
6 896
6 903
6 921
6 940
6 977
6 986
6 83
6 7
6 8
7 11
7 32
7 33
7 47
7 105
7 108
7 379
7 557
7 613
7 815
7 919
7 145
7 10
7 13
7 16
7 18
7 24
7 30
7 39
7 45
7 46
7 51
7 58
7 62
7 72
7 82
7 116
7 135
8 10
8 12
8 711
8 26
8 60
8 71
8 101
8 109
9 14
9 21
9 31
9 36
9 52
9 56
9 93
9 172
9 175
9 208
9 250
9 264
9 344
9 381
9 399
9 478
9 486
9 528
9 538
9 638
9 745
9 747
9 774
9 897
9 965
9 973
10 24
10 64
10 89
10 121
10 267
10 671
10 145
10 13
10 17
10 32
10 34
10 35
10 40
10 51
10 54
10 56
10 63
10 77
10 92
10 108
10 138
10 146
11 29
11 33
11 368
11 483
11 568
11 83
11 28
11 44
11 57
11 59
11 105
11 107
11 122
12 70
12 145
12 14
12 19
12 22
12 31
12 32
12 58
12 104
12 134
13 15
13 23
13 54
13 79
13 82
13 90
13 138
13 171
13 226
13 273
13 306
13 393
13 426
13 435
13 448
13 556
13 596
13 650
13 708
13 729
13 739
13 744
13 994
13 41
13 42
14 16
14 18
14 25
14 57
14 66
14 86
14 101
14 200
14 265
14 289
14 298
14 299
14 346
14 406
14 408
14 579
14 628
14 640
14 672
14 673
14 678
14 801
14 820
14 886
14 901
14 902
14 909
14 944
14 945
14 975
15 39
15 312
15 887
15 38
16 22
16 62
16 725
16 906
16 926
16 27
16 28
16 66
16 115
16 149
17 21
17 26
17 31
17 33
17 35
17 76
17 105
17 119
17 128
17 146
17 158
18 29
18 49
18 75
18 81
18 98
18 116
18 149
18 161
18 168
18 221
18 228
18 246
18 292
18 338
18 357
18 419
18 421
18 469
18 488
18 491
18 548
18 639
18 647
18 656
18 676
18 681
18 709
18 763
18 773
18 960
19 58
19 118
19 125
19 129
19 139
19 154
19 249
19 517
19 530
19 560
19 649
19 657
19 783
19 822
19 823
19 824
19 838
19 875
19 895
19 904
19 950
20 22
20 26
20 28
20 38
20 55
20 64
20 111
20 139
20 150
20 170
20 256
20 401
20 439
20 663
20 798
20 844
20 948
20 83
20 40
20 89
20 95
20 149
21 584
21 29
21 109
22 23
22 24
22 38
22 44
22 76
22 91
22 93
22 104
22 173
22 202
22 266
22 269
22 319
22 367
22 422
22 450
22 564
22 576
22 615
22 616
22 732
22 769
22 792
22 821
22 880
22 889
22 928
22 999
22 46
22 92
22 170
23 31
23 50
23 61
23 62
23 63
23 73
23 80
23 97
23 119
23 122
23 133
23 154
23 169
23 194
23 227
23 251
23 261
23 270
23 276
23 294
23 322
23 328
23 360
23 362
23 390
23 405
23 432
23 502
23 544
23 610
23 611
23 622
23 627
23 629
23 655
23 669
23 682
23 689
23 692
23 724
23 804
23 806
23 816
23 870
23 891
23 929
23 938
23 955
23 958
24 53
24 76
24 137
24 220
24 562
24 718
24 812
24 838
24 34
24 36
24 44
24 66
24 94
24 118
24 119
24 121
24 126
24 129
25 35
25 614
25 624
26 146
26 192
26 196
26 205
26 243
26 253
26 271
26 353
26 418
26 437
26 504
26 575
26 588
26 590
26 599
26 630
26 654
26 664
26 700
26 704
26 714
26 716
26 722
26 756
26 883
26 900
26 918
26 114
26 119
26 123
26 131
27 595
27 688
27 972
27 174
27 202
28 252
28 523
28 88
28 124
29 112
29 183
29 186
29 380
29 605
30 47
30 59
30 69
30 74
30 85
30 95
30 103
30 126
30 141
30 188
30 337
30 365
30 460
30 531
30 545
30 581
30 767
30 796
30 809
30 833
30 981
30 130
30 151
31 32
31 36
31 47
31 50
31 65
31 86
31 102
31 107
31 112
31 132
31 136
31 151
31 167
31 199
31 260
31 282
31 288
31 352
31 374
31 420
31 466
31 472
31 516
31 526
31 535
31 537
31 603
31 645
31 691
31 706
31 707
31 726
31 772
31 826
31 837
31 842
31 851
31 864
31 888
31 894
31 952
31 974
31 981
31 984
31 52
31 165
32 840
32 935
33 94
33 136
33 197
33 345
33 583
33 586
33 125
34 65
34 77
34 218
34 331
34 403
34 553
34 730
34 61
35 43
35 120
35 135
35 144
35 210
35 248
35 321
35 441
35 558
35 47
35 90
36 137
36 142
37 56
37 143
37 155
37 230
37 489
37 617
37 177
38 285
38 597
38 985
39 58
39 71
39 80
39 130
39 187
39 209
39 506
39 631
39 660
39 699
39 770
39 956
39 997
40 61
40 85
40 463
40 687
40 720
40 64
40 112
40 133
41 91
41 620
41 145
41 166
42 54
42 135
42 402
42 411
42 513
42 750
42 932
43 131
43 369
43 495
43 885
44 262
44 48
44 93
44 136
45 207
45 334
45 546
45 705
45 971
45 52
45 55
45 69
46 49
46 677
46 740
46 758
46 771
47 98
47 258
47 330
47 332
47 397
47 453
47 585
47 697
47 728
47 933
47 74
47 86
47 136
48 51
48 238
48 449
48 514
48 780
48 964
48 991
48 145
48 77
48 78
48 95
48 121
48 146
48 152
49 133
49 907
51 142
51 161
51 395
51 413
51 524
51 836
51 854
51 82
51 84
51 135
52 300
52 342
52 60
52 110
52 141
53 74
53 198
53 471
53 707
53 807
53 83
53 151
53 162
54 82
54 90
54 106
54 194
54 211
54 320
54 366
54 377
54 494
54 662
54 715
54 845
54 931
54 81
55 563
55 96
56 93
56 214
56 229
56 414
56 569
56 591
56 984
56 145
56 107
57 135
57 394
57 963
58 80
58 101
59 67
59 99
59 245
59 358
59 509
59 602
59 829
59 941
60 139
61 172
61 206
61 212
61 301
61 333
61 473
61 500
61 794
61 78
61 93
61 132
62 72
62 104
62 232
62 279
62 348
62 447
62 727
62 764
62 890
62 908
62 83
63 78
63 79
63 128
63 505
63 621
63 626
63 828
63 832
63 915
63 978
63 83
63 74
63 116
64 123
64 134
64 190
64 247
64 415
66 94
66 126
67 690
67 145
69 444
70 170
71 138
71 195
71 80
71 130
71 148
72 137
72 156
72 185
72 223
72 257
72 434
72 507
72 607
72 643
72 782
72 877
72 898
72 968
72 980
72 995
72 998
73 529
73 856
74 113
74 124
74 140
74 166
74 244
74 527
75 323
75 326
75 465
75 695
75 924
75 990
77 916
78 215
78 287
78 501
78 547
78 589
78 609
78 786
78 846
78 987
78 83
78 156
79 96
79 118
79 145
79 341
80 82
80 485
80 498
80 954
81 115
81 196
81 813
82 109
82 181
82 203
82 274
82 417
82 721
82 850
82 989
82 140
83 174
83 291
83 389
83 659
83 702
83 871
83 89
83 99
83 104
83 107
83 108
83 155
85 87
85 370
85 429
85 577
85 593
85 710
85 817
85 863
86 231
86 316
86 120
87 100
87 180
87 438
87 703
87 735
87 759
89 111
89 608
89 912
89 198
90 164
90 351
90 542
93 468
93 512
93 601
93 145
93 173
94 98
94 118
95 193
95 543
95 961
95 988
95 145
95 153
96 275
96 295
96 487
96 666
96 685
96 753
96 872
96 194
97 100
97 632
98 384
98 492
98 573
99 440
99 161
99 199
100 388
100 555
100 582
100 618
100 699
100 946
100 180
101 146
101 278
101 309
101 325
101 424
101 503
101 566
101 868
101 874
101 910
101 983
101 139
101 143
101 190
102 107
102 116
102 224
102 335
102 410
102 412
102 554
102 559
102 686
102 736
102 789
102 834
102 957
102 998
104 261
104 653
104 765
104 793
105 302
105 693
105 766
105 914
105 934
105 186
106 550
106 752
107 142
107 157
107 561
107 852
107 117
108 882
108 947
108 157
108 191
109 154
109 241
109 788
109 795
109 860
109 913
110 519
110 701
110 712
110 936
110 141
111 277
111 311
112 127
112 186
112 197
112 263
112 308
112 430
112 543
112 571
112 800
112 939
115 479
116 148
116 386
116 893
117 533
117 623
117 679
117 713
117 743
117 808
117 835
117 949
117 953
117 962
117 179
117 200
118 169
118 497
118 125
119 127
120 159
120 191
120 259
120 268
120 376
120 470
120 540
121 134
121 173
121 200
121 217
121 240
121 290
121 315
121 324
121 363
121 396
121 442
121 534
121 612
121 652
121 661
121 761
121 777
121 805
121 831
121 858
121 859
121 966
121 167
122 195
122 236
122 280
122 286
122 293
122 310
122 510
122 539
122 670
122 719
122 830
122 942
123 160
123 841
123 857
123 869
123 873
125 663
125 899
126 296
126 427
126 431
126 695
126 153
128 187
128 349
129 354
129 373
129 409
129 443
129 458
129 644
129 658
129 746
129 785
129 866
131 135
132 574
132 855
132 151
133 222
133 499
133 668
133 799
133 819
134 162
134 356
134 737
135 163
135 536
135 749
135 148
136 204
136 340
136 347
136 482
136 137
137 255
137 407
137 570
137 580
137 704
137 922
138 142
138 145
138 181
138 211
138 371
138 462
138 814
138 976
138 169
138 189
140 459
140 818
141 475
142 283
142 297
142 317
142 385
142 522
142 541
142 549
142 646
142 746
142 930
142 967
142 996
143 165
143 186
143 467
143 633
143 917
143 993
146 454
146 565
146 717
148 598
148 197
150 318
150 456
151 308
152 196
152 201
152 284
152 425
152 741
152 905
153 192
153 382
153 641
153 781
153 959
157 193
160 176
168 201
172 202
172 200
184 186
