0 1
0 2
0 3
0 4
0 6
0 10
0 14
0 17
0 20
0 26
0 28
0 29
0 33
0 35
0 36
0 40
0 42
0 45
0 47
0 52
0 54
0 57
0 65
0 73
0 76
0 83
0 85
0 88
0 99
0 102
0 103
0 106
0 110
0 112
0 114
0 116
0 121
0 125
0 132
0 137
0 157
0 163
0 169
0 171
0 173
0 183
0 184
0 190
0 195
0 196
0 197
0 204
0 223
0 233
0 235
0 275
0 297
0 304
0 365
0 366
0 383
0 426
0 452
0 459
0 512
0 522
0 584
0 585
0 606
0 616
0 617
0 623
0 625
0 636
0 685
0 698
0 740
0 793
0 845
0 847
0 848
0 877
0 885
1 2
1 3
1 4
1 7
1 9
1 17
1 25
1 32
1 46
1 49
1 55
1 58
1 63
1 96
1 100
1 110
1 120
1 127
1 131
1 135
1 140
1 144
1 146
1 148
1 149
1 174
1 183
1 189
1 201
1 202
1 219
1 286
1 432
1 469
1 513
1 524
1 558
1 603
1 639
1 657
1 730
1 777
2 3
2 4
2 5
2 10
2 11
2 12
2 13
2 28
2 30
2 33
2 35
2 41
2 46
2 50
2 51
2 76
2 93
2 94
2 103
2 108
2 109
2 115
2 123
2 127
2 128
2 134
2 138
2 141
2 150
2 151
2 156
2 158
2 159
2 161
2 164
2 165
2 168
2 174
2 178
2 184
2 199
2 276
2 299
2 321
2 474
2 496
2 504
2 510
2 528
2 537
2 541
2 637
2 688
2 694
2 705
2 762
2 787
2 800
2 819
2 830
2 865
2 866
2 875
2 884
2 889
2 927
2 936
3 4
3 6
3 7
3 8
3 20
3 23
3 46
3 64
3 68
3 69
3 77
3 81
3 83
3 87
3 101
3 105
3 106
3 107
3 129
3 131
3 136
3 149
3 184
3 191
3 192
3 195
3 198
3 206
3 222
3 308
3 438
3 487
3 495
3 516
3 536
3 555
3 602
3 670
3 699
3 842
3 935
3 996
4 5
4 6
4 9
4 12
4 14
4 21
4 24
4 26
4 29
4 36
4 37
4 44
4 48
4 52
4 56
4 57
4 61
4 70
4 74
4 77
4 78
4 79
4 85
4 96
4 102
4 103
4 106
4 109
4 115
4 122
4 129
4 132
4 137
4 138
4 141
4 149
4 150
4 161
4 167
4 171
4 175
4 180
4 184
4 193
4 194
4 199
4 204
4 250
4 317
4 323
4 440
4 447
4 525
4 532
4 540
4 565
4 593
4 614
4 679
4 697
4 722
4 725
4 739
4 760
4 802
4 834
4 851
4 912
4 921
4 934
4 989
5 19
5 60
5 176
5 197
5 207
5 214
5 278
5 322
5 368
5 387
5 404
5 493
5 587
5 765
5 892
5 913
5 20
5 7
5 8
5 9
5 10
5 13
5 17
5 23
5 41
5 42
5 52
5 58
5 63
5 78
6 8
6 15
6 29
6 38
6 100
6 140
6 234
6 505
6 571
6 630
6 774
6 790
6 881
6 890
7 18
7 19
7 21
7 48
7 49
7 168
7 198
7 353
7 436
7 484
7 664
7 721
7 904
7 918
7 991
7 9
7 16
7 23
7 35
7 43
7 46
7 64
7 65
7 70
7 93
7 108
7 144
8 9
8 13
8 15
8 16
8 22
8 58
8 87
8 89
8 133
8 199
8 203
8 205
8 254
8 336
8 477
8 653
8 944
9 10
9 15
9 17
9 24
9 38
9 39
9 41
9 56
9 59
9 62
9 68
9 70
9 71
9 87
9 89
9 101
9 112
9 160
9 162
9 185
9 190
9 201
9 209
9 268
9 272
9 273
9 295
9 324
9 327
9 390
9 409
9 420
9 425
9 435
9 461
9 476
9 491
9 492
9 503
9 518
9 557
9 567
9 619
9 638
9 651
9 658
9 668
9 677
9 720
9 742
9 756
9 761
9 821
9 853
9 861
9 891
9 896
9 945
9 951
9 953
9 965
9 11
9 12
9 13
9 16
9 36
9 45
9 63
9 73
9 100
9 140
10 20
10 27
10 30
10 32
10 39
10 42
10 54
10 59
10 64
10 65
10 66
10 69
10 77
10 92
10 102
10 139
10 185
10 201
10 202
10 212
10 217
10 218
10 264
10 283
10 310
10 320
10 325
10 377
10 394
10 400
10 416
10 467
10 530
10 534
10 561
10 564
10 596
10 620
10 622
10 642
10 667
10 701
10 702
10 703
10 713
10 735
10 794
10 797
10 814
10 816
10 838
10 857
10 858
10 871
10 916
10 943
10 956
10 961
10 963
10 995
10 11
10 14
10 24
10 34
10 44
10 53
10 56
10 61
10 74
10 75
10 109
10 111
10 150
11 18
11 31
11 45
11 70
11 75
11 80
11 89
11 103
11 107
11 113
11 134
11 142
11 147
12 30
12 52
12 53
12 146
12 224
12 251
12 261
12 285
12 488
12 556
12 609
12 628
12 633
12 817
12 850
12 863
12 923
12 929
12 950
12 993
12 37
13 16
13 25
13 174
13 203
13 605
13 932
13 21
13 29
13 32
13 35
13 65
13 71
13 84
13 102
13 110
13 143
14 23
14 95
14 138
14 439
14 519
14 563
14 67
14 78
14 124
14 129
14 175
15 41
15 107
15 108
15 178
15 430
15 463
15 199
16 815
16 948
16 954
16 25
16 32
16 40
16 54
16 62
16 82
16 118
16 203
17 27
17 28
17 29
17 34
17 53
17 59
17 61
17 67
17 72
17 74
17 93
17 97
17 130
17 146
17 152
17 155
17 171
17 274
17 284
17 287
17 313
17 332
17 338
17 343
17 345
17 355
17 419
17 437
17 462
17 467
17 468
17 472
17 494
17 499
17 526
17 529
17 548
17 551
17 560
17 580
17 629
17 631
17 648
17 661
17 662
17 663
17 750
17 798
17 799
17 811
17 841
17 870
17 888
17 889
17 937
17 979
17 980
17 988
17 19
18 19
19 21
19 37
19 54
19 60
19 73
19 75
19 85
19 90
19 98
19 125
19 154
19 157
19 197
19 214
19 263
19 357
19 403
19 415
19 497
19 570
19 672
19 711
19 736
19 869
19 901
19 931
19 43
20 201
20 228
20 676
21 55
21 157
21 210
21 229
21 271
21 350
21 370
21 381
21 480
21 517
21 589
21 594
21 600
21 615
21 654
21 669
21 711
21 714
21 999
21 108
22 24
22 62
22 134
22 154
22 176
22 289
22 337
22 346
22 520
22 583
22 632
22 634
22 678
22 710
22 806
22 824
22 900
22 925
22 947
23 43
23 314
23 25
23 84
23 139
24 25
24 70
24 188
24 303
24 824
24 881
24 973
24 41
24 47
24 98
24 119
24 130
25 294
25 853
25 26
25 28
25 61
25 65
25 76
25 110
25 125
26 53
26 86
26 137
26 290
26 372
26 514
26 577
26 732
26 854
26 54
27 72
27 95
27 119
27 122
27 136
27 414
27 418
27 427
27 511
27 546
27 695
27 748
27 771
27 810
27 878
27 910
27 928
27 955
27 966
27 195
28 74
28 266
28 470
28 727
28 920
28 63
28 76
28 98
28 110
28 173
29 31
29 58
29 66
29 86
29 104
29 118
29 129
29 133
29 143
29 144
29 178
29 189
29 192
29 208
29 211
29 215
29 245
29 266
29 277
29 307
29 318
29 333
29 334
29 355
29 356
29 358
29 364
29 378
29 380
29 385
29 421
29 422
29 440
29 471
29 485
29 535
29 562
29 578
29 590
29 592
29 595
29 604
29 608
29 612
29 645
29 650
29 706
29 743
29 747
29 749
29 762
29 792
29 827
29 833
29 839
29 867
29 905
29 957
29 960
29 964
29 965
29 970
29 994
30 42
30 135
30 581
30 770
30 982
31 181
31 315
31 446
31 33
32 50
32 69
32 92
32 122
32 148
32 202
32 230
32 340
32 376
32 508
32 610
32 758
32 763
32 992
32 138
32 161
33 68
33 167
33 274
33 74
33 132
34 51
35 38
35 56
35 311
35 395
35 397
35 42
35 50
35 76
35 94
35 106
35 117
35 129
36 46
36 51
36 98
36 103
36 241
36 247
36 255
36 349
36 384
36 521
36 660
36 704
36 708
36 835
36 843
36 875
36 880
36 907
36 924
36 942
37 80
37 113
37 116
37 166
37 186
37 252
37 258
37 392
37 405
37 407
37 483
37 500
37 507
37 671
37 700
37 734
37 753
37 757
37 796
37 836
37 872
37 873
37 879
37 882
37 894
37 902
37 189
38 70
38 162
38 257
38 410
38 490
38 926
39 572
41 62
41 101
41 139
41 194
41 220
41 361
41 444
41 533
41 601
41 607
41 805
41 958
41 45
41 49
41 92
41 135
41 169
42 65
42 78
42 83
42 128
42 240
42 270
42 413
42 431
42 433
42 545
42 566
42 85
42 123
43 72
43 216
43 531
43 44
43 79
43 181
44 113
44 135
44 172
45 460
45 482
45 576
45 985
45 48
45 73
45 81
45 99
46 259
46 398
46 643
46 855
46 868
47 49
47 239
47 305
48 153
48 183
48 267
48 832
48 107
48 176
49 63
49 256
49 464
49 486
49 823
49 826
50 65
50 110
50 281
50 946
52 175
52 273
52 406
52 424
52 465
52 466
52 568
52 666
52 754
52 755
52 807
52 874
52 894
52 898
53 82
53 147
53 194
53 479
53 724
53 772
54 60
54 91
54 105
54 114
54 117
54 142
54 145
54 168
54 172
54 183
54 225
54 280
54 296
54 359
54 371
54 449
54 455
54 457
54 475
54 481
54 586
54 626
54 682
54 767
54 773
54 780
54 781
54 785
54 825
54 828
54 829
54 831
54 886
54 929
54 941
54 976
54 987
54 100
54 152
54 157
55 124
55 367
55 802
55 818
55 899
56 331
57 686
57 775
58 98
58 213
58 391
58 515
58 523
58 538
58 656
58 728
58 804
58 983
60 126
60 915
61 93
61 155
61 173
61 552
61 687
61 719
61 79
61 83
61 154
62 301
62 618
62 876
62 903
62 974
63 291
63 389
63 573
64 76
64 117
64 260
64 417
64 478
64 109
64 114
65 81
65 261
65 547
65 684
65 726
65 82
65 101
66 147
66 160
66 199
66 408
66 498
66 789
67 159
68 696
69 121
69 579
69 646
69 778
70 655
70 96
71 87
72 86
72 90
72 244
72 712
72 716
72 793
72 837
72 846
72 862
72 906
73 91
73 116
73 543
73 544
73 549
73 575
73 738
73 820
74 339
74 507
75 146
75 147
76 196
76 332
76 396
76 458
76 640
76 673
76 674
76 681
76 691
76 791
76 977
76 88
78 79
78 124
78 163
78 232
78 105
78 138
79 246
79 262
79 539
79 707
79 752
79 788
79 120
79 141
79 143
80 88
80 191
80 253
80 379
80 968
80 975
80 997
80 105
81 84
81 195
83 506
83 118
83 151
84 306
84 119
84 140
85 94
85 177
85 182
85 236
85 249
85 553
85 624
85 680
85 752
85 813
85 972
86 118
86 146
86 362
86 392
86 402
86 439
86 809
86 852
86 986
86 998
87 200
87 342
87 375
87 803
89 188
89 203
90 451
90 574
90 768
90 783
90 917
90 969
90 978
91 374
91 844
91 911
91 163
92 145
92 717
93 208
93 293
93 500
93 746
93 840
94 170
94 221
94 326
94 443
94 501
94 737
94 766
94 99
96 113
96 136
96 186
96 242
96 302
96 312
96 571
96 744
96 812
96 933
96 959
98 288
98 554
98 592
98 649
98 723
98 864
98 101
98 117
98 121
98 122
98 145
98 153
99 179
99 453
99 860
102 328
102 741
103 153
103 197
103 296
103 598
103 909
103 938
104 111
105 116
105 142
105 165
105 182
105 298
105 300
105 347
105 683
105 715
105 776
105 883
105 919
105 962
105 168
106 185
106 265
106 423
106 454
106 591
106 652
106 665
106 731
106 145
107 144
107 611
107 653
107 119
107 146
108 411
108 542
108 939
110 231
110 117
111 186
111 442
111 448
111 784
111 786
111 121
112 489
112 569
112 647
113 363
113 990
114 128
114 390
114 129
115 227
115 412
115 502
115 509
115 576
115 582
115 692
115 759
115 779
115 156
116 125
116 156
116 319
116 718
116 769
116 801
116 967
117 359
117 808
117 949
117 133
118 152
118 613
118 693
119 984
119 136
119 202
121 148
121 352
122 238
122 329
122 399
122 473
123 131
124 180
124 610
125 388
125 450
125 475
125 544
125 659
125 856
125 922
125 126
126 292
126 316
126 751
127 973
128 627
128 981
129 155
129 193
131 140
131 354
131 893
132 226
132 282
132 344
132 393
132 527
132 764
132 795
132 940
132 952
133 971
134 279
134 309
134 914
135 304
135 341
135 401
135 456
135 908
135 139
136 635
137 171
137 269
137 287
137 344
137 550
137 559
137 641
137 690
137 709
137 782
137 822
137 897
138 189
138 237
138 243
138 248
138 335
138 428
138 434
138 445
138 859
138 887
140 187
140 382
140 729
140 930
141 597
142 386
142 644
145 172
145 373
145 429
145 599
146 330
148 675
148 788
149 161
149 163
149 588
150 198
150 441
150 689
150 733
150 849
151 360
151 745
152 621
152 895
153 348
153 721
154 161
154 298
154 351
154 369
169 188
177 183
