0 1
0 2
0 3
0 4
0 5
0 7
0 22
0 29
0 43
0 44
0 47
0 51
0 55
0 56
0 67
0 80
0 84
0 86
0 109
0 122
0 129
0 131
0 135
0 143
0 153
0 156
0 164
0 177
0 178
0 191
0 196
0 200
0 201
0 202
0 235
0 239
0 390
0 400
0 466
0 467
0 497
0 538
0 654
0 660
0 697
0 724
0 747
0 860
0 908
0 956
0 971
1 2
1 3
1 4
1 7
1 10
1 11
1 13
1 14
1 17
1 30
1 38
1 49
1 52
1 53
1 57
1 60
1 64
1 77
1 78
1 80
1 82
1 84
1 87
1 89
1 99
1 106
1 108
1 109
1 113
1 123
1 125
1 137
1 141
1 142
1 160
1 163
1 170
1 171
1 178
1 184
1 197
1 199
1 200
1 219
1 303
1 373
1 374
1 485
1 510
1 554
1 641
1 692
1 694
1 720
1 742
1 774
1 786
1 800
1 809
1 810
1 851
1 870
1 897
1 899
1 937
1 944
2 3
2 4
2 8
2 9
2 15
2 16
2 17
2 18
2 20
2 24
2 28
2 32
2 34
2 35
2 42
2 44
2 47
2 48
2 49
2 53
2 70
2 73
2 76
2 77
2 80
2 83
2 88
2 89
2 98
2 100
2 101
2 116
2 118
2 122
2 125
2 129
2 135
2 136
2 137
2 145
2 153
2 154
2 155
2 159
2 161
2 162
2 164
2 168
2 172
2 173
2 175
2 177
2 180
2 189
2 191
2 194
2 200
2 201
2 204
2 211
2 243
2 256
2 275
2 290
2 409
2 432
2 444
2 447
2 469
2 495
2 498
2 519
2 527
2 563
2 647
2 650
2 665
2 668
2 671
2 674
2 675
2 726
2 736
2 749
2 777
2 807
2 812
2 914
2 916
2 945
2 958
3 4
3 13
3 26
3 39
3 50
3 52
3 53
3 55
3 71
3 76
3 87
3 129
3 153
3 176
3 182
3 185
3 188
3 190
3 313
3 339
3 349
3 423
3 613
3 758
3 869
3 938
3 962
3 980
3 994
4 5
4 6
4 7
4 9
4 13
4 23
4 24
4 25
4 34
4 39
4 42
4 54
4 59
4 64
4 65
4 70
4 72
4 78
4 80
4 81
4 103
4 107
4 111
4 112
4 115
4 123
4 124
4 125
4 126
4 130
4 144
4 145
4 146
4 151
4 155
4 159
4 169
4 177
4 181
4 189
4 196
4 197
4 203
4 259
4 355
4 361
4 405
4 414
4 421
4 481
4 499
4 542
4 626
4 659
4 704
4 708
4 743
4 752
4 766
4 821
4 824
4 848
4 883
5 9
5 10
5 11
5 14
5 22
5 23
5 24
5 25
5 27
5 37
5 56
5 59
5 61
5 65
5 70
5 71
5 74
5 75
5 81
5 83
5 94
5 96
5 105
5 106
5 136
5 149
5 150
5 157
5 162
5 167
5 179
5 183
5 192
5 199
5 205
5 210
5 220
5 223
5 228
5 229
5 238
5 300
5 314
5 317
5 318
5 331
5 333
5 334
5 346
5 351
5 360
5 387
5 391
5 408
5 412
5 434
5 454
5 480
5 501
5 557
5 575
5 577
5 588
5 640
5 664
5 687
5 691
5 731
5 733
5 741
5 750
5 763
5 775
5 808
5 815
5 820
5 841
5 867
5 895
5 903
5 912
5 931
5 946
5 959
5 960
5 986
5 116
5 6
5 15
5 123
6 7
6 13
6 27
6 166
6 263
6 532
6 544
6 891
6 12
6 16
6 18
6 19
6 29
6 32
6 50
6 55
6 65
7 27
7 37
7 40
7 63
7 130
7 144
7 147
7 160
7 248
7 357
7 359
7 376
7 393
7 394
7 433
7 450
7 689
7 698
7 732
7 831
7 845
7 901
7 920
7 948
8 12
8 15
8 230
8 468
8 787
8 116
8 11
8 18
8 21
8 31
8 32
8 36
8 37
8 40
8 43
8 46
8 52
8 53
8 67
8 70
8 80
8 85
8 86
8 94
8 96
8 99
8 142
8 145
9 10
9 14
9 22
9 81
9 98
9 108
9 187
9 289
9 307
9 363
9 474
9 518
9 686
9 868
9 890
10 49
10 59
10 66
10 121
10 255
10 391
10 401
10 471
10 489
10 585
10 681
10 803
10 847
10 855
10 866
10 881
10 885
10 923
10 116
10 24
10 25
10 60
10 71
10 112
10 133
11 18
11 21
11 45
11 51
11 85
11 155
11 172
11 254
11 257
11 271
11 315
11 330
11 369
11 476
11 494
11 517
11 556
11 566
11 598
11 685
11 865
11 886
11 952
11 969
11 999
11 17
11 27
11 174
12 116
12 19
12 24
12 28
12 57
12 84
12 96
13 15
13 28
13 33
13 34
13 36
13 43
13 46
13 48
13 54
13 84
13 87
13 103
13 111
13 136
13 138
13 139
13 176
13 195
13 207
13 260
13 268
13 276
13 296
13 298
13 309
13 341
13 379
13 417
13 425
13 436
13 484
13 493
13 502
13 535
13 539
13 553
13 599
13 608
13 651
13 657
13 698
13 705
13 707
13 717
13 728
13 729
13 744
13 760
13 761
13 765
13 778
13 817
13 828
13 829
13 877
13 887
13 917
13 921
13 934
13 954
13 961
13 968
13 972
13 996
14 25
14 65
14 105
14 108
14 301
14 342
14 594
14 676
14 805
14 839
14 876
14 878
14 915
15 17
15 77
15 570
15 716
15 787
15 935
15 23
16 156
16 343
16 688
16 896
16 18
16 85
16 157
17 989
17 21
17 38
18 19
18 32
18 38
18 45
18 69
18 73
18 85
18 86
18 92
18 124
18 277
18 396
18 426
18 509
18 635
18 811
18 816
18 859
18 933
18 966
18 990
18 47
18 131
18 141
18 150
19 232
19 943
19 26
19 28
19 48
19 49
20 112
20 116
20 42
20 52
20 62
21 22
21 24
21 51
21 57
21 77
21 86
21 118
21 138
22 39
23 36
23 80
23 100
23 142
23 148
23 194
24 39
24 328
24 658
24 32
24 59
24 68
24 71
24 93
24 116
24 126
24 152
25 29
25 42
25 49
25 67
25 150
25 284
25 530
25 560
25 571
25 637
25 856
25 27
25 33
25 63
25 104
25 130
26 93
26 94
26 352
26 583
26 922
26 955
26 76
26 81
27 33
27 39
27 40
27 43
27 56
27 63
27 71
27 131
27 140
27 142
27 147
27 160
27 167
27 195
27 240
27 253
27 291
27 448
27 477
27 515
27 521
27 525
27 580
27 620
27 645
27 663
27 677
27 702
27 719
27 730
27 738
27 782
27 794
27 801
27 836
27 837
27 871
27 936
27 947
27 951
27 981
27 61
27 130
27 133
28 30
28 31
28 68
28 104
28 126
28 162
28 249
28 302
28 337
28 338
28 413
28 442
28 614
28 622
28 630
28 669
28 718
28 819
28 864
28 888
28 40
29 300
29 483
29 607
30 46
30 51
30 66
30 73
30 86
30 106
30 116
30 131
30 148
30 149
30 165
30 178
30 182
30 218
30 224
30 274
30 280
30 304
30 308
30 382
30 402
30 407
30 412
30 491
30 520
30 534
30 562
30 579
30 589
30 643
30 683
30 701
30 703
30 737
30 767
30 791
30 792
30 834
30 846
30 889
30 907
30 953
30 976
30 983
30 990
31 69
31 52
31 118
31 137
32 65
32 129
32 146
33 287
33 377
34 36
34 356
34 606
34 919
34 961
35 46
35 92
35 143
35 202
35 652
36 818
36 41
36 91
37 58
37 924
37 949
37 977
38 267
38 320
38 482
38 61
38 91
39 41
39 45
39 110
39 119
39 316
39 344
39 770
39 825
39 853
39 48
39 134
40 47
40 942
41 61
41 66
41 82
42 141
42 183
42 354
42 478
42 550
42 552
42 727
42 902
43 48
43 72
43 154
43 250
43 323
43 496
43 673
43 682
43 891
43 975
43 66
43 74
43 95
43 103
44 122
44 134
44 395
44 488
44 662
44 116
45 128
45 201
45 222
45 272
45 336
45 362
45 443
45 508
45 547
45 615
45 685
45 695
45 696
45 979
45 987
45 998
46 52
46 62
46 91
46 97
46 123
46 181
46 269
46 293
46 427
46 473
46 504
46 605
46 785
46 802
46 826
46 835
46 843
46 854
46 985
47 54
47 83
47 111
47 127
47 154
47 273
47 288
47 561
47 602
47 116
47 48
48 63
48 171
48 470
48 567
48 87
48 101
48 111
48 122
48 128
48 134
49 61
49 75
49 186
49 190
49 281
49 367
49 372
49 610
49 634
49 672
49 699
49 735
49 748
49 768
49 793
50 97
51 278
51 639
52 63
52 115
52 120
52 174
52 195
52 251
52 322
52 383
52 386
52 388
52 451
52 465
52 511
52 543
52 546
52 549
52 573
52 619
52 627
52 644
52 649
52 666
52 721
52 795
52 806
52 893
52 929
52 930
53 340
53 623
53 739
53 840
53 894
53 54
53 118
54 90
54 118
54 127
54 132
54 165
54 176
54 215
54 217
54 306
54 353
54 364
54 366
54 398
54 411
54 418
54 422
54 424
54 488
54 493
54 503
54 514
54 565
54 600
54 648
54 650
54 666
54 709
54 722
54 725
54 757
54 762
54 764
54 873
54 874
54 875
54 905
54 932
54 957
54 963
54 964
54 973
54 984
55 669
55 863
55 116
55 70
56 107
56 617
56 715
56 884
57 79
57 95
57 145
57 148
58 68
58 193
58 214
58 814
58 942
58 188
59 96
59 194
59 773
59 116
59 92
59 109
60 67
60 69
60 163
60 441
60 464
60 475
60 540
60 572
60 629
60 653
60 656
60 679
60 776
61 672
61 101
61 111
63 72
63 93
63 114
63 166
63 198
63 299
63 541
63 548
63 797
63 882
63 988
64 141
64 252
64 261
64 282
64 428
64 633
65 110
65 529
65 982
65 70
65 180
66 74
66 201
67 769
67 906
68 746
68 780
68 852
68 116
69 95
69 117
69 128
69 410
69 506
69 693
69 713
69 789
69 909
70 242
70 247
70 636
70 121
71 82
71 103
71 119
71 177
71 196
71 279
71 285
71 397
71 416
71 461
71 507
71 581
71 618
71 680
71 771
71 823
71 838
71 857
71 974
71 117
73 90
73 233
74 578
74 597
74 625
74 798
74 804
74 911
74 197
76 403
77 79
77 101
77 751
78 225
78 262
78 335
79 120
80 97
80 196
80 212
80 258
80 325
80 381
80 481
80 569
80 596
80 712
80 759
80 898
81 168
81 208
81 401
81 734
81 790
81 993
81 117
82 116
82 88
82 98
82 140
83 110
83 206
83 307
83 345
83 404
83 406
83 501
83 528
83 533
83 537
83 586
83 587
83 714
83 753
83 772
83 784
83 842
83 926
83 967
84 193
84 440
84 500
84 559
84 892
85 113
85 120
85 158
85 523
85 661
86 241
86 245
86 609
88 109
88 138
88 297
88 310
88 399
88 414
88 446
88 492
88 505
88 590
88 624
88 642
88 799
88 830
88 849
88 872
88 913
88 940
88 992
88 110
88 159
88 190
89 102
89 136
89 142
89 161
89 170
89 182
89 199
89 237
89 265
89 311
89 415
89 429
89 460
89 463
89 551
89 558
89 568
89 614
89 631
89 690
89 740
89 754
89 879
89 969
90 158
90 173
90 227
90 244
90 384
90 531
90 591
90 670
90 918
91 213
91 93
91 97
92 135
92 612
92 126
93 234
93 459
93 166
95 226
95 319
95 327
95 358
95 452
95 462
95 978
95 102
95 110
95 124
95 146
95 151
96 184
96 745
96 858
96 862
96 131
97 139
97 582
97 779
97 965
98 145
98 169
98 121
98 200
99 574
100 266
100 305
100 430
100 189
101 370
102 850
103 279
103 700
103 900
104 286
104 107
105 187
105 788
105 168
106 175
106 162
107 545
108 449
108 637
109 371
109 592
109 646
109 861
110 119
110 270
110 513
110 844
111 378
111 479
111 711
111 756
111 783
112 123
112 294
112 420
112 455
112 524
112 781
112 950
113 116
115 437
116 143
116 161
116 125
116 153
118 632
118 939
119 194
119 329
119 472
119 611
120 161
120 178
121 385
121 172
122 941
123 312
123 927
124 395
125 178
125 203
125 445
125 827
126 347
126 389
127 132
127 140
127 231
127 392
127 453
127 638
127 970
129 216
129 348
129 375
129 439
130 133
130 137
130 486
130 904
131 170
131 526
131 684
132 487
132 490
132 910
133 368
135 209
135 295
135 326
135 350
135 723
135 822
136 321
136 584
136 604
136 655
136 667
136 706
136 710
136 746
136 991
137 595
137 600
138 152
138 380
138 536
138 601
140 236
140 248
140 433
140 997
141 431
141 516
142 149
142 180
142 189
142 191
142 246
142 292
142 324
142 365
142 438
142 522
142 628
142 734
142 832
142 925
142 163
142 183
142 187
143 593
143 880
144 928
144 173
144 195
144 202
145 186
145 283
145 332
145 456
145 512
145 156
146 796
146 995
147 264
147 755
148 182
149 616
149 813
150 221
150 576
151 457
153 419
153 435
153 454
153 458
153 555
153 621
153 678
153 830
153 833
153 900
154 564
154 603
156 179
164 194
166 176
172 192
177 181
