0 1
0 2
0 3
0 4
0 7
0 23
0 34
0 36
0 43
0 57
0 70
0 87
0 92
0 116
0 124
0 146
0 151
0 164
0 200
0 359
0 462
0 509
0 545
0 561
0 604
0 789
1 2
1 3
1 4
1 5
1 6
1 7
1 8
1 11
1 13
1 17
1 29
1 48
1 59
1 61
1 67
1 74
1 76
1 82
1 83
1 95
1 96
1 102
1 111
1 114
1 120
1 137
1 139
1 142
1 143
1 147
1 158
1 180
1 181
1 183
1 210
1 309
1 331
1 345
1 351
1 356
1 396
1 439
1 497
1 510
1 549
1 582
1 606
1 624
1 628
1 763
1 764
1 827
1 983
2 3
2 4
2 10
2 11
2 17
2 22
2 26
2 29
2 44
2 47
2 68
2 70
2 75
2 82
2 85
2 86
2 91
2 95
2 97
2 101
2 108
2 113
2 119
2 126
2 131
2 136
2 142
2 144
2 145
2 156
2 168
2 172
2 174
2 176
2 177
2 188
2 191
2 202
2 271
2 283
2 294
2 298
2 353
2 453
2 455
2 504
2 565
2 650
2 651
2 658
2 699
2 747
2 787
2 803
2 851
2 865
2 904
2 931
2 951
2 964
2 965
2 989
3 4
3 5
3 6
3 7
3 9
3 12
3 14
3 15
3 21
3 22
3 24
3 30
3 31
3 35
3 36
3 38
3 42
3 49
3 52
3 53
3 55
3 56
3 58
3 59
3 64
3 65
3 68
3 75
3 79
3 81
3 85
3 86
3 94
3 95
3 98
3 99
3 102
3 110
3 112
3 118
3 123
3 125
3 126
3 131
3 139
3 144
3 145
3 149
3 150
3 151
3 155
3 156
3 157
3 158
3 160
3 164
3 165
3 180
3 184
3 187
3 189
3 195
3 198
3 200
3 204
3 214
3 220
3 224
3 249
3 264
3 279
3 316
3 330
3 358
3 394
3 403
3 411
3 422
3 437
3 448
3 468
3 474
3 493
3 521
3 539
3 579
3 600
3 612
3 632
3 666
3 692
3 699
3 725
3 736
3 758
3 774
3 778
3 794
3 798
3 809
3 831
3 834
3 840
3 850
3 879
3 903
3 912
3 923
3 927
3 928
3 930
3 999
4 16
4 26
4 31
4 33
4 47
4 48
4 70
4 71
4 84
4 90
4 91
4 121
4 129
4 132
4 139
4 145
4 163
4 172
4 178
4 183
4 189
4 193
4 223
4 254
4 263
4 335
4 372
4 384
4 432
4 494
4 560
4 563
4 599
4 630
4 821
4 832
4 838
4 883
4 932
4 952
4 959
4 977
5 9
5 11
5 13
5 20
5 24
5 37
5 42
5 52
5 66
5 88
5 93
5 109
5 134
5 151
5 158
5 179
5 181
5 182
5 229
5 253
5 276
5 318
5 323
5 342
5 355
5 397
5 398
5 438
5 473
5 527
5 535
5 538
5 550
5 581
5 598
5 604
5 621
5 643
5 648
5 687
5 703
5 712
5 725
5 742
5 743
5 755
5 784
5 785
5 790
5 822
5 830
5 836
5 842
5 873
5 886
5 899
5 907
5 941
5 948
5 950
5 960
5 968
5 973
5 974
5 975
5 987
5 991
5 992
5 90
5 12
5 30
6 7
6 12
6 50
6 54
6 72
6 150
6 218
6 369
6 783
6 898
7 12
7 28
7 34
7 40
7 46
7 54
7 222
7 307
7 435
7 558
7 574
7 767
8 31
8 514
8 701
9 16
9 37
9 43
9 55
9 92
9 100
9 187
9 329
9 370
9 384
9 409
9 451
9 467
9 469
9 591
9 673
9 681
9 881
9 90
9 11
9 12
9 22
9 24
9 26
9 60
9 129
10 14
10 25
10 35
10 60
10 61
10 375
10 528
10 571
10 608
10 626
10 709
10 819
10 969
11 20
11 39
11 86
11 104
11 165
11 185
11 380
11 383
11 459
11 521
11 557
11 682
11 714
11 839
11 935
11 938
11 951
11 90
11 13
11 17
11 27
11 28
11 30
11 42
11 56
11 89
11 137
12 15
12 21
12 28
12 47
12 57
12 227
12 675
12 31
12 35
12 42
12 49
12 90
13 16
13 37
13 55
13 88
13 93
13 94
13 107
13 120
13 163
13 186
13 348
13 372
13 387
13 477
13 480
13 483
13 562
13 652
13 788
13 816
13 940
13 19
13 20
13 25
13 34
13 65
13 95
13 183
14 18
14 25
14 55
14 62
14 68
14 234
14 243
14 287
14 317
14 412
14 537
14 603
14 613
14 757
14 871
14 933
15 54
15 78
15 91
15 106
15 221
15 292
15 321
15 90
15 16
15 77
15 120
15 121
16 89
16 134
16 149
16 773
16 20
17 19
17 114
17 693
17 90
17 27
17 44
17 63
17 80
17 82
17 109
17 120
17 131
19 275
19 367
19 817
19 850
19 48
19 69
19 77
20 23
20 24
20 25
20 26
20 35
20 39
20 95
20 99
20 104
20 105
20 123
20 140
20 153
20 159
20 169
20 181
20 242
20 278
20 320
20 363
20 373
20 393
20 399
20 415
20 419
20 439
20 448
20 472
20 508
20 536
20 540
20 625
20 647
20 731
20 748
20 780
20 786
20 792
20 801
20 812
20 818
20 826
20 829
20 835
20 839
20 887
20 921
20 101
20 111
21 40
21 50
21 79
21 173
21 225
21 270
21 299
21 346
21 547
21 593
21 90
22 27
22 230
22 305
22 434
22 458
22 781
22 957
22 90
22 82
22 92
22 143
23 25
23 45
23 53
23 60
23 61
23 257
23 261
23 525
23 705
23 869
23 880
23 888
23 90
24 26
24 32
24 39
24 66
24 124
24 144
24 148
24 208
24 226
24 255
24 364
24 585
24 750
24 811
24 854
24 103
24 195
25 49
25 80
25 105
25 352
25 555
25 637
25 654
25 685
25 695
25 718
25 874
25 885
25 54
25 57
25 75
26 32
26 104
26 109
26 110
26 134
26 280
26 336
26 339
26 361
26 378
26 388
26 490
26 499
26 618
26 867
26 905
26 914
26 41
26 62
26 68
26 76
26 141
27 153
27 520
27 729
27 936
27 962
27 997
27 28
27 32
27 43
27 50
27 58
27 65
27 73
27 110
27 139
28 46
28 113
28 228
28 486
28 759
28 29
28 42
28 58
28 95
28 125
29 30
29 31
29 51
29 160
29 273
29 700
29 105
30 38
30 41
30 69
30 97
30 212
30 544
30 559
30 708
30 939
30 34
30 92
30 94
31 38
31 51
31 69
31 90
31 135
31 136
31 164
31 194
31 207
31 542
31 551
31 639
31 715
31 860
31 926
31 945
33 128
33 512
33 738
33 807
33 90
34 74
34 96
34 116
34 193
34 281
34 452
34 470
34 500
34 616
34 649
34 655
34 677
34 726
34 744
34 761
34 792
34 814
34 841
34 877
34 900
34 924
34 978
34 980
34 197
35 62
35 63
35 153
35 176
35 190
35 324
35 517
35 553
35 556
35 844
35 38
35 53
35 83
35 102
36 94
36 166
36 190
36 209
36 269
36 312
36 332
36 475
36 515
36 567
36 576
36 587
36 620
36 679
36 727
36 772
36 805
36 823
36 863
36 916
36 996
37 526
37 694
37 911
38 44
38 73
38 137
38 200
38 575
38 876
38 889
38 894
38 90
38 55
38 145
38 203
39 868
39 985
40 94
40 343
40 466
40 870
40 893
41 65
41 256
41 882
41 90
41 114
41 116
42 89
42 161
42 219
42 511
42 572
42 864
42 45
42 67
42 122
43 108
43 146
43 161
43 238
43 382
43 416
43 596
43 615
43 619
43 665
43 680
43 90
44 231
44 251
44 421
44 447
44 534
44 594
44 601
44 631
44 711
44 802
44 955
44 976
45 258
45 285
45 341
45 777
45 90
45 57
45 66
45 107
45 138
46 57
46 113
46 301
47 74
47 77
47 168
47 252
47 401
47 465
47 524
47 583
47 595
47 616
47 765
47 802
47 820
47 979
48 51
48 67
48 69
48 73
48 98
48 171
48 568
48 607
48 667
48 698
48 739
48 776
48 795
48 828
48 942
48 90
48 82
48 86
48 129
49 179
49 192
49 349
49 379
49 460
49 498
49 590
49 800
49 852
49 159
50 128
50 147
50 311
50 360
51 64
51 122
51 152
51 454
51 519
51 741
51 756
51 90
52 479
52 804
52 861
52 90
53 125
53 189
53 195
53 313
53 322
53 406
53 440
53 533
53 884
53 970
54 84
54 127
54 129
54 259
54 530
54 764
54 813
54 929
54 99
54 104
54 122
55 70
55 112
55 138
55 354
55 418
55 492
55 516
55 660
55 90
55 116
55 139
56 60
56 90
56 83
56 118
57 425
57 762
57 893
57 91
57 102
57 104
57 112
57 113
57 139
57 151
58 982
58 112
58 138
58 198
59 77
59 127
59 129
59 402
59 595
59 691
61 240
61 442
61 484
61 689
61 718
61 897
62 76
62 198
62 546
62 548
62 740
63 267
63 427
63 471
63 566
63 627
63 641
63 664
63 669
63 672
63 958
63 177
64 103
64 310
65 392
66 121
66 336
66 917
67 117
67 122
67 152
67 177
67 194
67 201
67 485
67 507
67 552
67 605
67 202
68 410
68 617
68 633
68 640
68 661
68 720
68 721
68 890
68 996
69 529
69 857
69 971
70 88
70 141
70 502
70 909
72 100
72 133
72 206
72 456
72 678
73 200
73 337
73 457
73 964
73 90
73 143
74 168
75 161
75 340
75 636
75 697
75 707
75 734
75 862
75 901
75 906
75 937
76 308
76 347
76 365
76 513
76 536
76 810
76 872
76 87
77 289
77 657
77 133
78 686
79 97
79 119
79 314
79 357
79 501
79 629
79 667
79 710
79 724
79 732
79 769
79 866
79 961
79 984
81 119
81 203
81 344
81 430
81 482
81 751
82 100
82 192
82 754
82 771
82 915
82 967
82 84
82 140
82 196
84 215
84 221
84 328
84 505
84 622
84 659
84 993
84 106
85 291
85 656
85 90
86 151
86 182
86 250
86 142
87 189
88 107
88 381
88 634
88 676
88 696
88 734
88 782
88 922
89 108
89 146
89 213
89 248
89 426
89 502
89 956
89 141
90 97
90 177
90 263
90 288
90 368
90 404
90 433
90 653
90 760
90 846
90 98
90 105
90 130
90 133
90 135
91 175
91 737
91 859
91 105
92 162
92 219
92 268
92 295
93 436
94 101
94 113
94 173
94 746
95 105
95 140
95 170
95 247
95 319
95 450
95 702
95 107
95 136
96 713
97 114
97 266
97 303
97 405
97 892
98 115
98 162
98 183
98 300
98 326
98 481
98 487
98 503
98 514
98 611
98 642
98 684
98 752
98 815
98 908
98 986
99 136
99 199
99 463
99 597
99 808
99 843
99 918
99 963
99 150
100 115
100 133
100 141
100 142
100 174
100 188
100 217
100 262
100 304
100 334
100 376
100 574
100 586
100 662
100 722
100 749
100 990
100 998
101 109
101 443
101 554
101 645
101 690
101 140
102 506
102 934
102 111
102 120
103 635
104 315
104 344
104 374
104 395
104 478
104 947
104 981
104 124
104 182
105 112
105 155
105 269
105 408
105 592
105 614
105 668
107 108
107 130
107 160
107 216
107 236
107 265
107 306
107 519
107 578
107 671
107 719
107 730
107 779
107 806
107 849
109 121
109 126
109 132
109 139
109 150
109 362
109 386
109 461
109 489
109 495
109 541
109 580
109 589
109 670
109 114
110 196
110 333
110 775
110 799
110 837
110 946
110 137
110 153
112 272
112 428
112 564
112 117
113 691
114 202
114 274
114 303
114 531
115 178
115 184
115 217
115 297
115 377
115 389
115 391
115 518
115 768
115 913
115 927
115 949
115 995
115 160
116 366
116 988
116 154
117 856
117 164
118 233
118 413
118 476
118 543
118 704
118 902
119 194
119 245
119 522
119 674
119 716
119 953
120 861
121 169
121 735
122 130
122 239
122 246
122 522
122 609
122 753
122 131
124 286
124 371
124 688
124 733
124 855
124 130
126 167
126 170
126 293
126 532
126 717
126 770
126 954
127 825
128 235
129 156
129 197
129 237
129 445
129 573
129 663
129 853
129 132
130 171
130 417
130 570
130 588
130 766
130 896
130 148
131 244
131 444
131 766
132 302
132 496
132 577
132 584
132 644
132 706
132 797
132 812
132 848
133 919
134 154
134 192
134 325
134 390
134 409
134 423
134 723
134 796
134 188
135 610
136 143
136 176
136 277
136 431
137 296
137 833
137 858
137 891
137 944
139 179
139 284
139 424
140 350
140 925
141 623
142 186
142 232
142 260
142 400
142 407
142 414
142 441
142 464
142 640
142 728
142 791
142 793
142 847
142 851
142 943
142 966
142 972
143 282
143 638
143 845
144 196
144 446
144 569
144 602
145 338
145 347
145 848
145 878
146 205
146 241
146 488
146 491
147 238
149 211
149 429
149 920
149 190
150 173
150 385
150 646
150 875
150 895
150 994
151 185
151 327
151 420
151 523
151 683
152 290
152 745
153 449
153 824
153 910
155 198
162 174
171 204
174 183
