0 1
0 2
0 3
0 4
0 6
0 9
0 14
0 16
0 18
0 20
0 23
0 28
0 31
0 37
0 40
0 44
0 54
0 60
0 70
0 71
0 72
0 83
0 87
0 92
0 94
0 98
0 100
0 103
0 104
0 107
0 110
0 112
0 113
0 118
0 122
0 130
0 145
0 148
0 165
0 173
0 176
0 190
0 191
0 193
0 194
0 204
0 210
0 229
0 239
0 268
0 284
0 314
0 326
0 349
0 393
0 426
0 446
0 498
0 502
0 513
0 517
0 562
0 571
0 592
0 716
0 743
0 745
0 799
0 812
0 830
0 848
0 871
0 879
0 899
0 960
0 965
0 986
1 2
1 3
1 5
1 8
1 9
1 13
1 15
1 20
1 23
1 26
1 28
1 31
1 33
1 42
1 47
1 52
1 54
1 56
1 60
1 65
1 68
1 70
1 81
1 85
1 86
1 87
1 99
1 102
1 103
1 104
1 110
1 112
1 113
1 116
1 124
1 130
1 131
1 132
1 135
1 136
1 137
1 138
1 148
1 160
1 161
1 168
1 174
1 177
1 180
1 186
1 187
1 189
1 208
1 266
1 274
1 302
1 380
1 384
1 409
1 412
1 448
1 476
1 530
1 557
1 595
1 599
1 603
1 634
1 643
1 657
1 730
1 738
1 768
1 784
1 832
1 839
1 852
1 868
1 915
1 917
1 940
1 945
1 997
2 3
2 9
2 12
2 14
2 18
2 56
2 77
2 84
2 86
2 107
2 117
2 122
2 127
2 129
2 137
2 139
2 149
2 158
2 159
2 161
2 164
2 166
2 167
2 172
2 179
2 183
2 192
2 198
2 199
2 356
2 366
2 389
2 494
2 563
2 570
2 587
2 734
2 772
2 785
2 801
2 809
2 848
2 866
2 879
2 913
2 927
2 996
3 5
3 6
3 7
3 15
3 17
3 21
3 22
3 23
3 28
3 32
3 35
3 36
3 38
3 40
3 45
3 52
3 56
3 60
3 63
3 65
3 69
3 71
3 72
3 73
3 81
3 84
3 85
3 86
3 90
3 93
3 112
3 113
3 114
3 119
3 131
3 141
3 142
3 143
3 145
3 148
3 150
3 165
3 166
3 178
3 184
3 185
3 201
3 202
3 236
3 254
3 295
3 300
3 312
3 316
3 444
3 473
3 497
3 597
3 648
3 678
3 740
3 826
3 875
3 877
3 905
3 981
3 990
4 6
4 7
4 10
4 13
4 124
4 180
4 425
4 872
4 66
4 32
4 35
4 9
4 25
4 71
5 22
5 24
5 25
5 27
5 35
5 41
5 53
5 126
5 133
5 142
5 179
5 228
5 623
5 626
5 704
5 715
5 768
5 830
5 874
5 891
5 919
5 954
5 985
5 32
5 6
5 7
5 8
5 12
5 13
5 15
5 17
5 31
5 37
5 39
5 44
5 49
5 116
5 145
6 10
6 38
6 43
6 113
6 125
6 232
6 309
6 500
6 664
6 699
6 719
6 35
6 12
6 15
6 16
6 32
6 42
6 52
6 58
6 83
6 114
6 135
6 152
7 10
7 26
7 46
7 73
7 146
7 298
7 388
7 883
7 889
7 936
7 32
7 19
7 20
7 54
7 110
8 46
8 369
8 32
8 13
8 29
8 48
8 56
8 67
8 81
8 92
8 101
8 106
8 114
8 121
8 134
8 142
9 11
9 14
9 17
9 21
9 67
9 77
9 86
9 89
9 250
9 328
9 431
9 511
9 556
9 559
9 700
9 992
10 13
10 29
10 38
10 95
10 108
10 119
10 145
10 186
10 251
10 399
10 437
10 633
10 732
10 924
11 12
11 22
11 24
11 40
11 48
11 201
11 387
11 490
11 523
11 535
11 564
11 600
11 602
11 644
11 680
11 683
11 727
11 748
11 764
11 792
11 811
11 894
11 914
11 934
11 946
11 991
12 14
12 17
12 118
12 160
12 199
12 253
12 256
12 278
12 348
12 589
12 632
12 766
12 984
12 24
12 38
12 48
13 27
13 33
13 37
13 39
13 48
13 50
13 100
13 125
13 133
13 164
13 270
13 362
13 367
13 441
13 485
13 518
13 546
13 590
13 594
13 596
13 627
13 650
13 710
13 717
13 726
13 753
13 757
13 767
13 901
13 925
13 950
14 30
14 56
14 110
14 150
14 157
14 217
14 281
14 287
14 310
14 486
14 512
14 604
14 658
14 750
14 763
14 834
14 888
14 892
14 935
14 183
15 16
15 19
15 32
15 45
15 51
15 61
15 97
15 99
15 111
15 120
15 132
15 141
15 212
15 215
15 222
15 286
15 351
15 470
15 474
15 568
15 652
15 849
15 43
15 65
15 75
15 87
15 92
15 96
16 19
16 34
16 42
16 51
16 120
16 140
16 152
16 153
16 193
16 438
16 449
16 504
16 576
16 661
16 878
16 916
16 958
16 22
16 100
16 143
17 71
17 80
17 130
17 234
17 241
17 347
17 371
17 372
17 383
17 549
17 793
17 819
17 867
18 20
18 31
18 36
18 40
18 43
18 55
18 62
18 79
18 101
18 149
18 161
18 188
18 247
18 305
18 374
18 396
18 415
18 506
18 781
18 803
19 32
19 45
19 61
19 68
19 99
19 226
19 257
19 382
19 414
19 709
19 978
20 31
20 55
20 72
20 95
20 176
20 196
20 252
20 307
20 308
20 321
20 419
20 469
20 488
20 533
20 552
20 554
20 620
20 760
20 817
20 843
20 861
20 989
20 53
20 68
20 188
22 24
22 33
22 53
22 87
22 133
22 142
22 303
22 319
22 379
22 435
22 447
22 601
22 638
22 822
22 823
22 845
22 949
22 46
22 49
22 68
22 115
23 182
23 195
23 402
23 460
23 684
23 686
23 713
23 745
23 758
23 815
23 903
23 928
23 941
23 969
24 25
24 117
24 293
24 505
24 800
24 63
25 53
25 76
25 83
25 117
25 143
25 330
25 820
25 895
25 32
25 40
25 50
25 51
25 54
25 56
25 89
25 93
25 132
26 43
26 173
26 342
26 677
26 751
26 947
27 53
27 76
27 117
27 332
27 344
27 534
27 537
27 619
27 687
27 721
27 723
27 853
27 910
28 91
28 135
28 138
28 143
28 177
28 378
28 614
28 955
28 66
28 32
28 34
28 35
28 37
28 45
28 63
28 70
28 162
28 179
29 39
29 82
30 80
30 541
30 32
31 58
31 59
31 62
31 66
31 79
31 93
31 105
31 154
31 158
31 227
31 394
31 395
31 432
31 522
31 533
31 542
31 547
31 552
31 573
31 578
31 609
31 618
31 621
31 630
31 805
31 977
31 39
31 42
31 55
31 84
32 34
32 78
32 104
32 323
32 568
32 582
32 610
32 622
32 708
32 742
32 993
32 40
32 53
32 60
32 61
32 64
32 71
32 74
32 75
32 76
32 81
32 87
32 113
32 138
32 140
32 152
33 41
33 61
33 69
33 74
33 85
33 123
33 131
33 147
33 237
33 258
33 289
33 355
33 401
33 443
33 482
33 529
33 631
33 662
33 690
33 694
33 706
33 729
33 818
33 844
33 846
34 51
34 134
34 238
34 971
35 201
35 325
35 628
35 988
35 135
36 115
36 139
36 155
36 180
36 189
36 436
36 463
36 553
36 555
36 607
36 655
36 703
36 705
37 126
37 62
37 63
37 65
37 105
37 107
38 213
38 106
38 110
39 100
39 109
39 164
39 510
39 532
39 696
39 828
39 864
40 64
40 66
40 183
40 365
40 417
40 481
40 516
40 640
40 701
40 763
40 776
40 778
40 790
40 41
40 77
40 80
40 158
40 176
41 66
41 88
41 125
41 177
42 82
42 136
42 413
42 548
42 647
42 695
42 756
42 808
43 44
43 55
43 73
43 79
43 115
43 221
43 244
43 245
43 246
43 251
43 280
43 285
43 333
43 338
43 345
43 410
43 418
43 424
43 439
43 450
43 503
43 578
43 580
43 585
43 629
43 641
43 660
43 670
43 672
43 712
43 722
43 773
43 788
43 994
43 46
43 156
44 458
44 99
45 136
45 560
45 884
45 953
45 66
45 55
45 69
45 78
45 108
46 96
46 151
46 666
46 741
46 859
46 896
46 967
46 139
47 57
47 63
48 49
48 88
48 99
48 103
48 144
48 153
48 178
48 203
48 215
48 259
48 357
48 422
48 501
48 521
48 562
48 567
48 605
48 606
48 659
48 746
48 761
48 787
48 850
48 855
48 886
48 902
48 912
48 942
48 959
48 62
49 588
49 58
49 66
49 128
50 480
50 94
50 129
51 112
51 134
51 141
52 137
52 588
52 149
53 98
53 566
53 78
53 111
53 122
53 124
54 75
54 263
55 65
55 91
55 130
56 67
56 525
56 586
56 632
56 675
56 943
56 78
56 136
57 95
57 152
57 190
57 453
57 531
57 679
57 747
57 841
58 84
58 102
60 89
60 102
60 121
60 125
60 150
60 183
60 206
60 209
60 233
60 248
60 261
60 269
60 299
60 327
60 406
60 407
60 455
60 457
60 519
60 528
60 544
60 612
60 671
60 718
60 728
60 762
60 827
60 837
60 869
60 900
60 939
60 944
60 948
60 962
60 966
60 983
60 64
61 94
61 276
61 277
61 318
61 771
61 777
61 802
62 79
63 96
63 404
63 810
63 69
63 87
63 125
64 98
64 151
65 102
65 107
65 196
65 218
65 400
65 477
65 487
65 527
65 605
65 617
65 665
65 716
65 774
65 779
65 873
65 956
65 74
65 80
65 133
66 105
66 119
66 196
67 160
67 265
67 334
67 359
67 403
67 467
67 479
67 493
67 613
67 821
68 69
68 108
68 187
68 421
68 470
68 656
68 691
68 698
68 749
68 755
68 806
68 847
68 932
68 100
69 78
69 81
69 88
69 134
69 159
69 191
69 203
69 291
69 343
69 459
69 539
69 550
69 616
69 624
69 651
69 707
70 225
70 452
70 635
70 663
70 886
71 430
71 780
71 890
72 175
73 290
73 456
73 574
73 653
73 862
74 94
74 117
75 833
75 79
76 225
76 315
76 538
76 731
76 744
76 911
76 968
76 976
76 998
77 851
77 137
78 90
79 139
79 166
79 189
79 468
79 575
79 737
79 739
79 774
79 813
79 858
80 110
80 88
81 106
81 127
81 140
81 172
82 170
82 202
84 354
84 149
85 88
85 94
85 144
85 243
85 392
85 496
85 572
85 682
85 685
85 702
85 777
85 783
85 836
85 922
86 297
86 339
86 346
86 472
86 898
87 123
87 135
87 162
87 179
87 205
87 313
87 358
87 492
87 614
87 797
87 897
87 908
88 893
88 104
89 167
89 583
89 673
89 775
90 233
90 195
91 356
91 593
91 98
92 317
92 870
92 116
92 126
93 216
93 386
93 637
93 669
94 106
94 373
95 116
95 156
95 181
95 186
95 196
95 200
95 231
95 283
95 306
95 324
95 340
95 353
95 364
95 391
95 397
95 420
95 483
95 499
95 507
95 514
95 524
95 558
95 618
95 625
95 636
95 642
95 649
95 693
95 725
95 733
95 824
95 829
95 835
95 857
95 860
95 904
96 181
96 885
97 260
99 466
99 816
100 121
100 181
100 219
100 240
100 279
100 411
100 543
100 579
101 175
101 320
101 377
101 465
101 711
102 322
102 591
102 669
102 692
103 520
103 786
104 120
104 296
104 720
104 921
105 200
105 249
105 288
105 361
105 454
105 491
105 674
105 938
106 615
106 920
106 202
107 139
107 149
107 155
107 184
107 196
107 235
107 654
107 697
107 814
107 906
107 972
108 923
108 186
109 475
109 918
110 724
110 754
110 882
110 890
110 122
112 211
112 375
112 398
112 555
112 688
112 798
112 184
113 163
113 198
113 207
113 255
113 264
113 329
113 336
113 368
113 433
113 434
113 440
113 442
113 478
113 540
113 545
113 551
113 561
113 565
113 581
113 584
113 598
113 608
113 667
113 668
113 736
113 752
113 769
113 796
113 876
113 951
113 961
113 975
113 979
114 191
114 121
115 158
115 282
115 304
115 428
116 220
116 370
116 426
116 155
117 495
117 863
118 195
118 262
118 272
118 405
118 509
118 782
118 952
118 980
119 230
120 128
120 170
120 202
120 831
120 850
121 418
122 162
122 242
122 390
122 464
122 765
122 909
122 931
123 427
123 907
124 311
125 129
125 275
125 461
125 759
125 791
125 973
126 136
127 153
127 521
127 560
127 794
127 795
127 881
127 937
127 982
128 423
128 508
128 148
129 445
129 543
129 646
129 735
129 860
129 933
129 957
129 964
129 970
130 163
130 714
131 171
131 335
131 352
131 639
132 195
132 224
132 267
132 271
132 294
132 381
132 569
132 199
134 178
134 197
134 341
134 921
135 146
135 169
135 214
135 223
135 292
135 577
135 611
135 804
135 807
135 842
135 854
135 974
136 191
136 709
137 337
137 363
137 451
137 515
137 536
137 681
138 273
138 645
138 963
138 995
138 999
139 154
139 175
139 176
139 331
139 676
139 789
139 880
140 462
141 301
141 926
142 408
142 489
142 987
143 471
143 825
143 929
143 930
145 190
146 181
148 360
148 385
148 689
148 838
148 865
149 154
149 350
149 484
149 526
150 198
150 416
150 856
150 174
152 178
152 429
152 770
152 840
152 887
153 376
156 186
158 186
184 188
