0 1
0 2
0 3
0 4
0 5
0 7
0 9
0 12
0 20
0 22
0 26
0 33
0 45
0 47
0 57
0 60
0 65
0 69
0 70
0 76
0 79
0 86
0 87
0 89
0 93
0 100
0 101
0 115
0 118
0 127
0 128
0 131
0 133
0 137
0 140
0 141
0 146
0 147
0 161
0 165
0 181
0 183
0 190
0 192
0 199
0 200
0 211
0 234
0 278
0 355
0 375
0 494
0 561
0 564
0 569
0 579
0 596
0 679
0 700
0 709
0 748
0 757
0 772
0 851
0 872
1 2
1 3
1 4
1 13
1 17
1 18
1 20
1 33
1 38
1 43
1 48
1 52
1 64
1 70
1 72
1 75
1 88
1 93
1 119
1 139
1 145
1 157
1 158
1 185
1 189
1 195
1 201
1 225
1 311
1 374
1 394
1 431
1 512
1 531
1 534
1 541
1 590
1 591
1 766
1 797
1 803
1 805
1 853
1 879
1 893
1 921
1 940
1 972
1 997
2 3
2 4
2 6
2 12
2 22
2 29
2 32
2 33
2 36
2 37
2 43
2 45
2 51
2 54
2 58
2 61
2 78
2 85
2 89
2 93
2 94
2 103
2 106
2 115
2 116
2 120
2 121
2 129
2 143
2 147
2 150
2 154
2 158
2 167
2 169
2 173
2 176
2 183
2 197
2 200
2 201
2 235
2 314
2 329
2 374
2 390
2 462
2 506
2 516
2 537
2 574
2 595
2 620
2 652
2 704
2 754
2 763
2 774
2 830
2 845
2 870
2 906
2 916
2 939
2 999
3 4
3 12
3 18
3 38
3 47
3 50
3 60
3 71
3 77
3 83
3 116
3 123
3 145
3 147
3 165
3 172
3 174
3 175
3 176
3 193
3 195
3 252
3 274
3 298
3 304
3 313
3 378
3 545
3 593
3 630
3 681
3 686
3 707
3 769
3 786
3 804
3 824
3 888
3 981
4 15
4 18
4 24
4 28
4 29
4 44
4 56
4 58
4 60
4 63
4 76
4 81
4 87
4 95
4 97
4 102
4 105
4 106
4 109
4 114
4 116
4 120
4 121
4 124
4 126
4 127
4 130
4 133
4 143
4 144
4 146
4 147
4 149
4 151
4 153
4 154
4 166
4 167
4 187
4 197
4 202
4 233
4 286
4 323
4 373
4 397
4 604
4 645
4 654
4 793
4 823
4 896
4 897
4 912
4 923
4 924
4 926
4 947
4 984
5 9
5 27
5 82
5 182
5 290
5 409
5 413
5 447
5 508
5 509
5 721
5 770
5 876
5 927
5 936
5 958
5 963
5 7
5 67
5 10
5 13
5 15
5 21
5 23
5 37
5 44
5 45
5 54
5 57
5 58
5 66
5 104
5 105
5 120
5 121
5 126
5 141
6 17
6 25
6 61
6 91
6 214
6 282
6 841
6 67
6 9
6 12
6 18
6 59
6 84
6 98
7 8
7 9
7 10
7 19
7 23
7 30
7 40
7 41
7 49
7 53
7 56
7 66
7 132
7 134
7 144
7 169
7 189
7 194
7 196
7 216
7 250
7 256
7 333
7 336
7 349
7 356
7 357
7 389
7 422
7 434
7 452
7 471
7 489
7 501
7 504
7 521
7 538
7 553
7 568
7 571
7 666
7 677
7 678
7 699
7 719
7 739
7 742
7 796
7 806
7 810
7 842
7 874
7 884
7 894
7 895
7 967
8 12
8 13
8 14
8 16
8 19
8 21
8 42
8 52
8 55
8 70
8 85
8 96
8 98
8 122
8 124
8 128
8 130
8 156
8 157
8 165
8 167
8 168
8 170
8 184
8 201
8 222
8 237
8 243
8 305
8 312
8 351
8 402
8 410
8 412
8 473
8 476
8 492
8 519
8 550
8 576
8 583
8 594
8 621
8 647
8 657
8 671
8 688
8 816
8 840
8 859
8 864
8 865
8 869
8 931
8 946
8 956
9 11
9 20
9 73
9 111
9 113
9 132
9 182
9 362
9 547
9 729
9 776
9 67
9 151
9 16
9 18
9 32
9 46
9 74
9 99
9 102
9 144
10 19
10 12
11 47
11 529
11 151
11 17
11 45
11 87
12 13
12 14
12 21
12 24
12 31
12 35
12 55
12 57
12 90
12 101
12 191
12 200
12 324
12 332
12 441
12 450
12 532
12 559
12 581
12 695
12 792
12 860
12 913
12 17
13 35
13 172
13 297
13 808
13 962
13 16
13 17
13 19
13 20
13 30
13 56
13 58
13 76
13 94
13 97
13 124
13 149
13 154
14 16
14 21
14 31
14 34
14 48
14 62
14 198
14 369
14 446
14 525
14 558
14 632
14 750
14 835
14 932
15 39
15 43
15 58
15 79
15 118
15 428
16 19
16 31
16 38
16 65
16 129
16 137
16 141
16 231
16 325
16 436
16 616
16 655
16 665
16 784
16 788
16 794
16 846
16 852
16 890
16 975
16 976
16 20
16 90
17 25
17 151
17 316
17 440
17 27
17 35
17 50
17 95
17 152
18 23
18 104
18 146
18 248
18 345
18 438
18 454
18 496
18 592
18 678
18 712
18 717
18 773
18 828
18 837
18 904
18 905
18 151
18 21
18 25
18 30
18 40
18 53
18 61
18 63
18 65
18 69
18 70
18 77
18 87
18 95
18 113
18 118
18 132
18 141
18 193
19 25
19 28
19 32
19 62
19 63
19 74
19 98
19 144
19 151
19 155
19 164
19 171
19 189
19 217
19 340
19 364
19 401
19 405
19 408
19 411
19 416
19 463
19 465
19 490
19 543
19 556
19 560
19 577
19 603
19 627
19 633
19 656
19 669
19 676
19 691
19 710
19 720
19 775
19 799
19 813
19 815
19 832
19 836
19 934
19 943
19 973
19 980
19 985
19 24
20 72
20 73
20 95
20 262
20 268
20 273
20 280
20 435
20 915
20 24
21 151
21 25
21 51
21 118
21 122
21 130
21 157
23 764
23 920
23 49
23 70
23 126
24 26
24 34
24 56
24 57
24 68
24 86
24 90
24 92
24 107
24 109
24 111
24 112
24 135
24 148
24 149
24 150
24 160
24 170
24 190
24 192
24 204
24 207
24 208
24 218
24 236
24 245
24 303
24 320
24 365
24 378
24 381
24 443
24 444
24 466
24 468
24 542
24 546
24 554
24 567
24 578
24 580
24 614
24 625
24 628
24 640
24 662
24 664
24 693
24 718
24 724
24 734
24 752
24 758
24 762
24 795
24 829
24 834
24 838
24 843
24 848
24 915
24 952
24 961
24 964
24 978
24 998
24 31
24 93
24 100
24 123
24 137
25 239
25 477
25 498
25 660
25 714
25 759
25 849
25 67
26 46
26 89
26 308
26 598
26 761
27 166
27 287
27 661
27 67
27 35
27 53
27 60
27 74
27 119
28 66
28 80
28 238
28 267
28 285
28 352
28 485
28 530
28 565
28 597
28 631
28 692
28 879
28 902
28 910
28 918
28 977
28 995
30 317
30 56
30 75
30 86
31 34
31 48
31 160
31 178
31 198
31 281
31 433
31 600
31 817
31 851
31 875
31 86
31 142
32 36
32 49
32 76
32 193
32 72
32 96
32 119
32 164
33 53
33 650
33 819
34 78
34 178
34 359
34 453
35 101
35 136
35 255
35 636
35 991
35 43
35 97
35 107
36 117
36 467
36 472
36 483
37 475
38 877
38 162
39 464
39 563
39 610
39 790
39 151
39 140
41 76
41 90
41 694
41 778
41 67
41 200
42 92
42 908
43 75
43 91
43 94
43 95
43 99
43 102
43 107
43 153
43 166
43 215
43 251
43 266
43 292
43 330
43 347
43 362
43 363
43 368
43 382
43 385
43 391
43 406
43 419
43 427
43 480
43 505
43 526
43 582
43 586
43 605
43 641
43 651
43 683
43 689
43 696
43 711
43 715
43 722
43 743
43 765
43 771
43 844
43 862
43 882
43 899
43 955
43 979
43 988
43 989
43 993
44 66
44 85
44 189
45 137
45 356
45 738
45 65
45 87
46 820
46 938
47 51
47 59
47 68
47 69
47 133
47 140
47 142
47 152
47 155
47 185
47 348
47 379
47 386
47 418
47 432
47 435
47 445
47 487
47 528
47 535
47 536
47 555
47 570
47 608
47 609
47 668
47 670
47 713
47 746
47 747
47 809
47 812
47 847
47 933
47 169
48 51
48 103
48 307
48 346
48 370
48 461
48 573
48 584
48 618
48 635
48 726
48 868
48 873
48 889
48 954
48 982
49 71
49 103
49 104
49 108
49 220
49 789
49 822
49 941
49 949
49 50
49 141
50 117
50 179
50 186
50 497
50 723
51 783
51 892
52 102
52 118
52 119
52 168
52 187
52 206
52 257
52 315
52 403
52 442
52 456
52 514
52 602
52 610
52 675
52 690
52 767
52 814
52 831
52 856
52 861
52 881
52 930
52 940
52 959
52 992
53 764
53 85
53 113
54 59
54 65
56 92
56 212
56 227
56 277
56 284
56 295
56 353
56 488
56 548
56 583
56 667
56 672
56 703
56 735
56 737
56 801
56 807
56 883
56 62
57 64
57 181
58 75
58 105
58 127
58 259
58 360
58 478
58 479
58 862
58 945
59 260
59 148
60 148
60 615
60 622
60 634
60 760
61 138
61 179
61 180
61 327
61 458
61 527
61 684
61 753
61 892
61 971
61 136
62 67
62 81
62 84
62 160
62 249
62 261
62 319
62 377
62 499
62 517
62 552
62 629
62 639
62 658
62 663
62 674
62 736
62 749
62 768
62 783
62 785
62 818
62 833
62 855
62 928
62 950
62 986
63 162
63 510
63 573
63 937
63 92
63 109
64 393
65 139
65 223
65 474
65 484
65 533
65 562
65 885
65 71
65 93
65 121
65 131
66 104
66 110
66 123
66 156
66 171
66 177
66 188
66 196
66 197
66 219
66 244
66 254
66 326
66 344
66 361
66 396
66 426
66 457
66 483
66 495
66 511
66 538
66 612
66 619
66 730
66 741
66 744
66 800
66 887
66 898
66 909
66 935
66 951
66 953
66 990
66 994
66 996
66 103
66 127
67 404
67 73
67 78
67 107
69 421
69 149
70 93
70 196
70 210
70 81
70 88
71 279
71 376
71 523
71 606
71 649
71 80
72 195
72 372
72 638
72 698
72 791
74 110
74 154
75 99
75 125
75 154
75 811
76 77
76 78
76 86
76 146
76 180
76 186
76 213
76 242
76 310
76 342
76 384
76 400
76 451
76 470
76 503
76 540
76 564
76 566
76 574
76 575
76 702
76 731
76 733
76 745
76 781
76 825
76 858
76 907
76 970
76 983
76 987
77 309
77 106
78 170
78 204
78 613
79 111
79 131
79 221
79 338
79 491
79 850
79 867
80 557
80 891
81 84
81 697
81 787
81 131
82 151
82 117
82 147
83 246
83 269
83 341
83 343
83 366
83 549
83 648
83 728
83 866
84 115
84 589
84 727
84 878
84 929
84 89
84 91
84 143
85 99
85 116
86 191
86 226
86 751
86 138
87 102
87 119
87 175
87 259
87 430
87 502
87 642
87 673
87 948
87 101
88 177
88 100
89 459
90 517
90 827
90 114
90 152
91 180
92 121
92 263
92 322
92 448
93 229
93 414
93 425
93 732
93 780
93 111
93 116
94 371
94 798
95 152
95 190
95 270
95 335
95 544
95 683
96 151
98 265
98 415
98 417
98 599
98 626
98 706
98 802
98 900
99 105
99 175
99 283
99 301
99 388
99 420
99 439
99 524
99 611
99 756
102 125
102 209
102 482
102 607
102 687
102 826
102 123
102 166
103 117
103 241
103 455
103 539
103 777
104 108
104 254
104 293
104 328
104 153
104 186
106 204
108 188
108 271
108 407
109 481
109 144
110 646
111 112
111 154
111 334
111 337
111 507
111 515
111 708
111 957
111 974
112 199
113 159
113 230
113 339
113 387
113 424
113 588
114 291
115 137
115 272
115 298
115 518
115 680
116 205
116 232
116 299
116 469
116 821
116 919
117 177
117 238
117 294
117 398
117 839
118 624
118 867
118 175
119 253
119 258
119 506
119 925
119 969
119 129
119 134
120 302
120 383
120 747
120 922
120 944
120 122
120 191
121 698
122 181
122 725
122 142
124 194
124 392
124 709
124 147
125 126
125 423
125 685
125 942
125 151
126 174
126 276
126 520
126 551
126 903
126 148
127 429
127 623
127 659
127 782
127 863
127 871
128 143
129 449
129 637
129 716
130 331
132 159
132 190
133 140
133 163
133 306
133 486
133 701
133 917
135 199
136 184
137 247
137 318
137 411
139 228
139 682
140 148
140 354
140 358
140 500
140 653
140 854
140 968
141 380
142 513
142 188
143 203
143 240
143 151
144 275
144 152
146 288
146 367
146 437
146 455
146 566
146 572
146 585
146 587
146 644
146 779
146 911
147 162
147 966
148 460
148 601
148 643
148 880
148 914
148 917
149 740
150 176
150 224
150 321
150 350
150 395
150 493
150 522
150 617
150 705
150 755
150 886
150 960
150 965
151 289
151 296
151 901
152 163
153 399
154 202
154 264
154 300
154 857
155 183
165 189
173 187
182 195
