0 1
0 2
0 3
0 12
0 14
0 15
0 26
0 30
0 36
0 39
0 40
0 44
0 45
0 62
0 65
0 66
0 70
0 74
0 75
0 76
0 80
0 83
0 86
0 94
0 96
0 105
0 106
0 107
0 114
0 121
0 127
0 136
0 144
0 147
0 148
0 155
0 156
0 158
0 160
0 161
0 164
0 168
0 177
0 181
0 183
0 190
0 206
0 243
0 256
0 264
0 272
0 275
0 284
0 287
0 289
0 362
0 439
0 450
0 473
0 482
0 485
0 487
0 556
0 598
0 601
0 630
0 632
0 641
0 661
0 662
0 679
0 750
0 794
0 814
0 862
0 886
0 901
0 904
0 956
0 963
0 994
1 2
1 3
1 4
1 5
1 14
1 18
1 22
1 24
1 28
1 32
1 42
1 45
1 53
1 63
1 67
1 69
1 71
1 81
1 82
1 89
1 95
1 130
1 136
1 148
1 154
1 160
1 161
1 173
1 198
1 203
1 242
1 248
1 259
1 265
1 301
1 333
1 336
1 385
1 410
1 454
1 516
1 595
1 645
1 652
1 673
1 717
1 763
1 764
1 772
1 823
1 836
1 945
1 948
1 953
1 980
1 988
2 3
2 5
2 7
2 10
2 11
2 13
2 17
2 28
2 33
2 37
2 41
2 42
2 48
2 49
2 51
2 55
2 56
2 60
2 62
2 63
2 64
2 67
2 72
2 81
2 83
2 86
2 87
2 99
2 103
2 104
2 112
2 114
2 117
2 123
2 125
2 128
2 133
2 139
2 143
2 146
2 152
2 155
2 164
2 167
2 174
2 176
2 179
2 180
2 182
2 187
2 189
2 194
2 196
2 199
2 200
2 221
2 266
2 298
2 303
2 352
2 353
2 378
2 380
2 418
2 518
2 532
2 563
2 567
2 602
2 613
2 618
2 635
2 697
2 702
2 709
2 718
2 813
2 818
2 828
2 887
2 904
2 961
2 967
2 979
2 985
2 990
3 4
3 7
3 9
3 16
3 19
3 20
3 22
3 26
3 28
3 34
3 36
3 39
3 44
3 50
3 51
3 65
3 66
3 69
3 77
3 78
3 83
3 87
3 95
3 98
3 101
3 103
3 104
3 118
3 119
3 121
3 127
3 136
3 138
3 146
3 164
3 166
3 168
3 174
3 184
3 192
3 193
3 195
3 205
3 225
3 290
3 305
3 314
3 331
3 332
3 414
3 430
3 437
3 442
3 446
3 461
3 476
3 542
3 565
3 578
3 596
3 614
3 619
3 622
3 644
3 703
3 736
3 742
3 798
3 818
3 866
3 913
3 927
3 971
3 974
4 21
4 29
4 82
4 88
4 95
4 120
4 197
4 202
4 220
4 561
4 687
4 80
4 123
4 5
4 6
4 8
4 9
4 10
4 12
4 13
4 14
4 15
4 17
4 20
4 25
4 35
4 43
4 49
4 52
4 53
4 54
4 69
4 70
4 73
4 75
4 96
4 125
4 148
5 6
5 8
5 9
5 23
5 50
5 58
5 68
5 93
5 94
5 119
5 131
5 337
5 443
5 13
6 10
6 19
6 21
6 23
6 67
6 76
6 79
6 135
6 361
6 434
6 494
6 631
6 646
6 647
6 677
6 682
6 696
6 730
6 731
6 737
6 806
6 812
6 826
6 846
6 849
6 870
6 941
6 965
6 7
6 8
6 24
6 95
7 8
7 9
7 150
7 93
7 126
8 779
8 9
8 10
8 11
8 14
8 23
8 24
8 25
8 32
8 33
8 34
8 37
8 38
8 49
8 65
8 68
8 77
8 81
8 86
8 90
8 94
8 97
8 107
8 109
8 117
8 118
8 124
9 41
9 105
9 169
9 523
9 734
9 790
9 826
9 22
9 34
9 38
9 61
9 122
9 147
10 14
10 15
10 20
10 26
10 31
10 39
10 75
10 80
10 131
10 209
10 240
10 255
10 269
10 292
10 317
10 345
10 363
10 405
10 412
10 445
10 456
10 462
10 463
10 469
10 506
10 522
10 545
10 547
10 559
10 571
10 577
10 604
10 620
10 621
10 628
10 629
10 670
10 726
10 738
10 754
10 765
10 777
10 780
10 781
10 784
10 800
10 802
10 865
10 872
10 879
10 910
10 918
10 935
10 936
10 18
10 36
10 48
10 77
10 87
10 168
11 23
11 32
11 41
11 68
11 371
11 96
11 102
12 65
13 84
13 122
13 180
13 280
13 660
13 984
13 15
13 21
13 29
13 74
13 80
14 20
14 245
14 377
14 496
14 526
14 959
14 76
14 84
14 92
14 104
14 119
15 16
15 17
15 20
15 25
15 32
15 33
15 35
15 39
15 49
15 51
15 53
15 55
15 60
15 72
15 75
15 80
15 85
15 96
15 97
15 98
15 100
15 101
15 102
15 108
15 113
15 117
15 126
15 128
15 129
15 154
15 172
15 177
15 178
15 185
15 188
15 199
15 200
15 204
15 237
15 252
15 274
15 286
15 287
15 339
15 349
15 366
15 390
15 398
15 408
15 427
15 449
15 470
15 481
15 483
15 495
15 500
15 537
15 540
15 553
15 560
15 579
15 582
15 605
15 606
15 642
15 654
15 663
15 666
15 693
15 704
15 747
15 751
15 756
15 758
15 760
15 770
15 782
15 789
15 799
15 808
15 811
15 816
15 832
15 838
15 844
15 850
15 856
15 874
15 894
15 896
15 906
15 937
15 939
15 940
15 962
15 42
15 66
15 103
15 148
16 17
16 27
16 35
16 47
16 99
16 143
16 172
16 178
16 257
16 263
16 423
16 431
16 515
16 554
16 625
16 771
16 788
16 868
16 938
16 973
17 43
17 130
17 144
17 318
17 358
17 374
17 407
17 424
17 963
17 999
17 80
17 21
17 55
17 111
17 150
18 118
19 21
19 25
19 27
19 33
19 37
19 43
19 52
19 62
19 70
19 110
19 120
19 128
19 134
19 143
19 172
19 305
19 321
19 322
19 435
19 488
19 490
19 492
19 498
19 505
19 511
19 524
19 590
19 603
19 637
19 668
19 723
19 725
19 791
19 837
19 859
19 881
19 888
19 919
19 926
20 349
20 367
20 131
20 132
21 22
21 477
21 150
22 29
22 47
22 48
22 78
22 85
22 101
22 133
22 141
22 153
22 165
22 170
22 197
22 201
22 219
22 254
22 273
22 425
22 426
22 491
22 531
22 639
22 667
22 677
22 694
22 722
22 803
22 819
22 820
22 833
22 853
22 883
22 931
22 942
22 983
22 156
23 66
23 720
23 875
23 30
24 60
24 129
25 106
25 296
25 863
25 145
25 153
26 38
26 46
26 158
26 230
26 258
26 418
26 520
26 623
26 664
26 768
27 33
27 342
27 836
27 123
28 73
28 88
28 110
28 152
28 231
28 302
28 810
28 845
28 923
29 30
29 31
29 56
29 57
29 77
29 86
29 91
29 136
29 165
29 174
29 183
29 189
29 203
29 210
29 227
29 253
29 306
29 316
29 384
29 399
29 401
29 433
29 464
29 467
29 486
29 543
29 556
29 576
29 580
29 633
29 680
29 715
29 744
29 745
29 774
29 903
29 922
29 931
29 993
30 34
30 91
30 116
30 122
30 142
30 145
30 171
30 327
30 387
30 585
30 611
30 700
30 889
30 148
31 103
31 124
31 142
31 157
31 338
31 373
31 394
31 415
31 536
31 689
31 752
31 804
31 876
31 920
32 59
32 188
32 195
32 199
32 213
32 214
32 311
32 599
32 691
32 724
32 848
32 67
32 130
32 160
32 186
32 200
33 54
33 127
33 144
33 212
33 326
33 411
33 525
33 539
33 675
33 688
33 815
33 80
33 37
33 86
33 149
34 36
34 61
34 68
34 111
34 121
34 122
34 124
34 184
34 187
34 222
34 261
34 281
34 422
34 497
34 499
34 649
34 651
34 685
34 766
34 775
34 834
34 869
34 895
34 71
35 52
35 97
35 341
35 475
35 514
35 755
35 969
36 395
36 110
37 110
37 438
37 39
37 43
37 74
38 80
38 44
38 47
38 53
38 59
38 76
38 143
41 50
41 307
41 364
41 478
41 80
42 73
42 92
42 93
42 159
42 191
42 234
42 325
42 355
42 380
42 393
42 479
42 508
42 557
42 587
42 636
42 674
42 735
42 757
42 762
42 825
42 892
42 897
42 924
42 992
42 82
42 119
43 921
43 82
44 51
44 313
44 925
44 928
45 84
45 238
45 271
45 370
45 551
45 805
46 946
46 196
47 86
47 182
47 260
47 379
47 458
47 517
47 701
47 729
47 944
47 90
47 111
48 223
48 241
48 397
48 501
48 624
48 741
48 795
48 870
49 85
49 108
49 409
49 421
49 472
49 538
49 63
49 135
50 57
50 66
50 71
50 90
50 138
50 171
50 175
50 179
50 192
50 198
50 216
50 218
50 279
50 285
50 343
50 356
50 365
50 369
50 504
50 519
50 530
50 533
50 552
50 555
50 566
50 568
50 574
50 581
50 589
50 591
50 615
50 627
50 638
50 653
50 658
50 669
50 684
50 706
50 793
50 824
50 854
50 860
50 877
50 885
50 890
50 900
50 905
50 966
50 998
50 80
51 55
51 185
51 575
51 80
52 54
52 128
52 85
52 130
53 98
53 137
53 247
53 249
53 319
53 344
53 449
53 481
53 558
53 711
53 719
53 912
53 82
53 111
54 59
54 705
54 94
54 100
54 108
55 137
55 167
55 381
55 427
56 109
56 118
56 428
56 524
56 616
56 891
56 949
57 676
57 727
57 787
57 80
57 88
58 141
58 181
58 294
58 474
58 648
58 690
58 839
58 952
58 982
59 156
59 386
59 388
59 453
59 748
59 830
59 847
59 68
59 140
60 74
60 288
60 759
60 859
60 105
60 114
61 502
61 573
61 699
61 80
61 72
61 115
62 182
62 224
62 403
62 712
62 746
62 930
62 943
63 161
63 989
65 113
65 244
65 270
65 295
65 347
65 489
65 510
65 654
65 776
65 843
66 76
66 90
66 190
66 233
66 239
66 246
66 278
66 357
66 360
66 383
66 440
66 444
66 452
66 460
66 507
66 528
66 544
66 569
66 692
66 708
66 716
66 732
66 733
66 749
66 773
66 840
66 890
66 907
66 909
66 922
66 995
66 996
66 67
67 150
67 169
67 186
67 562
67 600
67 714
67 817
68 79
68 72
68 103
68 149
69 236
69 626
69 835
69 193
70 534
71 509
71 550
71 609
71 878
71 893
71 975
72 100
72 784
72 801
72 85
73 89
73 108
73 120
73 121
73 201
74 149
74 179
74 294
74 857
74 147
75 78
75 123
75 484
75 851
75 112
75 128
76 90
76 184
76 315
76 328
76 334
76 416
76 451
76 455
76 591
76 686
76 710
76 829
76 898
76 900
76 914
76 976
76 978
78 420
79 297
79 713
79 778
79 80
80 396
80 468
80 94
80 104
80 116
80 127
80 136
80 144
81 148
81 299
81 867
81 916
81 114
82 89
82 911
82 915
82 955
82 958
83 199
83 743
83 880
83 964
83 123
84 87
84 194
84 391
84 493
84 527
84 583
84 641
84 656
84 671
84 672
84 807
84 884
84 917
84 96
84 140
85 137
85 359
85 372
85 541
85 634
85 792
86 92
86 135
86 170
86 189
86 201
86 659
86 841
87 163
87 172
87 154
88 323
88 655
88 970
89 268
89 291
89 650
89 902
90 115
90 173
90 176
90 193
90 293
90 382
90 441
90 459
91 118
91 132
91 140
91 329
91 348
91 354
91 432
91 607
91 873
92 586
92 947
92 97
93 162
93 465
93 588
93 647
93 682
94 132
94 146
95 276
95 521
95 529
95 543
95 612
95 695
95 99
96 98
96 109
96 146
97 350
97 597
97 767
97 855
97 960
97 172
98 564
99 419
99 480
99 124
99 126
100 346
100 466
100 549
100 821
100 997
101 235
101 761
101 783
101 987
102 683
102 123
102 106
102 136
103 151
103 335
103 610
104 400
104 883
104 135
104 152
105 267
105 282
105 785
105 822
105 950
105 951
106 134
106 477
106 570
106 592
106 657
106 707
106 722
106 929
106 981
106 161
108 665
110 135
110 159
110 512
110 827
110 899
110 165
111 192
111 309
111 860
111 112
112 132
113 809
114 882
114 181
115 503
115 594
115 842
116 141
117 308
118 145
118 159
118 176
118 198
118 208
118 215
118 283
118 310
118 351
118 392
118 513
118 584
118 681
118 728
118 769
118 786
118 797
118 864
118 954
119 162
119 181
119 251
119 320
119 340
119 448
119 471
119 535
119 593
119 640
119 643
119 713
119 740
119 991
120 165
120 159
121 262
122 142
122 389
122 180
123 232
123 753
123 834
124 871
126 228
126 312
126 330
126 413
126 546
126 548
126 957
126 188
127 698
130 375
130 796
131 151
131 436
132 304
132 324
132 402
132 572
132 608
132 158
134 250
134 406
134 968
135 152
135 202
135 447
135 457
135 464
135 933
136 217
136 226
136 373
136 404
136 417
136 686
137 143
137 590
137 934
138 376
138 908
138 176
139 678
141 434
141 617
141 858
142 198
142 300
142 972
142 173
143 358
143 429
143 861
143 986
143 177
145 166
145 193
145 229
145 721
145 198
147 179
148 207
148 368
148 831
148 852
148 932
148 977
150 157
150 211
150 277
150 739
159 202
167 185
171 194
172 177
180 190
184 198
