0 1
0 2
0 3
0 4
0 5
0 22
0 24
0 35
0 37
0 40
0 43
0 46
0 47
0 48
0 54
0 58
0 59
0 64
0 76
0 84
0 91
0 96
0 97
0 104
0 105
0 135
0 140
0 144
0 149
0 151
0 152
0 157
0 160
0 165
0 171
0 174
0 179
0 190
0 308
0 315
0 360
0 392
0 405
0 457
0 458
0 499
0 524
0 571
0 628
0 686
0 701
0 705
0 711
0 742
0 750
0 763
0 801
0 811
0 912
0 941
0 972
1 2
1 3
1 4
1 5
1 6
1 11
1 12
1 15
1 16
1 26
1 27
1 28
1 29
1 30
1 39
1 49
1 55
1 56
1 60
1 69
1 72
1 73
1 74
1 85
1 89
1 92
1 95
1 100
1 107
1 116
1 121
1 125
1 129
1 132
1 136
1 143
1 146
1 166
1 177
1 178
1 188
1 196
1 197
1 201
1 256
1 328
1 363
1 367
1 401
1 403
1 417
1 424
1 498
1 514
1 606
1 608
1 768
1 853
1 932
1 934
1 949
2 3
2 4
2 7
2 10
2 26
2 46
2 49
2 52
2 69
2 89
2 90
2 115
2 117
2 118
2 150
2 184
2 193
2 208
2 236
2 329
2 355
2 486
2 594
2 653
2 665
2 667
2 797
2 821
2 859
2 878
3 4
3 6
3 9
3 14
3 22
3 38
3 40
3 51
3 54
3 57
3 58
3 62
3 72
3 75
3 78
3 80
3 86
3 87
3 94
3 106
3 107
3 119
3 150
3 174
3 180
3 185
3 187
3 195
3 242
3 257
3 268
3 338
3 366
3 404
3 409
3 410
3 441
3 476
3 558
3 604
3 609
3 629
3 680
3 716
3 785
3 799
3 834
3 894
3 928
3 992
4 9
4 12
4 13
4 15
4 17
4 19
4 20
4 23
4 32
4 35
4 38
4 52
4 62
4 63
4 65
4 73
4 77
4 82
4 85
4 87
4 99
4 101
4 102
4 110
4 113
4 114
4 117
4 118
4 122
4 123
4 124
4 125
4 126
4 127
4 131
4 136
4 140
4 154
4 155
4 158
4 159
4 164
4 171
4 179
4 188
4 189
4 190
4 193
4 202
4 228
4 317
4 334
4 353
4 359
4 415
4 540
4 595
4 599
4 630
4 645
4 663
4 713
4 779
4 847
4 872
4 891
4 945
4 950
4 961
5 7
5 11
5 13
5 194
5 245
5 387
5 475
5 508
5 520
5 528
5 557
5 573
5 692
5 831
5 914
5 930
6 8
6 9
6 10
6 15
6 18
6 25
6 27
6 55
6 70
6 71
6 105
6 135
6 153
6 154
6 156
6 162
6 167
6 217
6 218
6 230
6 243
6 293
6 303
6 307
6 316
6 324
6 342
6 352
6 368
6 374
6 378
6 399
6 430
6 435
6 479
6 487
6 502
6 538
6 543
6 554
6 566
6 569
6 588
6 598
6 616
6 626
6 679
6 685
6 698
6 717
6 734
6 737
6 740
6 750
6 756
6 778
6 790
6 802
6 836
6 843
6 907
6 936
6 937
6 971
6 982
6 995
6 999
6 69
6 7
6 34
6 40
6 43
6 136
7 11
7 14
7 46
7 696
7 699
7 710
7 833
7 57
7 21
7 12
7 16
7 17
7 19
7 28
7 30
7 65
7 85
7 119
7 121
7 143
7 147
8 9
8 81
8 84
8 90
8 115
8 166
8 446
8 459
8 588
8 69
8 21
9 10
9 16
9 24
9 25
9 31
9 39
9 42
9 48
9 49
9 56
9 60
9 71
9 73
9 75
9 76
9 87
9 92
9 99
9 105
9 122
9 155
9 162
9 192
9 203
9 205
9 261
9 263
9 269
9 290
9 295
9 301
9 318
9 322
9 330
9 339
9 343
9 357
9 361
9 365
9 386
9 393
9 407
9 412
9 414
9 427
9 439
9 455
9 474
9 482
9 504
9 516
9 521
9 534
9 553
9 584
9 612
9 614
9 664
9 738
9 741
9 758
9 777
9 825
9 855
9 886
9 888
9 902
9 933
9 942
9 963
9 985
9 69
9 12
9 18
9 19
9 96
10 118
10 485
10 603
10 803
10 935
11 13
11 34
11 120
11 128
11 195
11 283
11 313
11 377
11 489
11 520
11 547
11 590
11 639
11 849
11 991
12 17
12 45
12 67
12 113
12 126
12 223
12 239
12 298
12 468
12 469
12 722
12 760
12 793
12 13
12 16
12 25
12 36
12 50
12 56
12 69
12 71
12 83
12 105
12 121
13 14
13 22
13 36
13 66
13 96
13 103
13 136
13 283
13 291
13 294
13 461
13 582
13 591
13 762
13 865
13 979
13 69
14 20
14 23
14 53
14 78
14 91
14 103
14 112
14 134
14 655
14 674
14 856
15 26
15 31
15 90
15 105
15 138
15 141
15 250
15 465
15 515
15 804
15 848
16 118
16 143
16 171
16 462
16 705
16 769
16 977
16 27
16 95
17 19
17 21
17 29
17 33
17 38
17 43
17 44
17 45
17 64
17 111
17 116
17 137
17 139
17 163
17 170
17 191
17 209
17 226
17 274
17 299
17 306
17 319
17 323
17 373
17 384
17 418
17 425
17 429
17 438
17 449
17 470
17 472
17 494
17 519
17 526
17 531
17 572
17 574
17 587
17 610
17 627
17 636
17 648
17 657
17 661
17 670
17 682
17 693
17 708
17 719
17 732
17 759
17 761
17 780
17 805
17 808
17 810
17 814
17 816
17 840
17 841
17 846
17 864
17 868
17 869
17 896
17 909
17 951
17 978
17 990
17 69
17 24
17 32
17 42
17 96
17 99
17 108
17 117
17 122
17 127
17 136
18 333
18 976
18 69
18 35
18 39
18 53
18 78
18 116
18 128
18 150
19 21
19 44
19 47
19 130
19 157
19 311
19 619
19 774
19 900
20 259
20 388
20 906
20 980
20 186
21 28
21 201
21 597
21 821
21 874
21 958
21 38
21 57
22 69
23 53
23 61
23 66
23 79
23 91
23 128
23 181
23 194
23 506
23 879
24 83
24 101
24 211
24 351
24 365
24 379
24 395
24 453
24 518
24 539
24 923
24 944
24 974
24 994
25 32
25 56
25 108
25 280
25 284
25 421
25 620
25 741
25 917
25 64
25 77
25 92
25 93
26 182
26 211
26 305
26 609
26 643
26 712
26 983
26 69
26 36
26 39
26 68
26 70
26 76
26 91
26 97
26 104
27 32
27 42
27 132
27 142
27 162
27 517
27 623
27 646
27 654
27 677
27 784
27 838
28 29
28 37
28 44
28 62
28 68
28 82
28 88
28 125
28 130
28 147
28 201
28 202
28 215
28 281
28 285
28 454
28 501
28 511
28 794
28 871
28 885
28 960
28 973
29 37
29 63
29 68
29 77
29 147
29 159
29 173
29 221
29 241
29 272
29 273
29 297
29 373
29 442
29 460
29 545
29 635
29 707
29 745
29 788
29 860
29 943
29 947
29 69
30 341
30 548
31 383
31 484
31 565
31 567
31 638
32 38
32 41
32 55
32 60
32 67
32 80
32 116
32 127
32 150
32 180
32 206
32 233
32 289
32 326
32 406
32 408
32 478
32 483
32 492
32 529
32 536
32 575
32 589
32 637
32 689
32 704
32 728
32 800
32 809
32 819
32 858
32 918
32 970
32 987
32 989
32 996
32 69
32 125
32 128
33 426
33 69
33 34
33 57
33 60
33 111
33 145
34 35
34 69
34 78
34 232
34 247
34 37
34 83
34 104
35 172
35 219
35 394
35 491
35 731
35 752
35 857
35 60
36 61
36 176
36 213
36 535
36 69
36 49
36 125
37 59
37 331
37 69
37 49
37 52
37 87
37 114
37 139
37 151
37 191
38 129
38 137
38 276
38 325
38 987
38 988
38 69
38 63
38 71
38 100
38 150
38 153
39 337
39 671
39 90
39 133
40 41
40 48
40 86
40 88
40 102
40 107
40 122
40 123
40 161
40 166
40 167
40 169
40 179
40 187
40 302
40 332
40 431
40 437
40 464
40 503
40 525
40 552
40 568
40 669
40 743
40 786
40 835
40 919
40 927
40 952
40 957
40 62
40 192
41 88
41 98
41 113
41 235
41 320
41 480
41 495
41 561
41 605
41 668
41 169
42 650
42 997
42 83
42 127
43 198
43 562
43 688
43 807
43 903
44 411
44 452
44 706
45 150
45 224
45 678
45 69
45 49
45 65
45 73
45 85
45 146
46 63
46 91
46 385
46 451
46 798
47 207
47 220
47 789
47 967
47 69
47 64
47 72
48 57
48 73
48 104
48 131
48 143
48 204
49 50
49 51
49 54
49 108
49 168
49 227
49 267
49 344
49 345
49 537
49 542
49 560
49 663
49 866
49 880
49 969
49 59
49 106
50 51
50 66
50 73
50 90
51 65
51 522
51 69
51 130
52 67
52 98
52 109
52 292
52 348
52 436
52 481
52 495
52 601
52 647
52 829
52 892
52 895
52 144
53 93
54 100
54 251
54 586
54 753
54 845
55 148
55 421
55 911
55 965
55 180
56 60
56 71
56 389
56 993
56 69
57 607
57 85
58 70
58 111
58 142
58 175
58 183
58 187
58 248
58 253
58 254
58 264
58 336
58 356
58 434
58 455
58 541
58 578
58 581
58 683
58 690
58 751
58 766
58 770
58 776
58 787
58 822
58 827
58 830
58 916
58 926
58 962
58 964
59 170
59 173
59 376
59 433
59 444
59 69
60 145
60 162
60 225
60 249
60 505
60 783
60 813
60 968
60 103
60 144
61 66
61 74
61 94
61 112
61 146
61 354
61 358
61 397
61 490
61 580
62 133
62 398
62 725
62 882
62 910
62 920
62 154
63 130
63 152
63 222
63 347
63 513
63 570
63 592
63 644
64 175
65 875
65 70
65 77
65 126
66 74
66 83
66 90
66 189
66 192
66 237
66 262
66 335
66 419
66 512
66 658
66 676
66 724
66 736
66 771
66 795
66 862
66 870
66 938
66 956
66 69
66 167
67 235
67 463
67 500
67 764
67 839
67 69
67 98
67 120
67 130
67 142
68 258
68 576
68 624
68 890
68 92
68 107
69 214
69 255
69 76
69 82
69 99
69 102
69 107
69 108
69 112
69 122
69 125
69 138
70 71
70 169
70 178
70 183
70 260
70 277
70 416
70 493
70 496
70 497
70 507
70 509
70 530
70 618
70 625
70 631
70 640
70 709
70 714
70 727
70 765
70 773
70 806
70 844
70 984
70 986
70 81
70 166
71 106
71 141
71 216
71 440
71 781
71 791
71 887
71 905
71 924
71 954
72 126
72 585
72 898
72 915
73 333
73 79
73 87
73 88
73 118
73 135
74 364
74 450
74 556
74 634
75 92
75 165
75 532
76 106
76 101
76 147
77 133
77 144
77 152
77 173
77 202
77 238
77 266
77 275
77 340
77 346
77 510
77 577
77 651
77 662
77 881
77 955
77 975
77 124
77 138
77 140
77 177
78 533
78 148
79 615
79 181
81 101
82 186
82 278
82 314
82 381
82 466
82 621
82 632
82 687
82 715
82 723
82 794
82 812
82 820
82 883
82 884
82 921
83 370
83 633
83 828
83 102
83 105
83 111
83 113
85 127
85 422
85 908
85 929
85 137
86 97
86 549
86 602
86 818
86 925
86 959
86 193
87 133
87 229
87 286
87 304
87 467
87 754
87 837
87 889
87 893
87 901
87 928
87 131
87 140
88 140
88 296
88 579
88 748
88 823
88 851
88 877
88 897
88 94
88 139
89 288
89 165
89 178
90 546
90 718
91 321
91 423
91 527
91 652
92 282
93 231
94 196
94 350
94 362
94 548
94 559
95 134
95 152
95 309
95 550
95 817
96 194
96 199
96 270
96 327
96 747
97 420
97 953
98 244
98 739
98 940
99 132
99 165
99 210
99 666
99 702
100 151
101 141
101 252
101 613
101 188
102 112
103 117
103 149
104 126
104 139
104 167
104 413
104 471
104 594
104 842
105 110
105 607
105 611
106 290
107 234
107 863
107 148
108 477
108 904
108 916
108 142
109 139
109 179
110 749
111 684
112 432
112 649
112 772
113 129
113 375
113 659
113 876
115 265
115 563
115 730
116 443
117 186
118 240
118 310
118 448
118 596
118 622
120 488
122 456
123 694
123 744
123 815
123 946
125 157
125 850
126 200
126 288
126 998
126 183
127 183
127 212
127 312
127 400
127 544
127 583
127 617
127 641
127 672
127 681
127 726
127 775
127 792
127 966
129 139
129 271
129 396
129 428
129 564
129 675
129 691
129 700
129 733
129 861
129 948
130 473
130 132
131 143
131 899
133 147
133 349
133 391
133 445
133 447
133 551
133 600
133 729
133 746
133 755
133 796
133 824
133 867
133 913
133 922
133 981
134 149
134 300
134 380
134 402
134 757
134 854
135 287
136 161
136 660
136 145
138 204
139 279
139 369
139 390
139 656
139 782
140 523
140 695
141 182
141 382
143 203
143 721
143 852
144 186
146 371
146 377
146 772
146 832
147 238
147 246
147 635
147 735
147 767
149 164
149 181
149 195
149 441
149 490
151 170
151 372
151 555
151 673
151 939
151 190
152 697
152 703
152 720
152 826
154 593
154 642
154 873
154 931
154 157
160 169
