0 1
0 2
0 3
0 4
0 5
0 6
0 22
0 23
0 25
0 55
0 68
0 69
0 73
0 76
0 81
0 83
0 88
0 89
0 90
0 92
0 96
0 99
0 110
0 116
0 117
0 121
0 123
0 134
0 157
0 158
0 163
0 169
0 181
0 187
0 188
0 255
0 275
0 276
0 311
0 340
0 361
0 384
0 431
0 465
0 469
0 480
0 504
0 517
0 595
0 602
0 666
0 682
0 705
0 711
0 776
0 798
0 862
0 904
0 934
0 997
1 2
1 3
1 4
1 5
1 7
1 8
1 9
1 10
1 11
1 13
1 19
1 20
1 24
1 37
1 47
1 48
1 49
1 51
1 54
1 56
1 63
1 65
1 67
1 77
1 79
1 80
1 85
1 86
1 113
1 121
1 126
1 134
1 136
1 139
1 146
1 147
1 149
1 156
1 157
1 161
1 168
1 171
1 180
1 183
1 196
1 199
1 286
1 393
1 422
1 485
1 518
1 547
1 567
1 610
1 637
1 657
1 672
1 700
1 708
1 736
1 743
1 801
1 899
1 926
1 941
1 982
2 3
2 4
2 10
2 36
2 37
2 74
2 76
2 83
2 114
2 119
2 123
2 144
2 152
2 165
2 179
2 204
2 329
2 547
2 612
2 754
2 890
2 895
2 937
2 959
3 4
3 5
3 6
3 8
3 10
3 16
3 18
3 19
3 25
3 26
3 29
3 31
3 33
3 34
3 36
3 40
3 49
3 53
3 58
3 62
3 72
3 76
3 81
3 82
3 84
3 86
3 87
3 91
3 94
3 97
3 100
3 101
3 102
3 104
3 105
3 108
3 114
3 118
3 120
3 121
3 123
3 124
3 125
3 129
3 131
3 134
3 136
3 139
3 141
3 142
3 143
3 146
3 149
3 151
3 154
3 159
3 162
3 173
3 174
3 180
3 182
3 183
3 184
3 194
3 195
3 202
3 203
3 205
3 226
3 232
3 243
3 252
3 274
3 302
3 335
3 337
3 379
3 419
3 434
3 453
3 483
3 531
3 536
3 543
3 621
3 626
3 643
3 645
3 715
3 725
3 729
3 737
3 747
3 783
3 817
3 822
3 831
3 847
3 850
3 861
3 871
3 919
3 925
3 932
3 945
3 949
4 9
4 18
4 22
4 28
4 48
4 55
4 56
4 84
4 85
4 95
4 115
4 134
4 143
4 155
4 164
4 186
4 221
4 238
4 479
4 512
4 550
4 565
4 583
4 589
4 667
4 721
4 832
4 858
4 894
5 9
5 15
5 17
5 23
5 25
5 26
5 27
5 29
5 32
5 49
5 57
5 64
5 72
5 78
5 86
5 91
5 92
5 95
5 97
5 99
5 116
5 125
5 139
5 142
5 153
5 175
5 186
5 190
5 214
5 228
5 229
5 273
5 283
5 287
5 295
5 355
5 376
5 378
5 382
5 392
5 401
5 412
5 420
5 426
5 429
5 503
5 532
5 554
5 580
5 614
5 615
5 620
5 621
5 631
5 632
5 658
5 685
5 719
5 720
5 799
5 808
5 828
5 844
5 854
5 860
5 867
5 946
5 955
5 956
5 961
5 981
5 988
5 6
5 90
5 19
5 54
5 69
5 88
5 144
6 7
6 8
6 11
6 22
6 30
6 31
6 38
6 44
6 45
6 50
6 51
6 52
6 53
6 58
6 60
6 71
6 75
6 77
6 80
6 90
6 94
6 96
6 111
6 115
6 124
6 143
6 149
6 154
6 158
6 170
6 172
6 176
6 179
6 191
6 194
6 210
6 254
6 258
6 270
6 278
6 291
6 293
6 312
6 320
6 325
6 344
6 347
6 362
6 386
6 415
6 437
6 446
6 461
6 467
6 468
6 492
6 499
6 500
6 528
6 541
6 640
6 674
6 721
6 771
6 785
6 788
6 795
6 823
6 848
6 857
6 858
6 863
6 864
6 873
6 881
6 918
6 936
6 947
6 980
6 993
6 998
6 84
6 42
6 9
7 10
7 12
7 13
7 21
7 30
7 35
7 38
7 50
7 71
7 79
7 85
7 98
7 109
7 133
7 136
7 147
7 152
7 179
7 196
7 201
7 219
7 220
7 267
7 271
7 277
7 297
7 301
7 305
7 310
7 318
7 328
7 336
7 338
7 343
7 352
7 354
7 371
7 374
7 380
7 387
7 389
7 394
7 403
7 405
7 408
7 416
7 421
7 424
7 427
7 447
7 457
7 459
7 471
7 474
7 486
7 494
7 508
7 514
7 519
7 522
7 538
7 539
7 546
7 549
7 553
7 557
7 562
7 566
7 573
7 585
7 588
7 591
7 601
7 603
7 606
7 609
7 611
7 622
7 651
7 665
7 671
7 678
7 716
7 718
7 731
7 732
7 738
7 740
7 748
7 755
7 766
7 769
7 770
7 778
7 780
7 784
7 786
7 790
7 792
7 816
7 826
7 829
7 836
7 888
7 891
7 892
7 898
7 901
7 907
7 913
7 921
7 939
7 951
7 958
7 964
7 965
7 967
7 971
7 989
8 22
8 24
8 39
8 41
8 70
8 484
8 656
8 794
8 940
9 16
9 26
9 52
9 63
9 71
9 159
9 168
9 211
9 224
9 253
9 307
9 534
9 551
9 593
9 684
9 773
9 809
9 944
9 84
9 10
9 11
9 30
9 39
9 62
9 81
9 87
9 136
10 14
10 24
10 151
10 284
10 330
10 363
10 409
10 436
10 475
10 491
10 611
10 775
10 805
10 824
10 965
10 42
10 11
10 16
10 43
10 51
10 53
10 54
10 55
10 56
10 75
10 76
10 78
10 90
10 98
10 115
11 16
11 17
11 18
11 19
11 20
11 28
11 43
11 91
11 128
11 130
11 140
11 150
12 21
12 569
12 638
12 880
12 917
13 602
13 201
14 502
14 90
14 84
14 26
14 40
14 41
14 60
14 61
14 91
14 117
15 137
16 193
16 796
16 859
16 21
16 26
16 42
16 46
16 59
16 83
16 88
16 93
16 149
16 153
17 18
17 23
17 28
17 76
17 153
17 197
17 264
17 90
17 24
17 45
17 77
17 84
17 109
17 114
18 29
18 102
18 360
18 444
18 968
18 163
19 364
19 42
19 35
19 106
19 132
19 143
19 154
20 40
20 42
20 142
20 124
20 133
21 112
21 144
21 239
21 495
21 604
21 739
21 150
21 166
22 39
22 54
22 155
22 198
22 202
22 265
22 407
22 541
22 556
22 702
22 839
22 852
22 973
22 999
23 28
23 61
23 78
23 104
23 135
23 208
23 249
23 342
23 639
23 886
23 969
24 85
24 176
24 217
24 231
24 247
24 256
24 261
24 271
24 306
24 322
24 397
24 442
24 476
24 497
24 659
24 714
24 759
24 884
24 893
24 916
24 974
24 996
24 999
24 53
25 26
25 42
25 43
25 52
25 55
25 83
25 193
25 260
25 294
25 359
25 451
25 750
25 860
25 906
25 90
26 34
26 64
26 82
26 950
26 35
26 67
26 71
26 75
26 94
26 118
26 132
27 186
28 30
28 38
28 58
28 61
28 107
28 121
28 153
28 163
28 184
28 215
28 245
28 300
28 331
28 370
28 428
28 470
28 472
28 487
28 520
28 533
28 558
28 584
28 623
28 624
28 648
28 652
28 680
28 686
28 690
28 727
28 741
28 760
28 762
28 814
28 846
28 867
28 870
28 902
28 942
28 954
28 972
28 42
28 138
28 182
29 189
29 550
29 590
29 984
29 42
30 50
30 58
30 59
30 96
30 136
30 207
30 458
30 488
30 561
30 619
30 634
30 707
31 41
31 44
31 94
31 105
31 115
31 291
31 323
31 779
32 57
32 208
34 42
34 43
34 91
34 120
34 142
34 218
34 456
34 655
34 764
34 910
34 90
34 39
34 101
35 111
35 48
35 52
35 58
35 65
35 104
35 139
35 146
36 68
36 175
37 46
37 749
37 767
38 103
38 646
38 991
39 45
39 47
39 65
39 577
39 990
39 42
39 59
39 110
39 152
40 70
40 77
40 82
40 165
40 169
40 185
40 223
40 236
40 422
40 526
40 570
40 649
40 694
40 696
40 803
40 806
40 842
40 923
40 935
41 172
41 358
41 742
41 56
41 57
41 58
41 104
41 125
41 153
42 90
42 46
42 52
42 73
42 80
42 92
42 96
42 103
42 122
42 150
43 64
43 159
43 523
43 44
43 63
43 70
43 75
43 105
43 121
43 134
44 46
44 47
44 202
44 324
45 406
45 64
46 79
46 102
47 88
47 113
47 582
47 608
47 810
47 849
47 911
47 931
48 879
49 55
49 62
49 95
49 108
49 167
49 290
49 375
49 400
49 532
49 660
50 607
50 679
50 791
50 90
51 103
51 111
51 299
51 450
51 901
51 90
52 59
52 63
52 98
52 120
52 171
52 262
52 350
52 413
52 449
52 534
52 661
52 689
52 789
52 845
52 877
52 60
52 108
53 157
54 66
54 351
54 463
54 464
54 524
54 571
54 578
54 579
54 812
54 856
54 200
55 57
55 68
55 106
55 108
55 116
55 153
55 313
55 319
55 383
55 391
55 395
55 439
55 529
55 597
55 635
55 647
55 669
55 706
55 801
55 962
55 975
55 79
56 87
56 127
56 170
56 346
56 505
56 511
56 559
56 570
56 641
56 756
56 827
56 995
56 137
57 687
57 761
58 98
58 124
58 161
59 388
59 448
59 85
59 129
60 90
60 132
60 268
60 771
61 167
61 295
61 385
61 402
61 443
61 509
61 586
61 587
61 594
61 650
61 693
61 700
61 722
61 774
61 833
61 924
62 178
62 304
62 110
63 145
63 177
63 192
63 212
63 396
63 506
63 555
63 837
63 887
64 654
64 77
64 83
64 119
64 188
65 797
65 84
65 87
65 121
66 818
66 173
67 417
67 568
67 131
68 73
68 366
68 600
68 629
68 983
69 103
69 333
69 763
69 909
70 172
70 758
70 87
70 97
71 74
71 78
71 91
71 117
71 129
71 222
71 224
71 227
71 237
71 381
71 411
71 454
71 478
71 592
71 744
71 830
71 143
72 188
72 314
72 410
72 435
72 841
72 853
72 192
73 574
73 99
73 118
74 445
74 516
74 673
74 695
74 819
74 927
75 843
76 280
76 735
76 821
76 874
76 885
76 143
77 115
77 81
77 95
77 119
78 625
78 644
78 101
79 573
79 642
79 698
80 233
80 251
80 345
80 576
80 905
80 84
80 155
81 137
81 430
81 482
81 713
81 977
81 978
81 142
82 109
82 308
82 326
82 372
82 440
82 542
82 929
82 953
82 90
82 122
83 575
85 93
85 94
85 122
85 201
85 225
85 235
85 248
85 572
85 630
85 671
85 704
85 752
86 128
86 197
86 290
86 334
86 530
86 599
86 734
86 838
86 851
86 957
86 90
87 103
87 172
88 198
88 230
88 234
88 107
88 127
89 124
89 213
89 489
89 699
90 101
90 132
90 148
90 191
90 192
90 348
90 425
90 432
90 438
90 521
90 523
90 527
90 605
90 635
90 683
90 723
90 835
90 842
90 855
90 876
90 952
90 963
90 126
90 137
90 144
91 119
91 145
91 315
91 414
91 452
91 466
91 477
91 552
91 560
91 593
91 868
91 900
91 165
92 370
92 986
94 105
94 192
94 216
94 246
94 332
94 365
94 455
94 460
94 473
94 617
94 628
94 710
94 768
94 781
94 840
94 904
94 933
95 195
96 133
96 292
96 454
96 928
97 128
97 285
97 746
97 813
97 915
97 125
98 390
98 691
98 875
99 811
100 156
101 463
101 545
102 979
103 147
103 170
103 259
103 141
104 692
105 110
105 187
105 296
108 195
108 670
109 356
109 617
109 753
109 825
109 872
109 160
111 122
111 341
111 481
111 501
111 525
111 616
111 733
111 897
111 970
113 138
113 269
113 272
113 317
113 369
113 462
113 653
113 820
113 903
114 160
114 206
114 349
114 490
114 882
114 136
115 199
115 540
115 728
115 787
115 807
115 948
115 966
118 316
119 145
119 303
119 441
119 920
120 130
120 327
120 537
120 563
120 712
120 793
120 994
121 162
121 398
121 688
121 178
122 581
122 676
122 751
122 960
123 241
123 250
123 257
123 309
123 373
123 675
123 681
123 741
123 802
123 912
124 281
124 288
124 399
124 493
124 987
124 131
125 140
125 209
125 423
126 141
126 353
126 548
126 938
126 148
126 196
127 377
127 513
128 130
128 137
128 334
128 398
128 404
128 507
128 677
128 701
128 815
130 200
130 244
130 263
130 498
130 535
130 772
130 804
130 866
130 914
131 889
132 496
132 627
132 865
132 134
133 154
133 664
134 266
134 515
134 636
134 662
134 757
134 139
135 745
136 292
136 618
137 282
137 777
137 800
138 943
139 544
139 765
141 150
141 242
141 321
141 908
142 357
143 240
143 339
143 782
143 834
143 144
143 204
144 368
144 703
145 613
145 976
145 992
146 298
146 510
147 564
147 633
147 697
147 726
147 883
147 985
147 193
148 663
148 717
148 176
150 166
151 203
151 279
151 668
151 730
151 922
151 930
152 371
153 163
153 183
153 367
153 709
153 878
153 896
154 161
154 177
154 193
154 289
154 418
154 433
154 596
154 598
154 724
154 772
154 869
159 166
159 193
162 163
165 188
165 169
183 195
