0 1
0 2
0 3
0 4
0 5
0 13
0 14
0 28
0 72
0 83
0 86
0 90
0 96
0 97
0 98
0 104
0 126
0 130
0 133
0 135
0 144
0 147
0 156
0 161
0 167
0 168
0 180
0 199
0 200
0 201
0 214
0 322
0 358
0 517
0 563
0 584
0 675
0 740
0 760
0 769
0 779
0 799
0 817
0 825
0 833
0 900
0 923
0 994
1 2
1 3
1 4
1 5
1 30
1 39
1 47
1 52
1 63
1 73
1 81
1 95
1 100
1 105
1 106
1 113
1 116
1 131
1 133
1 136
1 140
1 143
1 146
1 150
1 152
1 164
1 169
1 180
1 186
1 196
1 201
1 259
1 321
1 342
1 405
1 413
1 414
1 431
1 503
1 508
1 545
1 549
1 588
1 619
1 635
1 638
1 644
1 703
1 737
1 828
1 882
1 892
1 894
1 959
2 3
2 4
2 5
2 11
2 13
2 18
2 39
2 40
2 46
2 56
2 58
2 65
2 74
2 87
2 114
2 121
2 127
2 129
2 133
2 144
2 164
2 168
2 183
2 223
2 281
2 283
2 287
2 418
2 491
2 513
2 518
2 558
2 594
2 605
2 653
2 686
2 688
2 705
2 742
2 753
2 774
2 789
2 915
3 4
3 5
3 6
3 14
3 34
3 37
3 44
3 46
3 55
3 62
3 76
3 77
3 79
3 86
3 97
3 108
3 109
3 114
3 117
3 119
3 120
3 128
3 138
3 139
3 141
3 150
3 154
3 159
3 160
3 165
3 168
3 170
3 173
3 179
3 188
3 190
3 193
3 200
3 204
3 221
3 225
3 239
3 243
3 286
3 376
3 479
3 534
3 561
3 580
3 583
3 593
3 636
3 655
3 670
3 672
3 699
3 812
3 818
3 847
4 5
4 6
4 7
4 22
4 33
4 44
4 45
4 53
4 54
4 70
4 83
4 88
4 93
4 95
4 99
4 108
4 111
4 112
4 134
4 136
4 138
4 140
4 146
4 153
4 180
4 197
4 291
4 339
4 418
4 471
4 475
4 502
4 540
4 564
4 719
4 856
4 945
4 974
5 6
5 7
5 9
5 12
5 13
5 17
5 25
5 28
5 31
5 33
5 41
5 50
5 53
5 54
5 57
5 62
5 64
5 66
5 71
5 75
5 92
5 98
5 103
5 106
5 115
5 117
5 118
5 121
5 125
5 134
5 138
5 143
5 144
5 159
5 161
5 164
5 166
5 172
5 173
5 178
5 179
5 198
5 199
5 280
5 323
5 359
5 379
5 391
5 493
5 512
5 603
5 620
5 628
5 660
5 661
5 691
5 716
5 783
5 912
5 965
5 987
6 9
6 10
6 11
6 61
6 84
6 191
6 231
6 305
6 509
6 543
6 734
6 884
6 926
6 56
6 7
6 8
6 13
6 18
6 28
6 38
6 68
7 8
7 9
7 11
7 14
7 15
7 18
7 24
7 33
7 147
7 176
7 177
7 251
7 334
7 369
7 401
7 439
7 474
7 516
7 522
7 574
7 656
7 741
7 780
7 845
7 872
7 901
7 908
7 919
7 925
7 931
7 56
8 9
8 12
8 16
8 28
8 32
8 37
8 39
8 47
8 54
8 72
8 79
8 91
8 94
8 108
8 111
8 114
8 123
8 129
8 151
8 157
8 171
8 194
8 195
8 208
8 247
8 253
8 278
8 279
8 293
8 302
8 316
8 324
8 336
8 345
8 347
8 348
8 356
8 370
8 375
8 376
8 380
8 396
8 400
8 426
8 429
8 456
8 460
8 485
8 496
8 552
8 586
8 629
8 643
8 645
8 657
8 658
8 665
8 680
8 700
8 710
8 733
8 736
8 747
8 758
8 759
8 782
8 794
8 805
8 808
8 815
8 831
8 840
8 846
8 854
8 861
8 877
8 886
8 897
8 902
8 903
8 904
8 937
8 939
8 952
8 953
8 956
8 970
8 56
8 14
8 24
8 33
8 57
8 130
9 15
9 17
9 37
9 45
9 55
9 69
9 70
9 72
9 96
9 112
9 133
9 147
9 160
9 190
9 194
9 218
9 234
9 259
9 269
9 272
9 290
9 312
9 328
9 351
9 362
9 397
9 411
9 412
9 488
9 505
9 536
9 546
9 556
9 591
9 614
9 617
9 651
9 720
9 735
9 761
9 802
9 810
9 824
9 852
9 889
9 890
9 895
9 960
9 963
9 976
9 979
9 985
9 993
9 56
9 13
11 14
11 17
11 27
11 34
11 93
11 101
11 103
11 107
11 169
11 183
11 198
11 205
11 216
11 227
11 238
11 288
11 333
11 371
11 378
11 389
11 406
11 413
11 432
11 477
11 504
11 527
11 538
11 557
11 634
11 637
11 639
11 647
11 689
11 690
11 731
11 743
11 811
11 829
11 918
11 936
11 962
11 971
12 16
12 361
12 409
12 685
12 772
12 184
13 18
13 23
13 25
13 102
13 150
13 152
13 273
13 285
13 423
13 803
13 34
13 42
13 43
13 108
13 116
13 129
14 19
14 44
14 50
14 57
14 155
14 224
14 262
14 366
14 388
14 449
14 454
14 529
14 853
14 15
14 32
14 45
14 136
15 104
15 425
15 622
15 56
15 17
15 19
15 20
15 29
15 31
15 143
15 154
15 155
16 42
16 188
16 313
16 441
16 535
17 20
17 21
17 22
17 30
17 156
17 191
17 192
17 219
17 246
17 248
17 330
17 363
17 372
17 610
17 641
17 652
17 726
17 727
17 997
17 56
17 23
17 36
17 37
17 38
17 76
17 87
17 159
18 19
18 25
18 26
18 27
18 35
18 40
18 48
18 50
18 59
18 63
18 65
18 67
18 71
18 73
18 145
18 155
18 163
18 189
18 205
18 233
18 236
18 244
18 284
18 292
18 301
18 320
18 332
18 338
18 381
18 388
18 451
18 469
18 480
18 482
18 568
18 597
18 600
18 611
18 650
18 683
18 693
18 706
18 709
18 729
18 776
18 779
18 822
18 823
18 855
18 858
18 880
18 896
18 910
18 911
18 912
18 946
18 966
18 983
19 56
19 25
19 42
19 54
19 61
19 78
19 122
19 130
19 153
20 21
20 41
20 55
20 631
20 681
20 836
20 27
20 28
21 29
21 30
21 112
21 178
21 240
21 298
21 399
21 548
21 573
22 93
22 294
22 398
22 438
22 623
22 775
22 56
22 76
23 68
23 95
23 340
23 461
23 676
23 56
23 55
23 134
24 92
24 714
24 718
24 60
25 36
25 38
25 68
25 85
25 180
25 771
25 980
26 52
26 67
26 99
26 125
26 250
26 275
26 296
26 384
26 466
26 486
26 754
26 916
26 934
26 986
27 60
27 75
27 571
27 835
27 114
28 32
28 51
28 96
28 123
28 171
28 226
28 309
28 326
28 387
28 392
28 436
28 500
28 502
28 559
28 596
28 707
28 787
28 981
28 995
28 996
28 37
28 58
28 63
28 86
28 107
28 126
29 34
29 64
29 187
29 448
29 484
29 585
29 862
29 875
29 961
29 973
29 30
29 31
30 39
30 42
30 80
30 142
30 154
30 156
30 165
30 184
30 185
30 188
30 197
30 249
30 261
30 374
30 398
30 445
30 446
30 453
30 465
30 487
30 520
30 528
30 560
30 570
30 582
30 589
30 627
30 667
30 684
30 697
30 711
30 722
30 739
30 750
30 751
30 757
30 763
30 784
30 800
30 811
30 820
30 842
30 843
30 893
30 907
30 56
30 49
30 63
31 121
31 56
31 46
31 92
31 95
32 56
32 37
32 39
32 47
32 50
32 66
32 71
32 74
32 78
32 91
32 106
32 120
32 151
33 35
33 49
33 90
33 176
33 199
33 220
33 271
33 300
33 404
33 425
33 463
33 478
33 506
33 569
33 595
33 621
33 624
33 677
33 687
33 692
33 721
33 755
33 760
33 773
33 821
33 851
33 864
34 43
34 245
34 476
34 666
34 56
34 35
34 41
34 53
34 59
34 65
34 98
34 117
34 179
35 78
35 82
35 166
35 175
35 213
35 318
35 319
35 341
35 364
35 407
35 555
35 607
35 615
35 618
35 678
35 723
35 777
35 793
35 881
35 933
35 950
35 158
36 38
36 98
36 464
36 576
36 848
36 56
36 69
36 144
37 120
37 344
37 352
37 421
37 524
37 533
37 682
37 92
37 146
38 158
38 211
38 360
38 420
38 766
38 109
39 78
39 117
39 151
39 175
39 182
39 308
39 335
39 355
39 678
39 767
39 914
39 941
39 103
39 172
41 390
41 499
41 56
42 230
42 514
42 625
42 663
42 695
42 796
42 898
42 917
42 988
42 44
42 56
42 81
42 121
42 122
42 188
43 60
43 177
43 56
43 53
43 147
44 83
44 89
44 101
44 181
44 274
44 492
44 532
44 551
44 601
44 648
44 899
44 908
44 57
44 155
45 137
45 170
45 507
45 984
47 58
47 89
47 452
47 497
47 539
47 613
47 662
47 702
47 944
48 306
49 587
49 111
50 83
50 201
50 282
50 307
50 357
50 366
51 116
51 467
51 572
51 577
51 777
51 869
51 885
51 887
52 91
52 105
52 125
52 195
52 217
52 526
52 579
52 744
53 115
53 203
53 84
53 101
54 124
54 131
54 135
54 174
54 186
54 367
54 562
54 746
54 56
55 132
55 137
55 154
55 263
55 575
55 69
55 94
55 111
56 79
56 86
56 87
56 100
56 105
56 112
56 118
56 119
56 124
56 127
56 131
56 144
56 146
56 147
56 152
57 679
57 797
57 832
57 839
57 975
58 65
58 317
58 427
58 630
59 408
59 501
59 850
60 63
60 267
60 804
61 646
61 886
61 969
61 105
62 203
62 537
62 756
62 770
63 89
63 254
63 268
63 310
63 415
63 489
63 712
63 717
63 859
63 64
63 153
63 198
64 110
64 346
64 913
64 148
65 68
65 99
65 166
65 210
65 315
65 383
65 394
65 422
65 444
65 554
65 567
65 612
65 650
65 659
65 798
65 921
65 958
65 90
65 120
66 730
67 82
67 337
68 202
68 494
68 542
68 640
68 669
68 70
68 96
69 434
69 863
70 606
70 909
71 76
71 174
71 481
71 511
71 633
71 715
71 838
71 951
71 124
72 153
72 314
73 110
74 102
74 75
74 142
74 200
75 462
75 541
75 949
76 142
76 190
76 235
76 495
76 510
76 608
76 632
76 668
76 837
76 844
76 871
76 954
76 967
76 103
76 118
77 190
78 122
78 124
78 350
78 385
78 457
78 472
78 602
78 604
78 671
78 827
78 878
78 82
79 118
79 125
81 990
82 704
82 748
82 876
82 935
82 100
82 166
83 109
83 229
83 795
83 870
85 98
85 694
85 819
86 866
86 109
86 133
87 778
87 110
87 138
88 134
88 841
89 118
89 148
89 181
89 187
89 241
89 343
89 458
89 642
89 649
89 749
89 785
89 826
89 857
89 955
90 444
90 654
90 713
90 126
91 260
92 94
92 109
92 128
92 139
92 237
92 256
92 297
92 327
92 377
92 419
92 424
92 442
92 447
92 468
92 565
92 578
92 765
92 768
92 781
92 806
92 814
92 888
92 932
92 957
92 964
92 999
93 445
93 523
93 972
94 100
95 162
95 395
95 553
95 592
95 830
95 922
95 135
96 98
96 148
97 277
98 131
98 141
98 149
98 162
98 354
98 590
98 788
98 113
99 152
100 121
100 349
101 415
101 874
102 131
102 166
102 266
102 417
102 498
102 664
102 834
102 922
102 948
102 977
102 991
103 257
103 331
103 443
103 801
103 867
105 188
105 373
105 487
105 544
105 566
105 708
105 732
105 905
106 141
107 173
108 111
108 157
108 207
108 264
109 146
109 402
109 410
109 525
109 616
109 942
109 140
111 459
111 798
112 304
112 353
112 673
112 786
112 883
114 276
114 483
115 473
117 153
117 215
117 230
117 329
117 456
117 550
117 792
118 724
118 928
119 725
119 171
120 126
120 134
121 547
121 128
122 807
122 813
123 148
123 203
123 314
123 682
123 860
123 868
124 368
124 437
124 927
124 195
125 270
126 738
126 764
128 701
128 201
131 149
131 265
131 382
131 393
131 470
131 599
131 609
131 626
131 722
131 752
131 791
131 816
131 849
131 948
131 998
132 138
132 222
132 395
132 893
132 978
133 192
133 252
133 258
133 303
133 519
133 521
133 698
133 960
134 515
134 189
135 183
136 403
136 920
138 228
138 891
138 943
138 968
139 163
139 209
140 193
140 255
140 301
140 311
140 325
140 433
140 440
140 490
140 530
140 531
140 745
140 813
140 873
140 940
140 982
142 148
143 430
143 183
145 455
145 598
145 809
146 232
146 295
146 310
146 515
146 728
146 743
146 879
146 930
147 206
147 210
147 212
147 365
147 435
147 450
147 674
147 762
147 770
147 865
147 906
147 989
147 992
149 938
150 299
150 386
150 790
153 160
153 416
153 428
153 695
153 696
153 924
153 929
153 947
153 182
154 242
154 289
154 294
154 581
177 205
196 202
