0 1
0 2
0 3
0 4
0 5
0 10
0 11
0 16
0 20
0 22
0 32
0 37
0 39
0 44
0 52
0 54
0 55
0 62
0 65
0 67
0 68
0 71
0 72
0 84
0 91
0 92
0 103
0 104
0 105
0 108
0 122
0 124
0 127
0 128
0 129
0 133
0 134
0 141
0 146
0 147
0 148
0 149
0 151
0 153
0 154
0 157
0 158
0 161
0 164
0 171
0 173
0 178
0 179
0 189
0 195
0 198
0 199
0 201
0 231
0 233
0 240
0 244
0 335
0 336
0 343
0 392
0 406
0 461
0 479
0 486
0 493
0 521
0 525
0 527
0 536
0 589
0 593
0 611
0 614
0 615
0 623
0 744
0 779
0 808
0 809
0 824
0 827
0 846
0 864
0 959
0 970
0 976
1 2
1 3
1 4
1 11
1 12
1 21
1 22
1 44
1 48
1 55
1 56
1 69
1 70
1 78
1 99
1 109
1 111
1 115
1 117
1 170
1 199
1 364
1 398
1 419
1 519
1 523
1 651
1 687
1 700
1 924
2 3
2 4
2 7
2 16
2 20
2 21
2 31
2 33
2 46
2 58
2 66
2 73
2 76
2 100
2 103
2 105
2 118
2 119
2 123
2 128
2 130
2 142
2 148
2 155
2 179
2 182
2 194
2 201
2 207
2 234
2 269
2 271
2 274
2 284
2 293
2 311
2 322
2 341
2 363
2 418
2 430
2 559
2 574
2 606
2 607
2 632
2 664
2 697
2 721
2 723
2 734
2 770
2 797
2 882
2 961
2 980
3 4
3 9
3 24
3 30
3 34
3 43
3 55
3 73
3 88
3 114
3 117
3 132
3 135
3 137
3 145
3 147
3 151
3 165
3 174
3 175
3 180
3 199
3 223
3 250
3 295
3 303
3 453
3 528
3 555
3 594
3 843
3 945
4 5
4 6
4 7
4 9
4 13
4 14
4 15
4 16
4 18
4 30
4 31
4 35
4 43
4 44
4 45
4 46
4 48
4 51
4 54
4 58
4 59
4 64
4 65
4 66
4 68
4 72
4 74
4 82
4 84
4 85
4 90
4 99
4 100
4 101
4 104
4 106
4 117
4 120
4 122
4 124
4 126
4 128
4 129
4 130
4 135
4 146
4 147
4 151
4 161
4 169
4 189
4 191
4 192
4 197
4 199
4 292
4 296
4 298
4 316
4 365
4 366
4 383
4 394
4 405
4 408
4 421
4 476
4 500
4 572
4 678
4 753
4 816
4 883
4 975
5 18
5 22
5 27
5 60
5 62
5 139
5 146
5 169
5 194
5 410
5 469
5 541
5 575
5 760
5 112
5 6
5 8
5 9
5 10
5 24
5 34
6 8
6 18
6 25
6 180
6 331
6 376
6 456
6 498
6 529
6 672
6 738
6 904
6 112
6 11
6 15
6 49
6 140
7 20
7 113
7 120
7 304
7 321
7 374
7 454
7 641
7 739
7 860
7 987
8 18
8 29
8 61
8 77
8 96
8 170
8 215
8 377
8 563
8 672
8 683
8 750
8 9
8 10
8 31
8 68
8 86
9 10
9 12
9 14
9 17
9 23
9 24
9 38
9 39
9 53
9 67
9 82
9 93
9 141
9 144
9 181
9 182
9 193
9 249
9 275
9 277
9 324
9 329
9 354
9 356
9 409
9 457
9 458
9 543
9 553
9 620
9 629
9 752
9 785
9 787
9 847
9 880
9 907
9 13
9 18
9 20
9 26
9 28
9 35
9 40
9 47
9 49
9 59
9 106
9 120
9 125
10 12
10 358
10 368
10 112
10 11
10 13
10 14
10 15
10 18
10 25
10 27
10 30
10 36
10 54
10 56
10 65
10 68
10 69
10 79
10 83
10 92
10 94
10 95
10 107
10 114
10 123
11 13
11 21
11 33
11 40
11 49
11 51
11 54
11 56
11 57
11 78
11 111
11 119
11 140
11 157
11 173
11 201
11 357
11 399
11 537
11 561
11 580
11 643
11 730
11 768
11 876
11 905
11 917
11 112
11 15
11 30
11 37
11 46
11 55
11 63
11 72
11 114
11 115
11 117
11 145
12 17
12 45
12 88
12 278
12 332
12 974
12 112
13 125
13 173
13 291
13 412
13 521
13 14
13 19
13 21
14 36
14 77
14 131
15 20
15 55
15 110
15 120
15 162
15 333
15 818
15 28
15 35
15 38
15 51
15 52
15 54
15 61
15 62
15 91
16 19
16 136
16 158
16 577
16 994
17 23
17 43
17 53
17 70
17 86
17 98
17 166
17 168
17 176
17 265
17 314
17 327
17 382
17 443
17 495
17 508
17 754
17 821
17 861
17 886
17 926
18 19
18 22
18 25
18 27
18 32
18 44
18 60
18 64
18 75
18 84
18 94
18 97
18 108
18 116
18 121
18 132
18 165
18 184
18 204
18 210
18 211
18 252
18 256
18 290
18 300
18 319
18 323
18 330
18 360
18 373
18 375
18 378
18 385
18 416
18 431
18 444
18 451
18 475
18 489
18 506
18 520
18 545
18 562
18 568
18 634
18 650
18 703
18 726
18 736
18 759
18 772
18 783
18 786
18 805
18 852
18 857
18 871
18 877
18 884
18 947
18 951
18 993
19 28
19 58
19 77
19 79
19 97
19 206
19 221
19 270
19 524
19 549
19 709
19 875
19 27
20 34
20 41
20 50
20 112
20 190
20 272
20 347
20 446
20 450
20 455
20 507
20 616
20 659
20 707
20 835
20 998
20 21
20 117
21 81
21 502
21 834
21 893
21 902
21 47
21 82
21 88
21 89
21 90
22 27
22 30
22 36
22 114
22 268
22 285
22 294
22 300
22 361
22 499
22 699
22 735
22 749
22 894
22 939
22 957
23 24
23 259
23 309
23 496
23 848
23 879
24 105
24 599
24 698
25 26
25 112
25 41
25 111
26 75
26 97
26 901
26 49
26 71
26 133
27 369
27 390
27 603
27 41
27 48
27 50
27 53
27 62
27 90
27 97
27 147
27 192
28 84
30 51
30 56
30 63
30 66
30 74
30 92
30 122
30 165
30 178
30 192
30 261
30 384
30 460
30 546
30 565
30 566
30 567
30 666
30 801
30 829
30 863
30 902
30 38
30 50
30 99
30 103
30 194
31 40
31 56
31 85
31 92
31 101
31 122
31 222
31 370
31 441
31 472
31 575
31 581
31 637
31 640
31 648
31 696
31 731
31 732
31 733
31 742
31 762
31 789
31 822
31 833
31 885
31 895
31 986
31 67
32 61
32 64
32 70
32 76
32 95
32 158
32 168
32 175
32 186
32 187
32 188
32 196
32 211
32 228
32 243
32 253
32 257
32 280
32 281
32 289
32 310
32 318
32 379
32 397
32 426
32 539
32 550
32 588
32 694
32 706
32 740
32 743
32 745
32 756
32 774
32 832
32 851
32 855
32 861
32 886
32 890
32 897
32 910
32 913
32 920
32 964
32 973
33 54
33 81
33 143
33 655
34 110
34 149
34 98
35 48
35 50
35 113
35 131
35 202
35 239
35 258
35 283
35 299
35 314
35 488
35 571
35 586
35 612
35 644
35 663
35 670
35 716
35 757
35 828
35 896
35 914
35 923
35 946
35 953
35 954
35 59
35 75
35 76
35 85
35 92
35 110
35 129
35 166
35 200
36 47
36 80
36 225
36 718
36 968
36 45
36 48
36 51
36 52
36 64
36 65
36 81
36 108
37 102
37 163
38 979
38 82
39 144
39 962
40 42
40 47
40 65
40 68
40 71
40 81
40 101
40 107
40 160
40 172
40 220
40 282
40 307
40 315
40 348
40 352
40 380
40 407
40 420
40 452
40 481
40 501
40 509
40 522
40 542
40 569
40 578
40 608
40 609
40 646
40 653
40 668
40 679
40 682
40 701
40 724
40 764
40 778
40 780
40 820
40 952
40 965
41 131
41 138
41 359
41 374
41 477
41 492
41 625
41 810
41 887
41 949
41 60
41 133
42 503
42 943
42 112
42 137
43 177
43 737
43 793
43 112
44 79
44 188
44 308
44 478
44 514
44 552
44 645
44 844
45 102
45 134
45 177
45 428
45 585
45 636
45 839
45 873
45 936
45 942
45 97
45 130
46 49
46 570
46 859
46 971
47 62
47 102
47 134
47 163
47 195
47 209
47 229
47 386
47 400
47 482
47 484
47 602
47 604
47 607
47 617
47 661
47 692
47 748
47 775
47 802
47 878
47 888
47 898
47 899
47 929
47 944
47 978
47 53
47 79
47 85
47 94
47 127
47 152
48 238
48 512
48 598
48 684
48 83
48 143
49 134
49 153
50 112
50 123
50 163
50 320
50 346
50 367
50 626
50 675
50 690
50 712
50 767
50 796
50 869
50 928
50 944
50 89
51 171
51 401
51 448
51 513
51 518
51 677
51 921
51 56
51 72
51 157
51 191
52 64
52 118
53 113
53 176
53 287
53 303
53 372
53 445
53 624
53 773
53 862
53 865
53 866
53 903
54 57
54 78
54 551
54 73
54 96
54 112
55 137
55 560
56 217
56 219
56 264
56 339
56 342
56 490
56 656
56 714
56 102
56 171
57 59
57 85
57 93
57 98
57 104
57 156
57 168
57 187
57 212
57 276
57 442
57 465
57 548
57 556
57 576
57 590
57 592
57 601
57 610
57 649
57 806
57 838
57 916
57 938
57 950
57 185
58 61
58 79
58 266
58 415
58 657
58 755
58 958
59 112
59 134
59 176
60 65
60 94
60 108
60 145
60 471
60 504
60 935
61 89
61 130
61 247
61 317
61 353
61 395
61 74
61 91
62 83
62 355
62 447
62 766
62 86
62 144
63 782
63 999
63 112
63 70
64 75
64 95
64 109
64 189
64 434
64 473
64 485
64 533
64 538
64 605
64 674
64 788
64 819
64 927
64 937
65 90
65 350
65 751
65 825
65 925
65 989
66 547
66 595
66 932
67 105
67 187
67 193
67 579
67 610
67 711
67 127
68 150
68 194
68 214
68 328
68 414
68 463
68 480
68 520
68 534
68 535
68 627
68 628
68 722
68 837
68 874
68 103
69 111
70 93
70 402
70 558
70 633
70 130
71 403
71 464
71 596
71 638
71 654
71 662
71 794
71 922
72 142
72 230
72 334
72 650
72 689
72 981
73 467
73 112
74 96
74 236
74 120
75 175
75 326
75 338
75 613
75 854
75 996
75 170
75 180
77 417
77 530
77 940
78 262
78 510
78 669
78 771
78 112
79 89
79 142
79 391
79 582
79 665
79 830
79 109
80 139
80 487
81 198
81 427
81 459
81 462
81 516
81 584
81 622
81 881
82 166
82 344
82 423
83 340
83 704
83 934
83 112
83 130
83 137
83 150
84 87
84 99
84 126
84 152
84 186
84 205
84 254
84 485
84 761
84 983
85 584
85 681
85 101
86 251
86 582
86 831
86 908
88 792
88 145
89 155
89 218
89 573
89 799
89 107
90 94
90 154
90 184
90 194
90 203
90 297
90 337
90 351
90 389
90 411
90 466
90 525
90 554
90 660
90 686
90 747
90 784
90 836
90 911
90 984
90 147
91 433
91 153
92 110
92 125
92 174
92 183
92 191
92 227
92 273
92 429
92 432
92 436
92 531
92 532
92 621
92 717
92 769
92 790
92 812
92 845
92 867
92 919
92 941
92 955
92 960
92 991
92 138
92 173
93 166
93 858
93 977
94 708
95 224
95 758
95 868
95 956
97 180
97 188
97 213
97 383
97 804
98 667
99 216
99 727
99 980
99 104
99 196
100 501
101 106
101 435
101 597
101 776
101 135
102 133
102 179
102 362
102 371
102 449
102 517
102 564
102 710
102 719
102 798
103 220
103 115
104 156
104 164
104 200
104 587
104 639
104 725
104 763
104 777
104 795
105 203
105 208
105 235
105 301
105 416
105 439
105 540
105 553
105 630
105 741
105 811
105 826
105 963
105 158
106 159
106 241
106 325
107 116
107 781
107 909
108 121
108 145
108 583
108 729
108 985
109 190
109 313
109 635
110 856
110 139
111 159
111 191
111 483
111 889
111 892
111 933
111 990
112 695
112 123
112 136
112 141
112 144
113 138
113 263
113 688
113 906
113 931
114 154
115 204
116 305
116 494
116 497
116 765
116 915
116 934
116 988
116 995
119 631
120 161
120 164
120 183
121 246
121 381
121 642
121 647
121 749
121 849
121 935
122 438
122 618
122 652
122 823
122 982
123 133
123 279
123 129
124 226
124 437
124 791
125 255
128 190
128 286
128 425
128 850
128 912
129 288
130 267
130 505
130 715
130 803
130 805
130 834
130 841
130 188
131 349
131 702
131 992
133 134
133 179
133 183
133 242
133 248
133 260
133 691
133 870
133 898
133 162
134 153
134 237
134 658
134 693
134 800
134 840
134 918
134 969
134 161
135 817
136 713
137 153
138 164
138 470
138 474
138 842
138 867
138 149
139 150
140 746
140 172
141 174
141 312
141 393
141 396
141 424
141 815
141 893
141 160
142 188
142 404
142 413
142 685
142 813
142 967
143 157
143 185
143 388
143 728
143 814
143 872
143 948
143 972
144 200
144 345
144 526
145 557
145 891
146 202
146 204
146 306
146 476
146 491
146 511
146 997
147 232
147 304
147 591
147 676
148 422
148 673
148 680
148 720
148 930
149 966
151 167
151 245
151 440
151 544
151 600
151 671
151 807
151 853
151 900
152 515
153 190
154 302
154 387
154 468
154 619
154 705
156 182
156 177
161 195
166 176
170 196
199 203
