0 1
0 2
0 3
0 4
0 13
0 23
0 38
0 58
0 68
0 77
0 86
0 96
0 97
0 100
0 105
0 125
0 153
0 164
0 169
0 317
0 334
0 563
0 588
0 804
0 878
0 896
0 931
0 984
1 2
1 3
1 4
1 6
1 8
1 11
1 14
1 19
1 32
1 35
1 36
1 37
1 46
1 49
1 60
1 66
1 67
1 72
1 75
1 79
1 82
1 88
1 90
1 107
1 122
1 132
1 146
1 152
1 158
1 193
1 196
1 197
1 202
1 216
1 289
1 503
1 520
1 566
1 579
1 625
1 634
1 733
1 779
1 817
1 890
1 976
1 983
2 3
2 4
2 5
2 6
2 7
2 13
2 20
2 43
2 44
2 57
2 59
2 61
2 67
2 73
2 85
2 86
2 91
2 97
2 101
2 104
2 109
2 111
2 114
2 118
2 121
2 122
2 123
2 125
2 140
2 149
2 151
2 158
2 165
2 169
2 171
2 182
2 185
2 188
2 198
2 203
2 294
2 296
2 313
2 323
2 337
2 415
2 427
2 462
2 482
2 583
2 635
2 639
2 642
2 693
2 781
2 839
2 840
2 882
2 912
2 961
2 978
3 4
3 5
3 12
3 16
3 18
3 19
3 21
3 23
3 24
3 30
3 45
3 56
3 63
3 64
3 68
3 72
3 86
3 90
3 94
3 104
3 107
3 109
3 123
3 124
3 125
3 129
3 134
3 138
3 142
3 143
3 153
3 159
3 168
3 175
3 177
3 184
3 197
3 330
3 333
3 343
3 394
3 396
3 410
3 508
3 512
3 524
3 555
3 558
3 561
3 565
3 572
3 619
3 652
3 657
3 670
3 685
3 690
3 752
3 810
3 826
3 862
3 868
3 903
3 922
3 928
3 936
3 955
4 6
4 7
4 8
4 9
4 10
4 11
4 12
4 14
4 15
4 25
4 27
4 35
4 39
4 45
4 51
4 52
4 57
4 64
4 65
4 75
4 78
4 79
4 86
4 98
4 117
4 121
4 129
4 130
4 132
4 133
4 134
4 144
4 147
4 152
4 160
4 167
4 171
4 175
4 180
4 187
4 192
4 194
4 196
4 223
4 232
4 233
4 252
4 291
4 299
4 315
4 363
4 400
4 412
4 471
4 575
4 641
4 656
4 664
4 677
4 730
4 736
4 741
4 742
4 795
4 825
4 827
4 866
4 884
4 892
4 900
4 914
4 929
4 932
4 943
4 991
5 8
5 16
5 24
5 30
5 42
5 46
5 74
5 89
5 102
5 114
5 225
5 285
5 602
5 758
5 964
5 992
5 95
5 6
5 7
5 12
5 14
5 15
5 19
5 22
5 45
5 52
5 55
5 86
6 7
6 17
6 28
6 32
6 33
6 41
6 52
6 69
6 79
6 98
6 107
6 266
6 475
6 504
6 510
6 550
6 551
6 570
6 798
6 806
6 808
6 815
6 834
6 844
6 919
7 9
7 22
7 28
7 39
7 48
7 52
7 81
7 95
7 147
7 189
7 356
7 359
7 407
7 426
7 768
7 841
7 880
7 125
7 13
7 15
7 23
7 31
7 36
7 45
7 69
7 75
7 106
7 111
7 117
8 11
8 16
8 20
8 21
8 25
8 26
8 31
8 34
8 35
8 37
8 47
8 48
8 51
8 62
8 63
8 70
8 82
8 87
8 89
8 90
8 103
8 106
8 114
8 116
8 126
8 142
8 155
8 165
8 188
8 192
8 215
8 228
8 236
8 247
8 269
8 275
8 276
8 290
8 301
8 310
8 358
8 366
8 386
8 387
8 399
8 401
8 414
8 438
8 449
8 457
8 481
8 491
8 494
8 516
8 580
8 590
8 594
8 596
8 622
8 648
8 661
8 663
8 669
8 718
8 720
8 732
8 746
8 750
8 754
8 756
8 785
8 796
8 805
8 824
8 832
8 857
8 867
8 893
8 909
8 930
8 940
8 967
8 971
8 988
8 995
8 95
9 17
9 81
9 173
9 195
9 176
10 13
10 49
10 135
10 322
10 383
10 421
10 434
10 469
10 615
10 775
10 828
10 838
10 990
10 95
10 17
10 20
10 39
10 54
10 73
10 74
10 79
10 84
10 94
10 96
10 134
10 149
11 21
11 29
11 36
11 37
11 51
11 131
11 141
11 151
11 164
11 176
11 210
11 415
11 477
11 529
11 705
11 757
11 764
11 818
11 878
11 125
11 20
11 24
11 140
11 198
12 14
12 18
12 53
12 55
12 59
12 73
12 94
12 110
12 115
12 139
12 140
12 150
12 200
12 203
12 214
12 286
12 476
12 536
12 609
12 871
12 921
12 937
12 16
12 148
13 58
13 190
13 246
13 541
13 665
13 694
13 747
13 850
13 926
13 125
13 17
13 41
13 48
13 63
13 64
13 102
13 112
13 145
13 152
13 153
14 15
14 53
14 230
14 927
15 18
15 40
15 54
15 61
15 77
15 179
15 263
15 297
15 552
15 629
15 689
15 717
15 95
15 28
15 34
15 37
15 41
15 52
15 53
15 125
16 24
16 42
16 96
16 115
16 393
16 430
16 437
16 603
16 858
16 125
16 21
16 23
16 28
16 43
16 116
16 138
17 48
17 112
17 113
17 167
17 173
17 433
17 448
17 478
17 611
17 791
17 30
17 32
17 60
17 141
17 151
17 153
18 19
18 23
18 58
18 61
18 110
18 135
18 168
18 179
18 183
18 234
18 326
18 362
18 376
18 406
18 417
18 419
18 463
18 470
18 489
18 586
18 592
18 618
18 624
18 627
18 647
18 650
18 662
18 688
18 697
18 700
18 715
18 723
18 735
18 759
18 777
18 793
18 800
18 816
18 851
18 852
18 885
18 920
18 938
18 947
18 95
19 24
19 33
19 47
19 50
19 76
19 99
19 101
19 122
19 124
19 133
19 145
19 170
19 193
19 238
19 244
19 258
19 279
19 305
19 371
19 395
19 402
19 424
19 458
19 464
19 480
19 517
19 564
19 585
19 605
19 649
19 651
19 699
19 751
19 765
19 849
19 886
19 891
19 901
19 935
19 953
19 993
19 95
19 20
19 23
19 30
19 112
20 47
20 67
20 71
20 126
20 154
20 331
20 389
20 425
20 487
20 537
20 556
20 568
20 854
20 970
20 979
20 43
20 56
20 91
20 96
20 100
20 116
20 120
20 127
21 44
21 456
21 493
21 673
21 855
21 76
22 40
22 41
22 184
22 280
22 454
22 575
22 915
22 968
22 25
22 47
22 68
22 114
22 133
23 273
23 442
23 31
24 27
24 74
24 154
24 771
24 913
25 143
25 324
25 411
25 965
25 27
25 36
25 58
25 110
25 193
26 540
26 787
26 125
27 105
27 106
27 336
27 606
27 625
27 696
27 702
27 902
27 917
27 51
27 59
27 65
27 146
28 409
28 608
28 75
28 108
28 116
29 375
29 538
29 676
29 125
30 121
31 66
31 71
31 97
31 120
31 136
32 138
32 712
33 130
33 217
33 237
33 253
33 350
33 390
33 423
33 483
33 721
33 778
33 834
33 911
33 933
33 997
33 170
33 182
34 46
34 121
34 847
34 859
34 879
34 904
34 985
34 57
34 66
35 37
35 60
35 62
35 93
35 155
35 164
35 227
35 248
35 274
35 278
35 295
35 360
35 443
36 162
36 392
36 40
36 60
36 86
37 119
37 164
37 349
37 360
37 447
37 519
37 865
37 870
37 881
37 898
37 956
37 70
37 74
37 94
39 41
39 95
39 97
39 128
39 264
39 372
39 125
39 61
40 72
40 50
40 68
40 97
40 113
40 131
41 51
41 60
41 175
41 189
41 281
41 292
41 428
41 505
41 510
41 518
41 535
41 545
41 728
41 764
41 819
41 876
41 898
41 66
41 141
42 47
42 145
42 178
42 180
42 235
42 243
42 244
42 283
42 294
42 351
42 374
42 378
42 405
42 441
42 446
42 516
42 526
42 553
42 631
42 651
42 667
42 668
42 722
42 724
42 755
42 837
42 863
42 948
42 997
43 63
43 65
43 89
45 166
45 186
45 229
45 250
45 314
45 325
45 852
45 875
45 48
45 56
45 83
45 113
45 149
45 151
45 184
47 50
47 74
47 82
47 89
47 187
47 221
47 422
47 474
47 514
47 743
47 744
47 772
47 874
48 57
48 79
48 82
48 98
48 101
48 161
48 205
48 228
48 231
48 242
48 530
48 533
48 655
48 695
48 709
48 738
48 812
48 69
48 93
48 99
48 124
48 144
49 92
49 191
49 282
49 464
49 703
49 770
49 823
49 918
49 925
50 66
50 71
50 88
50 115
50 133
50 136
50 145
50 254
50 364
50 539
50 559
50 599
50 607
50 660
50 714
50 783
50 969
50 994
50 172
51 116
51 119
51 143
51 196
51 226
51 413
51 706
51 944
52 109
52 267
52 407
52 644
52 653
52 833
52 975
52 53
52 57
52 92
53 67
53 180
53 200
54 224
54 431
54 571
54 790
54 981
54 90
54 134
55 682
55 977
56 72
56 214
56 485
56 802
56 861
57 80
57 100
57 127
57 182
57 204
57 357
57 473
57 496
57 570
57 640
57 671
57 798
57 807
57 910
57 158
58 75
58 92
58 172
58 348
58 453
58 509
58 595
58 788
58 999
58 85
59 83
59 120
59 129
59 157
59 270
59 515
59 601
59 125
59 64
60 62
60 85
60 90
60 93
60 156
60 245
60 674
60 680
60 797
60 951
60 79
61 77
61 271
61 352
61 739
61 72
61 82
61 112
61 124
61 133
61 147
62 171
62 284
62 304
62 502
62 527
62 574
62 831
63 176
63 309
63 532
63 125
63 76
63 107
63 139
64 148
64 198
64 218
64 623
64 685
65 78
65 339
65 842
65 93
66 534
66 125
67 181
67 251
67 924
67 960
68 76
68 241
68 373
68 397
68 452
68 500
68 554
68 636
68 838
68 894
68 958
68 966
69 177
69 658
69 151
70 74
70 99
70 129
71 996
71 114
72 127
72 206
72 230
72 346
72 353
72 488
72 811
72 142
73 108
73 115
73 257
73 384
73 391
73 420
73 440
73 803
73 829
74 188
75 91
75 345
75 654
75 776
75 906
75 102
76 101
76 149
76 311
76 576
76 577
76 611
76 620
76 628
76 659
76 748
76 773
76 836
76 895
76 899
76 954
76 122
77 83
77 140
77 361
77 809
77 957
77 974
77 987
77 95
77 121
77 126
78 80
78 182
78 490
78 548
78 708
79 195
79 369
79 465
79 621
79 734
79 905
79 82
79 87
79 103
80 303
80 307
80 695
80 799
80 195
82 89
82 193
82 466
82 521
82 632
82 973
82 115
82 119
83 84
83 168
83 184
83 308
83 439
83 544
83 560
83 719
83 784
83 872
83 941
85 176
85 377
85 125
86 255
86 261
86 335
86 573
86 934
86 125
87 194
88 201
88 638
88 763
88 853
88 197
89 105
89 181
89 208
89 213
89 332
89 380
89 418
89 495
89 617
89 782
89 856
89 963
89 964
90 165
90 288
90 164
90 192
91 150
91 157
91 199
91 319
91 354
91 367
91 432
91 435
91 445
91 488
91 543
91 613
91 628
91 645
91 681
91 710
91 801
91 813
91 821
91 907
92 124
92 298
92 300
92 315
92 365
92 371
92 381
92 526
92 555
92 713
92 888
93 148
93 162
93 259
93 455
93 484
93 646
93 792
93 986
94 467
95 329
95 581
97 189
97 239
98 107
98 185
98 277
98 860
98 989
99 101
99 163
100 212
100 327
100 429
100 531
100 616
100 679
100 716
100 740
100 766
100 822
100 959
101 342
104 160
104 175
104 195
104 403
104 499
104 546
106 862
107 147
107 316
107 388
107 686
107 998
108 604
108 125
109 173
109 211
109 472
109 473
109 584
109 696
109 833
110 761
110 767
111 404
112 185
113 312
114 382
114 444
115 265
115 411
115 479
115 511
115 612
115 727
115 762
115 835
115 848
115 935
115 946
115 145
116 137
116 143
116 151
116 293
116 643
118 219
118 597
119 344
119 753
119 130
120 132
120 252
120 287
120 338
120 522
120 683
120 780
121 122
121 163
121 408
121 460
121 468
121 523
121 859
121 873
121 950
122 172
122 222
122 234
122 567
122 626
122 843
122 883
122 980
123 769
124 130
124 169
124 207
124 459
124 507
124 523
124 557
124 678
124 955
125 194
125 199
125 492
125 498
125 525
125 528
125 593
125 630
125 674
125 701
125 749
125 774
125 814
125 845
125 869
125 945
125 949
125 132
126 149
126 178
126 240
126 302
127 173
127 347
127 600
127 666
127 731
127 801
127 972
128 306
129 150
129 220
129 260
129 318
129 368
129 379
129 436
129 501
129 506
129 569
129 614
129 737
129 821
129 939
129 143
129 160
130 163
130 174
131 202
132 325
132 578
132 179
133 272
133 675
133 729
133 830
134 450
134 820
134 175
135 897
138 549
140 698
142 159
142 215
142 268
142 320
142 461
142 587
142 745
143 148
143 568
143 704
143 725
143 726
143 760
143 789
143 889
143 916
143 982
145 209
145 370
145 486
145 547
145 598
145 691
145 711
145 794
145 154
146 187
147 256
147 864
147 952
148 156
148 451
148 672
149 321
149 328
149 355
149 637
149 877
149 908
150 168
150 186
150 340
151 398
151 416
151 497
151 513
151 582
151 684
151 707
152 199
152 262
152 385
152 542
152 562
152 589
152 610
152 633
152 687
152 786
152 846
152 887
152 942
152 962
153 249
153 341
153 591
153 923
154 692
157 200
185 189
187 193
