0 1
0 2
0 3
0 4
0 5
0 6
0 7
0 9
0 11
0 18
0 29
0 41
0 45
0 55
0 60
0 61
0 65
0 74
0 75
0 77
0 82
0 84
0 100
0 109
0 111
0 116
0 118
0 129
0 130
0 138
0 144
0 164
0 170
0 183
0 185
0 189
0 194
0 198
0 199
0 211
0 226
0 309
0 318
0 322
0 424
0 642
0 687
0 744
0 753
0 840
0 850
0 862
0 875
0 885
1 2
1 3
1 4
1 5
1 18
1 41
1 43
1 63
1 68
1 69
1 84
1 94
1 119
1 150
1 151
1 155
1 166
1 171
1 174
1 182
1 183
1 240
1 579
1 767
1 813
1 829
1 833
1 867
1 870
1 984
2 3
2 4
2 5
2 8
2 9
2 10
2 44
2 55
2 66
2 100
2 108
2 112
2 116
2 117
2 123
2 126
2 160
2 161
2 164
2 177
2 182
2 231
2 251
2 255
2 262
2 292
2 300
2 316
2 344
2 350
2 446
2 524
2 591
2 603
2 635
2 699
2 732
2 759
2 784
2 886
3 4
3 5
3 6
3 7
3 13
3 15
3 16
3 20
3 22
3 27
3 30
3 32
3 33
3 41
3 42
3 44
3 45
3 50
3 51
3 66
3 78
3 85
3 96
3 106
3 108
3 109
3 113
3 128
3 132
3 135
3 136
3 167
3 170
3 173
3 178
3 179
3 190
3 191
3 193
3 383
3 474
3 507
3 566
3 584
3 705
3 724
3 785
3 814
3 845
3 911
3 976
4 5
4 6
4 7
4 14
4 24
4 42
4 51
4 62
4 63
4 64
4 65
4 89
4 93
4 96
4 99
4 106
4 110
4 138
4 142
4 144
4 147
4 148
4 153
4 162
4 167
4 169
4 178
4 184
4 195
4 204
4 284
4 293
4 328
4 393
4 416
4 422
4 508
4 547
4 567
4 672
4 681
4 776
4 801
4 807
4 837
4 889
4 957
4 995
5 10
5 16
5 23
5 28
5 30
5 34
5 43
5 45
5 46
5 48
5 51
5 53
5 71
5 76
5 85
5 88
5 107
5 114
5 124
5 125
5 126
5 127
5 130
5 136
5 139
5 146
5 154
5 157
5 167
5 168
5 169
5 184
5 198
5 201
5 204
5 205
5 351
5 372
5 379
5 388
5 390
5 496
5 577
5 621
5 629
5 658
5 674
5 690
5 725
5 731
5 743
5 762
5 783
5 822
5 831
5 846
5 891
5 918
5 928
5 994
6 11
6 26
6 82
6 91
6 125
6 159
6 268
6 291
6 305
6 366
6 428
6 440
6 484
6 556
6 718
6 745
6 51
6 7
6 8
6 18
6 20
6 32
6 34
6 35
6 70
6 109
6 116
6 129
6 145
7 33
7 65
7 212
7 223
7 238
7 244
7 316
7 393
7 405
7 414
7 421
7 434
7 477
7 517
7 522
7 530
7 541
7 580
7 630
7 683
7 686
7 748
7 769
7 790
7 836
7 947
7 51
7 8
7 10
7 11
7 16
7 17
7 23
7 25
7 27
7 28
7 30
7 31
7 35
7 37
7 52
7 54
7 60
7 70
7 73
7 90
7 100
7 103
7 112
7 116
7 119
7 125
7 150
8 11
8 13
8 19
8 26
8 52
8 94
8 96
8 99
8 100
8 113
8 122
8 123
8 132
8 155
8 187
8 213
8 216
8 254
8 256
8 286
8 303
8 326
8 333
8 358
8 374
8 377
8 430
8 445
8 452
8 455
8 461
8 469
8 473
8 479
8 523
8 528
8 540
8 595
8 599
8 639
8 640
8 652
8 664
8 671
8 673
8 706
8 717
8 752
8 757
8 758
8 779
8 786
8 788
8 793
8 812
8 841
8 848
8 856
8 869
8 872
8 883
8 904
8 914
8 915
8 922
8 942
8 954
8 956
8 957
8 979
8 9
8 10
8 14
8 16
8 64
8 76
8 82
8 110
8 136
8 139
9 14
9 15
9 21
9 27
9 31
9 47
9 56
9 245
9 323
9 327
9 375
9 569
9 938
9 48
10 12
10 16
10 22
10 57
10 70
10 102
10 103
10 186
10 463
10 510
10 626
10 668
10 679
10 866
10 895
10 901
10 51
10 40
10 47
10 66
10 94
11 28
11 49
11 63
11 94
11 132
11 376
11 438
11 549
11 611
11 613
11 625
11 733
11 940
11 106
12 16
12 131
12 250
12 319
12 418
12 709
12 798
12 802
12 821
12 863
12 51
13 15
13 19
13 25
13 41
13 75
13 77
13 116
13 123
13 343
13 397
13 406
13 546
13 578
13 590
13 696
13 835
13 902
13 51
13 21
14 17
14 21
14 24
14 154
14 285
14 310
14 337
14 356
14 425
14 457
14 562
14 643
14 791
14 149
15 29
15 31
15 35
15 36
15 38
15 46
15 47
15 88
15 101
15 115
15 122
15 145
15 155
15 192
15 196
15 234
15 266
15 365
15 387
15 395
15 427
15 429
15 433
15 495
15 533
15 550
15 559
15 570
15 597
15 623
15 651
15 654
15 655
15 747
15 781
15 782
15 796
15 899
15 919
15 945
15 965
15 985
16 20
16 70
16 72
16 102
16 106
16 149
16 462
16 463
16 511
16 545
16 581
16 701
16 941
16 61
17 54
17 66
17 270
17 352
17 400
17 470
17 482
17 551
17 691
17 828
17 868
17 900
17 924
17 925
17 51
17 19
17 98
17 137
17 138
18 22
18 81
18 90
18 118
18 228
18 467
18 554
18 809
18 964
18 25
18 33
18 45
18 51
18 89
18 93
18 94
18 111
18 114
18 147
18 148
18 155
19 48
19 141
19 168
19 196
19 359
19 720
19 804
19 852
19 879
19 986
19 997
19 51
20 29
20 37
20 70
20 99
20 102
20 103
20 225
20 329
20 360
20 632
21 35
21 38
21 86
21 115
21 195
21 368
21 407
21 419
21 464
21 483
21 560
21 592
21 832
21 51
21 65
21 69
21 74
21 83
21 99
22 32
22 97
22 149
22 494
22 740
22 755
23 24
23 188
23 478
23 631
24 30
24 56
24 80
24 88
24 105
24 116
24 134
24 200
24 267
24 296
24 325
24 334
24 386
24 476
24 485
24 493
24 548
24 588
24 589
24 657
24 707
24 729
24 787
24 793
24 794
24 823
24 827
24 880
24 881
24 892
24 893
24 896
24 935
24 967
24 968
24 987
24 993
24 51
24 29
25 157
25 199
25 526
25 612
25 666
25 774
25 28
25 43
25 50
25 56
25 67
25 83
26 203
26 981
27 35
27 38
27 114
27 135
27 220
27 451
27 606
27 721
27 771
27 963
27 51
27 30
27 46
28 49
28 159
28 436
29 152
29 172
29 246
29 317
29 380
29 574
29 583
29 599
29 614
29 615
29 620
29 694
29 715
29 746
29 847
29 937
29 952
29 958
29 960
30 73
30 260
30 920
30 35
30 42
30 51
30 54
30 58
30 84
30 87
30 95
30 99
30 113
30 122
30 128
30 135
30 155
31 59
31 68
31 641
31 91
31 108
32 83
32 120
32 137
32 178
32 304
32 404
32 408
32 448
32 456
32 460
32 557
32 816
32 888
32 898
32 96
33 39
33 64
33 65
33 89
33 109
33 121
33 139
33 140
33 158
33 347
33 364
33 396
33 405
33 450
33 487
33 531
33 565
33 638
33 684
33 760
33 775
33 842
33 910
33 929
33 930
33 953
34 52
34 191
34 207
34 215
34 312
34 339
34 341
34 383
34 653
34 742
34 877
34 51
35 40
35 176
35 575
35 43
35 47
35 151
36 68
36 437
36 505
36 660
36 980
37 51
37 99
38 59
38 92
38 242
38 797
38 51
39 139
39 160
39 264
39 598
39 849
39 890
39 970
40 79
40 335
40 826
40 927
40 51
41 71
41 189
41 385
41 443
41 492
41 636
41 647
41 689
41 730
41 803
41 51
41 95
42 431
42 529
42 634
42 853
42 939
42 51
42 56
42 68
42 72
42 117
42 146
43 64
43 139
43 150
43 362
43 521
43 535
43 989
43 127
43 131
44 50
44 140
45 146
45 150
45 163
45 265
45 423
45 555
45 834
45 860
46 128
46 133
46 307
47 146
47 346
47 69
47 105
47 141
48 58
48 74
48 151
48 161
48 480
48 108
49 143
49 202
49 233
49 302
49 453
49 465
49 500
49 764
50 147
50 294
50 403
51 67
51 165
51 197
51 672
51 824
51 861
51 52
51 53
51 55
51 57
51 61
51 65
51 71
51 75
51 76
51 78
51 81
51 82
51 109
51 133
51 137
52 154
54 152
55 84
55 87
55 104
55 126
55 147
55 253
55 444
55 504
55 536
55 688
55 697
55 726
55 859
55 992
56 59
56 68
56 92
56 110
56 217
56 489
56 670
56 961
56 89
56 140
57 614
57 773
57 818
57 975
58 107
59 62
59 73
59 78
59 79
59 210
59 239
59 512
59 573
60 134
60 139
61 148
61 152
63 865
63 166
64 82
64 175
64 221
64 236
64 288
64 363
64 471
64 501
64 617
64 628
64 711
64 723
64 737
64 792
64 830
64 844
64 855
64 916
64 917
64 974
64 74
64 179
65 121
65 392
65 454
65 513
65 646
65 777
66 412
66 616
66 851
66 951
66 982
67 817
68 279
68 287
68 498
68 502
68 542
68 633
68 669
68 897
68 905
68 906
69 86
69 102
69 132
69 135
70 114
70 235
70 340
70 77
70 90
70 104
70 132
72 83
72 205
72 378
72 539
72 600
72 661
72 676
72 682
72 713
72 751
72 775
72 834
72 878
72 923
72 163
73 164
73 176
73 352
73 527
73 622
74 141
74 248
74 466
74 926
75 126
76 141
76 145
76 190
76 298
76 306
76 324
76 371
76 458
76 587
76 650
76 678
76 871
76 962
76 84
76 109
76 120
76 130
77 91
77 98
77 196
77 209
77 222
77 230
77 345
77 516
77 532
77 544
77 596
77 680
77 719
77 722
77 770
77 909
77 974
77 999
78 249
78 301
78 84
78 88
79 120
79 137
79 252
79 272
79 289
79 342
79 420
79 432
79 716
79 750
79 806
79 808
79 971
79 995
81 103
81 435
82 95
82 183
82 299
82 439
82 604
82 749
83 90
83 205
83 552
83 624
83 695
83 746
83 768
83 822
83 100
83 150
84 535
84 887
85 202
85 237
85 441
85 537
85 553
85 604
85 884
85 921
85 943
86 663
86 713
86 876
86 176
87 206
87 214
87 761
87 805
87 118
87 123
87 144
89 163
89 275
90 619
90 113
92 198
92 381
92 164
93 351
93 353
93 468
93 110
94 119
94 314
94 348
94 389
94 486
94 519
94 611
94 693
94 854
94 932
94 940
94 946
96 191
96 224
96 355
96 518
96 568
96 778
97 172
97 338
97 534
97 712
99 124
99 190
99 409
99 589
99 627
99 648
99 679
99 736
99 972
99 985
99 104
100 152
100 203
100 258
100 283
100 295
100 321
100 349
100 442
100 475
100 490
100 503
100 526
100 585
100 698
100 703
100 734
100 739
100 843
100 913
100 991
100 169
101 332
103 538
103 571
103 128
103 156
104 277
104 907
104 122
104 137
106 131
106 186
106 354
106 515
106 618
106 662
106 795
107 201
107 447
107 728
108 143
108 290
109 367
109 950
109 966
109 160
111 402
111 514
111 605
113 185
113 271
113 780
113 824
114 129
114 181
114 369
114 394
114 481
114 497
114 520
114 610
114 633
114 700
114 820
114 973
114 996
114 118
114 201
115 257
115 398
116 124
116 153
116 336
116 401
116 491
116 564
116 702
116 873
116 903
116 149
117 156
117 572
117 667
117 949
117 977
119 756
119 838
120 177
120 263
120 278
120 373
120 410
120 525
120 561
120 609
120 637
120 740
120 767
120 978
121 140
121 313
121 579
121 772
121 815
121 859
122 192
122 741
122 799
122 185
123 243
124 142
125 169
125 308
125 524
125 677
125 685
125 811
125 191
126 162
126 269
126 273
126 370
126 509
126 810
127 607
127 894
128 969
128 195
129 361
129 857
130 153
130 819
130 944
131 148
132 399
134 543
134 998
135 152
135 311
135 391
135 417
135 426
135 582
135 704
135 727
135 754
135 763
135 766
135 825
135 864
135 934
135 988
137 178
137 204
137 259
137 276
137 280
137 413
137 645
137 665
137 692
137 710
137 735
137 959
138 601
138 675
138 936
139 140
139 315
139 488
139 563
139 656
139 659
139 738
139 933
140 158
140 160
140 218
140 282
140 415
140 593
140 608
140 839
140 912
141 955
143 261
143 281
143 331
143 449
143 576
143 586
143 649
143 908
143 948
143 183
144 187
144 241
144 357
144 506
145 188
145 274
145 499
145 594
145 765
145 983
146 384
146 708
146 858
147 208
147 229
147 644
147 714
148 411
148 581
148 874
149 227
149 232
150 297
150 382
150 459
150 472
150 800
150 882
152 602
153 168
153 174
153 177
153 247
154 180
154 200
154 219
154 320
154 789
154 931
154 990
155 194
155 330
155 558
155 753
157 170
166 169
168 188
178 204
181 201
