0 1
0 2
0 3
0 5
0 6
0 8
0 10
0 11
0 12
0 13
0 15
0 18
0 20
0 23
0 25
0 27
0 29
0 30
0 32
0 46
0 47
0 50
0 52
0 53
0 55
0 56
0 60
0 61
0 65
0 68
0 72
0 74
0 77
0 80
0 86
0 95
0 105
0 112
0 115
0 116
0 120
0 121
0 142
0 147
0 148
0 150
0 151
0 168
0 169
0 170
0 171
0 173
0 181
0 185
0 187
0 195
0 196
0 198
0 237
0 257
0 270
0 297
0 310
0 332
0 359
0 372
0 377
0 385
0 419
0 433
0 448
0 461
0 489
0 514
0 521
0 533
0 572
0 577
0 615
0 639
0 648
0 672
0 675
0 699
0 706
0 711
0 720
0 751
0 753
0 754
0 788
0 797
0 799
0 817
0 823
0 842
0 860
0 864
0 870
0 892
0 899
0 930
0 932
0 954
0 973
0 978
0 981
1 2
1 3
1 5
1 7
1 11
1 15
1 20
1 25
1 34
1 45
1 50
1 65
1 66
1 67
1 70
1 73
1 74
1 80
1 83
1 89
1 92
1 95
1 107
1 113
1 118
1 120
1 124
1 125
1 129
1 139
1 144
1 152
1 172
1 177
1 181
1 185
1 186
1 194
1 199
1 201
1 215
1 225
1 230
1 260
1 279
1 339
1 340
1 361
1 407
1 408
1 437
1 490
1 528
1 543
1 581
1 582
1 627
1 647
1 668
1 691
1 707
1 764
1 883
1 914
1 924
1 959
2 3
2 4
2 6
2 7
2 10
2 11
2 16
2 18
2 19
2 20
2 45
2 46
2 51
2 53
2 60
2 61
2 63
2 65
2 68
2 70
2 71
2 72
2 75
2 77
2 78
2 80
2 84
2 86
2 87
2 89
2 96
2 100
2 106
2 109
2 112
2 115
2 118
2 124
2 127
2 128
2 131
2 132
2 150
2 154
2 158
2 160
2 168
2 169
2 171
2 172
2 178
2 180
2 184
2 188
2 202
2 232
2 236
2 258
2 284
2 296
2 334
2 386
2 416
2 421
2 427
2 468
2 483
2 492
2 530
2 534
2 664
2 676
2 700
2 715
2 729
2 761
2 786
2 793
2 811
2 831
2 897
2 935
3 5
3 6
3 8
3 9
3 10
3 16
3 18
3 24
3 31
3 51
3 59
3 61
3 63
3 67
3 69
3 78
3 82
3 83
3 86
3 98
3 99
3 101
3 106
3 108
3 109
3 114
3 118
3 119
3 128
3 131
3 133
3 143
3 147
3 153
3 155
3 163
3 165
3 168
3 173
3 186
3 187
3 188
3 194
3 200
3 221
3 275
3 286
3 314
3 336
3 343
3 480
3 497
3 551
3 554
3 562
3 602
3 642
3 666
3 694
3 737
3 769
3 826
3 901
3 907
3 926
3 966
3 982
4 76
4 146
4 196
4 93
4 6
4 15
4 21
4 45
4 69
4 104
4 118
5 12
5 21
5 56
5 91
5 517
5 748
5 808
5 852
5 93
5 8
5 19
5 22
6 30
6 103
6 107
6 126
6 214
6 223
6 295
6 474
6 643
6 693
6 778
6 794
6 93
6 10
6 22
6 33
6 36
6 54
6 55
6 83
6 96
6 140
7 14
7 42
7 43
7 50
7 93
7 109
7 124
7 148
7 171
7 192
7 211
7 317
7 337
7 439
7 464
7 598
7 601
7 603
7 660
7 678
7 714
7 763
7 777
7 866
7 986
8 17
8 29
8 161
8 182
8 367
8 645
8 93
8 16
8 62
8 116
8 135
8 140
9 319
9 327
9 673
10 20
10 22
10 26
10 32
10 35
10 58
10 145
10 174
10 290
10 571
10 617
10 663
10 93
10 23
10 64
10 86
11 21
11 90
11 201
11 212
11 440
11 685
11 93
11 14
11 18
11 28
11 66
12 13
12 17
12 123
12 821
13 16
13 17
13 24
13 28
13 33
13 46
13 54
13 84
13 128
13 153
13 163
13 206
13 245
13 281
13 333
13 373
13 375
13 404
13 409
13 426
13 444
13 477
13 478
13 487
13 496
13 524
13 553
13 590
13 618
13 640
13 731
13 734
13 770
13 841
13 868
13 881
13 882
13 901
13 915
13 931
13 934
13 960
13 976
13 990
13 995
13 997
14 23
14 30
14 31
14 38
14 43
14 55
14 76
14 89
14 93
14 105
14 107
14 122
14 149
14 162
14 166
14 188
14 189
14 191
14 197
14 199
14 200
14 203
14 213
14 218
14 241
14 272
14 298
14 307
14 398
14 531
14 539
14 594
14 613
14 633
14 647
14 667
14 688
14 697
14 727
14 740
14 744
14 749
14 752
14 835
14 838
14 879
14 902
14 906
14 909
14 912
14 964
14 970
14 971
14 15
14 25
14 27
14 48
14 61
14 92
14 131
15 81
15 116
15 446
15 494
15 498
15 574
15 628
15 885
15 93
15 23
15 28
15 29
15 54
15 71
15 88
15 100
15 138
16 33
16 36
16 40
16 44
16 59
16 113
16 227
16 570
16 634
16 665
16 742
16 849
16 888
16 918
16 980
17 21
17 25
17 39
17 41
17 54
17 90
17 182
17 185
17 190
17 242
17 266
17 357
17 595
17 895
17 953
17 93
17 31
17 32
18 36
18 54
18 123
18 128
18 379
18 669
18 905
18 24
18 43
19 35
19 180
19 415
19 632
19 146
19 151
20 26
20 32
20 35
20 37
20 65
20 100
20 154
20 160
20 202
20 253
20 274
20 322
20 638
20 829
20 886
20 921
20 941
20 975
20 93
20 40
21 104
21 170
21 201
21 301
21 413
21 515
21 538
21 540
21 631
21 859
21 923
21 122
21 190
22 341
22 29
22 82
22 115
22 132
22 159
22 160
23 62
23 207
23 246
23 358
23 360
23 552
23 652
23 712
23 856
23 862
23 991
24 41
24 44
24 48
24 54
24 79
24 99
24 102
24 120
24 142
25 28
25 40
25 44
25 52
25 67
25 74
25 91
25 130
25 136
25 138
25 163
25 193
25 278
25 311
25 381
25 465
25 542
25 589
25 599
25 635
25 641
25 686
25 724
25 772
25 781
25 804
25 810
25 889
25 900
25 922
25 934
25 994
25 997
25 93
25 27
25 70
25 89
25 120
25 150
26 61
26 82
26 102
26 135
26 140
26 544
26 576
26 625
26 783
26 824
26 847
26 93
26 39
27 698
27 41
27 90
27 118
27 135
27 136
28 329
28 893
28 93
28 31
28 43
28 56
28 69
28 80
28 148
29 47
29 65
29 92
29 97
30 57
30 64
30 103
30 178
30 191
30 197
30 216
30 285
30 291
30 356
30 453
30 555
30 687
30 736
30 739
30 871
30 916
30 948
30 985
30 999
31 142
31 637
31 37
31 77
31 82
32 35
32 56
32 60
32 62
32 195
32 500
32 661
32 765
33 94
33 130
33 566
33 738
34 55
34 97
34 105
34 175
34 265
34 300
34 346
34 365
34 368
34 378
34 400
34 414
34 425
34 443
34 463
34 491
34 503
34 557
34 607
34 686
34 917
34 949
34 952
34 969
34 170
35 49
35 58
35 154
35 160
35 387
35 644
35 176
35 180
35 202
36 91
36 119
36 238
36 259
36 331
36 385
36 390
36 423
36 656
36 696
36 703
36 728
36 796
36 809
36 816
36 834
36 839
36 943
36 955
36 201
37 63
38 151
38 469
39 93
39 87
39 95
39 137
40 44
40 488
40 962
40 49
40 50
40 59
40 79
40 152
41 94
41 819
41 992
41 77
42 156
43 162
43 459
43 596
43 996
43 58
44 48
44 183
44 348
44 458
44 547
44 103
45 88
45 745
45 801
45 105
46 48
46 66
46 92
46 113
46 131
46 325
47 156
47 93
48 57
48 313
48 362
48 536
48 776
48 784
48 890
48 61
48 80
48 97
48 109
48 116
48 196
49 269
50 69
50 70
50 116
50 125
50 149
50 151
50 166
50 364
50 366
50 457
50 579
50 695
50 750
50 771
50 822
50 836
50 894
51 93
51 94
52 64
52 79
52 276
52 395
52 412
52 434
52 609
52 629
52 650
52 679
52 718
52 827
53 117
53 518
53 556
53 573
53 702
53 782
53 800
53 863
53 928
54 145
54 176
54 202
54 233
54 268
54 321
54 481
54 495
54 511
54 520
54 592
54 683
54 701
54 704
54 799
54 961
54 977
54 987
54 998
54 143
54 154
55 79
55 432
55 452
55 708
55 717
55 113
55 119
55 189
56 68
56 96
56 104
56 134
56 140
56 208
56 240
56 249
56 355
56 401
56 410
56 411
56 418
56 429
56 435
56 470
56 527
56 563
56 593
56 692
56 818
56 939
56 940
56 62
57 88
57 280
57 308
57 766
57 775
57 785
57 875
57 891
58 186
58 339
58 411
58 892
58 93
59 130
59 220
59 302
59 93
59 66
59 67
59 70
59 75
59 107
59 141
60 791
60 896
61 78
61 111
61 145
61 198
61 271
61 363
61 380
61 428
61 456
61 746
61 767
61 938
61 984
62 97
62 112
62 370
62 622
62 806
62 993
62 71
62 124
62 188
63 382
63 513
63 569
63 580
63 612
63 620
63 911
64 77
64 229
64 430
64 741
64 93
64 84
65 176
65 306
65 460
65 504
65 537
65 947
65 988
65 95
65 112
66 113
66 812
66 76
66 100
66 142
67 72
67 158
67 172
67 255
67 292
67 352
67 402
67 466
67 471
67 493
67 561
67 583
67 619
67 761
67 802
67 803
67 813
67 833
67 837
67 843
67 851
67 857
67 920
67 979
67 989
67 93
68 450
68 93
69 417
70 112
70 192
70 369
70 597
70 654
70 705
70 723
70 743
70 779
70 855
70 866
70 887
70 933
71 205
71 77
71 80
71 94
71 121
71 150
71 192
72 76
72 126
72 132
72 244
72 289
72 399
72 436
72 472
72 475
72 600
72 874
72 967
72 93
74 99
74 101
74 328
74 455
74 532
74 558
74 658
74 780
75 389
75 651
75 93
75 124
75 134
76 146
76 226
76 324
76 499
76 587
76 967
76 974
77 87
77 129
77 132
77 310
77 323
77 447
77 614
77 755
77 861
77 913
77 968
77 93
77 152
78 82
78 174
78 392
78 505
79 85
79 94
79 263
79 287
79 338
79 406
79 535
79 621
79 684
79 751
79 858
79 93
79 104
79 107
79 117
80 100
80 93
80 119
80 134
81 141
81 150
81 157
81 171
81 228
81 267
81 509
81 773
81 854
81 156
82 95
82 100
83 93
83 110
84 588
85 93
86 210
86 108
86 121
86 133
87 110
87 568
87 904
87 134
88 807
89 126
89 578
90 137
90 155
90 256
90 303
90 347
90 454
90 484
90 510
90 792
90 168
91 231
91 288
91 790
91 798
91 846
92 138
92 586
93 178
93 184
93 247
93 252
93 261
93 342
93 396
93 445
93 462
93 591
93 616
93 624
93 659
93 670
93 682
93 684
93 721
93 795
93 805
93 845
93 850
93 929
93 944
93 963
93 97
93 99
93 110
93 114
93 127
93 141
93 148
94 565
94 611
94 623
94 840
94 869
95 127
95 156
95 162
95 165
95 179
95 184
95 189
95 195
95 204
95 316
95 442
95 476
95 512
95 526
95 550
95 604
95 636
95 689
95 758
95 865
96 128
97 199
97 559
97 903
97 946
97 203
98 117
98 522
98 560
98 605
98 606
98 608
100 135
100 722
102 132
104 243
104 251
104 273
104 293
104 315
104 403
104 405
104 549
104 626
104 645
104 655
104 731
104 733
104 756
104 848
104 925
104 927
104 951
104 120
104 130
104 149
105 473
105 485
105 502
105 506
105 830
106 140
106 142
106 154
106 158
106 174
106 234
106 277
106 374
106 388
106 393
106 429
106 431
106 438
106 451
106 508
106 600
106 671
106 725
106 820
106 910
106 957
107 126
107 132
107 305
107 719
107 857
107 867
108 282
109 184
110 158
111 174
111 877
112 713
112 759
112 825
112 873
113 136
113 441
113 726
114 167
115 235
115 482
115 501
115 844
116 219
116 283
116 479
116 937
116 950
116 956
117 516
117 646
117 677
117 185
118 250
118 541
118 567
119 353
119 583
119 584
119 146
120 384
120 398
120 523
120 630
120 690
120 878
123 217
123 299
123 575
123 757
123 832
123 908
123 919
125 164
125 695
126 657
127 159
127 239
127 248
127 264
127 304
127 312
127 326
127 335
127 354
127 371
127 394
127 486
127 507
127 519
127 548
127 649
127 688
127 709
127 710
127 730
127 735
127 747
127 768
127 787
127 814
127 876
127 898
127 958
127 965
128 391
128 420
129 224
129 330
129 422
129 424
129 732
129 760
129 774
129 880
129 972
130 138
130 222
130 350
130 383
130 680
130 762
130 853
130 137
131 209
131 309
131 564
131 610
131 673
131 815
131 872
131 903
131 945
131 133
131 169
132 674
133 983
134 294
134 320
134 525
134 546
134 828
135 529
135 936
135 942
136 349
136 139
138 254
138 561
138 716
139 190
141 858
142 262
143 345
145 180
145 376
145 437
145 545
145 653
145 789
146 351
146 397
146 467
146 585
149 344
150 318
150 681
151 449
151 662
151 745
151 884
161 187
165 179
171 173
