0 1
0 2
0 3
0 4
0 7
0 8
0 10
0 14
0 16
0 21
0 30
0 46
0 51
0 53
0 61
0 70
0 75
0 83
0 85
0 88
0 100
0 101
0 103
0 107
0 108
0 112
0 123
0 127
0 129
0 133
0 134
0 139
0 140
0 144
0 150
0 152
0 153
0 160
0 161
0 167
0 177
0 180
0 186
0 187
0 190
0 196
0 286
0 317
0 344
0 404
0 443
0 465
0 469
0 473
0 518
0 590
0 614
0 620
0 621
0 666
0 676
0 737
0 742
0 783
0 895
0 906
0 921
0 927
1 2
1 3
1 4
1 6
1 11
1 18
1 26
1 31
1 53
1 58
1 77
1 78
1 88
1 91
1 97
1 115
1 140
1 141
1 159
1 169
1 202
1 264
1 366
1 534
1 781
1 970
2 3
2 4
2 5
2 7
2 8
2 12
2 13
2 14
2 20
2 24
2 29
2 31
2 39
2 47
2 48
2 49
2 52
2 53
2 54
2 58
2 60
2 63
2 65
2 66
2 75
2 77
2 81
2 92
2 97
2 99
2 102
2 103
2 107
2 113
2 124
2 125
2 132
2 136
2 137
2 138
2 140
2 144
2 147
2 152
2 153
2 161
2 168
2 171
2 172
2 177
2 178
2 191
2 201
2 205
2 219
2 240
2 274
2 321
2 343
2 367
2 409
2 413
2 460
2 482
2 545
2 559
2 582
2 591
2 601
2 608
2 663
2 680
2 719
2 740
2 772
2 775
2 885
3 4
3 7
3 9
3 10
3 13
3 15
3 28
3 29
3 34
3 44
3 48
3 50
3 56
3 58
3 72
3 73
3 78
3 79
3 80
3 81
3 87
3 97
3 98
3 110
3 113
3 115
3 119
3 123
3 129
3 135
3 143
3 154
3 157
3 159
3 170
3 172
3 177
3 182
3 184
3 197
3 204
3 281
3 289
3 306
3 333
3 352
3 379
3 389
3 392
3 412
3 430
3 431
3 471
3 479
3 515
3 563
3 649
3 681
3 683
3 687
3 688
3 730
3 734
3 773
3 788
3 828
3 867
3 870
3 882
3 942
4 6
4 21
4 27
4 30
4 42
4 43
4 56
4 64
4 71
4 73
4 76
4 84
4 91
4 95
4 103
4 114
4 132
4 133
4 136
4 141
4 144
4 145
4 152
4 153
4 158
4 170
4 176
4 181
4 182
4 194
4 218
4 236
4 252
4 280
4 315
4 347
4 362
4 371
4 396
4 438
4 453
4 497
4 514
4 548
4 554
4 578
4 589
4 599
4 615
4 616
4 702
4 761
4 762
4 787
4 794
4 809
4 898
4 922
4 998
5 6
5 19
5 20
5 22
5 33
5 39
5 41
5 43
5 66
5 74
5 152
5 176
5 194
5 611
5 693
5 715
5 813
5 816
5 936
5 985
5 79
5 8
5 9
5 11
5 16
5 25
5 26
5 31
5 37
5 42
5 58
5 59
5 63
5 84
5 86
5 97
5 143
6 19
6 23
6 68
6 623
6 685
6 777
7 8
7 21
7 26
7 86
7 94
7 253
7 446
7 498
7 564
7 748
7 836
7 933
7 963
7 79
7 10
7 12
7 19
7 23
7 30
7 37
7 38
7 39
7 47
7 56
7 57
7 95
7 104
7 115
7 120
7 148
8 42
8 98
8 143
8 213
8 695
8 14
8 153
9 14
9 28
9 45
9 116
9 187
9 22
9 57
10 25
10 37
10 46
10 47
10 57
10 186
10 200
10 209
10 210
10 216
10 245
10 251
10 259
10 262
10 265
10 284
10 295
10 298
10 312
10 323
10 359
10 391
10 418
10 435
10 440
10 450
10 455
10 491
10 495
10 513
10 522
10 572
10 594
10 610
10 640
10 652
10 665
10 669
10 697
10 726
10 731
10 749
10 776
10 786
10 803
10 821
10 830
10 840
10 851
10 888
10 905
10 938
10 947
10 953
10 965
10 968
10 990
10 995
10 11
10 15
10 16
10 23
10 24
10 27
10 30
10 32
10 56
10 61
10 66
10 67
10 127
10 171
10 182
11 18
11 24
11 38
11 224
11 272
11 612
11 645
11 673
11 771
11 792
11 827
11 910
11 934
11 986
11 996
11 25
11 34
11 76
11 106
12 17
12 38
12 142
12 511
12 638
12 705
12 79
12 22
12 44
12 75
12 132
13 17
13 754
13 944
13 79
13 53
14 28
14 31
14 59
14 66
14 125
14 126
14 237
14 568
14 855
14 863
14 899
14 102
15 28
15 45
15 130
15 248
15 329
15 436
15 593
15 636
15 667
15 805
15 831
15 24
15 159
16 35
16 40
16 60
16 385
16 588
16 602
16 874
16 877
16 17
16 19
16 22
16 28
16 108
17 939
17 28
17 29
17 43
17 67
17 72
17 90
17 109
18 27
18 32
18 36
18 37
18 58
18 75
18 122
18 189
18 227
18 257
18 260
18 262
18 283
18 322
18 342
18 560
18 592
18 727
18 736
18 751
18 808
18 952
18 961
18 992
19 23
19 65
19 115
20 876
20 911
21 25
21 26
21 48
21 62
21 72
21 76
21 93
21 109
21 119
21 134
21 168
21 188
21 196
21 203
21 273
21 290
21 294
21 309
21 316
21 354
21 382
21 390
21 397
21 400
21 403
21 432
21 437
21 439
21 447
21 461
21 512
21 550
21 581
21 606
21 630
21 646
21 647
21 661
21 664
21 686
21 734
21 779
21 798
21 826
21 828
21 829
21 841
21 843
21 847
21 856
21 868
21 880
21 900
21 931
21 932
21 935
21 947
21 951
21 962
21 989
22 70
23 33
23 151
23 267
23 489
23 36
23 46
23 55
23 60
23 69
23 80
23 117
23 122
23 133
23 135
24 36
24 120
24 157
24 189
24 235
24 268
24 477
24 517
24 540
24 555
24 603
24 700
24 724
24 999
24 25
24 54
24 100
24 106
25 70
25 288
25 462
25 543
25 712
25 770
25 905
25 920
25 51
25 61
25 92
25 99
26 185
26 214
26 277
26 629
26 641
26 811
26 79
26 45
26 112
27 50
27 81
27 138
27 279
27 349
27 980
27 73
28 35
28 52
28 64
28 106
28 220
28 276
28 310
28 386
28 427
28 487
28 519
28 785
28 62
29 30
29 32
29 51
29 57
29 67
29 459
29 684
29 797
29 969
29 972
30 50
30 51
30 67
30 111
30 223
30 527
30 528
30 598
30 914
30 33
30 37
30 45
30 71
30 85
30 98
30 100
31 40
31 54
31 127
31 148
31 304
31 445
31 659
31 138
32 103
32 172
32 173
32 497
32 755
32 869
32 918
32 127
33 39
33 68
33 124
34 47
35 54
35 301
35 341
35 429
35 472
35 524
35 780
35 79
35 38
35 42
35 72
36 51
36 121
36 124
36 195
36 270
36 516
36 618
36 642
36 701
36 741
36 887
37 392
37 703
37 44
37 66
37 71
37 76
37 96
37 149
38 57
38 111
38 158
38 183
38 471
38 504
38 546
38 556
38 671
38 718
38 790
38 879
38 893
38 894
38 948
38 987
38 134
39 43
39 65
39 414
39 475
42 80
42 94
42 119
42 162
42 346
42 348
42 704
42 750
42 862
42 866
43 76
43 243
43 336
43 361
43 428
43 824
44 69
44 117
44 137
44 191
44 197
44 318
44 566
44 983
44 993
44 116
44 118
44 146
45 77
45 125
45 201
45 375
45 49
45 55
45 59
45 95
45 109
46 70
46 493
46 494
46 698
46 834
46 930
47 48
47 63
47 131
47 254
47 261
47 282
47 303
47 309
47 372
47 378
47 406
47 433
47 441
47 457
47 575
47 604
47 656
47 768
47 774
47 791
47 835
47 890
48 59
48 68
48 90
48 94
48 109
48 121
48 135
48 146
48 149
48 188
48 200
48 231
48 232
48 233
48 296
48 410
48 415
48 416
48 422
48 423
48 466
48 509
48 521
48 558
48 617
48 639
48 644
48 653
48 654
48 662
48 675
48 717
48 760
48 803
48 871
48 886
48 902
48 907
48 954
48 977
49 71
49 110
49 179
49 305
49 970
49 52
49 55
49 87
49 150
50 55
50 104
50 110
50 138
50 165
50 189
50 219
50 292
50 340
50 534
50 672
50 673
50 784
50 166
51 96
51 166
51 174
51 190
51 211
51 650
51 678
51 746
51 759
51 67
51 81
51 89
51 151
52 60
52 83
52 100
52 192
52 202
52 383
52 393
52 411
52 419
52 576
52 577
52 579
52 670
52 765
52 850
52 901
52 70
52 133
52 141
53 61
53 114
53 139
53 156
53 249
53 454
53 651
53 758
53 988
54 126
54 207
54 634
54 739
54 899
55 402
55 573
55 60
55 116
56 82
57 173
57 215
57 322
57 332
58 67
58 105
58 140
58 175
58 244
58 376
58 468
58 587
58 764
58 782
58 117
59 121
59 150
59 184
59 533
59 860
59 956
59 997
59 152
59 178
60 82
60 95
60 118
60 532
60 583
60 696
60 763
60 823
60 941
60 955
60 982
60 101
60 111
61 857
61 168
62 94
62 139
62 239
62 718
62 148
63 499
63 916
64 106
64 484
64 503
64 506
64 658
64 732
64 814
65 345
65 486
65 553
66 74
66 88
66 100
66 125
66 126
66 130
66 145
66 148
66 151
66 159
66 208
66 222
66 229
66 230
66 258
66 302
66 306
66 330
66 365
66 393
66 394
66 395
66 398
66 399
66 405
66 407
66 420
66 448
66 449
66 474
66 483
66 530
66 535
66 538
66 544
66 584
66 597
66 605
66 627
66 628
66 631
66 633
66 655
66 674
66 699
66 708
66 722
66 789
66 795
66 796
66 801
66 804
66 865
66 875
66 878
66 881
66 903
66 911
66 913
66 924
66 994
67 335
67 401
67 937
67 971
67 83
67 91
67 190
68 98
68 108
68 255
68 682
68 973
69 470
70 72
70 89
70 112
70 167
70 307
70 324
70 368
70 388
70 461
70 892
70 80
71 221
71 668
71 891
71 73
71 104
72 118
72 256
72 358
72 617
72 707
72 975
72 79
73 120
73 137
74 799
75 806
76 80
76 128
76 275
76 408
76 480
76 580
76 660
76 706
76 853
77 85
77 90
77 112
77 134
77 197
77 217
77 308
77 311
77 319
77 334
77 424
77 526
77 859
77 925
78 115
78 426
78 945
78 194
79 212
79 444
79 541
79 552
79 624
79 753
79 757
79 807
79 926
79 960
79 83
79 98
80 549
80 979
80 128
80 140
81 842
81 873
81 952
82 210
82 328
82 692
82 144
82 188
83 507
85 625
86 131
87 313
87 377
87 525
87 529
87 557
87 756
87 815
87 923
88 105
88 145
88 147
88 148
88 165
88 228
88 326
88 711
88 728
88 793
88 909
88 966
89 434
89 569
89 802
89 844
89 964
89 135
90 136
90 226
90 327
90 709
90 744
90 858
90 940
92 508
92 957
93 109
93 297
93 458
93 769
94 156
94 241
94 373
94 679
94 710
94 929
94 199
95 291
95 197
96 131
96 155
96 496
96 547
96 585
96 609
96 976
96 981
96 174
97 767
97 180
98 102
98 198
98 637
98 723
98 745
98 845
98 119
98 125
99 271
100 101
100 278
100 369
100 476
100 492
100 570
100 586
100 103
100 122
101 114
101 164
101 567
102 139
102 178
102 838
102 991
103 204
103 510
103 969
104 149
105 173
105 204
106 161
106 202
107 149
107 193
107 380
108 114
109 193
109 246
109 978
109 984
109 111
110 190
110 269
110 293
110 338
110 353
110 503
110 561
110 602
110 619
110 622
110 720
110 725
110 738
110 747
110 751
110 752
110 812
110 825
110 832
110 846
110 852
110 884
110 919
112 463
113 250
113 370
113 849
114 128
114 168
114 180
114 199
114 258
114 331
114 442
114 475
114 485
114 565
114 574
114 635
114 721
114 733
114 818
114 848
114 872
114 896
115 285
115 837
116 677
117 191
118 387
118 657
119 183
119 967
121 908
123 149
123 169
123 247
123 266
123 325
123 355
123 425
123 494
123 501
123 502
123 817
123 883
123 889
123 167
124 542
124 158
124 165
125 179
125 201
125 238
125 600
125 915
126 350
126 946
128 263
128 357
129 800
130 198
130 356
130 384
130 421
130 456
130 523
130 648
130 820
130 179
131 364
131 626
131 917
131 940
131 943
131 950
131 153
131 186
132 163
132 451
132 452
133 691
133 904
135 339
135 596
135 897
136 287
136 500
136 643
137 381
137 488
137 607
137 714
137 161
138 158
138 225
138 713
138 974
139 154
139 422
139 481
139 562
139 613
139 689
139 766
139 819
139 854
140 235
140 478
140 531
140 536
141 572
143 162
143 314
143 374
143 417
143 537
143 743
143 833
143 203
144 188
144 242
144 299
144 360
144 380
144 464
144 490
144 551
144 632
144 822
145 959
146 155
147 179
147 300
147 467
147 505
147 539
147 716
147 864
148 722
148 912
149 740
150 160
150 234
150 320
150 330
150 337
150 363
150 375
150 690
150 735
150 861
150 928
151 206
152 311
152 351
152 520
152 571
152 595
152 694
152 729
152 778
152 801
152 810
152 839
152 958
153 949
164 176
165 166
