0 1
0 2
0 3
0 4
0 5
0 6
0 15
0 22
0 24
0 27
0 33
0 42
0 44
0 46
0 50
0 56
0 59
0 76
0 88
0 100
0 102
0 118
0 119
0 121
0 124
0 128
0 132
0 135
0 159
0 172
0 177
0 185
0 191
0 199
0 261
0 301
0 349
0 386
0 427
0 482
0 520
0 592
0 664
0 784
0 858
0 928
0 950
0 972
0 995
1 2
1 3
1 4
1 5
1 7
1 12
1 20
1 21
1 23
1 30
1 34
1 37
1 39
1 41
1 46
1 49
1 52
1 57
1 60
1 64
1 66
1 70
1 71
1 80
1 87
1 88
1 93
1 98
1 104
1 106
1 110
1 111
1 125
1 130
1 134
1 146
1 149
1 155
1 156
1 162
1 173
1 178
1 206
1 333
1 367
1 434
1 534
1 551
1 929
2 3
2 4
2 5
2 6
2 10
2 11
2 17
2 22
2 25
2 28
2 40
2 46
2 48
2 54
2 56
2 58
2 61
2 63
2 64
2 74
2 80
2 84
2 85
2 86
2 90
2 92
2 98
2 104
2 108
2 109
2 112
2 113
2 117
2 118
2 122
2 126
2 134
2 143
2 145
2 146
2 153
2 165
2 175
2 177
2 188
2 191
2 198
2 200
2 201
2 207
2 262
2 278
2 285
2 341
2 346
2 360
2 384
2 389
2 405
2 448
2 463
2 466
2 546
2 594
2 612
2 623
2 627
2 628
2 667
2 702
2 747
2 764
2 785
2 827
2 831
2 852
2 863
2 865
2 871
2 873
2 967
2 984
2 999
3 4
3 5
3 12
3 15
3 19
3 25
3 30
3 32
3 34
3 37
3 38
3 44
3 60
3 65
3 74
3 83
3 89
3 90
3 101
3 106
3 115
3 121
3 128
3 133
3 137
3 139
3 151
3 155
3 173
3 175
3 183
3 281
3 286
3 345
3 395
3 453
3 495
3 665
3 750
3 782
3 801
3 848
3 872
3 882
3 930
3 943
3 965
3 984
3 992
4 5
4 6
4 10
4 18
4 25
4 33
4 36
4 48
4 53
4 64
4 65
4 69
4 82
4 84
4 100
4 106
4 123
4 126
4 127
4 146
4 176
4 182
4 185
4 190
4 192
4 212
4 252
4 317
4 352
4 371
4 450
4 510
4 569
4 581
4 622
4 645
4 717
4 762
4 778
4 816
4 840
4 954
4 973
5 6
5 7
5 8
5 21
5 36
5 51
5 52
5 53
5 72
5 97
5 99
5 114
5 139
5 140
5 141
5 159
5 162
5 163
5 167
5 169
5 174
5 187
5 189
5 191
5 195
5 198
5 200
5 354
5 417
5 498
5 542
5 654
5 754
5 783
5 812
5 980
5 987
6 9
6 13
6 17
6 18
6 19
6 20
6 24
6 29
6 42
6 47
6 68
6 90
6 91
6 120
6 151
6 154
6 181
6 250
6 260
6 271
6 284
6 326
6 406
6 415
6 446
6 459
6 462
6 476
6 512
6 555
6 586
6 589
6 633
6 653
6 684
6 740
6 760
6 774
6 821
6 824
6 870
6 885
6 915
6 916
6 925
6 926
6 966
6 971
7 8
7 21
7 38
7 63
7 136
7 190
7 193
7 368
7 376
7 898
7 22
7 154
7 12
7 16
7 18
7 20
7 34
7 48
7 60
7 124
8 14
8 28
8 29
8 53
8 69
8 96
8 98
8 107
8 110
8 183
8 201
8 204
8 209
8 215
8 235
8 240
8 254
8 268
8 313
8 362
8 369
8 425
8 522
8 574
8 575
8 576
8 643
8 663
8 679
8 681
8 702
8 705
8 726
8 769
8 771
8 835
8 857
8 905
8 909
8 923
8 932
8 940
8 974
8 22
8 16
8 23
8 70
8 73
8 111
8 155
8 157
9 13
9 291
9 302
9 703
9 22
9 14
9 68
9 110
9 134
10 13
10 109
10 148
10 205
10 300
10 505
10 550
10 679
10 685
10 911
10 985
10 22
11 25
11 26
11 32
11 73
11 129
11 179
11 334
11 375
11 414
11 487
11 554
11 570
11 646
11 648
11 804
11 805
11 822
11 154
11 17
11 31
11 65
11 76
11 105
12 15
12 16
12 31
12 35
12 66
12 75
12 258
12 298
12 332
12 411
12 437
12 481
12 776
12 23
12 36
12 152
13 23
13 36
13 42
13 124
13 128
13 203
13 404
13 638
13 668
13 763
14 47
14 970
14 22
14 15
14 26
14 29
14 32
14 37
14 61
14 72
14 87
14 103
14 107
15 16
15 22
15 49
15 50
15 119
15 127
15 228
15 323
15 400
15 472
15 483
15 484
15 562
15 564
15 579
15 613
15 841
15 862
15 902
15 42
15 63
15 101
15 135
16 22
16 79
16 92
16 123
16 264
16 465
16 529
16 674
16 699
16 877
16 878
16 17
16 19
16 42
16 45
16 49
16 85
16 112
16 119
17 23
17 29
17 47
17 82
17 116
17 131
17 152
17 180
17 181
17 194
17 195
17 231
17 241
17 295
17 305
17 407
17 419
17 420
17 473
17 547
17 614
17 631
17 700
17 744
17 745
17 766
17 773
17 780
17 88
18 19
18 143
18 154
18 221
18 632
18 669
18 945
18 28
18 40
18 111
19 20
19 244
19 435
19 491
19 617
19 205
20 55
20 239
20 266
20 294
20 315
20 413
20 455
20 471
20 585
20 662
20 809
20 24
20 32
20 49
20 99
20 111
20 115
20 140
21 157
21 597
21 666
22 31
22 35
22 67
22 77
22 86
22 102
22 123
22 156
22 157
22 166
22 185
22 187
22 234
22 259
22 273
22 287
22 314
22 374
22 409
22 424
22 439
22 461
22 499
22 514
22 539
22 560
22 621
22 670
22 683
22 692
22 741
22 792
22 797
22 847
22 924
22 154
22 24
22 45
22 46
22 47
22 50
22 53
22 55
22 56
22 73
22 83
22 109
22 118
22 131
22 135
23 194
23 600
23 938
23 25
23 28
23 33
23 100
23 132
23 146
24 43
24 62
24 63
24 85
24 88
24 89
24 166
24 173
24 184
24 204
24 222
24 224
24 233
24 279
24 309
24 393
24 412
24 448
24 477
24 478
24 513
24 561
24 595
24 618
24 661
24 675
24 711
24 728
24 855
24 26
25 45
25 97
25 119
25 604
25 795
25 844
25 988
25 66
25 89
25 98
25 107
26 32
26 335
26 438
26 619
26 75
26 78
26 90
26 94
26 99
27 57
27 257
27 826
28 186
28 406
28 781
28 879
28 904
29 168
29 640
29 57
29 126
30 81
30 134
30 164
30 170
30 391
31 33
31 78
31 861
31 901
31 47
31 48
32 129
32 283
32 537
32 775
32 982
32 68
32 167
33 41
33 67
33 70
33 78
33 79
33 95
33 102
33 236
33 237
33 253
33 290
33 321
33 370
33 387
33 418
33 486
33 497
33 530
33 556
33 573
33 578
33 579
33 607
33 629
33 671
33 751
33 810
33 852
33 920
33 933
33 942
33 154
34 518
34 87
35 75
35 196
35 358
35 359
35 818
36 225
36 299
36 319
36 372
36 434
36 647
36 676
36 45
37 40
37 45
37 48
37 73
37 94
37 114
37 126
37 179
37 242
37 276
37 277
37 289
37 344
37 388
37 416
37 436
37 442
37 475
37 507
37 508
37 511
37 524
37 611
37 651
37 688
37 701
37 757
37 825
37 991
38 76
38 263
39 61
39 156
39 199
39 331
39 355
39 834
39 154
40 97
40 114
40 385
40 735
40 875
40 41
40 51
40 74
40 84
40 102
41 217
41 350
42 54
42 57
42 58
42 706
42 921
42 53
43 133
43 146
43 233
43 243
43 348
43 383
43 485
43 527
43 541
43 577
43 592
43 616
43 677
43 730
43 789
43 859
43 903
43 914
44 45
44 54
44 85
44 95
44 97
44 99
44 103
44 104
44 308
44 316
44 322
44 366
44 500
44 523
44 533
44 540
44 557
44 566
44 605
44 652
44 660
44 708
44 805
44 808
44 836
44 837
44 869
44 884
44 951
44 977
44 997
45 94
45 106
45 130
46 81
46 109
46 131
46 312
46 397
46 565
46 624
46 715
46 946
46 65
47 582
47 767
47 107
47 137
47 143
48 62
48 63
48 77
48 79
48 117
48 130
48 190
48 202
48 255
48 392
48 468
48 496
48 543
48 553
48 572
48 580
48 599
48 642
48 680
48 722
48 758
48 768
48 770
48 796
48 799
48 866
48 895
48 956
48 958
48 960
48 979
48 983
48 154
48 50
48 96
48 145
49 493
50 51
50 78
50 275
50 330
50 421
50 431
50 83
50 145
51 78
51 125
51 601
51 698
51 138
52 172
53 169
53 154
53 57
53 62
53 69
53 73
53 74
53 112
53 122
53 133
53 181
54 60
54 75
54 83
54 220
54 230
54 248
54 402
54 430
54 445
54 451
54 724
54 889
55 119
56 794
56 100
56 149
57 91
57 203
57 341
57 364
57 716
58 101
58 103
58 854
59 814
60 141
60 155
60 198
60 104
61 584
61 732
61 989
63 74
63 111
63 136
63 160
63 183
63 187
63 205
63 320
63 480
63 526
63 590
63 609
63 644
63 721
63 723
63 734
63 742
63 752
63 802
63 867
63 975
64 204
64 535
64 571
64 753
64 806
64 823
65 567
66 71
66 108
66 144
66 153
66 307
66 521
66 568
66 850
66 70
67 99
67 489
67 922
68 81
68 82
68 90
68 91
68 99
68 106
68 117
68 125
69 81
69 82
69 161
69 167
69 170
69 175
69 207
69 270
69 280
69 357
69 443
69 470
69 519
69 639
69 691
69 864
69 890
69 894
69 949
69 968
69 71
70 587
70 964
70 154
71 324
72 169
72 286
73 137
73 142
73 318
73 457
73 626
73 725
73 743
73 800
73 829
73 899
73 917
73 113
73 179
74 150
74 226
74 398
74 82
74 102
75 92
75 610
75 811
75 133
75 155
76 339
76 100
76 115
76 187
77 525
77 709
78 192
78 303
78 517
78 602
78 637
78 948
78 154
79 87
79 138
79 148
79 159
79 274
79 328
79 548
79 659
79 738
79 807
79 832
79 845
79 897
79 953
79 978
79 986
79 189
80 329
80 337
80 654
80 154
80 85
80 92
81 168
81 211
81 394
81 420
81 558
81 690
81 853
81 881
81 194
82 100
82 340
82 492
82 739
82 936
82 959
82 147
83 105
83 154
83 229
83 296
83 306
83 343
83 351
83 379
83 380
83 401
83 433
83 449
83 452
83 464
83 531
83 549
83 603
83 658
83 682
83 686
83 689
83 707
83 713
83 720
83 756
83 761
83 820
83 828
83 830
83 846
83 849
83 913
83 990
84 144
84 532
85 210
85 213
85 279
85 454
85 650
85 736
86 158
86 630
86 641
86 935
86 996
86 154
87 251
87 981
88 441
89 856
90 112
90 152
90 165
90 189
90 195
90 197
90 208
90 219
90 292
90 336
90 338
90 424
90 479
90 606
90 624
90 634
90 649
90 704
90 718
90 719
90 733
90 813
90 842
90 880
90 888
90 893
90 910
90 912
90 931
90 941
90 947
90 953
90 957
90 962
90 998
90 183
90 202
91 494
91 635
91 749
91 919
91 92
92 377
92 504
92 131
93 381
94 137
94 174
94 552
95 382
95 673
95 174
95 176
96 265
96 403
96 440
96 906
96 170
97 135
97 140
97 179
97 311
97 515
97 544
97 656
97 727
97 777
97 900
97 963
98 876
98 165
98 197
99 142
99 176
99 488
99 570
99 596
99 731
99 737
99 817
99 886
99 955
99 139
99 151
100 168
100 172
100 189
100 247
100 474
100 710
100 755
100 780
100 793
100 803
100 892
100 164
101 598
101 130
101 143
102 125
102 145
102 687
102 838
102 937
102 996
102 126
103 105
103 249
103 310
103 401
103 422
103 503
103 134
104 655
104 657
104 694
105 410
106 348
107 426
107 779
107 147
108 115
108 171
108 192
108 218
108 238
108 267
108 293
108 356
108 559
108 583
108 591
108 712
108 759
108 846
108 860
108 939
108 969
109 772
109 813
109 195
110 246
110 304
110 361
110 444
110 522
110 528
110 536
110 843
110 154
111 516
111 593
111 190
112 136
113 588
113 994
113 156
114 132
114 137
114 214
114 396
114 696
114 714
114 883
114 154
115 120
116 147
116 399
118 288
118 342
118 353
118 447
118 697
118 742
118 819
118 166
118 204
119 167
119 297
119 327
119 408
119 423
119 509
119 815
119 891
119 927
120 839
121 160
121 203
122 432
122 944
122 976
122 138
122 168
123 171
123 245
123 467
124 363
124 765
124 786
125 952
128 788
129 177
130 144
130 197
130 365
130 393
130 560
130 851
131 159
131 164
131 469
131 545
131 563
131 636
131 663
131 695
131 787
131 154
132 138
132 506
132 538
132 615
132 993
132 154
133 390
134 164
134 146
135 138
136 428
137 918
138 149
138 501
138 625
138 678
139 373
139 200
140 227
140 232
140 272
140 347
140 436
140 460
140 502
140 790
140 193
141 907
141 154
141 192
142 177
142 282
142 429
142 693
142 833
142 874
142 942
143 256
143 269
143 378
143 620
143 672
143 798
143 888
143 961
143 983
144 456
144 458
144 608
144 868
144 887
145 325
145 150
145 155
146 182
146 283
146 748
146 934
147 908
147 163
149 175
149 180
149 159
150 223
153 198
154 216
154 490
154 729
154 896
155 746
155 791
155 965
174 180
175 201
176 182
181 194
183 204
189 201
190 197
202 204
