0 1
0 2
0 3
0 6
0 7
0 10
0 12
0 22
0 24
0 27
0 30
0 31
0 32
0 33
0 35
0 38
0 46
0 48
0 51
0 55
0 65
0 66
0 74
0 83
0 96
0 114
0 122
0 123
0 146
0 148
0 156
0 162
0 174
0 184
0 190
0 192
0 201
0 206
0 218
0 300
0 422
0 447
0 600
0 636
0 756
0 832
1 2
1 3
1 4
1 5
1 8
1 10
1 13
1 14
1 16
1 42
1 47
1 52
1 60
1 61
1 81
1 89
1 103
1 105
1 106
1 113
1 127
1 136
1 138
1 140
1 154
1 159
1 184
1 192
1 198
1 200
1 203
1 230
1 269
1 348
1 352
1 383
1 492
1 556
1 578
1 613
1 618
1 671
1 676
1 686
1 694
1 701
1 788
1 822
1 828
1 890
1 916
1 931
1 940
1 941
1 949
1 967
1 992
2 3
2 8
2 9
2 15
2 19
2 21
2 22
2 35
2 40
2 41
2 43
2 45
2 46
2 47
2 50
2 52
2 55
2 58
2 60
2 64
2 81
2 86
2 87
2 91
2 92
2 99
2 101
2 106
2 107
2 108
2 109
2 111
2 114
2 115
2 117
2 119
2 126
2 130
2 133
2 134
2 138
2 145
2 156
2 157
2 159
2 165
2 166
2 176
2 177
2 178
2 183
2 185
2 191
2 192
2 201
2 231
2 288
2 296
2 307
2 313
2 316
2 362
2 381
2 411
2 418
2 435
2 490
2 533
2 541
2 604
2 610
2 648
2 649
2 657
2 669
2 677
2 699
2 719
2 755
2 766
2 783
2 848
2 849
2 868
2 915
2 919
2 945
2 946
2 948
2 961
2 995
3 4
3 5
3 11
3 13
3 23
3 28
3 36
3 39
3 48
3 49
3 50
3 51
3 53
3 54
3 59
3 66
3 69
3 72
3 74
3 75
3 76
3 79
3 80
3 84
3 90
3 91
3 95
3 101
3 108
3 109
3 110
3 113
3 117
3 120
3 130
3 133
3 135
3 136
3 140
3 150
3 151
3 152
3 153
3 161
3 164
3 168
3 169
3 172
3 173
3 175
3 182
3 186
3 187
3 193
3 196
3 197
3 203
3 217
3 220
3 232
3 284
3 301
3 351
3 446
3 466
3 480
3 488
3 495
3 503
3 557
3 596
3 704
3 747
3 754
3 758
3 816
3 876
3 892
3 924
3 930
3 933
3 947
3 950
3 982
4 6
4 7
4 21
4 71
4 75
4 86
4 175
4 195
4 245
4 256
4 266
4 424
4 474
4 562
4 595
4 624
4 632
4 797
4 938
4 963
4 114
4 32
4 24
4 30
4 133
5 8
5 9
5 12
5 13
5 20
5 24
5 30
5 33
5 54
5 62
5 65
5 76
5 88
5 95
5 110
5 123
5 145
5 160
5 171
5 224
5 241
5 326
5 347
5 356
5 359
5 374
5 431
5 438
5 442
5 472
5 496
5 508
5 512
5 552
5 574
5 580
5 607
5 629
5 639
5 641
5 643
5 679
5 714
5 721
5 731
5 735
5 749
5 776
5 801
5 847
5 854
5 857
5 861
5 874
5 877
5 910
5 942
5 969
6 7
6 23
6 25
6 34
6 37
6 41
6 56
6 64
6 68
6 69
6 71
6 75
6 83
6 86
6 93
6 163
6 170
6 180
6 186
6 193
6 196
6 203
6 209
6 250
6 260
6 265
6 275
6 285
6 333
6 337
6 358
6 382
6 405
6 428
6 439
6 455
6 510
6 511
6 516
6 517
6 524
6 586
6 593
6 612
6 633
6 647
6 660
6 674
6 682
6 683
6 689
6 715
6 745
6 764
6 768
6 769
6 781
6 793
6 794
6 830
6 838
6 845
6 856
6 865
6 875
6 881
6 900
6 932
6 934
6 936
6 975
6 985
6 989
6 114
6 32
6 12
6 18
6 21
6 29
6 91
6 138
6 147
7 17
7 22
7 28
7 44
7 52
7 58
7 106
7 124
7 125
7 213
7 252
7 253
7 254
7 287
7 357
7 377
7 399
7 404
7 406
7 423
7 521
7 559
7 569
7 587
7 692
7 906
7 908
7 918
7 944
7 952
7 972
7 973
7 980
7 32
7 10
7 12
7 47
7 53
7 55
7 83
7 88
7 100
7 189
8 9
8 20
8 30
8 51
8 116
8 129
8 164
8 165
8 174
8 294
8 315
8 481
8 527
8 722
8 888
8 32
8 29
8 34
8 37
8 58
8 84
8 125
9 42
9 76
9 156
9 491
9 744
9 32
9 49
9 112
9 117
10 16
10 18
10 29
10 37
10 97
10 108
10 181
10 365
10 372
10 479
10 684
10 965
10 32
10 28
10 66
11 45
11 599
12 19
12 26
12 29
12 32
12 38
12 60
12 62
12 72
12 114
12 117
12 200
12 295
12 330
12 366
12 427
12 444
12 542
12 583
12 765
12 767
12 789
12 863
12 954
12 974
13 65
13 171
13 420
13 585
13 811
14 43
14 273
14 522
14 114
14 25
14 52
15 16
15 48
15 61
15 199
15 290
15 885
15 114
15 25
15 62
15 69
15 97
15 115
15 129
16 36
16 67
16 100
16 144
16 148
16 167
16 458
16 461
16 630
17 63
17 32
17 72
17 152
17 185
18 37
18 118
18 131
18 172
18 299
18 970
18 31
18 178
19 55
19 204
19 721
19 114
19 22
19 27
19 37
19 40
19 50
19 57
19 69
20 82
20 135
20 403
20 475
20 529
20 943
20 999
20 32
20 156
21 732
22 746
23 34
23 53
23 132
23 168
23 210
23 225
23 537
23 564
23 659
23 691
23 706
23 708
23 723
23 807
23 839
23 893
23 169
23 180
24 29
24 33
24 49
24 70
24 82
24 142
24 147
24 173
24 189
24 262
24 263
24 264
24 277
24 286
24 329
24 346
24 363
24 384
24 398
24 416
24 421
24 452
24 463
24 467
24 476
24 497
24 532
24 548
24 553
24 577
24 591
24 616
24 642
24 643
24 654
24 690
24 737
24 771
24 773
24 824
24 841
24 855
24 861
24 884
24 920
24 921
24 922
24 966
24 978
25 77
25 93
25 102
25 136
25 258
25 339
25 118
25 159
26 183
26 665
26 787
26 32
26 27
26 38
26 143
27 34
27 56
27 68
27 135
27 609
27 720
27 30
27 54
28 235
28 243
28 261
28 271
28 402
28 535
28 962
28 33
28 42
28 67
28 108
28 128
28 147
28 170
29 31
29 57
29 65
29 70
29 128
29 131
29 162
29 197
29 278
29 304
29 309
29 311
29 323
29 395
29 401
29 419
29 432
29 437
29 452
29 466
29 485
29 493
29 504
29 622
29 656
29 685
29 696
29 711
29 725
29 767
29 784
29 819
29 872
29 894
29 898
29 95
29 132
30 123
30 233
30 597
30 606
30 32
30 51
30 52
30 71
30 77
30 93
30 103
30 153
31 87
31 130
31 664
31 860
31 895
31 32
31 48
31 68
32 114
32 34
32 44
32 47
32 53
32 59
32 61
32 65
32 70
32 76
32 78
32 82
32 97
32 98
32 99
32 101
32 118
32 194
33 39
33 43
33 536
33 605
33 668
33 782
33 896
33 40
33 56
33 63
33 66
33 75
33 82
33 112
33 134
33 141
34 168
34 198
34 255
34 325
34 409
34 434
34 697
34 718
34 880
34 65
34 94
34 107
34 109
34 119
34 129
34 138
35 128
35 148
35 114
35 116
36 48
36 104
36 164
36 270
36 449
36 469
36 662
36 709
36 750
36 923
37 59
37 73
37 98
37 108
37 125
37 137
37 188
37 219
37 305
37 324
37 338
37 376
37 453
37 502
37 507
37 543
37 561
37 573
37 726
37 759
37 891
37 914
37 997
37 48
38 803
38 118
38 120
39 85
39 120
39 215
39 651
39 667
40 688
40 41
40 92
40 101
40 146
41 106
41 122
41 163
41 170
41 734
41 836
41 97
41 103
42 853
42 925
42 106
42 126
42 174
43 147
43 179
43 280
43 312
43 392
43 540
43 544
43 575
43 646
43 680
43 716
43 728
43 796
43 878
43 928
43 986
43 177
44 63
44 187
44 378
44 388
44 695
44 743
44 52
44 70
44 80
44 100
44 104
44 135
44 139
44 150
44 203
45 114
46 50
46 115
46 126
46 131
46 141
46 144
46 150
46 151
46 155
46 198
46 207
46 211
46 242
46 342
46 426
46 433
46 450
46 451
46 487
46 501
46 547
46 549
46 759
46 862
46 897
46 903
46 909
46 955
46 968
46 981
47 84
47 97
47 120
47 128
47 214
47 216
47 276
47 594
47 858
48 61
48 85
48 120
48 122
48 167
48 199
48 238
48 282
48 432
48 751
48 889
48 951
48 75
49 58
49 96
49 187
49 221
49 322
49 483
49 534
49 539
49 572
49 592
49 601
49 631
49 700
49 705
49 732
49 775
49 782
49 814
49 835
49 837
49 871
49 913
49 953
49 990
49 201
50 64
50 155
50 198
50 246
50 332
50 443
50 459
50 626
50 873
50 55
51 82
51 89
51 113
51 142
51 177
51 194
51 267
51 281
51 303
51 328
51 367
51 380
51 414
51 460
51 494
51 505
51 525
51 545
51 567
51 625
51 650
51 652
51 681
51 693
51 707
51 779
51 791
51 792
51 800
51 802
51 804
51 821
51 882
51 901
51 905
51 926
51 964
52 70
52 72
52 87
52 160
52 205
52 283
52 63
52 171
53 68
53 279
53 425
53 519
53 730
53 799
53 810
53 79
53 202
54 118
54 190
54 199
54 237
54 248
54 355
54 361
54 370
54 396
54 496
54 526
54 566
54 603
54 620
54 678
54 741
54 760
54 831
54 852
54 864
54 886
54 983
54 132
54 136
55 78
55 112
55 698
55 738
55 958
56 498
56 579
56 619
57 88
57 200
57 247
57 939
58 59
58 170
58 412
58 429
58 484
58 617
58 114
58 62
58 144
59 223
59 226
59 298
59 528
60 62
60 112
60 171
60 240
60 584
60 666
60 772
61 79
61 105
61 137
61 340
61 407
61 506
61 130
61 133
62 78
62 635
62 991
62 993
63 94
63 334
63 64
63 71
63 87
63 116
63 141
63 161
63 195
64 69
64 141
64 244
64 514
64 563
64 917
64 936
65 320
65 397
65 457
65 509
65 602
65 608
65 815
65 851
65 72
65 83
65 87
66 344
66 126
66 131
66 165
67 450
67 927
67 146
67 197
68 168
68 186
68 249
68 713
69 82
69 121
69 169
69 227
69 236
69 670
69 859
69 110
70 78
70 110
70 112
70 117
70 146
70 194
70 345
70 353
70 397
70 446
70 470
70 568
70 615
70 717
70 817
70 136
70 190
71 73
72 470
72 611
72 644
72 753
72 114
72 142
72 173
74 477
74 672
74 763
75 86
75 125
75 408
75 410
75 703
76 129
76 166
76 239
76 440
76 462
76 791
77 90
77 127
77 386
77 387
77 413
77 829
78 176
78 289
78 415
78 436
78 445
78 473
78 523
78 552
78 554
78 634
78 663
78 770
78 846
78 911
78 979
80 121
80 132
81 190
82 202
82 208
82 319
82 375
82 558
82 563
82 588
82 813
82 937
82 957
83 102
83 971
84 105
84 844
84 983
86 510
87 94
88 187
88 550
89 129
89 174
89 272
89 349
89 389
89 653
89 812
89 984
91 140
91 144
91 762
91 114
91 112
92 134
93 193
94 95
94 96
95 327
95 655
95 899
96 590
96 182
97 151
98 818
99 148
100 360
100 786
101 202
101 436
101 454
102 103
102 121
102 390
102 637
102 720
102 777
102 833
102 114
103 343
103 996
104 368
104 465
104 675
104 774
104 131
104 145
105 393
105 114
106 212
106 379
106 464
106 614
106 640
106 806
106 866
106 887
106 902
107 471
107 850
107 959
108 560
108 164
110 145
110 146
110 149
110 302
110 335
110 394
110 489
110 661
110 687
110 740
110 798
110 823
112 371
112 712
112 724
112 115
113 143
113 827
113 998
114 778
115 178
115 843
115 935
115 988
116 430
116 151
117 162
118 222
118 354
118 790
118 825
118 145
120 139
120 197
121 518
121 733
121 870
122 321
122 369
122 486
122 515
122 752
122 805
123 259
123 531
123 809
125 161
125 317
125 412
125 658
125 736
125 830
126 127
126 513
126 565
126 780
126 867
127 373
127 468
128 819
129 137
130 137
130 869
131 172
131 228
131 314
131 318
131 385
131 582
131 673
131 742
132 820
133 172
133 148
133 153
134 209
134 555
134 727
134 834
134 879
134 907
134 929
134 994
136 154
136 158
136 175
136 274
136 291
136 308
136 336
136 364
136 391
136 441
136 478
136 530
136 538
136 570
136 581
136 623
136 645
136 702
136 710
136 743
136 748
136 761
136 785
136 808
136 826
136 840
136 977
137 482
137 576
137 883
137 956
138 141
138 234
138 306
138 331
138 417
138 500
138 551
138 589
138 795
138 842
139 448
139 499
139 571
139 627
139 152
140 310
140 904
141 293
141 350
141 729
142 251
142 292
142 341
142 546
142 628
143 229
143 257
143 456
143 520
143 149
144 739
146 268
146 976
147 179
147 184
147 297
147 621
147 638
147 757
147 960
148 188
148 598
148 909
148 912
149 183
150 987
152 400
155 186
166 174
171 194
196 198
