0 1
0 2
0 3
0 4
0 6
0 9
0 13
0 31
0 33
0 47
0 50
0 51
0 52
0 57
0 58
0 66
0 72
0 73
0 74
0 78
0 84
0 85
0 90
0 103
0 105
0 113
0 115
0 117
0 122
0 132
0 135
0 140
0 144
0 161
0 166
0 176
0 177
0 199
0 200
0 202
0 231
0 297
0 357
0 523
0 538
0 580
0 602
0 673
0 690
0 956
0 975
0 990
0 996
1 2
1 3
1 4
1 16
1 22
1 25
1 27
1 28
1 32
1 38
1 45
1 49
1 70
1 71
1 90
1 93
1 98
1 105
1 114
1 117
1 131
1 133
1 142
1 159
1 160
1 162
1 163
1 165
1 174
1 181
1 182
1 185
1 197
1 201
1 203
1 272
1 399
1 426
1 434
1 454
1 484
1 519
1 582
1 634
1 655
1 679
1 683
1 714
1 728
1 742
1 801
1 937
2 3
2 4
2 5
2 9
2 17
2 19
2 28
2 29
2 30
2 33
2 34
2 36
2 42
2 47
2 49
2 50
2 53
2 66
2 68
2 70
2 74
2 82
2 84
2 87
2 94
2 95
2 99
2 103
2 108
2 112
2 114
2 117
2 118
2 121
2 129
2 130
2 137
2 139
2 143
2 144
2 146
2 155
2 159
2 160
2 165
2 175
2 177
2 178
2 191
2 203
2 204
2 216
2 273
2 275
2 337
2 338
2 339
2 381
2 387
2 391
2 393
2 455
2 461
2 496
2 541
2 562
2 584
2 594
2 598
2 722
2 760
2 798
2 810
2 811
2 821
2 864
2 877
2 888
2 911
2 936
2 938
2 992
3 4
3 6
3 7
3 8
3 14
3 16
3 42
3 51
3 55
3 59
3 64
3 79
3 92
3 97
3 110
3 121
3 134
3 139
3 140
3 145
3 158
3 163
3 166
3 170
3 192
3 194
3 202
3 212
3 276
3 299
3 318
3 320
3 326
3 367
3 419
3 429
3 450
3 493
3 514
3 520
3 588
3 591
3 654
3 662
3 785
3 809
3 814
3 878
3 898
3 930
3 981
4 5
4 6
4 7
4 9
4 10
4 11
4 23
4 30
4 41
4 60
4 65
4 80
4 83
4 87
4 91
4 103
4 104
4 105
4 107
4 138
4 149
4 150
4 153
4 158
4 173
4 180
4 182
4 184
4 193
4 203
4 220
4 248
4 268
4 279
4 292
4 337
4 362
4 385
4 392
4 399
4 401
4 404
4 443
4 476
4 515
4 616
4 666
4 689
4 693
4 718
4 752
4 772
4 836
4 844
4 863
4 895
4 897
4 989
5 20
5 23
5 43
5 75
5 88
5 109
5 157
5 161
5 169
5 199
5 457
5 474
5 502
5 675
5 807
5 865
5 870
5 871
5 875
5 903
5 59
5 6
5 7
5 8
5 11
5 14
5 17
5 18
5 22
5 25
5 32
5 40
5 42
5 44
5 46
5 48
5 50
5 66
5 77
5 99
5 113
6 7
6 10
6 12
6 15
6 26
6 30
6 33
6 37
6 39
6 56
6 59
6 86
6 87
6 94
6 97
6 119
6 135
6 139
6 146
6 149
6 156
6 183
6 205
6 209
6 215
6 246
6 258
6 280
6 284
6 287
6 288
6 291
6 321
6 322
6 327
6 334
6 365
6 370
6 388
6 398
6 460
6 486
6 501
6 518
6 535
6 549
6 554
6 572
6 624
6 626
6 628
6 632
6 639
6 654
6 674
6 713
6 717
6 724
6 734
6 741
6 746
6 751
6 755
6 757
6 758
6 761
6 764
6 778
6 790
6 791
6 793
6 796
6 806
6 808
6 833
6 834
6 840
6 862
6 868
6 882
6 899
6 906
6 918
6 944
6 961
6 973
6 118
6 29
7 10
7 12
7 19
7 24
7 54
7 56
7 101
7 189
7 219
7 229
7 263
7 278
7 280
7 313
7 440
7 460
7 519
7 592
7 636
7 669
7 712
7 731
7 756
7 766
7 797
7 829
7 856
7 861
7 894
7 118
7 36
7 39
7 55
8 15
8 30
8 36
8 90
8 91
8 93
8 95
8 102
9 113
9 356
9 462
9 681
9 884
9 59
9 17
9 41
9 70
9 107
9 141
10 12
10 15
10 25
10 26
10 44
10 52
10 176
10 256
10 479
10 848
10 949
11 16
11 69
11 23
12 19
12 43
12 60
12 72
12 82
12 90
12 142
12 226
12 278
12 302
12 319
12 324
12 352
12 459
12 536
12 645
12 737
12 881
12 913
12 955
12 966
12 970
12 118
12 26
13 20
13 59
13 17
13 27
13 33
13 48
13 71
13 84
13 87
13 118
13 121
13 139
14 264
14 876
14 80
14 81
14 106
15 44
15 68
15 73
15 97
15 186
15 187
15 304
15 432
15 603
15 775
15 823
15 850
15 919
15 934
15 22
15 23
15 40
15 43
15 69
15 86
16 21
16 37
16 40
16 106
16 192
16 244
16 254
16 417
16 489
16 629
16 720
16 818
16 891
16 916
17 18
17 22
17 31
17 193
17 378
17 451
17 470
17 988
17 102
17 152
18 22
18 29
18 34
18 35
18 46
18 55
18 316
18 395
18 578
18 631
18 685
18 847
18 902
19 21
19 41
19 48
19 62
19 78
19 80
19 81
19 102
19 110
19 116
19 124
19 172
19 196
19 200
19 222
19 257
19 281
19 285
19 340
19 353
19 390
19 487
19 503
19 555
19 583
19 633
19 647
19 652
19 653
19 668
19 787
19 817
19 866
19 909
19 928
19 931
19 935
19 939
19 942
19 959
19 962
19 963
19 964
19 979
20 31
20 120
20 180
20 367
20 408
20 568
20 672
20 732
20 745
21 42
21 510
22 34
22 46
22 76
22 125
22 144
22 145
22 165
22 191
22 368
22 573
22 723
22 800
22 825
22 932
22 35
22 77
22 97
22 109
22 119
23 62
23 91
23 102
23 134
23 190
23 197
23 234
23 315
23 376
23 560
23 614
23 676
23 771
23 772
23 926
23 943
23 995
23 118
23 35
23 115
23 138
23 139
23 181
24 118
25 48
25 52
25 64
25 95
25 96
25 127
25 131
25 293
25 377
25 413
25 644
25 649
25 904
25 907
25 937
25 965
25 971
25 59
25 72
26 494
27 657
27 47
27 96
27 204
28 29
28 77
28 211
28 325
28 566
28 702
29 46
29 55
29 107
29 112
29 123
29 416
29 499
29 539
29 640
29 799
29 880
29 915
30 38
30 122
30 172
30 196
30 342
30 355
30 472
30 599
30 660
30 729
30 983
30 58
30 150
31 34
31 35
31 58
31 61
31 67
31 75
31 107
31 111
31 120
31 153
31 167
31 170
31 179
31 184
31 191
31 289
31 294
31 308
31 315
31 330
31 360
31 407
31 446
31 475
31 482
31 491
31 507
31 516
31 545
31 563
31 607
31 608
31 691
31 738
31 744
31 763
31 767
31 789
31 795
31 826
31 852
31 879
31 885
31 889
31 922
31 950
31 954
31 982
31 118
32 64
32 67
32 85
32 740
32 837
32 33
32 74
32 108
32 110
32 119
33 44
33 66
33 89
33 92
33 303
33 400
33 477
33 550
33 565
33 620
33 715
33 765
33 52
33 53
33 56
33 57
33 76
33 79
33 104
33 112
33 118
33 141
34 74
34 307
34 544
34 593
34 604
34 707
34 733
34 783
34 914
35 93
35 125
35 132
35 148
35 163
35 277
35 497
35 597
35 678
35 43
35 84
35 128
35 134
35 150
36 62
36 71
36 136
36 364
36 661
36 199
37 76
37 156
37 253
37 372
37 665
37 750
38 41
38 780
39 508
39 849
40 79
40 103
40 110
40 402
40 41
40 82
40 89
41 48
41 50
41 63
41 156
41 172
41 198
41 221
41 259
41 306
41 488
41 606
41 627
41 638
41 641
41 716
41 749
41 769
41 850
41 991
41 42
41 52
41 56
41 85
41 145
42 81
42 96
42 173
42 262
42 437
42 471
42 612
42 50
42 64
42 65
42 67
42 104
43 57
43 203
43 354
43 396
43 410
43 421
43 596
43 803
43 832
43 910
43 92
43 99
43 124
43 133
43 160
44 168
44 94
45 54
45 70
45 248
45 384
45 467
45 759
45 784
45 839
45 845
45 951
45 59
46 100
46 164
46 242
46 351
46 425
46 704
46 719
46 908
46 59
47 65
47 141
47 237
47 406
47 511
47 656
47 828
47 893
47 947
47 948
47 88
47 93
48 137
48 138
48 240
48 310
48 706
48 59
48 127
48 154
49 208
50 53
50 60
50 104
50 698
50 824
50 61
50 116
50 133
51 118
51 145
51 271
51 323
51 481
51 556
51 586
51 595
51 649
51 735
51 804
51 953
51 163
51 184
53 202
54 89
54 106
54 152
54 189
54 233
54 490
54 623
54 705
54 776
55 188
55 845
55 58
55 63
56 227
56 64
56 121
57 61
57 88
57 130
57 169
57 178
57 181
57 358
57 439
57 617
57 730
57 773
57 912
57 62
57 68
57 127
57 137
58 111
58 187
58 196
58 245
58 267
58 415
58 420
58 438
58 464
58 541
58 552
58 600
58 611
58 686
58 711
58 725
58 739
58 779
58 969
58 59
58 62
58 67
58 145
58 156
59 243
59 537
59 60
59 69
59 78
59 90
59 136
60 128
60 194
60 283
60 298
60 309
60 375
60 710
60 860
61 409
62 106
62 214
62 488
62 853
62 858
62 886
62 90
63 195
64 694
64 786
64 815
64 83
64 100
65 197
65 659
65 936
65 137
66 95
66 115
66 120
66 201
66 241
66 441
66 442
66 524
66 533
66 564
66 642
66 843
66 846
66 849
66 945
66 952
66 976
67 96
67 206
67 249
67 295
67 466
67 532
67 130
67 150
68 251
68 269
68 444
68 526
68 551
68 619
68 658
68 667
68 687
68 820
68 103
68 133
68 140
69 76
69 473
70 129
70 144
70 235
70 86
70 98
70 114
71 403
71 610
71 699
71 867
72 86
72 230
72 282
72 116
72 125
72 151
73 238
73 543
73 924
74 371
74 585
74 792
74 967
75 435
75 613
76 148
76 173
76 218
76 575
76 618
76 813
76 925
76 958
77 92
80 128
80 135
80 142
80 346
80 386
80 896
80 917
81 166
81 240
82 178
82 517
82 564
82 622
82 671
82 960
82 987
82 111
83 133
83 100
83 120
84 157
84 207
84 512
84 998
86 968
87 134
87 143
87 155
87 270
87 397
87 433
87 448
87 528
87 534
87 577
87 579
87 703
87 721
87 781
87 805
87 855
87 109
87 187
88 91
88 109
88 236
88 525
88 873
88 118
88 182
90 172
91 190
91 336
91 418
91 527
91 615
91 643
91 747
91 768
91 883
92 762
93 210
93 232
93 557
93 650
93 695
94 162
94 708
94 131
94 148
95 332
96 348
97 603
97 835
97 984
98 609
98 838
98 923
99 700
99 131
100 559
100 571
101 119
101 228
101 350
101 363
101 547
101 859
103 412
103 458
104 239
104 380
104 589
104 933
104 175
105 150
105 312
105 500
105 570
105 697
105 874
106 124
106 126
106 265
106 290
106 531
106 574
106 590
106 692
106 754
106 770
106 788
107 329
107 349
107 366
107 453
107 921
108 117
109 147
109 457
109 465
109 670
109 703
109 816
109 819
109 997
110 213
110 290
110 428
110 601
110 648
110 901
110 999
110 122
111 217
111 223
111 842
112 424
112 753
113 152
113 159
113 185
113 463
113 637
114 193
114 343
114 373
114 677
115 405
115 868
116 144
118 167
118 478
118 576
118 709
118 972
119 311
119 344
119 977
120 170
120 174
120 180
120 261
120 663
120 727
120 154
122 361
122 374
122 423
122 445
122 540
122 558
122 812
122 929
122 200
124 345
124 553
124 892
124 964
125 682
125 994
125 165
126 151
126 171
126 369
126 452
126 456
126 831
126 851
126 941
127 255
128 300
128 449
128 505
128 774
128 900
128 927
128 198
129 191
129 427
129 736
129 978
130 154
130 178
130 359
130 480
130 504
130 546
130 605
131 212
131 569
131 143
132 148
132 151
132 166
132 188
132 274
132 286
132 333
132 347
132 383
132 394
132 411
132 431
132 447
132 468
132 495
132 498
132 529
132 567
132 587
132 621
132 664
132 684
132 688
132 696
132 702
132 726
132 748
132 827
132 830
132 872
132 920
132 940
132 941
132 980
132 986
132 993
132 171
133 252
133 946
134 157
134 160
134 179
135 141
135 260
135 305
135 389
135 414
135 506
135 530
135 630
135 646
135 651
135 721
135 768
135 782
135 802
135 822
135 854
135 869
135 887
136 522
137 195
137 317
137 513
137 521
137 542
138 201
138 224
138 469
138 568
139 225
139 227
139 247
139 314
139 987
140 328
140 382
140 680
140 985
141 533
142 548
142 561
142 905
143 485
143 871
143 157
143 197
144 331
145 341
145 430
145 857
147 301
147 335
147 492
148 777
148 158
151 250
153 181
153 183
153 266
153 296
153 379
153 422
153 436
153 483
153 509
153 581
153 625
153 635
153 701
153 743
153 790
153 794
153 841
153 890
153 957
153 974
158 193
177 196
