0 1
0 2
0 3
0 4
0 5
0 7
0 11
0 21
0 22
0 30
0 62
0 64
0 75
0 81
0 83
0 93
0 111
0 131
0 134
0 140
0 147
0 151
0 160
0 164
0 173
0 176
0 194
0 197
0 200
0 231
0 304
0 417
0 522
0 557
0 618
0 691
0 740
0 777
0 833
0 839
0 872
0 962
0 982
1 2
1 3
1 4
1 5
1 6
1 16
1 21
1 22
1 24
1 32
1 46
1 73
1 78
1 79
1 84
1 87
1 88
1 94
1 95
1 115
1 119
1 120
1 143
1 149
1 155
1 156
1 160
1 163
1 188
1 192
1 198
1 314
1 323
1 355
1 377
1 431
1 465
1 543
1 559
1 579
1 648
1 680
1 683
1 893
1 896
1 912
1 919
1 931
1 971
2 3
2 4
2 5
2 7
2 8
2 9
2 29
2 33
2 36
2 39
2 44
2 46
2 68
2 79
2 82
2 86
2 99
2 106
2 121
2 130
2 133
2 134
2 135
2 150
2 152
2 155
2 156
2 157
2 158
2 165
2 166
2 167
2 172
2 177
2 181
2 243
2 278
2 370
2 413
2 444
2 470
2 512
2 537
2 541
2 577
2 686
2 725
2 803
2 850
2 855
2 943
2 944
2 953
2 957
2 966
2 991
2 998
3 4
3 5
3 6
3 8
3 41
3 61
3 90
3 102
3 103
3 107
3 109
3 110
3 113
3 152
3 159
3 169
3 190
3 198
3 199
3 210
3 340
3 383
3 473
3 564
3 602
3 809
3 816
3 882
3 884
3 957
4 5
4 7
4 11
4 14
4 17
4 18
4 28
4 36
4 37
4 38
4 50
4 55
4 60
4 61
4 62
4 63
4 66
4 68
4 69
4 70
4 96
4 112
4 113
4 122
4 135
4 167
4 168
4 172
4 175
4 185
4 191
4 192
4 195
4 196
4 199
4 203
4 205
4 241
4 246
4 274
4 280
4 324
4 334
4 357
4 457
4 468
4 503
4 517
4 574
4 745
4 814
4 838
4 900
4 904
4 981
4 997
5 11
5 23
5 25
5 29
5 52
5 53
5 69
5 73
5 75
5 76
5 80
5 120
5 123
5 124
5 127
5 131
5 132
5 154
5 163
5 168
5 175
5 181
5 196
5 233
5 254
5 527
5 560
5 615
5 627
5 716
5 717
5 734
5 739
5 767
5 789
5 795
5 834
5 909
5 930
5 968
6 9
6 10
6 13
6 17
6 20
6 27
6 30
6 49
6 60
6 73
6 106
6 112
6 137
6 154
6 205
6 240
6 268
6 285
6 286
6 343
6 467
6 469
6 472
6 501
6 502
6 523
6 560
6 627
6 629
6 708
6 731
6 736
6 822
6 873
6 927
6 979
6 48
6 122
6 8
6 14
6 22
6 25
6 47
6 72
6 76
6 82
6 115
6 120
6 123
6 141
6 153
7 12
7 28
7 31
7 37
7 51
7 86
7 129
7 197
7 226
7 259
7 263
7 277
7 282
7 347
7 398
7 419
7 421
7 427
7 672
7 728
7 732
7 801
7 841
7 920
7 928
8 14
8 16
8 19
8 45
8 66
8 76
8 117
8 139
8 152
8 162
8 170
8 207
8 373
8 460
8 586
8 898
8 122
8 9
8 10
8 11
8 13
8 17
8 18
8 20
8 25
8 27
8 30
8 42
8 50
8 54
8 88
8 92
8 124
9 26
9 30
9 41
9 42
9 54
9 59
9 77
9 85
9 92
9 98
9 106
9 107
9 126
9 154
9 159
9 180
9 215
9 303
9 335
9 367
9 371
9 390
9 439
9 569
9 590
9 679
9 724
9 842
9 881
9 893
9 122
9 11
9 12
9 14
9 15
9 16
9 29
9 48
9 51
9 56
9 76
9 84
9 87
9 114
9 125
9 143
10 17
10 34
10 59
10 132
10 142
10 242
10 302
10 396
10 632
10 853
11 21
11 25
11 57
11 67
11 74
11 116
11 119
11 122
11 124
11 130
11 141
11 174
11 184
11 212
11 294
11 299
11 300
11 337
11 342
11 363
11 389
11 411
11 418
11 435
11 445
11 461
11 509
11 534
11 562
11 616
11 652
11 675
11 763
11 786
11 950
11 958
11 975
11 990
11 995
11 18
11 42
11 99
11 129
12 270
12 628
12 702
12 879
12 122
12 15
12 39
12 130
12 149
13 34
13 463
13 132
13 151
14 15
14 16
14 47
14 172
14 265
14 352
14 360
14 916
14 21
15 149
15 176
15 193
15 382
15 818
15 19
15 22
15 59
15 101
15 133
16 19
16 29
16 36
16 51
16 81
16 95
16 104
16 105
16 110
16 206
16 436
16 723
16 923
16 122
17 27
17 30
17 34
17 107
17 188
17 239
17 369
17 372
17 528
17 848
17 48
17 84
17 114
17 122
18 35
18 327
18 539
18 871
18 906
18 67
18 128
19 53
19 68
19 351
19 525
19 20
19 44
19 83
19 85
20 54
20 92
20 217
20 359
20 368
20 36
20 79
20 121
20 138
20 142
21 23
21 184
21 682
21 967
21 30
21 57
21 90
21 114
22 24
22 80
22 424
22 820
22 45
23 25
23 33
23 67
23 91
23 140
23 190
23 273
23 500
23 549
23 552
23 200
24 50
24 99
24 161
24 179
24 185
24 189
24 194
24 223
24 488
24 547
24 610
24 714
24 760
24 785
24 807
24 887
25 87
25 157
25 341
25 48
25 31
25 52
25 55
25 126
25 129
25 154
26 449
27 144
28 31
28 40
28 52
28 100
28 120
28 271
28 316
28 384
28 471
28 611
28 671
28 692
28 744
28 781
28 836
28 122
28 60
28 113
29 33
29 43
29 45
29 46
29 48
29 56
29 70
29 84
29 96
29 125
29 136
29 151
29 174
29 221
29 228
29 267
29 288
29 298
29 428
29 432
29 454
29 455
29 490
29 516
29 533
29 545
29 568
29 603
29 623
29 634
29 668
29 674
29 717
29 756
29 765
29 769
29 815
29 819
29 874
29 880
29 889
29 910
29 917
29 918
29 932
29 952
29 993
29 996
29 134
30 138
30 257
30 407
30 452
30 484
30 565
30 709
30 977
30 60
30 75
31 69
31 440
31 70
31 77
31 94
31 137
32 39
32 47
32 90
32 237
32 639
32 665
32 821
32 890
32 949
33 43
33 56
33 61
33 70
33 84
33 143
33 331
33 395
33 441
33 573
33 718
33 843
34 42
34 112
34 256
34 306
34 354
34 374
34 399
34 742
34 766
34 48
35 129
35 984
36 51
36 281
36 328
36 697
36 110
37 251
37 48
38 404
39 58
39 114
39 128
39 168
39 214
39 307
39 458
39 481
39 576
39 588
39 844
39 875
39 144
41 369
43 65
43 67
43 626
43 652
43 824
43 924
44 118
44 321
44 838
44 938
44 122
44 61
44 79
45 122
45 75
45 109
45 110
45 111
45 139
45 147
46 64
46 72
46 104
46 150
46 170
46 275
46 329
46 712
47 66
47 150
47 177
47 265
47 122
47 55
47 96
48 57
48 63
48 72
48 85
48 86
48 100
48 150
50 55
50 58
50 97
50 99
50 102
50 118
50 147
50 161
50 186
50 189
50 209
50 232
50 297
50 466
50 486
50 510
50 690
50 710
50 823
50 876
50 999
50 122
50 52
50 96
51 52
51 53
51 63
51 64
51 115
51 165
51 208
51 260
51 319
51 364
51 406
51 415
51 422
51 425
51 426
51 442
51 453
51 476
51 480
51 498
51 499
51 506
51 544
51 550
51 553
51 597
51 599
51 622
51 654
51 659
51 665
51 669
51 673
51 748
51 782
51 794
51 796
51 870
51 883
51 899
51 905
51 921
51 963
51 986
51 122
52 120
52 312
52 728
52 77
52 106
52 147
53 79
53 93
53 97
53 108
53 117
53 134
53 147
53 153
53 183
53 196
53 247
53 261
53 266
53 317
53 447
53 451
53 542
53 551
53 575
53 620
53 783
53 800
53 847
53 862
53 945
53 987
54 598
54 632
54 102
55 58
55 69
55 82
55 85
55 86
55 88
55 100
55 101
55 111
55 114
55 118
55 179
55 182
55 195
55 310
55 364
55 376
55 394
55 446
55 477
55 487
55 494
55 497
55 513
55 563
55 589
55 637
55 644
55 688
55 707
55 730
55 773
55 774
55 792
55 831
55 845
55 854
55 892
55 897
55 903
55 911
55 913
55 933
55 934
55 988
55 992
55 61
56 67
56 75
56 140
56 234
56 313
56 331
56 383
56 402
56 540
56 840
56 973
56 82
57 167
57 255
57 330
57 830
57 983
57 985
57 58
57 121
58 508
58 715
59 667
59 188
60 92
60 227
60 272
60 660
60 731
60 851
60 75
60 99
61 123
61 144
61 216
61 249
61 292
61 448
61 835
61 868
61 62
61 66
61 73
61 126
61 136
62 78
62 100
62 604
62 942
63 235
63 384
63 526
63 91
63 97
63 112
63 151
64 66
64 94
64 515
64 923
65 91
65 464
65 941
66 71
66 133
66 318
67 236
67 438
67 662
67 753
67 767
67 799
68 89
68 139
68 196
68 201
68 275
68 606
68 666
68 752
68 886
69 309
69 391
69 412
69 414
69 778
70 74
70 87
70 121
70 143
70 155
70 213
70 236
70 245
70 313
70 339
70 504
70 530
70 593
70 594
70 595
70 607
70 653
70 658
70 676
70 677
70 719
70 976
70 92
71 151
71 308
71 860
72 148
72 635
72 912
72 88
72 153
73 706
73 858
74 119
74 211
74 222
74 381
74 520
74 631
74 955
75 138
76 106
76 501
76 561
76 566
76 625
76 699
76 726
76 733
76 798
76 805
76 926
76 937
76 946
76 127
77 93
77 97
78 83
78 187
78 199
78 204
78 353
78 630
78 793
78 812
79 80
79 82
79 90
79 93
79 113
79 115
79 136
79 148
79 178
79 183
79 269
79 325
79 388
79 400
79 403
79 416
79 436
79 514
79 532
79 535
79 588
79 591
79 605
79 645
79 664
79 670
79 743
79 746
79 749
79 758
79 780
79 787
79 791
79 864
79 875
79 949
79 959
79 989
80 808
81 89
81 225
81 456
81 596
81 727
81 961
81 168
82 103
82 179
82 186
82 238
82 582
82 646
83 202
83 204
83 229
83 283
83 326
83 475
83 503
83 649
83 755
83 771
83 885
84 116
84 322
84 729
84 978
85 98
85 230
85 301
85 305
85 405
85 408
85 474
85 479
85 489
85 493
85 538
85 546
85 569
85 580
85 585
85 643
85 693
85 711
85 735
85 750
85 759
85 776
85 827
85 828
85 837
85 891
85 895
85 965
85 969
86 203
86 296
86 378
86 651
86 811
86 935
87 173
87 122
90 349
90 940
91 104
92 169
92 379
92 554
92 696
92 869
92 873
92 117
92 154
93 135
93 218
93 311
93 361
93 491
93 596
93 624
93 657
93 704
93 101
94 290
94 741
94 925
94 974
94 170
95 366
95 462
95 572
95 581
95 689
95 802
95 888
96 954
97 437
98 291
98 608
99 128
99 145
99 430
99 485
99 894
100 365
100 519
100 529
100 139
101 182
102 149
102 258
102 284
102 972
102 117
103 128
103 358
103 496
103 980
103 179
104 825
105 193
105 200
105 478
105 558
105 826
106 387
106 531
106 722
106 784
106 109
107 137
107 592
108 361
108 122
109 137
109 738
109 951
110 135
111 250
111 600
112 511
112 788
114 344
114 556
114 613
114 661
114 678
114 703
114 737
114 751
114 754
114 790
114 804
114 829
114 849
114 877
114 119
114 132
115 721
115 116
116 244
116 350
116 939
117 177
117 220
117 276
117 901
117 162
118 289
118 492
118 583
118 681
118 694
118 817
118 887
118 911
118 922
118 947
119 181
119 262
119 315
119 518
119 857
119 143
120 146
120 397
120 638
120 640
120 122
121 279
121 571
121 619
121 698
121 140
122 127
122 450
122 621
122 650
122 852
122 908
122 929
123 181
123 380
123 409
123 867
124 163
124 184
124 333
124 684
126 137
127 345
127 609
127 763
128 253
128 264
128 356
128 423
128 429
128 491
128 505
128 587
128 641
128 647
128 685
128 700
128 705
128 772
128 810
128 846
128 914
129 775
129 865
130 171
130 701
130 762
130 131
130 151
130 174
131 157
131 385
131 614
131 863
131 148
132 601
134 362
134 770
134 797
134 172
135 420
135 663
136 164
136 348
136 515
136 536
136 747
136 768
136 948
137 148
137 158
137 346
137 433
137 695
137 936
138 555
138 970
139 207
139 768
140 252
140 287
140 617
140 655
141 578
142 320
142 375
143 174
143 495
143 524
143 548
143 578
143 584
143 612
143 720
145 567
145 189
146 401
146 521
146 956
147 336
147 434
147 496
147 642
147 757
147 861
148 293
148 386
148 482
148 878
149 332
149 483
149 507
149 570
149 813
149 856
149 161
150 165
150 295
150 393
151 178
151 219
151 224
151 392
152 338
152 761
152 791
154 205
154 410
154 459
154 656
154 764
154 779
154 859
154 902
154 907
154 960
154 169
155 248
155 443
155 633
155 636
155 687
155 713
155 806
155 832
155 866
155 874
155 915
155 964
155 994
159 188
186 194
195 202
