0 1
0 2
0 3
0 4
0 5
0 7
0 10
0 12
0 13
0 14
0 19
0 20
0 21
0 24
0 25
0 29
0 32
0 34
0 38
0 39
0 40
0 41
0 43
0 45
0 52
0 56
0 59
0 62
0 67
0 70
0 74
0 81
0 83
0 86
0 93
0 96
0 100
0 101
0 102
0 105
0 107
0 118
0 119
0 128
0 131
0 132
0 133
0 138
0 140
0 141
0 142
0 143
0 146
0 151
0 153
0 154
0 155
0 159
0 167
0 179
0 180
0 181
0 187
0 191
0 193
0 202
0 223
0 238
0 239
0 270
0 311
0 411
0 421
0 437
0 451
0 454
0 464
0 478
0 541
0 578
0 637
0 663
0 677
0 727
0 735
0 786
0 789
0 818
0 821
0 849
0 878
0 903
0 912
1 2
1 3
1 4
1 5
1 28
1 41
1 73
1 83
1 97
1 125
1 138
1 153
1 198
1 318
1 644
2 3
2 4
2 5
2 49
2 58
2 82
2 98
2 127
2 143
2 144
2 149
2 150
2 155
2 161
2 164
2 172
2 197
2 201
2 204
2 214
2 301
2 323
2 333
2 367
2 373
2 378
2 413
2 422
2 547
2 587
2 734
2 762
2 804
2 978
3 4
3 5
3 6
3 10
3 13
3 17
3 55
3 67
3 69
3 71
3 72
3 76
3 90
3 92
3 95
3 111
3 132
3 138
3 142
3 153
3 170
3 174
3 194
3 195
3 199
3 200
3 203
3 282
3 361
3 417
3 418
3 491
3 533
3 586
3 602
3 639
3 668
3 673
3 680
3 706
3 721
3 751
3 797
3 856
3 913
3 957
3 995
3 997
4 5
4 22
4 29
4 32
4 33
4 43
4 44
4 46
4 49
4 56
4 57
4 60
4 70
4 79
4 80
4 89
4 93
4 109
4 120
4 124
4 125
4 131
4 136
4 143
4 146
4 160
4 163
4 165
4 174
4 177
4 182
4 192
4 197
4 225
4 243
4 255
4 331
4 346
4 498
4 522
4 523
4 556
4 612
4 722
4 746
4 876
4 900
4 945
5 6
5 8
5 13
5 16
5 17
5 21
5 23
5 26
5 43
5 54
5 55
5 61
5 66
5 86
5 91
5 105
5 106
5 107
5 108
5 110
5 124
5 136
5 148
5 152
5 157
5 162
5 178
5 189
5 190
5 193
5 198
5 219
5 242
5 269
5 349
5 360
5 420
5 426
5 455
5 548
5 562
5 616
5 670
5 683
5 690
5 711
5 841
5 949
6 9
6 12
6 18
6 27
6 37
6 53
6 221
6 307
6 388
6 460
6 889
6 930
6 956
6 149
6 7
6 11
6 13
6 14
6 19
6 31
6 97
6 124
6 151
7 8
7 112
7 173
7 203
7 493
7 641
7 781
7 838
7 149
7 13
7 16
7 17
7 25
7 49
7 54
7 55
7 75
7 96
7 97
7 104
7 129
7 140
8 9
8 11
8 12
8 15
8 19
8 20
8 42
8 51
8 68
8 78
8 106
8 125
8 130
8 156
8 168
8 173
8 181
8 194
8 209
8 233
8 287
8 305
8 319
8 326
8 416
8 470
8 471
8 474
8 528
8 546
8 678
8 730
8 747
8 790
8 830
8 833
8 846
8 853
8 911
8 939
8 149
8 10
8 45
8 90
9 12
9 47
9 76
9 152
9 162
9 204
9 262
9 273
9 352
9 885
9 991
10 30
10 40
10 55
10 65
10 96
10 99
10 258
10 280
10 285
10 492
10 557
10 647
10 650
10 754
10 759
10 902
10 11
10 18
10 32
10 37
10 50
11 15
11 18
11 19
11 22
11 27
11 32
11 37
11 42
11 71
11 72
11 79
11 85
11 89
11 91
11 112
11 113
11 141
11 174
11 183
11 185
11 204
11 222
11 234
11 235
11 246
11 314
11 322
11 336
11 382
11 402
11 481
11 495
11 507
11 516
11 558
11 591
11 627
11 628
11 645
11 676
11 756
11 770
11 774
11 775
11 782
11 795
11 805
11 829
11 843
11 861
11 877
11 882
11 887
11 891
11 894
11 941
11 982
11 999
11 17
11 24
11 36
11 47
11 75
11 128
12 15
12 29
12 33
12 102
12 246
12 252
12 375
12 444
12 539
12 845
13 36
13 43
13 46
13 50
13 57
13 75
13 137
13 247
13 315
13 401
13 38
13 201
14 16
14 31
14 48
14 308
14 671
14 149
14 15
14 26
14 28
14 39
14 44
14 62
14 66
14 68
14 98
15 20
15 60
15 72
15 76
15 684
15 866
15 185
16 17
16 69
16 197
16 425
16 588
16 773
16 807
16 816
16 28
16 78
16 84
16 85
16 101
16 105
17 25
17 53
17 278
17 362
17 366
17 727
17 793
17 831
17 909
17 76
18 26
18 28
18 71
18 76
18 185
18 324
18 365
18 383
18 393
18 441
18 566
18 707
18 736
18 788
18 958
18 992
18 24
19 28
19 321
19 376
19 552
19 715
19 815
19 961
19 20
19 29
19 31
19 34
19 37
19 49
19 60
19 61
19 65
19 72
19 80
19 83
19 91
19 111
19 112
19 115
19 126
19 138
19 154
20 93
20 102
20 391
20 502
20 551
20 884
20 905
20 53
20 163
20 204
20 205
21 24
21 25
21 30
21 31
21 35
21 38
21 44
21 45
21 51
21 53
21 54
21 65
21 77
21 106
21 108
21 135
21 139
21 158
21 206
21 211
21 216
21 224
21 232
21 272
21 334
21 407
21 505
21 521
21 530
21 569
21 577
21 593
21 621
21 632
21 649
21 662
21 667
21 689
21 700
21 705
21 744
21 750
21 771
21 798
21 813
21 822
21 851
21 852
21 855
21 857
21 880
21 918
21 923
21 927
21 928
21 936
21 937
21 967
21 968
21 996
22 39
23 29
23 59
24 30
24 40
24 66
24 122
24 202
24 385
24 469
24 559
24 560
24 600
24 738
24 848
24 858
24 860
24 26
24 57
24 113
25 77
25 139
25 140
25 169
25 199
25 242
25 249
25 296
25 329
25 340
25 372
25 453
25 483
25 567
25 597
25 879
25 921
25 943
25 951
25 986
25 29
25 103
25 132
26 39
26 63
26 844
26 863
26 893
26 71
26 89
27 183
27 192
27 510
27 572
27 753
27 987
28 42
28 85
28 89
28 101
28 448
28 574
28 605
28 634
28 659
28 665
28 826
28 926
28 35
28 78
28 81
28 86
28 123
29 47
29 79
29 103
29 116
29 205
29 237
29 286
29 359
29 545
29 872
29 888
29 125
30 35
30 65
30 83
30 149
30 180
30 299
30 342
30 456
30 458
30 561
30 582
30 636
30 755
30 897
30 188
31 49
31 140
31 332
31 424
31 459
31 675
31 37
31 120
32 69
32 84
32 172
32 275
32 288
32 320
32 409
32 430
32 450
32 457
32 494
32 499
32 565
32 575
32 651
32 698
32 765
32 799
32 837
32 867
32 949
32 976
32 38
32 59
32 99
32 142
32 178
33 403
33 149
33 79
34 36
34 518
34 614
34 814
34 871
34 886
34 988
35 392
35 630
35 150
36 46
36 75
36 228
36 714
36 839
36 48
36 76
36 131
36 150
37 39
37 50
37 59
37 90
37 93
37 137
37 138
38 58
38 227
38 286
38 341
38 374
38 440
38 509
38 525
38 953
38 117
38 133
38 150
38 169
39 212
39 293
39 998
39 63
40 54
40 144
40 154
40 188
40 282
40 303
40 400
40 702
40 890
40 947
41 57
41 64
41 176
41 184
41 266
41 298
41 438
41 486
41 495
41 584
41 640
41 758
41 772
41 823
41 827
41 870
41 910
41 984
42 51
42 168
42 173
42 218
42 357
42 410
42 696
43 46
43 59
43 62
43 70
43 100
43 105
43 110
43 186
43 226
43 295
43 358
43 368
43 389
43 436
43 501
43 515
43 573
43 660
43 709
43 776
43 908
43 924
44 253
44 977
45 719
45 802
45 67
46 61
46 67
46 87
46 90
46 94
46 127
46 189
46 276
46 445
46 619
46 898
46 945
46 955
47 73
47 78
47 80
47 150
47 386
47 87
47 148
47 196
48 812
48 857
48 149
48 74
48 116
49 585
49 59
49 69
49 79
51 118
51 199
51 264
51 330
51 347
51 446
51 532
51 568
51 601
51 648
51 652
51 653
51 674
51 716
51 752
51 779
51 832
51 862
51 899
51 907
53 60
53 128
53 139
53 497
53 588
53 757
53 791
53 940
53 87
54 92
54 119
55 151
55 583
55 598
55 895
55 922
55 119
55 122
55 130
56 74
56 182
56 316
56 543
56 647
57 110
57 123
57 145
57 186
57 260
58 231
59 70
59 141
59 205
59 240
59 377
59 516
59 555
59 694
59 82
60 63
60 86
60 102
60 115
60 157
60 181
60 196
60 245
60 251
60 256
60 304
60 338
60 343
60 466
60 487
60 496
60 508
60 519
60 592
60 607
60 615
60 664
60 679
60 685
60 692
60 695
60 739
60 787
60 828
60 859
60 883
60 894
60 915
60 931
60 952
60 962
60 985
61 904
61 85
62 167
62 713
62 189
63 103
63 112
63 355
63 520
63 534
63 554
63 70
64 90
64 95
64 131
64 189
64 283
64 447
64 480
64 512
64 631
64 783
65 88
65 99
65 134
65 135
65 310
65 345
65 384
65 396
65 406
65 435
65 467
65 549
65 570
65 604
65 723
65 811
65 841
65 929
65 973
65 118
66 484
66 914
67 75
67 129
67 136
67 263
67 625
67 643
67 682
67 718
67 733
67 792
67 850
67 854
67 906
67 933
67 966
67 983
68 73
69 82
69 351
69 954
69 963
69 149
70 95
70 121
70 126
70 147
70 161
70 163
70 190
70 274
70 354
70 369
70 404
70 482
70 536
70 580
70 581
70 603
70 728
70 729
70 748
70 768
70 869
70 878
70 934
70 964
70 965
70 974
70 96
70 103
71 666
72 98
72 777
72 114
72 181
73 836
74 289
74 300
74 917
74 94
74 104
74 128
74 140
74 142
75 123
75 294
75 90
75 137
76 563
76 81
76 101
79 152
79 205
79 645
80 91
80 113
80 328
80 875
80 931
80 203
81 82
81 118
81 143
82 166
82 169
82 259
82 387
82 864
82 199
83 164
83 310
83 697
83 755
83 817
83 896
83 139
84 313
84 452
84 488
84 504
84 542
84 874
85 153
85 535
86 114
86 148
86 257
86 370
86 416
86 423
86 576
86 613
86 681
86 710
86 717
86 808
86 920
86 149
87 184
89 177
89 284
89 442
89 797
90 124
90 606
90 901
90 960
90 980
91 468
91 594
91 149
91 106
92 106
92 107
92 117
92 166
92 210
92 517
92 646
92 654
92 848
92 948
92 971
92 993
92 149
92 113
93 427
93 595
94 170
94 184
94 317
94 429
94 571
94 599
94 669
94 703
94 713
94 731
94 803
94 842
94 881
94 932
94 979
95 104
95 137
95 217
95 248
95 390
95 489
95 500
95 531
95 732
95 737
95 938
95 186
96 398
96 408
96 463
96 589
96 763
96 975
96 123
97 309
97 490
97 511
97 622
97 642
97 742
97 745
97 959
97 994
97 102
97 103
97 139
98 327
98 405
98 766
98 194
99 135
99 198
99 292
99 339
99 658
99 749
100 431
100 527
100 633
101 537
102 290
102 788
103 655
103 824
103 840
103 919
103 106
104 835
104 143
104 144
105 110
105 381
105 121
106 158
106 164
106 169
106 179
106 241
106 244
106 277
106 335
106 356
106 371
106 439
106 473
106 511
106 514
106 524
106 538
106 596
106 661
106 689
106 699
106 785
106 114
107 119
107 122
107 133
107 208
107 267
107 268
107 380
107 399
107 432
107 475
107 618
107 623
107 626
107 743
107 778
107 801
107 970
107 149
108 462
108 635
108 693
108 760
108 796
110 126
110 295
110 686
110 916
110 990
111 149
111 139
111 151
112 209
113 132
113 402
114 134
114 168
115 130
115 348
116 250
116 397
116 513
116 944
116 946
117 166
118 704
119 122
120 175
120 149
121 171
121 740
121 794
122 229
122 254
122 522
122 610
122 725
123 465
123 611
124 261
124 312
124 414
124 506
124 529
124 769
124 847
124 981
125 609
125 629
125 712
125 717
126 344
127 433
127 638
128 297
128 337
128 485
128 820
130 171
130 764
131 271
131 281
131 672
131 724
131 935
132 207
132 220
132 415
132 479
132 687
132 726
132 767
132 809
132 892
132 942
132 972
133 544
133 691
133 810
133 138
134 590
134 147
134 165
135 202
135 868
136 188
136 213
136 363
136 477
136 564
136 701
136 780
136 825
136 865
136 873
136 902
136 912
137 228
138 232
138 279
138 291
138 428
138 550
138 708
139 379
139 579
139 819
140 215
140 265
140 350
140 412
140 449
140 461
140 800
141 185
141 364
141 175
142 267
142 434
142 503
142 540
142 553
142 624
142 688
142 806
142 950
142 153
143 353
143 443
143 472
143 608
143 617
143 720
143 198
144 164
145 394
146 620
148 302
148 395
149 230
149 925
149 180
149 200
150 656
150 969
151 236
151 325
151 476
151 784
152 306
153 526
153 191
154 165
154 419
154 657
154 741
154 834
154 989
155 191
155 761
163 171
165 200
167 184
