0 1
0 2
0 3
0 4
0 5
0 7
0 8
0 12
0 13
0 15
0 17
0 22
0 24
0 26
0 27
0 30
0 34
0 46
0 51
0 53
0 54
0 55
0 56
0 58
0 60
0 62
0 66
0 69
0 70
0 75
0 77
0 79
0 81
0 82
0 85
0 89
0 93
0 97
0 106
0 108
0 111
0 118
0 119
0 123
0 127
0 137
0 140
0 144
0 151
0 152
0 153
0 155
0 163
0 164
0 166
0 168
0 171
0 173
0 174
0 176
0 178
0 191
0 193
0 195
0 198
0 227
0 235
0 261
0 271
0 275
0 287
0 288
0 315
0 360
0 386
0 417
0 476
0 477
0 531
0 593
0 607
0 611
0 627
0 634
0 641
0 659
0 680
0 690
0 738
0 756
0 768
0 826
0 842
0 870
0 873
0 885
0 913
0 932
0 943
0 971
0 979
0 991
1 2
1 3
1 4
1 5
1 6
1 8
1 9
1 11
1 13
1 15
1 16
1 19
1 23
1 27
1 31
1 33
1 34
1 37
1 38
1 61
1 67
1 69
1 72
1 76
1 79
1 90
1 101
1 105
1 108
1 111
1 113
1 116
1 117
1 123
1 127
1 130
1 131
1 134
1 136
1 138
1 149
1 154
1 161
1 164
1 170
1 171
1 172
1 177
1 180
1 181
1 182
1 188
1 192
1 199
1 223
1 229
1 280
1 292
1 347
1 349
1 398
1 419
1 571
1 579
1 596
1 623
1 631
1 741
1 742
1 744
1 760
1 778
1 781
1 810
1 835
1 856
1 904
1 937
1 983
1 986
2 3
2 4
2 6
2 11
2 12
2 13
2 20
2 34
2 45
2 61
2 109
2 121
2 123
2 153
2 159
2 169
2 184
2 194
2 195
2 202
2 204
2 231
2 328
2 502
2 566
2 651
2 671
2 703
2 711
2 732
2 747
2 899
2 949
3 4
3 5
3 6
3 14
3 21
3 23
3 31
3 33
3 40
3 52
3 55
3 69
3 82
3 87
3 90
3 91
3 94
3 109
3 111
3 126
3 128
3 131
3 135
3 137
3 139
3 144
3 149
3 157
3 162
3 167
3 170
3 171
3 189
3 197
3 199
3 245
3 377
3 404
3 410
3 447
3 453
3 464
3 518
3 520
3 561
3 597
3 602
3 605
3 674
3 740
3 749
3 813
3 938
3 958
3 984
4 25
4 29
4 31
4 39
4 42
4 51
4 89
4 95
4 122
4 127
4 161
4 168
4 170
4 182
4 185
4 193
4 196
4 201
4 242
4 373
4 420
4 429
4 497
4 621
4 632
4 652
4 699
4 722
4 769
4 786
4 790
4 795
4 914
4 939
4 947
5 8
5 9
5 10
5 12
5 14
5 16
5 20
5 21
5 28
5 38
5 42
5 43
5 48
5 49
5 54
5 57
5 59
5 64
5 69
5 77
5 86
5 87
5 96
5 99
5 103
5 104
5 108
5 109
5 113
5 114
5 116
5 118
5 119
5 125
5 128
5 129
5 142
5 151
5 175
5 178
5 187
5 202
5 218
5 219
5 220
5 228
5 240
5 243
5 251
5 277
5 278
5 279
5 298
5 310
5 316
5 320
5 326
5 329
5 332
5 362
5 378
5 407
5 413
5 415
5 432
5 439
5 451
5 473
5 474
5 504
5 510
5 526
5 527
5 542
5 543
5 562
5 564
5 565
5 585
5 620
5 625
5 638
5 650
5 653
5 667
5 687
5 698
5 731
5 751
5 762
5 765
5 773
5 787
5 802
5 805
5 807
5 820
5 822
5 829
5 831
5 841
5 851
5 860
5 864
5 869
5 899
5 901
5 918
5 920
5 923
5 935
5 944
5 946
5 948
5 950
5 962
5 966
5 967
5 976
5 980
5 990
5 992
5 996
5 998
5 72
5 23
5 19
5 75
6 7
6 15
6 17
6 19
6 35
6 39
6 41
6 44
6 82
6 85
6 90
6 93
6 139
6 188
6 274
6 339
6 343
6 426
6 434
6 436
6 448
6 536
6 551
6 622
6 636
6 643
6 684
6 685
6 750
6 806
6 825
6 845
6 888
6 963
6 981
6 72
6 27
6 29
6 33
6 38
6 40
7 18
7 44
7 92
7 194
7 402
7 405
7 450
7 514
7 556
7 616
7 672
7 700
7 763
7 836
7 862
7 917
7 933
7 974
7 23
7 10
7 22
7 120
8 9
8 10
8 21
8 22
8 29
8 30
8 38
8 42
8 178
8 302
8 308
8 576
8 641
8 728
8 730
8 731
8 875
8 23
8 72
8 17
8 34
8 41
8 46
8 63
8 90
9 29
9 48
9 208
9 248
9 264
9 484
9 780
9 811
10 29
10 45
10 65
10 148
10 211
10 337
10 374
10 521
10 709
10 767
10 878
10 23
10 11
10 14
10 17
10 27
10 32
10 47
10 48
10 51
10 56
10 63
10 66
10 71
10 72
10 76
10 90
10 91
10 99
10 125
10 132
10 142
10 146
10 184
11 32
11 50
11 53
11 67
11 68
11 83
11 95
11 105
11 124
11 132
11 299
11 356
11 433
11 498
11 590
11 591
11 608
11 745
11 908
11 23
11 59
11 74
11 86
11 89
12 14
12 43
12 57
12 121
12 122
12 128
12 156
12 214
12 215
12 512
12 601
12 618
12 666
12 688
12 715
12 725
12 23
12 22
13 23
13 25
13 27
13 33
13 47
13 58
13 70
13 117
13 183
13 365
13 928
13 953
13 965
13 972
14 28
14 49
14 84
14 217
14 297
14 487
14 708
14 734
14 896
14 920
14 969
14 72
14 23
14 44
14 52
14 147
15 17
15 18
15 39
15 56
15 76
15 150
15 155
15 304
15 387
15 411
15 609
15 691
15 743
15 837
15 839
15 890
15 23
16 34
16 63
16 64
16 135
16 137
16 186
16 260
16 262
16 363
16 385
16 571
16 595
16 686
16 882
16 905
16 924
16 975
16 23
16 19
16 29
16 30
16 62
16 74
16 93
17 19
17 209
17 307
17 911
18 41
18 259
18 390
18 519
18 722
18 794
18 23
19 35
19 411
19 469
19 604
19 704
19 900
19 902
19 936
19 48
19 137
20 121
20 300
20 637
20 770
20 886
20 72
20 112
21 945
21 72
21 34
21 37
21 149
22 36
22 148
22 160
22 202
22 440
22 489
22 166
23 27
23 37
23 47
23 61
23 62
23 66
23 72
23 73
23 117
23 152
23 154
23 161
23 172
23 183
23 216
23 353
23 460
23 511
23 524
23 559
23 572
23 647
23 679
23 705
23 907
23 25
23 26
23 28
23 30
23 31
23 45
23 51
23 56
23 65
23 79
23 113
23 118
23 123
23 140
23 149
25 493
25 45
25 61
25 73
25 95
25 172
26 91
26 103
26 161
27 58
27 60
27 196
27 330
27 457
27 485
27 509
27 716
27 906
27 29
28 49
28 54
28 84
28 110
28 138
28 266
28 338
28 379
28 395
28 465
28 467
28 496
28 797
28 931
29 36
29 45
29 101
29 372
29 764
29 55
29 58
29 67
29 74
29 124
29 202
30 38
30 148
30 163
30 236
30 428
30 712
30 720
30 787
30 868
30 51
30 135
30 145
31 96
31 351
31 629
31 702
33 37
33 47
33 74
33 91
33 250
33 361
33 499
33 506
33 568
33 711
33 789
33 891
33 168
34 53
34 68
34 191
34 393
34 438
34 441
34 444
34 503
34 569
34 575
34 581
34 694
34 796
34 877
34 887
34 959
35 174
35 291
35 333
35 388
35 431
35 492
35 670
35 676
35 817
35 859
35 930
36 100
36 103
36 107
36 258
36 323
36 376
36 401
36 421
36 494
36 540
36 706
36 960
36 72
37 50
37 55
37 68
37 105
37 141
37 366
37 371
37 490
37 557
37 567
37 645
37 788
37 791
37 843
37 855
37 865
37 867
37 881
37 898
37 922
37 942
37 985
38 82
38 125
38 126
38 238
38 246
38 303
38 352
38 358
38 375
38 400
38 403
38 437
38 466
38 472
38 491
38 564
38 577
38 606
38 610
38 640
38 657
38 683
38 718
38 766
38 806
38 818
38 823
38 848
38 854
38 879
38 897
38 903
38 919
38 990
38 72
38 107
39 44
39 150
39 412
39 469
39 669
39 692
39 192
39 199
40 72
40 41
40 47
40 103
41 188
41 193
41 199
41 244
41 263
41 391
41 488
41 646
41 673
41 754
41 65
41 101
42 52
42 107
42 234
42 241
42 533
44 92
44 150
44 656
44 658
44 866
44 69
44 77
45 59
45 160
45 270
45 294
45 553
45 858
45 863
45 54
46 64
47 60
47 61
47 62
47 75
47 80
47 254
47 295
47 312
47 399
47 495
47 588
47 812
47 58
47 63
48 106
48 290
48 505
48 517
48 624
49 64
49 84
49 112
49 156
49 359
49 382
49 554
49 562
51 145
51 586
51 644
51 140
52 107
52 129
52 233
52 446
52 964
52 80
52 99
53 55
53 134
53 293
53 344
53 380
53 442
53 449
53 534
53 678
53 737
53 775
53 876
53 72
53 65
53 104
54 57
54 140
54 232
54 392
54 544
54 849
54 925
55 78
55 83
55 88
55 105
55 120
55 143
55 179
55 181
55 190
55 203
55 205
55 273
55 370
55 408
55 414
55 445
55 478
55 480
55 534
55 547
55 550
55 560
55 580
55 592
55 615
55 617
55 639
55 654
55 675
55 677
55 736
55 748
55 781
55 800
55 803
55 861
55 871
55 880
55 895
55 912
55 955
55 961
55 987
55 995
55 72
55 57
55 68
55 81
55 106
55 107
55 138
55 145
55 164
56 455
56 501
56 853
57 98
57 135
57 187
57 368
57 626
57 977
57 127
57 131
58 70
58 71
58 80
58 144
58 189
58 237
58 430
58 459
58 470
58 587
58 717
58 733
58 934
58 100
59 207
59 695
59 982
59 72
59 61
59 106
61 80
61 102
61 130
61 183
61 296
61 340
61 348
61 423
61 471
61 530
61 648
61 664
61 693
61 710
61 808
61 833
61 844
62 71
62 179
62 253
62 539
62 558
62 828
62 68
62 107
62 133
63 247
63 508
63 668
63 71
63 80
63 96
63 169
64 777
64 783
64 846
65 752
65 893
65 83
65 84
65 114
65 146
65 178
66 319
66 454
66 72
66 96
66 142
66 147
67 88
67 124
67 134
67 342
67 418
67 724
67 785
67 72
68 167
68 191
68 956
69 335
70 206
70 525
70 537
70 850
71 461
71 121
71 138
71 150
72 157
72 327
72 549
72 874
72 910
72 85
72 92
72 97
72 105
72 112
72 136
72 150
73 74
73 196
73 635
73 779
73 812
74 249
74 396
74 482
74 682
74 733
74 758
74 788
74 821
74 954
74 957
74 81
75 384
75 528
75 570
75 801
75 204
76 443
76 719
76 113
77 364
77 504
77 721
77 770
77 824
77 921
77 134
78 115
78 578
78 847
78 894
79 145
79 167
79 222
79 293
79 369
79 389
79 723
79 81
79 104
80 164
80 203
80 285
81 82
81 100
81 109
81 139
81 203
82 93
82 97
82 192
82 198
82 255
82 274
82 314
82 324
82 409
82 475
82 516
82 522
82 555
82 759
82 883
82 951
83 112
83 152
83 463
84 116
84 123
84 857
85 309
85 809
85 193
86 805
86 105
87 197
87 563
88 158
88 167
88 282
89 346
89 513
89 523
89 613
89 916
89 994
90 159
90 322
90 331
90 500
90 546
90 757
90 793
90 872
90 952
90 104
91 269
91 394
91 427
91 486
91 535
91 541
91 545
91 583
91 589
91 603
91 612
91 633
91 665
91 696
91 713
91 729
91 739
91 98
92 162
92 646
92 662
92 691
92 827
92 940
92 968
92 989
93 594
93 735
93 753
93 978
94 993
94 183
95 681
96 110
96 257
97 221
97 642
97 122
97 171
98 146
98 252
98 383
98 109
99 224
99 479
99 573
99 746
99 110
99 118
99 128
100 190
100 225
101 163
101 166
101 201
101 210
101 305
101 452
101 661
101 915
103 151
103 281
103 345
105 132
105 133
105 141
105 177
105 318
105 397
105 755
105 792
105 832
105 130
106 125
107 267
107 988
108 118
108 272
108 538
108 726
108 816
108 830
109 200
109 289
109 483
109 552
109 582
109 707
110 212
110 226
110 416
111 286
111 352
111 697
112 146
112 275
112 306
112 350
112 422
112 548
112 655
113 381
113 435
113 799
113 838
113 132
114 325
115 237
115 458
115 481
115 630
116 334
116 425
116 507
116 614
116 660
116 701
116 814
116 819
116 892
116 927
116 997
116 999
117 147
117 204
117 239
117 784
117 929
118 727
118 141
119 187
119 598
120 141
120 143
121 649
121 782
121 804
122 367
122 628
122 941
123 146
123 355
124 336
124 584
124 126
124 154
125 134
125 151
127 256
127 424
127 456
127 834
127 840
127 926
128 406
128 148
129 354
129 175
130 147
130 230
131 202
131 284
131 852
132 761
133 714
134 313
134 772
134 181
135 619
135 973
136 276
137 317
137 798
137 889
137 909
138 838
140 283
140 776
141 529
142 771
142 774
142 989
143 153
144 321
144 532
146 213
146 515
146 884
147 165
147 189
147 599
147 689
148 357
148 600
148 815
149 158
149 341
150 268
150 311
150 375
151 175
151 970
152 216
152 265
152 301
152 468
152 663
152 177
153 320
154 157
154 462
154 574
156 197
159 193
