0 1
0 2
0 3
0 4
0 6
0 7
0 12
0 14
0 16
0 19
0 34
0 39
0 40
0 41
0 43
0 44
0 45
0 52
0 54
0 55
0 61
0 71
0 74
0 77
0 82
0 86
0 102
0 105
0 109
0 136
0 139
0 140
0 141
0 145
0 149
0 157
0 159
0 160
0 163
0 167
0 170
0 173
0 181
0 192
0 195
0 199
0 203
0 235
0 261
0 277
0 295
0 338
0 370
0 387
0 395
0 458
0 478
0 501
0 524
0 548
0 586
0 617
0 684
0 701
0 704
0 711
0 728
0 762
0 773
0 778
0 894
0 951
0 990
1 2
1 3
1 4
1 5
1 6
1 8
1 9
1 13
1 19
1 24
1 25
1 26
1 44
1 53
1 63
1 66
1 73
1 74
1 90
1 91
1 92
1 102
1 104
1 111
1 117
1 118
1 119
1 121
1 123
1 128
1 130
1 131
1 136
1 138
1 146
1 151
1 152
1 153
1 154
1 160
1 164
1 182
1 191
1 193
1 199
1 281
1 310
1 311
1 321
1 335
1 340
1 344
1 357
1 400
1 431
1 456
1 490
1 602
1 652
1 785
1 802
1 901
1 941
2 3
2 4
2 7
2 14
2 25
2 27
2 54
2 67
2 72
2 75
2 79
2 86
2 98
2 101
2 112
2 115
2 136
2 141
2 142
2 149
2 151
2 159
2 167
2 186
2 188
2 225
2 252
2 267
2 349
2 390
2 416
2 466
2 494
2 690
2 718
2 849
2 861
2 950
2 953
3 4
3 5
3 8
3 15
3 16
3 34
3 39
3 41
3 49
3 57
3 63
3 78
3 82
3 87
3 98
3 105
3 129
3 130
3 135
3 140
3 145
3 159
3 174
3 184
3 190
3 193
3 202
3 313
3 475
3 551
3 593
3 683
3 798
3 892
3 924
3 989
4 9
4 18
4 32
4 45
4 46
4 49
4 50
4 53
4 61
4 62
4 66
4 67
4 68
4 71
4 73
4 74
4 80
4 81
4 85
4 87
4 94
4 106
4 110
4 118
4 120
4 122
4 127
4 128
4 129
4 130
4 148
4 153
4 157
4 158
4 159
4 160
4 161
4 162
4 168
4 170
4 174
4 175
4 177
4 178
4 191
4 200
4 255
4 271
4 278
4 284
4 334
4 355
4 427
4 437
4 444
4 447
4 467
4 595
4 611
4 635
4 646
4 650
4 695
4 708
4 799
4 922
4 972
4 982
5 7
5 11
5 12
5 15
5 103
5 323
5 500
5 642
5 852
5 974
5 76
5 121
5 6
5 13
5 16
5 18
5 20
5 24
5 32
5 34
5 38
5 48
5 51
5 70
5 71
5 74
5 75
5 77
5 86
5 91
5 95
5 101
5 102
5 105
5 111
5 115
5 151
6 17
6 147
6 204
6 76
6 7
6 11
6 12
6 14
6 18
6 24
6 26
6 78
6 86
6 127
7 11
7 56
7 67
7 92
7 108
7 153
7 193
7 244
7 354
7 443
7 503
7 633
7 680
7 917
7 962
7 121
7 76
7 8
7 15
7 37
7 63
7 80
7 146
8 16
8 17
8 20
8 34
8 38
8 50
8 111
8 150
8 152
8 156
8 166
8 179
8 248
8 249
8 258
8 303
8 308
8 333
8 369
8 389
8 499
8 532
8 560
8 584
8 588
8 601
8 712
8 782
8 791
8 810
8 903
8 921
8 958
8 981
8 9
8 64
8 76
9 10
9 11
9 15
9 18
9 21
9 22
9 29
9 46
9 55
9 76
9 118
9 194
9 259
9 309
9 388
9 479
9 527
9 702
9 772
9 832
9 882
9 952
9 963
11 30
11 64
11 148
11 594
11 896
11 939
11 76
11 65
11 94
11 124
12 26
12 27
12 40
12 46
12 65
12 72
12 88
12 127
12 143
12 285
12 317
12 347
12 352
12 383
12 429
12 446
12 448
12 486
12 493
12 495
12 504
12 506
12 518
12 544
12 546
12 561
12 579
12 605
12 612
12 618
12 623
12 706
12 710
12 715
12 716
12 720
12 751
12 752
12 769
12 774
12 807
12 844
12 847
12 863
12 872
12 877
12 910
12 977
12 988
12 993
12 31
13 17
13 961
13 82
13 103
14 17
14 20
14 120
14 274
14 307
14 363
14 641
14 656
14 759
14 21
15 30
15 52
15 84
15 103
15 250
15 253
15 425
15 512
15 516
15 543
15 558
15 580
15 797
15 157
16 23
16 24
16 31
16 33
16 38
16 41
16 44
16 45
16 47
16 48
16 54
16 68
16 69
16 75
16 89
16 101
16 133
16 144
16 152
16 154
16 155
16 163
16 171
16 172
16 180
16 183
16 185
16 197
16 227
16 229
16 240
16 266
16 268
16 275
16 292
16 293
16 294
16 316
16 337
16 378
16 386
16 394
16 402
16 408
16 419
16 422
16 454
16 473
16 482
16 508
16 510
16 547
16 609
16 610
16 629
16 630
16 632
16 636
16 675
16 676
16 688
16 691
16 696
16 700
16 714
16 736
16 738
16 749
16 750
16 753
16 756
16 768
16 817
16 855
16 860
16 867
16 900
16 932
16 945
16 998
16 999
16 121
16 22
16 59
16 62
16 67
16 80
16 129
17 20
17 36
17 62
17 121
17 196
17 297
17 315
17 439
17 505
17 559
17 600
17 655
17 689
17 698
17 707
17 767
17 843
17 904
18 21
18 46
18 64
18 83
18 300
18 509
18 587
18 722
18 942
18 19
18 40
18 60
18 65
18 72
18 75
18 99
18 102
18 113
18 120
18 125
18 138
18 148
19 20
19 32
19 44
19 81
19 84
19 112
19 93
19 97
19 139
19 160
20 23
20 34
20 35
20 36
20 38
20 51
20 54
20 60
20 70
20 72
20 79
20 106
20 107
20 112
20 114
20 124
20 137
20 162
20 171
20 318
20 348
20 351
20 373
20 403
20 407
20 481
20 531
20 536
20 541
20 572
20 575
20 583
20 608
20 615
20 658
20 661
20 664
20 666
20 687
20 707
20 723
20 726
20 727
20 790
20 791
20 811
20 823
20 829
20 838
20 850
20 881
20 899
20 902
20 913
20 946
20 976
21 776
22 31
22 64
22 132
22 158
22 183
22 205
22 345
22 365
22 374
22 417
22 423
22 440
22 487
22 495
22 525
22 577
22 624
22 673
22 729
22 742
22 856
22 927
22 943
22 970
22 34
22 39
22 51
22 74
22 83
23 141
23 220
23 276
23 76
23 25
23 28
23 33
23 38
24 41
24 48
24 96
24 312
24 911
24 103
24 104
24 144
25 58
25 71
25 110
25 114
25 133
25 138
25 165
25 264
25 485
25 489
25 517
25 535
25 568
25 678
25 747
25 851
25 889
25 67
25 84
25 173
26 28
26 40
26 184
26 190
26 201
26 203
26 247
26 279
26 288
26 320
26 398
26 415
26 460
26 670
26 857
26 983
26 66
27 56
27 100
27 134
27 139
27 189
28 37
28 40
28 127
28 76
28 36
28 142
29 368
29 699
29 796
30 384
30 886
31 33
31 319
31 622
31 815
31 45
31 49
31 55
31 116
31 117
31 122
32 693
32 888
32 58
32 81
32 181
33 48
33 93
33 169
33 188
33 854
33 937
33 992
34 61
34 83
34 91
34 106
34 125
34 445
34 79
34 141
35 185
36 42
36 58
36 79
36 140
36 149
36 156
36 187
36 203
36 207
36 228
36 237
36 247
36 270
36 283
36 286
36 342
36 350
36 360
36 380
36 455
36 519
36 533
36 565
36 570
36 582
36 613
36 621
36 644
36 665
36 668
36 717
36 719
36 721
36 743
36 744
36 770
36 784
36 806
36 812
36 868
36 876
36 908
36 914
36 956
36 957
36 958
36 971
36 978
36 997
36 121
36 67
36 68
37 314
37 371
38 124
38 126
38 121
38 48
38 77
38 91
38 96
38 105
38 112
38 113
38 114
38 120
39 96
39 117
39 183
39 234
39 571
39 739
39 915
39 969
40 42
40 59
40 72
40 87
40 99
40 134
40 200
40 298
40 336
40 452
40 566
40 581
40 597
40 735
40 737
40 765
40 771
40 836
40 959
40 121
40 176
41 197
41 266
41 692
41 697
42 63
42 87
42 187
42 236
42 302
42 340
42 507
42 734
42 800
42 825
42 827
42 837
42 887
42 893
42 975
43 104
43 258
43 653
43 762
43 783
44 71
44 75
44 101
44 109
44 142
44 223
44 301
44 330
44 356
44 372
44 375
44 399
44 404
44 432
44 497
44 537
44 724
44 760
44 761
44 788
44 809
44 919
44 936
44 980
44 987
44 992
44 163
44 180
45 57
45 85
45 95
45 97
45 163
45 219
45 382
45 523
45 595
45 619
45 740
45 754
45 804
45 819
45 885
45 955
45 968
45 984
45 121
46 426
46 428
46 435
46 733
46 121
46 49
46 84
46 90
46 100
46 105
46 107
46 126
46 137
48 461
48 528
48 777
48 934
49 57
49 441
49 973
49 134
50 116
50 260
50 397
50 457
50 496
50 689
51 99
51 263
51 645
51 803
51 76
51 120
52 241
52 254
52 546
52 640
52 824
52 865
53 484
53 694
53 884
53 938
53 121
54 273
54 377
54 121
54 146
55 60
55 69
55 98
55 118
55 128
55 192
55 226
55 243
55 269
55 324
55 331
55 542
55 680
55 907
55 178
56 88
56 202
56 208
56 233
56 305
56 424
56 515
56 562
56 589
56 662
56 685
56 745
56 816
56 821
56 835
57 78
57 115
57 468
58 134
58 358
58 522
58 540
58 755
58 898
58 996
58 118
59 215
59 246
59 291
59 319
59 574
59 576
59 709
59 869
59 923
59 948
59 64
59 72
59 121
59 131
60 569
61 381
61 187
62 257
62 634
62 731
62 66
62 87
62 96
62 110
62 159
63 65
63 100
63 119
63 190
63 201
63 325
63 529
63 540
63 620
63 834
64 157
64 604
64 606
64 780
64 890
65 757
65 121
66 108
66 231
66 262
66 418
66 451
66 462
67 73
67 191
68 121
68 84
68 104
68 109
68 138
68 165
69 123
69 147
69 150
69 165
69 213
69 359
69 391
69 498
69 591
69 626
69 764
69 813
69 858
69 878
70 539
71 113
71 137
71 290
71 491
71 549
71 781
72 132
72 346
72 476
72 488
72 763
72 861
72 966
72 101
72 128
73 164
74 272
74 412
74 430
74 442
74 646
74 651
74 681
74 705
74 748
74 779
74 792
74 862
74 916
74 979
75 464
75 520
75 853
75 912
75 128
76 168
76 326
76 411
76 567
76 679
76 873
76 917
76 940
76 954
76 78
76 99
76 119
76 147
77 85
77 216
77 396
77 585
77 994
77 86
78 97
78 328
78 450
78 871
79 242
79 672
79 114
80 82
80 121
80 149
81 221
82 132
82 195
82 289
82 304
82 353
82 521
82 789
82 883
82 944
82 192
83 147
83 647
83 677
83 703
83 814
83 864
83 890
83 897
83 930
83 967
83 94
84 112
84 171
84 322
84 472
84 564
84 590
84 826
84 926
84 109
85 480
85 909
85 925
85 121
86 93
86 130
86 175
86 183
87 189
87 199
87 203
87 256
87 285
87 288
87 320
87 329
87 332
87 436
87 534
87 599
87 603
87 628
87 983
87 115
88 786
88 121
91 639
91 801
92 280
92 428
92 502
92 648
92 669
93 155
94 592
94 738
94 991
95 224
95 405
95 663
97 434
97 438
97 530
97 557
97 875
97 167
98 209
98 414
98 631
98 775
99 146
99 317
99 421
99 424
99 463
99 643
99 189
99 200
100 201
100 893
101 115
101 362
101 839
102 139
102 483
102 880
102 943
103 339
103 556
103 713
103 840
103 848
103 141
105 232
105 303
105 660
105 829
105 136
106 625
106 879
106 949
108 841
108 121
108 145
109 166
109 222
109 287
109 393
109 822
109 986
109 112
111 296
111 746
112 218
112 327
112 831
113 245
113 373
113 511
113 671
114 514
114 674
114 947
114 171
115 131
115 172
115 188
115 453
115 513
115 545
115 596
115 794
115 874
115 918
115 929
115 964
115 995
115 158
115 169
116 211
117 144
117 206
117 299
117 420
117 464
117 550
117 573
117 598
117 686
117 753
117 793
117 845
117 920
117 132
119 828
119 842
120 210
120 212
120 239
120 470
120 538
120 667
120 725
120 728
120 758
120 805
121 186
121 230
121 306
121 413
121 477
122 179
122 366
123 142
125 367
125 433
125 766
126 469
126 741
126 818
127 143
127 933
129 251
129 376
129 891
129 196
130 155
130 175
130 265
130 343
130 401
130 830
130 870
132 204
132 552
132 787
132 859
132 935
132 985
133 410
133 554
133 659
134 471
134 578
136 179
136 198
136 377
136 895
138 732
139 905
140 142
140 555
140 795
141 214
142 144
142 197
142 361
142 379
142 385
142 406
142 474
142 607
142 637
142 808
142 866
142 945
142 960
142 965
143 184
143 409
143 449
143 526
144 459
144 627
144 649
144 846
145 148
145 392
145 906
146 341
146 563
146 614
146 833
146 950
149 186
149 282
149 553
149 730
150 981
151 172
151 176
151 465
151 492
151 616
151 928
151 931
152 167
152 198
152 217
152 238
152 364
152 657
152 820
152 203
153 682
154 638
154 654
154 172
163 172
167 185
176 201
