0 1
0 2
0 3
0 4
0 5
0 6
0 11
0 13
0 25
0 27
0 33
0 35
0 36
0 39
0 42
0 46
0 56
0 58
0 62
0 63
0 73
0 78
0 97
0 105
0 109
0 110
0 112
0 116
0 117
0 118
0 120
0 122
0 125
0 127
0 135
0 139
0 142
0 153
0 160
0 167
0 168
0 179
0 180
0 185
0 187
0 191
0 200
0 218
0 236
0 277
0 314
0 322
0 339
0 401
0 422
0 547
0 567
0 800
0 815
0 830
0 844
0 870
0 900
0 960
0 975
0 983
1 2
1 3
1 4
1 6
1 7
1 11
1 18
1 26
1 31
1 32
1 35
1 38
1 39
1 42
1 53
1 58
1 66
1 72
1 75
1 79
1 95
1 115
1 118
1 119
1 123
1 130
1 135
1 143
1 149
1 153
1 168
1 177
1 182
1 185
1 188
1 191
1 281
1 398
1 528
1 589
1 684
1 706
1 746
1 777
1 810
1 913
1 940
2 3
2 4
2 5
2 6
2 9
2 14
2 18
2 23
2 34
2 36
2 38
2 47
2 55
2 63
2 64
2 70
2 82
2 84
2 86
2 87
2 91
2 94
2 96
2 112
2 115
2 124
2 130
2 134
2 144
2 154
2 162
2 166
2 171
2 172
2 181
2 187
2 191
2 235
2 246
2 373
2 456
2 485
2 591
2 603
2 638
2 650
2 663
2 667
2 704
2 776
2 824
2 830
2 832
2 882
2 887
2 967
3 4
3 7
3 107
3 113
3 135
3 143
3 192
3 282
3 329
3 505
3 557
4 5
4 7
4 10
4 11
4 12
4 13
4 14
4 16
4 18
4 24
4 32
4 38
4 39
4 50
4 61
4 62
4 63
4 66
4 70
4 76
4 79
4 80
4 82
4 84
4 86
4 93
4 97
4 104
4 109
4 111
4 116
4 117
4 119
4 121
4 123
4 124
4 126
4 128
4 140
4 148
4 154
4 157
4 169
4 176
4 180
4 181
4 182
4 183
4 186
4 189
4 193
4 199
4 200
4 202
4 204
4 207
4 224
4 225
4 232
4 247
4 250
4 266
4 278
4 304
4 342
4 362
4 378
4 386
4 395
4 413
4 414
4 415
4 425
4 430
4 461
4 469
4 578
4 610
4 646
4 659
4 668
4 676
4 680
4 691
4 766
4 769
4 771
4 782
4 785
4 861
4 893
4 912
4 913
4 918
4 982
5 10
5 61
5 74
5 155
5 370
5 429
5 869
5 14
5 19
5 6
5 8
5 9
5 11
5 15
5 20
5 25
5 57
5 80
5 111
5 119
5 128
6 8
6 68
6 69
6 81
6 110
6 144
6 283
6 349
6 390
6 493
6 12
6 31
6 36
7 25
7 137
7 204
7 272
7 337
7 359
7 514
7 544
7 790
8 210
8 237
8 311
8 459
8 536
8 641
8 711
8 744
8 764
8 772
8 783
8 874
8 884
8 914
8 14
8 13
8 21
8 46
8 54
8 70
8 145
8 148
9 170
9 19
9 10
9 23
9 29
9 31
9 34
9 39
9 47
9 88
9 126
10 16
10 22
10 41
10 43
10 51
10 55
10 79
10 82
10 93
10 94
10 100
10 131
10 138
10 141
10 142
10 147
10 149
10 150
10 153
10 163
10 169
10 171
10 173
10 184
10 211
10 219
10 233
10 239
10 242
10 286
10 296
10 308
10 326
10 338
10 351
10 353
10 360
10 375
10 387
10 400
10 420
10 447
10 448
10 489
10 500
10 513
10 529
10 559
10 596
10 615
10 617
10 645
10 648
10 657
10 674
10 683
10 693
10 761
10 768
10 803
10 809
10 813
10 817
10 833
10 838
10 843
10 851
10 859
10 860
10 865
10 869
10 877
10 902
10 909
10 912
10 941
10 947
10 952
10 961
10 971
10 984
10 991
10 14
10 15
10 53
10 78
10 80
11 12
11 14
11 15
11 21
11 24
11 27
11 37
11 48
11 53
11 58
11 65
11 69
11 70
11 75
11 88
11 96
11 225
11 255
11 265
11 275
11 317
11 334
11 348
11 358
11 365
11 377
11 383
11 423
11 453
11 477
11 497
11 498
11 515
11 527
11 550
11 576
11 577
11 607
11 624
11 631
11 682
11 689
11 698
11 721
11 731
11 752
11 755
11 773
11 825
11 840
11 853
11 864
11 886
11 889
11 901
11 938
11 974
11 983
11 987
11 994
12 23
12 30
12 174
12 262
12 554
12 630
12 649
12 724
12 14
12 149
13 25
13 33
13 36
13 40
13 54
13 59
13 68
13 78
13 85
13 103
13 108
13 121
13 137
13 164
13 192
13 195
13 196
13 198
13 203
13 209
13 227
13 228
13 268
13 302
13 307
13 330
13 332
13 345
13 374
13 412
13 451
13 452
13 454
13 462
13 465
13 474
13 480
13 482
13 499
13 522
13 524
13 574
13 590
13 598
13 605
13 625
13 628
13 633
13 634
13 641
13 643
13 661
13 679
13 690
13 725
13 733
13 734
13 738
13 762
13 783
13 791
13 804
13 815
13 820
13 846
13 847
13 897
13 910
13 943
13 955
13 992
13 19
13 16
13 20
13 28
13 41
13 76
13 87
13 89
13 133
14 19
14 20
14 23
14 43
14 57
14 83
14 98
14 126
14 165
14 291
14 366
14 16
14 17
14 18
14 22
14 27
14 28
14 32
14 35
14 52
14 103
15 17
15 525
15 21
15 55
15 77
15 84
15 97
15 112
16 29
16 40
16 46
16 60
16 141
16 202
16 234
16 341
16 407
16 494
16 509
16 571
16 597
16 664
16 732
16 767
16 899
16 915
16 944
16 953
16 34
16 52
16 100
16 110
16 125
17 23
17 34
17 151
17 924
17 44
17 76
17 86
17 107
17 124
17 140
18 28
18 30
18 43
18 47
18 57
18 66
18 81
18 90
18 165
18 327
18 504
18 599
18 716
18 850
18 938
18 965
19 48
19 76
19 463
19 36
19 38
19 42
19 67
19 70
19 151
20 39
20 80
20 166
20 188
20 290
20 371
20 763
20 849
20 990
20 27
20 28
20 51
20 57
20 61
20 71
20 92
20 97
20 98
20 126
21 27
21 88
21 132
21 449
21 450
21 621
21 730
21 798
21 845
22 51
22 64
22 116
22 206
22 249
22 288
22 357
22 476
22 562
22 685
22 794
22 63
23 34
23 49
23 65
23 102
23 436
23 519
23 545
23 572
23 95
24 77
24 177
25 33
25 45
25 183
25 251
25 287
25 421
25 516
25 585
25 754
25 829
25 852
25 894
25 963
25 966
25 981
25 96
25 143
26 159
26 201
26 671
27 71
27 84
27 358
27 587
27 753
27 811
27 857
27 33
27 66
27 92
27 102
27 118
28 30
28 76
28 140
28 405
28 620
28 37
28 58
28 127
28 137
28 153
29 68
29 709
30 154
30 394
30 678
30 949
31 50
31 89
31 90
31 457
31 640
31 43
31 56
31 104
31 120
31 121
31 123
32 35
32 87
32 132
32 194
32 217
32 316
32 397
32 669
32 673
32 781
33 34
33 45
33 78
33 104
33 130
33 158
33 195
33 204
33 254
33 367
33 411
33 465
33 471
33 479
33 483
33 507
33 642
33 787
33 791
33 805
34 48
34 83
34 98
34 182
34 184
34 200
34 347
34 403
34 409
34 415
34 417
34 517
34 520
34 688
34 723
34 779
34 786
34 802
34 827
34 891
34 942
34 958
34 968
34 41
34 73
35 37
35 52
35 143
35 226
35 736
35 778
35 831
35 954
35 55
35 79
35 122
35 136
35 144
36 198
36 895
36 995
37 194
37 223
37 279
37 466
37 63
37 65
37 109
38 107
38 127
38 129
38 335
38 551
38 50
38 72
39 107
39 151
39 325
39 333
39 538
39 806
39 822
39 921
39 957
40 161
40 187
40 355
40 484
42 186
42 197
42 201
42 215
42 697
43 44
43 55
43 73
43 100
43 101
43 102
43 127
43 136
43 145
43 229
43 369
43 593
43 608
43 655
43 737
43 842
43 917
44 131
44 440
44 556
45 91
45 123
45 770
45 858
46 68
46 238
46 286
46 399
46 442
46 579
46 687
46 759
46 970
46 47
46 186
47 69
47 553
47 586
47 856
47 53
47 71
47 93
48 66
48 111
48 114
48 188
48 231
48 396
48 490
48 501
48 724
50 295
50 356
50 418
50 495
50 717
50 919
51 60
51 654
51 881
51 134
52 67
52 88
52 90
52 112
52 455
52 142
53 84
53 120
53 808
53 828
54 672
55 72
55 541
55 774
55 796
55 823
55 62
55 69
55 155
56 60
56 89
56 99
56 127
58 89
58 199
58 558
58 595
58 705
58 780
58 59
58 110
58 121
60 86
60 157
60 306
60 388
61 748
61 756
61 795
61 799
61 816
61 835
62 445
62 933
62 107
64 162
64 213
64 244
64 323
64 441
64 481
64 581
64 939
64 969
64 986
65 263
65 379
66 102
66 176
66 208
66 361
66 416
66 519
66 523
66 534
66 741
67 77
67 267
67 83
67 91
68 92
68 106
68 299
68 319
68 372
68 625
68 867
68 873
68 976
68 159
69 510
69 553
69 715
69 73
70 71
70 79
70 110
70 114
70 243
70 253
70 292
70 303
70 321
70 344
70 364
70 410
70 427
70 467
70 472
70 518
70 530
70 563
70 569
70 573
70 604
70 627
70 677
70 681
70 722
70 757
70 776
70 826
70 890
70 911
70 101
72 138
72 141
72 250
72 301
72 475
72 561
72 751
72 866
72 871
73 77
73 120
73 190
73 240
73 280
73 356
73 393
73 511
73 530
73 540
73 560
73 819
73 821
73 831
73 863
73 201
75 256
75 259
76 84
76 90
76 106
76 115
76 116
77 583
77 834
77 91
78 710
78 932
78 161
79 110
79 113
79 230
79 537
80 696
80 712
81 83
81 99
81 164
81 406
82 93
82 245
82 324
82 382
82 478
82 584
82 637
82 670
82 841
82 926
82 951
82 956
82 962
82 979
83 136
83 428
83 686
84 152
84 543
84 964
86 142
86 258
86 419
86 526
86 606
86 758
86 788
86 792
86 797
86 812
86 880
86 930
86 948
87 156
87 739
88 193
88 270
88 433
88 548
88 611
88 746
88 784
88 793
88 959
89 496
89 566
89 700
89 993
89 131
90 101
90 111
90 252
90 354
90 531
90 532
90 639
90 644
90 729
90 801
90 898
90 936
91 104
91 122
91 126
91 150
91 178
91 260
91 305
91 312
91 318
91 408
91 464
91 470
91 546
91 565
91 592
91 613
91 618
91 647
91 713
91 720
91 775
91 855
91 868
91 896
91 906
91 922
92 94
93 129
93 130
94 163
94 175
94 196
94 203
94 665
94 726
95 925
96 152
96 199
96 950
96 115
96 139
96 156
97 745
97 750
97 931
98 675
100 391
100 903
100 173
101 523
101 701
102 872
103 568
104 130
104 221
104 340
104 350
104 389
104 392
104 575
104 935
107 117
107 134
108 121
108 257
109 555
109 616
109 133
109 169
110 147
110 203
110 298
110 480
110 588
110 743
110 760
110 892
110 927
110 138
111 155
111 220
111 273
111 320
111 363
111 460
111 487
111 626
111 727
111 728
111 184
112 119
112 172
112 214
112 274
112 473
112 508
112 521
112 702
112 758
112 839
112 946
113 147
113 175
113 216
113 905
114 629
114 653
114 719
114 883
115 612
115 999
117 133
117 293
117 346
117 376
117 456
117 512
117 552
117 582
117 619
117 666
117 718
117 742
117 747
117 789
117 827
119 177
119 300
119 331
119 343
119 431
119 539
119 594
119 602
119 623
119 635
119 788
119 866
119 911
119 923
119 193
120 241
120 258
120 270
120 289
120 492
120 542
120 601
120 636
120 878
120 908
121 139
121 444
121 506
121 132
121 136
122 426
123 128
123 313
123 328
123 336
123 384
123 580
123 656
123 695
123 862
123 976
124 252
124 502
124 708
124 854
124 875
124 916
125 131
126 146
126 285
127 133
127 662
127 140
128 222
128 660
128 699
128 848
128 985
130 161
130 205
130 432
130 434
130 438
130 570
130 652
130 836
130 879
130 888
130 907
130 929
132 904
133 264
133 443
133 486
133 535
134 149
135 294
135 310
135 368
135 380
135 404
135 699
135 749
135 818
135 977
135 203
136 742
137 276
137 204
138 195
138 435
138 807
138 934
138 937
138 989
138 202
139 945
139 978
140 174
141 609
142 269
142 271
142 284
142 402
142 468
142 533
142 614
142 632
142 765
142 928
142 972
142 973
143 503
143 521
143 549
143 600
143 658
143 692
143 708
143 931
143 172
144 261
144 381
144 459
144 735
144 814
144 885
144 980
144 196
145 297
145 701
147 248
147 309
147 424
148 622
149 178
149 315
149 385
149 437
149 488
149 703
149 707
149 714
149 740
149 837
149 996
150 201
150 212
150 352
150 439
150 564
150 651
150 694
150 920
150 997
150 998
150 183
151 174
151 189
151 678
152 177
152 876
152 988
153 446
153 458
153 170
154 491
154 158
158 185
161 192
167 188
177 199
183 195
187 202
