0 1
0 2
0 3
0 5
0 6
0 7
0 9
0 10
0 11
0 12
0 15
0 16
0 22
0 23
0 24
0 32
0 39
0 42
0 43
0 45
0 55
0 56
0 57
0 66
0 74
0 75
0 77
0 85
0 90
0 91
0 92
0 93
0 95
0 100
0 109
0 114
0 115
0 116
0 117
0 118
0 121
0 123
0 128
0 130
0 132
0 134
0 137
0 143
0 146
0 147
0 149
0 153
0 160
0 162
0 164
0 165
0 167
0 170
0 171
0 174
0 175
0 176
0 179
0 180
0 188
0 190
0 194
0 196
0 198
0 255
0 259
0 314
0 485
0 522
0 627
0 664
0 667
0 684
0 716
0 735
0 826
0 895
0 909
0 920
0 961
0 978
1 2
1 3
1 4
1 5
1 10
1 17
1 21
1 28
1 32
1 34
1 48
1 51
1 52
1 64
1 80
1 81
1 82
1 86
1 96
1 97
1 107
1 110
1 111
1 115
1 121
1 125
1 126
1 136
1 137
1 144
1 148
1 154
1 161
1 167
1 168
1 182
1 188
1 198
1 200
1 370
1 387
1 407
1 426
1 459
1 567
1 574
1 686
1 713
1 745
1 751
1 776
1 800
1 901
1 996
2 3
2 5
2 10
2 12
2 13
2 17
2 21
2 23
2 25
2 28
2 35
2 41
2 47
2 74
2 87
2 92
2 94
2 98
2 105
2 129
2 135
2 136
2 142
2 143
2 146
2 148
2 154
2 159
2 170
2 175
2 186
2 189
2 199
2 274
2 294
2 411
2 423
2 428
2 514
2 599
2 601
2 610
2 615
2 621
2 622
2 632
2 662
2 687
2 717
2 730
2 771
2 779
2 835
2 928
3 5
3 6
3 9
3 12
3 16
3 19
3 20
3 21
3 23
3 28
3 31
3 39
3 53
3 59
3 61
3 65
3 66
3 71
3 72
3 73
3 77
3 81
3 85
3 86
3 88
3 93
3 96
3 100
3 127
3 131
3 132
3 136
3 140
3 143
3 146
3 156
3 157
3 159
3 163
3 170
3 177
3 181
3 182
3 185
3 189
3 194
3 210
3 219
3 228
3 251
3 273
3 342
3 371
3 413
3 429
3 525
3 586
3 634
3 680
3 685
3 706
3 718
3 724
3 726
3 746
3 763
3 814
3 830
3 879
3 940
3 945
3 955
3 993
4 8
4 331
4 767
4 959
4 100
4 5
4 6
4 11
4 12
4 13
4 24
4 25
4 68
4 79
4 83
4 106
4 141
5 10
5 17
5 19
5 26
5 37
5 46
5 77
5 81
5 103
5 171
5 190
5 233
5 386
5 439
5 447
5 500
5 503
5 511
5 516
5 552
5 587
5 601
5 614
5 725
5 838
5 934
5 950
5 100
5 8
5 9
5 13
5 15
5 20
5 28
5 69
5 74
5 78
5 89
5 101
5 122
5 149
6 32
6 33
6 232
6 237
6 338
6 592
6 755
6 790
6 799
6 10
6 14
6 27
6 31
6 37
6 39
6 45
6 72
6 80
6 85
6 86
6 93
6 97
6 106
6 110
6 124
6 139
7 60
8 14
8 15
8 29
8 36
8 44
8 47
8 49
8 69
8 115
8 125
8 164
8 202
8 221
8 257
8 290
8 302
8 347
8 359
8 362
8 379
8 385
8 400
8 404
8 410
8 454
8 515
8 517
8 521
8 528
8 578
8 580
8 598
8 605
8 630
8 663
8 692
8 812
8 855
8 864
8 866
8 893
8 903
8 904
8 933
8 943
8 958
8 965
8 100
8 16
8 23
8 77
8 79
8 129
9 14
9 67
9 289
9 329
9 456
9 629
9 10
9 18
9 21
9 33
9 58
10 17
10 40
10 41
10 46
10 50
10 108
10 201
10 440
10 497
10 544
10 561
10 639
10 647
10 770
10 878
10 908
10 15
10 18
10 31
10 48
10 77
10 111
10 115
10 127
11 52
11 55
11 124
11 133
11 151
11 191
11 300
11 303
11 336
11 384
11 406
11 458
11 495
11 508
11 529
11 556
11 562
11 651
11 674
11 677
11 695
11 727
11 737
11 776
11 777
11 794
11 842
11 886
11 912
11 929
11 930
11 986
11 181
12 13
12 15
12 18
12 24
12 34
12 58
12 64
12 67
12 78
12 82
12 86
12 101
12 118
12 121
12 161
12 208
12 231
12 301
12 343
12 348
12 356
12 368
12 420
12 436
12 448
12 449
12 461
12 466
12 478
12 490
12 509
12 520
12 530
12 534
12 539
12 540
12 560
12 563
12 579
12 594
12 609
12 611
12 618
12 646
12 650
12 652
12 694
12 705
12 708
12 741
12 753
12 758
12 781
12 809
12 810
12 815
12 817
12 822
12 829
12 847
12 885
12 891
12 892
12 894
12 967
12 973
12 984
12 14
12 28
12 41
12 113
13 18
13 55
13 64
13 68
13 78
13 173
13 265
13 292
13 350
13 361
13 660
13 92
13 136
14 19
14 29
14 53
14 56
14 92
14 112
14 120
14 124
14 145
14 167
14 186
14 245
14 252
14 256
14 341
14 349
14 418
14 427
14 613
14 620
14 658
14 661
14 682
14 683
14 766
14 767
14 775
14 795
14 808
14 853
14 863
14 865
14 962
14 23
14 51
14 75
15 293
15 358
15 412
15 805
15 42
15 51
15 57
16 104
16 598
16 760
16 133
16 135
16 152
17 25
17 40
17 41
17 50
17 54
17 59
17 85
17 197
17 419
17 443
17 469
17 552
17 559
17 633
17 754
17 899
17 954
17 100
17 56
17 110
18 194
18 644
18 67
18 86
19 26
19 27
19 31
19 52
19 60
19 90
19 94
19 97
19 108
19 109
19 116
19 150
19 172
19 181
19 198
19 215
19 240
19 242
19 267
19 268
19 269
19 271
19 282
19 283
19 288
19 307
19 321
19 340
19 382
19 390
19 421
19 445
19 446
19 481
19 482
19 524
19 536
19 547
19 557
19 602
19 624
19 625
19 649
19 667
19 669
19 676
19 681
19 711
19 717
19 722
19 750
19 764
19 850
19 857
19 872
19 897
19 914
19 941
19 956
19 971
19 100
19 20
19 133
20 38
20 211
20 867
20 25
21 187
21 266
21 295
21 308
21 551
21 721
21 100
21 26
22 453
22 100
22 57
22 74
22 99
22 134
23 51
23 106
23 203
23 209
23 595
23 833
23 44
23 58
23 73
23 136
23 138
23 194
24 30
24 36
24 45
24 48
24 89
24 91
24 95
24 107
24 149
24 183
24 192
24 309
24 395
24 435
24 589
24 788
24 796
24 803
24 936
24 995
24 37
24 46
24 61
24 82
24 83
24 87
24 103
24 105
24 110
25 37
25 40
25 41
25 253
25 844
25 120
26 46
26 234
26 326
26 843
26 869
26 43
26 102
27 189
27 216
27 907
27 50
27 70
27 104
28 51
28 82
28 138
28 144
28 185
28 455
28 575
28 792
28 849
28 898
28 900
28 938
28 987
28 38
28 41
28 59
28 66
28 99
29 35
29 38
29 44
29 73
29 104
29 243
29 310
29 773
29 917
29 174
30 96
30 156
30 489
30 534
30 572
30 848
30 935
31 42
31 214
31 56
31 145
32 33
32 245
32 262
32 322
32 409
32 569
32 656
32 659
33 54
33 67
33 96
34 51
34 67
34 173
34 248
34 546
34 638
34 723
35 102
35 123
35 130
35 155
35 175
35 236
35 488
35 657
35 688
35 690
35 846
35 868
35 910
35 948
35 981
36 58
36 76
36 200
36 204
36 280
36 877
36 939
36 202
37 235
37 793
37 801
37 118
38 102
38 806
39 63
39 196
39 296
39 311
39 313
39 417
39 450
39 476
39 486
39 517
39 549
39 600
39 636
39 734
39 743
39 840
39 948
39 972
39 52
40 62
40 79
40 84
40 215
41 671
41 700
41 84
41 132
41 201
42 88
42 124
42 226
42 58
43 63
43 697
43 52
44 72
44 111
44 114
44 218
44 330
44 492
44 714
45 510
45 966
45 98
46 225
46 365
46 604
46 988
46 100
46 137
46 145
47 75
47 89
47 95
47 149
47 217
47 285
47 364
47 541
47 582
47 720
47 969
47 100
48 100
48 202
48 363
48 430
48 655
48 728
48 836
48 69
48 136
50 106
50 617
51 101
51 133
51 263
51 434
51 852
51 860
51 926
51 61
52 63
52 88
52 251
52 505
52 875
52 905
52 83
52 96
53 93
53 261
53 270
53 373
53 555
53 791
54 442
54 666
54 66
54 84
54 147
55 68
55 105
55 152
55 194
55 606
56 396
56 89
56 97
57 227
57 794
57 72
57 98
58 166
59 61
59 84
59 212
59 783
60 98
60 131
60 139
60 173
60 178
60 206
60 457
60 538
60 566
60 733
60 736
60 839
60 890
60 911
60 960
60 963
60 189
62 108
62 628
62 970
63 113
63 160
63 195
63 351
63 369
63 468
63 491
63 504
63 583
63 699
63 747
63 757
63 762
63 851
63 858
63 870
63 871
63 964
63 975
63 991
64 83
64 542
66 85
67 83
67 106
67 111
67 220
67 241
67 286
67 304
67 392
67 441
67 480
67 518
67 603
67 631
67 738
67 769
67 827
67 828
67 845
67 876
67 887
67 922
67 931
67 976
68 70
68 171
68 570
68 732
68 100
68 134
69 113
69 565
70 299
71 425
71 706
72 130
73 352
73 576
73 992
73 78
73 108
73 118
73 120
73 150
74 168
75 80
75 99
75 119
75 122
75 151
75 224
75 249
75 306
75 320
75 339
75 381
75 388
75 389
75 405
75 414
75 437
75 474
75 484
75 490
75 494
75 535
75 696
75 727
75 740
75 752
75 874
75 880
75 915
75 918
75 997
77 129
77 152
77 158
77 187
77 205
77 260
77 325
77 394
77 585
77 672
77 698
77 701
77 739
77 798
77 813
77 819
77 889
77 927
78 641
80 276
82 158
82 545
82 648
82 780
82 823
82 955
83 109
83 119
83 127
84 142
84 177
84 178
84 222
84 246
84 298
84 748
84 980
84 116
84 143
85 99
85 103
85 112
85 140
85 141
85 201
85 398
85 402
85 472
85 475
85 503
85 523
85 577
85 581
85 607
85 637
85 678
85 702
85 747
85 778
85 831
85 861
85 881
85 888
85 923
85 946
85 971
85 999
85 176
86 91
86 353
86 408
86 590
86 704
86 882
86 989
86 121
86 135
86 182
87 275
87 277
87 761
88 332
88 977
89 756
89 112
89 159
90 433
90 821
90 100
91 397
92 127
92 142
92 195
92 207
92 287
92 291
92 335
92 357
92 374
92 380
92 470
92 479
92 519
92 533
92 550
92 553
92 573
92 640
92 793
92 811
92 913
93 115
93 327
93 493
93 724
93 884
94 496
94 782
94 785
94 837
94 862
94 873
95 117
95 125
95 213
95 264
95 305
95 324
95 501
95 841
95 100
96 318
96 334
96 655
96 957
96 144
96 148
96 151
97 128
97 366
97 463
97 668
97 172
98 162
98 184
98 230
98 258
98 309
98 376
98 612
98 635
98 715
98 774
98 804
98 906
98 979
99 116
99 759
99 198
100 272
100 424
100 834
100 125
100 146
100 156
101 368
101 506
101 158
102 135
102 221
102 772
102 867
103 201
103 375
104 160
104 396
104 464
104 719
104 768
105 184
105 265
105 564
106 247
106 372
106 465
106 670
106 691
106 712
106 816
106 854
106 883
107 125
107 543
107 937
107 166
108 244
108 284
108 444
108 584
108 921
108 952
108 953
110 391
110 416
110 985
110 187
111 346
111 593
111 787
111 935
113 145
113 310
113 749
113 896
114 166
115 135
115 155
115 278
115 315
115 317
115 319
115 451
115 588
115 596
115 653
115 742
115 832
115 949
116 191
116 297
116 328
116 399
116 460
116 477
116 502
117 250
117 487
117 797
117 968
118 165
118 179
118 183
118 345
118 608
118 919
120 150
120 537
121 122
121 168
121 316
121 401
121 432
121 473
121 527
121 548
121 591
121 597
121 654
121 673
121 744
121 799
121 820
121 944
123 354
123 415
123 554
123 994
123 155
124 279
124 367
124 731
124 191
125 170
125 254
125 188
126 645
127 679
127 160
128 916
129 157
129 239
129 377
129 507
129 619
129 689
129 707
129 784
129 856
129 921
129 972
130 157
130 360
130 431
130 951
130 998
131 167
131 172
131 403
131 422
131 477
131 498
131 693
131 802
131 990
131 197
132 134
132 174
132 499
132 703
132 807
132 932
133 146
134 147
134 378
134 571
134 623
134 642
134 789
135 169
135 438
135 471
135 513
136 323
136 880
137 141
137 281
137 462
137 467
137 568
137 825
137 925
138 355
138 383
138 859
139 142
139 193
139 238
139 532
139 581
139 643
140 526
140 558
140 765
140 177
141 616
142 223
142 393
142 729
142 786
142 902
142 947
142 982
143 163
143 531
143 818
144 710
144 824
144 148
145 344
145 675
145 924
146 337
146 626
146 709
148 483
148 491
148 677
148 942
149 165
149 183
149 229
149 512
149 665
149 974
150 312
151 592
151 983
152 333
152 452
152 938
155 160
157 169
160 195
162 200
167 176
177 184
180 184
182 202
