0 1
0 2
0 3
0 4
0 5
0 6
0 7
0 8
0 9
0 11
0 13
0 14
0 23
0 27
0 32
0 33
0 35
0 42
0 48
0 61
0 64
0 73
0 76
0 79
0 89
0 90
0 104
0 112
0 118
0 119
0 126
0 129
0 136
0 141
0 142
0 143
0 147
0 152
0 165
0 170
0 173
0 177
0 185
0 186
0 191
0 198
0 199
0 201
0 205
0 224
0 233
0 310
0 381
0 388
0 394
0 436
0 449
0 471
0 566
0 572
0 626
0 675
0 686
0 726
0 785
0 792
0 809
0 837
0 849
0 887
0 900
0 913
0 999
1 2
1 3
1 4
1 5
1 7
1 8
1 11
1 16
1 22
1 23
1 28
1 33
1 34
1 44
1 52
1 68
1 70
1 76
1 80
1 95
1 102
1 110
1 113
1 115
1 133
1 138
1 151
1 172
1 181
1 183
1 188
1 194
1 195
1 205
1 213
1 231
1 247
1 249
1 262
1 292
1 339
1 402
1 405
1 516
1 558
1 583
1 620
2 3
2 4
2 5
2 6
2 7
2 10
2 17
2 27
2 31
2 33
2 40
2 51
2 63
2 76
2 84
2 87
2 91
2 102
2 111
2 127
2 148
2 151
2 161
2 170
2 171
2 194
2 202
2 204
2 307
2 374
2 422
2 466
2 472
2 489
2 503
2 543
2 549
2 595
2 614
2 655
2 724
2 736
2 750
2 794
2 808
2 871
2 883
2 885
2 903
2 937
3 4
3 5
3 11
3 12
3 17
3 19
3 28
3 37
3 40
3 45
3 51
3 60
3 93
3 96
3 110
3 112
3 118
3 132
3 135
3 139
3 179
3 184
3 189
3 192
3 239
3 286
3 302
3 343
3 351
3 360
3 389
3 390
3 398
3 418
3 434
3 445
3 537
3 577
3 613
3 836
3 889
3 891
3 938
3 993
4 5
4 10
4 12
4 22
4 25
4 29
4 34
4 38
4 39
4 44
4 46
4 52
4 53
4 55
4 58
4 61
4 64
4 68
4 69
4 72
4 73
4 75
4 77
4 94
4 97
4 104
4 106
4 114
4 118
4 123
4 124
4 125
4 129
4 131
4 132
4 133
4 150
4 153
4 156
4 162
4 163
4 164
4 166
4 167
4 173
4 177
4 181
4 182
4 184
4 187
4 188
4 193
4 204
4 223
4 251
4 322
4 347
4 353
4 356
4 407
4 518
4 529
4 536
4 594
4 661
4 748
4 765
4 773
4 786
4 818
4 854
4 858
4 975
4 991
5 6
5 8
5 9
5 42
5 43
5 62
5 71
5 74
5 86
5 88
5 93
5 94
5 96
5 115
5 121
5 126
5 127
5 131
5 139
5 161
5 176
5 195
5 278
5 334
5 390
5 429
5 628
5 649
5 749
5 921
6 9
6 19
6 20
6 25
6 30
6 40
6 41
6 46
6 72
6 77
6 82
6 95
6 99
6 147
6 178
6 196
6 200
6 202
6 236
6 261
6 269
6 275
6 289
6 332
6 349
6 373
6 379
6 395
6 412
6 414
6 423
6 441
6 448
6 452
6 454
6 465
6 474
6 483
6 499
6 555
6 578
6 597
6 640
6 653
6 699
6 701
6 721
6 747
6 751
6 754
6 759
6 762
6 769
6 770
6 797
6 802
6 812
6 859
6 866
6 869
6 878
6 896
6 904
6 910
6 919
6 925
6 931
6 935
6 939
6 960
6 967
6 984
6 92
6 81
6 13
6 11
6 12
6 16
6 18
6 28
6 48
6 51
6 59
6 62
6 90
6 91
6 115
7 10
7 21
7 26
7 29
7 32
7 35
7 55
7 58
7 62
7 63
7 66
7 73
7 227
7 240
7 282
7 341
7 375
7 433
7 458
7 593
7 650
7 654
7 714
7 927
7 13
7 44
7 79
7 90
7 167
8 15
8 36
8 155
8 415
8 416
8 470
8 795
9 47
9 50
9 60
9 78
9 154
9 206
9 212
9 319
9 357
9 380
9 389
9 843
9 13
9 32
10 18
10 21
10 39
10 67
10 109
10 120
10 313
10 316
10 333
10 344
10 378
10 413
10 430
10 431
10 444
10 456
10 497
10 500
10 523
10 557
10 616
10 633
10 673
10 698
10 711
10 746
10 821
10 892
10 899
10 13
10 81
10 11
10 16
10 20
10 25
10 35
10 43
10 58
10 61
10 65
10 86
11 14
11 31
11 38
11 45
11 54
11 72
11 75
11 144
11 408
11 437
11 443
11 582
11 591
11 636
11 662
11 981
11 13
11 66
11 82
11 98
11 113
12 48
12 146
12 476
12 719
12 13
12 28
12 36
12 41
12 91
13 462
13 586
13 992
13 14
13 18
13 21
13 22
13 23
13 30
13 41
13 42
13 45
13 49
13 53
13 56
13 63
13 67
13 68
13 70
13 72
13 95
13 100
13 106
13 116
13 118
13 123
13 124
13 129
13 131
13 134
13 136
13 144
13 146
13 152
13 155
14 16
14 27
14 38
14 115
14 128
14 137
14 174
14 186
14 438
14 508
14 604
14 627
14 755
14 828
14 860
14 949
14 969
14 85
14 200
16 56
16 62
16 131
17 36
17 37
17 105
17 129
17 197
17 328
17 415
17 688
17 811
18 24
18 66
18 71
18 100
18 172
18 432
18 530
18 875
18 980
18 46
18 64
18 132
19 25
19 47
19 300
19 305
19 823
19 924
19 943
19 92
19 53
20 44
20 46
20 58
20 113
21 172
21 364
21 559
21 914
21 979
21 54
21 133
22 35
22 185
22 324
22 538
22 694
22 974
23 59
23 283
23 425
23 505
24 211
25 30
25 88
25 147
25 494
25 140
26 190
26 199
27 91
27 130
27 141
27 226
27 250
27 280
27 317
27 457
27 486
27 553
27 563
27 754
27 861
27 953
28 49
28 51
28 110
28 138
28 228
28 569
28 677
28 907
28 92
29 100
29 122
29 401
29 469
29 506
29 606
29 651
29 707
29 734
29 831
29 92
29 34
29 51
29 54
29 81
30 40
30 77
30 218
30 243
30 346
30 532
30 879
31 54
31 99
31 117
31 136
31 186
31 192
31 216
31 601
31 757
31 835
31 92
32 68
32 120
32 375
32 602
32 772
32 808
32 146
32 163
33 103
33 166
33 372
33 397
33 487
33 531
33 596
33 648
33 745
33 756
33 862
33 870
33 872
33 881
33 160
34 41
34 56
34 81
34 85
34 105
34 113
34 124
34 153
34 180
34 248
34 272
34 274
34 330
34 338
34 348
34 404
34 411
34 564
34 570
34 580
34 708
34 720
34 767
34 774
34 936
34 940
34 942
34 971
34 997
34 129
35 173
35 284
35 826
35 941
35 64
35 86
35 103
35 126
36 479
36 481
36 83
36 111
37 42
37 101
37 156
37 208
38 59
38 97
38 107
38 257
38 354
38 486
38 512
38 637
38 715
38 791
39 55
39 114
39 119
39 131
39 232
39 234
39 296
39 325
39 428
39 547
39 551
39 660
39 703
39 743
39 847
39 951
39 968
39 978
40 41
40 78
40 88
40 435
40 463
40 584
40 630
41 56
41 57
41 70
41 83
41 84
41 165
41 169
41 184
41 222
41 252
41 299
41 331
41 336
41 361
41 393
41 413
41 501
41 504
41 513
41 520
41 524
41 527
41 568
41 575
41 579
41 605
41 639
41 682
41 693
41 700
41 738
41 739
41 758
41 781
41 824
41 830
41 873
41 884
41 901
41 933
41 954
41 970
41 982
41 995
41 997
41 50
41 63
42 135
42 100
43 164
43 687
43 825
43 45
44 47
44 53
44 58
44 65
44 140
44 150
44 199
44 230
44 515
44 680
44 793
44 822
44 61
44 80
44 109
45 117
45 48
45 116
46 69
46 217
46 335
46 463
46 610
46 850
46 72
46 108
46 155
47 87
47 297
47 406
47 607
47 697
47 806
47 905
47 980
47 987
48 92
48 94
48 426
48 467
49 730
49 60
50 67
50 69
50 788
50 140
51 86
51 90
51 135
51 143
51 189
51 197
51 519
51 731
51 737
51 839
51 897
51 908
51 98
52 89
52 177
53 90
53 340
53 355
53 391
53 400
53 590
53 600
53 741
53 775
53 874
53 996
53 66
53 126
54 196
54 502
54 888
55 161
55 326
55 358
55 478
55 676
55 740
55 906
55 930
55 990
56 599
56 678
57 70
57 123
57 191
57 670
57 819
57 902
58 453
59 83
59 108
59 168
59 174
59 187
59 235
59 287
59 311
59 350
59 382
59 386
59 461
59 475
59 528
59 732
59 787
59 789
59 864
59 928
59 985
59 986
59 201
60 89
60 134
60 136
60 145
60 168
60 201
60 239
60 259
60 318
60 327
60 399
60 488
60 493
60 611
60 621
60 623
60 669
60 679
60 681
60 790
60 829
60 856
60 911
60 912
60 918
60 934
60 936
60 989
61 87
61 170
61 312
61 988
61 69
61 117
62 84
63 77
63 81
63 104
63 148
63 154
64 930
64 69
64 71
64 84
64 89
64 95
64 125
64 127
64 139
65 82
65 103
65 136
65 138
66 125
66 185
66 207
66 315
66 514
66 526
66 587
66 666
66 909
66 959
67 260
67 420
67 725
67 848
67 75
68 98
68 104
68 106
68 118
68 180
68 225
68 295
68 314
68 371
68 450
68 460
68 473
68 491
68 545
68 598
68 615
68 622
68 644
68 647
68 656
68 670
68 683
68 696
68 709
68 753
68 816
68 867
68 898
68 947
68 961
68 92
69 154
69 237
69 533
69 86
70 162
70 214
70 266
70 323
70 468
71 140
71 150
71 255
71 290
71 345
71 392
71 496
71 541
71 629
71 723
71 844
71 894
71 923
71 963
71 149
71 195
72 83
72 271
73 706
73 976
74 98
74 342
75 178
76 204
76 865
77 79
77 85
77 96
77 160
77 219
77 245
77 253
77 383
77 442
77 509
77 517
77 608
77 678
77 690
77 695
77 780
77 798
77 838
77 846
77 855
77 147
78 169
78 288
79 485
79 524
79 771
79 108
80 94
80 366
80 376
80 718
80 127
81 84
81 807
81 83
82 135
82 198
83 175
83 246
83 294
83 304
83 419
83 581
83 619
83 634
83 922
83 92
84 106
84 179
84 308
84 409
84 421
84 683
84 845
85 103
85 384
85 507
85 665
85 853
85 193
86 948
86 138
86 142
87 852
87 92
87 116
88 743
88 868
89 983
89 203
90 427
90 674
90 689
90 810
90 102
90 119
90 121
90 130
90 139
91 176
91 337
91 691
91 760
92 110
92 149
92 105
93 164
93 663
94 129
94 194
94 238
94 365
94 370
94 799
94 840
95 98
96 158
96 215
96 254
96 291
96 363
96 459
96 534
96 667
96 814
96 830
96 159
97 102
97 108
97 130
97 271
97 352
97 367
97 477
97 567
97 592
97 646
97 733
97 801
97 815
97 820
97 890
98 180
98 242
98 556
98 645
98 658
98 796
98 841
98 842
98 857
98 915
98 105
98 204
99 130
99 142
99 175
99 304
99 396
99 552
99 776
99 800
100 112
100 116
101 107
101 155
101 169
101 293
101 309
101 525
101 554
101 652
101 710
101 727
101 792
101 803
101 827
101 851
101 883
101 893
101 916
101 972
102 285
102 303
102 565
102 685
102 735
102 821
102 886
102 904
102 175
104 148
104 157
104 159
104 464
104 548
104 692
104 712
104 950
105 229
105 265
105 154
106 522
106 576
106 977
106 157
107 126
107 966
108 359
108 618
108 118
108 135
109 298
109 612
110 125
110 268
110 481
110 574
110 929
110 156
110 197
111 194
112 120
112 210
112 279
112 631
112 702
112 833
112 946
113 238
113 114
113 133
114 139
115 137
115 451
115 490
115 777
115 800
115 124
117 130
117 192
117 196
117 362
117 589
117 764
117 895
118 165
118 281
118 535
118 562
118 638
118 642
118 686
118 813
119 188
119 258
119 264
119 447
119 728
119 852
119 882
120 182
120 704
120 876
120 994
120 998
121 585
122 220
122 329
122 544
122 553
122 560
122 804
122 956
122 172
123 157
123 166
123 193
123 320
123 832
123 184
125 146
125 195
125 201
125 203
125 221
125 241
125 244
125 387
125 440
125 539
125 550
125 632
125 643
125 672
125 744
125 778
125 779
125 863
125 907
126 147
126 149
126 199
126 270
126 381
126 417
126 511
126 609
126 617
126 671
126 763
126 926
126 955
126 958
128 174
128 403
128 455
128 768
128 964
128 973
129 495
129 510
129 752
130 480
130 540
130 571
130 784
130 817
131 446
131 766
131 834
131 137
133 385
133 549
134 170
135 573
135 624
136 713
136 152
136 174
137 603
138 625
139 588
139 597
139 695
139 880
140 256
141 160
141 276
141 287
141 301
141 306
141 321
141 368
141 410
141 492
141 498
141 592
141 657
141 668
141 684
141 705
141 729
141 742
141 761
141 783
141 805
141 944
141 957
141 962
141 971
141 158
141 179
142 175
142 178
142 205
142 267
142 466
142 917
142 945
142 965
143 717
146 542
146 635
146 716
147 263
147 369
147 377
147 439
147 546
147 641
147 698
147 782
147 877
147 920
148 273
149 153
149 156
149 799
150 209
150 484
150 161
151 561
151 664
151 722
152 277
152 423
152 659
152 932
154 424
154 952
155 482
155 521
155 717
159 180
162 180
183 188
