0 1
0 2
0 3
0 4
0 6
0 10
0 12
0 14
0 15
0 18
0 19
0 32
0 33
0 39
0 42
0 46
0 50
0 64
0 68
0 70
0 71
0 74
0 75
0 81
0 82
0 83
0 88
0 91
0 96
0 100
0 107
0 110
0 114
0 123
0 126
0 128
0 131
0 142
0 147
0 148
0 151
0 161
0 162
0 175
0 182
0 190
0 195
0 199
0 202
0 204
0 211
0 224
0 236
0 325
0 341
0 364
0 381
0 406
0 419
0 476
0 502
0 523
0 526
0 527
0 657
0 679
0 740
0 753
0 777
0 803
0 813
0 828
0 844
0 856
0 903
0 920
0 961
0 989
0 991
1 2
1 3
1 4
1 5
1 11
1 13
1 14
1 30
1 35
1 36
1 37
1 39
1 43
1 46
1 56
1 57
1 60
1 65
1 72
1 73
1 77
1 95
1 98
1 106
1 109
1 114
1 119
1 120
1 122
1 130
1 134
1 139
1 151
1 162
1 169
1 170
1 176
1 184
1 186
1 196
1 204
1 207
1 213
1 214
1 233
1 256
1 275
1 276
1 279
1 303
1 305
1 314
1 322
1 367
1 388
1 500
1 534
1 556
1 557
1 576
1 614
1 682
1 726
1 734
1 796
1 809
1 866
1 892
1 974
1 992
2 3
2 4
2 7
2 9
2 57
2 67
2 70
2 82
2 110
2 115
2 145
2 150
2 180
2 238
2 712
2 833
3 4
3 5
3 9
3 13
3 15
3 17
3 19
3 21
3 22
3 25
3 27
3 29
3 30
3 40
3 49
3 55
3 57
3 61
3 74
3 84
3 90
3 99
3 103
3 105
3 119
3 137
3 138
3 144
3 147
3 158
3 165
3 172
3 177
3 182
3 184
3 185
3 186
3 192
3 201
3 202
3 212
3 302
3 316
3 374
3 380
3 400
3 458
3 641
3 644
3 660
3 672
3 708
3 800
3 818
3 848
3 926
3 963
4 7
4 8
4 9
4 18
4 19
4 23
4 27
4 37
4 38
4 44
4 45
4 48
4 49
4 52
4 69
4 70
4 76
4 78
4 89
4 93
4 96
4 114
4 127
4 149
4 150
4 152
4 154
4 163
4 168
4 174
4 181
4 190
4 195
4 197
4 204
4 209
4 283
4 335
4 349
4 356
4 554
4 573
4 619
4 651
4 665
4 677
4 701
4 713
4 774
4 807
4 843
5 10
5 47
5 54
5 58
5 62
5 86
5 94
5 244
5 271
5 354
5 357
5 368
5 546
5 558
5 561
5 705
5 93
5 6
5 7
5 8
5 9
5 17
5 24
5 30
5 32
5 40
5 114
5 138
6 14
6 35
6 92
6 998
6 8
6 10
6 42
6 47
6 77
6 89
6 93
6 104
6 111
6 130
6 131
6 135
7 15
7 24
7 29
7 102
7 130
7 196
7 240
7 440
7 695
7 913
7 16
7 22
7 51
7 76
7 81
7 94
8 10
8 16
8 498
8 724
8 93
8 11
8 14
8 17
8 19
8 23
8 25
8 68
8 80
8 81
8 102
8 154
9 11
9 26
9 41
9 45
9 47
9 59
9 76
9 146
9 163
9 272
9 281
9 372
9 426
9 461
9 483
9 529
9 577
9 709
9 757
9 832
9 855
9 905
9 944
9 993
10 12
10 13
10 16
10 58
10 62
10 71
10 137
10 143
10 284
10 503
10 538
10 651
10 975
11 26
11 56
11 222
11 88
11 123
11 140
11 152
11 173
12 21
12 48
12 149
12 184
12 185
12 338
12 582
12 826
12 858
13 51
13 148
13 384
13 442
13 515
13 93
13 15
14 33
14 35
14 60
14 85
14 92
14 145
14 152
14 264
14 429
14 780
14 47
14 50
14 74
14 99
15 18
15 24
15 28
15 31
15 133
15 167
15 262
15 287
15 297
15 401
15 547
15 586
15 631
15 744
15 749
15 764
15 799
15 811
15 949
15 16
15 21
15 48
15 64
16 48
16 89
16 124
16 125
16 453
16 852
16 40
16 49
16 55
16 60
16 79
16 99
16 198
17 454
17 711
17 20
17 53
17 59
18 28
18 38
18 68
18 113
18 191
18 762
19 20
19 27
19 32
19 97
19 116
19 125
19 138
19 180
19 188
19 199
19 250
19 253
19 255
19 353
19 479
19 615
19 617
19 658
19 789
19 918
19 979
19 986
19 93
19 25
19 26
19 40
20 27
20 42
20 193
20 351
20 369
20 457
20 652
20 736
20 783
20 41
20 126
20 145
21 22
21 52
21 55
21 76
21 79
21 88
21 94
21 106
21 107
21 121
21 124
21 149
21 160
21 201
21 203
21 282
21 310
21 318
21 390
21 416
21 516
21 589
21 600
21 656
21 659
21 662
21 675
21 725
21 752
21 770
21 775
21 837
21 841
21 853
21 860
21 902
21 959
21 969
21 971
21 990
21 35
21 82
22 45
22 69
22 107
22 139
22 190
22 223
22 319
22 550
22 632
22 816
23 33
23 35
23 81
23 115
23 144
23 317
23 742
23 835
23 875
23 904
23 148
24 38
24 75
24 92
24 105
24 247
24 385
24 525
24 613
24 865
24 908
24 27
24 48
24 53
24 73
24 107
24 109
25 41
25 53
25 56
25 69
25 118
25 146
25 301
25 307
25 425
25 435
25 469
25 474
25 506
25 542
25 793
25 977
25 36
25 51
25 60
25 70
25 73
25 91
25 95
25 105
25 119
25 133
25 136
26 306
26 359
26 398
26 478
26 820
27 34
27 42
27 43
27 65
27 80
27 83
27 175
27 181
27 246
27 326
27 477
27 494
27 555
27 700
27 785
27 869
28 30
28 90
28 321
28 493
28 530
28 601
28 180
29 512
29 629
29 93
29 45
29 87
29 192
30 44
30 132
30 135
30 175
30 189
30 192
30 231
30 248
30 249
30 343
30 403
30 446
30 484
30 491
30 524
30 543
30 572
30 603
30 636
30 655
30 699
30 710
30 722
30 802
30 915
30 919
30 966
31 102
31 110
31 328
31 366
31 768
32 130
32 361
32 597
32 38
32 84
32 119
33 115
33 672
33 737
33 829
33 157
34 132
34 427
34 824
35 129
35 409
35 590
35 103
36 194
36 611
36 93
36 43
36 79
36 163
37 40
37 64
37 160
37 375
37 382
37 489
37 501
37 505
37 549
37 690
37 912
38 719
38 77
39 61
39 539
39 584
39 591
39 892
40 80
40 187
40 288
41 45
41 53
41 55
41 72
41 79
41 327
41 333
41 449
41 473
41 596
41 909
41 914
41 56
41 58
41 66
42 171
42 199
42 308
42 311
42 615
42 746
42 999
43 65
43 81
43 225
43 254
43 278
43 397
43 405
43 510
43 575
43 657
43 673
43 717
43 804
43 822
43 851
43 881
43 904
43 935
43 938
43 942
43 976
43 994
43 93
43 46
43 78
43 188
44 68
44 165
44 229
44 340
44 431
44 432
44 507
44 514
44 525
44 650
44 686
44 778
44 834
44 859
44 864
44 946
45 79
45 84
45 118
45 134
45 664
45 773
45 924
45 97
46 57
46 83
46 93
47 62
47 86
47 111
47 141
47 194
47 227
47 299
47 352
47 421
47 445
47 511
47 537
47 587
47 623
47 625
47 666
47 676
47 688
47 702
47 750
47 767
47 839
47 911
47 917
47 957
47 74
48 50
48 54
48 124
48 141
48 215
48 85
48 92
49 109
49 797
50 51
50 52
50 66
50 74
50 94
50 101
50 116
50 127
50 135
50 164
50 208
50 270
50 280
50 289
50 336
50 337
50 350
50 355
50 423
50 424
50 470
50 495
50 551
50 552
50 560
50 739
50 814
50 882
50 928
50 929
50 941
50 945
50 947
50 93
50 59
51 134
51 185
51 950
51 61
51 85
52 86
52 153
52 155
52 178
52 179
52 205
52 226
52 235
52 260
52 291
52 444
52 528
52 588
52 604
52 607
52 612
52 727
52 791
52 823
52 845
52 854
52 898
52 930
52 951
52 983
53 106
53 118
53 220
53 292
53 646
53 837
53 873
53 883
53 954
53 93
53 87
53 154
54 62
54 169
54 668
54 886
54 897
55 79
55 163
55 183
55 395
55 473
55 618
55 688
55 758
55 867
55 932
55 996
55 69
55 70
55 139
57 60
57 63
57 67
57 171
57 172
57 176
57 188
57 239
57 312
57 377
57 448
57 450
57 452
57 467
57 531
57 570
57 583
57 610
57 616
57 626
57 645
57 653
57 661
57 674
57 681
57 685
57 694
57 720
57 728
57 729
57 738
57 763
57 788
57 805
57 901
57 921
57 939
57 953
57 960
57 964
57 93
58 66
58 318
58 509
58 731
58 754
58 93
59 747
59 66
59 203
60 309
61 182
61 274
61 107
62 125
62 137
62 438
62 447
62 684
62 693
62 830
62 870
63 798
64 95
64 129
64 145
64 156
64 157
64 162
64 200
64 219
64 237
64 266
64 285
64 295
64 296
64 312
64 313
64 379
64 408
64 420
64 455
64 482
64 595
64 624
64 633
64 634
64 642
64 649
64 680
64 691
64 703
64 772
64 827
64 836
64 838
64 846
64 857
64 874
64 900
64 973
65 80
65 136
65 370
65 652
65 734
65 808
65 895
65 940
66 71
66 86
66 121
66 148
66 541
66 825
66 83
67 84
67 85
67 92
67 109
67 129
67 298
67 383
67 392
67 437
67 475
67 487
67 521
67 715
67 721
67 730
67 888
67 952
67 995
68 168
68 414
68 630
68 850
69 578
69 93
69 123
69 151
70 74
70 93
70 123
70 140
70 387
70 669
70 706
70 727
70 817
70 879
70 884
70 95
70 150
71 360
71 464
71 517
71 639
71 806
71 937
71 988
72 103
73 153
74 98
74 350
74 415
74 519
74 781
75 114
75 258
76 87
76 243
76 339
76 952
76 980
76 111
77 96
78 110
79 173
79 267
79 497
79 511
79 593
79 110
80 135
80 245
80 255
80 402
80 564
80 647
81 117
81 221
81 228
81 759
81 970
81 141
82 108
82 861
82 93
82 92
82 97
82 145
83 97
83 84
83 101
83 150
84 456
84 678
84 91
84 104
85 261
85 842
86 141
86 488
86 671
86 831
86 903
87 984
88 263
88 451
88 571
89 212
89 290
89 620
90 166
90 179
90 195
90 232
90 345
90 362
90 396
90 404
90 410
90 411
90 434
90 441
90 459
90 460
90 485
90 520
90 522
90 535
90 544
90 566
90 594
90 599
90 627
90 648
90 663
90 691
90 692
90 716
90 765
90 790
90 821
90 840
90 847
90 850
90 889
90 907
90 936
90 943
90 956
90 93
91 133
91 161
92 346
92 410
92 428
92 496
92 512
92 548
92 698
92 894
92 96
92 99
92 114
93 198
93 606
93 628
93 96
93 108
93 116
93 119
93 122
93 127
93 129
93 131
93 134
93 141
93 144
94 131
94 242
94 365
94 417
94 499
94 580
94 756
94 815
94 893
94 910
94 182
95 126
95 156
95 340
95 391
95 481
95 574
95 819
95 876
95 896
96 103
97 436
97 598
97 635
97 955
97 120
98 378
99 111
99 179
101 193
101 304
101 433
101 480
101 137
102 113
102 217
102 412
102 490
102 569
102 880
102 121
103 104
103 106
104 771
105 180
105 187
105 218
105 269
105 300
105 315
105 553
105 567
105 761
105 933
105 968
105 144
105 195
105 196
106 399
106 890
107 581
107 132
108 751
109 540
109 766
109 116
110 112
110 168
110 294
110 348
110 545
110 585
110 707
110 784
110 906
111 124
111 152
113 268
113 286
113 386
113 696
113 748
113 787
113 887
113 191
114 422
114 518
114 697
114 714
114 784
114 810
114 863
114 978
114 136
115 126
115 200
115 210
115 329
115 513
115 637
115 760
115 962
116 172
116 188
116 394
116 129
117 794
118 332
118 413
119 137
119 153
120 191
121 393
121 872
122 358
123 430
123 781
124 257
124 344
124 465
124 969
125 140
125 147
125 331
125 376
125 418
125 468
125 605
125 642
125 735
125 745
125 982
125 997
126 704
126 868
127 164
127 592
128 198
128 230
128 504
128 532
128 562
128 782
128 967
128 981
128 985
129 144
129 324
130 154
130 463
130 545
130 723
130 779
131 142
131 144
131 161
131 563
131 885
131 934
131 991
132 565
132 602
132 786
132 987
133 342
134 139
134 203
134 259
134 330
134 462
134 619
134 689
134 712
134 877
134 965
137 241
138 152
138 159
138 206
138 265
138 323
138 334
138 336
138 347
138 439
138 492
138 535
138 559
138 643
138 654
138 741
138 769
138 776
138 812
138 878
138 899
138 922
138 923
138 925
138 948
138 958
138 187
138 193
139 251
139 273
139 371
139 621
139 640
139 732
139 795
139 927
139 148
140 568
140 871
141 201
142 216
142 718
142 743
142 891
143 252
144 579
144 801
145 166
145 178
145 755
146 151
146 180
146 234
146 293
146 373
146 389
146 622
146 194
147 277
147 320
147 363
147 443
147 471
147 472
147 508
147 683
147 862
147 916
147 931
148 609
149 472
149 486
149 536
149 687
149 733
149 849
150 972
150 185
151 533
151 792
152 667
153 466
153 608
154 407
154 638
154 670
154 945
155 169
