0 1
0 2
0 3
0 4
0 5
0 6
0 10
0 11
0 12
0 19
0 24
0 27
0 30
0 32
0 53
0 59
0 61
0 64
0 66
0 69
0 70
0 71
0 72
0 74
0 85
0 86
0 88
0 90
0 91
0 96
0 110
0 117
0 130
0 135
0 147
0 151
0 152
0 154
0 158
0 160
0 166
0 178
0 180
0 183
0 189
0 204
0 231
0 240
0 259
0 283
0 288
0 356
0 420
0 470
0 504
0 522
0 529
0 542
0 545
0 555
0 559
0 572
0 628
0 677
0 682
0 807
0 876
0 883
0 921
0 924
0 940
0 979
0 982
1 2
1 3
1 4
1 17
1 22
1 37
1 50
1 57
1 60
1 61
1 75
1 103
1 104
1 114
1 118
1 123
1 127
1 131
1 142
1 151
1 156
1 176
1 193
1 195
1 199
1 204
1 320
1 346
1 373
1 406
1 494
1 571
1 651
1 659
1 709
1 728
1 759
1 786
1 923
2 3
2 4
2 26
2 30
2 34
2 41
2 63
2 67
2 70
2 71
2 77
2 132
2 134
2 144
2 147
2 151
2 153
2 164
2 170
2 178
2 179
2 181
2 184
2 196
2 206
2 235
2 274
2 342
2 380
2 427
2 595
2 600
2 641
2 703
2 859
2 971
3 4
3 5
3 6
3 8
3 9
3 10
3 11
3 13
3 19
3 27
3 42
3 45
3 49
3 50
3 54
3 59
3 72
3 74
3 76
3 79
3 83
3 85
3 90
3 97
3 107
3 110
3 117
3 121
3 125
3 126
3 131
3 132
3 134
3 136
3 138
3 139
3 140
3 142
3 147
3 149
3 153
3 154
3 160
3 161
3 164
3 165
3 171
3 173
3 177
3 180
3 187
3 191
3 196
3 197
3 211
3 230
3 291
3 295
3 298
3 308
3 318
3 345
3 368
3 388
3 407
3 440
3 448
3 491
3 500
3 523
3 547
3 551
3 717
3 799
3 818
3 852
3 854
3 860
3 863
3 866
3 867
3 878
3 880
3 911
4 7
4 13
4 19
4 20
4 24
4 29
4 30
4 32
4 54
4 65
4 80
4 98
4 100
4 102
4 108
4 117
4 128
4 132
4 143
4 149
4 154
4 157
4 169
4 170
4 171
4 187
4 194
4 202
4 255
4 258
4 315
4 435
4 471
4 540
4 607
4 672
4 745
4 748
4 766
4 857
4 865
4 914
4 950
5 9
5 40
5 68
5 78
5 79
5 115
5 240
5 352
5 708
5 761
5 830
5 847
5 869
5 896
5 897
5 934
5 99
5 6
5 11
5 14
5 19
5 54
5 111
5 114
5 147
6 8
6 10
6 14
6 16
6 21
6 23
6 26
6 27
6 39
6 48
6 52
6 55
6 58
6 81
6 92
6 96
6 105
6 106
6 118
6 129
6 134
6 145
6 153
6 168
6 184
6 191
6 194
6 200
6 212
6 219
6 221
6 254
6 267
6 271
6 275
6 312
6 313
6 328
6 335
6 336
6 343
6 350
6 402
6 417
6 443
6 444
6 458
6 461
6 472
6 483
6 486
6 512
6 519
6 530
6 534
6 536
6 556
6 573
6 578
6 611
6 625
6 626
6 631
6 656
6 680
6 704
6 721
6 724
6 726
6 749
6 752
6 754
6 762
6 777
6 792
6 800
6 809
6 836
6 837
6 843
6 844
6 845
6 848
6 849
6 888
6 889
6 890
6 952
6 99
6 41
6 7
6 19
6 37
6 44
6 45
7 13
7 18
7 33
7 39
7 47
7 63
7 119
7 337
7 515
7 527
7 918
7 9
7 15
7 17
7 23
7 31
7 35
7 45
7 57
7 60
7 65
7 142
7 145
8 9
8 14
8 15
8 17
8 25
8 46
8 58
8 94
8 106
8 108
8 115
8 124
8 125
8 132
8 133
8 139
8 146
8 149
8 171
8 216
8 227
8 249
8 266
8 285
8 306
8 309
8 324
8 434
8 451
8 464
8 503
8 524
8 543
8 580
8 601
8 608
8 630
8 647
8 661
8 686
8 693
8 700
8 739
8 750
8 760
8 805
8 850
8 851
8 864
8 885
8 893
8 917
8 992
9 17
9 24
9 36
9 38
9 40
9 78
9 167
9 263
9 395
9 533
9 562
9 829
9 919
9 41
9 71
9 81
9 111
10 16
10 23
10 105
10 260
10 813
10 815
10 816
10 834
10 41
10 12
10 17
10 18
10 34
10 75
10 81
10 131
11 14
11 15
11 41
11 57
11 575
11 62
12 22
12 43
12 148
12 173
12 252
12 256
12 311
12 322
12 446
12 469
12 506
12 514
12 526
12 709
12 987
13 18
13 33
13 37
13 122
13 137
13 197
13 209
13 241
13 294
13 304
13 542
13 553
13 797
13 824
13 856
13 996
14 15
14 29
14 38
14 89
14 100
14 120
14 409
14 429
14 594
14 962
14 16
14 26
14 30
14 49
14 79
14 113
14 132
15 21
15 34
15 353
15 371
15 428
15 484
15 675
15 767
16 27
16 51
16 55
16 191
16 563
16 826
16 998
16 101
16 146
17 25
17 35
17 46
17 135
17 198
17 262
17 280
17 531
17 793
17 810
17 922
17 946
17 19
17 22
17 24
17 28
17 37
17 43
17 90
17 128
17 140
18 942
18 41
18 52
18 116
18 123
18 124
19 72
19 81
19 88
19 220
19 546
19 718
19 731
19 742
19 839
19 24
19 96
20 22
20 166
20 244
20 507
21 29
21 48
21 109
21 214
21 382
21 613
21 41
21 39
21 42
21 58
21 87
21 110
21 112
21 129
21 151
22 31
22 86
22 99
22 456
22 77
23 62
23 910
23 34
23 40
23 47
23 48
23 52
23 103
23 120
23 126
24 28
24 35
24 36
24 46
24 68
24 116
24 157
24 171
24 192
24 213
24 225
24 242
24 314
24 367
24 385
24 436
24 449
24 462
24 488
24 541
24 552
24 576
24 601
24 624
24 642
24 694
24 696
24 794
24 830
24 956
24 29
24 39
24 40
24 50
24 61
25 35
25 36
25 208
25 238
25 364
25 453
25 501
25 561
25 702
25 999
27 49
27 54
27 62
27 85
27 112
27 127
27 144
27 173
27 186
27 239
27 268
27 316
27 330
27 348
27 366
27 397
27 416
27 442
27 465
27 489
27 517
27 557
27 609
27 712
27 713
27 780
27 803
27 811
27 822
27 881
27 906
27 963
28 329
28 502
28 113
29 57
29 95
29 128
29 168
29 223
29 227
29 303
29 401
29 828
30 86
30 166
30 282
30 355
30 463
30 574
30 587
30 699
30 775
31 53
31 65
31 76
31 106
31 119
31 122
32 38
32 234
32 412
33 44
33 67
33 77
33 188
33 197
33 201
33 589
33 635
33 719
33 884
33 99
33 43
33 68
33 82
33 107
33 120
34 560
34 840
34 36
34 43
34 47
34 61
34 110
35 233
35 289
35 577
35 789
35 41
35 99
35 39
35 100
35 138
36 164
36 264
36 301
37 87
37 127
37 152
37 163
37 226
37 638
37 817
37 41
37 78
37 95
37 121
37 124
38 60
38 64
38 68
38 78
38 89
38 101
38 135
38 155
38 167
38 265
38 325
38 334
38 339
38 347
38 351
38 370
38 398
38 410
38 421
38 467
38 481
38 505
38 509
38 549
38 569
38 585
38 620
38 648
38 660
38 720
38 733
38 743
38 747
38 756
38 782
38 783
38 814
38 877
38 901
38 953
38 958
38 99
38 46
38 58
38 76
38 85
39 47
39 55
39 56
39 93
39 104
39 122
39 126
39 129
39 161
39 194
39 357
39 363
39 413
39 433
39 492
39 500
39 610
39 669
39 779
39 784
39 804
39 881
39 900
39 936
39 972
39 974
39 983
39 90
39 105
39 163
39 165
39 191
40 43
40 46
40 49
40 66
40 91
40 199
40 250
40 475
40 482
40 567
40 710
40 764
40 810
40 862
40 872
40 895
40 903
40 945
40 986
40 57
40 144
40 146
40 187
41 95
41 49
41 116
41 122
42 55
42 184
42 218
42 248
42 338
42 359
42 391
42 618
42 50
42 101
43 65
43 403
43 537
43 931
43 62
43 72
43 74
43 110
44 224
44 340
44 525
44 539
44 735
44 64
44 131
44 203
45 73
45 172
45 268
45 287
45 292
45 379
45 468
45 582
45 692
45 52
45 94
45 117
46 115
46 155
46 192
46 284
46 550
46 663
46 674
46 819
46 842
46 905
46 967
46 975
46 84
46 153
47 150
47 179
47 207
47 253
47 272
47 365
49 66
49 84
49 399
49 56
49 80
50 74
50 82
50 100
50 112
50 145
50 185
50 195
50 246
50 266
50 305
50 487
50 493
50 575
50 583
50 637
50 655
50 657
50 678
50 687
50 688
50 785
50 790
50 808
50 907
50 927
50 977
50 66
52 63
52 64
53 217
53 755
54 99
54 76
55 67
55 87
55 172
55 203
55 215
55 228
55 245
55 251
55 286
55 393
55 400
55 414
55 558
55 607
55 658
55 676
55 746
55 781
55 833
55 858
55 957
55 988
55 99
56 882
56 60
57 94
57 141
57 146
57 210
57 247
57 721
57 722
57 189
58 372
58 134
59 317
59 432
59 447
59 604
59 970
59 980
60 124
60 148
60 236
60 327
60 332
60 426
60 439
60 581
60 687
60 740
60 823
60 892
60 72
60 89
60 112
61 76
61 107
61 152
61 158
61 161
61 176
61 195
61 201
61 273
61 360
61 389
61 422
61 427
61 450
61 466
61 480
61 521
61 564
61 566
61 595
61 684
61 689
61 697
61 769
61 788
61 821
61 902
61 908
61 920
61 925
61 939
61 955
61 969
62 92
62 93
62 113
62 129
62 297
62 579
62 598
62 827
62 89
62 194
63 197
64 82
64 128
64 205
64 237
64 538
64 621
64 744
64 126
64 136
65 123
65 202
65 771
65 937
66 103
66 185
66 198
66 457
66 757
66 135
66 175
66 195
67 77
67 137
67 362
67 374
67 387
67 454
68 386
68 419
68 935
68 192
69 294
69 425
69 602
69 723
69 179
69 201
70 727
70 984
71 81
71 153
71 175
71 181
71 261
71 277
71 307
71 408
71 441
71 452
71 498
71 508
71 520
71 603
71 615
71 629
71 634
71 701
71 738
71 812
71 825
71 843
71 887
71 928
71 87
72 73
72 98
72 111
72 182
72 286
72 349
72 679
72 736
72 773
72 796
72 904
72 949
73 142
74 639
74 673
74 916
75 163
75 281
75 390
75 392
75 415
75 586
75 597
75 645
75 670
75 715
75 753
75 774
75 873
75 926
75 961
75 133
76 99
76 103
76 190
76 203
76 290
76 321
76 381
76 396
76 525
76 705
76 795
76 868
76 944
76 954
76 995
76 131
77 300
77 495
77 518
77 532
77 565
77 669
77 685
77 787
77 855
78 131
78 716
78 835
78 875
78 943
78 948
78 129
79 548
79 126
80 149
81 125
82 117
82 130
82 270
82 404
82 511
82 633
82 698
82 776
82 803
83 170
84 97
85 474
85 596
85 105
85 186
86 478
87 394
87 627
87 662
87 92
87 111
89 120
90 174
91 681
92 93
92 383
92 991
93 798
93 886
93 929
94 591
94 103
95 109
95 411
95 499
95 654
96 130
96 375
96 440
96 151
97 123
97 152
97 190
97 333
97 423
97 490
97 497
97 568
97 584
97 590
97 599
97 622
97 632
97 644
97 664
97 732
97 765
97 768
97 838
97 870
97 874
97 951
97 959
97 978
97 990
98 156
98 193
98 650
98 695
99 516
99 129
99 173
100 437
101 106
101 119
101 891
101 960
102 148
102 276
103 112
103 136
103 202
103 496
103 649
103 806
103 912
103 941
103 985
104 183
104 269
104 319
104 445
104 653
104 667
105 129
105 232
105 619
105 976
105 143
105 147
106 221
106 293
106 690
106 832
106 894
107 196
108 175
108 418
108 922
109 341
109 376
109 511
109 652
109 763
110 229
110 685
110 112
112 136
112 148
112 186
112 479
112 528
112 640
114 770
114 151
117 200
117 296
117 499
117 915
118 430
119 138
119 197
119 455
119 460
119 477
119 606
119 612
119 802
120 707
120 997
121 182
121 183
121 222
121 358
121 554
121 714
121 730
121 913
121 141
124 909
125 593
125 646
126 278
126 299
126 665
126 853
126 930
127 310
127 476
127 491
127 898
127 932
127 966
128 189
129 899
129 156
131 354
131 424
131 485
131 711
131 758
131 861
131 869
131 871
131 947
131 968
131 148
132 147
132 187
132 302
132 323
132 334
132 344
132 378
132 405
132 459
132 473
132 510
132 691
132 706
132 734
132 751
132 772
132 778
132 820
132 964
132 973
132 981
132 144
134 162
134 179
134 257
134 288
134 326
134 377
134 384
134 544
134 588
134 592
134 614
134 616
134 623
134 636
134 671
134 683
134 729
134 741
134 831
134 841
134 846
134 879
135 605
135 993
137 203
137 431
137 725
138 513
138 160
138 161
139 668
140 737
142 177
143 185
144 965
144 153
145 535
146 243
146 279
146 643
146 666
146 989
148 331
148 361
148 369
148 933
148 994
149 438
149 970
150 527
151 159
152 570
153 791
153 801
153 991
153 177
154 190
154 617
154 938
154 166
160 204
163 178
166 202
174 176
177 194
182 194
