0 1
0 2
0 3
0 4
0 5
0 6
0 7
0 8
0 9
0 10
0 11
0 28
0 37
0 39
0 44
0 47
0 51
0 57
0 59
0 72
0 85
0 89
0 98
0 99
0 138
0 140
0 144
0 145
0 148
0 150
0 153
0 181
0 182
0 186
0 192
0 197
0 198
0 202
0 207
0 233
0 451
0 526
0 572
0 601
0 634
0 658
0 671
0 679
0 713
0 792
0 834
0 871
0 975
0 984
0 993
1 2
1 3
1 4
1 9
1 10
1 11
1 12
1 25
1 34
1 35
1 38
1 40
1 47
1 51
1 58
1 59
1 60
1 71
1 72
1 74
1 80
1 85
1 90
1 94
1 97
1 99
1 105
1 123
1 125
1 127
1 129
1 130
1 135
1 149
1 156
1 162
1 173
1 176
1 216
1 219
1 228
1 262
1 298
1 337
1 395
1 419
1 487
1 498
1 502
1 509
1 549
1 571
1 637
1 642
1 643
1 663
1 696
1 734
1 745
1 764
1 782
1 876
1 890
1 910
1 941
1 988
2 3
2 4
2 7
2 20
2 24
2 27
2 28
2 30
2 50
2 54
2 56
2 66
2 68
2 70
2 77
2 79
2 114
2 122
2 126
2 127
2 129
2 141
2 151
2 158
2 164
2 166
2 168
2 177
2 178
2 185
2 191
2 192
2 198
2 222
2 255
2 272
2 315
2 327
2 355
2 493
2 495
2 499
2 504
2 524
2 548
2 586
2 698
2 714
2 725
2 754
2 785
2 814
2 843
2 896
2 931
2 973
2 999
3 4
3 6
3 13
3 32
3 35
3 45
3 53
3 81
3 82
3 107
3 108
3 112
3 115
3 119
3 128
3 129
3 133
3 138
3 145
3 146
3 159
3 180
3 184
3 193
3 201
3 203
3 218
3 254
3 298
3 350
3 409
3 455
3 482
3 565
3 705
3 829
3 878
4 7
4 11
4 12
4 13
4 14
4 23
4 25
4 28
4 29
4 30
4 31
4 33
4 36
4 39
4 48
4 49
4 51
4 54
4 59
4 64
4 70
4 79
4 81
4 82
4 84
4 91
4 93
4 102
4 105
4 106
4 113
4 126
4 128
4 133
4 137
4 141
4 145
4 147
4 150
4 152
4 153
4 155
4 156
4 160
4 183
4 185
4 189
4 195
4 200
4 271
4 282
4 304
4 339
4 349
4 352
4 393
4 425
4 445
4 448
4 454
4 479
4 511
4 575
4 594
4 600
4 675
4 775
4 802
4 804
4 822
4 826
4 892
4 906
4 916
4 923
4 928
4 937
4 948
4 959
4 960
4 968
5 20
5 29
5 41
5 77
5 142
5 185
5 214
5 559
6 8
6 18
6 59
6 69
6 168
6 323
6 428
6 706
6 869
6 146
6 28
6 7
6 11
6 14
6 19
6 21
6 26
6 35
6 37
6 39
6 42
6 47
6 61
6 68
6 94
6 96
6 101
6 120
6 143
6 147
6 148
7 14
7 16
7 17
7 19
7 65
7 190
7 209
7 321
7 338
7 413
7 456
7 587
7 608
7 636
7 672
7 729
7 732
7 763
7 790
7 797
7 814
7 940
7 961
7 972
7 28
7 9
7 31
7 39
7 81
7 92
7 113
7 130
8 15
8 18
8 36
8 60
8 109
8 187
8 191
8 238
8 243
8 270
8 359
8 384
8 525
8 551
8 735
8 795
8 867
8 982
9 18
9 21
9 56
9 107
9 111
9 436
9 692
10 179
10 146
10 17
10 24
10 37
10 38
11 21
11 42
11 49
11 55
11 76
11 88
11 101
11 132
11 207
11 221
11 348
11 363
11 394
11 447
11 477
11 590
11 673
11 720
11 787
11 799
11 854
11 13
11 121
12 43
12 48
12 217
12 519
12 561
12 689
13 22
13 26
13 33
13 46
13 61
13 78
13 95
13 97
13 156
13 273
13 293
13 305
13 357
13 427
13 709
13 724
13 758
13 780
13 821
14 16
14 17
14 121
14 405
14 433
14 28
14 37
14 68
14 104
14 115
15 28
15 19
15 26
15 43
15 56
15 78
15 118
16 19
16 44
16 100
16 125
16 126
16 148
16 514
16 564
16 851
16 28
16 146
16 38
17 105
17 117
17 730
17 964
17 28
17 146
17 27
17 34
17 52
17 57
17 62
17 64
17 65
17 66
17 69
17 88
17 106
17 112
17 115
17 152
18 27
18 32
18 57
18 64
18 196
18 226
18 468
18 525
18 662
18 664
18 146
18 31
18 123
18 133
19 22
19 26
19 33
19 46
19 61
19 95
19 123
19 125
19 127
19 143
19 148
19 189
19 190
19 192
19 199
19 203
19 230
19 234
19 337
19 344
19 353
19 368
19 371
19 400
19 431
19 440
19 456
19 467
19 475
19 505
19 522
19 532
19 563
19 566
19 568
19 569
19 574
19 599
19 625
19 654
19 666
19 697
19 704
19 718
19 759
19 772
19 783
19 789
19 832
19 840
19 847
19 853
19 858
19 884
19 887
19 911
19 913
19 970
19 28
19 20
19 23
19 51
19 77
19 101
19 107
19 145
20 25
20 31
20 38
20 85
20 87
20 302
20 455
20 604
20 617
20 624
20 820
20 73
21 30
21 42
21 79
21 84
21 86
21 99
21 104
21 194
21 320
21 345
21 364
21 500
21 584
21 596
21 610
21 685
21 701
21 777
21 823
21 825
21 922
21 936
21 28
21 102
22 26
22 78
22 95
22 97
22 124
22 276
22 458
22 476
22 615
22 665
22 712
22 895
22 908
23 848
23 28
23 75
23 98
23 109
23 114
24 529
24 51
25 34
25 45
25 122
25 163
25 277
25 340
25 146
26 33
26 61
26 64
26 72
26 95
26 114
26 131
26 189
26 252
26 295
26 351
26 453
26 506
26 674
26 776
26 786
26 946
26 990
26 146
26 30
26 32
26 43
26 76
26 106
26 110
26 125
26 128
27 89
27 223
27 793
27 41
27 144
28 37
28 108
28 129
28 180
28 206
28 412
28 417
28 554
28 656
28 700
28 813
28 146
28 32
28 38
28 40
28 78
28 93
28 99
29 31
29 53
29 119
29 195
29 224
29 294
29 420
29 557
29 863
29 932
29 943
30 32
30 36
30 110
30 111
30 296
30 317
30 533
30 806
31 34
31 45
31 164
31 289
31 343
31 346
31 397
31 492
31 606
31 775
31 781
31 33
31 55
31 63
31 66
31 69
31 80
31 139
31 142
31 166
32 75
32 607
32 750
32 838
32 40
32 50
32 57
32 154
32 158
33 91
33 374
33 510
33 528
33 657
33 659
33 742
33 748
33 127
33 130
34 83
34 160
34 178
34 213
34 333
34 406
34 503
34 774
34 877
34 927
34 54
34 107
34 133
35 38
35 85
35 98
35 241
35 313
35 429
35 670
35 864
35 929
35 146
35 164
36 57
36 73
36 74
36 243
36 274
36 752
36 757
36 796
36 994
37 121
37 133
37 139
37 144
37 149
37 152
37 172
37 179
37 297
37 321
37 332
37 379
37 474
37 577
37 747
37 819
37 996
37 997
38 41
38 397
38 442
38 483
38 779
38 841
38 865
38 88
38 89
38 118
39 67
39 242
39 508
39 611
40 139
40 583
40 53
40 89
41 70
41 92
41 140
41 149
42 55
42 70
42 76
42 86
42 101
42 220
42 257
42 308
42 450
42 452
42 684
42 702
42 842
42 907
42 146
42 69
42 80
42 98
43 136
43 699
43 954
44 121
44 179
45 62
45 232
45 306
45 356
45 543
45 873
45 902
46 227
46 245
46 391
46 410
46 437
46 460
46 489
46 537
46 552
46 605
46 711
46 765
46 791
46 808
46 882
46 900
46 146
47 307
47 494
47 628
47 942
48 96
48 169
48 326
48 444
49 52
49 267
49 311
49 415
49 641
50 106
50 246
50 76
50 117
51 60
51 198
51 292
51 619
52 55
52 120
52 161
52 211
52 264
52 376
52 486
52 618
52 762
52 824
52 835
52 846
52 868
52 917
52 938
52 978
52 992
52 85
53 142
53 580
53 146
53 95
53 107
53 121
53 184
54 79
54 830
54 874
55 76
55 132
55 513
55 727
55 963
56 527
56 778
56 94
56 108
57 188
57 536
57 60
57 64
57 78
57 105
57 142
58 75
58 92
58 146
58 164
58 239
58 370
58 373
58 480
58 507
58 530
58 653
58 827
58 171
59 63
59 74
59 90
59 139
59 177
59 187
59 258
59 266
59 284
59 326
59 362
59 438
59 449
59 501
59 567
59 579
59 598
59 609
59 614
59 633
59 635
59 805
59 816
59 852
59 925
59 939
59 979
59 983
59 998
60 116
60 135
60 261
60 168
61 134
61 176
61 411
61 621
61 788
61 956
62 171
62 87
62 124
64 215
64 349
64 471
64 509
64 566
64 605
64 623
64 686
64 958
64 989
64 192
65 309
65 481
65 622
66 67
66 103
68 79
68 82
68 195
69 236
69 108
70 103
70 251
70 283
70 421
70 490
70 612
70 631
70 632
70 681
70 753
70 100
70 148
71 76
71 249
71 562
72 114
72 174
72 286
72 366
72 367
72 416
72 688
72 722
72 815
72 880
72 967
74 109
75 91
75 137
75 146
76 86
76 115
76 138
76 210
76 280
76 408
76 701
76 995
76 91
77 390
77 424
78 404
78 446
78 840
78 122
78 129
78 136
79 154
79 157
79 161
79 194
79 205
79 265
79 268
79 278
79 281
79 285
79 291
79 301
79 329
79 334
79 342
79 381
79 388
79 399
79 406
79 478
79 488
79 497
79 515
79 517
79 523
79 531
79 545
79 576
79 603
79 652
79 669
79 728
79 739
79 749
79 771
79 773
79 798
79 818
79 828
79 831
79 836
79 844
79 849
79 855
79 905
79 920
79 921
79 934
79 935
79 949
79 953
79 966
79 980
79 89
79 163
80 496
80 668
80 681
80 719
80 162
81 518
81 555
82 104
82 108
82 117
82 133
82 159
82 167
82 193
82 204
82 231
82 275
82 288
82 324
82 328
82 393
82 423
82 463
82 472
82 573
82 648
82 649
82 682
82 716
82 738
82 761
82 768
82 801
82 812
82 833
82 857
82 907
82 944
82 950
82 952
82 985
82 94
82 199
83 859
84 154
84 194
84 208
84 244
84 248
84 287
84 290
84 325
84 328
84 335
84 341
84 358
84 422
84 465
84 539
84 585
84 620
84 676
84 677
84 723
84 809
84 810
84 894
84 904
84 926
84 955
84 971
84 974
85 181
85 375
85 386
85 708
85 132
85 183
86 106
86 201
86 250
86 593
86 743
86 861
87 550
87 582
87 595
87 627
87 639
87 644
87 844
87 909
87 176
87 189
88 93
88 97
88 136
89 93
89 274
89 430
89 626
90 93
90 118
90 142
90 175
90 259
90 300
90 354
90 369
90 402
90 484
90 516
90 520
90 560
90 570
90 588
90 630
90 740
90 756
90 766
90 769
90 770
90 885
90 886
90 901
90 976
93 99
93 107
93 186
93 470
94 269
94 113
94 132
95 114
95 176
95 191
95 197
95 316
95 387
95 462
95 660
95 694
95 744
96 435
96 721
97 120
97 134
97 850
97 977
97 126
98 128
98 392
98 547
99 136
99 331
99 703
99 751
100 398
101 193
101 310
101 727
103 891
103 194
104 157
104 360
104 592
104 919
104 947
104 193
106 314
106 319
106 534
106 655
106 898
107 109
107 186
107 187
107 303
107 318
107 330
107 378
107 396
107 521
107 553
107 589
107 591
107 597
107 645
107 651
107 690
107 760
107 870
107 883
107 918
108 731
108 930
108 177
109 253
110 195
110 538
110 638
110 650
110 707
110 803
110 856
110 897
110 986
111 715
111 186
114 459
114 613
114 646
115 130
115 142
118 485
118 678
118 737
118 755
118 784
118 933
119 312
119 365
119 512
119 726
119 733
119 965
119 981
120 158
120 212
120 382
120 443
120 491
120 541
120 556
120 845
120 881
120 914
120 956
120 957
120 962
121 143
121 426
121 434
121 540
121 746
121 817
121 875
122 680
123 235
123 263
123 616
123 683
123 800
123 879
124 170
125 389
125 473
125 899
125 912
126 546
126 889
126 172
127 347
127 134
128 153
128 247
128 299
128 354
128 401
128 464
128 581
128 693
128 807
128 837
129 165
129 256
129 441
129 695
129 893
129 951
131 457
131 535
131 578
131 767
131 792
131 945
132 237
132 418
133 165
133 202
133 361
133 383
133 542
133 544
133 710
133 915
133 969
134 924
134 170
137 377
137 461
138 937
139 336
139 439
139 469
139 667
139 741
140 372
141 629
142 175
142 991
143 558
143 691
143 717
143 736
143 190
143 202
144 229
144 319
144 385
144 407
144 860
144 862
144 888
144 903
144 987
144 150
145 279
145 466
145 647
145 687
145 924
146 260
147 661
147 811
148 240
148 414
148 432
148 640
148 866
149 403
150 225
151 380
151 872
152 199
152 229
152 602
153 322
153 839
154 794
178 183
