0 1
0 2
0 3
0 4
0 8
0 11
0 12
0 13
0 18
0 22
0 26
0 39
0 40
0 47
0 52
0 55
0 63
0 69
0 73
0 77
0 78
0 90
0 99
0 115
0 116
0 118
0 121
0 124
0 136
0 137
0 138
0 145
0 147
0 150
0 152
0 154
0 168
0 175
0 176
0 181
0 185
0 191
0 195
0 196
0 198
0 212
0 251
0 341
0 393
0 464
0 470
0 509
0 588
0 620
0 632
0 662
0 663
0 715
0 732
0 765
0 801
0 826
0 956
0 994
1 2
1 3
1 4
1 6
1 14
1 17
1 33
1 42
1 56
1 60
1 89
1 94
1 99
1 115
1 133
1 134
1 135
1 137
1 146
1 170
1 175
1 183
1 184
1 186
1 189
1 190
1 191
1 215
1 231
1 269
1 385
1 513
1 689
1 861
1 914
1 957
1 970
2 3
2 4
2 11
2 12
2 14
2 16
2 19
2 22
2 27
2 30
2 34
2 39
2 49
2 52
2 53
2 54
2 60
2 66
2 71
2 78
2 94
2 96
2 106
2 111
2 113
2 114
2 117
2 118
2 126
2 127
2 134
2 135
2 136
2 138
2 139
2 140
2 153
2 154
2 157
2 161
2 166
2 168
2 169
2 174
2 178
2 182
2 214
2 223
2 243
2 363
2 368
2 415
2 424
2 426
2 458
2 462
2 487
2 514
2 524
2 530
2 554
2 562
2 574
2 583
2 611
2 675
2 682
2 718
2 734
2 763
2 796
2 803
2 814
2 822
2 836
2 846
2 856
2 866
2 882
2 897
2 939
2 990
3 4
3 9
3 31
3 43
3 51
3 86
3 114
3 170
3 172
3 203
3 401
3 506
3 712
3 880
4 5
4 10
4 19
4 20
4 21
4 26
4 28
4 31
4 36
4 37
4 38
4 45
4 47
4 48
4 49
4 64
4 67
4 74
4 76
4 78
4 81
4 90
4 91
4 94
4 99
4 106
4 110
4 114
4 120
4 125
4 127
4 131
4 134
4 135
4 139
4 147
4 148
4 152
4 155
4 168
4 173
4 175
4 178
4 185
4 189
4 190
4 192
4 195
4 198
4 216
4 225
4 263
4 283
4 289
4 348
4 375
4 386
4 387
4 421
4 454
4 456
4 511
4 532
4 533
4 542
4 561
4 563
4 605
4 606
4 607
4 618
4 622
4 634
4 635
4 719
4 757
4 770
4 775
4 903
4 905
4 921
4 926
4 987
5 7
5 30
5 34
5 40
5 59
5 75
5 121
5 269
5 367
5 406
5 429
5 543
5 553
5 570
5 626
5 628
5 631
5 669
5 787
5 883
5 83
5 81
5 6
5 10
5 11
5 19
5 22
5 26
5 28
5 29
5 31
5 35
5 38
5 44
5 45
5 55
5 62
5 91
5 104
5 110
5 112
5 125
5 129
5 134
5 145
5 147
5 149
5 156
6 10
6 58
6 79
6 81
6 83
6 108
6 118
6 358
6 463
6 676
6 740
6 908
6 964
6 8
6 9
6 11
6 17
6 21
6 40
6 43
6 74
6 75
6 82
6 135
7 27
7 332
7 947
7 81
7 10
7 14
7 45
7 55
7 91
7 105
8 15
8 56
8 80
8 81
8 123
8 440
8 609
8 61
8 134
9 10
9 23
9 205
9 430
9 527
9 821
9 935
9 81
9 12
9 37
10 18
10 19
10 28
10 35
10 45
10 71
10 76
10 79
10 118
10 143
10 151
10 188
10 228
10 288
10 301
10 457
10 463
10 512
10 647
10 699
10 701
10 708
10 762
10 884
10 888
10 924
10 950
10 31
10 36
10 152
11 15
11 29
11 80
11 82
11 112
11 200
11 229
11 262
11 271
11 400
11 407
11 838
11 904
11 19
11 36
12 14
12 20
12 25
12 49
12 50
12 85
12 97
12 102
12 183
12 324
12 389
12 417
12 432
12 485
12 531
12 540
12 591
12 603
12 831
12 832
12 866
12 928
12 13
12 19
12 46
12 76
12 126
13 16
13 19
13 32
13 38
13 52
13 57
13 61
13 84
13 100
13 109
13 110
13 129
13 171
13 307
13 315
13 489
13 537
13 598
13 600
13 677
13 723
13 758
13 843
13 877
13 881
13 885
13 936
13 949
13 64
14 20
14 25
14 235
14 486
14 587
14 931
14 24
14 27
14 39
14 42
14 79
14 82
14 102
14 109
14 185
15 56
15 203
15 283
15 291
15 370
15 407
15 645
15 794
15 948
15 81
15 24
15 57
16 32
16 33
16 46
16 109
16 120
16 410
16 449
16 707
16 709
16 710
16 766
16 902
16 911
16 952
16 963
16 968
16 81
16 23
16 35
16 43
16 50
16 69
16 152
16 189
17 608
17 28
17 39
17 147
18 68
18 89
18 210
18 219
18 281
18 521
18 578
18 795
18 867
18 906
18 81
19 24
19 26
19 33
19 42
19 45
19 53
19 57
19 61
19 62
19 72
19 90
19 109
19 126
19 131
19 177
19 180
19 188
19 197
19 232
19 233
19 236
19 238
19 249
19 252
19 254
19 265
19 275
19 298
19 326
19 338
19 344
19 354
19 369
19 390
19 422
19 469
19 471
19 492
19 497
19 498
19 536
19 549
19 566
19 572
19 586
19 614
19 630
19 648
19 649
19 680
19 696
19 706
19 713
19 717
19 727
19 733
19 806
19 807
19 808
19 865
19 874
19 878
19 886
19 889
19 893
19 898
19 912
19 919
19 925
19 929
19 944
19 974
19 994
19 44
19 50
19 114
19 136
20 25
20 31
20 36
20 54
20 58
20 85
20 154
20 183
20 350
20 612
20 81
20 106
21 22
21 29
21 37
21 44
21 93
21 123
21 149
21 200
21 245
21 353
21 423
21 528
21 754
21 791
21 815
21 945
21 999
21 26
21 41
21 53
22 29
22 55
22 823
23 28
23 131
23 255
23 452
23 696
23 783
23 863
23 81
23 138
24 41
24 232
24 316
24 32
25 74
25 125
25 431
25 436
25 453
25 800
26 41
26 48
26 103
26 120
26 140
26 197
26 199
26 480
26 692
26 755
26 895
26 971
26 81
26 61
26 127
27 30
27 43
27 96
27 394
28 35
28 204
28 420
28 500
28 624
28 51
28 54
29 37
29 44
29 139
29 159
29 200
29 372
29 454
29 670
29 982
29 54
30 59
30 61
30 77
30 95
30 119
30 130
30 142
30 274
30 290
30 329
30 378
30 455
30 461
30 703
30 907
30 927
31 230
31 335
31 643
31 751
31 38
31 66
31 88
31 94
31 128
32 81
32 56
32 80
32 91
32 132
32 139
34 59
34 88
34 142
34 473
34 558
34 728
34 829
34 853
34 81
35 988
36 64
36 162
36 515
36 690
36 781
36 852
36 998
36 42
36 48
36 63
36 72
36 73
36 128
36 146
37 73
37 112
37 122
37 224
37 306
37 309
37 352
37 656
37 739
38 902
38 52
38 53
38 71
38 126
38 176
39 50
39 374
39 731
39 811
40 150
40 855
41 53
42 63
42 83
42 103
42 167
42 208
42 226
42 227
42 256
42 319
42 377
42 391
42 447
42 451
42 480
42 557
42 658
42 752
42 764
42 767
42 840
42 965
42 989
42 90
43 552
43 653
43 702
43 726
43 81
44 56
44 86
44 91
44 95
44 96
44 117
44 153
44 156
44 174
44 190
44 193
44 202
44 277
44 341
44 356
44 413
44 435
44 518
44 523
44 534
44 567
44 575
44 633
44 651
44 661
44 716
44 741
44 745
44 777
44 784
44 854
44 859
44 860
44 915
44 923
44 961
44 996
44 52
44 58
44 75
44 77
44 87
44 103
44 119
44 138
44 200
45 124
45 300
45 683
45 759
45 892
45 909
45 934
45 995
45 72
46 483
47 257
47 532
48 52
48 57
48 63
48 90
48 100
48 107
48 145
48 217
48 287
48 484
48 546
48 559
48 604
48 619
48 637
48 655
48 685
48 729
48 753
48 868
48 876
48 879
48 891
48 937
48 941
48 955
48 984
48 76
49 144
49 258
49 381
49 768
50 54
50 65
50 67
50 234
50 346
50 560
50 599
50 610
50 704
50 72
51 130
51 81
51 99
51 111
51 113
52 177
52 373
52 786
52 991
53 448
53 499
53 589
53 57
53 133
54 70
54 87
54 101
54 111
54 151
54 195
54 270
54 295
54 314
54 337
54 357
54 392
54 395
54 409
54 433
54 444
54 446
54 450
54 459
54 508
54 569
54 573
54 659
54 660
54 673
54 698
54 760
54 797
54 813
54 857
54 858
54 938
54 957
54 977
54 979
54 985
54 992
55 477
55 59
55 81
55 93
55 131
56 132
56 155
56 240
56 266
56 312
56 526
56 582
56 749
56 901
56 161
57 98
57 141
58 85
58 89
58 244
58 331
58 585
58 593
58 668
58 830
58 188
59 529
59 798
60 87
60 128
60 284
60 325
60 466
60 502
60 547
60 778
61 141
61 299
61 340
61 538
61 592
61 665
61 684
61 736
61 772
61 774
61 818
61 873
61 887
61 903
61 922
61 972
61 993
61 177
62 81
62 119
62 145
63 104
63 294
63 697
63 713
63 828
63 834
64 194
64 248
64 388
64 496
65 85
65 144
65 194
65 297
65 349
65 623
66 207
66 253
66 81
66 100
67 643
68 844
69 835
69 90
70 193
71 494
71 196
72 93
72 434
72 890
72 966
73 80
73 82
73 97
73 105
73 174
73 268
73 396
73 590
73 615
73 617
73 650
73 705
73 714
73 790
73 943
73 81
73 170
74 158
74 186
74 345
74 382
74 427
74 940
74 97
75 169
75 321
75 595
75 201
76 404
76 425
76 541
76 550
76 652
76 744
76 748
76 958
76 967
76 969
76 124
76 157
77 143
77 160
77 163
77 222
77 267
77 322
77 325
77 327
77 360
77 362
77 379
77 408
77 493
77 503
77 510
77 536
77 547
77 565
77 584
77 594
77 629
77 644
77 672
77 695
77 720
77 737
77 743
77 747
77 827
77 870
77 872
77 107
77 191
78 164
78 328
78 520
78 730
78 810
79 850
79 81
80 112
80 132
80 161
80 304
80 339
80 361
80 125
81 92
81 149
81 259
81 260
81 320
81 414
81 488
81 535
81 568
81 667
81 671
81 693
81 779
81 802
81 884
81 973
81 88
81 97
81 99
81 101
81 140
81 144
82 303
82 809
83 149
84 411
84 165
85 98
85 157
85 164
85 165
85 173
85 292
85 371
85 418
85 460
85 576
85 597
85 602
85 632
85 686
85 700
85 721
85 789
85 790
85 864
85 900
85 933
85 954
85 986
86 976
86 192
86 202
87 121
87 128
87 504
88 111
88 120
89 273
89 280
89 398
89 980
89 983
90 100
90 213
90 397
90 581
90 596
90 780
90 916
90 154
91 247
91 366
91 141
92 793
92 871
93 161
93 343
93 601
93 616
93 960
93 129
94 142
94 165
94 166
94 178
94 189
94 195
94 201
94 250
94 333
94 403
94 625
94 627
94 691
94 694
94 715
94 776
94 799
94 836
94 951
94 163
95 351
95 412
95 428
95 495
95 997
96 182
96 202
96 773
97 516
97 746
97 946
97 130
97 194
98 443
98 474
98 819
99 738
100 129
100 179
100 242
100 308
100 416
100 506
100 507
100 556
100 607
100 639
100 771
100 873
100 942
100 953
100 978
101 282
101 347
101 498
101 551
101 725
102 173
102 186
102 206
102 218
102 234
102 261
102 336
102 442
102 468
102 564
102 621
102 959
102 981
103 109
103 465
103 545
103 756
103 108
105 115
105 317
105 405
105 875
105 187
106 176
106 380
107 481
107 724
108 160
108 188
108 211
108 237
108 272
108 275
108 355
108 365
108 539
108 638
108 674
108 678
108 711
108 747
108 750
108 820
108 824
108 825
108 851
108 894
108 899
108 930
109 293
109 334
109 472
109 833
109 962
109 975
110 140
110 179
111 201
111 505
111 577
112 146
112 149
112 175
112 869
113 115
113 118
114 439
114 640
114 150
115 137
115 138
115 246
118 133
118 278
118 478
118 805
118 918
118 154
119 342
119 728
120 279
120 384
120 641
121 816
122 159
123 476
123 847
124 184
124 276
124 305
124 445
124 548
124 642
124 657
124 812
124 932
124 179
125 318
125 376
125 419
125 439
125 441
126 330
126 646
127 220
127 286
127 399
127 792
127 972
127 129
128 209
128 437
128 490
129 187
129 654
130 241
130 479
130 655
130 841
130 910
131 196
131 296
131 917
132 159
132 310
132 782
132 839
134 221
134 687
134 761
134 769
135 804
136 544
137 285
137 517
137 666
137 722
137 758
137 785
137 175
138 681
139 200
139 313
139 467
139 491
139 555
140 311
140 359
140 383
140 482
140 519
140 571
140 580
140 617
140 735
140 780
140 788
140 837
140 875
140 891
140 920
141 636
142 664
143 475
143 848
144 525
144 742
144 896
146 402
146 913
147 404
147 180
148 173
149 264
149 323
149 438
149 522
150 163
150 239
150 364
150 501
150 579
150 613
150 679
150 688
150 849
150 862
151 845
152 842
153 156
153 169
153 182
153 267
153 302
153 505
153 569
153 817
153 907
161 172
174 200
177 197
178 191
179 184
