0 1
0 2
0 3
0 4
0 21
0 23
0 26
0 31
0 41
0 48
0 50
0 51
0 61
0 62
0 64
0 66
0 88
0 90
0 97
0 99
0 100
0 103
0 114
0 116
0 134
0 143
0 149
0 152
0 155
0 158
0 178
0 179
0 187
0 194
0 220
0 369
0 400
0 427
0 578
0 589
0 646
0 661
0 710
0 712
0 811
0 842
0 918
0 952
0 960
1 2
1 3
1 4
1 5
1 22
1 25
1 33
1 35
1 39
1 40
1 64
1 70
1 81
1 86
1 87
1 91
1 92
1 93
1 113
1 120
1 125
1 132
1 133
1 135
1 148
1 153
1 163
1 166
1 167
1 174
1 177
1 180
1 181
1 182
1 195
1 198
1 212
1 260
1 266
1 271
1 299
1 301
1 397
1 415
1 455
1 508
1 538
1 544
1 616
1 634
1 650
1 663
1 673
1 683
1 696
1 698
1 710
1 752
1 777
1 781
1 852
1 878
1 906
1 969
1 997
2 3
2 4
2 8
2 12
2 19
2 25
2 31
2 38
2 45
2 51
2 59
2 65
2 66
2 68
2 76
2 84
2 93
2 98
2 116
2 122
2 123
2 124
2 127
2 132
2 140
2 154
2 165
2 169
2 173
2 180
2 195
2 197
2 199
2 247
2 344
2 382
2 438
2 520
2 593
2 667
2 793
2 817
2 854
2 867
2 874
2 907
2 909
2 922
2 974
3 4
3 5
3 6
3 8
3 12
3 33
3 45
3 48
3 69
3 70
3 83
3 92
3 105
3 108
3 119
3 137
3 142
3 148
3 165
3 180
3 184
3 192
3 201
3 239
3 244
3 287
3 295
3 321
3 509
3 632
3 636
3 782
3 884
3 968
4 6
4 8
4 9
4 22
4 23
4 26
4 28
4 37
4 42
4 45
4 46
4 48
4 49
4 58
4 68
4 69
4 78
4 79
4 91
4 93
4 113
4 118
4 124
4 126
4 134
4 140
4 157
4 167
4 171
4 173
4 179
4 183
4 184
4 188
4 191
4 198
4 214
4 264
4 290
4 338
4 405
4 432
4 440
4 451
4 484
4 493
4 501
4 503
4 505
4 511
4 565
4 568
4 626
4 652
4 678
4 702
4 724
4 751
4 773
4 803
4 890
4 902
4 939
4 955
4 963
5 7
5 11
5 13
5 29
5 63
5 96
5 138
5 240
5 838
6 11
6 18
6 117
6 121
6 255
6 300
6 361
6 719
6 789
6 41
6 124
6 7
6 12
6 15
6 29
6 47
6 120
6 129
7 11
7 13
7 80
7 181
7 434
7 745
7 124
7 8
7 126
8 10
8 17
8 28
8 47
8 52
8 89
8 102
8 143
8 174
8 175
8 283
8 374
8 404
8 465
8 514
8 567
8 584
8 791
8 819
8 826
8 903
8 913
8 993
8 19
8 32
8 33
8 34
8 37
8 51
8 58
8 78
8 122
9 12
9 42
9 269
9 554
10 43
10 70
10 113
10 263
10 407
10 513
10 741
10 787
10 805
10 124
10 14
10 28
10 40
10 50
10 59
10 69
10 71
10 75
10 139
11 14
11 18
11 20
11 34
11 40
11 44
11 49
11 54
11 57
11 60
11 71
11 73
11 83
11 103
11 106
11 133
11 138
11 141
11 152
11 155
11 172
11 186
11 197
11 217
11 227
11 233
11 243
11 297
11 326
11 333
11 359
11 360
11 364
11 375
11 398
11 430
11 452
11 458
11 490
11 497
11 506
11 548
11 555
11 557
11 562
11 595
11 612
11 633
11 657
11 689
11 703
11 721
11 738
11 748
11 762
11 799
11 801
11 835
11 846
11 871
11 923
11 927
11 933
11 940
11 124
11 13
11 17
12 25
12 30
12 39
12 53
12 79
12 115
12 150
12 285
12 298
12 302
12 414
12 495
12 502
12 609
12 810
12 14
12 16
12 31
12 34
12 37
12 95
12 149
13 15
13 16
13 24
13 30
13 60
13 66
13 82
13 83
13 101
13 107
13 120
13 122
13 128
13 129
13 151
13 158
13 178
13 186
13 187
13 204
13 209
13 265
13 282
13 308
13 309
13 332
13 341
13 353
13 370
13 399
13 420
13 423
13 433
13 470
13 472
13 474
13 541
13 551
13 561
13 579
13 603
13 608
13 615
13 623
13 630
13 635
13 644
13 717
13 774
13 775
13 776
13 779
13 802
13 862
13 869
13 937
13 945
13 953
13 961
13 981
13 985
13 989
13 991
13 19
13 37
13 50
13 96
14 546
14 18
14 42
14 92
15 16
15 24
15 41
15 55
15 130
15 216
15 222
15 236
15 254
15 307
15 390
15 422
15 456
15 623
15 717
15 796
16 24
16 36
16 44
16 65
16 105
16 120
16 156
16 203
16 395
16 448
16 714
16 770
16 822
16 942
16 22
16 26
16 33
16 61
17 56
17 283
17 645
17 670
17 684
17 847
17 915
17 22
17 91
17 108
17 123
17 125
17 146
18 19
18 21
18 34
18 35
18 49
18 50
18 172
18 192
18 293
18 426
18 431
18 532
18 604
18 675
18 807
18 894
18 905
18 93
18 129
19 32
19 37
19 56
19 72
19 75
19 117
19 136
19 154
19 168
19 185
19 200
19 235
19 292
19 320
19 368
19 372
19 380
19 413
19 485
19 547
19 601
19 602
19 664
19 681
19 728
19 736
19 795
19 982
19 986
19 23
19 53
19 95
19 112
19 118
20 35
20 168
20 174
20 246
20 949
20 965
21 22
21 23
21 30
21 32
21 46
21 74
21 75
21 112
21 116
21 139
21 160
21 169
21 170
21 192
21 256
21 262
21 280
21 330
21 343
21 354
21 400
21 441
21 454
21 468
21 481
21 483
21 502
21 504
21 510
21 516
21 553
21 559
21 590
21 604
21 610
21 627
21 638
21 672
21 674
21 700
21 720
21 731
21 747
21 765
21 815
21 827
21 831
21 876
21 987
22 27
22 100
22 111
22 189
22 417
22 460
22 471
22 729
22 893
22 25
22 36
22 55
22 88
22 124
22 147
23 31
23 37
23 57
23 73
23 121
23 172
23 191
23 196
23 225
23 303
23 354
23 363
23 418
23 576
23 617
23 680
23 699
23 53
23 107
24 107
24 365
24 124
24 76
24 190
25 27
25 38
25 39
25 45
25 65
25 81
25 104
25 111
25 114
25 130
25 138
25 171
25 176
25 184
25 312
25 439
25 486
25 522
25 564
25 569
25 697
25 713
25 786
25 823
25 860
25 895
25 899
25 929
25 934
25 935
25 998
26 44
26 55
26 60
26 80
26 89
26 119
27 58
27 494
27 528
27 655
27 755
27 858
27 124
27 74
27 116
27 117
28 52
28 89
28 467
28 479
28 556
28 586
28 708
28 771
28 824
28 850
28 988
28 48
28 60
28 115
28 188
29 115
29 47
29 52
29 71
29 79
29 89
29 94
29 142
30 38
30 42
30 105
30 146
30 150
30 157
30 179
30 256
30 319
30 345
30 480
30 491
30 575
30 582
30 640
30 668
30 705
30 768
30 797
30 865
30 877
30 950
30 998
30 165
31 144
31 444
31 856
31 73
31 103
32 34
32 73
32 78
32 125
32 148
32 160
32 161
32 666
32 753
32 879
32 881
32 885
33 980
33 134
33 198
34 43
34 52
34 84
34 159
34 163
34 200
34 226
34 310
34 325
34 336
34 358
34 459
34 577
34 585
34 598
34 618
34 688
34 706
34 707
34 727
34 41
34 87
34 91
34 103
34 135
34 153
35 461
35 576
35 599
35 124
35 62
35 132
36 106
36 152
37 59
37 108
37 147
37 231
37 425
37 39
37 46
37 47
37 50
37 52
37 55
37 119
37 133
38 42
38 170
38 193
38 335
38 829
39 51
39 110
39 115
39 150
39 281
39 351
39 443
39 457
39 537
39 626
39 701
39 818
39 921
39 49
40 60
40 140
40 861
41 47
41 145
41 679
41 767
41 816
41 79
41 82
41 163
41 203
42 81
42 110
42 111
42 112
42 152
42 205
42 311
42 329
42 489
42 642
42 643
42 722
42 772
42 877
43 70
43 387
43 465
43 512
43 534
44 55
44 87
44 105
44 109
44 197
44 213
44 218
44 245
44 248
44 294
44 304
44 305
44 328
44 341
44 463
44 464
44 473
44 478
44 487
44 507
44 518
44 540
44 583
44 588
44 649
44 716
44 730
44 749
44 804
44 814
44 947
44 950
44 959
44 964
44 983
45 116
45 162
45 323
45 447
45 528
45 554
45 573
45 760
45 872
45 917
45 984
46 149
46 136
47 349
47 56
47 78
47 93
47 140
47 185
48 59
48 64
48 98
48 118
48 142
48 143
48 175
48 211
48 276
48 284
48 328
48 347
48 355
48 356
48 367
48 378
48 406
48 411
48 412
48 453
48 536
48 606
48 651
48 662
48 682
48 692
48 694
48 718
48 726
48 743
48 848
48 887
48 904
48 912
48 926
48 993
49 50
49 67
49 147
49 224
49 619
49 785
49 948
49 155
50 161
50 289
50 316
50 379
50 497
50 530
50 566
50 763
50 766
50 970
50 59
50 66
51 322
51 393
51 676
51 930
52 62
52 121
52 67
52 70
53 75
54 61
54 96
55 82
55 107
55 137
55 142
55 68
55 69
55 73
55 81
55 83
55 88
55 105
55 131
56 63
56 76
56 77
56 80
56 151
56 181
56 199
56 315
56 324
56 383
56 475
56 535
56 560
56 581
56 624
56 660
56 693
56 704
56 853
56 886
56 892
56 896
56 908
56 951
56 956
56 957
56 990
56 111
57 125
57 160
57 352
57 563
57 855
58 94
58 291
58 437
58 786
58 875
58 958
58 77
58 176
59 72
59 98
59 106
59 114
59 128
59 130
59 146
59 164
59 177
59 190
59 196
59 219
59 234
59 238
59 252
59 342
59 391
59 446
59 462
59 466
59 587
59 591
59 596
59 637
59 665
59 686
59 742
59 746
59 825
59 836
59 843
59 889
59 920
59 938
59 941
59 944
59 967
59 971
59 976
59 95
59 135
60 249
60 901
60 123
61 144
62 85
62 89
62 102
62 366
62 402
62 429
62 621
62 695
62 821
62 124
62 64
62 101
62 146
62 150
63 119
63 149
63 436
63 919
64 102
64 647
64 690
64 715
64 925
64 992
64 149
65 531
65 545
65 597
65 656
66 95
66 97
66 403
66 631
66 848
66 85
68 124
68 125
69 99
69 112
70 85
70 92
70 201
70 691
70 750
70 966
70 143
72 195
73 79
73 106
73 108
73 208
73 377
73 754
73 93
73 129
73 137
74 408
74 80
74 118
76 101
76 159
76 175
76 207
76 223
76 253
76 273
76 314
76 334
76 392
76 523
76 527
76 571
76 653
76 654
76 708
76 723
76 732
76 764
76 773
76 794
76 863
76 864
76 891
76 924
76 186
77 185
77 744
77 86
77 104
78 117
78 613
78 648
78 806
78 137
79 82
79 139
79 154
79 162
79 258
79 517
79 614
79 737
79 798
79 820
79 876
79 972
79 106
80 221
80 99
81 725
81 130
82 91
82 111
82 182
82 190
82 210
82 268
82 279
82 295
82 331
82 340
82 519
82 592
82 607
82 669
82 687
82 709
82 780
82 849
82 897
82 914
82 943
82 978
82 979
82 984
82 124
82 142
82 152
82 189
83 109
83 558
83 138
83 181
84 195
84 442
84 658
84 788
86 139
88 866
88 130
89 102
89 134
89 159
89 215
89 230
89 274
89 313
89 401
89 435
89 449
89 488
89 572
89 581
89 641
89 677
89 778
89 973
89 99
90 277
90 611
91 128
92 168
92 348
92 476
92 620
92 756
92 880
92 128
92 175
93 169
93 189
93 482
93 489
93 498
93 521
93 529
93 628
93 954
93 109
93 114
93 145
95 122
95 286
95 464
95 828
95 100
95 105
95 126
95 138
95 141
97 261
97 267
97 327
97 357
100 131
100 229
100 832
100 994
101 112
102 550
102 812
102 844
102 988
103 140
103 169
103 259
103 339
103 362
103 445
103 553
103 564
103 629
103 733
103 830
103 907
103 910
103 916
104 124
104 169
104 171
105 164
105 166
105 340
105 346
105 350
105 543
105 784
105 977
106 161
106 706
107 587
107 800
107 859
107 140
107 144
108 409
108 499
108 873
108 931
108 161
108 172
110 206
110 808
110 975
111 317
111 388
111 428
111 542
111 137
112 373
112 909
113 202
114 410
114 594
114 936
115 373
116 389
116 671
116 932
116 151
118 278
118 888
118 132
119 151
119 257
119 574
121 242
121 251
121 318
121 525
121 622
121 735
121 898
121 928
122 146
122 194
122 353
122 394
122 570
122 758
123 173
123 376
123 659
124 381
124 385
124 999
125 492
125 524
125 813
125 962
127 175
127 421
128 757
129 549
129 618
129 759
129 769
130 533
130 845
132 260
132 580
132 182
133 296
133 419
133 995
133 996
134 226
134 515
134 911
134 174
138 166
138 232
138 288
138 416
138 477
138 605
138 639
138 739
138 740
138 783
138 840
138 857
138 870
138 882
138 143
138 173
139 141
140 600
140 711
141 500
141 539
141 868
142 496
142 800
146 156
146 306
146 734
146 946
148 204
148 228
148 790
148 883
149 384
150 157
150 158
150 176
150 272
150 685
150 792
150 809
150 851
152 176
152 237
152 241
152 270
152 275
152 337
152 371
152 386
152 396
152 424
152 526
152 589
152 755
152 761
152 833
152 834
152 837
152 839
152 841
153 450
154 250
154 469
154 552
154 625
154 900
158 199
169 184
170 171
173 203
