0 1
0 2
0 3
0 4
0 5
0 6
0 7
0 9
0 16
0 17
0 18
0 19
0 23
0 34
0 35
0 40
0 41
0 43
0 68
0 77
0 82
0 86
0 113
0 126
0 141
0 148
0 150
0 156
0 171
0 190
0 223
0 264
0 346
0 347
0 365
0 418
0 528
0 580
0 715
0 726
0 768
0 901
0 920
0 993
1 2
1 3
1 4
1 5
1 6
1 15
1 26
1 29
1 33
1 36
1 43
1 44
1 46
1 50
1 52
1 54
1 55
1 59
1 62
1 70
1 75
1 83
1 87
1 88
1 99
1 102
1 120
1 122
1 133
1 143
1 144
1 146
1 148
1 155
1 159
1 166
1 168
1 171
1 174
1 185
1 189
1 196
1 199
1 244
1 272
1 277
1 286
1 360
1 363
1 387
1 417
1 429
1 453
1 463
1 508
1 510
1 560
1 571
1 627
1 698
1 866
1 870
1 948
1 960
2 3
2 4
2 5
2 7
2 22
2 27
2 30
2 42
2 65
2 72
2 108
2 127
2 144
2 147
2 153
2 175
2 191
2 307
2 449
2 608
2 635
2 919
2 944
3 4
3 5
3 7
3 9
3 12
3 13
3 14
3 15
3 19
3 34
3 36
3 39
3 47
3 48
3 49
3 51
3 53
3 57
3 58
3 62
3 65
3 67
3 73
3 77
3 78
3 81
3 87
3 88
3 89
3 95
3 96
3 98
3 105
3 108
3 125
3 135
3 136
3 137
3 139
3 140
3 145
3 146
3 153
3 158
3 161
3 162
3 163
3 165
3 166
3 175
3 183
3 189
3 190
3 193
3 194
3 195
3 197
3 198
3 199
3 203
3 244
3 251
3 439
3 450
3 454
3 514
3 527
3 566
3 695
3 700
3 717
3 725
3 767
3 794
3 816
3 818
3 852
3 857
3 921
3 934
3 947
3 957
3 981
3 988
3 999
4 5
4 8
4 10
4 18
4 20
4 31
4 32
4 33
4 36
4 53
4 56
4 65
4 79
4 98
4 116
4 117
4 119
4 121
4 125
4 128
4 131
4 133
4 151
4 153
4 157
4 159
4 161
4 164
4 177
4 179
4 185
4 187
4 188
4 190
4 203
4 226
4 250
4 436
4 456
4 466
4 544
4 552
4 564
4 573
4 612
4 613
4 619
4 656
4 798
4 821
4 828
4 851
4 853
4 987
5 6
5 19
5 55
5 58
5 73
5 77
5 94
5 111
5 124
5 132
5 164
5 177
5 184
5 196
5 205
5 440
5 542
5 587
5 624
5 734
5 786
6 9
6 10
6 11
6 15
6 21
6 23
6 37
6 45
6 58
6 68
6 69
6 71
6 79
6 80
6 82
6 84
6 94
6 97
6 124
6 142
6 163
6 175
6 184
6 193
6 196
6 198
6 200
6 236
6 320
6 322
6 331
6 335
6 337
6 352
6 384
6 407
6 432
6 434
6 462
6 488
6 496
6 507
6 526
6 529
6 592
6 611
6 615
6 616
6 625
6 626
6 628
6 636
6 642
6 650
6 669
6 677
6 686
6 714
6 723
6 741
6 757
6 759
6 783
6 787
6 791
6 797
6 810
6 814
6 820
6 823
6 838
6 867
6 869
6 878
6 887
6 889
6 903
6 962
6 119
6 7
6 18
6 38
6 61
6 70
6 83
6 90
7 8
7 14
7 32
7 52
7 56
7 64
7 128
7 172
7 202
7 246
7 252
7 262
7 309
7 315
7 345
7 402
7 433
7 473
7 534
7 555
7 590
7 597
7 651
7 708
7 731
7 835
7 871
7 907
7 970
7 991
7 119
7 9
7 10
7 11
7 13
7 15
7 21
7 23
7 26
7 29
7 36
7 40
7 43
7 50
7 77
7 87
7 96
7 101
7 126
7 127
7 152
8 172
8 694
9 21
9 24
9 27
9 60
9 82
9 112
9 342
9 389
9 403
9 504
9 598
9 743
9 808
9 995
9 11
9 19
9 33
9 42
9 44
9 49
9 79
9 91
9 138
9 142
10 11
10 15
10 46
10 78
10 232
10 302
10 410
10 640
11 171
11 664
11 858
11 910
11 13
11 25
11 27
11 40
11 43
11 49
11 54
11 65
11 89
11 115
11 151
12 14
12 16
12 22
12 32
12 48
12 53
12 65
12 72
12 172
12 179
12 211
12 283
12 344
12 348
12 382
12 401
12 408
12 416
12 422
12 423
12 455
12 459
12 471
12 499
12 525
12 535
12 541
12 549
12 563
12 594
12 610
12 629
12 722
12 746
12 747
12 785
12 819
12 831
12 842
12 846
12 864
12 879
12 882
12 895
12 901
12 906
12 972
12 982
13 25
13 70
13 117
13 657
13 668
13 850
13 905
13 977
13 119
13 14
13 15
13 24
13 32
13 62
13 94
13 95
13 103
13 132
14 54
14 81
14 118
14 605
14 680
14 45
14 59
14 85
14 91
14 97
14 105
15 23
15 25
15 62
15 69
15 84
15 140
15 261
15 305
15 313
15 322
15 437
15 552
15 565
15 665
15 703
15 771
15 782
15 963
15 19
15 30
15 33
16 17
16 41
16 543
17 20
17 28
17 110
17 126
17 443
17 521
17 753
17 770
17 788
17 855
18 33
18 35
18 40
18 105
18 150
18 187
18 194
18 204
18 224
18 239
18 271
18 374
18 397
18 559
18 697
18 777
18 804
18 826
18 877
18 898
18 22
18 29
18 41
18 47
18 58
18 60
18 64
18 96
18 124
18 133
19 27
19 38
19 41
19 101
19 129
19 276
19 358
19 474
19 516
19 530
19 568
19 574
19 740
19 819
19 827
19 839
19 841
19 872
19 53
19 154
20 26
20 103
20 519
21 50
21 51
21 149
21 168
21 308
21 399
21 863
21 959
22 424
22 55
23 25
23 76
23 407
23 880
23 974
23 119
23 28
23 32
23 37
23 40
23 69
23 81
23 125
24 31
24 326
24 391
25 45
25 176
25 620
25 59
25 65
26 35
26 42
26 63
26 109
26 126
26 165
26 238
26 280
26 306
26 329
26 354
26 380
26 385
26 414
26 438
26 553
26 696
26 751
26 793
26 795
26 885
26 924
26 989
26 36
26 39
26 48
26 81
26 82
26 100
26 113
26 115
26 153
26 155
26 157
27 28
27 66
27 67
27 68
27 103
27 112
27 127
27 133
27 146
27 147
27 151
27 290
27 328
27 361
27 413
27 498
27 505
27 546
27 710
27 728
27 773
27 775
27 799
27 803
27 856
27 875
27 923
27 931
27 979
28 109
29 67
29 201
29 540
29 817
29 30
29 69
29 72
29 94
29 155
30 45
30 94
30 130
31 37
31 51
31 285
31 196
32 61
32 89
32 94
32 202
32 207
32 357
32 420
32 623
32 835
32 36
32 49
32 56
32 93
32 127
33 35
33 74
33 119
33 150
33 157
33 170
33 187
33 340
33 386
33 655
33 716
33 837
33 932
33 983
33 46
33 151
34 52
34 54
34 61
34 73
34 88
34 94
34 95
34 102
34 108
34 114
34 128
34 130
34 151
34 197
34 207
34 229
34 230
34 241
34 248
34 260
34 304
34 314
34 321
34 351
34 370
34 375
34 390
34 393
34 461
34 480
34 493
34 545
34 550
34 556
34 561
34 578
34 586
34 591
34 595
34 622
34 629
34 661
34 674
34 676
34 684
34 685
34 729
34 756
34 761
34 801
34 802
34 805
34 822
34 833
34 834
34 842
34 844
34 892
34 916
34 929
34 936
34 940
34 966
34 986
34 119
35 74
35 93
35 116
35 204
35 296
35 378
35 430
35 458
35 492
35 500
35 581
35 601
35 779
35 784
35 860
36 39
36 79
36 104
36 152
36 169
36 209
36 266
36 421
36 462
36 489
36 498
36 506
36 509
36 536
36 579
36 582
36 593
36 621
36 754
36 47
36 67
36 78
36 107
36 149
37 60
37 169
37 180
37 201
37 220
37 289
37 491
37 739
37 789
37 119
37 45
37 48
37 73
37 80
37 108
37 110
38 503
38 71
39 50
39 71
39 585
40 218
40 330
40 609
40 672
40 712
40 61
40 87
40 108
40 146
41 114
41 324
41 409
41 445
41 588
41 606
41 824
41 894
42 83
42 46
42 66
42 194
43 95
43 237
43 530
43 760
43 847
43 154
44 257
44 494
44 638
44 687
44 713
44 843
44 995
44 63
45 96
45 61
45 87
45 138
45 140
46 134
46 181
46 184
46 231
46 457
46 604
46 662
46 744
46 175
47 69
47 84
47 125
48 122
48 106
49 57
49 66
49 99
49 103
49 129
49 145
50 68
50 355
50 431
50 511
50 644
50 849
51 193
51 201
51 533
51 649
52 59
52 89
52 172
52 336
52 377
52 379
52 404
52 567
52 639
52 954
53 319
53 832
53 912
54 121
54 338
54 811
55 83
55 91
55 145
55 273
55 297
55 415
55 502
55 663
55 675
55 733
55 769
55 806
55 985
56 61
56 75
56 92
57 631
57 91
57 105
57 119
58 205
58 258
58 406
58 497
59 191
60 531
60 119
61 153
61 721
61 72
61 106
61 144
62 76
62 78
62 140
62 173
62 205
62 240
62 274
62 645
62 711
63 460
63 520
63 562
63 603
63 735
63 64
63 131
64 118
64 202
64 310
64 325
64 448
64 978
64 126
65 72
65 125
65 292
65 197
66 156
66 343
67 101
67 470
67 718
68 789
68 928
69 76
69 79
69 86
69 100
69 117
69 134
69 394
69 428
69 469
69 513
69 522
69 575
69 667
69 670
69 724
69 881
69 82
69 104
69 122
69 159
70 85
70 376
70 643
70 752
71 200
71 301
71 900
71 914
72 98
72 137
72 124
73 732
74 90
74 92
74 99
74 123
74 145
74 194
74 219
74 233
74 249
74 255
74 501
74 548
74 637
74 813
75 141
75 189
75 293
75 602
75 100
76 689
76 836
76 874
77 125
77 129
77 169
78 87
78 138
78 332
78 350
78 447
78 976
78 181
79 85
79 111
79 299
79 341
79 446
79 737
79 757
79 763
79 861
79 873
79 994
80 738
80 112
81 154
81 427
81 745
81 915
81 149
82 146
82 247
82 318
82 465
82 481
82 883
82 111
82 200
83 256
83 317
83 618
84 178
84 254
84 792
85 192
85 216
85 373
85 958
85 167
86 107
86 144
86 369
86 497
86 681
86 904
87 178
87 245
87 281
87 359
87 452
87 772
87 128
88 90
88 98
88 125
88 282
88 284
88 287
88 303
88 316
88 334
88 554
88 569
88 596
88 614
88 617
88 658
88 660
88 666
88 691
88 701
88 702
88 749
88 750
88 751
88 796
88 800
88 825
88 854
88 886
88 899
88 909
88 933
88 961
88 990
89 115
90 182
90 270
90 109
91 104
91 139
92 383
92 485
92 538
93 395
94 143
94 259
94 483
94 679
94 758
94 162
95 156
95 600
95 652
95 109
96 135
96 200
96 278
96 468
96 517
96 633
96 927
96 953
97 107
97 124
97 160
97 243
97 120
97 136
98 106
98 132
98 298
98 441
98 444
98 475
98 523
98 524
98 549
98 555
98 634
98 653
98 690
98 765
98 768
98 774
98 815
98 964
99 215
99 323
99 495
99 630
99 969
99 971
101 109
101 366
101 388
101 467
101 647
101 997
102 130
102 589
102 720
102 776
103 208
103 288
103 291
103 367
103 392
103 673
105 227
105 297
105 946
108 113
108 120
108 221
108 398
108 476
108 730
108 917
109 183
109 479
109 487
109 610
109 756
109 766
109 840
109 890
109 952
109 968
109 996
110 158
111 167
111 478
111 558
111 719
111 868
111 949
111 132
112 168
114 136
115 161
115 214
115 228
115 327
115 778
115 913
115 918
115 925
115 950
115 965
116 126
116 132
116 150
116 269
116 411
116 464
116 547
116 574
116 584
116 632
116 693
116 707
116 736
116 748
116 884
116 891
116 937
116 945
116 961
116 164
116 170
117 265
117 577
117 173
118 267
118 275
118 532
118 599
119 166
119 405
119 709
119 807
119 943
119 992
120 300
120 356
120 364
120 425
120 551
120 570
120 859
120 876
120 140
121 349
121 161
122 333
122 419
122 426
122 727
123 206
123 210
123 378
123 451
123 472
123 646
123 716
123 938
124 967
125 129
125 136
126 242
127 183
127 362
127 951
127 193
128 213
128 400
128 926
128 998
129 188
130 413
130 435
130 490
130 706
130 809
130 812
130 896
130 935
130 941
130 955
130 973
130 148
131 154
131 922
132 180
132 312
132 544
133 186
133 512
133 704
133 790
134 138
134 353
135 204
135 217
135 234
135 268
135 477
135 515
135 518
135 692
135 755
135 840
135 862
135 865
135 888
135 902
135 187
136 311
136 557
136 156
138 294
138 486
138 648
138 671
138 678
138 150
140 930
143 222
143 940
143 172
143 202
144 253
145 263
145 371
145 742
145 189
146 160
146 212
146 225
146 576
146 607
146 654
146 682
147 572
147 699
147 705
147 897
148 537
149 368
149 829
150 279
150 381
150 396
150 848
150 956
150 975
151 482
153 173
153 192
153 203
153 235
153 372
153 442
153 539
153 641
153 747
153 764
153 780
153 845
153 908
153 911
153 939
153 942
153 980
153 984
154 412
154 583
154 659
154 688
154 762
154 830
154 893
154 203
155 295
155 339
155 484
155 683
155 781
161 202
168 200
173 178
180 200
187 194
