0 1
0 2
0 3
0 4
0 6
0 7
0 9
0 15
0 16
0 20
0 24
0 26
0 31
0 35
0 40
0 46
0 49
0 52
0 65
0 67
0 68
0 69
0 70
0 72
0 73
0 74
0 78
0 82
0 86
0 89
0 95
0 103
0 113
0 117
0 124
0 125
0 126
0 132
0 143
0 145
0 150
0 176
0 178
0 186
0 189
0 190
0 192
0 199
0 202
0 204
0 205
0 266
0 343
0 344
0 367
0 377
0 415
0 451
0 499
0 500
0 509
0 535
0 642
0 660
0 673
0 684
0 711
0 712
0 734
0 847
0 853
0 856
0 879
0 893
0 952
1 2
1 3
1 4
1 5
1 6
1 7
1 8
1 11
1 13
1 14
1 16
1 26
1 31
1 33
1 34
1 42
1 43
1 44
1 50
1 51
1 52
1 59
1 61
1 62
1 65
1 71
1 77
1 81
1 82
1 88
1 92
1 94
1 95
1 97
1 118
1 120
1 130
1 131
1 134
1 137
1 144
1 151
1 156
1 167
1 182
1 185
1 187
1 190
1 194
1 203
1 219
1 246
1 264
1 271
1 282
1 283
1 300
1 384
1 390
1 398
1 425
1 426
1 465
1 481
1 503
1 540
1 545
1 560
1 577
1 618
1 637
1 669
1 679
1 779
1 826
1 833
1 864
1 896
1 944
1 969
1 995
2 3
2 4
2 58
2 110
2 116
2 121
2 130
2 170
2 194
2 408
2 582
2 651
2 762
2 859
3 4
3 5
3 6
3 19
3 82
3 90
3 92
3 98
3 102
3 107
3 109
3 114
3 121
3 124
3 137
3 139
3 141
3 150
3 152
3 171
3 179
3 184
3 196
3 473
3 564
3 602
3 730
3 745
3 862
3 986
4 6
4 8
4 11
4 24
4 30
4 34
4 40
4 45
4 50
4 80
4 82
4 85
4 93
4 95
4 98
4 99
4 105
4 109
4 118
4 124
4 144
4 145
4 152
4 160
4 164
4 168
4 179
4 184
4 189
4 190
4 194
4 326
4 342
4 356
4 399
4 475
4 516
4 530
4 574
4 614
4 619
4 687
4 697
4 703
4 737
4 743
4 744
4 767
4 803
4 827
4 844
4 871
4 875
4 947
4 953
4 966
4 989
5 9
5 56
5 62
5 151
5 204
5 854
5 996
5 89
5 6
5 24
6 11
6 16
6 27
6 35
6 40
6 41
6 73
6 91
6 196
6 515
6 580
6 665
6 785
6 824
6 926
6 89
6 99
6 7
6 8
6 15
6 18
6 28
6 81
6 95
6 143
7 24
7 50
7 154
7 176
7 186
7 553
7 599
7 8
7 11
7 12
7 14
7 17
7 29
7 60
7 111
7 122
7 140
7 152
8 12
8 28
8 106
8 107
8 117
8 140
8 147
8 210
8 366
8 402
8 453
8 459
8 562
8 621
8 649
8 707
8 900
8 906
8 913
8 964
8 82
9 10
9 11
9 12
9 15
9 17
9 20
9 25
9 26
9 44
9 56
9 60
9 63
9 71
9 76
9 81
9 96
9 104
9 114
9 122
9 135
9 138
9 144
9 168
9 177
9 185
9 227
9 232
9 239
9 249
9 293
9 304
9 307
9 310
9 313
9 330
9 410
9 414
9 423
9 433
9 471
9 480
9 494
9 517
9 538
9 544
9 551
9 556
9 578
9 583
9 605
9 609
9 631
9 639
9 652
9 655
9 661
9 667
9 677
9 714
9 741
9 749
9 756
9 760
9 764
9 769
9 773
9 776
9 817
9 877
9 911
9 918
9 929
9 943
9 961
9 974
9 992
9 204
10 15
10 151
10 183
10 409
10 524
10 549
10 705
10 850
10 99
10 13
10 16
10 18
10 19
10 21
10 22
10 26
10 30
10 40
10 55
10 74
10 91
10 105
10 114
10 117
10 119
10 121
10 134
10 145
11 16
11 17
11 19
11 21
11 23
11 27
11 29
11 35
11 37
11 38
11 39
11 42
11 46
11 49
11 55
11 71
11 79
11 94
11 126
11 135
11 162
11 163
11 175
11 181
11 203
11 233
11 260
11 320
11 348
11 358
11 359
11 375
11 382
11 431
11 454
11 505
11 534
11 542
11 570
11 636
11 644
11 658
11 690
11 708
11 724
11 784
11 811
11 846
11 870
11 872
11 881
11 914
11 938
11 939
11 973
11 980
11 987
11 999
11 99
11 13
11 25
11 63
12 18
12 20
12 21
12 22
12 32
12 43
12 51
12 106
12 108
12 129
12 139
12 149
12 177
12 200
12 215
12 223
12 311
12 333
12 482
12 485
12 498
12 504
12 529
12 579
12 590
12 635
12 671
12 696
12 719
12 721
12 736
12 752
12 766
12 778
12 781
12 802
12 845
12 861
12 889
12 899
12 901
12 909
12 915
12 923
12 963
12 89
12 38
13 305
13 89
13 19
13 23
13 42
13 149
14 25
14 585
14 20
14 26
14 62
14 86
15 523
15 608
15 629
15 24
15 34
15 48
15 101
15 103
15 128
15 170
16 36
16 39
16 73
16 85
16 137
16 164
16 199
16 257
16 460
16 654
16 902
17 55
17 316
17 587
17 945
17 978
18 30
18 100
18 733
18 917
18 28
18 37
18 39
18 41
18 53
18 59
18 101
19 168
19 221
19 291
19 525
19 607
19 843
19 70
19 96
19 122
20 22
20 25
20 45
20 48
20 53
20 57
20 58
20 65
20 106
20 119
20 153
20 174
20 250
20 274
20 297
20 416
20 446
20 466
20 569
20 624
20 633
20 662
20 720
20 732
20 789
20 795
20 800
20 806
20 850
20 38
20 64
21 27
21 40
21 72
21 110
21 142
21 218
21 476
21 486
21 601
21 670
21 715
21 916
21 41
22 30
22 45
22 67
22 188
22 193
22 329
22 640
22 819
22 860
23 47
23 83
23 235
23 411
23 514
23 547
23 596
23 634
23 669
23 682
23 694
23 713
23 738
23 772
23 813
23 828
23 829
23 865
23 890
23 991
23 40
23 86
24 125
24 528
24 550
24 717
24 958
24 27
24 38
24 45
24 65
24 79
24 87
24 89
24 153
25 60
25 63
25 99
25 363
25 392
25 30
25 36
25 49
25 73
25 107
25 131
26 31
26 33
26 72
26 127
26 169
26 224
26 406
26 559
26 718
26 742
26 759
27 33
27 50
27 64
27 75
27 79
27 86
27 103
27 155
27 157
27 207
27 238
27 242
27 254
27 259
27 261
27 262
27 277
27 292
27 302
27 314
27 323
27 331
27 337
27 347
27 374
27 378
27 381
27 383
27 427
27 435
27 443
27 449
27 462
27 484
27 490
27 518
27 543
27 555
27 594
27 603
27 612
27 625
27 663
27 664
27 678
27 692
27 716
27 722
27 723
27 725
27 774
27 796
27 818
27 821
27 830
27 872
27 905
27 930
27 934
27 942
27 948
27 954
27 962
27 971
27 982
27 985
27 89
27 62
27 117
28 941
28 81
28 119
28 147
29 364
29 387
29 64
30 159
30 178
30 213
30 253
30 792
30 825
30 148
31 32
31 105
31 275
31 604
31 700
32 522
32 646
32 786
33 61
33 73
33 102
33 142
33 169
33 245
33 379
33 397
33 593
33 626
33 653
33 748
33 768
33 772
33 820
33 836
33 838
33 943
33 972
34 66
34 70
34 81
34 141
34 173
34 236
34 338
34 419
34 444
34 681
34 695
34 775
34 880
34 887
34 35
34 123
34 191
35 48
35 49
35 54
35 78
35 80
35 85
35 133
35 161
35 230
35 234
35 312
35 321
35 332
35 341
35 355
35 357
35 394
35 396
35 441
35 461
35 469
35 493
35 496
35 615
35 620
35 641
35 686
35 691
35 702
35 729
35 770
35 777
35 787
35 788
35 797
35 823
35 849
35 857
35 863
35 908
35 920
35 932
35 933
35 959
35 164
36 158
36 226
36 255
36 957
36 44
36 47
36 93
37 111
37 283
37 99
38 49
38 58
38 138
39 537
40 54
40 79
40 84
40 149
40 164
40 199
40 212
40 351
40 474
40 502
40 645
40 692
40 725
40 837
40 886
40 43
40 55
40 68
40 106
40 152
41 175
41 61
41 95
41 114
41 203
42 68
42 91
42 189
42 346
42 401
42 487
42 544
42 592
42 608
42 57
43 131
43 185
43 252
43 307
43 558
43 572
43 586
43 676
43 727
43 822
43 903
43 940
43 949
43 99
43 153
43 166
44 47
44 372
44 753
44 812
44 866
44 892
44 928
44 99
44 104
44 113
44 123
44 145
45 58
45 87
45 121
45 165
45 174
45 180
45 193
45 284
45 296
45 319
45 354
45 373
45 429
45 478
45 835
45 988
45 68
45 75
45 96
46 112
46 782
46 99
46 92
47 60
48 62
48 83
48 92
48 104
48 263
48 339
48 418
48 420
48 428
48 463
48 514
48 526
48 582
48 672
48 765
48 794
48 848
48 911
49 73
49 98
49 99
49 129
49 156
50 61
50 69
50 70
50 123
50 125
50 186
50 256
50 281
50 315
50 388
50 395
50 400
50 439
50 449
50 528
50 533
50 698
50 809
50 838
50 89
50 63
51 87
51 288
51 368
51 508
51 512
51 617
51 721
51 99
52 76
52 464
52 647
52 747
52 798
52 970
53 294
53 60
53 71
53 130
53 146
53 201
54 111
54 113
54 136
54 203
54 349
54 447
54 472
54 552
54 951
55 71
55 77
55 200
55 343
55 422
55 791
55 142
56 306
56 682
57 442
58 108
58 119
58 121
58 140
58 279
58 479
58 740
58 750
58 924
58 99
58 59
58 76
59 191
59 258
59 335
59 483
59 597
59 754
60 115
60 191
60 197
60 206
60 228
60 269
60 273
60 369
60 404
60 417
60 418
60 541
60 623
60 709
60 763
60 873
60 950
60 977
60 981
60 84
60 85
60 90
60 100
60 116
60 120
60 167
61 89
61 155
62 101
62 153
62 167
62 201
62 904
62 997
63 689
63 855
64 112
64 317
64 437
64 553
64 993
64 66
65 365
65 536
65 539
65 650
65 701
65 937
66 664
66 936
66 83
66 98
66 110
66 123
66 152
67 74
67 102
67 130
67 180
67 195
67 299
67 391
67 568
67 706
67 728
68 430
68 451
68 488
68 571
68 710
68 751
68 842
68 103
69 492
70 128
70 154
70 157
70 328
70 405
70 434
70 440
70 731
70 735
71 126
71 532
71 804
71 99
72 122
72 868
72 955
73 118
73 247
73 287
73 353
73 360
73 393
73 511
73 546
73 563
73 575
73 591
73 600
73 761
73 897
73 960
74 165
74 193
75 99
75 105
75 106
75 117
75 151
76 126
76 127
76 241
76 324
76 445
76 456
76 468
76 548
76 659
76 185
77 139
77 309
78 611
78 703
78 99
78 137
79 196
79 814
79 99
80 86
80 108
80 217
80 248
80 704
80 883
80 160
81 146
81 469
82 98
82 101
82 285
82 370
82 407
82 561
82 619
82 848
83 97
83 109
83 355
83 699
83 808
83 931
83 935
83 99
84 93
84 132
84 438
84 467
84 510
84 531
84 554
84 566
84 595
84 643
84 674
84 801
84 927
84 89
85 103
85 202
85 403
85 869
85 105
85 113
86 666
86 680
86 120
87 172
87 280
87 495
87 895
87 109
87 125
87 137
87 180
88 141
88 166
89 112
89 125
89 128
89 146
89 147
89 151
90 183
90 270
90 840
90 187
91 327
91 491
91 506
91 739
91 783
91 898
91 994
92 148
92 182
92 432
92 598
92 922
92 956
94 138
94 209
94 336
95 96
95 322
95 129
96 110
96 301
96 758
96 773
96 163
97 458
97 884
98 143
98 161
98 289
98 99
99 272
99 421
99 113
99 119
99 129
102 145
102 155
102 565
102 657
102 675
102 683
102 816
102 882
102 925
102 965
102 976
102 998
103 527
103 588
104 146
105 295
105 111
106 159
106 184
106 188
106 195
106 244
106 276
106 303
106 362
106 477
106 513
106 584
106 616
106 685
106 799
106 805
106 810
106 819
106 858
106 876
106 975
106 984
106 137
106 150
107 116
107 158
107 554
107 968
107 178
107 184
108 175
108 193
108 198
108 237
108 290
108 452
108 771
108 831
108 990
109 134
109 628
110 316
110 656
110 668
111 386
111 501
111 726
111 983
112 176
112 240
112 286
112 389
112 405
112 520
112 610
112 746
112 834
113 622
113 162
115 376
115 638
116 507
116 195
117 589
118 128
118 131
118 134
118 166
118 205
118 211
118 350
118 413
118 424
118 455
118 497
118 606
118 839
118 878
118 919
118 949
118 179
119 225
119 693
121 334
121 371
121 521
122 298
122 308
122 325
122 448
122 650
122 807
122 907
122 912
122 126
122 143
124 195
124 581
124 832
124 852
124 979
125 630
125 936
126 170
126 229
126 361
126 412
126 567
126 604
126 780
126 874
128 888
129 132
129 436
129 851
129 133
129 144
129 169
130 140
130 147
130 172
130 178
130 222
130 251
130 385
130 573
130 627
130 648
130 815
130 946
130 967
131 268
131 345
131 489
131 642
131 755
131 885
132 214
132 380
132 613
132 793
133 841
133 143
134 576
134 921
135 894
137 318
137 145
138 340
138 450
138 910
138 141
138 154
139 169
139 246
139 757
140 243
140 267
140 728
141 557
144 519
145 265
145 470
145 632
145 891
146 220
146 150
147 216
147 752
147 159
148 187
148 352
151 457
152 157
152 208
152 278
152 345
152 680
152 688
152 783
153 249
154 231
154 790
154 867
167 201
172 193
