0 1
0 2
0 3
0 4
0 7
0 9
0 22
0 25
0 33
0 37
0 46
0 57
0 58
0 65
0 76
0 81
0 85
0 96
0 105
0 106
0 110
0 111
0 112
0 117
0 143
0 144
0 145
0 148
0 153
0 163
0 164
0 175
0 200
0 257
0 258
0 261
0 285
0 305
0 324
0 335
0 349
0 455
0 573
0 580
0 708
0 778
0 875
0 884
1 2
1 3
1 4
1 5
1 8
1 9
1 13
1 20
1 21
1 28
1 34
1 37
1 56
1 57
1 63
1 80
1 85
1 90
1 94
1 95
1 99
1 111
1 121
1 123
1 124
1 126
1 127
1 176
1 187
1 193
1 199
1 279
1 301
1 309
1 320
1 348
1 384
1 466
1 494
1 506
1 534
1 674
1 680
1 682
1 718
1 766
1 843
1 944
1 948
2 3
2 4
2 5
2 7
2 10
2 20
2 26
2 31
2 34
2 38
2 43
2 44
2 50
2 51
2 54
2 63
2 73
2 77
2 79
2 83
2 92
2 97
2 98
2 105
2 108
2 112
2 123
2 130
2 135
2 139
2 145
2 155
2 168
2 172
2 183
2 186
2 188
2 199
2 203
2 206
2 222
2 240
2 276
2 304
2 328
2 339
2 341
2 345
2 353
2 360
2 532
2 627
2 651
2 787
2 812
2 897
2 967
3 4
3 6
3 7
3 10
3 16
3 20
3 24
3 25
3 31
3 39
3 53
3 54
3 57
3 74
3 75
3 82
3 85
3 87
3 90
3 92
3 96
3 100
3 107
3 113
3 114
3 118
3 120
3 130
3 133
3 140
3 142
3 143
3 144
3 157
3 171
3 174
3 175
3 180
3 185
3 189
3 190
3 197
3 200
3 203
3 226
3 230
3 231
3 242
3 315
3 437
3 455
3 537
3 558
3 657
3 668
3 717
3 743
3 753
3 755
3 790
3 820
3 824
3 834
3 849
3 899
4 8
4 9
4 10
4 13
4 24
4 32
4 45
4 50
4 52
4 78
4 83
4 100
4 108
4 116
4 118
4 122
4 125
4 133
4 137
4 140
4 142
4 143
4 145
4 161
4 165
4 174
4 183
4 185
4 193
4 198
4 234
4 246
4 297
4 372
4 377
4 436
4 465
4 536
4 543
4 572
4 581
4 619
4 660
4 713
4 721
4 729
4 760
4 782
4 800
4 828
5 18
5 19
5 23
5 40
5 42
5 53
5 62
5 75
5 80
5 110
5 163
5 168
5 184
5 352
5 406
5 570
5 920
5 945
5 108
5 21
5 6
5 7
5 17
5 35
5 37
5 107
5 121
5 132
5 144
6 9
6 12
6 13
6 22
6 23
6 27
6 28
6 29
6 32
6 38
6 50
6 55
6 59
6 62
6 63
6 70
6 79
6 82
6 85
6 88
6 103
6 126
6 127
6 144
7 27
7 59
7 84
7 107
7 110
7 116
7 143
7 155
7 176
7 192
7 238
7 256
7 333
7 395
7 475
7 510
7 568
7 673
7 685
7 846
7 887
7 895
7 959
7 980
7 9
7 10
7 21
7 34
7 72
7 88
7 103
8 11
8 14
8 17
8 26
8 28
8 30
8 39
8 46
8 52
8 66
8 78
8 91
8 94
8 95
8 99
8 101
8 104
8 113
8 132
8 134
8 144
8 149
8 159
8 167
8 173
8 179
8 188
8 189
8 191
8 207
8 251
8 268
8 278
8 319
8 327
8 369
8 401
8 440
8 463
8 473
8 481
8 485
8 508
8 509
8 514
8 519
8 525
8 557
8 564
8 590
8 635
8 644
8 686
8 693
8 701
8 706
8 770
8 791
8 804
8 809
8 823
8 844
8 868
8 883
8 886
8 924
8 935
8 954
8 962
9 11
9 16
9 21
9 108
9 122
9 162
9 211
9 265
9 346
9 363
9 545
9 621
9 636
9 697
9 928
10 12
10 24
10 28
10 35
10 149
10 287
10 428
10 585
10 612
10 699
10 796
10 954
10 971
10 14
10 18
10 19
10 23
10 27
10 34
10 41
10 50
10 80
10 96
10 108
10 120
10 131
10 154
11 14
11 15
11 22
11 26
11 38
11 41
11 52
11 70
11 74
11 78
11 83
11 85
11 93
11 124
11 138
11 145
11 148
11 188
11 189
11 271
11 273
11 281
11 300
11 337
11 373
11 381
11 392
11 400
11 413
11 438
11 467
11 618
11 650
11 665
11 684
11 754
11 814
11 816
11 840
11 856
11 927
11 970
11 982
11 986
11 989
11 21
11 12
11 29
11 31
11 49
11 50
12 64
12 99
12 101
12 109
12 116
13 27
13 32
13 36
13 41
13 44
13 47
13 50
13 66
13 69
13 71
13 79
13 129
13 158
13 181
13 194
13 223
13 224
13 229
13 263
13 269
13 282
13 294
13 314
13 344
13 358
13 385
13 433
13 454
13 476
13 520
13 527
13 584
13 586
13 593
13 595
13 602
13 637
13 670
13 712
13 757
13 758
13 784
13 789
13 808
13 842
13 854
13 861
13 873
13 907
13 917
13 974
13 21
14 17
14 20
14 22
14 101
14 389
14 405
14 576
14 643
14 916
14 21
14 24
14 58
15 249
16 44
16 58
16 81
16 217
16 248
16 326
16 442
16 501
16 988
17 43
17 131
17 425
17 702
17 795
17 902
17 910
17 973
17 80
17 167
17 187
17 191
18 19
18 23
18 29
18 56
18 139
18 154
18 347
18 529
18 841
18 62
18 111
19 23
19 34
19 40
19 53
19 60
19 72
19 75
19 80
19 148
19 160
19 205
19 228
19 329
19 387
19 429
19 616
19 641
19 737
19 759
19 773
19 20
19 104
20 45
20 71
20 82
20 104
20 171
20 177
20 180
20 182
20 200
20 250
20 321
20 332
20 374
20 400
20 438
20 461
20 490
20 493
20 496
20 498
20 504
20 544
20 655
20 719
20 725
20 810
20 821
20 840
20 853
20 21
20 31
20 33
20 96
21 70
21 35
21 46
21 48
21 75
21 113
21 140
21 141
22 54
22 227
22 254
22 351
22 380
22 410
22 435
22 457
22 659
22 762
22 807
22 43
22 87
23 60
23 61
23 342
23 414
23 456
23 516
23 767
23 847
23 932
23 34
23 46
23 58
23 59
23 64
23 118
23 134
23 137
23 153
24 30
24 33
24 46
24 49
24 129
24 223
24 262
24 364
24 478
24 694
24 723
24 756
24 108
24 47
24 71
24 73
24 76
24 77
24 91
24 104
26 67
26 167
26 386
26 561
26 605
26 654
26 951
27 68
27 420
27 533
27 728
27 30
27 67
28 44
28 47
28 66
28 166
28 195
28 507
28 601
28 772
28 961
28 146
29 453
29 930
29 108
29 47
29 51
29 73
29 84
29 106
29 116
29 119
30 33
30 35
30 66
30 779
30 45
31 130
31 177
31 627
31 40
31 64
31 74
32 68
32 201
32 379
32 913
32 112
33 94
33 149
33 195
33 526
33 687
33 765
33 114
33 139
34 94
34 153
34 275
34 396
34 560
34 776
34 785
34 832
34 39
34 40
34 45
34 48
34 115
34 123
34 128
34 130
35 146
35 448
35 89
35 97
35 149
36 86
36 131
36 361
36 404
36 964
37 93
37 103
37 112
37 178
37 179
37 180
37 603
37 617
37 642
37 677
37 703
37 903
37 904
37 911
37 914
37 999
38 58
38 122
38 141
38 332
38 365
38 613
38 704
38 741
38 890
38 65
39 51
39 55
39 67
39 161
39 458
39 500
39 872
39 68
40 135
40 216
40 293
40 298
40 330
40 443
40 588
40 628
40 736
41 42
41 98
41 127
41 186
41 219
41 272
41 322
41 397
41 477
41 511
41 567
41 574
41 620
41 678
41 761
41 783
41 855
41 891
41 966
41 992
42 53
42 130
42 163
42 184
42 233
42 424
42 441
42 451
42 489
42 695
42 997
42 162
44 49
44 73
44 86
44 175
44 202
44 264
44 299
44 359
44 417
44 422
44 503
44 518
44 548
44 589
44 609
44 624
44 658
44 663
44 692
44 724
44 734
44 740
44 794
44 805
44 826
44 880
44 889
44 896
44 905
44 937
44 957
44 978
44 991
44 195
45 73
45 402
46 48
46 303
46 323
46 587
46 669
46 764
46 850
46 987
47 84
47 159
47 213
47 491
47 521
47 622
47 732
47 827
47 915
47 934
47 956
47 965
48 325
48 86
48 115
48 123
49 59
49 88
49 89
49 152
49 170
49 236
49 253
49 382
49 415
49 604
49 700
49 731
49 798
49 801
49 981
49 996
50 116
50 158
50 582
50 57
50 69
50 99
50 114
51 538
51 84
52 112
52 173
52 302
52 108
52 105
52 117
53 59
53 69
53 86
53 87
53 119
53 160
53 209
53 225
53 277
53 280
53 416
53 419
53 472
53 480
53 487
53 512
53 528
53 531
53 550
53 600
53 606
53 611
53 630
53 633
53 638
53 667
53 672
53 709
53 818
53 839
53 888
53 894
53 925
53 976
53 998
54 83
54 308
54 646
54 662
54 770
54 955
55 423
55 615
56 730
56 885
57 105
57 121
57 597
57 919
57 92
58 858
58 859
58 103
58 109
58 147
59 350
59 555
59 679
59 748
59 768
60 75
60 362
60 168
61 390
61 431
61 559
62 307
63 69
63 88
63 165
63 170
63 244
63 334
63 377
63 403
63 412
63 515
63 546
63 578
63 598
63 626
63 634
63 639
63 653
63 690
63 714
63 819
63 860
63 870
63 912
63 926
63 931
63 943
63 946
63 969
63 994
63 997
64 452
64 505
64 74
64 81
64 85
64 90
64 105
64 111
65 97
65 169
65 197
65 239
65 420
65 176
66 86
66 99
66 150
66 151
66 383
67 173
67 407
67 408
67 749
68 152
68 169
68 483
68 608
69 953
70 124
70 220
71 89
71 91
71 101
71 115
71 136
71 146
71 157
71 166
71 172
71 191
71 221
71 232
71 247
71 255
71 260
71 289
71 316
71 325
71 357
71 367
71 459
71 464
71 484
71 535
71 540
71 541
71 571
71 652
71 662
71 692
71 726
71 733
71 738
71 769
71 771
71 774
71 775
71 797
71 799
71 806
71 857
71 882
71 900
71 929
71 940
71 947
71 949
71 950
71 972
71 100
72 119
72 468
72 575
72 640
72 752
72 874
72 893
72 75
72 114
73 92
73 237
73 283
73 290
73 310
73 547
73 607
73 200
74 147
75 123
75 317
75 744
75 822
75 825
75 82
75 160
76 122
76 368
76 727
77 218
78 114
78 134
78 459
78 539
78 813
78 815
78 835
79 194
79 231
79 331
79 631
79 656
79 711
79 777
79 879
79 926
80 781
80 838
80 91
81 102
81 362
81 502
81 671
81 681
81 688
81 746
81 751
81 877
81 878
81 963
81 995
81 110
82 191
82 193
82 99
82 171
83 171
83 376
84 391
84 884
84 126
85 96
85 936
85 203
86 88
86 164
86 176
86 199
86 266
86 354
86 375
86 398
86 426
86 432
86 666
86 689
86 698
88 742
88 92
88 102
88 132
88 202
89 614
90 833
90 124
90 186
91 941
91 146
92 292
92 450
92 469
92 138
93 270
93 942
93 155
94 129
94 156
94 243
94 287
94 366
94 482
94 497
94 569
94 610
94 645
94 661
94 676
94 715
94 764
94 776
94 802
94 804
94 825
94 852
94 871
94 898
94 922
94 960
94 979
94 985
95 235
95 411
95 517
95 553
95 562
95 705
95 716
95 720
95 863
95 977
95 990
96 124
96 388
96 394
96 445
96 492
96 530
96 713
96 837
96 851
96 958
96 984
97 162
97 291
97 625
97 691
97 864
97 108
98 106
99 306
99 409
99 683
99 939
99 983
99 145
100 128
100 639
100 152
101 167
101 212
101 975
102 235
102 696
102 164
103 147
103 318
103 513
103 811
103 866
105 470
106 274
106 379
106 434
106 579
106 647
106 876
107 109
107 591
107 623
107 923
108 200
108 486
108 710
108 739
108 837
108 933
108 121
109 148
110 128
110 471
110 596
110 788
111 196
111 430
112 138
112 182
112 208
112 241
112 267
112 288
112 460
112 499
112 892
112 968
113 747
113 780
113 803
114 187
115 830
116 343
116 551
116 142
117 245
117 552
117 792
117 179
118 125
118 136
118 185
119 214
119 356
119 371
119 393
119 488
119 862
119 194
120 132
121 370
121 867
121 134
122 190
122 763
124 237
124 745
126 152
127 198
127 577
127 938
127 158
128 921
128 922
129 141
129 146
129 151
129 166
129 178
129 479
129 632
130 648
131 340
131 355
131 495
131 722
131 881
131 906
131 170
132 522
133 204
133 286
133 311
133 556
133 829
133 836
134 313
134 549
135 210
135 565
135 817
136 421
137 563
138 313
139 542
140 312
140 338
140 399
140 418
140 566
140 583
140 594
140 649
140 664
140 735
141 507
141 786
142 170
143 252
143 608
143 901
144 259
144 284
144 427
144 525
144 831
144 845
144 908
144 918
144 151
145 190
145 215
145 295
145 368
145 449
145 580
145 592
145 750
145 793
145 869
146 336
146 474
147 848
148 909
149 296
149 378
149 439
149 462
149 554
149 707
149 865
151 195
151 446
151 581
151 675
152 181
152 444
152 523
153 183
153 447
153 575
153 993
154 524
154 599
154 629
154 952
190 203
