0 1
0 2
0 3
0 4
0 11
0 14
0 16
0 20
0 25
0 43
0 53
0 63
0 74
0 84
0 85
0 89
0 97
0 109
0 110
0 127
0 146
0 151
0 154
0 167
0 227
0 342
0 361
0 421
0 439
0 469
0 488
0 579
0 727
0 782
0 810
0 832
0 839
0 910
1 2
1 3
1 4
1 7
1 9
1 11
1 17
1 23
1 30
1 34
1 40
1 57
1 61
1 65
1 67
1 70
1 73
1 78
1 87
1 91
1 96
1 104
1 112
1 113
1 119
1 120
1 121
1 125
1 126
1 130
1 131
1 132
1 136
1 137
1 147
1 149
1 153
1 157
1 171
1 173
1 186
1 189
1 199
1 200
1 293
1 297
1 304
1 321
1 365
1 366
1 400
1 466
1 519
1 542
1 583
1 592
1 670
1 672
1 688
1 706
1 724
1 800
1 805
1 836
1 929
1 935
2 3
2 4
2 6
2 13
2 34
2 36
2 44
2 55
2 65
2 67
2 76
2 77
2 83
2 84
2 85
2 98
2 102
2 103
2 108
2 113
2 120
2 122
2 123
2 127
2 136
2 143
2 146
2 152
2 154
2 174
2 179
2 196
2 199
2 204
2 250
2 312
2 338
2 345
2 384
2 392
2 432
2 514
2 538
2 539
2 576
2 587
2 611
2 639
2 716
2 732
2 756
2 880
2 902
2 907
2 926
2 943
3 4
3 5
3 6
3 11
3 14
3 20
3 24
3 29
3 37
3 44
3 51
3 56
3 58
3 62
3 64
3 82
3 83
3 86
3 90
3 92
3 93
3 94
3 101
3 105
3 106
3 109
3 110
3 113
3 118
3 128
3 134
3 137
3 154
3 159
3 165
3 172
3 176
3 177
3 182
3 184
3 200
3 218
3 226
3 322
3 336
3 369
3 393
3 409
3 413
3 418
3 440
3 454
3 477
3 493
3 494
3 500
3 558
3 560
3 584
3 621
3 659
3 755
3 792
3 826
3 835
3 895
3 939
3 952
3 958
4 5
4 8
4 20
4 25
4 28
4 29
4 31
4 32
4 43
4 47
4 52
4 57
4 70
4 73
4 84
4 86
4 89
4 104
4 109
4 112
4 113
4 114
4 115
4 116
4 121
4 137
4 139
4 142
4 148
4 150
4 160
4 161
4 166
4 170
4 178
4 184
4 187
4 190
4 191
4 198
4 202
4 204
4 258
4 271
4 279
4 284
4 323
4 324
4 344
4 408
4 412
4 428
4 453
4 462
4 472
4 481
4 489
4 559
4 576
4 578
4 605
4 606
4 668
4 682
4 687
4 739
4 740
4 784
4 812
4 823
4 850
4 894
4 896
4 930
4 934
5 8
5 10
5 13
5 16
5 19
5 20
5 27
5 35
5 36
5 38
5 39
5 41
5 44
5 54
5 63
5 73
5 90
5 141
5 155
5 164
5 185
5 188
5 190
5 191
5 193
5 215
5 216
5 230
5 244
5 257
5 285
5 295
5 297
5 329
5 333
5 334
5 348
5 354
5 358
5 375
5 377
5 430
5 449
5 467
5 498
5 504
5 506
5 508
5 516
5 518
5 554
5 575
5 599
5 601
5 616
5 629
5 633
5 644
5 660
5 673
5 692
5 696
5 702
5 743
5 760
5 765
5 775
5 789
5 797
5 807
5 821
5 824
5 846
5 885
5 893
5 906
5 908
5 915
5 917
5 929
5 949
5 958
5 959
5 965
5 986
5 990
6 22
6 30
6 159
6 186
6 752
6 24
6 28
6 116
6 10
6 12
6 50
6 85
6 95
6 100
6 130
7 9
7 40
7 74
7 181
7 209
7 217
7 448
7 697
7 728
7 933
7 980
8 12
8 19
8 21
8 33
8 49
8 62
8 94
8 99
8 114
8 147
8 151
8 153
8 157
8 173
8 190
8 199
8 206
8 222
8 288
8 363
8 403
8 415
8 465
8 479
8 501
8 503
8 523
8 524
8 530
8 534
8 544
8 553
8 566
8 609
8 647
8 699
8 700
8 708
8 761
8 762
8 768
8 788
8 820
8 837
8 903
8 909
8 913
8 925
8 953
8 28
8 18
8 103
9 22
9 24
9 26
9 32
9 34
9 36
9 40
9 42
9 51
9 68
9 82
9 100
9 155
9 164
9 169
9 181
9 188
9 191
9 200
9 201
9 205
9 224
9 232
9 249
9 268
9 278
9 280
9 303
9 305
9 317
9 318
9 319
9 374
9 381
9 399
9 401
9 402
9 424
9 426
9 495
9 499
9 511
9 518
9 537
9 549
9 554
9 570
9 572
9 585
9 588
9 594
9 595
9 608
9 646
9 653
9 655
9 658
9 663
9 664
9 695
9 721
9 724
9 764
9 776
9 780
9 796
9 798
9 811
9 818
9 830
9 853
9 877
9 884
9 900
9 914
9 922
9 946
9 970
9 974
9 977
9 979
9 983
9 998
10 13
10 19
10 21
10 60
10 61
10 70
10 114
10 132
10 138
10 274
10 277
10 372
10 455
10 480
10 509
10 536
10 596
10 690
10 704
10 838
10 969
10 984
10 11
10 147
10 190
11 14
11 17
11 46
11 394
11 405
11 580
11 593
11 650
11 671
11 679
11 681
11 814
11 937
11 28
11 12
11 13
11 15
11 16
11 23
11 35
11 42
11 54
11 58
11 61
11 66
11 68
11 71
11 89
11 93
11 126
11 144
11 150
11 154
12 21
12 53
12 76
12 156
12 165
12 180
12 482
12 783
12 14
12 20
12 24
12 26
12 28
12 29
12 36
12 62
12 167
13 15
13 23
13 35
13 50
13 73
13 103
13 373
13 808
13 24
13 22
13 144
14 17
14 18
14 46
14 47
14 52
14 81
14 88
14 254
14 304
14 435
14 754
14 862
14 987
14 994
14 26
14 33
14 63
15 119
15 352
15 540
15 651
15 741
15 753
15 859
15 912
15 973
15 57
15 88
16 153
16 256
16 267
16 628
16 785
16 809
16 831
16 24
16 17
16 22
16 35
16 54
16 59
16 60
17 31
17 194
17 211
17 65
18 46
18 47
18 83
18 87
18 92
18 235
18 242
18 254
18 720
18 857
18 867
18 876
18 37
18 55
18 67
18 89
18 125
18 130
19 39
19 119
19 193
19 246
19 447
19 471
19 942
20 45
20 123
20 172
20 239
20 298
20 497
20 521
20 550
20 745
20 886
20 948
20 950
21 53
21 64
21 66
21 70
21 85
21 502
21 627
21 736
21 819
21 874
21 932
22 26
22 327
22 337
22 470
22 640
22 50
22 67
22 127
23 414
23 37
23 46
23 49
23 82
23 87
23 90
23 109
23 110
23 138
23 151
23 153
24 31
24 38
24 71
24 96
24 120
25 33
25 60
25 231
25 289
25 967
26 51
26 54
26 65
26 170
26 335
26 476
26 840
26 999
26 116
26 27
26 33
26 57
26 84
26 93
26 94
26 146
27 100
27 120
27 270
27 290
27 314
27 420
27 434
27 468
27 661
27 683
27 107
28 32
28 43
28 45
29 39
30 54
30 140
30 243
30 767
30 802
31 56
31 59
31 81
31 95
31 107
31 111
31 117
31 169
31 175
31 176
31 178
31 192
31 197
31 259
31 276
31 349
31 353
31 360
31 410
31 446
31 456
31 474
31 507
31 577
31 582
31 590
31 604
31 630
31 674
31 709
31 719
31 757
31 787
31 793
31 803
31 855
31 870
31 877
31 890
31 924
31 936
31 968
31 972
31 991
32 75
32 316
32 185
33 43
33 94
33 145
33 177
33 416
33 526
33 561
33 57
33 73
33 75
33 86
33 108
33 110
33 114
34 76
34 80
34 93
34 96
34 101
34 167
34 189
34 308
34 389
34 423
34 438
34 446
34 522
34 555
34 613
34 641
34 656
34 711
34 725
34 750
34 829
34 860
34 875
34 938
34 989
34 182
35 39
35 77
35 140
35 143
36 386
37 87
37 160
37 220
37 221
37 309
37 359
37 383
37 394
37 422
37 478
37 569
37 625
37 680
37 806
37 851
37 868
37 898
37 52
37 80
37 135
37 162
38 79
38 110
38 280
38 390
38 466
38 564
39 105
39 150
39 223
39 233
39 261
39 294
39 515
39 568
39 637
39 649
39 703
39 713
39 928
39 67
39 75
39 116
39 133
39 152
40 108
40 117
40 247
40 387
40 634
40 635
40 747
40 901
40 159
40 170
41 313
41 911
42 71
42 75
43 66
43 124
43 404
43 799
43 861
43 131
43 173
43 177
44 395
44 486
45 458
45 123
45 126
45 172
46 48
46 78
46 220
46 260
46 309
46 382
46 718
46 920
46 956
46 976
47 69
47 971
48 442
48 749
48 791
49 63
49 179
50 863
50 966
50 69
50 71
50 87
50 91
50 104
50 109
50 121
50 184
51 355
51 781
51 815
51 982
51 169
52 197
52 208
52 287
52 339
52 83
53 60
53 77
53 107
53 151
53 194
53 296
53 315
53 341
53 364
53 385
53 407
53 411
53 482
53 492
53 567
53 618
53 619
53 624
53 654
53 666
53 693
53 735
53 774
53 779
53 794
53 962
53 978
53 996
54 58
54 63
54 69
54 71
54 212
54 248
54 264
54 266
54 340
54 450
54 632
54 678
54 684
54 773
54 816
54 852
54 891
54 944
54 993
54 73
54 188
55 111
56 162
56 251
56 441
56 487
56 581
56 622
56 642
56 677
56 722
56 866
56 882
56 883
57 72
57 118
57 607
57 705
57 845
57 858
57 79
57 81
57 92
57 105
57 129
58 443
58 988
59 97
60 203
60 225
60 332
60 643
60 675
60 723
60 904
60 962
61 79
61 93
61 140
61 168
61 182
61 198
61 200
61 238
61 272
61 286
61 364
61 398
61 403
61 417
61 433
61 512
61 517
61 546
61 573
61 586
61 598
61 613
61 631
61 665
61 685
61 758
61 766
61 778
61 795
61 817
61 916
61 921
61 927
62 427
62 556
63 89
63 158
63 163
63 689
63 848
63 142
65 91
65 376
65 777
66 854
67 131
67 299
67 380
67 440
67 75
68 169
68 457
68 70
69 86
69 88
69 98
69 357
69 955
69 963
69 964
69 995
69 116
70 255
70 325
70 645
70 707
70 710
70 771
70 128
70 135
71 881
71 98
71 101
71 105
71 122
71 127
71 129
71 132
71 141
72 118
72 275
72 414
72 483
72 520
72 571
72 648
72 858
73 99
73 229
73 253
73 558
73 626
73 657
73 864
73 119
74 947
75 547
75 82
75 98
75 132
75 136
76 77
76 80
76 132
76 144
76 152
76 219
76 328
76 370
76 445
76 602
76 698
76 923
76 116
77 301
77 494
77 612
78 391
78 490
78 531
78 662
78 176
79 203
80 124
80 157
81 192
81 194
81 841
81 117
81 195
82 533
82 91
83 88
83 133
83 134
83 252
83 425
83 444
83 562
83 822
83 887
83 119
84 163
84 491
84 614
84 746
86 107
86 112
86 350
86 429
86 676
86 731
86 957
86 197
87 148
87 202
87 379
87 406
87 460
87 110
87 112
88 115
88 142
88 240
88 320
88 459
88 600
88 694
88 872
89 346
89 733
89 769
89 899
90 180
91 269
91 283
91 528
91 552
92 905
93 437
93 532
93 535
93 856
94 464
94 545
94 804
94 892
96 282
98 122
98 638
98 715
98 801
98 889
100 126
100 129
100 185
100 234
100 310
100 844
100 997
100 163
100 187
101 106
102 356
102 401
102 543
102 835
102 981
104 738
104 985
104 122
105 610
105 942
105 112
105 151
106 847
106 849
107 123
107 557
107 615
107 941
108 960
109 136
109 139
109 143
109 273
109 300
109 362
109 591
109 617
109 717
109 734
109 742
109 843
109 954
110 152
110 371
110 452
110 485
110 759
110 139
110 165
111 237
111 292
111 331
112 134
112 195
112 396
112 431
112 461
112 548
112 714
112 730
112 871
112 919
113 133
113 302
113 347
113 463
113 484
113 510
113 563
113 597
113 623
113 652
113 667
113 716
113 772
113 905
113 961
113 116
114 141
115 189
115 397
115 888
116 146
116 158
116 245
116 307
116 387
116 529
116 565
116 636
116 790
116 879
116 931
116 951
116 147
117 748
118 691
118 786
119 135
119 131
120 399
120 505
120 673
120 686
120 712
120 842
121 210
121 267
122 129
122 228
122 306
123 162
123 589
123 732
123 814
123 825
123 945
123 975
123 150
123 199
124 149
124 236
124 343
124 351
124 771
124 827
124 828
124 992
126 726
127 419
127 160
129 513
129 834
129 897
129 141
131 201
131 207
131 281
131 326
131 737
131 869
132 214
132 475
132 729
132 770
132 918
133 162
134 148
134 541
134 763
137 203
137 388
137 451
137 827
139 187
139 574
139 865
141 263
141 620
141 148
141 154
142 367
143 603
143 813
144 152
146 311
146 368
146 473
146 496
147 378
147 149
148 176
148 195
148 265
148 291
149 151
149 179
149 669
150 701
151 160
151 161
151 241
151 436
152 183
152 398
152 833
152 873
153 213
153 262
153 330
153 525
153 527
153 551
153 744
153 751
153 788
153 878
153 940
190 204
199 204
