0 1
0 2
0 3
0 4
0 5
0 6
0 8
0 9
0 10
0 12
0 25
0 34
0 44
0 52
0 54
0 55
0 60
0 69
0 83
0 87
0 99
0 111
0 123
0 126
0 131
0 161
0 169
0 170
0 175
0 177
0 185
0 193
0 223
0 251
0 311
0 431
0 476
0 480
0 600
0 605
0 645
0 664
0 707
0 757
0 766
0 868
0 910
1 2
1 3
1 4
1 5
1 7
1 11
1 21
1 22
1 26
1 32
1 34
1 36
1 40
1 43
1 44
1 46
1 50
1 53
1 54
1 56
1 58
1 62
1 75
1 77
1 79
1 80
1 81
1 85
1 92
1 95
1 99
1 105
1 106
1 109
1 112
1 115
1 119
1 132
1 134
1 139
1 142
1 151
1 154
1 157
1 163
1 175
1 179
1 187
1 189
1 190
1 192
1 217
1 218
1 227
1 263
1 498
1 504
1 539
1 615
1 639
1 687
1 705
1 740
1 786
1 796
1 821
1 843
1 876
1 995
2 3
2 4
2 5
2 7
2 15
2 16
2 17
2 31
2 35
2 36
2 52
2 53
2 82
2 84
2 88
2 92
2 95
2 98
2 102
2 113
2 115
2 119
2 150
2 154
2 168
2 189
2 190
2 196
2 198
2 201
2 247
2 286
2 421
2 492
2 530
2 594
2 611
2 752
2 784
2 813
2 820
2 831
2 889
2 946
2 950
3 4
3 5
3 11
3 21
3 22
3 24
3 25
3 38
3 43
3 46
3 54
3 59
3 65
3 73
3 80
3 81
3 94
3 100
3 110
3 116
3 124
3 129
3 135
3 136
3 140
3 149
3 151
3 155
3 173
3 181
3 183
3 185
3 194
3 196
3 198
3 202
3 234
3 298
3 399
3 460
3 467
3 507
3 511
3 614
3 618
3 632
3 673
3 690
3 724
3 815
3 826
3 883
3 940
3 977
4 5
4 9
4 15
4 30
4 35
4 36
4 52
4 60
4 64
4 93
4 103
4 107
4 111
4 121
4 126
4 133
4 141
4 144
4 171
4 175
4 194
4 200
4 201
4 279
4 314
4 322
4 353
4 462
4 522
4 549
4 588
4 710
4 720
4 723
4 741
4 768
4 867
4 870
4 932
4 933
4 954
4 962
5 6
5 8
5 9
5 11
5 15
5 24
5 27
5 28
5 53
5 56
5 67
5 70
5 78
5 84
5 90
5 94
5 100
5 104
5 107
5 121
5 125
5 128
5 143
5 145
5 154
5 158
5 171
5 173
5 178
5 184
5 186
5 195
5 201
5 219
5 226
5 241
5 386
5 389
5 393
5 520
5 548
5 599
5 689
5 762
5 833
5 835
5 936
5 971
5 978
5 985
6 16
6 128
6 203
6 515
6 869
6 894
6 88
6 7
6 8
6 58
6 113
6 151
7 10
7 14
7 31
7 129
7 220
7 326
7 443
7 475
7 527
7 565
7 704
7 88
7 8
7 13
7 19
7 36
7 49
7 133
7 137
8 9
8 16
8 17
8 19
8 23
8 28
8 29
8 30
8 48
8 69
8 80
8 91
8 98
8 100
8 101
8 109
8 121
8 123
8 137
8 151
8 172
8 190
8 193
8 210
8 245
8 258
8 264
8 271
8 274
8 277
8 282
8 323
8 329
8 364
8 377
8 380
8 384
8 408
8 427
8 438
8 440
8 450
8 453
8 470
8 478
8 493
8 503
8 523
8 537
8 541
8 545
8 550
8 564
8 595
8 628
8 637
8 638
8 662
8 686
8 712
8 718
8 733
8 738
8 743
8 763
8 775
8 793
8 805
8 808
8 817
8 855
8 873
8 888
8 893
8 924
8 944
8 966
8 970
8 976
8 987
8 989
8 88
8 116
9 24
9 33
9 60
9 77
9 117
9 188
9 195
9 236
9 265
9 308
9 562
9 616
9 684
9 713
9 721
9 722
9 841
9 897
9 905
9 963
9 88
9 63
10 14
10 40
10 41
10 59
10 66
10 97
10 127
10 149
10 176
10 183
10 200
10 291
10 340
10 344
10 363
10 371
10 376
10 414
10 469
10 483
10 533
10 744
10 788
10 880
10 911
10 928
10 955
11 12
11 13
11 25
11 44
11 232
11 281
11 465
11 505
11 630
11 634
11 937
11 958
12 18
12 36
12 46
12 56
12 57
12 98
12 118
12 336
12 472
12 879
12 988
13 28
13 38
13 44
13 51
13 54
13 66
13 135
13 140
14 20
14 31
14 41
14 146
14 200
14 387
14 623
14 749
14 787
14 878
14 941
15 18
15 39
15 73
15 74
15 152
15 228
15 358
15 88
15 16
15 21
15 33
15 42
15 57
15 66
15 81
16 19
16 22
16 23
16 26
16 29
16 42
16 45
16 49
16 51
16 63
16 65
16 84
16 87
16 91
16 101
16 102
16 103
16 108
16 114
16 123
16 125
16 126
16 130
16 141
16 162
16 165
16 179
16 201
16 214
16 216
16 230
16 240
16 249
16 250
16 270
16 275
16 295
16 304
16 305
16 310
16 316
16 320
16 324
16 325
16 330
16 349
16 359
16 365
16 373
16 388
16 413
16 434
16 452
16 456
16 457
16 459
16 474
16 490
16 510
16 512
16 514
16 536
16 547
16 554
16 572
16 576
16 597
16 604
16 606
16 609
16 627
16 635
16 641
16 652
16 657
16 666
16 670
16 679
16 701
16 714
16 736
16 745
16 760
16 770
16 781
16 783
16 791
16 800
16 810
16 812
16 814
16 822
16 845
16 850
16 857
16 862
16 886
16 903
16 913
16 914
16 916
16 947
16 974
16 981
16 986
16 88
16 55
16 135
16 153
16 192
17 33
17 38
17 72
17 294
17 583
17 659
17 866
17 996
18 58
18 118
18 136
18 163
18 164
18 518
18 546
18 795
18 88
18 22
18 35
18 71
18 86
18 106
18 123
18 138
18 139
19 23
19 71
19 87
19 114
19 131
19 137
19 197
19 578
19 731
19 852
19 994
20 31
20 225
20 350
21 65
21 823
21 88
21 34
22 63
22 197
22 343
22 88
22 24
22 29
22 40
22 45
22 64
22 108
22 122
23 108
23 109
23 126
23 174
23 560
23 732
23 764
23 88
23 61
23 121
24 27
24 28
24 178
24 253
24 361
24 529
24 537
24 567
24 613
24 649
24 735
24 747
24 754
24 782
24 834
24 146
25 35
25 56
25 76
25 82
25 276
25 395
25 506
25 581
25 624
25 778
25 925
25 88
25 47
25 86
25 89
25 113
25 118
25 130
25 138
25 148
26 130
26 138
26 139
26 402
26 428
26 569
26 895
26 182
27 55
27 78
27 90
27 103
27 143
27 229
27 260
27 269
27 309
27 337
27 342
27 367
27 418
27 422
27 449
27 541
27 563
27 573
27 585
27 703
27 774
27 819
27 827
27 856
27 859
27 917
27 943
27 948
27 952
27 953
27 998
27 88
27 159
28 42
28 45
28 48
28 61
28 67
28 86
28 149
28 162
28 165
28 182
28 204
28 256
28 285
28 289
28 318
28 332
28 374
28 405
28 424
28 426
28 427
28 458
28 491
28 501
28 519
28 543
28 544
28 568
28 587
28 590
28 617
28 642
28 656
28 674
28 681
28 683
28 706
28 746
28 755
28 769
28 790
28 804
28 836
28 840
28 844
28 861
28 900
28 901
28 929
28 967
28 978
28 996
28 33
28 34
28 62
28 85
28 88
28 111
30 91
30 101
30 88
30 56
31 32
31 37
31 66
31 68
31 181
31 211
31 347
31 429
31 451
31 473
31 500
31 528
31 629
31 640
31 694
31 699
31 871
31 957
31 88
31 41
31 46
31 47
31 69
31 72
31 98
31 101
32 39
32 62
32 262
32 607
32 809
32 88
33 81
33 865
33 36
33 48
33 124
34 254
34 315
34 466
34 601
34 675
34 816
34 935
34 51
34 73
34 85
34 94
34 117
35 55
35 73
35 144
35 246
35 356
35 379
35 442
35 680
35 685
36 39
36 112
36 205
36 213
36 243
36 297
36 410
36 436
36 651
36 837
36 45
36 85
36 100
37 399
37 88
38 385
38 412
38 969
38 91
38 107
39 55
39 70
39 74
39 89
39 186
39 259
39 338
39 352
39 355
39 381
39 396
39 409
39 497
39 584
39 676
39 682
39 688
39 716
39 727
39 830
39 838
39 885
39 891
39 912
39 918
39 961
39 88
39 76
39 77
39 113
40 47
40 119
40 127
40 389
40 417
40 437
40 535
40 644
40 655
40 982
40 49
40 80
41 47
41 135
41 248
41 267
41 464
41 577
41 789
41 88
42 61
42 138
42 375
43 48
43 85
43 94
43 280
43 625
43 672
44 481
44 983
44 88
44 70
44 141
45 147
45 157
45 915
45 150
46 110
46 463
46 494
46 980
47 79
47 97
47 134
47 362
47 394
47 551
47 81
47 90
48 172
48 177
48 293
48 877
48 927
48 110
48 121
48 124
48 136
48 155
49 196
49 242
49 255
49 335
49 341
49 374
49 390
49 407
49 411
49 447
49 458
49 579
49 592
49 596
49 598
49 603
49 654
49 668
49 691
49 697
49 702
49 753
49 759
49 931
49 960
49 968
49 972
49 973
49 986
49 91
49 96
50 899
51 63
51 122
52 708
53 64
53 75
53 203
53 357
53 433
53 695
53 794
54 123
54 797
55 202
55 237
55 303
55 716
55 803
55 813
55 61
56 116
56 161
56 199
56 907
57 479
57 97
57 164
58 74
58 122
58 161
58 199
58 287
58 406
58 737
58 939
59 169
59 327
59 532
59 715
60 67
60 95
60 238
60 331
60 964
61 898
62 88
63 142
63 557
63 575
63 663
63 846
63 863
63 990
63 88
63 64
63 65
63 74
63 138
64 75
64 84
64 134
65 138
65 141
65 224
65 448
65 828
65 887
66 244
66 444
66 489
66 726
66 727
66 88
67 72
67 96
67 108
67 117
67 170
67 179
67 192
67 198
67 252
67 257
67 261
67 268
67 346
67 348
67 354
67 385
67 392
67 404
67 415
67 419
67 439
67 454
67 484
67 499
67 550
67 555
67 660
67 671
67 721
67 734
67 754
67 818
67 854
67 877
67 908
67 926
67 945
67 951
67 959
67 992
68 88
68 81
68 118
70 93
70 129
70 445
70 593
70 608
70 719
71 155
73 92
73 116
73 180
73 272
73 283
73 360
73 542
73 626
73 912
73 920
74 147
74 202
74 205
74 956
75 111
75 275
75 558
75 765
75 99
75 158
76 194
76 296
76 538
76 553
76 591
76 849
76 88
76 147
77 501
77 95
77 143
77 144
78 378
78 904
78 168
79 534
79 650
79 88
80 669
80 853
81 485
81 574
81 890
81 96
82 191
82 379
82 397
82 566
83 631
83 771
83 825
83 979
84 120
84 214
84 333
84 636
84 758
84 839
84 923
84 934
84 965
84 125
85 140
86 403
86 586
86 109
87 114
87 121
87 198
87 884
87 88
87 112
88 98
88 102
88 105
88 124
88 127
88 129
88 131
88 141
88 148
89 134
89 166
89 321
89 495
89 726
89 919
89 176
89 183
91 401
92 159
92 235
92 398
92 801
92 806
92 163
93 181
93 391
94 105
94 874
94 170
95 299
95 570
96 212
97 215
98 118
98 131
98 158
98 167
98 174
98 748
98 864
98 202
99 167
99 496
100 229
100 313
100 561
100 905
101 266
101 665
102 124
102 207
102 231
102 301
102 317
102 368
102 425
102 456
102 488
102 661
102 696
102 767
102 807
102 906
102 942
102 145
102 200
103 120
103 140
103 188
103 193
103 300
103 461
103 559
103 649
103 653
103 858
103 881
105 370
105 647
105 195
106 975
107 128
107 142
107 146
108 206
108 482
108 709
108 832
108 909
109 513
109 571
109 620
109 797
109 114
110 164
110 222
110 239
110 351
110 556
110 729
110 799
110 847
110 902
110 949
111 122
111 159
111 205
111 477
111 487
111 612
111 842
112 455
112 728
113 190
114 179
114 725
114 152
115 191
115 540
115 569
115 872
116 122
116 233
116 700
118 156
118 471
118 619
118 161
119 344
121 185
121 383
121 432
121 435
121 516
121 526
121 589
121 153
122 382
122 398
122 131
123 150
123 278
123 468
123 678
124 756
124 798
124 142
125 129
125 187
125 221
125 290
125 302
125 312
125 400
125 416
125 430
125 508
125 524
125 702
125 742
125 792
125 851
125 185
126 739
126 938
126 999
126 179
127 525
127 875
128 339
128 692
128 773
129 148
129 160
129 183
129 500
129 643
129 667
129 802
129 151
130 698
130 162
131 441
131 997
132 930
133 621
133 677
134 423
134 871
135 921
135 155
136 152
136 208
136 334
136 345
136 761
136 993
137 155
137 284
137 552
137 717
138 139
138 307
138 750
138 777
139 486
139 602
140 502
140 785
141 147
141 162
141 328
141 369
141 509
141 531
141 580
141 648
141 860
142 521
144 191
144 209
144 633
144 896
145 517
146 646
147 180
147 420
147 730
147 922
149 153
149 160
149 242
149 273
149 288
149 292
149 306
149 366
149 372
149 446
149 572
149 610
149 658
149 693
149 711
149 772
149 776
149 824
149 829
149 848
149 882
149 892
149 984
149 991
149 196
150 319
150 863
151 751
151 178
153 582
153 811
154 622
154 925
155 779
155 780
160 169
161 205
162 196
163 167
199 205
