0 1
0 2
0 3
0 7
0 17
0 23
0 29
0 31
0 36
0 50
0 51
0 56
0 66
0 67
0 71
0 77
0 81
0 86
0 97
0 110
0 127
0 135
0 136
0 147
0 153
0 155
0 158
0 162
0 164
0 178
0 182
0 194
0 202
0 247
0 271
0 314
0 316
0 349
0 351
0 407
0 412
0 479
0 588
0 637
0 681
0 682
0 683
0 791
0 815
0 833
0 859
0 880
0 883
0 922
0 930
1 2
1 3
1 4
1 7
1 13
1 17
1 18
1 25
1 27
1 31
1 46
1 52
1 53
1 61
1 63
1 70
1 77
1 82
1 83
1 89
1 94
1 96
1 98
1 102
1 105
1 110
1 121
1 124
1 128
1 129
1 132
1 148
1 154
1 155
1 156
1 165
1 169
1 176
1 178
1 182
1 185
1 186
1 193
1 226
1 266
1 275
1 323
1 344
1 442
1 459
1 505
1 526
1 541
1 590
1 626
1 658
1 695
1 704
1 714
1 719
1 726
1 729
1 750
1 765
1 806
1 825
1 865
1 904
1 905
1 929
1 977
2 3
2 5
2 7
2 17
2 21
2 34
2 56
2 58
2 63
2 65
2 70
2 75
2 80
2 88
2 90
2 100
2 111
2 112
2 114
2 122
2 127
2 129
2 130
2 131
2 133
2 141
2 172
2 176
2 185
2 187
2 189
2 190
2 195
2 197
2 202
2 215
2 228
2 232
2 280
2 330
2 338
2 355
2 390
2 406
2 509
2 549
2 608
2 614
2 625
2 673
2 711
2 802
2 823
2 824
2 839
2 960
3 4
3 6
3 8
3 15
3 19
3 33
3 42
3 43
3 44
3 48
3 49
3 50
3 51
3 53
3 57
3 59
3 63
3 64
3 65
3 66
3 68
3 70
3 73
3 78
3 84
3 85
3 86
3 89
3 92
3 93
3 94
3 101
3 104
3 106
3 109
3 121
3 126
3 128
3 129
3 131
3 140
3 142
3 143
3 148
3 149
3 150
3 158
3 160
3 161
3 163
3 168
3 170
3 173
3 186
3 193
3 194
3 201
3 203
3 219
3 234
3 235
3 238
3 239
3 267
3 274
3 304
3 307
3 308
3 313
3 364
3 383
3 405
3 408
3 447
3 483
3 486
3 506
3 521
3 543
3 611
3 678
3 688
3 723
3 771
3 796
3 803
3 845
3 854
3 868
3 917
3 921
3 928
3 938
3 939
3 947
4 6
4 8
4 25
4 61
4 91
4 573
4 740
4 768
4 799
4 102
4 111
4 5
4 9
4 10
4 11
4 14
4 15
4 17
4 19
4 21
4 26
4 53
4 63
4 66
4 71
4 74
4 83
4 89
4 104
4 108
4 124
4 139
5 13
5 18
5 19
5 101
5 253
5 6
6 12
6 28
6 33
6 84
6 91
6 203
6 236
6 292
6 475
6 735
6 102
6 11
6 14
6 19
6 21
6 22
6 25
6 34
6 41
6 51
6 70
6 86
6 87
6 104
6 110
6 113
6 114
6 117
6 120
6 131
6 140
6 149
7 9
7 10
7 11
7 16
7 20
7 34
7 35
7 36
7 37
7 42
7 52
7 64
7 66
7 78
7 85
7 105
7 119
7 121
7 125
7 134
7 148
7 150
7 151
7 165
7 169
7 171
7 179
7 180
7 184
7 194
7 222
7 241
7 243
7 252
7 257
7 268
7 269
7 272
7 276
7 281
7 294
7 301
7 315
7 327
7 341
7 343
7 370
7 402
7 410
7 415
7 434
7 463
7 469
7 472
7 499
7 521
7 530
7 540
7 555
7 560
7 575
7 584
7 612
7 631
7 651
7 659
7 672
7 674
7 676
7 687
7 694
7 712
7 721
7 722
7 728
7 734
7 738
7 747
7 756
7 759
7 774
7 792
7 809
7 810
7 829
7 831
7 835
7 857
7 861
7 864
7 878
7 884
7 885
7 927
7 933
7 942
7 944
7 949
7 952
7 953
7 959
7 961
7 985
7 986
7 994
7 102
8 12
8 28
8 29
8 61
8 76
8 87
8 145
8 205
8 209
8 264
8 421
8 451
8 456
8 564
8 572
8 635
8 693
8 732
8 743
8 754
8 785
8 877
8 898
8 971
8 974
8 988
9 10
9 11
9 12
9 33
9 67
9 87
9 138
9 141
9 143
9 173
9 195
9 254
9 290
9 333
9 342
9 373
9 375
9 385
9 466
9 520
9 586
9 592
9 633
9 689
9 715
9 718
9 805
9 835
9 891
9 897
9 902
9 934
9 968
9 969
9 980
9 111
9 39
9 47
9 83
10 58
10 96
10 116
10 318
10 386
10 610
10 770
10 782
10 804
10 966
10 987
11 14
11 15
11 20
11 26
11 32
11 37
11 42
11 43
11 49
11 54
11 69
11 75
11 82
11 88
11 96
11 104
11 105
11 116
11 118
11 133
11 134
11 137
11 144
11 152
11 192
11 224
11 231
11 237
11 243
11 251
11 263
11 312
11 317
11 324
11 367
11 371
11 384
11 438
11 461
11 481
11 510
11 511
11 512
11 515
11 546
11 565
11 582
11 616
11 618
11 628
11 641
11 645
11 660
11 705
11 709
11 717
11 724
11 731
11 742
11 744
11 755
11 784
11 798
11 807
11 829
11 832
11 843
11 850
11 852
11 856
11 893
11 910
11 920
11 955
11 967
11 982
11 29
12 40
12 122
12 132
13 18
13 19
13 23
13 24
13 100
13 114
13 220
13 246
13 445
13 464
13 508
13 537
13 570
13 594
13 644
13 737
13 763
13 841
13 846
14 15
14 22
14 112
14 661
14 916
14 20
15 358
15 669
15 873
15 111
15 47
15 49
15 66
15 113
16 38
16 52
16 89
16 139
16 196
16 409
16 566
16 111
16 51
17 39
17 50
17 137
17 634
17 911
17 93
17 135
18 24
18 30
18 48
18 62
18 248
18 348
18 458
18 480
18 571
18 789
18 871
19 21
19 27
19 34
19 46
19 47
19 55
19 72
19 80
19 99
19 101
19 102
19 108
19 117
19 124
19 149
19 188
19 196
19 223
19 249
19 293
19 300
19 325
19 343
19 354
19 365
19 374
19 380
19 391
19 401
19 425
19 443
19 457
19 468
19 477
19 493
19 502
19 532
19 537
19 550
19 583
19 613
19 614
19 632
19 653
19 656
19 662
19 666
19 696
19 710
19 766
19 828
19 842
19 853
19 862
19 881
19 906
19 908
19 915
19 923
19 941
19 957
19 975
19 981
19 992
19 995
19 35
19 54
19 81
19 103
20 27
20 41
20 44
20 45
20 66
20 72
20 82
20 89
20 90
20 118
20 142
20 143
20 149
20 154
20 190
20 211
20 278
20 282
20 295
20 322
20 350
20 356
20 440
20 446
20 528
20 531
20 553
20 574
20 629
20 642
20 649
20 670
20 690
20 776
20 788
20 818
20 836
20 863
20 876
20 993
20 65
20 186
21 23
21 111
21 210
21 377
21 387
21 606
21 671
21 22
21 31
21 47
21 71
21 116
21 124
21 129
22 26
22 36
22 75
22 91
22 95
22 121
22 128
22 133
22 153
23 24
23 225
23 256
23 285
23 378
23 647
23 797
24 30
24 57
24 59
24 72
24 428
24 525
24 668
24 698
24 923
24 939
24 997
25 92
25 145
25 368
25 467
25 598
25 609
25 650
25 663
25 26
25 36
25 37
25 43
25 67
25 84
25 86
25 90
25 100
25 109
25 110
25 113
25 114
25 129
25 153
26 32
26 71
26 147
26 181
26 204
26 376
26 990
27 136
28 67
28 79
28 455
28 586
28 692
28 867
28 998
28 111
29 33
29 46
29 311
29 353
29 449
29 507
29 514
29 600
29 636
29 677
29 749
29 752
29 779
29 860
29 899
29 954
29 963
29 203
30 151
30 170
30 240
30 279
30 329
30 377
30 397
30 417
30 458
30 488
30 536
30 546
30 556
30 578
30 581
30 605
30 619
30 622
30 643
30 655
30 675
30 753
30 761
30 769
30 790
30 800
30 816
31 81
31 92
31 303
31 332
31 935
31 53
31 59
31 112
31 144
31 145
31 153
32 102
33 183
33 559
33 778
33 794
33 102
33 50
33 77
33 81
33 84
33 95
33 101
33 112
33 134
33 143
33 147
34 38
34 39
34 41
34 71
34 109
34 125
34 191
34 198
34 273
34 328
34 331
34 403
34 411
34 413
34 426
34 432
34 452
34 482
34 484
34 523
34 701
34 703
34 758
34 764
34 787
34 822
34 826
34 827
34 866
34 888
34 123
35 184
35 502
35 793
35 57
35 72
35 102
35 151
36 41
36 242
36 400
36 820
37 965
38 85
38 591
38 996
38 174
39 111
39 40
39 52
39 158
40 41
40 162
42 44
42 207
42 299
42 335
42 516
42 945
43 96
43 191
43 229
43 372
43 444
43 926
43 49
44 51
44 60
44 98
44 439
44 497
44 762
44 838
45 305
45 366
45 111
46 59
46 157
46 199
46 283
46 362
46 379
46 667
46 684
46 685
46 751
46 870
46 887
46 943
46 964
47 381
48 73
48 131
48 297
48 745
49 178
49 389
49 63
49 65
49 103
49 122
50 58
50 112
50 221
50 359
50 435
50 538
50 646
50 814
50 972
51 63
51 176
51 197
51 336
51 352
51 470
51 495
51 522
51 529
51 736
51 741
51 819
51 834
51 840
51 940
51 999
51 52
51 55
51 99
51 161
51 163
51 168
52 174
52 394
53 98
53 111
53 126
54 123
54 191
55 56
55 174
55 289
55 621
55 111
55 57
56 277
57 188
57 246
57 271
57 418
57 786
58 123
58 615
58 638
58 665
58 714
59 504
60 87
60 122
60 363
60 476
60 580
60 630
60 639
60 650
60 795
60 813
60 909
60 932
60 936
60 976
61 195
62 72
62 213
62 288
63 137
63 474
63 491
63 557
63 121
64 154
64 748
64 991
65 772
66 244
66 284
66 337
66 535
66 956
66 83
66 85
67 874
67 914
67 70
67 111
68 171
69 137
70 164
70 261
70 133
71 161
71 166
71 482
71 534
71 657
71 686
71 72
71 115
72 73
72 74
72 79
72 80
72 108
72 175
72 212
72 259
72 298
72 347
72 382
72 420
72 424
72 433
72 450
72 503
72 518
72 544
72 550
72 561
72 568
72 602
72 607
72 654
72 675
72 772
72 786
72 830
72 890
72 912
72 951
72 962
72 978
72 983
73 95
73 172
73 260
73 388
73 513
73 524
73 570
73 821
73 847
74 217
74 76
74 185
75 199
75 783
75 814
75 896
76 286
76 88
76 92
78 111
78 184
79 160
79 208
79 664
79 707
79 746
79 812
79 823
80 270
81 206
81 593
81 127
82 93
82 118
82 143
82 216
82 872
82 946
82 111
82 194
83 900
83 133
84 127
84 227
84 392
84 624
84 730
84 924
84 970
85 107
85 140
85 141
85 153
85 165
85 186
85 200
85 202
85 233
85 242
85 369
85 414
85 431
85 473
85 494
85 496
85 545
85 551
85 569
85 587
85 597
85 706
85 708
85 739
85 837
85 937
85 985
86 87
86 159
86 340
86 589
86 640
86 679
86 699
86 713
86 886
87 107
87 399
87 422
87 448
87 617
87 895
87 918
87 936
87 958
87 125
87 159
88 103
88 462
88 562
88 801
88 848
89 91
89 113
89 184
89 203
89 423
89 501
89 579
89 623
89 777
89 102
90 828
91 604
91 652
91 903
91 126
92 780
92 824
92 102
93 576
93 725
93 879
93 111
93 130
94 189
94 167
95 123
95 137
95 143
96 109
96 115
96 177
96 201
96 296
96 326
96 345
96 360
96 441
96 453
96 577
96 680
96 858
96 111
98 194
99 547
99 131
100 120
100 245
100 346
100 419
100 429
100 454
100 498
100 648
100 716
100 727
100 773
100 973
102 117
102 119
102 120
102 111
104 427
105 180
105 471
105 554
105 558
105 720
106 357
106 478
106 844
107 313
107 760
108 309
108 460
109 319
109 539
109 767
109 855
109 894
110 119
111 552
111 123
111 148
112 138
112 181
112 320
112 517
112 527
112 775
112 128
113 393
114 258
114 262
114 310
114 548
114 892
115 123
115 889
116 166
116 291
116 490
116 595
116 913
117 757
117 931
117 129
118 925
119 321
119 154
121 255
121 334
121 361
122 599
122 849
122 950
123 161
123 166
123 404
123 563
123 601
123 989
125 171
125 398
126 508
126 139
127 146
127 183
127 302
127 339
127 585
127 603
127 869
127 984
129 485
129 489
129 808
130 152
130 214
130 702
131 188
131 218
131 395
131 465
131 919
131 979
131 148
132 159
132 448
132 492
132 596
133 168
133 177
133 287
133 437
133 519
135 145
136 416
136 500
137 177
137 230
137 487
137 533
137 542
137 784
137 875
137 882
140 191
140 265
140 396
140 620
140 691
141 146
141 306
142 197
143 907
143 164
144 700
145 948
146 162
146 250
146 430
146 436
146 627
146 851
148 697
149 733
149 193
151 187
152 811
152 166
153 167
153 567
153 781
153 817
153 901
163 176
168 177
