0 1
0 2
0 3
0 4
0 5
0 10
0 19
0 23
0 26
0 35
0 42
0 49
0 65
0 73
0 74
0 97
0 98
0 159
0 163
0 170
0 185
0 227
0 237
0 291
0 318
0 505
0 565
0 566
0 668
0 722
0 861
0 970
1 2
1 3
1 4
1 5
1 6
1 7
1 8
1 13
1 18
1 19
1 20
1 23
1 26
1 27
1 29
1 30
1 31
1 32
1 33
1 36
1 38
1 42
1 44
1 45
1 56
1 67
1 68
1 71
1 76
1 77
1 79
1 82
1 88
1 96
1 104
1 108
1 116
1 117
1 129
1 130
1 134
1 137
1 144
1 145
1 146
1 154
1 156
1 158
1 159
1 168
1 173
1 174
1 179
1 190
1 193
1 195
1 204
1 205
1 231
1 268
1 292
1 293
1 313
1 333
1 334
1 340
1 369
1 373
1 420
1 432
1 440
1 442
1 449
1 477
1 478
1 517
1 526
1 542
1 547
1 572
1 582
1 590
1 594
1 599
1 632
1 640
1 689
1 700
1 708
1 709
1 735
1 736
1 763
1 764
1 778
1 786
1 825
1 836
1 843
1 865
1 924
1 931
1 934
1 949
1 951
1 955
1 964
1 977
1 986
2 3
2 4
2 5
2 17
2 42
2 47
2 50
2 55
2 81
2 84
2 94
2 101
2 138
2 143
2 145
2 169
2 189
2 199
2 345
2 385
2 388
2 485
2 549
2 716
2 997
3 4
3 5
3 8
3 17
3 20
3 23
3 31
3 37
3 43
3 44
3 56
3 66
3 72
3 76
3 89
3 91
3 100
3 101
3 103
3 112
3 119
3 123
3 136
3 147
3 156
3 188
3 190
3 192
3 205
3 254
3 259
3 274
3 342
3 371
3 450
3 473
3 494
3 508
3 596
3 662
3 800
3 877
4 5
4 13
4 14
4 22
4 23
4 39
4 40
4 60
4 63
4 67
4 94
4 113
4 132
4 133
4 150
4 151
4 163
4 168
4 195
4 242
4 263
4 622
4 654
4 822
4 868
5 6
5 9
5 10
5 12
5 16
5 21
5 32
5 48
5 56
5 57
5 58
5 62
5 67
5 71
5 92
5 95
5 97
5 102
5 104
5 105
5 113
5 115
5 116
5 135
5 139
5 155
5 157
5 160
5 166
5 167
5 173
5 174
5 175
5 181
5 185
5 186
5 188
5 314
5 386
5 488
5 495
5 512
5 544
5 633
5 671
5 675
5 729
5 737
5 754
5 768
5 874
5 887
5 898
6 7
6 8
6 11
6 15
6 16
6 25
6 70
6 269
6 285
6 765
6 850
6 14
6 149
6 18
6 28
6 32
6 39
6 50
6 64
6 68
6 125
7 11
7 15
7 30
7 44
7 45
7 92
7 191
7 194
7 401
7 698
7 727
7 753
7 939
7 149
7 14
7 10
7 38
7 86
7 150
8 22
8 99
8 107
8 124
8 144
8 147
8 187
8 199
8 210
8 223
8 683
8 744
8 765
8 912
8 14
8 16
8 37
8 40
8 43
9 12
9 17
9 54
9 62
9 65
9 198
9 273
9 330
9 642
9 908
9 14
9 10
9 100
9 151
10 14
10 29
10 33
10 36
10 37
10 39
10 61
10 64
10 85
10 86
10 251
10 427
10 534
10 550
10 673
10 907
10 957
10 88
11 12
11 15
11 16
11 24
11 25
11 47
11 72
11 75
11 89
11 94
11 137
11 147
11 188
11 193
11 217
11 226
11 267
11 277
11 289
11 297
11 319
11 332
11 344
11 348
11 382
11 384
11 387
11 416
11 430
11 433
11 452
11 483
11 504
11 528
11 552
11 558
11 564
11 568
11 577
11 589
11 645
11 646
11 731
11 734
11 752
11 757
11 796
11 812
11 834
11 871
11 915
11 926
11 945
11 968
11 969
11 14
11 102
11 123
12 26
12 48
12 721
12 902
12 14
12 30
12 36
12 81
13 24
13 347
13 587
13 149
13 14
13 15
13 22
13 23
13 39
13 53
13 63
13 79
13 87
13 94
13 108
14 19
14 28
14 29
14 32
14 39
14 55
14 126
14 352
14 357
14 451
14 466
14 516
14 583
14 603
14 848
14 933
14 960
14 21
14 27
14 44
14 67
14 82
14 83
15 45
15 100
15 337
15 511
15 26
15 28
15 35
15 70
15 73
16 99
16 190
16 669
16 862
16 995
16 18
16 21
16 115
16 145
17 27
17 51
17 54
17 105
17 127
17 142
17 211
17 272
17 297
17 646
17 676
17 718
17 733
17 882
17 909
18 21
18 47
18 66
18 137
18 282
18 323
18 588
18 19
18 20
18 24
18 31
18 40
18 55
18 105
18 110
18 144
19 244
19 503
19 68
20 28
20 173
20 212
20 236
21 48
21 57
21 68
21 93
21 102
21 114
21 164
21 172
21 206
21 338
21 375
21 600
21 627
21 651
21 750
21 755
21 864
21 935
21 24
21 41
21 44
21 61
21 62
21 74
21 86
21 89
21 96
21 110
21 134
22 88
22 500
22 977
22 44
23 28
23 34
23 49
23 53
23 80
23 200
23 215
23 301
23 308
23 315
23 410
23 456
23 661
23 779
23 797
23 857
23 980
23 981
24 226
24 539
24 586
24 70
24 93
24 126
24 130
24 150
24 194
25 700
26 51
26 77
26 163
26 164
26 270
26 324
26 686
26 732
27 28
27 35
27 55
27 83
27 84
27 138
27 164
27 172
27 182
27 201
27 202
27 218
27 225
27 238
27 252
27 256
27 262
27 294
27 303
27 354
27 407
27 409
27 431
27 443
27 501
27 563
27 579
27 717
27 748
27 847
27 852
27 872
27 884
27 894
27 951
27 971
27 42
27 111
28 30
28 35
28 41
28 46
28 50
28 53
28 68
28 119
28 140
28 150
28 152
28 155
28 156
28 162
28 165
28 175
28 177
28 183
28 189
28 192
28 229
28 240
28 299
28 310
28 312
28 316
28 321
28 355
28 360
28 367
28 390
28 403
28 428
28 441
28 453
28 458
28 472
28 487
28 492
28 524
28 553
28 569
28 592
28 609
28 610
28 615
28 617
28 623
28 625
28 649
28 694
28 759
28 776
28 807
28 810
28 813
28 833
28 870
28 876
28 885
28 900
28 911
28 916
28 922
28 950
28 971
28 985
28 993
28 60
28 153
29 36
29 43
29 58
29 78
29 86
29 196
29 489
29 591
29 747
29 891
30 79
30 152
30 197
30 288
30 327
30 378
30 411
30 422
30 464
30 520
30 538
30 692
30 704
30 726
30 782
30 799
30 834
30 835
30 851
30 854
30 888
30 75
31 151
31 656
31 108
32 87
32 102
32 197
32 365
32 396
32 507
32 640
32 803
32 932
32 991
32 51
33 46
33 50
33 78
33 93
33 151
33 154
33 162
33 184
33 216
33 498
33 537
33 607
33 674
33 808
33 859
33 940
33 941
33 200
34 253
34 465
34 607
34 724
34 754
34 886
35 40
35 69
35 57
36 43
36 90
36 171
36 660
36 809
36 56
37 126
37 232
37 455
37 598
37 644
37 657
37 665
37 914
37 133
38 42
39 111
39 79
40 55
40 146
40 522
40 690
40 896
41 46
41 49
41 650
41 52
41 107
41 113
41 134
42 91
42 647
42 883
42 149
42 46
42 62
42 67
42 93
42 132
42 140
43 85
43 106
43 133
43 154
43 196
43 284
43 358
43 363
43 715
43 746
43 832
43 71
43 143
44 52
44 90
44 92
44 99
44 107
44 111
44 153
44 207
44 257
44 261
44 374
44 381
44 425
44 437
44 531
44 636
44 688
44 707
44 845
44 868
44 873
44 904
44 967
44 983
44 60
44 65
44 76
44 101
44 104
44 130
44 146
44 171
45 59
45 98
45 536
45 611
45 727
45 804
46 49
46 50
46 69
46 72
46 122
46 128
46 139
46 140
46 221
46 329
46 408
46 474
46 575
46 788
46 797
46 999
47 53
47 584
47 923
47 149
47 61
48 63
48 77
48 114
48 250
48 304
48 322
48 362
48 368
48 514
48 773
48 798
48 998
50 97
50 239
50 248
50 438
50 493
50 518
50 678
50 827
52 793
52 75
53 54
53 87
53 157
53 241
53 557
53 621
53 672
53 838
53 74
53 89
53 95
53 139
53 159
54 135
54 158
54 309
54 963
55 73
55 103
55 116
55 148
55 275
55 581
55 631
55 659
55 787
55 959
55 77
55 85
56 104
56 150
56 185
56 317
56 556
56 593
56 634
56 771
56 774
56 866
56 886
56 918
56 178
57 60
57 88
57 152
57 350
57 546
58 167
58 171
58 181
58 230
58 245
58 264
58 364
58 370
58 379
58 402
58 417
58 424
58 444
58 481
58 567
58 580
58 608
58 635
58 685
58 806
58 820
58 842
58 905
58 972
58 996
59 399
59 614
59 738
59 758
60 377
60 829
61 108
61 235
61 341
61 380
61 434
61 643
61 815
62 149
62 123
62 164
63 616
63 942
63 987
63 139
64 74
64 106
64 96
64 155
65 72
66 77
66 202
66 336
66 507
66 523
66 548
66 654
66 699
66 701
66 819
66 823
66 927
66 982
66 988
67 152
68 283
68 351
68 816
68 860
68 74
68 83
68 146
69 125
69 243
69 423
69 545
69 624
69 881
69 930
70 271
70 839
70 116
70 147
71 125
71 325
71 601
71 638
71 677
71 740
71 761
71 780
71 781
71 783
71 844
71 869
71 994
71 127
71 138
72 80
72 87
72 112
72 179
72 349
72 438
72 486
72 875
72 895
72 947
72 953
73 120
73 121
73 161
73 195
73 234
73 246
73 266
73 290
73 295
73 457
73 462
73 543
73 605
73 867
73 890
73 912
73 938
74 136
74 435
74 713
74 77
75 339
75 663
75 146
76 82
76 131
76 687
76 910
77 135
77 383
77 479
77 482
77 561
77 710
77 731
77 879
77 928
77 961
77 118
77 130
78 176
78 213
78 929
79 653
79 655
79 706
79 719
79 195
80 461
80 535
80 555
80 741
80 749
80 775
80 878
80 966
80 984
81 975
81 92
81 135
82 613
83 101
83 118
83 88
85 133
85 141
85 448
85 585
85 921
86 90
87 648
87 954
88 132
88 158
88 192
88 468
88 506
88 817
88 903
88 962
89 459
89 99
90 109
90 128
90 222
90 233
90 260
90 326
90 480
90 513
90 576
90 824
90 937
90 989
91 180
91 469
91 691
92 219
92 220
92 298
92 320
92 714
92 943
92 141
92 154
93 171
93 228
93 255
93 276
93 405
93 471
93 509
93 527
93 630
93 635
93 760
93 770
93 801
93 821
93 844
94 95
94 96
94 122
94 139
94 153
94 165
94 166
94 180
94 279
94 419
94 454
94 499
94 510
94 571
94 602
94 604
94 618
94 629
94 641
94 679
94 682
94 828
94 889
94 899
94 925
94 978
94 979
95 175
95 200
95 311
95 366
95 497
96 429
96 125
96 191
97 696
97 970
98 143
99 209
99 684
99 990
100 178
100 194
100 278
100 697
100 101
100 111
100 160
101 161
101 371
101 436
101 519
101 525
101 532
101 551
101 612
101 702
101 711
101 837
101 840
101 956
102 712
102 766
102 846
102 149
102 116
102 124
102 131
103 127
103 131
103 132
103 146
103 149
103 197
103 353
103 397
103 463
103 476
103 490
103 496
103 530
103 541
103 560
103 597
103 626
103 628
103 639
103 652
103 666
103 745
103 751
103 762
103 863
103 948
103 958
103 973
104 121
104 180
104 302
104 418
104 901
104 992
104 120
105 404
105 414
105 853
105 897
105 168
106 109
106 123
106 814
106 196
107 110
107 170
107 217
107 306
107 331
107 398
107 460
107 533
107 540
107 149
107 203
108 117
108 335
108 446
109 123
109 141
109 400
109 480
109 619
109 667
109 725
109 841
109 974
109 176
110 136
111 784
111 892
112 142
112 501
113 198
113 214
113 376
113 578
113 664
113 670
113 858
113 906
113 917
113 965
113 122
113 129
113 172
114 307
115 826
115 179
116 286
116 359
116 393
116 743
116 756
116 818
116 126
116 133
116 173
117 130
118 158
120 361
121 491
121 703
121 149
123 256
123 502
123 742
123 936
123 124
123 202
125 637
126 265
126 448
126 570
127 346
128 805
129 343
131 201
131 515
131 919
132 203
132 208
132 439
132 849
132 944
133 224
133 296
133 554
133 739
133 785
133 790
133 831
134 372
134 413
134 415
134 447
134 792
134 794
134 855
134 913
136 335
136 484
136 529
136 606
136 658
136 695
136 856
136 149
137 573
137 777
139 145
139 280
139 406
139 467
139 802
139 810
139 167
140 426
140 185
141 247
141 300
141 392
141 412
141 598
141 693
141 952
141 976
142 920
143 470
143 521
144 258
146 356
146 395
146 720
146 769
147 209
147 305
147 767
149 281
149 287
149 389
149 562
149 620
149 728
149 830
149 151
149 165
150 559
150 681
150 723
152 811
152 893
154 173
154 177
154 249
154 328
154 391
154 394
154 421
154 445
154 475
154 574
154 625
154 659
154 680
154 705
154 730
154 772
154 789
154 791
154 795
154 880
154 946
155 205
155 595
158 182
