0 1
0 2
0 3
0 4
0 5
0 6
0 7
0 9
0 12
0 17
0 21
0 23
0 24
0 27
0 30
0 55
0 56
0 60
0 64
0 83
0 84
0 87
0 92
0 106
0 107
0 109
0 112
0 119
0 122
0 125
0 129
0 132
0 136
0 138
0 143
0 147
0 148
0 164
0 166
0 170
0 174
0 181
0 185
0 200
0 201
0 204
0 302
0 351
0 452
0 461
0 471
0 504
0 505
0 525
0 541
0 582
0 601
0 700
0 749
0 757
0 761
0 797
0 808
0 826
0 831
0 841
0 886
0 949
0 973
1 2
1 3
1 4
1 5
1 16
1 19
1 26
1 28
1 29
1 31
1 33
1 46
1 47
1 49
1 53
1 54
1 59
1 61
1 62
1 72
1 77
1 82
1 83
1 97
1 104
1 115
1 119
1 127
1 141
1 142
1 147
1 150
1 152
1 154
1 155
1 156
1 158
1 161
1 167
1 170
1 183
1 190
1 200
1 223
1 296
1 307
1 361
1 373
1 382
1 404
1 424
1 500
1 540
1 566
1 589
1 596
1 642
1 649
1 725
1 733
1 735
1 739
1 747
1 770
1 804
1 845
1 912
1 919
1 982
1 995
1 998
2 3
2 4
2 6
2 7
2 23
2 24
2 25
2 34
2 35
2 44
2 51
2 52
2 58
2 69
2 71
2 72
2 79
2 82
2 89
2 92
2 93
2 99
2 103
2 107
2 117
2 126
2 130
2 131
2 143
2 172
2 174
2 182
2 185
2 193
2 197
2 203
2 241
2 252
2 288
2 322
2 325
2 337
2 346
2 383
2 388
2 394
2 412
2 432
2 444
2 448
2 451
2 547
2 586
2 606
2 636
2 651
2 740
2 744
2 759
2 785
2 887
2 927
2 929
2 947
2 956
2 958
3 4
3 5
3 6
3 8
3 11
3 16
3 26
3 32
3 33
3 35
3 39
3 41
3 50
3 54
3 60
3 84
3 122
3 129
3 131
3 135
3 137
3 150
3 155
3 165
3 177
3 179
3 180
3 185
3 197
3 248
3 251
3 335
3 379
3 391
3 463
3 529
3 585
3 592
3 673
3 722
3 794
3 848
3 902
4 5
4 6
4 11
4 17
4 29
4 35
4 37
4 43
4 49
4 55
4 61
4 67
4 113
4 121
4 128
4 132
4 133
4 151
4 153
4 163
4 178
4 185
4 192
4 308
4 469
4 544
4 568
4 570
4 575
4 588
4 612
4 657
4 668
4 674
4 730
4 745
4 818
4 870
4 885
5 11
5 12
5 14
5 27
5 38
5 47
5 50
5 169
5 210
5 240
5 262
5 284
5 334
5 396
5 426
5 564
5 574
5 732
5 810
5 861
6 18
6 28
6 43
6 184
6 205
6 279
6 289
6 436
6 962
6 61
6 8
6 9
6 10
6 12
6 13
6 17
6 20
6 22
6 29
6 33
6 54
6 70
6 87
6 89
7 8
7 22
7 46
7 74
7 95
7 100
7 105
7 117
7 130
7 234
7 405
7 456
7 516
7 600
7 602
7 755
7 947
8 13
8 21
8 22
8 74
8 79
8 102
8 117
8 138
8 147
8 157
8 350
8 445
8 539
8 644
8 717
8 750
8 758
8 47
8 81
9 10
9 13
9 42
9 61
9 82
9 152
9 181
9 193
9 209
9 355
9 362
9 532
9 561
9 621
9 633
9 683
9 772
9 825
9 899
9 15
9 30
9 35
9 54
9 59
9 70
10 437
10 18
10 98
10 113
10 127
10 154
11 12
11 14
11 20
11 98
11 318
11 378
11 398
11 627
11 701
11 716
11 866
11 916
11 944
11 954
12 14
12 32
12 73
12 453
12 653
12 670
13 19
13 25
13 96
13 427
13 464
13 478
13 658
13 702
13 779
13 781
13 980
13 61
13 17
13 18
13 20
13 28
13 34
13 35
13 52
13 59
13 64
13 73
13 74
13 76
13 77
13 88
13 101
13 106
13 108
13 126
13 138
14 15
14 20
14 27
14 36
14 37
14 46
14 48
14 58
14 63
14 85
14 91
14 94
14 98
14 108
14 122
14 140
14 145
14 164
14 170
14 180
14 182
14 199
14 224
14 231
14 244
14 280
14 283
14 327
14 342
14 353
14 359
14 375
14 384
14 392
14 400
14 411
14 414
14 416
14 429
14 435
14 442
14 484
14 487
14 491
14 508
14 515
14 518
14 526
14 543
14 573
14 574
14 587
14 613
14 615
14 617
14 620
14 635
14 650
14 652
14 664
14 691
14 696
14 706
14 721
14 729
14 752
14 765
14 791
14 803
14 816
14 820
14 824
14 837
14 851
14 869
14 872
14 888
14 892
14 897
14 905
14 907
14 918
14 921
14 930
14 937
14 945
14 966
14 977
14 983
14 986
14 61
15 18
15 31
15 48
15 90
15 184
15 200
15 319
15 333
15 360
15 365
15 406
15 425
15 489
15 507
15 549
15 593
15 606
15 640
15 641
15 645
15 665
15 726
15 795
15 800
15 829
15 835
15 878
15 897
15 920
15 924
15 925
15 993
15 20
15 27
15 104
15 114
15 136
16 18
16 42
16 96
16 572
16 686
16 876
16 935
16 202
17 48
17 49
17 94
17 108
17 286
17 731
17 801
17 19
17 23
17 36
17 42
17 44
17 46
17 62
17 89
17 118
17 151
18 28
18 35
18 41
18 44
18 59
18 68
18 86
18 88
18 90
18 101
18 111
18 159
18 162
18 176
18 195
18 196
18 198
18 203
18 206
18 226
18 255
18 259
18 265
18 297
18 309
18 381
18 403
18 410
18 439
18 473
18 498
18 520
18 521
18 533
18 545
18 576
18 592
18 609
18 619
18 630
18 631
18 637
18 639
18 643
18 647
18 672
18 678
18 704
18 760
18 766
18 788
18 812
18 832
18 842
18 843
18 858
18 882
18 895
18 900
18 910
18 915
18 922
18 926
18 939
18 941
18 964
18 974
18 24
19 66
19 212
19 522
19 632
19 21
19 41
19 48
19 51
19 60
19 77
20 34
20 38
20 53
20 148
20 150
20 152
20 153
20 178
20 187
20 236
20 237
20 238
20 245
20 271
20 306
20 310
20 417
20 441
20 449
20 508
20 514
20 562
20 595
20 611
20 638
20 666
20 703
20 754
20 756
20 774
20 789
20 817
20 874
20 877
20 879
20 881
20 891
20 894
20 901
20 932
20 948
20 45
20 69
20 95
20 108
21 106
21 497
21 75
22 712
22 26
22 86
22 92
23 31
23 36
23 37
23 40
23 57
23 80
23 91
23 204
23 287
23 79
23 84
24 97
24 189
25 56
25 79
25 112
25 146
25 169
25 277
25 492
25 509
25 590
25 605
25 624
25 713
25 805
25 890
25 898
25 933
25 953
25 984
25 994
26 33
26 38
26 54
26 63
26 65
26 68
26 86
26 89
26 124
26 156
26 187
26 236
26 332
26 364
26 399
26 421
26 459
26 467
26 493
26 511
26 531
26 654
26 659
26 676
26 716
26 728
26 773
26 784
26 830
26 884
26 961
26 987
27 201
27 217
27 253
28 52
28 159
28 172
28 188
28 196
28 272
28 328
28 470
28 753
28 991
28 58
28 94
29 67
29 524
29 787
29 985
29 61
29 31
29 43
29 46
29 53
29 68
29 72
29 78
29 93
29 128
30 103
31 137
31 194
31 215
31 227
31 367
31 397
31 440
31 483
31 655
31 660
31 751
31 762
31 807
31 855
32 55
32 110
32 165
32 258
32 642
32 908
33 64
33 65
33 96
33 357
33 477
33 577
33 989
33 43
33 52
33 56
33 62
33 122
34 110
34 191
34 423
34 454
34 496
34 625
35 45
35 68
35 290
35 465
35 684
35 782
35 819
35 969
35 122
35 132
35 137
36 132
36 256
36 395
36 515
36 534
36 598
36 734
36 815
36 855
36 857
36 859
36 865
36 40
36 102
36 137
37 49
37 57
37 91
37 104
37 118
37 221
37 230
37 323
37 681
38 83
38 124
38 786
38 934
39 59
39 89
39 235
40 185
40 192
41 72
41 434
41 61
41 56
41 80
41 107
42 67
42 159
42 168
42 295
42 311
42 340
42 358
42 366
42 455
42 523
42 546
42 580
42 599
42 607
42 628
42 682
42 685
42 694
42 705
42 776
42 796
42 827
42 844
42 853
42 923
42 946
42 992
42 65
42 93
42 136
43 88
43 188
43 261
43 300
43 408
43 434
43 495
43 663
43 669
43 743
43 764
43 793
43 799
43 809
43 952
43 976
43 46
43 91
43 103
44 304
44 472
44 57
45 216
45 955
45 90
46 51
46 97
46 146
46 179
46 202
46 267
46 270
46 275
46 281
46 341
46 485
46 519
46 567
46 622
46 646
46 714
46 903
46 940
46 978
46 997
46 143
47 50
47 63
47 190
47 329
47 558
47 833
47 152
48 93
48 183
48 312
48 438
48 61
49 57
49 81
49 180
49 268
49 661
49 697
49 940
51 100
51 125
51 724
51 771
51 871
51 160
51 203
52 69
52 76
52 88
52 121
52 188
52 189
52 266
52 313
52 339
52 402
52 415
52 510
52 603
52 741
52 763
52 775
52 807
52 968
52 58
52 81
52 131
53 264
53 369
54 70
54 75
54 98
54 128
54 134
54 199
54 345
54 460
54 527
54 542
54 981
54 988
54 62
54 65
54 83
54 97
54 106
54 126
55 73
55 239
55 481
55 914
55 163
56 186
56 418
56 626
56 707
56 718
56 101
57 623
58 84
58 134
59 150
59 187
59 197
59 211
59 343
59 354
59 362
59 419
59 422
59 537
59 550
59 594
60 159
61 62
61 85
61 187
61 242
61 292
61 293
61 299
61 301
61 348
61 368
61 385
61 393
61 420
61 571
61 584
61 591
61 604
61 715
61 767
61 838
61 862
61 917
61 928
61 931
61 967
61 969
62 78
62 102
62 121
62 131
63 75
63 376
63 836
64 257
65 195
65 517
65 193
66 84
67 77
67 536
68 142
68 446
68 513
68 689
68 821
69 291
69 502
69 849
69 125
70 103
70 127
70 144
70 147
72 74
72 138
72 144
72 157
72 160
72 173
72 316
72 370
72 371
72 458
72 466
72 475
72 501
72 554
72 679
72 688
72 748
72 768
72 798
72 813
72 860
72 863
72 875
72 952
72 957
72 970
72 972
72 176
74 102
74 119
74 133
74 146
74 166
74 374
74 99
75 95
75 114
75 124
75 127
75 182
75 112
75 115
76 698
77 101
77 162
77 269
77 490
77 656
78 79
78 494
78 579
78 648
79 105
79 113
79 260
79 285
79 320
79 503
79 680
79 792
79 804
80 104
80 118
80 139
80 219
80 282
80 555
80 563
80 708
80 780
80 840
80 975
80 110
81 569
81 171
82 488
83 191
83 336
83 338
83 479
83 638
83 691
83 146
84 156
84 191
84 229
84 278
84 578
84 614
84 720
84 864
84 903
84 911
84 95
84 105
85 95
85 110
85 542
85 893
86 457
86 738
88 90
88 129
88 274
88 512
88 557
88 699
88 790
88 950
88 145
89 150
90 120
90 168
90 214
90 331
90 407
90 415
90 746
90 854
91 116
91 737
92 115
92 213
92 324
92 431
92 499
92 936
92 996
93 141
93 247
93 553
93 823
93 938
93 112
93 157
94 164
94 401
95 163
95 225
95 233
95 363
95 372
95 409
95 433
95 486
95 551
95 583
95 597
95 618
95 710
95 719
95 769
95 839
95 896
95 951
95 979
95 999
96 177
96 228
97 880
97 135
98 250
98 303
98 380
98 565
98 736
98 904
99 822
99 873
99 119
100 263
101 113
101 117
102 294
102 581
102 709
103 126
103 171
103 480
103 687
103 814
103 913
103 107
104 108
104 131
104 151
104 220
104 273
104 413
104 462
104 965
106 144
106 846
107 109
107 118
107 170
107 352
107 559
107 675
107 822
107 847
108 137
108 222
108 794
110 389
110 476
110 677
110 943
111 168
112 883
113 387
113 430
113 447
113 482
113 690
113 777
113 143
113 145
114 349
114 852
117 149
117 202
117 208
117 298
117 317
117 535
117 616
117 856
118 139
119 783
121 123
121 450
121 671
121 850
122 123
122 192
122 232
122 692
124 143
124 916
125 347
125 909
125 966
127 145
127 283
127 321
127 538
127 552
127 723
127 828
127 889
127 963
128 190
128 834
128 144
129 176
129 506
129 521
129 742
130 315
130 326
130 629
130 711
130 802
133 474
135 305
135 428
135 443
135 667
135 990
137 218
137 528
137 868
137 958
137 959
137 161
138 727
140 182
141 806
143 334
143 377
143 386
143 530
143 778
144 175
146 254
146 693
146 971
151 390
151 610
151 634
151 662
151 942
152 207
152 246
152 249
152 906
153 556
154 159
154 189
154 243
154 276
154 314
154 330
154 344
154 356
154 468
154 548
154 560
154 608
154 695
154 811
154 867
154 960
157 167
168 188
