0 1
0 2
0 3
0 4
0 6
0 7
0 9
0 11
0 17
0 24
0 27
0 32
0 34
0 36
0 38
0 39
0 40
0 41
0 46
0 52
0 53
0 56
0 58
0 61
0 70
0 79
0 80
0 81
0 89
0 91
0 92
0 98
0 105
0 109
0 114
0 118
0 124
0 125
0 129
0 134
0 136
0 150
0 157
0 162
0 163
0 164
0 166
0 168
0 170
0 171
0 173
0 174
0 175
0 176
0 179
0 184
0 185
0 186
0 190
0 191
0 193
0 200
0 236
0 275
0 334
0 374
0 412
0 446
0 460
0 491
0 534
0 571
0 590
0 591
0 605
0 646
0 659
0 661
0 700
0 703
0 712
0 761
0 780
0 806
0 813
0 821
0 856
0 906
0 927
0 937
0 982
1 2
1 3
1 4
1 5
1 6
1 10
1 11
1 12
1 13
1 15
1 16
1 19
1 25
1 31
1 33
1 35
1 36
1 37
1 40
1 42
1 54
1 57
1 62
1 67
1 68
1 69
1 72
1 75
1 83
1 88
1 95
1 107
1 108
1 114
1 116
1 119
1 121
1 124
1 126
1 130
1 141
1 152
1 156
1 160
1 162
1 163
1 168
1 169
1 174
1 183
1 188
1 192
1 195
1 196
1 202
1 249
1 291
1 309
1 318
1 342
1 381
1 401
1 441
1 489
1 497
1 525
1 569
1 573
1 582
1 613
1 667
1 723
1 768
1 799
1 801
1 810
1 817
1 838
1 854
1 878
1 889
1 914
1 925
1 944
1 952
1 974
1 984
1 990
2 3
2 4
2 9
2 15
2 32
2 44
2 88
2 106
2 108
2 136
2 184
2 268
2 386
2 606
2 828
2 980
3 4
3 5
3 8
3 9
3 16
3 24
3 26
3 27
3 30
3 32
3 35
3 43
3 44
3 48
3 49
3 50
3 55
3 59
3 63
3 70
3 73
3 75
3 79
3 81
3 86
3 95
3 99
3 100
3 110
3 113
3 123
3 126
3 130
3 133
3 134
3 137
3 140
3 150
3 152
3 153
3 159
3 164
3 172
3 174
3 181
3 190
3 197
3 200
3 281
3 283
3 338
3 344
3 347
3 353
3 398
3 470
3 538
3 556
3 662
3 692
3 694
3 710
3 716
3 731
3 734
3 741
3 957
3 999
4 10
4 15
4 19
4 21
4 29
4 38
4 57
4 89
4 90
4 96
4 104
4 116
4 124
4 128
4 135
4 168
4 175
4 178
4 179
4 185
4 192
4 194
4 264
4 503
4 607
4 683
4 759
4 765
4 913
5 6
5 20
5 45
5 58
5 68
5 70
5 379
5 380
5 465
5 469
5 673
5 695
5 717
5 822
5 142
5 7
5 9
5 11
5 12
5 14
5 22
5 24
5 27
5 28
5 34
5 36
5 37
5 59
5 60
5 65
5 81
5 86
5 88
5 89
5 107
5 149
5 150
6 20
6 29
6 33
6 73
6 117
6 214
6 248
6 364
6 541
6 634
6 747
6 859
7 8
7 13
7 23
7 26
7 201
7 288
7 614
7 895
7 900
7 9
7 10
7 11
7 14
7 15
7 16
7 44
7 53
7 57
7 67
7 81
7 121
8 13
8 64
8 120
8 254
8 266
8 484
8 652
8 868
8 938
8 964
9 11
9 12
9 18
9 86
9 205
9 207
9 404
9 782
9 858
9 64
9 67
10 17
10 28
10 127
10 336
10 684
10 739
10 752
10 30
11 14
11 22
11 37
11 41
11 87
11 137
11 161
11 256
11 315
11 549
11 820
11 909
11 949
11 20
11 28
11 128
11 135
11 180
12 14
12 17
12 18
12 22
12 28
12 47
12 58
12 59
12 63
12 82
12 109
12 115
12 118
12 158
12 169
12 271
12 306
12 345
12 383
12 393
12 395
12 407
12 409
12 413
12 416
12 417
12 421
12 430
12 450
12 483
12 513
12 532
12 535
12 542
12 547
12 553
12 560
12 566
12 570
12 578
12 584
12 586
12 616
12 618
12 655
12 697
12 742
12 751
12 756
12 771
12 773
12 796
12 798
12 834
12 842
12 855
12 862
12 867
12 883
12 911
12 996
13 25
13 26
13 89
13 129
13 136
13 143
13 241
13 341
13 425
13 609
13 678
13 730
13 849
13 899
14 76
14 122
14 160
14 238
14 396
14 461
14 490
14 660
14 15
14 18
14 32
14 33
14 41
14 58
14 68
14 80
14 92
14 96
14 106
14 108
14 115
14 146
14 199
15 18
15 27
15 31
15 32
15 50
15 78
15 91
15 94
15 125
15 154
15 176
15 197
15 198
15 212
15 251
15 277
15 285
15 308
15 343
15 361
15 372
15 408
15 440
15 494
15 527
15 540
15 568
15 585
15 595
15 596
15 622
15 654
15 696
15 749
15 764
15 785
15 794
15 819
15 831
15 832
15 847
15 848
15 865
15 898
15 908
15 918
15 919
15 932
15 961
15 972
15 19
15 38
15 40
15 42
15 45
15 88
15 100
15 101
15 109
15 110
15 113
15 119
16 21
16 57
16 77
16 84
16 487
16 500
16 575
16 736
16 840
16 870
17 19
17 28
17 116
17 452
17 548
17 577
17 792
17 824
17 871
17 991
18 22
18 31
18 49
18 87
18 138
18 223
18 313
18 387
18 455
18 738
18 879
18 20
18 35
18 116
18 117
19 21
19 28
19 46
19 54
19 55
19 66
19 85
19 99
19 100
19 112
19 115
19 150
19 152
19 155
19 169
19 171
19 178
19 189
19 199
19 211
19 213
19 224
19 237
19 242
19 245
19 261
19 295
19 321
19 326
19 330
19 331
19 368
19 370
19 397
19 435
19 437
19 444
19 448
19 492
19 495
19 508
19 509
19 523
19 524
19 557
19 562
19 567
19 620
19 627
19 657
19 658
19 677
19 680
19 685
19 686
19 693
19 705
19 715
19 716
19 721
19 732
19 758
19 762
19 766
19 770
19 775
19 809
19 833
19 841
19 843
19 853
19 876
19 881
19 887
19 888
19 912
19 917
19 962
19 967
19 975
19 976
19 991
19 992
19 998
19 25
19 71
19 72
19 87
19 97
19 142
20 62
20 22
20 28
20 51
20 66
20 74
20 84
20 111
20 144
20 153
20 154
20 177
21 38
21 157
21 166
21 414
21 426
21 463
21 576
21 178
22 114
22 244
22 340
22 645
22 884
22 31
22 34
22 35
22 41
22 63
22 71
22 74
22 93
22 109
23 399
23 471
23 916
23 981
24 229
24 54
24 114
25 78
25 173
25 88
25 151
26 60
26 61
26 125
26 193
26 204
26 316
26 460
26 507
26 522
26 689
26 709
26 737
26 769
26 832
26 835
26 971
27 332
27 473
27 488
27 512
27 997
27 124
28 47
28 59
28 109
28 339
28 906
28 996
28 37
28 54
28 85
28 137
28 148
29 69
29 72
29 335
29 427
29 438
29 465
29 496
29 611
29 860
29 956
29 988
29 189
30 128
30 176
31 52
31 87
31 141
31 170
31 180
31 195
31 239
31 362
31 445
31 459
31 475
31 687
31 47
31 108
31 160
32 161
32 253
32 286
32 415
32 453
32 454
32 545
32 639
32 670
32 808
32 839
32 936
32 979
33 39
33 45
33 83
33 93
33 159
33 208
33 499
33 615
33 744
33 910
33 965
34 59
34 64
35 42
35 53
35 54
35 70
35 260
35 358
35 619
35 735
35 846
35 851
35 870
35 885
35 953
35 985
35 995
35 102
35 107
36 65
36 186
36 433
36 526
36 894
36 954
37 51
37 152
37 157
37 227
37 544
37 602
37 671
37 772
37 191
38 144
38 519
38 556
38 707
38 740
38 43
39 73
39 76
39 117
39 165
39 303
39 420
39 476
39 580
40 68
40 72
40 203
40 418
40 674
40 725
41 107
41 186
41 256
41 869
41 45
42 601
43 46
43 82
44 320
44 530
44 776
44 943
45 53
45 90
45 91
45 98
45 115
45 187
46 51
46 77
47 99
47 127
47 225
47 228
47 310
47 375
47 599
47 676
47 726
47 892
47 52
47 102
48 355
48 978
48 203
49 86
50 64
50 78
50 111
50 164
50 167
50 390
50 410
50 462
50 668
50 669
50 689
50 718
50 749
50 821
50 844
50 868
50 890
51 53
51 456
51 100
52 79
52 439
52 502
52 933
52 55
52 58
52 96
52 107
52 143
53 329
53 422
53 536
53 597
53 815
53 920
53 924
53 966
53 72
53 91
53 95
53 141
54 55
54 81
54 113
54 298
54 630
54 713
54 720
54 727
54 902
54 951
55 515
55 572
55 103
56 108
56 257
56 282
56 389
56 633
56 748
56 789
56 798
56 857
57 71
57 81
57 93
57 191
57 226
57 250
57 287
57 369
57 373
57 403
57 443
57 477
57 493
57 514
57 554
57 579
57 638
57 666
57 790
57 812
57 852
57 873
57 928
57 941
57 946
57 970
57 145
58 71
58 104
58 127
58 151
58 165
58 203
58 276
58 311
58 325
58 357
58 360
58 442
58 603
58 641
58 642
58 786
58 788
58 803
58 804
58 837
58 866
58 872
58 893
58 930
58 61
59 74
59 118
59 233
59 273
59 533
59 621
59 682
59 754
59 795
59 963
59 87
59 105
60 168
61 102
61 111
61 120
61 142
61 146
61 216
61 219
61 376
61 392
61 474
61 559
61 574
61 604
61 628
61 672
62 103
62 117
62 132
62 181
62 610
62 698
62 797
63 278
63 85
63 126
63 175
64 681
64 827
64 86
64 116
64 137
66 82
66 68
66 76
67 636
67 818
67 830
68 93
68 97
68 101
68 103
68 187
68 550
68 969
68 76
69 882
70 131
70 159
70 165
70 177
70 258
70 289
70 366
70 406
70 451
70 537
70 588
70 601
70 823
70 905
70 947
70 994
70 194
71 688
71 98
71 129
72 294
72 299
72 377
72 650
72 886
72 134
73 75
73 300
73 359
74 99
74 122
74 132
74 153
75 83
75 103
75 240
75 263
75 378
75 482
76 346
76 354
76 931
76 77
77 701
78 96
78 142
78 149
78 635
78 675
78 699
78 722
78 907
79 148
79 270
79 506
79 729
79 767
80 125
80 136
81 85
81 98
81 112
81 144
81 189
81 647
81 706
81 135
82 304
82 432
82 478
82 763
82 99
83 104
83 132
83 312
83 493
83 880
83 901
83 183
84 143
84 826
85 385
85 428
85 736
85 133
86 105
86 363
86 429
86 481
86 520
86 561
86 897
86 92
87 106
87 122
87 133
87 139
87 148
87 402
87 629
87 733
87 113
87 126
88 94
88 272
88 488
88 145
89 91
89 111
89 123
89 193
89 221
89 365
89 511
89 581
89 623
89 769
89 791
89 800
91 188
91 356
91 436
91 608
91 708
91 805
91 904
91 138
92 267
92 504
92 875
92 977
93 558
93 787
95 539
95 950
95 169
96 143
96 246
97 117
98 516
98 565
98 877
99 139
99 252
99 297
99 468
99 592
99 656
99 811
99 869
99 960
100 206
100 352
100 438
100 720
100 891
100 127
100 200
101 945
102 485
102 528
102 861
102 935
102 134
102 167
103 222
103 259
103 349
103 501
103 518
103 594
103 702
103 955
103 142
104 290
105 198
106 195
106 367
106 434
106 874
107 640
107 165
107 195
108 113
108 126
108 155
108 269
108 274
108 287
108 458
108 486
108 598
108 626
108 760
109 127
109 322
109 778
109 120
109 140
110 112
110 235
111 128
111 163
111 419
111 802
111 845
111 958
112 210
112 243
112 394
112 552
112 750
113 215
113 255
113 328
113 457
113 543
113 587
113 814
114 139
114 148
114 178
114 563
114 631
115 808
116 197
116 201
116 337
116 348
116 384
116 431
116 548
116 745
116 934
116 948
116 142
117 220
117 232
117 449
117 624
117 702
117 774
117 781
117 125
117 131
118 284
119 625
119 719
120 123
120 154
120 198
120 218
120 230
120 234
120 319
120 324
120 351
120 391
120 649
120 653
120 663
120 664
120 753
120 791
120 863
120 864
120 940
120 942
120 959
121 850
122 333
122 612
122 915
123 176
123 825
124 405
124 135
124 143
124 170
125 149
125 164
125 193
126 144
126 155
126 293
126 296
126 305
126 517
126 583
126 719
127 472
127 632
128 498
128 665
128 723
129 411
130 199
130 279
130 317
130 648
130 184
131 138
131 292
131 424
131 447
131 464
131 555
131 589
131 711
131 989
131 162
132 301
132 418
132 531
132 679
132 746
133 323
133 327
133 973
133 993
134 643
134 141
134 154
135 724
136 146
136 196
136 204
136 231
136 280
136 690
136 714
136 777
136 986
136 202
137 138
137 140
137 160
137 479
137 551
137 755
137 807
138 244
138 467
139 265
139 350
139 423
139 651
139 728
139 923
139 929
139 161
141 142
141 182
141 505
141 865
142 153
142 400
142 779
143 145
143 193
143 302
143 307
143 371
143 388
143 546
143 637
143 743
143 903
143 916
143 922
143 926
143 983
144 147
144 262
144 314
144 328
144 521
144 593
144 600
144 691
144 784
144 836
144 939
146 564
146 617
146 757
146 896
146 921
147 968
148 198
148 529
148 783
150 209
150 225
150 382
150 466
150 480
150 510
150 644
150 793
150 829
152 189
152 217
152 247
152 721
152 987
152 166
153 196
154 704
154 816
197 201
