0 1
0 2
0 3
0 4
0 5
0 19
0 27
0 29
0 35
0 40
0 42
0 45
0 46
0 58
0 61
0 64
0 68
0 76
0 82
0 84
0 86
0 89
0 95
0 101
0 104
0 105
0 107
0 108
0 109
0 110
0 111
0 112
0 114
0 115
0 121
0 128
0 146
0 148
0 149
0 151
0 162
0 169
0 176
0 180
0 182
0 186
0 190
0 202
0 241
0 324
0 394
0 501
0 520
0 526
0 534
0 539
0 571
0 588
0 592
0 623
0 717
0 770
0 781
0 801
0 807
0 811
0 824
0 838
0 844
0 845
0 850
0 891
0 939
0 941
0 945
0 985
0 986
1 2
1 3
1 4
1 5
1 20
1 22
1 43
1 47
1 51
1 54
1 73
1 82
1 87
1 90
1 97
1 103
1 150
1 151
1 159
1 161
1 178
1 193
1 194
1 201
1 269
1 318
1 398
1 422
1 492
1 514
1 521
1 557
1 609
1 785
1 874
1 923
1 936
1 995
2 3
2 4
2 7
2 9
2 28
2 36
2 39
2 40
2 46
2 48
2 49
2 53
2 56
2 58
2 63
2 70
2 74
2 79
2 91
2 96
2 97
2 104
2 114
2 123
2 124
2 126
2 128
2 129
2 130
2 142
2 145
2 146
2 147
2 150
2 152
2 157
2 159
2 163
2 168
2 181
2 185
2 191
2 200
2 333
2 369
2 380
2 417
2 577
2 582
2 585
2 607
2 621
2 627
2 638
2 658
2 664
2 680
2 681
2 722
2 902
2 912
2 914
3 4
3 8
3 10
3 16
3 17
3 19
3 27
3 38
3 41
3 56
3 57
3 63
3 68
3 78
3 79
3 81
3 86
3 89
3 104
3 129
3 136
3 148
3 162
3 163
3 165
3 168
3 177
3 180
3 184
3 194
3 257
3 354
3 452
3 465
3 524
3 537
3 562
3 580
3 594
3 625
3 745
3 856
3 877
3 890
3 906
3 927
3 996
4 16
4 24
4 25
4 35
4 48
4 60
4 65
4 67
4 76
4 86
4 92
4 97
4 120
4 128
4 143
4 153
4 157
4 164
4 167
4 185
4 193
4 196
4 205
4 219
4 229
4 250
4 429
4 473
4 514
4 673
4 685
4 738
4 743
4 768
4 822
4 828
4 848
4 860
4 870
4 921
4 989
5 6
5 13
5 33
5 213
5 243
5 458
5 632
5 687
5 836
5 61
5 7
5 14
5 43
5 45
5 51
5 78
5 84
5 94
5 99
6 21
6 33
6 36
6 37
6 55
6 125
6 132
6 143
6 201
6 225
6 227
6 228
6 428
6 437
6 575
6 578
6 656
6 712
6 726
6 802
7 36
7 49
7 91
7 61
7 40
7 8
7 13
7 15
7 16
7 17
7 21
7 23
7 27
7 34
7 50
7 57
7 58
7 70
7 71
7 84
7 89
7 112
7 127
8 16
8 17
8 29
8 30
8 34
8 35
8 84
8 112
8 121
8 123
8 176
8 253
8 281
8 296
8 516
8 581
8 772
8 796
8 869
8 881
8 943
8 948
8 10
8 11
8 20
8 31
8 44
8 48
8 63
8 73
8 83
8 127
8 129
8 135
8 153
9 10
9 11
9 44
9 222
9 276
9 293
9 558
9 615
9 689
9 821
9 61
10 11
10 25
10 59
10 62
10 70
10 75
10 135
10 142
10 198
10 211
10 358
10 366
10 409
10 485
10 550
10 642
10 644
10 646
10 688
10 697
10 747
10 774
10 782
10 784
10 797
10 898
10 919
10 979
10 999
11 12
11 14
11 19
11 20
11 25
11 26
11 28
11 32
11 53
11 68
11 81
11 90
11 102
11 118
11 140
11 141
11 142
11 175
11 187
11 204
11 219
11 249
11 258
11 267
11 277
11 303
11 307
11 342
11 343
11 385
11 390
11 400
11 403
11 427
11 433
11 439
11 445
11 461
11 472
11 479
11 480
11 504
11 509
11 522
11 531
11 538
11 544
11 555
11 556
11 599
11 613
11 645
11 649
11 669
11 704
11 731
11 736
11 757
11 803
11 809
11 830
11 831
11 846
11 857
11 887
11 913
11 934
11 957
11 958
11 984
12 14
12 22
12 233
12 282
12 375
12 405
12 430
12 758
12 965
13 15
13 18
13 23
13 24
13 36
13 41
13 64
13 72
13 119
13 120
13 190
13 215
13 220
13 309
13 338
13 350
13 354
13 368
13 379
13 402
13 419
13 424
13 484
13 490
13 511
13 590
13 591
13 598
13 610
13 619
13 640
13 776
13 780
13 819
13 859
13 951
13 954
13 982
13 43
13 88
13 112
14 61
14 18
14 20
14 25
14 43
14 93
14 151
15 41
15 81
15 106
15 120
15 171
15 174
15 178
15 279
15 289
15 310
15 314
15 337
15 340
15 396
15 408
15 478
15 493
15 523
15 546
15 563
15 586
15 589
15 668
15 707
15 909
15 963
15 967
15 971
15 40
15 20
15 22
15 73
16 17
16 93
16 170
16 203
16 268
16 360
16 431
16 574
16 633
16 976
16 990
16 19
16 30
16 39
16 53
16 69
16 99
16 101
16 103
16 134
17 96
17 183
17 192
17 230
17 259
17 61
17 28
17 135
18 323
18 871
18 970
18 96
19 23
19 24
19 31
19 38
19 50
19 58
19 78
19 94
19 136
19 207
19 239
19 295
19 460
19 519
19 564
19 624
19 637
19 661
19 678
19 684
19 696
19 816
19 837
19 878
19 888
19 932
19 935
19 937
19 956
19 960
19 974
19 991
19 994
20 100
20 195
20 23
20 24
20 44
20 59
20 78
20 103
20 153
21 55
21 548
22 45
22 71
22 232
22 671
22 953
22 83
23 336
23 415
23 449
23 487
23 61
23 35
23 109
24 60
24 549
24 702
24 868
25 820
26 30
26 50
26 53
26 66
26 84
26 152
26 157
26 160
26 161
26 196
26 291
26 357
26 411
26 435
26 447
26 482
26 611
26 622
26 653
26 700
26 709
26 711
26 724
26 799
26 865
26 881
26 918
26 929
26 973
26 981
26 61
26 178
27 51
27 119
27 356
27 408
27 713
27 812
27 29
27 57
27 102
27 122
28 39
28 43
28 111
28 204
28 224
28 300
28 762
28 765
28 910
29 42
29 115
29 134
29 143
29 170
29 284
29 302
29 317
29 365
29 414
29 436
29 500
29 535
29 542
29 566
29 706
29 721
29 732
29 750
29 777
29 779
29 795
29 849
29 862
29 911
29 950
29 952
29 977
29 30
29 35
29 37
29 57
29 80
29 85
29 113
29 118
29 125
29 137
29 148
29 149
30 79
30 85
30 156
30 46
30 70
31 138
31 34
31 127
31 133
32 39
32 62
32 75
32 167
32 198
32 293
32 825
32 834
32 966
32 61
32 34
32 85
32 118
33 101
33 130
33 153
33 312
33 363
33 381
33 579
33 687
33 728
33 735
33 805
33 864
33 867
33 901
33 978
34 47
34 99
34 117
34 256
34 413
34 873
34 876
34 894
34 987
34 46
34 59
34 60
34 64
34 76
34 107
34 108
34 111
34 112
34 144
34 146
34 172
35 186
35 248
35 325
35 344
35 355
35 387
35 397
35 471
35 548
35 551
35 566
35 587
35 618
35 657
35 693
35 740
35 751
35 752
35 789
35 806
35 852
35 877
35 904
36 37
36 72
36 103
36 262
36 488
36 665
36 759
36 760
36 61
36 91
36 123
36 143
37 73
37 103
37 507
37 513
37 543
37 701
37 737
37 813
37 961
37 970
38 44
38 68
38 99
38 100
38 107
38 137
38 177
38 329
38 332
38 418
38 430
38 457
38 469
38 518
38 527
38 612
38 652
38 679
38 695
38 714
38 719
38 729
38 782
38 783
38 823
38 861
38 903
38 949
38 968
38 998
39 406
39 454
39 476
39 659
39 691
39 753
40 55
40 101
40 144
40 654
40 655
40 720
40 884
40 61
40 67
40 121
41 60
41 80
41 109
41 149
41 218
41 335
41 361
41 421
41 569
41 698
42 47
42 156
42 165
42 259
42 321
42 595
42 946
42 61
42 97
42 142
43 154
43 468
43 692
43 66
43 89
43 98
43 121
43 134
44 54
44 70
44 77
44 208
44 420
45 515
45 55
45 143
46 113
46 749
46 61
46 162
47 52
47 93
47 203
47 251
47 263
47 306
47 328
47 635
47 667
48 125
48 863
48 98
49 278
49 545
50 597
50 601
50 626
51 74
51 119
52 915
53 66
53 71
53 160
53 499
53 631
53 851
53 905
53 61
53 65
53 67
53 152
54 59
54 64
54 315
54 451
55 290
55 323
56 130
56 426
56 938
56 983
58 83
58 98
58 133
58 443
58 486
58 815
58 61
58 153
59 75
59 349
60 92
60 99
61 102
61 475
61 69
61 73
61 74
61 80
61 104
61 105
61 107
61 122
61 133
62 367
62 382
62 555
63 67
63 141
63 150
63 322
64 77
64 185
64 364
64 373
64 384
64 412
64 480
64 522
64 530
64 572
64 602
64 603
64 663
64 666
64 733
64 790
64 926
64 87
65 69
65 287
65 359
65 377
65 470
65 570
65 742
65 880
65 918
66 746
67 71
67 78
67 81
67 88
67 94
67 95
67 105
67 106
67 109
67 114
67 131
67 178
67 184
67 197
67 200
67 221
67 235
67 246
67 270
67 271
67 297
67 304
67 311
67 326
67 339
67 372
67 391
67 393
67 416
67 450
67 456
67 462
67 506
67 517
67 565
67 600
67 608
67 630
67 710
67 716
67 727
67 761
67 778
67 793
67 841
67 854
67 858
67 872
67 875
67 896
67 897
67 899
67 933
67 940
67 947
67 962
67 975
67 72
67 111
67 126
68 116
68 474
68 734
68 955
69 299
69 453
69 459
69 617
69 644
69 739
69 908
69 100
70 122
70 142
70 214
70 395
70 536
70 568
70 826
70 847
70 175
71 292
71 399
71 547
71 767
71 886
71 931
71 180
72 144
72 245
72 386
72 634
72 808
72 814
73 137
73 533
73 907
74 103
75 140
75 370
75 503
75 560
75 596
76 444
76 771
76 794
76 827
77 264
77 593
78 351
78 676
78 755
78 829
78 895
79 85
79 87
79 91
79 96
79 123
79 170
79 272
79 423
79 552
79 670
79 694
80 141
81 166
81 512
81 532
81 964
82 440
82 672
82 174
83 648
84 172
84 481
85 172
85 179
85 604
85 641
85 662
85 723
85 885
86 98
86 835
86 924
87 540
88 119
88 434
88 643
88 92
89 242
89 788
89 842
89 972
89 97
90 188
90 558
91 113
91 132
91 172
91 173
91 251
91 274
91 288
91 467
91 489
91 502
91 508
91 683
91 718
91 725
91 843
91 879
92 120
92 216
92 254
92 265
92 286
92 347
92 425
92 505
92 559
92 855
92 892
92 922
92 942
92 993
94 238
94 383
94 605
94 686
95 138
95 231
95 792
96 123
96 162
96 317
96 320
96 432
96 495
96 810
97 660
98 147
98 273
98 285
98 348
98 392
98 421
98 839
98 868
98 203
99 167
99 191
99 346
99 448
99 494
99 992
100 169
100 181
100 491
100 583
100 916
101 125
101 129
101 371
101 404
101 466
101 525
101 769
101 773
101 928
101 980
102 127
102 189
102 210
102 378
102 441
102 682
102 748
102 787
102 944
103 110
103 190
103 217
103 280
103 308
103 388
103 464
103 708
103 766
103 819
103 920
103 106
103 123
103 185
104 125
104 158
104 124
105 182
106 147
106 331
106 629
106 675
107 127
107 200
107 132
108 247
108 561
108 741
108 786
109 184
110 126
110 334
110 866
110 191
111 124
112 117
112 173
113 121
113 168
113 763
113 804
113 150
114 116
114 118
114 234
114 930
115 699
115 163
116 313
116 883
117 674
117 817
117 917
118 133
118 341
118 146
118 194
119 209
119 301
119 636
119 988
120 174
120 199
120 244
121 275
121 798
122 567
122 167
123 283
123 305
123 483
123 584
123 620
123 647
123 650
123 705
123 925
123 168
124 616
125 193
125 502
125 128
125 149
125 158
126 139
126 226
126 463
126 528
126 554
126 900
127 206
127 171
128 389
128 394
129 182
129 201
129 362
129 614
129 715
130 319
130 438
131 184
131 316
131 882
131 967
132 155
132 255
132 376
132 497
132 997
132 136
133 260
133 294
133 345
133 690
133 703
133 727
133 756
133 791
134 237
134 176
135 889
138 833
139 553
141 146
141 212
141 252
141 282
141 496
141 576
141 800
141 893
142 374
143 477
143 651
143 744
144 401
144 442
145 541
145 606
146 298
147 218
147 261
148 510
148 573
149 240
149 353
149 754
149 853
150 171
150 196
150 223
150 266
150 327
150 407
150 410
150 446
150 455
150 498
150 628
150 639
150 730
150 764
150 775
150 818
150 832
150 840
150 934
150 969
151 529
152 154
152 352
152 959
153 236
153 330
154 677
156 170
157 177
159 199
178 180
184 197
