0 1
0 2
0 3
0 4
0 5
0 6
0 9
0 14
0 16
0 21
0 22
0 23
0 25
0 29
0 30
0 34
0 35
0 39
0 44
0 49
0 58
0 69
0 76
0 81
0 86
0 90
0 94
0 97
0 99
0 101
0 102
0 114
0 115
0 121
0 122
0 130
0 134
0 135
0 136
0 139
0 140
0 142
0 162
0 170
0 177
0 181
0 183
0 187
0 190
0 204
0 207
0 258
0 269
0 289
0 323
0 358
0 362
0 368
0 370
0 383
0 390
0 407
0 416
0 435
0 471
0 489
0 502
0 625
0 694
0 722
0 729
0 741
0 743
0 775
0 785
0 843
0 850
0 875
0 902
0 906
0 922
0 927
0 929
0 944
0 967
0 989
1 2
1 3
1 4
1 5
1 7
1 8
1 11
1 12
1 31
1 33
1 36
1 49
1 55
1 56
1 59
1 60
1 70
1 71
1 74
1 77
1 80
1 85
1 90
1 91
1 95
1 98
1 99
1 103
1 106
1 109
1 116
1 117
1 120
1 124
1 125
1 131
1 135
1 138
1 147
1 148
1 151
1 158
1 162
1 166
1 167
1 168
1 170
1 171
1 176
1 177
1 178
1 179
1 184
1 185
1 187
1 189
1 193
1 199
1 201
1 202
1 206
1 209
1 234
1 299
1 337
1 349
1 350
1 352
1 358
1 393
1 405
1 477
1 488
1 504
1 506
1 549
1 563
1 575
1 598
1 611
1 615
1 623
1 626
1 758
1 764
1 773
1 797
1 876
1 891
1 943
1 979
2 3
2 11
2 13
2 24
2 38
2 41
2 49
2 58
2 61
2 64
2 69
2 82
2 96
2 104
2 114
2 126
2 136
2 140
2 146
2 153
2 158
2 160
2 167
2 178
2 181
2 183
2 191
2 195
2 200
2 201
2 248
2 255
2 273
2 303
2 333
2 430
2 499
2 526
2 586
2 656
2 681
2 737
2 787
2 825
2 839
2 856
2 925
2 953
2 978
3 8
3 9
3 11
3 17
3 20
3 21
3 23
3 24
3 25
3 35
3 53
3 55
3 57
3 65
3 69
3 71
3 72
3 75
3 87
3 90
3 93
3 96
3 116
3 118
3 119
3 123
3 126
3 127
3 130
3 134
3 137
3 140
3 150
3 151
3 157
3 161
3 165
3 169
3 174
3 175
3 176
3 177
3 189
3 191
3 193
3 197
3 200
3 201
3 211
3 366
3 378
3 382
3 383
3 461
3 468
3 482
3 497
3 531
3 571
3 602
3 613
3 631
3 651
3 721
3 746
3 756
3 786
3 790
3 796
3 824
3 828
3 835
3 877
3 897
3 942
4 18
4 22
4 159
4 210
4 466
4 507
4 728
4 807
5 6
5 25
5 28
5 141
5 205
5 348
5 722
5 847
5 887
6 10
6 13
6 17
6 119
6 125
6 143
6 157
6 290
6 346
6 361
6 680
6 706
6 715
6 768
6 799
6 984
6 34
6 66
6 7
6 8
6 11
6 16
6 19
6 22
6 24
6 29
6 31
6 35
6 40
6 57
6 59
6 123
6 134
6 140
7 10
7 28
7 39
7 42
7 43
7 79
7 150
7 256
7 472
7 498
7 539
7 863
7 890
7 919
7 66
7 9
7 11
7 17
7 74
8 14
8 18
8 32
8 33
8 51
8 76
8 139
8 228
8 354
8 460
8 538
8 546
8 555
8 640
8 991
8 992
8 10
8 17
8 26
9 15
9 16
9 19
9 48
9 86
9 101
9 144
9 173
9 579
9 769
9 842
10 25
10 26
10 43
10 52
10 143
10 218
10 233
10 263
10 425
10 434
10 483
10 760
10 836
10 980
10 22
10 36
10 45
10 120
11 22
11 30
11 41
11 85
11 110
11 149
11 315
11 701
11 736
11 12
11 20
11 27
11 37
11 40
11 44
11 58
11 63
11 70
11 78
11 101
11 126
12 157
12 288
12 470
12 568
12 627
12 964
12 13
12 49
12 54
12 55
12 58
12 75
12 77
12 98
12 112
12 117
13 42
13 71
13 594
13 826
13 845
13 889
13 965
13 64
13 72
13 103
13 105
13 122
13 125
13 136
14 23
14 75
14 80
14 112
14 221
14 536
14 638
14 66
14 21
14 51
15 16
15 19
15 20
15 45
15 83
15 84
15 113
15 123
15 132
15 186
15 188
15 225
15 682
15 793
15 841
15 990
15 34
15 29
16 46
16 48
16 86
16 105
16 107
16 113
16 152
16 245
16 378
16 519
16 591
16 620
16 696
16 754
16 901
16 66
16 26
16 93
17 44
17 24
17 35
17 39
17 52
17 84
17 97
17 130
18 88
18 112
18 114
18 169
18 254
18 271
18 304
18 325
18 385
18 396
18 423
18 441
18 452
18 480
18 490
18 525
18 530
18 534
18 540
18 558
18 569
18 633
18 685
18 687
18 749
18 774
18 959
18 974
18 986
19 27
19 78
19 84
19 107
19 176
19 298
19 314
19 382
19 464
19 599
19 634
19 653
19 794
19 806
19 857
19 894
19 912
19 23
19 28
19 71
19 88
19 148
20 27
20 50
20 78
20 108
20 717
20 789
20 36
20 64
21 650
22 103
22 110
22 258
22 322
22 511
22 765
22 34
22 104
22 126
23 32
23 96
23 191
23 264
23 445
23 474
23 629
23 927
24 32
24 36
24 54
24 65
24 76
24 80
24 92
24 111
24 194
24 196
24 238
24 306
24 401
24 485
24 521
24 545
24 628
24 725
24 865
24 936
24 948
24 954
24 995
24 57
24 66
25 63
25 283
25 608
25 678
25 740
26 56
26 214
26 31
26 36
26 51
26 109
26 131
26 132
27 45
27 371
27 32
27 34
28 235
28 51
28 73
28 127
28 181
29 50
29 52
29 61
29 172
29 616
29 899
29 43
30 87
30 135
30 224
30 277
30 329
30 528
30 554
30 168
31 34
31 37
31 38
31 40
31 41
31 47
31 68
31 70
31 89
31 102
31 116
31 120
31 142
31 249
31 293
31 310
31 548
31 553
31 597
31 606
31 614
31 674
31 693
31 732
31 763
31 766
31 878
31 905
31 958
31 997
31 53
31 91
32 36
32 117
32 272
32 318
32 359
32 463
32 580
32 648
32 915
32 933
32 969
32 77
32 86
32 105
32 124
33 54
33 185
33 343
33 463
33 812
33 975
34 37
34 40
34 66
34 166
34 220
34 310
34 327
34 373
34 384
34 418
34 473
34 532
34 610
34 697
34 885
34 54
34 68
34 92
34 94
34 104
34 128
34 133
34 153
35 67
35 99
35 130
35 132
35 186
35 344
35 708
35 747
35 767
35 819
35 61
35 90
35 143
35 147
36 112
36 317
36 485
36 527
36 537
36 954
36 981
36 38
36 41
36 80
36 89
36 94
36 100
36 130
36 143
36 149
36 151
37 40
37 60
37 239
37 321
37 501
37 612
37 830
37 846
38 123
38 500
38 520
38 587
38 909
39 61
39 63
39 155
39 163
39 217
39 544
40 831
41 59
41 64
41 66
41 67
41 146
41 242
41 296
41 436
41 456
41 510
41 576
41 625
41 642
41 778
41 973
41 987
42 53
42 69
42 128
42 141
42 149
42 159
42 160
42 196
42 243
42 266
42 285
42 286
42 313
42 319
42 326
42 333
42 339
42 355
42 357
42 372
42 375
42 377
42 387
42 407
42 415
42 422
42 431
42 458
42 467
42 495
42 512
42 514
42 515
42 516
42 533
42 556
42 557
42 566
42 572
42 583
42 595
42 596
42 616
42 637
42 662
42 673
42 689
42 748
42 759
42 781
42 788
42 800
42 808
42 809
42 811
42 814
42 820
42 867
42 868
42 870
42 872
42 882
42 886
42 890
42 904
42 918
42 930
42 945
42 971
42 994
43 79
43 601
43 751
44 50
44 72
44 429
45 105
45 173
45 617
45 47
45 83
45 186
46 170
47 68
47 100
47 129
47 412
47 432
47 669
47 738
47 744
47 803
48 62
48 77
48 78
48 132
49 63
49 79
49 163
49 237
49 705
49 59
49 118
49 121
49 141
50 234
50 356
50 443
50 589
50 700
50 782
50 832
50 861
50 898
50 940
51 174
52 155
52 67
53 94
53 138
53 168
53 175
53 297
53 427
53 585
53 624
53 661
53 688
53 761
53 763
53 860
53 884
53 956
53 159
54 82
54 639
54 686
54 762
54 801
54 56
54 72
54 141
55 411
55 939
55 62
55 152
55 153
55 163
55 200
56 522
56 134
57 93
57 98
57 605
57 85
57 99
57 107
57 110
58 73
58 74
58 102
58 133
58 198
58 276
58 287
58 388
58 420
58 561
58 647
58 698
58 777
58 903
58 916
58 952
58 966
58 985
58 76
58 95
59 149
59 227
59 331
59 381
59 444
59 609
59 652
59 658
59 707
59 765
59 908
59 924
60 179
60 424
60 770
61 161
61 216
61 410
61 433
61 593
62 188
62 330
62 379
62 934
62 187
63 386
63 73
63 123
64 851
65 910
66 123
66 155
66 199
66 300
66 347
66 363
66 380
66 403
66 449
66 476
66 492
66 494
66 509
66 584
66 654
66 679
66 691
66 790
66 821
66 837
66 864
66 874
66 913
66 963
66 972
66 996
66 69
66 91
66 111
66 125
66 127
66 148
67 159
67 230
67 351
67 567
67 646
67 675
67 960
67 175
68 95
68 192
68 543
69 91
69 126
69 195
69 226
69 302
69 342
69 394
69 421
69 508
69 581
69 643
69 676
69 710
69 970
69 90
70 78
70 93
70 122
70 231
70 278
70 282
70 417
70 541
70 618
70 672
70 755
70 779
70 853
70 859
70 860
70 905
70 917
70 977
70 125
70 133
71 81
71 184
71 265
71 400
71 402
71 559
71 849
71 858
71 862
71 880
72 136
72 202
72 281
72 357
72 570
72 574
72 663
72 690
72 727
72 757
72 810
72 892
72 941
72 82
73 74
73 180
73 505
73 840
73 89
73 98
73 103
74 164
74 179
74 274
74 734
74 813
74 116
76 92
76 117
76 219
76 262
77 187
77 280
77 551
77 604
77 95
77 173
78 86
78 105
78 225
78 244
78 484
78 564
78 635
78 844
78 976
79 106
79 115
79 165
79 535
79 883
80 148
80 145
80 203
81 399
81 431
81 437
81 491
81 699
81 711
81 745
81 780
82 578
82 582
82 590
82 137
83 260
83 84
84 101
84 250
84 988
84 176
85 334
85 542
85 677
85 866
86 107
86 145
86 171
86 360
86 365
86 376
86 455
86 730
86 792
86 875
86 900
87 345
88 134
88 462
90 391
90 454
90 848
91 404
91 414
91 869
91 888
91 96
91 118
91 119
92 137
92 198
92 518
93 259
93 442
93 592
94 102
94 180
94 289
94 438
94 523
95 750
95 914
95 180
96 175
96 222
96 241
96 267
96 406
96 413
96 444
96 465
96 481
96 486
96 517
96 712
96 716
96 771
96 834
96 938
96 950
96 955
96 983
98 236
98 791
99 122
99 144
99 188
99 194
99 197
99 208
99 251
99 254
99 270
99 294
99 316
99 328
99 340
99 353
99 392
99 435
99 440
99 451
99 453
99 475
99 565
99 573
99 600
99 621
99 636
99 641
99 664
99 720
99 735
99 739
99 742
99 752
99 784
99 798
99 804
99 806
99 816
99 817
99 822
99 920
99 931
99 947
99 961
99 993
100 284
100 364
100 529
100 655
100 670
100 723
100 818
102 164
102 192
102 309
102 324
102 363
102 702
102 932
102 996
103 114
103 409
103 428
103 487
103 833
104 246
104 154
104 183
105 130
105 257
105 823
105 129
106 109
106 547
107 657
109 367
109 411
109 419
109 660
109 718
109 896
110 731
110 895
110 140
110 149
110 152
112 503
112 550
112 666
112 684
112 185
114 154
114 193
114 320
114 395
114 409
114 673
114 703
114 829
114 167
115 200
116 120
116 253
116 268
116 459
116 493
116 704
116 907
117 170
117 332
117 341
117 374
117 513
117 588
117 632
117 827
118 125
119 155
120 199
120 603
121 195
122 152
122 247
122 308
122 607
122 619
122 649
122 873
122 935
123 252
123 275
123 305
123 389
123 426
123 447
123 478
123 683
123 692
123 695
123 719
123 753
123 772
123 794
123 815
123 844
123 854
123 881
123 921
125 312
125 319
125 369
125 469
125 726
125 733
125 143
126 229
126 622
126 659
126 138
126 145
126 146
130 291
131 212
131 552
131 668
131 193
132 136
134 140
134 156
134 203
134 215
134 261
134 292
134 448
134 562
134 713
134 724
134 783
134 838
134 937
134 962
134 147
134 196
135 175
135 177
135 307
135 439
135 560
135 644
135 671
135 879
136 213
136 457
137 198
137 311
137 335
137 479
137 577
137 923
137 928
138 665
139 203
139 871
139 998
140 667
140 957
141 547
141 926
142 179
142 182
142 279
142 366
142 398
142 496
142 714
142 802
142 911
142 999
143 285
143 446
143 450
143 479
143 629
143 645
143 852
143 855
143 951
143 968
143 172
144 946
145 338
145 408
146 232
146 506
146 949
149 397
149 795
149 169
150 223
150 301
150 524
150 709
150 776
151 295
151 410
151 559
151 805
152 240
152 308
152 336
152 630
152 982
153 893
153 194
161 201
177 189
179 192
181 201
