0 1
0 2
0 3
0 4
0 5
0 7
0 9
0 11
0 23
0 25
0 29
0 34
0 48
0 50
0 64
0 67
0 90
0 95
0 102
0 111
0 118
0 122
0 128
0 136
0 147
0 150
0 151
0 152
0 158
0 163
0 164
0 167
0 180
0 189
0 196
0 197
0 324
0 451
0 520
0 634
0 637
0 789
0 902
0 923
0 931
1 2
1 3
1 4
1 7
1 8
1 14
1 15
1 25
1 32
1 42
1 47
1 51
1 62
1 84
1 86
1 87
1 93
1 110
1 118
1 121
1 124
1 127
1 131
1 142
1 152
1 154
1 155
1 157
1 169
1 181
1 185
1 203
1 204
1 223
1 341
1 371
1 373
1 478
1 505
1 590
1 598
1 615
1 674
1 698
1 716
1 767
1 793
1 799
1 811
1 843
1 906
1 929
1 950
1 967
1 974
1 977
2 3
2 4
2 8
2 14
2 19
2 20
2 32
2 40
2 41
2 42
2 51
2 54
2 61
2 67
2 69
2 75
2 79
2 81
2 83
2 86
2 95
2 104
2 105
2 112
2 115
2 119
2 120
2 124
2 128
2 130
2 135
2 136
2 149
2 156
2 175
2 182
2 186
2 188
2 194
2 207
2 252
2 259
2 282
2 296
2 346
2 358
2 386
2 388
2 391
2 412
2 418
2 489
2 506
2 568
2 618
2 653
2 654
2 685
2 717
2 719
2 746
2 761
2 819
2 903
2 959
2 971
3 4
3 15
3 53
3 56
3 59
3 60
3 73
3 77
3 93
3 101
3 115
3 122
3 132
3 139
3 151
3 160
3 173
3 185
3 186
3 187
3 189
3 194
3 198
3 199
3 200
3 202
3 219
3 227
3 272
3 309
3 403
3 426
3 490
3 494
3 503
3 575
3 577
3 604
3 665
3 707
3 895
3 946
4 5
4 6
4 7
4 8
4 9
4 16
4 24
4 29
4 33
4 47
4 64
4 75
4 84
4 100
4 126
4 128
4 130
4 133
4 137
4 159
4 160
4 161
4 172
4 176
4 181
4 187
4 189
4 191
4 193
4 228
4 240
4 267
4 287
4 381
4 428
4 443
4 447
4 461
4 510
4 522
4 564
4 588
4 636
4 648
4 714
4 731
4 745
4 847
4 850
4 852
4 863
4 868
4 983
5 6
5 10
5 16
5 17
5 25
5 30
5 49
5 73
5 110
5 229
5 232
5 278
5 292
5 414
5 421
5 582
5 697
5 817
6 9
6 10
6 12
6 16
6 18
6 26
6 27
6 28
6 31
6 34
6 35
6 37
6 39
6 54
6 57
6 58
6 65
6 71
6 82
6 89
6 90
6 107
6 108
6 118
6 122
6 123
6 127
6 132
6 141
6 151
6 171
6 177
6 183
6 206
6 210
6 237
6 238
6 243
6 244
6 262
6 274
6 286
6 288
6 297
6 307
6 333
6 338
6 343
6 356
6 357
6 369
6 378
6 411
6 415
6 436
6 438
6 450
6 459
6 491
6 508
6 513
6 527
6 535
6 546
6 549
6 556
6 603
6 621
6 639
6 642
6 643
6 651
6 658
6 659
6 705
6 708
6 753
6 755
6 756
6 831
6 833
6 834
6 842
6 845
6 853
6 854
6 875
6 879
6 907
6 917
6 933
6 935
6 947
6 961
6 964
6 966
6 981
6 997
6 149
6 140
6 22
6 23
6 25
6 51
6 84
7 20
7 36
7 52
7 74
7 80
7 88
7 100
7 101
7 119
7 168
7 260
7 325
7 384
7 482
7 507
7 514
7 524
7 537
7 584
7 595
7 619
7 661
7 686
7 723
7 760
7 830
7 870
7 927
7 988
7 149
7 9
7 102
7 120
7 146
8 11
8 13
8 45
8 96
8 170
8 190
8 231
8 248
8 318
8 330
8 347
8 348
8 401
8 574
8 578
8 640
8 673
8 724
8 876
8 918
8 140
8 17
8 35
8 67
8 89
9 27
9 35
9 149
9 10
9 11
9 13
9 15
9 23
9 38
9 43
9 46
9 49
9 54
9 67
9 92
9 138
9 150
10 15
10 57
10 107
10 489
10 675
10 149
10 12
10 63
10 87
10 144
11 40
11 161
11 254
11 285
11 379
11 404
11 552
11 554
11 583
11 103
11 114
12 30
12 44
12 45
12 48
12 66
12 95
12 96
12 128
12 142
12 143
12 146
12 163
12 200
12 264
12 299
12 308
12 329
12 348
12 399
12 408
12 410
12 420
12 435
12 446
12 484
12 498
12 545
12 550
12 553
12 559
12 573
12 580
12 591
12 599
12 631
12 647
12 775
12 805
12 829
12 838
12 900
12 912
12 943
12 948
12 973
12 993
12 998
12 20
12 21
12 24
12 127
13 178
13 202
13 345
13 536
13 539
13 743
13 792
13 821
13 827
13 862
13 894
13 942
13 952
13 17
13 31
13 48
14 19
14 21
14 22
14 41
14 70
14 81
14 111
14 134
14 144
14 156
14 158
14 182
14 196
14 204
14 314
14 355
14 380
14 393
14 566
14 704
14 822
14 892
15 17
15 26
15 37
15 54
15 56
15 60
15 108
15 154
15 171
15 172
15 201
15 353
15 366
15 455
15 581
15 859
15 140
16 17
16 18
16 26
16 38
16 106
16 110
16 165
16 269
16 456
16 987
17 18
17 561
17 20
17 21
17 25
17 36
17 40
17 47
17 52
17 66
17 68
17 105
17 107
17 140
18 38
18 60
18 65
18 69
18 103
18 135
18 752
18 796
18 844
18 968
18 995
19 20
19 21
19 22
19 29
19 43
19 59
19 283
19 633
19 696
19 715
19 813
20 21
20 23
20 32
20 36
20 52
20 62
20 63
20 81
20 98
20 99
20 116
20 124
20 130
20 192
20 290
20 335
20 340
20 352
20 363
20 372
20 383
20 397
20 417
20 429
20 445
20 462
20 479
20 486
20 496
20 529
20 532
20 540
20 551
20 586
20 589
20 592
20 594
20 606
20 613
20 650
20 693
20 699
20 700
20 747
20 751
20 758
20 777
20 803
20 809
20 832
20 848
20 857
20 858
20 867
20 914
20 919
20 928
20 944
20 984
20 989
20 996
20 43
20 45
20 56
20 65
21 22
21 41
21 72
21 91
21 173
21 204
21 311
21 376
21 683
21 733
21 880
21 26
21 76
21 121
21 140
22 125
22 137
22 395
22 523
22 770
22 818
22 31
22 48
23 137
25 46
25 402
25 652
25 662
25 786
26 46
26 57
26 541
26 140
26 40
26 146
27 28
27 50
27 89
27 205
27 313
27 739
27 826
27 874
28 89
28 289
28 394
28 405
28 501
28 526
28 547
28 664
28 913
29 72
29 572
30 226
30 587
30 596
30 808
31 339
31 910
31 32
31 39
31 41
31 44
31 46
31 49
31 53
31 64
31 70
31 88
31 105
31 107
31 110
32 389
32 585
32 670
32 953
32 45
32 59
32 119
33 121
33 560
34 53
34 203
34 423
34 473
34 570
35 284
35 888
35 975
36 74
36 80
36 88
36 94
36 153
36 301
36 359
36 774
36 915
36 39
36 43
36 175
37 61
37 166
37 215
37 297
37 627
37 200
38 65
38 407
38 47
38 151
40 113
40 117
40 298
40 408
41 293
41 331
41 492
41 576
41 622
41 668
41 737
41 149
42 66
42 68
42 249
42 163
43 116
43 131
43 136
43 282
43 629
43 816
43 47
43 96
44 798
44 91
44 100
44 154
44 170
45 87
45 266
45 430
45 97
46 236
46 444
46 635
46 125
46 149
47 115
47 117
47 230
47 310
47 521
47 575
47 612
47 727
47 963
47 970
47 972
47 53
47 56
47 74
47 96
47 110
47 152
47 159
48 64
48 406
48 488
48 801
48 815
48 925
48 49
48 113
48 122
48 150
48 190
49 103
49 261
49 277
49 322
49 325
49 377
49 396
49 416
49 607
49 706
49 861
49 992
49 60
49 71
49 73
49 77
49 78
49 92
49 93
49 98
49 109
49 124
50 58
50 75
50 82
50 97
50 141
50 145
50 184
50 360
50 439
50 465
50 477
50 495
50 531
50 558
50 571
50 593
50 624
50 657
50 667
50 680
50 710
50 711
50 713
50 718
50 765
50 771
50 804
50 813
50 835
50 839
50 858
50 891
50 922
50 936
50 979
51 122
51 174
51 276
51 337
51 409
51 422
51 77
52 80
52 175
52 242
52 742
52 101
53 55
53 58
53 67
53 98
53 141
53 175
53 418
53 460
53 497
53 515
53 528
53 614
53 682
53 690
53 873
53 978
53 980
53 994
53 70
53 117
53 143
53 197
54 99
54 132
55 121
55 184
55 433
55 481
55 530
55 565
55 656
55 897
56 120
56 300
56 59
57 78
57 321
57 896
57 939
58 785
59 72
59 125
59 279
59 351
59 669
59 75
59 78
59 128
59 142
60 85
60 152
60 734
60 885
60 958
60 62
60 79
60 130
61 342
61 367
61 448
61 149
62 63
62 213
62 312
62 472
62 562
62 569
62 616
62 644
62 677
62 709
62 722
62 733
62 735
62 800
62 881
62 187
63 134
63 268
63 316
63 370
63 388
63 533
63 802
63 807
63 940
63 140
63 81
64 251
64 305
65 177
65 385
65 480
65 504
65 901
66 113
66 302
66 956
66 81
67 76
67 94
67 109
67 169
67 224
67 271
67 344
67 361
67 398
67 425
67 449
67 600
67 628
67 646
67 851
68 149
69 78
69 112
69 221
69 265
69 319
69 676
69 871
69 149
70 790
70 87
70 89
70 115
70 204
71 140
71 154
72 105
72 176
72 180
72 452
72 517
72 757
72 189
73 108
73 467
73 149
73 77
73 84
73 114
74 100
74 687
75 97
75 145
75 153
75 167
75 220
75 294
75 424
75 466
75 738
75 748
75 860
76 934
76 962
76 98
77 241
77 127
77 142
78 92
78 120
78 172
78 518
80 100
80 109
80 649
80 703
80 780
80 830
80 916
81 176
81 208
81 721
81 100
81 138
81 148
82 688
82 886
82 181
83 197
83 275
83 440
83 538
83 605
83 623
83 671
83 726
83 764
83 788
83 820
83 923
83 962
84 181
85 106
87 257
87 153
88 519
89 263
89 691
89 869
90 179
90 199
90 350
90 362
90 411
90 420
90 730
90 779
90 872
90 140
90 166
91 836
93 107
93 195
95 129
95 769
95 954
96 97
96 314
96 475
96 645
96 666
96 672
96 828
96 882
96 920
96 932
96 949
97 125
97 133
97 148
97 256
97 650
97 999
98 168
98 701
98 702
98 911
99 542
99 608
99 957
99 196
100 114
100 211
100 250
100 281
100 295
100 304
100 392
100 441
100 602
100 610
100 655
100 728
100 729
100 782
100 824
100 849
100 106
100 143
101 119
101 144
101 168
101 192
101 218
101 336
101 660
101 905
102 375
105 133
105 148
105 270
105 797
105 825
106 469
106 732
106 134
107 179
107 483
107 784
107 893
108 234
108 247
109 118
110 123
110 138
110 184
110 327
110 609
110 632
110 778
110 846
110 855
110 856
110 118
111 365
113 150
113 303
113 617
113 924
115 157
115 413
116 147
116 368
116 768
117 163
117 332
117 419
117 453
117 476
117 736
117 154
118 126
118 152
118 161
118 190
118 214
118 235
118 258
118 274
118 306
118 382
118 387
118 442
118 454
118 470
118 512
118 555
118 601
118 638
118 689
118 705
118 712
118 740
118 746
118 750
118 759
118 763
118 773
118 791
118 806
118 810
118 837
118 845
118 866
118 878
118 890
118 921
118 926
118 937
118 945
118 965
118 976
118 125
118 149
120 222
120 246
120 516
120 544
120 684
120 776
120 153
120 195
121 141
121 183
121 291
121 457
121 140
122 170
122 349
122 437
122 884
122 930
122 951
122 986
122 990
124 140
124 175
124 468
124 509
124 663
124 720
124 823
124 960
124 155
125 133
125 474
125 620
126 904
126 160
127 143
127 174
127 188
127 217
127 225
127 617
127 692
127 741
127 749
127 877
127 884
128 160
128 364
128 400
128 548
128 567
129 171
130 320
130 323
130 334
130 683
130 787
131 255
131 766
131 191
132 985
133 135
133 137
133 182
133 625
133 969
134 463
134 485
134 783
135 193
135 209
135 273
135 354
135 431
135 534
135 557
135 889
135 941
136 899
137 427
137 493
137 597
137 694
137 795
137 864
137 955
139 245
139 253
139 317
139 725
140 280
140 374
140 471
140 525
140 543
140 579
140 695
140 938
141 216
141 841
141 908
141 982
142 626
142 887
142 158
143 178
143 193
143 239
143 328
143 432
143 511
143 563
143 679
143 883
143 991
143 161
144 191
144 315
144 464
144 754
144 173
147 173
147 233
147 487
147 694
147 812
148 586
148 594
148 641
148 681
148 840
148 176
149 197
150 364
151 212
151 298
151 434
151 458
151 499
151 762
151 781
151 909
151 157
152 183
152 326
152 390
152 500
152 502
152 814
152 877
152 177
152 184
153 162
153 182
153 192
153 611
153 630
153 898
154 678
154 744
154 772
154 794
154 865
159 198
164 178
188 202
198 202
