0 1
0 2
0 3
0 4
0 6
0 9
0 15
0 17
0 19
0 27
0 34
0 48
0 51
0 63
0 76
0 77
0 90
0 100
0 108
0 109
0 110
0 117
0 121
0 128
0 133
0 134
0 137
0 146
0 157
0 165
0 178
0 184
0 187
0 195
0 198
0 210
0 218
0 244
0 296
0 378
0 469
0 564
0 614
0 642
0 724
0 742
0 841
0 848
0 908
0 941
0 986
1 2
1 3
1 4
1 7
1 12
1 25
1 27
1 32
1 33
1 36
1 37
1 38
1 51
1 52
1 57
1 67
1 72
1 78
1 83
1 84
1 86
1 87
1 89
1 98
1 106
1 109
1 135
1 136
1 148
1 151
1 162
1 167
1 169
1 179
1 184
1 186
1 213
1 240
1 320
1 340
1 395
1 435
1 612
1 674
1 727
1 741
1 748
1 765
1 770
1 773
1 776
1 788
1 822
1 831
1 833
1 839
1 928
1 933
1 959
2 3
2 4
2 5
2 6
2 9
2 11
2 21
2 30
2 35
2 36
2 39
2 42
2 44
2 48
2 60
2 62
2 70
2 78
2 83
2 92
2 93
2 94
2 97
2 102
2 110
2 113
2 116
2 117
2 125
2 126
2 129
2 133
2 134
2 135
2 160
2 168
2 169
2 188
2 195
2 211
2 220
2 314
2 316
2 385
2 406
2 450
2 452
2 475
2 507
2 525
2 557
2 595
2 597
2 610
2 634
2 638
2 643
2 646
2 652
2 717
2 738
2 755
2 761
2 774
2 826
2 866
2 894
2 899
2 951
3 4
3 11
3 17
3 19
3 25
3 31
3 32
3 37
3 40
3 43
3 46
3 56
3 65
3 66
3 75
3 81
3 87
3 90
3 102
3 107
3 117
3 120
3 126
3 128
3 134
3 139
3 143
3 144
3 146
3 147
3 148
3 167
3 179
3 182
3 189
3 193
3 195
3 196
3 197
3 324
3 397
3 413
3 459
3 512
3 514
3 524
3 526
3 743
3 744
3 778
3 789
3 812
3 859
3 872
3 887
4 5
4 8
4 13
4 17
4 20
4 27
4 53
4 55
4 60
4 69
4 71
4 79
4 83
4 98
4 109
4 110
4 113
4 119
4 121
4 124
4 151
4 153
4 162
4 166
4 170
4 171
4 173
4 189
4 192
4 195
4 201
4 202
4 204
4 267
4 282
4 283
4 294
4 313
4 343
4 347
4 353
4 484
4 570
4 603
4 618
4 621
4 625
4 650
4 730
4 753
4 811
4 816
4 865
4 875
4 880
4 890
4 917
4 952
4 974
4 993
5 8
5 10
5 11
5 14
5 25
5 41
5 71
5 78
5 85
5 86
5 90
5 150
5 169
5 179
5 193
5 198
5 204
5 206
5 236
5 238
5 241
5 257
5 279
5 291
5 297
5 318
5 319
5 327
5 349
5 356
5 374
5 389
5 400
5 403
5 427
5 437
5 438
5 461
5 474
5 480
5 486
5 492
5 545
5 556
5 558
5 560
5 602
5 657
5 665
5 678
5 684
5 736
5 747
5 790
5 793
5 794
5 802
5 832
5 834
5 845
5 846
5 906
5 919
5 927
5 995
5 20
5 9
5 39
5 70
5 82
5 143
6 16
6 26
6 85
6 91
6 92
6 103
6 120
6 158
6 193
6 198
6 259
6 342
6 404
6 466
6 586
6 660
6 853
6 888
6 895
6 923
6 941
7 12
7 56
7 188
7 250
7 306
7 810
7 991
8 16
8 22
8 101
8 102
8 390
8 556
8 792
8 935
8 20
8 110
8 10
8 12
8 32
8 33
8 37
8 42
8 56
8 128
8 169
9 13
9 40
9 106
9 137
9 482
9 904
9 16
9 20
9 21
9 23
9 48
9 56
9 76
9 81
9 113
9 143
9 194
10 22
10 99
10 141
10 197
10 200
10 203
10 235
10 249
10 284
10 301
10 401
10 407
10 420
10 425
10 543
10 607
10 631
10 659
10 711
10 737
10 740
10 808
10 897
10 903
10 922
10 11
10 36
10 45
10 135
11 89
11 118
11 170
11 290
11 335
11 369
11 428
11 627
11 636
11 647
11 806
11 876
11 12
11 31
12 15
12 24
12 30
12 36
12 155
12 245
12 13
12 44
12 147
13 29
13 73
13 79
13 100
13 140
13 270
13 300
13 426
13 581
13 588
13 696
13 728
13 771
13 969
13 979
13 980
13 989
13 14
13 15
13 26
13 36
13 53
13 64
13 97
13 129
13 146
14 52
14 64
14 515
14 83
15 18
15 19
15 21
15 32
15 45
15 53
15 107
15 114
15 225
15 232
15 248
15 432
15 499
15 687
15 818
15 118
16 22
16 23
16 28
16 74
16 97
16 99
16 124
16 251
16 510
16 513
16 608
16 25
16 84
16 120
16 165
17 33
17 42
17 59
17 63
17 67
17 84
17 95
17 115
17 122
17 123
17 127
17 142
17 144
17 164
17 180
17 289
17 302
17 368
17 377
17 453
17 496
17 664
17 673
17 679
17 693
17 733
17 884
17 950
17 957
17 968
17 20
17 21
17 22
17 24
17 26
17 30
17 34
17 41
17 49
17 50
17 51
17 64
17 68
17 75
17 93
17 109
17 110
17 118
17 139
18 54
18 126
18 590
19 21
19 30
19 45
19 172
20 47
20 119
20 134
20 135
20 138
21 30
21 155
21 370
21 410
21 27
21 32
21 42
21 50
21 62
21 124
22 28
22 53
22 74
22 111
22 130
22 131
22 156
22 178
22 196
22 197
22 200
22 334
22 351
22 399
22 409
22 414
22 448
22 550
22 630
22 700
22 713
22 752
22 772
22 780
22 787
22 838
22 847
22 863
22 893
22 924
22 948
22 953
22 964
23 114
23 278
23 669
23 829
23 911
23 961
23 28
23 29
23 40
23 70
23 76
23 108
24 207
24 805
24 25
25 26
25 41
25 176
25 227
25 280
25 412
25 501
25 577
25 671
25 697
25 698
25 918
25 31
25 35
25 39
25 50
25 89
25 105
25 106
25 132
26 57
26 354
26 555
26 598
26 775
26 997
26 30
26 77
27 40
27 44
27 47
27 49
27 62
27 359
27 729
27 824
28 29
28 38
28 46
28 64
28 168
28 170
28 203
28 226
28 227
28 372
28 444
28 520
28 552
28 567
28 613
28 649
28 651
28 682
28 694
28 732
28 759
28 825
28 947
29 31
29 40
29 52
29 66
29 79
29 80
29 96
29 125
29 140
29 147
29 192
29 223
29 234
29 271
29 309
29 386
29 402
29 441
29 447
29 494
29 502
29 506
29 521
29 551
29 568
29 575
29 593
29 640
29 666
29 779
29 864
29 869
29 879
29 929
29 958
29 977
29 992
30 37
30 54
30 56
30 57
30 72
30 116
30 130
30 139
30 172
30 228
30 229
30 247
30 305
30 396
30 493
30 533
30 559
30 587
30 685
30 830
30 849
30 909
30 960
30 966
30 988
30 62
30 78
31 43
31 50
31 154
31 511
31 79
31 124
31 140
31 141
31 147
31 192
32 45
32 107
32 239
32 490
32 681
32 38
32 53
32 74
32 75
32 97
32 150
33 39
33 58
33 59
33 61
33 94
33 132
33 160
33 185
33 253
33 373
33 483
33 495
33 858
33 885
34 42
34 58
34 69
34 91
34 119
35 892
35 57
36 82
36 151
36 709
36 105
36 114
37 68
37 156
37 851
38 51
38 52
38 69
38 547
38 609
38 624
39 42
39 55
39 58
39 61
39 274
39 405
39 600
39 91
39 92
39 96
39 109
39 125
40 93
40 152
40 282
40 532
40 648
40 691
40 707
40 714
41 124
41 436
41 43
41 55
41 66
41 92
41 138
41 142
42 77
42 104
42 145
42 162
42 175
42 281
42 333
42 442
42 460
42 521
42 745
42 784
42 898
43 50
43 171
43 702
43 110
44 73
44 882
45 82
45 153
45 172
45 540
45 705
45 54
45 58
45 93
45 128
45 144
47 293
47 446
47 519
47 764
47 100
47 136
48 107
48 337
48 637
48 127
49 366
49 503
50 88
50 315
50 365
50 434
50 440
50 446
50 725
50 67
50 73
50 81
50 86
50 111
50 116
50 135
50 162
51 71
51 75
51 81
51 100
51 112
51 148
51 201
51 233
51 304
51 358
51 378
51 465
51 516
51 536
51 584
51 616
51 619
51 626
51 661
51 692
51 721
51 763
51 782
51 815
51 854
51 934
51 972
51 52
51 125
52 265
52 321
52 505
52 965
52 69
52 127
52 152
52 170
52 190
53 105
53 430
53 60
53 63
53 97
53 151
54 222
54 313
54 364
54 381
54 387
54 473
54 517
54 537
54 611
54 66
54 125
55 123
55 422
55 720
55 800
56 143
56 185
56 357
56 522
56 797
56 850
56 925
56 931
56 65
56 103
57 136
57 487
57 572
58 59
58 76
58 77
58 138
58 217
58 411
58 476
58 686
58 949
59 138
59 644
59 785
61 84
61 132
61 174
61 258
61 375
61 472
61 582
61 877
61 896
61 973
61 984
62 285
62 367
62 470
62 523
62 615
62 653
62 704
62 786
62 901
62 956
62 976
62 108
62 112
63 84
63 154
63 328
63 553
63 563
63 633
63 783
64 81
64 703
64 891
64 72
64 86
64 168
65 98
65 146
66 161
66 163
66 403
66 418
66 80
67 108
67 152
68 180
68 943
68 188
69 111
69 379
69 393
69 394
69 462
69 766
69 967
69 161
70 106
70 131
70 147
71 81
71 392
71 688
72 115
72 306
72 585
73 101
73 261
73 454
73 592
73 614
73 725
73 857
73 133
73 171
74 310
74 101
74 123
75 97
75 103
75 129
75 136
75 205
75 231
75 243
75 295
75 308
75 380
75 404
75 456
75 458
75 500
75 601
75 628
75 695
75 756
75 813
75 842
75 881
75 937
75 982
75 983
75 122
75 145
76 718
76 77
77 237
77 339
77 561
77 731
77 850
77 975
78 196
78 203
78 317
78 341
78 589
78 599
78 938
78 90
79 750
80 92
80 114
80 299
80 307
80 488
80 604
80 757
80 803
80 856
80 878
80 910
80 913
81 149
81 262
81 498
81 868
82 620
83 89
83 141
83 330
83 497
83 531
83 548
83 566
83 594
83 758
83 820
83 942
83 990
83 996
84 219
84 424
84 443
84 662
84 689
84 819
84 971
87 95
87 164
87 166
87 468
88 152
88 485
88 538
89 275
89 408
89 455
89 912
90 141
90 201
90 256
91 860
91 136
92 96
92 112
92 149
93 106
93 167
93 677
93 739
93 777
94 388
94 471
94 629
94 889
96 345
96 112
97 99
97 491
97 153
98 121
98 177
98 186
98 212
98 416
98 451
98 464
98 746
99 101
99 111
99 176
99 191
99 576
99 804
99 844
99 954
100 181
100 320
100 549
101 287
101 311
101 348
101 363
101 371
101 382
101 423
101 509
101 591
101 635
101 739
101 798
101 801
101 994
102 183
102 641
102 663
103 118
103 201
103 767
103 177
104 827
105 128
106 152
106 154
106 155
106 175
106 181
106 187
106 199
106 242
106 272
106 288
106 338
106 346
106 391
106 421
106 433
106 467
106 527
106 530
106 535
106 541
106 544
106 580
106 596
106 655
106 683
106 710
106 719
106 769
106 781
106 836
106 862
106 902
106 905
106 932
106 985
107 981
108 325
108 329
108 457
108 704
108 926
108 998
109 122
109 157
109 194
109 526
110 362
110 546
110 134
111 197
112 190
112 883
112 117
112 131
113 332
113 715
113 148
114 142
114 145
114 182
114 215
114 266
114 331
114 398
114 409
114 508
114 534
114 542
114 571
114 583
114 676
114 720
114 722
114 749
114 855
114 907
114 963
114 116
115 116
115 472
115 478
115 518
115 680
115 807
115 874
115 987
116 131
116 208
117 448
118 605
118 639
118 768
118 946
119 268
120 129
120 712
121 767
121 791
121 159
122 145
122 221
122 264
122 276
122 298
122 344
122 355
122 439
122 445
122 606
122 692
122 751
122 760
122 762
122 821
122 840
122 930
123 166
123 675
124 149
124 197
124 252
124 477
124 569
124 741
124 939
125 190
125 417
125 490
125 528
125 670
125 861
125 886
125 144
126 140
126 246
126 384
126 419
126 449
126 701
126 735
126 175
128 158
129 326
129 383
129 617
130 554
130 668
131 286
131 944
131 141
131 199
132 211
132 352
132 579
132 809
133 158
134 323
134 658
134 870
134 978
135 183
135 804
136 209
136 216
136 304
136 504
136 562
136 565
136 837
136 871
136 955
137 463
137 489
137 699
137 852
137 916
137 921
137 962
137 166
138 255
139 622
139 708
139 900
140 312
140 402
140 442
140 574
140 645
140 667
140 828
140 970
141 161
141 269
141 273
141 573
141 690
141 146
142 224
142 263
142 350
142 361
142 632
142 706
142 920
142 936
143 322
143 431
143 529
143 716
143 795
143 799
143 823
143 154
145 213
146 159
146 260
146 754
146 796
147 159
147 254
148 157
148 187
149 303
149 578
149 654
149 843
150 183
150 814
151 230
151 292
151 360
151 656
151 835
152 336
152 481
153 188
153 723
153 817
154 214
154 277
154 376
154 415
154 422
154 429
154 479
154 539
154 623
154 672
154 726
154 734
154 867
154 873
154 914
154 915
154 940
154 945
154 999
162 192
166 185
178 188
179 198
184 198
