0 1
0 2
0 3
0 4
0 5
0 8
0 12
0 14
0 15
0 25
0 27
0 31
0 35
0 37
0 38
0 39
0 40
0 42
0 45
0 50
0 54
0 56
0 59
0 60
0 64
0 65
0 66
0 67
0 70
0 71
0 73
0 78
0 80
0 81
0 86
0 87
0 89
0 91
0 93
0 95
0 107
0 108
0 110
0 111
0 113
0 115
0 116
0 123
0 125
0 132
0 140
0 141
0 142
0 145
0 148
0 150
0 151
0 156
0 158
0 159
0 161
0 163
0 165
0 170
0 172
0 176
0 177
0 180
0 185
0 189
0 195
0 199
0 203
0 209
0 215
0 237
0 274
0 275
0 281
0 303
0 348
0 396
0 403
0 471
0 483
0 485
0 500
0 526
0 540
0 546
0 552
0 568
0 571
0 588
0 598
0 622
0 626
0 633
0 651
0 672
0 681
0 692
0 702
0 725
0 733
0 753
0 766
0 778
0 779
0 825
0 829
0 838
0 864
0 890
0 905
0 906
0 960
0 980
0 982
1 2
1 3
1 10
1 11
1 18
1 21
1 37
1 48
1 51
1 57
1 62
1 76
1 93
1 95
1 98
1 109
1 119
1 123
1 130
1 133
1 140
1 143
1 152
1 154
1 157
1 159
1 168
1 189
1 196
1 198
1 201
1 335
1 419
1 442
1 463
1 487
1 521
1 530
1 718
1 819
1 827
1 888
1 906
1 910
1 911
1 940
2 3
2 11
2 14
2 44
2 51
2 52
2 59
2 62
2 64
2 66
2 73
2 74
2 77
2 89
2 92
2 94
2 99
2 104
2 105
2 110
2 112
2 117
2 119
2 125
2 131
2 134
2 136
2 137
2 148
2 152
2 155
2 178
2 199
2 200
2 331
2 359
2 446
2 486
2 490
2 581
2 603
2 677
2 741
2 863
2 887
2 921
3 5
3 6
3 10
3 11
3 12
3 13
3 15
3 22
3 25
3 27
3 29
3 31
3 36
3 38
3 43
3 46
3 49
3 50
3 51
3 57
3 63
3 65
3 67
3 71
3 72
3 73
3 77
3 78
3 80
3 82
3 85
3 86
3 88
3 93
3 94
3 112
3 118
3 120
3 123
3 127
3 128
3 130
3 136
3 138
3 140
3 143
3 145
3 147
3 153
3 156
3 158
3 160
3 163
3 172
3 174
3 176
3 177
3 178
3 180
3 181
3 182
3 202
3 264
3 266
3 284
3 322
3 345
3 346
3 395
3 406
3 445
3 453
3 460
3 461
3 520
3 531
3 535
3 575
3 643
3 668
3 688
3 698
3 715
3 717
3 734
3 769
3 782
3 806
3 820
3 846
3 903
3 917
3 970
4 7
4 9
4 13
4 19
4 35
4 41
4 116
4 204
4 225
4 255
4 272
4 412
4 459
4 587
4 596
4 609
4 730
4 736
4 876
4 895
5 29
5 34
5 99
5 107
5 202
5 232
5 368
5 449
5 616
5 875
5 27
5 129
5 6
5 7
5 9
5 10
5 11
5 12
5 13
5 17
5 18
5 19
5 20
5 21
5 22
5 23
5 24
5 25
5 31
5 33
5 35
5 38
5 47
5 49
5 50
5 53
5 54
5 55
5 60
5 64
5 67
5 70
5 73
5 77
5 80
5 81
5 84
5 87
5 89
5 90
5 91
5 100
5 103
5 109
5 111
5 113
5 130
5 132
5 140
5 148
6 9
6 16
6 108
6 326
6 352
6 426
6 685
6 999
6 14
7 9
7 15
7 19
7 26
7 35
7 39
7 41
7 52
7 72
7 100
7 132
7 133
7 141
7 165
7 171
7 179
7 243
7 245
7 262
7 299
7 308
7 330
7 399
7 480
7 505
7 514
7 578
7 599
7 618
7 660
7 764
7 780
7 818
7 833
7 852
7 886
7 900
7 973
7 986
7 989
7 996
7 8
7 60
8 17
8 34
8 85
8 150
8 227
8 392
8 712
8 958
8 9
9 16
9 40
9 43
9 103
9 115
9 320
9 495
9 682
9 782
9 824
9 828
9 884
9 129
9 10
9 13
9 27
9 29
9 38
9 45
9 87
9 141
10 14
10 130
10 630
10 18
10 24
10 25
10 40
10 101
10 120
10 131
10 136
11 12
11 18
11 30
11 58
11 61
11 96
11 149
11 504
11 669
11 721
11 927
11 23
11 90
11 92
12 17
12 30
12 33
12 67
12 431
12 465
12 538
12 840
12 871
13 20
13 23
13 33
13 44
13 90
13 101
13 133
13 134
13 283
13 316
13 438
13 474
13 507
13 559
13 624
13 817
13 848
13 892
13 942
13 994
13 43
13 51
13 67
13 82
13 109
14 23
14 28
14 53
14 79
14 343
14 467
14 518
14 687
14 710
14 737
14 770
14 935
14 952
14 31
14 32
14 44
14 102
15 40
15 106
15 358
16 26
16 541
16 891
17 20
17 32
17 55
17 58
17 146
17 210
17 219
17 318
17 323
17 379
17 415
17 417
17 429
17 430
17 447
17 533
17 554
17 565
17 582
17 584
17 589
17 635
17 663
17 670
17 686
17 689
17 690
17 741
17 791
17 823
17 867
17 885
17 894
17 914
17 923
17 988
17 107
17 134
18 25
18 47
18 58
18 61
18 68
18 75
18 88
18 115
18 175
18 224
18 231
18 249
18 271
18 321
18 398
18 408
18 519
18 555
18 625
18 665
18 719
18 723
18 907
18 916
18 30
18 63
19 54
19 466
19 544
19 771
19 37
19 59
19 62
19 94
19 112
19 153
20 61
20 724
20 64
20 79
20 82
20 99
20 123
20 126
21 24
21 34
21 55
21 606
21 32
21 86
21 96
21 116
21 117
21 124
22 290
22 25
22 26
22 162
22 186
23 36
23 37
23 42
23 76
23 83
23 84
23 86
23 92
23 104
23 105
23 122
23 133
23 147
23 151
23 162
23 186
23 196
23 197
23 208
23 257
23 267
23 270
23 282
23 291
23 339
23 363
23 387
23 404
23 407
23 433
23 481
23 551
23 656
23 662
23 667
23 678
23 750
23 789
23 860
23 865
23 873
23 941
23 992
23 993
23 63
24 181
24 354
24 452
24 475
24 536
24 594
24 650
24 857
24 859
24 32
24 45
24 89
24 133
25 103
25 110
25 157
25 233
25 913
25 915
25 26
25 35
25 66
25 85
25 95
25 100
25 112
25 151
26 52
26 82
26 226
26 400
26 937
26 963
26 965
26 978
26 33
26 54
26 55
26 58
26 59
26 71
26 146
26 147
27 48
27 94
27 97
27 103
27 136
27 206
27 267
27 310
27 336
27 385
27 397
27 448
27 532
27 608
27 649
27 746
27 798
27 843
27 898
27 901
27 919
27 137
28 53
28 79
28 83
28 241
28 287
28 455
28 566
28 574
29 127
29 169
29 327
29 509
29 45
30 44
30 112
30 185
30 134
31 312
31 556
31 583
31 92
32 111
32 129
32 420
32 52
32 114
33 830
33 74
33 75
34 220
34 402
34 425
34 515
34 528
34 638
34 642
34 928
35 41
35 76
35 401
35 469
35 80
35 129
36 221
36 248
36 550
37 39
37 47
37 52
37 53
37 77
37 79
37 83
37 104
37 114
37 119
37 124
37 151
37 191
37 200
37 217
37 218
37 228
37 252
37 329
37 334
37 349
37 383
37 388
37 413
37 414
37 562
37 580
37 590
37 604
37 607
37 612
37 631
37 648
37 675
37 697
37 718
37 740
37 742
37 743
37 749
37 757
37 759
37 768
37 772
37 773
37 790
37 793
37 797
37 802
37 837
37 844
37 862
37 881
37 896
37 905
37 971
37 990
37 997
37 76
38 69
38 99
38 107
38 126
38 547
38 617
38 922
38 954
38 40
38 49
38 96
39 595
39 799
40 238
40 306
40 666
40 52
40 59
40 66
40 118
40 131
40 136
40 159
41 148
41 286
41 761
42 144
42 223
42 342
42 347
42 981
43 103
43 172
43 198
44 55
44 56
44 69
44 70
44 91
44 107
44 118
44 185
44 187
44 258
44 289
44 313
44 319
44 325
44 410
44 432
44 437
44 523
44 549
44 553
44 611
44 691
44 713
44 729
44 779
44 794
44 805
44 872
44 874
44 878
44 918
44 943
44 957
44 969
44 983
44 984
44 46
44 50
47 356
47 739
49 114
50 65
50 106
50 159
50 167
50 214
50 305
50 450
50 577
50 693
50 938
50 118
51 256
51 297
51 302
51 427
51 456
51 479
51 494
51 632
51 706
51 758
51 912
51 102
51 112
51 156
52 74
52 167
52 207
52 222
52 344
52 366
52 473
52 679
52 853
52 929
52 165
53 144
53 372
54 172
54 95
54 115
54 148
55 99
55 205
56 81
56 142
56 244
56 371
56 384
56 507
56 640
56 728
56 842
56 864
57 101
58 61
58 88
58 160
58 250
58 260
58 263
58 301
58 311
58 674
58 869
58 924
58 955
58 979
58 998
59 72
60 849
60 66
61 66
61 129
61 166
61 171
61 173
61 261
61 378
61 409
61 411
61 422
61 513
61 641
61 909
61 974
62 82
62 332
62 440
62 651
62 683
62 699
62 925
64 93
64 128
65 72
65 100
65 165
65 207
65 300
65 369
65 562
65 661
66 137
66 443
66 563
66 738
66 956
66 962
67 175
67 380
67 508
67 569
67 572
67 931
67 72
67 123
69 296
69 355
69 436
70 176
70 246
70 381
70 765
70 845
70 899
70 72
70 142
71 251
71 732
72 103
72 119
72 129
72 183
73 109
73 129
73 169
73 744
73 776
74 341
74 658
74 659
74 783
75 89
75 136
75 139
75 183
75 213
75 240
75 288
75 351
75 352
75 434
75 451
75 476
75 510
75 511
75 517
75 537
75 561
75 567
75 592
75 613
75 636
75 654
75 657
75 731
75 733
75 755
75 762
75 784
75 796
75 835
75 836
75 856
75 858
75 866
75 959
75 968
75 995
76 143
76 357
76 746
77 84
77 193
77 287
77 360
77 522
77 539
77 545
77 570
77 646
77 709
77 809
77 851
77 949
77 964
78 834
79 139
79 151
79 293
79 365
79 748
79 939
79 137
79 193
80 117
80 121
80 560
80 619
80 807
80 926
80 140
80 163
81 192
81 527
81 904
82 317
82 516
82 519
82 623
82 855
83 161
83 191
83 714
83 787
84 467
84 576
84 195
85 482
85 543
85 677
85 754
85 800
85 883
85 135
86 118
86 239
86 573
86 861
86 164
86 172
87 102
87 350
87 835
87 161
88 652
89 113
89 114
89 505
89 882
90 139
91 276
92 180
92 370
92 374
92 423
92 439
92 627
92 811
92 889
92 902
92 945
93 196
93 211
93 821
94 281
95 128
95 98
95 117
98 126
98 512
98 671
98 673
98 792
99 131
99 235
99 756
99 879
99 944
99 948
99 953
100 639
100 189
100 201
101 435
101 502
101 120
101 128
101 130
101 144
103 116
103 154
103 179
103 212
103 421
103 464
103 484
103 605
103 645
103 704
103 711
103 722
103 774
103 812
103 950
104 234
104 294
104 353
104 492
104 564
104 610
104 977
105 198
105 253
105 268
105 373
105 506
105 628
105 946
105 951
105 975
106 194
106 279
107 169
107 187
107 333
107 525
107 936
107 991
108 489
108 500
108 850
108 129
109 123
109 184
109 247
109 579
109 720
109 781
109 795
109 920
110 716
111 458
111 933
112 146
112 558
112 840
114 153
114 158
114 181
114 202
114 470
114 524
114 529
114 557
114 614
114 703
114 777
114 877
114 897
114 976
115 163
115 168
115 198
115 216
115 269
115 371
115 391
115 394
115 478
115 816
115 880
115 932
115 972
116 155
116 229
116 338
116 367
116 457
116 647
117 629
117 760
117 973
118 254
118 620
118 141
119 144
119 149
119 259
119 324
119 389
119 468
119 593
120 145
120 192
120 278
120 292
120 301
120 364
120 477
120 499
120 534
120 825
120 154
121 210
122 295
122 696
123 135
123 655
123 947
124 376
124 386
125 189
125 444
125 934
126 653
127 150
127 491
127 542
127 615
127 676
127 961
127 184
128 188
128 393
128 586
128 832
129 298
129 472
129 752
129 870
129 143
129 173
130 295
130 315
130 418
130 726
131 230
131 512
131 181
132 190
133 164
133 621
133 644
133 763
133 803
133 847
133 179
134 767
134 786
135 285
135 488
136 273
136 601
137 801
138 164
138 328
138 700
139 493
139 788
139 841
140 304
140 375
140 416
140 424
140 488
140 497
140 597
140 680
140 701
140 747
140 775
140 810
141 441
141 448
141 664
141 708
141 808
142 169
142 277
142 314
142 340
142 428
142 501
142 585
142 591
142 707
142 735
142 814
142 831
142 848
142 873
142 966
143 967
144 177
144 265
144 361
144 503
144 694
144 745
144 804
144 822
144 893
145 160
145 192
145 600
145 602
146 813
147 242
148 362
148 865
149 280
150 236
150 262
150 437
150 727
150 815
150 908
150 930
150 985
150 987
150 202
151 174
151 407
151 462
151 498
151 637
151 684
151 826
151 868
151 188
152 307
152 309
152 337
152 377
152 382
152 390
152 405
152 454
152 496
152 548
152 634
152 695
152 705
152 751
152 785
152 839
152 854
161 195
169 187
178 200
185 192
196 197
