0 1
0 2
0 3
0 6
0 13
0 15
0 18
0 22
0 29
0 31
0 33
0 36
0 38
0 40
0 44
0 45
0 54
0 59
0 61
0 65
0 67
0 72
0 77
0 83
0 84
0 87
0 89
0 90
0 95
0 97
0 98
0 99
0 104
0 107
0 114
0 116
0 117
0 124
0 127
0 129
0 132
0 139
0 146
0 153
0 160
0 164
0 171
0 182
0 197
0 200
0 202
0 267
0 325
0 344
0 358
0 370
0 381
0 390
0 425
0 568
0 573
0 595
0 616
0 697
0 707
0 787
0 816
0 883
0 891
0 910
0 947
0 952
0 968
0 971
0 987
1 2
1 3
1 4
1 9
1 10
1 13
1 16
1 31
1 36
1 43
1 50
1 57
1 59
1 63
1 66
1 68
1 75
1 78
1 81
1 82
1 89
1 98
1 100
1 101
1 107
1 115
1 116
1 121
1 122
1 127
1 130
1 134
1 140
1 146
1 151
1 161
1 164
1 173
1 182
1 190
1 197
1 217
1 297
1 333
1 429
1 444
1 448
1 513
1 515
1 530
1 550
1 554
1 582
1 587
1 628
1 648
1 706
1 766
1 793
1 818
1 852
1 875
1 919
1 927
1 930
1 940
1 945
1 949
1 963
1 999
2 3
2 13
2 16
2 30
2 33
2 49
2 50
2 58
2 62
2 64
2 65
2 76
2 79
2 86
2 92
2 93
2 96
2 101
2 103
2 109
2 125
2 126
2 136
2 141
2 142
2 146
2 152
2 165
2 171
2 179
2 196
2 198
2 199
2 201
2 213
2 234
2 354
2 362
2 443
2 451
2 552
2 576
2 600
2 618
2 649
2 668
2 734
2 747
2 805
2 830
2 857
2 885
2 979
2 995
3 4
3 5
3 6
3 8
3 10
3 13
3 14
3 17
3 20
3 23
3 32
3 44
3 49
3 52
3 58
3 72
3 82
3 84
3 87
3 93
3 96
3 97
3 98
3 105
3 107
3 114
3 116
3 119
3 131
3 132
3 134
3 139
3 143
3 145
3 146
3 151
3 157
3 158
3 160
3 162
3 163
3 165
3 171
3 173
3 176
3 180
3 185
3 189
3 190
3 192
3 195
3 197
3 198
3 203
3 212
3 243
3 302
3 306
3 338
3 388
3 423
3 493
3 518
3 561
3 562
3 591
3 594
3 598
3 664
3 695
3 704
3 715
3 724
3 737
3 766
3 830
3 867
3 877
3 899
3 900
3 911
3 921
3 955
3 985
4 5
4 7
4 10
4 12
4 14
4 16
4 21
4 22
4 24
4 26
4 28
4 31
4 32
4 37
4 48
4 54
4 56
4 96
4 100
4 111
4 120
4 141
4 158
4 162
4 163
4 166
4 178
4 194
4 206
4 250
4 252
4 295
4 324
4 332
4 334
4 336
4 337
4 367
4 405
4 410
4 412
4 424
4 427
4 432
4 439
4 486
4 497
4 514
4 522
4 548
4 590
4 602
4 607
4 610
4 636
4 642
4 650
4 680
4 711
4 712
4 725
4 764
4 781
4 815
4 822
4 827
4 841
4 848
4 866
4 878
4 888
4 904
4 926
4 943
4 962
4 986
4 992
4 89
4 58
4 6
4 9
5 12
5 21
5 56
5 140
5 168
5 773
5 876
5 89
5 35
6 9
6 29
6 58
6 89
6 8
6 13
6 15
6 19
6 24
6 28
6 30
6 31
6 32
6 67
6 93
6 96
6 107
6 150
7 8
7 11
7 15
7 19
7 20
7 26
7 35
7 36
7 40
7 41
7 51
7 52
7 54
7 55
7 77
7 91
7 92
7 103
7 111
7 117
7 121
7 127
7 129
7 165
7 167
7 177
7 178
7 188
7 192
7 195
7 200
7 216
7 230
7 242
7 246
7 256
7 270
7 287
7 310
7 314
7 315
7 317
7 328
7 361
7 369
7 384
7 438
7 460
7 465
7 471
7 481
7 482
7 496
7 498
7 516
7 570
7 577
7 579
7 592
7 606
7 622
7 625
7 639
7 653
7 666
7 669
7 684
7 694
7 705
7 736
7 740
7 745
7 751
7 779
7 791
7 801
7 813
7 814
7 828
7 829
7 838
7 839
7 860
7 866
7 871
7 879
7 896
7 897
7 935
7 936
7 945
7 953
7 970
7 988
7 991
8 11
8 19
8 101
8 179
8 604
8 10
8 12
8 20
8 62
8 122
9 27
9 29
9 38
9 46
9 126
9 215
9 301
9 364
9 428
9 540
9 657
9 667
9 958
9 89
9 10
9 13
9 72
9 99
9 120
9 147
9 149
10 251
10 305
10 12
10 13
10 14
10 28
10 29
10 33
10 41
10 52
10 58
10 71
10 77
10 78
10 90
10 94
12 21
12 31
12 37
12 44
12 48
12 102
12 379
12 434
12 651
12 690
12 750
12 942
12 981
12 996
12 60
12 103
12 116
12 122
12 125
13 18
13 22
13 43
13 53
13 66
13 70
13 71
13 89
13 118
13 154
13 170
13 174
13 184
13 187
13 203
13 394
13 416
13 454
13 461
13 474
13 502
13 585
13 654
13 674
13 686
13 687
13 799
13 932
13 938
13 21
13 48
13 61
13 82
13 83
13 88
13 97
13 152
14 37
14 173
14 264
14 436
14 136
15 25
15 27
15 49
15 51
15 52
15 57
15 73
15 79
15 85
15 86
15 92
15 95
15 126
15 128
15 133
15 144
15 156
15 157
15 172
15 181
15 183
15 195
15 210
15 222
15 229
15 233
15 245
15 253
15 269
15 286
15 288
15 290
15 298
15 317
15 352
15 365
15 373
15 374
15 389
15 402
15 406
15 422
15 495
15 500
15 507
15 546
15 563
15 605
15 626
15 637
15 646
15 691
15 710
15 739
15 757
15 763
15 786
15 816
15 828
15 836
15 870
15 872
15 882
15 893
15 907
15 931
15 939
15 966
15 982
15 990
15 17
15 18
15 19
15 36
15 48
16 26
16 28
16 35
16 106
16 121
16 431
16 433
16 467
16 629
16 681
16 760
16 906
17 18
17 170
17 946
17 73
18 22
18 34
18 39
18 123
18 259
18 263
18 523
18 689
18 729
18 821
18 954
18 974
18 89
18 170
19 85
20 40
20 45
20 842
21 37
21 105
21 185
21 367
21 468
21 555
21 783
21 36
21 42
21 43
21 123
22 34
22 53
22 56
22 65
22 118
22 187
22 193
22 218
22 241
22 260
22 272
22 279
22 280
22 285
22 319
22 321
22 340
22 368
22 385
22 453
22 478
22 484
22 488
22 492
22 543
22 556
22 559
22 569
22 584
22 589
22 617
22 619
22 644
22 663
22 743
22 748
22 785
22 823
22 831
22 849
22 948
22 957
22 960
22 975
22 981
22 989
22 997
22 89
23 42
23 45
23 181
23 257
23 419
23 426
23 675
23 738
23 840
23 934
23 937
24 77
24 112
24 282
24 110
24 123
25 88
25 586
25 909
26 110
26 207
26 641
26 650
26 672
26 721
26 794
26 901
27 88
27 153
27 347
27 382
27 615
27 753
27 820
27 965
27 58
27 111
27 115
28 629
28 29
28 43
28 50
28 56
28 63
28 66
28 80
28 102
28 107
28 133
28 146
29 57
29 68
29 137
29 196
29 266
29 371
29 377
29 378
29 428
29 534
29 567
29 608
29 645
29 707
29 759
29 765
29 811
29 905
29 925
29 941
29 966
29 49
29 118
30 933
30 58
30 40
30 92
30 102
30 104
30 113
31 47
31 65
31 99
31 244
31 346
31 355
31 435
31 777
31 58
31 61
31 119
32 77
32 265
32 476
32 536
32 601
33 89
33 39
33 57
33 114
33 127
33 157
34 123
34 89
34 44
34 73
36 65
36 75
36 79
37 48
37 312
37 446
37 575
37 754
37 789
37 850
37 58
37 47
38 69
38 83
38 87
38 88
38 104
38 113
38 144
38 183
38 189
38 211
38 276
38 380
38 529
38 534
38 638
38 678
38 692
38 788
38 790
38 912
40 51
40 117
40 320
40 566
40 609
40 808
40 854
40 950
40 151
41 80
41 108
41 383
41 744
41 874
41 951
42 130
43 116
43 118
43 174
43 186
43 517
43 580
43 643
43 998
43 90
43 109
44 303
44 915
44 58
44 70
44 162
45 80
45 149
45 177
45 527
45 696
45 796
45 924
45 89
45 72
46 160
47 59
47 132
47 145
47 155
48 258
48 359
48 508
48 671
48 76
48 110
48 153
49 78
49 281
49 415
50 83
50 214
50 275
50 486
50 538
50 620
50 702
50 758
50 864
50 908
50 914
50 76
51 80
51 685
51 795
51 984
51 89
52 69
52 117
52 128
53 71
53 187
53 437
53 469
53 565
53 612
53 613
53 670
53 720
53 826
53 845
53 902
53 929
53 967
53 89
53 97
53 146
54 108
54 316
54 403
54 472
54 755
55 125
55 149
55 240
55 343
55 511
55 512
55 528
55 621
55 58
56 60
56 102
56 145
56 168
56 191
56 199
56 332
56 349
56 372
56 386
56 440
56 459
56 545
56 673
56 730
56 767
56 89
56 61
57 156
57 289
57 323
57 521
57 74
58 167
58 450
58 76
58 83
58 106
58 110
59 81
59 149
59 277
59 503
59 682
59 719
59 837
59 884
59 891
59 907
59 964
59 972
60 70
60 138
60 182
60 220
60 271
60 283
60 411
60 531
60 535
60 679
60 774
60 798
60 817
60 832
60 858
60 863
60 917
60 918
61 722
61 803
61 99
61 138
62 944
63 66
63 187
65 84
65 633
65 961
65 89
66 73
66 92
68 73
68 90
68 804
68 890
70 453
70 456
70 491
70 580
70 630
71 89
71 148
72 74
72 157
72 708
72 855
72 898
72 137
73 138
73 208
73 597
73 599
73 846
73 74
73 89
73 150
74 111
75 144
77 94
77 150
77 302
77 404
77 655
78 664
78 89
79 135
79 145
79 159
79 161
79 189
79 273
79 322
79 441
79 477
79 494
79 581
79 583
79 634
79 640
79 776
79 800
79 849
79 983
79 89
79 84
79 101
80 130
80 136
80 169
80 296
80 603
80 635
80 726
81 101
81 221
81 350
81 509
81 557
81 889
82 219
82 308
82 330
82 658
82 662
82 700
82 731
82 842
83 797
83 916
83 104
83 152
84 969
85 136
85 247
85 398
85 762
86 727
86 769
86 920
86 971
86 89
87 142
88 357
88 402
88 539
88 749
88 806
89 112
89 121
89 537
89 741
89 90
89 102
89 105
89 130
89 144
90 159
90 392
90 659
91 886
92 238
92 300
92 495
92 499
92 506
92 519
92 588
92 624
92 701
92 703
92 746
92 775
92 865
93 249
93 262
93 304
93 393
93 140
95 122
95 309
95 449
95 631
95 742
96 172
97 175
98 176
98 161
99 168
100 102
100 124
100 154
100 175
100 193
100 225
100 254
100 261
100 278
100 299
100 313
100 351
100 387
100 455
100 464
100 533
100 544
100 558
100 571
100 656
100 677
100 717
100 733
100 756
100 768
100 770
100 771
100 792
100 802
100 824
100 825
100 938
100 977
100 978
100 992
101 169
101 327
101 676
101 200
102 255
102 274
102 784
102 812
102 847
103 157
103 205
103 457
103 693
104 409
104 466
104 691
105 114
105 138
105 180
105 226
105 397
105 410
105 420
105 447
105 485
105 810
106 560
106 868
106 892
106 922
106 177
107 284
107 307
107 396
107 553
107 714
107 716
107 732
107 844
107 913
107 973
107 980
108 110
108 148
108 204
108 366
108 417
108 709
108 772
108 835
108 861
108 956
108 994
110 165
110 524
110 895
111 318
111 376
111 452
112 135
112 311
112 331
112 342
112 356
112 375
112 462
112 532
112 632
112 167
113 131
113 237
113 309
113 510
113 611
113 869
114 155
114 652
114 761
115 126
115 136
116 201
116 227
116 461
116 487
116 525
116 526
116 660
116 833
116 843
116 976
116 129
117 177
117 360
117 391
117 139
118 143
118 175
118 353
118 399
118 401
118 414
118 445
118 520
118 834
119 292
119 166
120 862
120 887
121 223
121 239
121 268
121 341
121 470
121 728
121 782
122 147
122 483
122 614
123 959
125 363
126 418
126 851
126 905
126 916
127 129
127 235
127 853
127 172
129 442
129 519
129 572
129 578
129 661
129 665
129 713
129 778
130 662
131 276
131 326
131 683
132 294
132 903
134 408
134 430
134 463
134 549
135 231
135 698
135 780
135 196
136 293
136 421
136 179
137 395
137 473
137 699
137 859
138 593
138 627
138 752
138 807
138 809
138 928
138 185
139 291
139 480
139 923
139 202
140 248
140 501
140 596
141 180
141 194
141 329
141 335
141 348
141 564
141 574
141 647
141 873
141 880
141 894
142 224
142 541
142 993
142 189
143 186
145 168
145 339
145 345
145 400
145 458
145 479
145 542
145 735
146 228
146 236
146 474
146 475
146 504
146 505
146 547
146 623
146 723
146 881
147 156
148 195
149 413
150 209
150 819
150 192
151 174
151 232
151 407
151 469
151 489
151 490
151 718
151 856
152 551
152 688
152 752
152 190
153 159
155 158
163 165
174 175
181 190
