0 1
0 2
0 3
0 5
0 11
0 15
0 19
0 22
0 24
0 28
0 32
0 53
0 57
0 64
0 70
0 71
0 80
0 85
0 93
0 97
0 99
0 115
0 142
0 154
0 161
0 165
0 187
0 188
0 197
0 258
0 306
0 310
0 320
0 349
0 406
0 420
0 468
0 488
0 512
0 550
0 571
0 602
0 643
0 689
0 693
0 815
0 835
0 840
0 893
0 906
0 911
0 926
0 995
1 2
1 3
1 4
1 5
1 8
1 18
1 21
1 29
1 37
1 39
1 43
1 72
1 75
1 95
1 101
1 123
1 131
1 138
1 141
1 142
1 144
1 148
1 154
1 164
1 166
1 172
1 176
1 178
1 185
1 191
1 207
1 238
1 247
1 296
1 345
1 351
1 373
1 435
1 467
1 484
1 496
1 523
1 544
1 549
1 623
1 632
1 732
1 758
1 764
1 799
1 824
1 849
1 856
1 897
1 909
1 943
1 961
1 972
2 3
2 4
2 9
2 13
2 16
2 17
2 33
2 35
2 38
2 47
2 49
2 57
2 59
2 63
2 64
2 68
2 83
2 88
2 94
2 98
2 104
2 106
2 113
2 114
2 117
2 132
2 133
2 135
2 141
2 142
2 158
2 162
2 167
2 169
2 171
2 176
2 181
2 186
2 192
2 194
2 200
2 209
2 224
2 229
2 236
2 309
2 327
2 347
2 355
2 387
2 405
2 425
2 508
2 532
2 570
2 612
2 651
2 748
2 767
2 788
2 790
2 795
2 819
2 837
2 937
2 971
3 4
3 5
3 6
3 7
3 8
3 9
3 10
3 11
3 12
3 15
3 16
3 18
3 20
3 23
3 24
3 26
3 30
3 31
3 37
3 38
3 42
3 43
3 47
3 50
3 51
3 55
3 57
3 60
3 68
3 70
3 71
3 76
3 80
3 83
3 91
3 93
3 94
3 95
3 98
3 100
3 102
3 103
3 107
3 108
3 109
3 111
3 115
3 121
3 123
3 124
3 127
3 129
3 132
3 140
3 150
3 151
3 156
3 158
3 159
3 161
3 162
3 163
3 164
3 165
3 171
3 173
3 178
3 180
3 184
3 186
3 190
3 192
3 193
3 195
3 197
3 199
3 200
3 202
3 210
3 213
3 220
3 241
3 244
3 265
3 295
3 316
3 325
3 392
3 443
3 456
3 471
3 479
3 503
3 520
3 526
3 543
3 547
3 552
3 562
3 572
3 585
3 625
3 640
3 647
3 654
3 673
3 687
3 690
3 697
3 705
3 719
3 744
3 801
3 806
3 851
3 916
3 936
3 942
3 947
3 949
3 988
4 6
4 8
4 14
4 35
4 41
4 44
4 55
4 61
4 66
4 73
4 80
4 81
4 85
4 110
4 139
4 144
4 175
4 182
4 183
4 194
4 200
4 203
4 243
4 254
4 272
4 298
4 304
4 313
4 321
4 356
4 382
4 440
4 444
4 470
4 497
4 499
4 501
4 509
4 536
4 539
4 578
4 657
4 666
4 694
4 702
4 712
4 743
4 765
4 772
4 826
4 839
4 871
4 880
4 884
4 957
4 969
4 985
4 989
4 32
4 5
4 11
4 12
4 17
4 42
4 92
4 116
5 7
5 10
5 12
5 17
5 83
5 92
5 96
5 100
5 105
5 166
5 178
5 204
5 234
5 269
5 317
5 411
5 415
5 534
5 803
5 886
5 9
5 14
5 16
5 22
5 25
5 26
5 28
5 30
5 33
5 35
5 41
5 52
5 54
5 69
5 70
5 72
5 73
5 76
5 77
5 82
5 84
5 103
5 107
5 113
5 117
5 124
5 132
5 133
6 9
6 21
6 26
6 34
6 40
6 78
6 84
6 86
6 106
6 111
6 140
6 179
6 182
6 214
6 216
6 228
6 246
6 250
6 259
6 260
6 261
6 265
6 268
6 346
6 375
6 428
6 432
6 458
6 474
6 515
6 530
6 591
6 598
6 605
6 663
6 692
6 713
6 736
6 754
6 780
6 890
6 895
6 941
6 949
6 956
6 999
6 32
6 23
6 43
6 83
7 10
7 12
7 32
7 83
7 98
7 170
7 401
7 775
8 19
8 70
8 87
8 180
8 205
8 248
8 335
8 413
8 524
8 813
8 980
9 21
9 40
9 62
9 69
9 84
9 185
9 263
9 281
9 315
9 383
9 827
9 869
9 32
9 12
9 24
9 38
9 89
9 100
9 115
10 12
10 13
10 354
10 540
10 905
11 15
11 53
11 54
11 60
11 273
11 506
11 522
11 842
11 968
12 24
12 75
12 88
12 100
12 105
12 125
12 129
12 149
12 361
12 380
12 575
12 587
12 614
12 627
12 710
12 723
12 785
12 891
12 955
12 13
12 14
12 18
12 38
12 93
12 120
13 307
13 469
13 529
13 32
13 18
13 19
13 28
13 39
13 58
13 59
13 99
13 104
13 131
13 144
13 148
13 149
14 16
14 87
14 139
14 172
14 604
14 774
14 921
14 29
14 91
14 104
14 107
14 108
15 27
15 36
15 53
15 54
15 58
15 71
15 89
15 168
15 291
15 305
15 485
15 579
15 777
15 828
16 18
16 19
16 23
16 159
16 242
16 252
16 353
16 389
16 390
16 414
16 480
16 493
16 595
16 608
16 672
16 694
16 797
16 924
17 75
17 92
17 134
17 739
17 32
17 55
17 63
17 137
18 23
18 43
18 61
18 153
18 173
18 196
18 197
18 198
18 303
18 334
18 372
18 395
18 396
18 440
18 461
18 470
18 495
18 521
18 548
18 601
18 617
18 619
18 645
18 674
18 681
18 701
18 709
18 718
18 757
18 839
18 847
18 917
18 939
18 976
18 984
19 25
19 78
19 95
19 112
19 158
19 167
19 173
19 174
19 190
19 194
19 230
19 257
19 324
19 326
19 331
19 381
19 419
19 437
19 442
19 462
19 464
19 466
19 492
19 545
19 567
19 609
19 616
19 652
19 682
19 703
19 714
19 716
19 733
19 737
19 738
19 742
19 747
19 798
19 804
19 818
19 875
19 899
19 903
19 914
19 925
19 928
19 46
20 770
20 32
21 33
21 34
21 40
21 46
21 48
21 62
21 65
21 77
21 86
21 106
21 118
21 145
21 147
21 157
21 202
21 330
21 363
21 378
21 394
21 418
21 454
21 513
21 518
21 628
21 667
21 686
21 696
21 708
21 721
21 829
21 953
21 960
21 963
22 267
22 32
22 30
23 163
23 206
23 210
23 287
23 611
23 644
23 952
24 56
24 184
24 278
24 421
24 439
24 445
24 664
24 729
24 973
24 29
24 89
24 135
25 203
25 152
26 52
26 174
26 928
26 32
26 36
26 60
26 61
26 129
26 143
26 150
26 198
27 135
27 211
27 429
27 452
27 494
27 618
27 809
27 958
27 977
27 982
27 32
28 32
28 34
28 48
28 61
28 75
28 78
28 80
28 87
28 112
28 115
28 133
29 558
29 56
29 155
30 655
30 888
30 981
30 54
30 70
30 86
30 96
30 118
30 150
31 41
31 52
31 55
31 276
31 293
32 56
32 707
32 41
32 48
32 50
32 59
32 62
32 63
32 72
32 85
32 99
32 101
32 102
32 140
32 142
32 153
33 62
33 74
33 103
33 151
33 275
33 285
33 300
33 332
33 935
34 46
34 483
35 39
35 50
35 82
35 126
35 138
35 155
35 160
35 286
35 589
35 630
35 659
35 680
35 751
35 816
35 825
35 881
35 950
35 974
35 998
36 126
37 77
37 101
37 505
37 584
37 671
37 727
37 732
37 970
38 136
38 699
38 967
38 39
38 42
38 68
38 134
38 138
38 143
39 108
39 288
39 386
39 563
39 581
39 715
39 71
39 91
39 99
39 122
39 144
40 69
40 106
40 127
40 145
40 215
40 232
40 337
40 367
40 399
40 410
40 465
40 537
40 745
40 814
40 946
40 978
41 53
41 117
41 125
42 44
42 48
42 91
42 789
42 872
42 966
42 975
42 983
42 987
42 72
42 95
43 66
43 99
43 175
43 297
43 457
43 641
44 45
44 151
44 282
44 315
44 350
44 510
44 541
44 556
44 620
44 670
44 679
44 681
44 820
44 855
44 933
44 179
46 202
47 279
47 817
48 86
48 147
48 836
50 89
50 126
50 759
51 64
51 86
51 514
51 631
51 769
51 808
51 811
51 841
51 864
51 920
52 67
52 146
52 183
52 225
52 622
52 633
52 678
52 791
52 931
53 58
53 79
53 90
53 102
53 193
53 299
53 302
53 347
53 560
53 734
53 771
53 824
53 877
53 879
53 996
54 58
54 160
54 231
54 352
54 642
55 59
55 78
55 85
55 96
55 113
55 138
55 233
55 329
55 430
55 482
55 794
55 866
55 883
56 104
56 192
56 195
57 90
57 271
57 371
57 463
57 688
57 927
58 90
58 104
58 109
58 116
58 308
58 314
58 517
58 519
58 532
58 661
58 830
58 833
58 845
58 901
59 78
59 292
59 621
59 62
59 94
59 130
59 139
60 691
61 221
61 687
62 959
63 119
63 860
63 136
64 176
64 460
64 516
65 202
65 255
65 455
65 478
65 489
65 648
65 783
65 932
66 81
66 245
66 364
66 487
66 586
66 634
66 668
67 441
67 597
67 692
67 750
67 838
67 182
68 177
68 376
68 568
68 861
68 79
68 112
68 121
69 119
70 120
70 141
70 201
70 343
70 403
70 422
70 449
70 542
70 773
70 782
70 805
70 834
70 863
70 938
70 951
70 992
70 995
70 136
70 184
71 511
71 577
71 898
71 123
72 103
73 923
74 91
74 417
74 696
74 706
74 753
74 857
75 92
75 226
75 377
75 447
75 553
75 660
75 746
76 554
77 127
77 137
77 460
77 876
77 105
78 80
78 128
78 223
78 264
78 280
78 319
78 328
78 620
78 636
78 731
79 142
79 551
79 188
80 123
80 131
80 219
80 385
80 397
80 408
80 685
81 368
81 613
82 152
83 97
83 120
83 475
83 555
83 676
83 735
83 760
83 766
83 796
83 852
83 965
83 997
83 201
84 365
85 124
85 130
85 152
85 155
85 217
85 222
85 244
85 490
85 722
85 761
85 854
85 100
86 91
86 102
86 137
86 179
86 251
86 312
86 333
86 357
86 366
86 369
86 427
86 434
86 438
86 481
86 500
86 559
86 588
86 615
86 637
86 658
86 725
86 821
86 853
86 858
86 930
86 945
86 960
87 324
87 423
88 266
88 391
89 426
89 110
89 136
89 193
90 107
90 116
91 103
91 151
91 374
91 473
91 896
91 95
91 106
91 109
92 141
92 398
92 603
92 700
92 934
93 171
93 235
93 416
93 669
94 412
94 531
94 593
94 862
94 885
94 152
95 105
95 117
95 125
95 342
95 573
95 599
95 638
95 698
95 807
95 831
95 859
95 887
95 913
95 979
96 148
96 108
96 149
97 340
97 360
97 380
97 922
98 119
98 125
98 388
98 450
98 491
98 843
98 900
99 396
99 726
99 730
99 741
99 778
99 847
99 159
100 993
101 111
101 145
101 161
101 256
101 277
101 348
101 486
101 565
101 667
101 679
102 126
102 476
102 724
103 122
103 177
103 341
103 882
103 907
104 108
104 168
104 446
104 557
104 607
104 704
104 129
105 684
105 122
106 468
106 823
107 109
107 143
107 527
108 115
108 165
108 289
108 586
108 600
108 752
108 874
108 902
108 132
109 135
109 178
109 201
109 270
109 384
109 472
109 498
109 504
109 653
109 656
109 728
109 776
109 793
109 868
109 870
109 889
109 892
109 948
110 165
111 394
111 594
111 606
112 152
112 227
112 649
112 685
112 146
113 719
115 274
115 538
115 583
115 592
115 626
115 954
115 986
115 991
116 218
116 338
116 695
116 744
116 756
117 237
117 566
117 763
117 846
118 179
118 370
118 502
118 574
118 865
118 944
118 125
118 141
118 157
120 149
120 409
120 561
120 720
120 832
121 187
123 433
123 781
123 908
124 490
125 311
125 358
125 535
125 822
125 844
125 147
126 132
126 642
126 138
127 402
127 431
129 130
129 212
129 270
129 576
129 596
129 659
129 717
129 724
129 740
129 800
129 810
129 878
129 910
129 162
130 393
130 525
130 610
130 675
130 812
130 850
131 258
131 471
131 590
131 677
135 284
135 336
135 359
135 451
135 459
135 507
135 582
135 786
135 792
135 894
135 904
135 915
135 962
135 964
135 990
136 153
136 196
137 580
137 705
138 169
138 196
138 301
138 650
138 665
138 867
138 873
139 172
140 146
140 379
140 919
141 318
141 639
141 768
141 940
141 147
142 147
142 168
142 189
142 208
142 249
142 253
142 262
142 294
142 322
142 323
142 339
142 344
142 533
142 546
142 569
142 711
142 755
142 762
142 784
142 787
142 802
142 848
142 912
142 929
142 950
142 972
142 977
142 994
145 404
146 171
146 283
146 362
146 400
146 407
146 436
146 448
146 453
146 635
146 662
146 683
146 779
147 646
149 477
149 749
151 157
151 239
151 240
151 290
151 341
151 424
151 564
151 629
151 857
151 918
152 624
153 528
154 183
155 167
157 179
162 201
167 169
