0 1
0 2
0 3
0 4
0 5
0 8
0 11
0 13
0 16
0 18
0 40
0 57
0 63
0 66
0 67
0 72
0 78
0 79
0 97
0 98
0 105
0 118
0 121
0 123
0 131
0 139
0 165
0 167
0 168
0 169
0 170
0 175
0 183
0 188
0 193
0 198
0 238
0 240
0 254
0 275
0 287
0 398
0 480
0 509
0 510
0 517
0 622
0 700
0 726
0 796
0 844
0 882
0 951
0 964
0 972
0 975
1 2
1 3
1 4
1 5
1 6
1 12
1 13
1 14
1 16
1 35
1 47
1 51
1 61
1 70
1 74
1 80
1 85
1 106
1 108
1 112
1 114
1 120
1 121
1 122
1 126
1 128
1 141
1 154
1 160
1 181
1 188
1 192
1 201
1 202
1 301
1 314
1 375
1 442
1 534
1 583
1 612
1 684
1 770
1 776
1 816
1 850
1 872
1 950
1 951
1 982
2 3
2 4
2 5
2 6
2 10
2 15
2 18
2 19
2 26
2 32
2 34
2 45
2 50
2 58
2 59
2 83
2 90
2 96
2 100
2 108
2 111
2 116
2 117
2 122
2 126
2 128
2 132
2 134
2 139
2 142
2 143
2 146
2 153
2 156
2 157
2 158
2 163
2 181
2 184
2 186
2 190
2 193
2 194
2 198
2 223
2 264
2 271
2 292
2 346
2 425
2 428
2 490
2 493
2 504
2 524
2 575
2 645
2 652
2 657
2 688
2 705
2 736
2 802
2 854
2 860
2 893
2 901
2 905
2 935
2 940
3 4
3 7
3 9
3 13
3 30
3 32
3 33
3 44
3 57
3 59
3 63
3 65
3 70
3 74
3 78
3 82
3 85
3 87
3 88
3 89
3 98
3 104
3 107
3 109
3 115
3 117
3 123
3 125
3 126
3 127
3 130
3 133
3 135
3 136
3 158
3 162
3 168
3 171
3 174
3 176
3 178
3 184
3 187
3 188
3 193
3 203
3 229
3 242
3 288
3 385
3 403
3 454
3 478
3 487
3 533
3 546
3 566
3 577
3 594
3 595
3 607
3 620
3 621
3 632
3 636
3 642
3 647
3 685
3 694
3 745
3 985
3 987
3 990
4 5
4 7
4 12
4 23
4 25
4 26
4 30
4 32
4 65
4 75
4 76
4 92
4 95
4 113
4 140
4 154
4 161
4 168
4 173
4 191
4 192
4 247
4 279
4 334
4 373
4 380
4 404
4 413
4 414
4 418
4 439
4 593
4 754
4 767
4 783
4 831
4 867
4 914
4 965
5 7
5 20
5 48
5 52
5 53
5 56
5 68
5 78
5 84
5 89
5 100
5 104
5 113
5 202
5 256
5 329
5 443
5 448
5 503
5 519
5 553
5 675
5 718
5 788
5 894
5 959
5 967
5 28
5 29
5 8
5 41
5 87
6 8
6 9
6 17
6 41
6 102
6 140
6 430
6 805
6 28
6 29
6 7
6 11
6 13
6 22
6 25
6 27
6 36
6 59
6 76
6 82
6 90
6 103
6 106
6 112
6 118
6 143
7 10
7 11
7 36
7 37
7 38
7 39
7 48
7 52
7 53
7 66
7 79
7 89
7 107
7 115
7 124
7 144
7 175
7 176
7 199
7 212
7 222
7 245
7 283
7 300
7 342
7 384
7 388
7 396
7 413
7 432
7 466
7 526
7 554
7 571
7 580
7 606
7 613
7 619
7 634
7 639
7 667
7 683
7 686
7 702
7 759
7 762
7 769
7 775
7 790
7 822
7 855
7 875
7 887
7 912
7 916
7 919
7 934
7 941
7 949
7 952
7 953
7 956
7 966
7 981
7 989
7 29
7 9
7 14
7 15
7 16
7 24
7 26
7 30
7 34
7 55
7 58
7 60
7 75
7 98
7 118
7 151
8 9
8 31
8 35
8 46
8 98
8 210
8 262
8 282
8 316
8 354
8 406
8 407
8 513
8 558
8 559
8 591
8 853
8 856
8 858
8 946
8 29
9 15
9 17
9 31
9 35
9 40
9 41
9 43
9 44
9 46
9 54
9 55
9 86
9 94
9 97
9 129
9 133
9 183
9 233
9 250
9 258
9 260
9 268
9 272
9 274
9 302
9 323
9 333
9 347
9 353
9 367
9 378
9 411
9 433
9 451
9 458
9 474
9 485
9 525
9 540
9 555
9 576
9 602
9 603
9 610
9 649
9 659
9 724
9 740
9 756
9 758
9 760
9 768
9 777
9 779
9 813
9 819
9 825
9 840
9 842
9 846
9 868
9 890
9 895
9 913
9 924
9 946
9 961
9 963
9 999
9 29
9 33
9 116
10 11
10 36
10 37
10 50
10 59
10 91
10 291
10 336
10 345
10 422
10 431
10 28
10 17
10 26
10 68
10 86
11 62
11 70
11 17
11 31
11 48
11 49
11 101
11 110
11 111
12 73
12 145
12 146
12 224
12 315
12 502
12 592
12 28
12 19
12 61
12 70
12 116
12 126
12 184
13 14
13 16
13 103
13 119
13 122
13 196
13 322
13 435
13 500
13 794
13 976
13 988
13 20
13 43
13 69
14 16
14 225
14 241
14 321
14 350
14 824
14 38
14 56
14 92
14 138
15 19
15 30
15 60
15 61
15 71
15 73
15 74
15 77
15 86
15 92
15 113
15 148
15 206
15 215
15 251
15 399
15 520
15 537
15 567
15 723
15 962
15 107
15 116
16 21
16 22
16 24
16 132
16 236
16 297
16 359
16 374
16 415
16 626
16 787
16 885
16 939
16 29
16 23
16 39
16 43
16 52
16 57
16 74
16 78
17 341
17 36
17 45
17 59
17 63
17 66
17 96
17 114
17 115
17 120
18 25
18 28
18 29
18 33
18 37
18 42
18 62
18 66
18 80
18 81
18 93
18 97
18 106
18 108
18 114
18 128
18 132
18 150
18 151
18 152
18 159
18 163
18 166
18 169
18 190
18 199
18 200
18 204
18 208
18 216
18 217
18 219
18 226
18 237
18 267
18 269
18 289
18 304
18 311
18 343
18 364
18 365
18 371
18 387
18 417
18 423
18 436
18 444
18 468
18 469
18 472
18 482
18 486
18 488
18 489
18 500
18 508
18 523
18 527
18 530
18 532
18 535
18 536
18 550
18 562
18 585
18 609
18 615
18 627
18 628
18 643
18 679
18 695
18 697
18 699
18 701
18 715
18 729
18 741
18 747
18 780
18 786
18 792
18 793
18 797
18 806
18 814
18 820
18 827
18 829
18 841
18 874
18 879
18 909
18 911
18 922
18 931
18 936
18 957
18 979
19 61
19 77
19 99
19 446
19 597
19 897
19 28
19 47
19 52
19 79
20 124
20 141
20 155
20 338
20 656
20 743
20 28
20 58
20 73
20 147
20 153
20 154
21 24
21 27
21 34
21 112
21 290
21 358
21 383
21 424
21 456
21 465
21 614
21 991
21 28
21 145
22 49
22 122
22 349
22 416
22 529
22 651
22 708
22 836
22 881
22 29
22 51
22 108
22 123
23 29
23 31
23 134
23 160
23 194
23 366
23 437
23 497
23 573
23 654
23 662
23 716
23 733
23 744
23 845
23 971
23 986
23 171
24 45
24 49
24 177
24 227
24 257
24 330
24 673
24 932
24 944
24 29
24 50
24 125
25 28
25 50
25 64
25 149
25 521
25 834
25 859
25 923
25 958
26 145
26 286
28 42
28 64
28 246
28 339
28 397
28 532
28 568
28 655
28 925
28 969
28 34
28 41
28 63
28 65
28 70
28 90
28 94
28 97
28 103
28 104
28 105
28 134
28 152
29 67
29 114
29 39
29 42
29 48
29 63
29 64
29 69
29 71
29 87
29 101
29 124
29 128
29 143
29 158
29 172
30 56
30 60
30 73
30 75
30 77
30 88
30 94
30 105
30 137
30 140
30 506
30 556
30 660
30 661
30 731
30 866
30 49
30 86
30 92
31 41
31 102
31 133
31 205
31 473
31 484
31 538
31 600
31 682
31 713
31 742
31 857
31 135
32 46
32 47
32 261
32 265
32 438
32 477
32 570
32 778
32 929
32 968
32 977
33 96
33 158
33 181
33 405
33 434
33 440
33 629
33 748
33 955
33 49
33 114
33 117
34 125
34 328
34 763
34 76
34 79
35 69
36 298
36 773
36 37
36 52
36 122
36 139
37 734
37 93
37 120
37 144
37 181
38 209
38 475
39 84
39 101
39 189
39 340
39 712
39 921
39 938
39 53
39 55
39 94
39 111
40 160
40 408
40 669
40 980
40 983
41 69
41 85
41 127
42 561
42 910
43 47
43 101
43 110
43 144
43 197
43 232
43 234
43 266
43 277
43 306
43 327
43 382
43 516
43 518
43 560
43 564
43 590
43 617
43 646
43 670
43 692
43 710
43 721
43 785
43 811
43 815
43 830
43 847
43 862
43 864
43 865
43 886
43 933
43 937
43 942
43 949
43 960
43 978
43 80
43 168
44 86
44 131
44 138
44 459
44 545
44 666
45 93
45 843
45 57
46 71
46 72
46 201
46 235
46 409
46 511
46 653
46 665
46 892
46 906
46 996
48 507
48 835
49 151
49 420
49 495
49 757
49 93
49 157
50 64
50 142
50 162
50 284
50 992
50 997
51 192
52 276
52 608
54 55
54 129
54 164
54 170
54 191
54 463
54 544
54 674
54 678
54 709
54 753
54 755
54 832
54 876
54 902
54 920
55 60
55 137
55 138
55 180
55 231
55 441
55 445
55 522
55 531
55 589
55 664
55 719
55 789
55 818
55 849
55 947
55 984
56 73
56 155
56 412
56 528
56 889
57 197
57 400
57 730
57 983
57 119
57 194
58 332
58 64
58 65
58 143
59 70
59 182
59 218
59 640
59 752
59 900
60 281
60 362
60 392
60 426
60 470
60 479
60 681
60 714
60 810
60 869
60 877
60 899
60 974
61 147
61 270
61 293
61 320
61 450
61 569
61 588
61 624
61 943
61 142
62 134
62 167
62 405
62 625
62 671
63 78
63 89
63 455
63 926
63 137
64 79
64 91
64 121
64 172
64 185
64 253
64 361
64 394
64 706
64 908
65 85
65 381
65 552
65 565
65 735
65 764
65 78
66 995
68 195
68 582
68 156
69 861
69 83
70 96
70 127
70 908
70 165
71 173
71 280
71 563
71 687
71 765
72 447
72 808
72 915
73 244
73 263
73 312
73 314
73 501
73 738
73 750
73 848
74 94
74 105
74 386
74 616
74 761
74 800
74 898
75 101
75 213
75 285
75 335
75 379
75 572
75 930
75 164
76 100
76 132
76 133
77 221
77 376
78 144
78 623
78 650
78 690
78 888
78 891
78 95
78 105
78 124
79 89
79 97
80 542
80 177
81 467
82 812
85 307
85 514
85 711
85 91
86 452
86 198
87 360
87 494
87 795
87 96
87 106
88 299
89 95
89 115
89 147
89 189
89 303
89 352
89 429
89 457
89 481
89 512
89 635
89 639
89 883
90 194
90 717
90 197
91 130
91 142
91 377
91 547
91 638
91 182
92 584
92 132
92 151
93 103
93 294
93 704
94 357
94 115
94 152
95 110
95 176
95 310
95 380
95 461
95 732
95 739
96 108
96 515
96 611
97 129
97 220
97 578
97 698
97 766
98 201
98 471
98 491
98 993
99 180
100 144
100 551
100 771
100 961
100 191
101 496
101 499
101 668
102 803
103 390
103 873
103 970
103 188
104 505
104 579
104 633
104 722
104 851
104 954
105 147
105 152
106 116
106 136
106 453
106 460
106 581
106 746
106 945
106 994
107 309
107 492
107 725
108 149
108 172
108 193
108 243
108 296
108 337
108 355
108 618
108 640
108 663
108 680
108 693
108 850
108 871
108 992
108 998
108 179
109 833
110 230
110 696
110 791
111 140
111 201
111 363
111 395
111 498
113 207
113 248
113 255
113 391
113 419
113 510
113 641
113 648
113 703
113 719
113 801
113 948
114 159
114 774
115 124
115 156
115 259
115 368
115 401
115 580
115 631
115 781
116 318
116 416
116 424
116 456
116 154
117 749
117 784
118 177
118 249
118 325
118 586
118 596
118 798
118 936
118 150
119 120
119 884
120 130
121 421
121 543
121 837
121 927
122 135
122 150
122 163
122 166
122 179
122 211
122 214
122 239
122 308
122 403
122 549
122 878
122 903
122 918
123 604
123 782
124 228
124 348
124 826
124 128
125 132
125 179
125 196
125 462
125 689
125 852
126 464
128 165
128 331
128 587
129 605
130 199
132 157
132 273
132 393
132 658
132 676
132 751
134 190
134 370
134 630
134 879
135 369
135 449
135 644
135 799
135 151
136 196
136 410
136 427
136 907
136 917
136 928
137 140
139 541
139 720
139 828
140 170
140 171
140 313
140 324
140 351
140 389
140 574
140 599
140 672
140 707
141 175
141 278
141 295
141 305
141 372
141 809
144 147
144 319
144 476
144 499
144 807
144 817
144 823
144 839
145 598
146 326
146 557
147 344
147 481
147 483
147 637
147 677
147 838
147 863
147 896
147 973
148 252
148 821
150 152
150 402
150 728
150 737
150 804
150 904
151 317
151 356
151 393
151 772
151 880
152 539
152 548
152 601
152 691
152 727
152 870
153 159
154 186
158 162
181 185
201 203
