0 11
0 19
0 39
0 43
1 69
1 79
1 88
1 94
2 32
2 33
2 41
2 60
2 80
2 81
2 97
3 18
3 21
3 42
3 53
3 77
3 83
3 85
3 91
4 13
4 46
4 81
4 92
5 25
5 30
5 31
5 44
5 45
5 57
5 96
6 10
6 16
6 51
7 34
7 42
8 14
8 40
8 47
8 65
9 38
9 40
9 43
9 65
9 73
10 16
10 51
11 19
11 31
11 44
11 45
11 96
12 17
12 37
12 70
12 79
13 46
13 92
14 40
14 47
14 65
15 27
16 22
16 51
17 37
17 70
17 84
17 99
18 25
18 53
18 85
18 91
18 95
18 98
19 44
19 96
20 56
20 66
21 53
21 63
21 74
21 77
21 83
22 61
22 87
22 89
23 28
23 68
23 78
24 87
25 30
25 53
25 77
25 91
25 98
26 52
26 64
26 67
26 86
28 56
29 30
29 49
29 59
29 90
30 44
30 57
30 96
31 44
31 45
31 57
31 96
32 33
32 41
32 49
32 60
32 81
32 95
32 98
33 34
33 41
33 49
33 60
33 91
33 95
33 98
34 41
34 60
34 95
35 52
35 64
35 67
36 59
36 90
37 70
37 79
37 84
38 43
38 65
38 73
39 40
39 43
39 47
40 43
40 47
40 65
41 49
41 60
41 80
41 95
42 53
42 85
42 91
43 65
43 73
44 45
44 57
44 96
45 57
45 96
46 92
48 54
49 60
49 81
49 95
49 98
50 73
51 55
51 68
52 64
52 67
52 86
52 93
53 77
53 83
53 85
53 91
55 68
55 76
56 76
57 96
58 99
59 81
59 90
60 80
60 81
60 95
61 89
63 74
64 67
64 86
67 86
68 78
69 79
69 88
69 94
70 84
72 82
74 83
77 83
77 85
80 97
82 88
82 97
84 99
85 91
85 95
85 98
86 93
87 89
88 94
91 95
91 98
95 98
