0 50
0 72
1 41
1 63
2 14
2 34
2 43
2 49
2 52
2 55
3 22
3 74
4 62
4 75
5 11
5 23
5 29
5 48
5 80
5 88
7 33
8 60
8 79
8 86
8 87
9 45
9 90
10 64
11 23
12 16
12 66
12 69
12 99
13 28
13 56
13 84
14 27
14 32
14 52
14 69
14 82
15 67
16 30
16 44
16 66
16 69
16 99
17 65
17 89
18 24
18 40
18 48
18 80
19 51
19 61
19 92
20 26
20 85
21 67
21 70
21 84
22 24
22 31
24 47
25 44
25 69
25 81
25 82
25 83
25 99
26 46
26 47
26 58
26 59
26 85
27 52
27 54
27 82
28 56
28 84
29 48
29 68
29 80
29 88
30 44
30 57
30 64
30 66
30 81
32 53
32 69
32 95
32 99
33 74
34 43
34 49
34 52
34 55
36 64
36 76
36 77
36 98
38 65
38 71
38 97
39 42
40 48
40 68
40 78
40 80
40 94
41 63
43 49
43 52
43 55
44 57
44 66
44 69
44 81
44 83
44 99
45 90
46 58
46 59
47 58
47 59
48 68
48 80
48 94
49 52
49 55
50 72
51 73
51 92
52 55
53 95
55 68
55 78
55 94
56 84
57 64
57 66
57 81
57 96
57 98
58 59
60 86
60 87
62 75
64 66
64 76
64 77
64 81
64 96
64 98
65 89
67 84
68 78
68 80
68 88
68 94
69 99
70 84
71 73
71 97
73 92
73 97
76 77
76 81
76 96
76 98
77 81
77 96
77 98
78 94
79 87
80 88
80 94
81 83
81 96
82 83
86 87
88 94
91 93
96 98
