0 1
0 11
0 12
0 19
0 56
0 81
0 91
0 94
1 8
1 12
1 35
1 56
1 81
1 82
1 91
1 94
2 20
2 21
2 59
2 65
2 77
3 5
3 9
3 13
3 29
3 59
3 65
3 76
3 77
4 39
4 70
4 99
5 9
5 20
5 21
5 29
5 59
5 65
5 76
5 77
6 23
6 26
6 48
6 61
6 79
7 41
7 43
7 67
7 90
8 33
8 82
9 13
9 29
10 17
10 76
10 92
11 12
11 19
11 38
11 39
11 47
11 56
11 64
11 71
12 19
12 56
12 81
12 91
12 94
14 40
14 45
14 67
14 69
14 84
15 27
15 35
15 37
15 46
16 27
16 37
16 49
17 43
17 88
18 32
18 36
18 62
18 73
18 89
19 35
19 56
19 71
20 21
20 29
20 44
20 59
20 65
20 77
21 29
21 59
21 65
21 77
21 88
22 28
22 57
22 58
23 26
23 61
23 79
24 31
24 49
24 96
24 98
25 37
25 76
26 61
26 79
27 37
27 46
28 57
28 58
28 98
29 59
29 65
29 76
29 77
30 54
30 68
30 72
30 80
31 49
31 96
32 36
32 73
32 89
33 82
34 52
34 54
34 60
34 68
34 72
35 46
35 56
36 89
38 39
38 47
38 64
38 87
39 47
39 64
39 99
40 45
40 69
40 84
41 67
41 90
42 51
42 84
43 88
44 52
44 59
45 67
45 69
47 64
48 61
48 74
50 83
51 84
53 66
53 97
54 68
54 72
54 80
56 71
56 91
57 58
59 65
59 77
61 74
61 79
62 73
62 75
63 78
63 85
63 86
64 87
64 99
65 77
66 97
67 69
68 72
68 80
69 84
70 94
71 92
72 80
73 75
73 95
75 95
78 86
81 82
81 91
81 94
82 91
82 94
85 86
91 94
96 98
