0 33
1 27
1 31
1 68
2 6
2 90
2 97
3 18
3 49
3 66
3 89
4 54
4 60
4 71
4 81
4 84
5 12
5 13
5 28
5 39
5 44
5 80
6 90
7 32
7 34
7 59
7 78
7 99
8 72
8 75
8 76
9 20
9 29
9 30
9 69
10 38
10 57
10 76
11 41
11 51
11 52
11 72
11 86
11 96
12 13
12 22
12 28
12 39
12 53
12 79
12 80
12 90
13 22
13 28
13 39
13 80
14 33
14 62
14 73
14 85
15 53
15 58
16 92
17 37
17 88
18 49
18 66
19 40
19 43
19 98
20 30
20 35
21 33
22 39
22 53
22 79
22 80
23 61
23 65
23 70
23 95
24 45
24 47
24 50
24 67
24 74
24 83
24 91
25 36
25 86
26 50
26 87
26 91
27 31
27 37
27 68
27 92
28 39
28 44
28 80
28 93
29 59
29 69
30 38
30 64
31 41
31 68
32 59
32 85
33 62
33 73
34 59
34 99
35 40
35 97
36 86
37 88
37 92
38 55
38 57
38 64
38 72
38 76
39 80
40 43
40 98
41 52
41 55
41 96
42 56
43 98
44 93
45 48
45 50
45 67
45 83
45 91
46 83
47 67
47 74
48 67
48 75
48 83
49 66
49 89
50 67
50 87
50 91
51 52
51 86
51 96
52 86
52 96
53 58
53 79
53 80
54 71
54 81
55 57
55 64
55 72
57 64
57 72
57 76
58 61
59 69
60 82
60 84
61 65
61 95
62 73
64 72
65 70
65 95
66 88
67 83
67 91
68 92
70 95
72 76
73 85
74 91
77 78
78 94
78 99
79 80
79 90
82 84
86 96
87 91
94 99
