0 28
0 52
0 68
1 63
2 13
2 54
2 66
2 83
2 85
3 36
3 52
4 92
5 9
5 25
5 43
5 71
6 30
6 90
7 26
7 35
7 40
7 41
7 51
7 59
7 67
7 69
7 98
8 12
8 17
8 31
8 44
8 57
9 55
9 91
10 21
10 42
10 87
11 13
11 20
11 35
11 41
11 66
11 67
12 17
12 31
12 57
13 29
13 39
13 54
13 66
13 78
13 83
14 22
14 38
14 49
14 81
15 61
15 73
15 99
16 33
16 77
17 57
17 58
17 79
18 21
18 37
18 80
18 94
19 71
20 35
20 41
20 51
20 62
20 66
20 67
21 37
21 42
21 94
22 63
22 81
24 46
24 70
24 82
25 27
25 43
25 65
25 77
26 29
26 40
26 59
26 98
27 43
27 65
27 77
28 52
28 90
29 39
29 59
29 78
30 50
30 90
31 39
31 44
31 48
32 55
32 72
32 75
32 76
32 89
33 34
33 53
33 60
33 95
34 53
34 60
34 95
35 41
35 51
35 66
35 67
35 98
36 52
36 96
37 42
37 94
38 64
38 81
38 84
39 44
39 48
39 78
40 51
40 59
40 69
40 98
41 51
41 62
41 67
41 69
41 88
42 87
43 65
43 77
45 80
46 70
46 74
47 58
47 79
47 80
48 78
49 55
49 72
49 76
49 89
50 56
50 90
51 62
51 67
51 69
51 88
53 60
53 74
53 95
53 96
54 66
54 78
54 83
55 72
55 76
55 89
55 91
58 79
59 98
60 95
61 73
61 84
61 99
62 67
62 69
62 74
62 88
64 81
64 92
65 77
66 83
66 85
67 69
67 88
69 88
70 74
70 82
72 75
72 76
72 89
73 99
74 88
74 95
75 76
76 89
80 94
81 92
84 99
86 93
89 91
