0 20
0 54
0 67
0 87
0 97
0 99
1 23
1 42
2 29
2 46
2 50
2 51
2 73
2 91
3 48
3 52
3 57
3 94
4 9
4 14
4 19
4 62
4 65
4 71
4 79
5 21
6 14
6 61
6 72
7 16
7 73
7 81
7 96
8 36
9 65
10 43
10 66
10 81
10 96
11 13
11 20
11 87
11 98
11 99
12 83
12 92
13 27
13 86
13 87
13 98
13 99
14 61
14 72
15 29
15 50
15 62
15 69
15 80
16 27
16 46
16 51
16 86
16 91
17 18
17 24
17 36
17 38
17 53
17 77
18 24
18 36
19 34
19 62
19 65
19 71
19 79
20 54
20 87
20 99
21 24
21 25
21 36
22 53
22 59
22 77
23 42
24 36
25 41
25 89
26 49
26 58
26 70
26 82
27 40
27 46
27 51
27 86
27 91
28 90
29 40
29 50
29 91
30 77
31 37
31 38
31 39
31 68
31 78
32 63
33 80
33 85
33 90
34 50
34 62
34 65
34 76
34 79
35 41
35 89
37 38
37 39
37 53
37 68
37 78
38 39
38 53
38 68
38 78
39 53
39 68
39 78
40 46
40 91
41 89
43 66
43 96
44 45
44 84
44 93
45 84
45 93
46 51
46 73
46 86
46 91
47 72
47 75
47 95
48 52
48 57
48 60
48 64
48 94
49 58
49 70
49 82
51 73
51 86
51 91
52 57
52 94
53 59
53 68
54 55
54 56
55 56
57 94
58 82
59 77
60 64
61 72
62 65
62 79
65 79
66 96
67 74
67 97
69 80
69 90
71 82
73 91
74 97
75 95
76 79
80 85
80 90
81 96
83 92
84 93
85 90
86 91
87 98
87 99
98 99
