0 4
0 24
0 27
0 57
1 8
1 40
1 48
1 49
1 67
1 85
1 86
1 96
1 98
2 5
2 36
2 50
3 5
3 7
3 29
3 43
3 72
3 82
3 84
4 57
4 69
5 29
5 82
6 16
6 83
6 90
6 94
7 29
7 43
7 47
7 59
7 72
8 40
8 48
8 49
8 67
8 98
9 60
10 31
10 51
10 55
10 64
10 70
11 25
11 93
12 92
13 76
13 93
14 18
14 40
14 42
14 75
15 32
15 34
15 79
15 81
15 86
15 97
16 83
16 90
17 19
17 87
18 42
18 75
18 89
19 78
19 87
19 88
20 26
20 35
21 79
22 58
22 64
22 75
22 77
22 89
23 60
23 99
24 57
24 65
24 73
25 93
25 94
26 37
26 61
26 91
27 45
27 65
27 68
29 43
29 72
30 57
31 51
31 55
31 58
31 62
31 64
32 34
32 79
32 97
33 71
34 79
34 97
36 50
37 45
37 61
37 68
37 91
38 44
38 52
38 66
39 50
40 49
40 67
40 96
40 98
41 71
42 75
42 89
43 72
43 82
43 84
44 48
44 52
44 66
45 53
45 61
45 65
45 68
45 73
45 91
46 51
46 55
46 62
47 59
48 49
48 67
48 85
48 98
49 67
49 98
50 80
51 55
51 58
51 62
52 66
52 74
53 61
53 65
53 73
54 56
54 63
54 95
55 62
56 63
56 95
58 64
58 77
58 89
61 65
61 68
61 91
62 92
63 95
64 70
64 89
65 68
65 73
67 85
67 86
67 96
67 98
69 71
69 78
69 88
70 89
72 84
75 77
76 93
77 89
77 96
78 87
78 88
79 97
83 90
85 86
85 98
86 97
87 88
96 98
