0 79
1 8
1 30
1 87
2 17
2 77
3 22
3 72
3 73
3 80
3 85
4 19
4 24
4 26
4 29
4 75
5 6
5 34
5 61
5 81
6 9
6 50
6 60
6 61
6 98
7 19
7 47
7 70
7 75
8 87
9 11
9 34
9 37
10 19
10 31
10 41
10 80
10 88
10 89
10 99
11 37
11 44
11 55
12 42
13 73
13 85
14 39
14 67
14 68
15 50
15 78
15 83
16 97
17 77
18 31
18 40
18 41
18 47
18 64
18 65
18 70
18 93
19 24
19 75
19 99
20 35
20 52
20 57
20 71
20 88
21 87
22 27
22 28
22 72
23 71
24 26
24 29
24 75
25 28
25 38
25 45
25 58
25 95
26 29
27 28
27 79
28 45
28 58
29 75
30 59
30 63
30 87
31 41
31 47
31 65
31 88
31 89
31 93
32 59
33 46
33 62
34 37
34 86
35 52
35 71
35 77
36 91
37 44
37 55
38 77
38 95
39 67
39 97
40 65
40 70
40 93
41 47
41 65
41 88
41 89
41 93
43 46
43 48
43 74
43 90
44 55
44 94
45 58
46 48
46 74
47 64
47 65
47 70
47 93
48 54
48 74
50 60
50 78
50 83
50 98
51 56
51 62
52 57
52 71
53 66
53 76
53 96
54 74
56 69
57 88
57 89
59 63
60 61
60 81
60 98
61 81
61 98
64 70
65 70
65 93
66 76
66 91
66 96
67 97
70 93
72 73
72 80
72 85
72 99
73 80
73 85
73 99
78 83
80 85
80 99
81 95
85 99
88 89
89 93
