0 18
0 62
0 99
1 20
1 98
2 37
3 6
3 9
3 16
3 32
3 50
3 56
3 59
3 72
3 95
3 96
4 22
4 28
4 38
4 49
4 67
4 91
5 31
5 34
5 82
6 9
6 17
6 35
7 65
7 74
8 24
8 43
8 71
9 32
9 35
10 25
10 33
10 83
10 99
11 15
11 17
11 25
11 47
11 77
12 30
12 39
12 43
12 51
12 78
12 89
13 14
13 21
13 39
13 51
13 64
13 78
13 85
14 21
14 41
14 60
14 64
14 78
14 85
14 92
15 17
15 25
15 77
15 83
16 22
16 49
16 53
16 59
16 60
16 72
16 96
17 25
17 77
18 37
18 44
19 28
19 36
19 50
19 56
19 61
19 74
19 87
19 95
19 96
20 98
21 60
21 64
21 78
21 85
21 92
22 49
22 53
22 59
22 60
22 67
22 72
22 96
23 69
24 43
24 71
25 77
25 83
26 52
28 49
28 67
28 91
29 54
29 57
29 68
30 39
30 89
31 34
31 82
32 50
32 56
32 59
32 61
32 95
32 96
35 62
35 83
35 97
36 50
36 56
36 61
36 74
36 87
36 95
37 44
38 41
38 79
38 88
38 92
39 51
39 64
39 78
39 89
39 98
40 48
40 70
40 77
41 79
41 88
41 92
42 68
45 55
45 63
45 86
46 80
46 81
46 94
47 77
48 75
49 53
49 59
49 60
49 67
49 96
50 56
50 59
50 61
50 95
50 96
51 64
51 78
51 98
52 94
53 59
53 60
53 67
53 72
53 96
54 57
54 68
55 63
55 86
56 61
56 74
56 95
56 96
57 68
58 61
58 76
58 84
59 60
59 72
59 95
59 96
60 72
61 74
61 84
61 95
62 83
62 97
63 79
63 86
64 78
64 85
65 74
65 84
66 75
67 91
70 77
73 80
74 84
74 87
76 84
78 85
79 88
79 92
80 81
83 99
88 92
95 96
