0 22
0 71
1 41
1 43
1 87
2 22
2 54
2 61
3 6
3 16
3 25
3 27
3 46
3 60
4 5
4 38
4 53
4 59
4 69
4 70
5 53
5 69
5 70
5 88
6 16
6 25
6 46
6 60
6 92
6 94
7 49
8 21
8 26
8 34
8 99
9 19
9 72
9 76
10 20
10 32
10 38
10 52
11 12
11 17
11 23
11 31
11 36
11 63
11 66
11 68
12 17
12 23
12 31
12 36
12 63
12 66
13 30
13 74
14 27
14 90
15 26
15 47
15 84
15 87
16 25
16 46
16 60
16 94
17 63
17 66
18 45
18 91
19 72
19 76
20 32
21 26
21 34
21 87
21 99
22 61
23 36
23 68
24 32
24 74
24 78
24 86
25 46
25 60
25 94
26 34
26 47
26 84
26 87
26 91
28 31
28 48
28 66
28 67
28 77
28 81
29 35
29 61
29 71
30 50
30 51
31 36
31 48
31 63
31 66
31 67
31 77
31 81
32 38
32 52
33 55
33 62
34 99
35 57
35 71
36 37
36 68
37 68
38 52
38 59
39 79
39 80
39 85
40 93
42 65
42 71
43 84
44 49
44 82
44 85
44 95
45 47
45 91
46 58
46 60
47 84
47 91
48 66
48 67
48 77
48 81
49 95
50 51
52 59
53 69
53 70
53 86
53 88
54 61
55 62
56 97
58 69
58 74
58 75
58 92
59 89
60 94
62 67
62 81
63 66
63 83
64 89
64 93
66 67
66 77
66 81
67 77
67 81
70 88
72 76
73 99
74 75
74 78
74 86
75 78
75 86
76 96
77 81
78 86
79 80
79 90
80 85
82 85
84 87
88 90
89 93
92 96
