0 5
0 6
0 23
0 38
0 41
0 64
0 98
0 99
1 42
1 67
1 87
2 16
2 35
2 54
2 87
3 10
3 13
3 61
3 69
4 66
5 23
5 32
5 38
6 38
6 41
7 12
7 24
7 70
7 75
7 82
8 20
8 58
8 72
8 91
10 13
10 37
10 48
10 57
12 75
12 82
13 61
13 69
14 96
15 20
15 83
16 35
16 42
16 54
16 67
16 80
16 87
16 93
17 18
17 19
17 37
17 43
17 55
17 57
18 19
18 37
18 43
18 48
18 55
18 57
19 43
19 48
19 55
19 57
20 21
20 58
20 72
20 83
21 46
21 58
21 83
22 61
23 32
23 38
23 97
24 70
24 75
25 50
25 69
26 89
26 95
28 51
28 62
28 80
28 93
28 95
29 60
29 76
29 86
29 92
29 94
30 39
30 40
30 49
30 52
30 79
30 81
31 91
32 45
32 68
32 78
32 97
33 47
33 86
34 36
34 60
34 66
34 77
34 90
34 94
35 54
35 67
35 87
35 93
36 66
36 77
37 43
37 57
38 41
38 68
38 97
39 40
39 49
39 52
39 81
40 49
40 52
40 81
41 97
42 51
42 54
42 67
42 87
42 93
43 48
43 55
43 57
44 53
44 63
44 71
44 74
44 85
45 59
45 67
45 68
45 78
45 87
46 82
46 83
47 86
48 55
48 57
49 52
49 81
50 61
51 54
51 62
51 80
51 93
51 95
52 81
53 63
53 73
53 74
53 85
54 62
54 67
54 80
54 93
55 57
56 64
56 98
56 99
58 72
58 91
59 68
59 78
59 97
60 66
60 90
60 92
60 94
61 69
62 80
62 93
62 95
63 71
63 74
63 81
63 85
64 98
64 99
65 84
66 77
66 94
67 87
67 93
68 78
68 97
70 75
70 82
71 81
72 91
73 74
73 85
74 85
75 82
76 92
76 94
78 97
80 93
80 95
86 92
86 94
89 95
90 94
92 94
98 99
