0 20
0 22
0 37
0 45
0 64
1 6
1 11
1 58
2 16
2 75
2 95
2 99
3 12
3 30
3 51
3 79
3 85
4 8
4 10
4 28
4 57
5 19
5 49
5 63
5 80
5 87
6 11
6 58
7 8
7 39
7 43
7 45
7 57
8 39
8 43
8 57
9 21
9 27
9 81
9 92
9 96
10 55
10 62
11 14
11 58
11 93
12 30
12 33
13 15
13 61
13 64
13 92
14 44
14 58
14 93
15 61
15 92
16 25
16 29
16 42
16 52
16 76
16 82
17 20
17 53
17 56
17 72
17 86
17 94
17 97
18 48
18 62
18 88
19 49
19 60
19 63
19 80
19 87
20 32
20 70
20 86
20 89
20 90
21 81
22 45
22 64
23 32
23 47
23 65
23 70
23 89
24 98
25 29
25 52
25 76
25 80
25 82
26 63
26 73
26 84
27 68
27 96
28 34
28 67
29 42
29 52
29 76
29 82
30 60
31 38
31 77
31 78
32 47
32 65
32 70
32 89
34 46
34 61
34 67
34 71
35 44
35 50
36 83
37 45
37 74
37 90
38 40
38 53
38 72
38 77
38 97
39 43
39 45
40 53
40 72
40 77
40 97
41 44
41 50
42 68
42 76
42 82
43 45
43 57
44 93
45 64
46 67
47 65
47 70
47 89
48 88
49 60
49 87
51 79
51 85
52 63
52 76
52 80
52 82
53 56
53 72
53 77
53 97
54 69
55 62
55 91
56 72
56 94
59 93
60 73
60 87
61 71
63 80
64 65
64 92
65 70
65 89
67 71
68 82
68 96
69 71
70 89
72 77
72 97
74 86
74 90
75 95
75 99
76 80
76 82
77 78
77 97
79 85
82 96
84 95
84 99
86 90
95 99
