1 7
1 23
1 37
1 43
1 60
1 63
1 70
2 10
2 56
2 68
2 76
3 13
3 29
3 87
3 95
4 10
4 24
4 56
4 76
5 9
5 18
5 27
5 32
5 41
5 42
5 73
5 75
5 95
6 30
6 55
7 23
7 37
7 43
7 60
7 63
7 70
8 26
8 31
8 70
8 92
9 18
9 27
9 41
9 42
9 49
9 75
9 81
9 88
10 56
10 76
11 47
11 93
12 93
13 29
13 36
13 67
13 74
14 59
14 82
14 90
14 97
15 53
15 65
15 72
16 58
16 64
16 79
16 88
16 89
17 33
17 62
17 69
17 83
17 84
18 27
18 41
18 42
18 49
18 75
18 95
19 86
21 62
21 66
21 97
22 33
22 53
22 84
23 43
23 60
23 63
24 26
24 85
24 92
25 66
25 97
26 36
26 92
27 41
27 42
27 49
27 73
27 75
27 95
28 44
28 45
28 46
28 99
29 36
29 54
29 67
29 87
30 40
30 55
30 77
32 60
32 73
33 53
33 83
33 84
34 86
35 52
35 78
36 67
37 43
37 60
37 70
37 74
38 61
39 68
39 92
40 77
41 42
41 73
41 75
42 49
42 75
42 88
43 60
43 63
43 70
44 45
44 80
44 99
45 80
45 99
47 58
47 64
47 89
48 72
49 75
49 79
49 81
49 88
50 54
50 67
50 85
50 96
51 53
51 81
51 94
52 78
52 82
52 90
53 84
53 94
54 67
54 96
56 68
56 76
57 71
57 91
58 64
58 79
58 89
59 82
59 90
60 63
62 83
64 79
64 89
65 72
67 85
67 96
69 83
70 74
73 95
75 95
78 82
79 88
79 89
80 99
82 90
83 84
85 96
87 95
