0 13
0 55
1 5
1 15
1 20
1 54
2 71
3 16
3 42
3 57
3 92
4 31
4 51
4 70
4 88
4 91
5 14
5 15
5 54
6 58
6 73
6 84
6 94
7 19
7 69
7 90
8 17
8 25
8 26
8 40
8 46
9 84
9 86
9 94
10 34
10 74
10 89
11 22
11 35
11 59
11 77
11 80
11 82
12 28
12 66
12 67
12 68
12 81
13 47
13 56
14 15
14 54
15 54
16 79
16 92
17 25
17 46
17 92
18 26
18 40
18 72
18 75
19 67
19 69
19 90
20 59
20 85
22 35
22 77
22 82
23 34
23 49
23 51
23 52
23 74
23 83
23 88
23 89
24 25
24 55
24 76
24 97
25 46
25 75
26 40
26 72
27 48
27 96
27 99
28 63
28 66
28 67
29 37
29 75
29 76
30 63
31 70
31 91
32 38
32 58
32 62
33 44
33 53
34 49
34 52
34 74
34 83
34 87
34 89
35 77
35 82
35 95
37 49
37 52
37 75
38 58
38 62
39 41
39 45
39 48
39 51
39 64
39 96
40 65
40 72
41 45
41 64
41 96
42 56
42 57
42 92
43 60
44 53
45 64
45 96
48 96
48 99
49 52
49 74
49 83
49 87
49 89
50 68
50 81
50 90
51 64
51 88
52 74
52 83
52 87
53 86
55 97
56 57
58 62
58 94
59 77
59 82
59 85
61 79
61 80
61 98
63 66
64 96
65 98
66 67
67 68
68 81
70 91
71 73
72 75
72 88
72 91
73 94
74 83
74 87
74 89
76 97
77 80
77 82
77 85
78 95
79 80
82 85
83 88
84 86
84 94
86 95
96 99
