0 27
0 40
0 69
0 76
1 29
1 32
1 55
1 87
2 68
3 22
3 35
3 50
3 53
3 59
4 7
4 11
4 18
4 20
5 19
5 30
5 31
5 48
5 81
6 44
6 51
6 96
7 11
7 18
8 27
8 52
8 76
8 89
8 93
9 43
9 63
9 92
10 49
10 88
11 18
12 23
12 24
12 42
12 57
12 60
12 70
12 73
12 77
12 85
12 94
12 95
13 16
13 38
13 43
13 72
14 34
14 41
14 46
14 62
14 64
14 86
15 45
15 62
15 67
16 33
16 38
16 43
16 72
17 21
17 65
17 69
18 20
19 30
19 48
19 81
20 84
21 25
21 65
21 80
22 37
22 50
22 74
22 77
23 24
23 37
23 42
23 60
23 70
23 73
23 74
23 77
23 94
23 95
24 37
24 60
24 70
24 73
24 77
24 84
24 94
25 54
25 65
25 71
25 80
25 91
26 35
26 47
26 53
26 59
26 82
27 40
27 69
27 76
28 63
28 92
29 32
29 55
29 87
30 31
30 48
30 83
31 48
31 81
32 55
33 72
34 41
34 46
34 64
35 47
35 53
35 59
35 82
36 41
36 61
36 78
36 97
37 70
37 73
37 77
37 84
38 43
39 46
39 64
39 86
40 69
41 46
41 61
41 78
41 97
42 57
42 60
42 85
42 94
42 95
42 98
43 63
43 72
44 56
44 89
44 93
44 96
44 99
45 67
46 64
46 86
46 97
47 53
47 82
48 81
48 83
49 63
49 88
50 74
51 69
53 59
53 82
54 80
54 91
56 58
56 98
57 85
57 94
57 95
57 98
58 98
59 82
60 70
60 73
60 94
60 95
61 78
61 88
61 97
62 64
63 92
64 86
65 71
65 80
67 90
70 73
70 77
70 84
70 94
71 80
72 79
73 77
73 84
73 94
74 77
74 95
77 94
77 95
78 88
78 97
80 91
85 94
85 98
89 93
89 99
93 99
94 95
