0 38
0 41
0 43
0 45
0 53
0 62
0 88
1 31
1 89
1 92
2 3
2 27
2 46
2 52
2 65
3 27
3 46
3 52
3 65
4 34
4 70
4 99
5 22
5 83
6 16
6 24
6 28
6 76
6 78
7 95
8 46
8 52
8 56
8 84
9 13
9 37
9 39
9 81
10 11
10 18
10 33
10 36
11 18
11 33
11 36
11 61
12 19
12 36
12 61
13 37
13 55
13 82
13 87
13 96
14 20
14 38
15 25
15 48
15 58
15 64
15 86
16 24
16 76
16 78
17 50
17 97
18 33
18 36
18 61
19 61
20 40
20 92
21 29
21 41
21 45
21 47
21 68
21 88
22 73
22 83
23 24
23 26
23 41
23 53
23 94
24 28
24 66
24 76
24 78
25 58
25 59
25 64
26 49
26 54
26 60
26 80
26 94
27 65
27 66
27 72
28 52
28 65
28 66
28 76
29 45
29 47
29 68
29 80
31 89
32 46
32 77
32 84
32 98
33 36
34 83
34 99
35 55
35 82
35 87
35 90
36 61
37 81
38 43
38 55
38 87
40 92
41 45
41 53
41 62
41 88
41 94
42 48
42 71
43 55
43 62
43 87
44 65
44 72
44 76
45 47
45 62
45 68
45 88
46 52
46 84
47 68
47 80
48 58
48 71
48 91
49 54
49 56
49 60
49 67
49 80
50 73
50 97
52 66
53 62
54 60
54 67
54 80
54 94
55 82
55 87
56 67
56 84
57 90
58 71
58 86
59 64
60 67
60 80
60 94
62 88
63 70
63 75
63 85
64 86
65 66
65 72
65 76
66 76
68 81
70 74
70 75
70 85
70 99
71 91
72 76
73 83
74 75
74 85
74 93
75 85
76 78
77 98
80 94
82 87
82 96
85 93
89 92
