0 17
0 71
0 83
0 89
0 99
1 4
1 74
1 80
1 84
2 17
2 21
2 24
2 58
2 89
3 25
3 98
3 99
4 15
4 19
4 28
4 51
4 74
4 84
4 94
5 6
5 54
6 68
6 72
6 73
7 36
7 56
7 60
7 69
8 15
8 19
8 41
8 76
8 95
9 43
9 77
9 85
9 90
9 91
10 11
10 50
11 42
11 50
11 55
12 39
12 82
13 20
13 59
13 73
13 93
14 36
14 52
14 92
15 19
15 28
15 41
15 51
15 61
15 94
15 95
16 22
16 63
16 75
16 86
16 87
17 89
17 99
18 57
19 41
19 51
19 64
19 74
19 84
19 95
20 93
21 24
21 37
22 37
22 48
22 71
22 86
23 77
23 85
24 37
25 97
26 33
26 44
26 47
26 57
26 59
27 46
27 55
27 79
27 81
28 51
28 61
28 84
28 94
29 40
29 70
30 35
30 53
30 78
31 46
31 81
32 45
32 69
32 96
33 44
33 47
33 55
33 79
34 65
34 68
34 72
34 78
34 88
35 53
35 78
35 96
36 52
36 56
36 60
36 92
37 48
37 71
38 88
39 82
40 70
41 76
41 95
42 67
43 91
44 47
44 50
44 55
44 79
45 68
45 72
45 96
46 81
47 57
47 59
49 97
50 55
51 64
51 74
51 84
51 94
52 60
52 64
52 76
52 95
53 96
55 79
56 69
57 59
60 64
61 94
62 63
62 66
62 75
62 87
63 66
63 75
63 83
63 87
64 74
65 93
66 75
66 87
68 72
68 73
68 93
71 83
71 86
72 73
72 93
73 93
74 80
74 84
75 87
76 95
77 85
78 88
79 81
80 84
83 86
83 98
83 99
89 99
