0 25
1 3
1 9
1 13
1 46
1 79
1 92
1 95
2 5
2 28
2 40
2 54
2 76
3 13
3 46
3 66
3 79
4 39
4 73
5 14
5 28
5 47
5 54
5 93
6 32
6 36
6 41
6 53
6 97
7 29
7 35
7 47
7 60
7 62
7 64
7 69
7 86
8 9
8 17
8 31
8 33
8 34
8 37
8 61
8 80
8 95
8 96
9 34
9 37
9 46
9 61
9 79
9 95
9 96
10 15
10 91
11 16
11 23
11 38
11 43
11 48
11 84
12 22
12 44
12 58
13 46
13 79
13 92
14 28
14 47
14 93
15 51
15 69
15 91
16 23
16 31
16 33
16 38
16 48
16 68
17 34
17 37
17 61
17 78
18 20
18 65
18 71
18 74
18 94
18 98
19 25
19 67
19 88
20 65
20 71
20 74
20 94
20 98
21 40
21 42
21 50
21 55
21 76
21 81
21 85
22 43
22 44
22 58
22 84
23 49
23 68
23 84
24 27
24 57
24 63
25 88
26 82
27 57
27 63
28 47
28 54
29 35
29 51
29 60
29 62
29 64
29 69
29 86
30 65
30 71
31 33
31 34
31 37
31 38
31 48
31 61
31 80
31 95
32 41
32 97
33 34
33 37
33 38
33 48
33 61
33 80
33 95
34 37
34 38
34 61
34 80
34 95
35 62
35 64
35 69
35 86
36 53
37 61
37 80
37 95
37 96
38 48
38 80
39 73
39 93
40 54
40 76
41 97
42 50
42 55
42 81
42 85
43 44
43 84
44 58
44 84
45 99
46 79
46 92
47 53
47 54
48 68
49 68
50 55
50 81
50 85
51 60
51 62
51 64
51 69
51 86
52 70
52 72
52 77
52 87
52 99
54 76
55 78
55 81
55 85
57 87
58 89
59 67
60 62
60 64
60 69
61 80
61 95
61 96
62 64
62 69
62 86
64 69
64 86
65 71
65 94
65 98
66 68
66 75
66 79
67 88
68 75
69 86
70 72
70 77
71 74
71 98
72 77
72 87
72 99
74 98
75 79
78 81
81 85
83 93
87 99
94 98
95 96
