0 5
0 46
0 58
0 83
1 12
1 14
2 18
2 95
3 23
3 40
3 45
3 70
4 21
4 24
4 29
4 44
4 79
5 46
5 58
5 83
6 36
6 76
6 89
6 99
7 21
7 24
7 51
7 65
7 67
8 37
8 49
8 50
8 81
8 92
9 11
9 25
9 26
10 18
10 19
10 31
10 35
10 55
10 59
10 98
11 25
11 26
12 14
12 18
12 66
12 73
13 54
13 56
13 74
13 82
14 18
14 66
14 73
15 27
15 37
16 23
16 64
17 47
17 52
17 75
17 76
17 88
17 99
18 31
18 35
18 55
18 66
19 31
19 35
19 55
19 59
19 98
20 36
20 82
20 86
20 89
20 92
21 24
21 44
22 34
22 94
23 40
23 64
23 70
24 29
24 44
24 51
24 79
25 26
27 37
27 75
28 47
28 52
29 60
29 79
29 84
29 90
30 32
30 33
30 42
30 48
31 35
31 55
31 98
33 42
33 48
33 78
34 94
34 96
35 55
35 98
36 89
37 49
37 50
37 81
37 92
38 53
38 60
38 84
38 90
41 71
42 48
42 78
44 63
45 70
45 72
45 87
46 58
46 83
47 52
47 75
47 76
47 88
47 99
48 78
49 50
49 81
50 81
50 92
51 65
51 67
52 75
52 76
52 88
52 99
53 58
53 60
53 83
54 61
54 74
55 59
55 98
56 69
56 74
56 82
56 93
58 83
59 88
59 98
60 84
60 90
61 64
61 74
61 93
63 79
63 97
64 74
64 93
65 67
65 68
65 96
66 73
68 94
68 96
69 82
70 72
70 87
72 87
72 97
74 93
75 88
76 99
79 84
79 90
81 92
82 86
84 90
85 95
86 92
87 97
94 96
