0 15
0 41
1 87
2 19
2 42
2 63
3 31
3 47
3 56
3 58
3 85
3 92
4 17
4 31
4 40
4 47
4 92
5 6
5 60
5 62
5 84
6 13
6 60
6 62
6 84
7 14
7 48
7 66
7 96
8 23
8 24
8 36
8 76
8 78
9 12
9 20
9 46
9 69
9 90
10 33
10 37
10 89
11 31
11 47
11 58
11 60
11 62
11 84
12 88
12 90
12 94
13 84
14 48
14 96
15 25
15 97
15 99
16 38
16 71
16 80
16 87
17 31
17 39
17 40
17 86
18 57
18 79
18 82
18 88
18 94
19 32
19 42
19 65
20 68
20 90
20 98
21 35
22 33
22 34
23 24
23 26
23 30
23 78
24 30
24 78
25 45
25 97
26 51
27 36
27 76
27 83
28 55
28 64
28 72
28 73
28 85
28 92
30 46
31 47
31 58
31 92
32 65
32 80
33 34
33 89
36 76
36 78
38 44
38 54
38 74
38 80
39 86
40 92
41 75
41 99
42 63
43 61
43 77
44 54
44 74
44 94
45 97
46 90
47 58
47 92
48 66
48 96
49 51
49 95
50 55
50 72
50 73
50 85
50 98
52 81
52 93
54 74
54 94
55 64
55 72
55 73
55 85
55 92
55 98
56 58
56 59
56 79
56 85
57 79
57 82
57 88
58 59
58 85
59 67
59 70
60 62
60 84
62 84
63 96
64 72
64 73
64 92
65 80
66 71
66 80
67 70
67 91
68 69
70 91
72 73
72 85
72 92
73 85
73 92
73 98
74 94
75 99
76 78
79 82
79 88
81 93
82 88
85 92
88 94
