0 50
0 61
1 34
1 44
1 49
1 67
1 86
2 28
2 38
2 82
2 92
3 19
3 35
3 43
3 92
4 6
5 84
5 87
5 91
5 99
6 48
6 78
6 79
7 24
7 47
7 50
7 61
8 16
8 36
8 57
8 79
8 89
9 11
9 53
9 70
10 34
10 42
10 46
10 52
10 81
10 83
11 53
11 70
11 73
12 27
12 45
12 46
12 64
12 71
12 81
13 33
13 54
13 56
13 75
14 21
14 99
15 39
15 66
16 22
16 36
16 57
16 89
17 26
17 42
17 52
17 65
17 72
17 83
18 40
18 41
19 35
19 43
19 92
20 86
21 63
22 57
22 58
23 87
23 91
24 47
24 61
24 85
25 27
25 51
25 64
25 73
26 42
26 52
26 65
26 72
26 83
27 45
27 64
27 71
28 38
28 82
28 94
29 98
30 40
30 68
30 80
30 93
32 39
32 54
32 66
33 54
33 56
33 66
33 74
33 75
34 86
35 43
35 92
36 57
36 89
37 48
37 58
37 78
37 79
37 88
38 82
38 92
38 94
39 54
39 66
39 85
40 41
40 68
42 52
42 53
42 81
42 83
43 92
44 67
44 69
44 76
45 46
45 71
46 81
46 83
47 61
48 78
48 79
48 88
49 69
50 61
51 73
52 53
52 65
52 81
52 83
54 56
54 66
54 75
55 60
56 66
56 75
57 89
57 96
58 88
59 98
60 65
60 72
60 95
62 85
62 89
62 96
63 94
64 71
64 73
65 72
65 95
67 69
67 76
68 80
68 93
68 97
69 76
70 73
72 95
76 90
78 79
78 88
79 88
80 93
80 97
81 83
82 92
84 87
84 91
84 99
87 91
87 99
89 96
91 99
93 97
