0 19
0 46
0 56
0 72
0 87
1 8
1 9
1 23
1 37
2 30
2 36
2 40
2 62
3 16
3 51
3 96
4 11
4 47
4 61
4 94
5 27
5 53
5 93
6 14
6 59
6 75
6 92
7 78
8 9
8 23
8 37
8 54
9 23
9 37
10 21
10 24
10 29
10 45
10 74
11 47
11 61
12 13
12 49
13 27
13 49
14 59
14 68
14 92
14 99
15 26
15 97
16 51
16 66
17 39
17 52
17 63
17 70
17 82
18 44
18 48
19 56
19 97
21 24
21 29
21 45
21 74
22 36
22 55
22 86
23 37
23 54
24 29
24 45
24 74
25 36
25 55
25 62
28 34
28 74
28 95
29 45
29 71
30 36
30 98
31 35
31 76
32 73
33 38
33 53
33 57
33 85
33 89
33 93
34 43
34 84
34 95
35 39
35 71
35 82
36 55
36 62
36 86
38 53
38 57
38 85
38 89
38 90
38 93
39 63
39 82
40 62
40 63
41 65
41 67
42 69
43 82
44 48
45 74
46 50
46 72
46 77
47 61
50 73
50 77
50 88
51 84
51 95
52 70
52 75
53 93
55 86
56 87
56 97
57 89
58 83
58 91
58 96
59 92
59 99
60 64
60 79
63 70
63 82
64 65
64 68
64 81
65 67
65 68
70 75
71 76
72 77
73 77
73 78
73 88
77 88
80 85
81 99
83 91
84 95
85 90
91 96
