0 3
0 12
0 41
0 64
0 82
0 85
1 70
1 79
2 28
2 35
2 43
2 53
2 76
2 88
2 93
2 99
3 12
3 41
3 82
3 85
3 94
4 54
4 97
5 68
5 74
6 15
6 20
6 22
6 33
6 34
6 48
6 86
7 33
7 81
7 91
7 92
8 24
8 44
8 59
8 80
8 98
9 25
9 61
9 95
9 99
10 26
10 47
11 21
11 27
11 98
12 41
14 36
14 46
14 52
14 55
14 77
14 89
15 20
15 22
15 33
15 34
15 48
15 86
16 29
16 40
16 60
16 63
16 71
16 87
17 39
17 40
17 71
18 33
18 37
18 91
18 92
20 22
20 33
20 48
20 86
21 27
21 98
22 48
22 66
23 49
23 73
23 82
23 85
23 94
24 44
24 80
24 98
25 30
25 61
25 76
25 78
25 95
25 99
27 67
27 84
27 98
28 35
28 93
29 60
29 66
30 43
30 78
30 95
31 64
31 97
32 38
32 42
32 62
32 65
33 34
33 48
33 86
34 86
35 43
35 53
35 93
36 52
36 77
37 39
37 91
37 92
38 42
38 62
38 69
39 60
40 60
40 63
40 71
40 87
41 64
41 82
41 85
42 62
42 69
43 53
43 76
43 78
43 88
43 95
43 99
44 59
44 80
44 98
45 47
46 52
46 55
46 77
46 89
47 69
48 86
49 73
49 94
50 63
50 72
50 75
51 70
51 79
51 90
52 55
52 77
53 76
53 78
53 88
53 93
53 99
54 63
54 75
55 77
55 89
55 96
56 57
56 73
58 68
59 80
60 71
61 76
61 99
62 69
63 72
63 87
66 96
67 84
70 79
70 90
71 87
73 85
74 83
76 78
76 88
76 99
77 89
78 88
78 95
78 99
79 90
80 98
81 91
81 92
82 85
82 94
85 94
88 95
88 99
89 96
91 92
95 99
