0 16
0 31
1 7
1 70
1 71
1 85
1 91
2 43
2 85
3 10
3 20
3 48
4 18
4 32
4 88
5 26
5 36
5 51
5 55
5 87
5 96
5 99
6 38
6 69
7 58
7 70
7 71
7 91
8 33
8 58
8 84
9 12
9 22
9 38
9 67
9 92
10 20
10 48
10 57
10 74
10 94
11 17
11 26
11 36
11 49
11 64
11 99
12 22
12 62
12 67
12 75
12 97
13 68
14 21
14 25
14 41
14 61
14 66
14 80
15 25
15 27
15 54
15 63
16 30
16 51
16 55
16 65
16 87
16 96
17 26
17 36
17 49
17 99
18 88
18 90
19 29
20 48
20 77
21 41
21 61
21 66
21 80
21 89
22 39
22 69
22 97
23 24
23 50
23 82
24 50
24 82
25 27
25 41
25 54
25 63
26 36
26 49
26 99
27 41
27 54
27 63
28 47
29 86
30 31
30 40
30 51
30 81
30 87
30 96
31 40
32 76
32 88
33 66
33 80
33 86
34 76
35 68
35 93
35 95
35 98
36 49
36 99
37 56
38 92
39 45
39 69
39 97
41 61
42 47
42 57
42 74
43 85
43 91
44 60
45 53
48 57
48 74
48 94
49 99
51 55
51 65
51 81
51 87
51 96
52 62
52 75
53 88
53 90
54 63
55 65
55 87
55 96
57 74
57 94
58 70
58 84
59 64
59 65
61 80
61 89
62 75
62 97
64 65
64 83
65 96
66 80
66 86
67 92
68 93
69 72
69 97
70 91
72 90
73 89
73 93
73 95
73 98
74 94
78 79
79 83
80 86
81 87
87 96
88 90
89 95
89 98
93 95
93 98
95 98
