0 24
1 51
1 55
1 80
1 93
2 8
2 60
2 76
2 97
3 18
3 23
3 27
3 56
3 66
4 26
4 62
5 32
5 44
5 81
6 7
6 20
6 46
6 99
7 20
7 46
8 76
8 97
9 28
9 88
9 97
10 30
10 36
10 38
11 78
11 83
12 46
13 15
13 19
13 43
14 33
14 34
14 39
14 48
15 19
15 43
15 67
16 49
16 54
16 62
16 74
16 79
16 82
17 21
17 40
18 23
18 27
18 49
18 56
19 43
19 67
20 46
20 99
21 40
21 66
22 63
22 70
22 84
22 87
23 27
23 49
23 56
24 88
25 64
25 71
26 52
26 61
27 56
28 41
28 65
28 88
29 51
29 55
29 59
29 73
29 74
29 79
29 82
29 94
30 36
30 38
30 72
31 53
32 44
32 85
33 34
33 35
34 35
34 48
35 48
36 38
36 57
37 68
38 72
39 92
39 95
40 99
41 65
41 88
42 86
43 67
44 50
44 85
44 96
45 55
45 94
47 63
47 68
47 75
47 84
47 87
49 56
50 85
50 96
51 55
51 59
51 73
51 93
51 94
52 60
52 61
52 76
53 90
54 62
54 74
54 79
54 82
55 59
55 73
55 94
56 68
59 73
59 94
60 61
60 76
60 97
61 91
62 74
62 79
62 82
63 75
63 84
63 87
64 71
65 88
68 75
69 70
70 84
70 87
73 94
74 79
74 82
75 84
75 87
75 98
76 97
78 83
79 82
80 93
80 98
81 89
84 87
84 98
85 92
85 96
86 92
86 95
90 91
92 95
93 98
