0 29
0 66
1 25
1 58
1 70
1 77
1 79
1 82
1 85
2 10
2 12
2 26
2 27
2 71
2 76
3 11
3 24
3 74
4 28
4 32
4 43
4 93
4 94
5 8
6 7
6 39
6 99
7 49
7 60
7 99
8 33
9 35
9 41
9 51
9 59
9 89
10 12
10 26
10 27
10 71
10 76
11 16
11 24
11 74
12 20
12 26
12 46
12 69
12 71
12 76
12 90
13 57
13 93
13 98
14 54
14 63
14 72
14 75
14 84
14 92
15 45
16 24
17 30
17 42
17 96
18 36
18 37
18 56
18 61
18 65
19 40
19 50
19 58
19 67
19 70
19 79
19 82
19 85
20 23
20 62
20 71
20 76
21 25
21 52
21 77
23 64
23 88
23 90
24 55
24 74
24 80
25 31
25 52
25 70
25 77
25 79
25 82
26 46
26 69
26 71
26 76
26 90
27 83
28 32
28 43
28 87
28 93
28 94
29 41
29 66
29 81
30 42
30 96
31 56
31 61
31 70
31 77
31 79
31 82
32 43
32 55
32 74
32 91
32 94
33 35
33 89
33 95
34 38
34 62
34 68
34 85
35 51
35 59
35 89
36 56
36 61
36 65
37 56
37 61
38 40
38 62
38 85
39 69
40 50
40 67
40 85
41 59
41 81
42 96
43 55
43 91
43 94
44 55
44 80
44 91
45 87
46 69
46 71
46 76
46 90
47 60
47 88
48 72
48 75
48 86
48 93
49 60
49 73
49 78
50 67
51 59
51 89
52 77
53 99
54 63
54 84
54 92
55 74
55 80
55 91
56 61
56 65
56 70
56 79
56 82
58 70
58 82
58 85
59 81
59 89
60 99
62 68
63 68
63 75
63 84
63 92
64 88
65 67
65 79
67 83
69 71
69 76
69 90
70 77
70 79
70 82
71 76
71 90
72 75
72 86
72 93
74 80
75 84
75 98
76 90
77 82
78 97
79 82
81 89
84 92
86 87
93 94
