0 18
0 47
0 62
1 3
1 14
1 23
1 80
2 9
2 22
2 75
2 76
3 23
3 35
3 56
3 80
4 7
5 51
5 66
5 95
5 97
6 18
6 23
6 29
6 47
6 88
6 92
6 93
7 25
7 33
7 87
8 68
8 77
9 75
9 76
9 84
9 96
10 30
10 77
10 98
11 72
11 73
11 89
12 13
12 38
12 58
12 91
13 78
13 91
14 49
14 80
15 48
15 60
15 99
16 27
16 40
16 41
16 56
16 70
16 71
16 88
17 24
17 31
17 72
18 29
18 47
18 93
19 46
19 64
19 74
19 90
20 62
20 63
20 65
21 61
22 42
22 67
22 75
22 96
23 27
23 29
23 56
23 88
24 31
24 36
24 46
24 57
24 79
25 40
25 41
25 87
26 52
26 57
26 79
26 81
26 86
26 94
27 40
27 56
27 70
27 71
27 88
29 88
29 92
29 93
30 32
31 36
31 46
31 57
31 79
31 94
32 45
32 55
33 54
33 87
33 92
33 93
34 39
34 52
34 81
36 41
36 44
36 57
36 79
36 94
38 58
38 91
40 41
40 56
40 71
40 88
40 92
41 44
42 67
42 96
43 49
43 63
43 85
44 70
44 71
45 78
45 82
45 89
45 98
46 64
46 69
46 74
46 90
47 93
48 60
48 99
49 85
51 66
51 95
51 97
52 57
52 79
52 81
52 86
52 94
53 64
53 69
53 74
53 90
56 71
56 88
57 79
57 81
57 94
59 61
59 70
59 83
60 99
62 63
62 65
63 65
63 85
64 69
64 72
64 74
64 90
66 95
66 97
67 75
67 96
68 77
69 72
69 73
70 71
70 83
72 73
74 90
75 96
76 84
78 82
78 91
79 81
79 94
81 94
82 89
82 98
88 92
88 93
89 98
92 93
95 97
