0 24
0 29
0 32
0 44
0 86
1 6
1 33
1 76
1 78
1 82
2 3
2 34
2 60
2 66
2 94
3 34
3 43
3 66
3 98
4 77
4 99
5 28
5 56
5 61
5 85
6 33
6 73
6 76
7 21
7 22
8 31
8 37
8 63
9 18
9 19
9 54
9 95
10 16
10 26
10 65
10 90
11 13
11 27
11 47
11 59
11 91
12 21
12 52
12 75
12 79
13 47
13 51
13 59
14 15
14 57
14 97
15 45
15 97
16 38
16 42
16 50
16 55
16 74
16 90
17 18
17 19
17 33
17 54
17 76
17 78
17 82
18 19
18 54
18 82
18 95
19 54
19 82
20 89
21 22
21 79
22 38
22 79
23 29
23 58
23 87
23 96
24 29
24 32
24 44
24 86
25 72
26 65
26 81
26 90
27 43
27 47
28 56
28 61
28 85
29 44
29 96
30 46
30 70
31 35
31 37
31 63
32 44
32 86
33 76
33 78
33 82
34 60
34 66
35 37
35 49
35 63
36 42
36 50
36 53
36 68
36 93
37 63
38 42
38 50
38 55
38 74
39 73
39 88
40 56
40 89
41 48
42 50
42 68
42 93
43 66
43 98
44 86
45 62
46 57
46 62
47 59
47 91
48 77
48 99
49 72
50 68
50 93
52 75
52 79
53 68
53 93
54 95
55 74
56 61
58 87
58 96
59 91
61 85
64 83
64 90
66 67
66 94
67 94
68 93
69 80
69 84
71 81
73 88
74 83
75 79
76 78
76 82
77 99
78 82
80 84
80 89
83 90
84 94
87 96
