0 22
0 25
0 77
1 12
1 19
1 27
1 61
1 76
1 93
1 94
2 5
2 63
2 83
2 95
3 31
3 73
3 80
4 44
4 97
5 21
5 23
5 34
5 63
5 83
6 9
6 33
6 42
6 56
6 74
7 8
7 44
7 82
7 97
7 99
8 81
8 82
8 97
8 99
9 18
9 33
9 42
9 56
9 65
9 75
10 15
10 17
10 29
10 65
10 75
10 89
11 66
11 78
11 98
12 27
12 42
12 68
12 93
12 94
13 78
15 17
15 21
15 52
15 58
15 59
15 72
15 89
16 20
16 38
16 48
16 60
16 74
17 29
17 52
17 58
17 65
17 72
17 75
17 89
18 29
18 33
18 37
18 56
18 65
18 75
19 27
19 61
19 93
19 94
20 38
20 48
20 60
20 74
21 23
21 52
21 59
21 72
21 83
22 25
22 77
23 34
23 54
24 26
24 33
24 37
24 56
24 69
24 70
25 77
26 37
26 69
26 70
27 61
27 76
27 93
27 94
28 64
29 31
29 65
29 75
29 80
29 89
30 50
30 78
30 85
30 87
31 58
31 73
31 84
31 89
32 49
32 71
32 91
32 96
33 37
33 56
33 65
33 75
35 45
36 53
37 65
37 69
38 48
38 60
38 74
39 40
39 41
39 46
39 47
39 51
39 67
40 41
40 46
40 47
40 51
41 46
41 47
41 51
44 97
46 47
46 51
47 51
48 60
48 74
49 53
49 71
49 91
49 96
50 79
50 85
50 87
52 58
52 59
52 72
52 83
52 89
53 71
53 91
53 96
54 57
56 70
58 59
58 72
58 84
58 89
59 72
59 83
61 88
61 93
61 94
62 64
63 83
65 75
65 89
66 78
66 79
66 96
66 98
68 80
69 70
71 91
71 96
72 83
72 89
73 81
73 84
73 99
74 88
75 89
76 94
78 98
79 96
81 82
81 84
81 99
82 84
82 99
84 89
84 99
85 87
88 93
90 92
91 96
93 94
