0 35
0 36
0 42
0 54
0 91
1 3
1 11
1 12
1 25
1 45
1 80
2 14
2 18
2 30
2 41
2 50
3 12
3 15
3 26
3 57
4 8
4 12
4 48
4 98
5 14
5 30
5 41
5 95
6 9
6 22
6 34
6 53
7 16
7 44
7 49
7 51
7 59
7 75
8 17
8 47
8 63
8 98
10 37
10 76
10 78
10 81
10 97
11 12
11 35
11 39
11 48
11 80
11 91
12 39
12 48
12 80
13 19
13 38
13 65
14 18
14 30
14 41
14 50
15 26
15 57
16 44
16 49
16 59
16 75
16 88
17 47
17 58
17 90
18 30
18 50
18 61
18 70
18 83
19 58
19 65
20 62
21 27
21 82
22 31
22 34
22 53
22 64
23 28
23 33
23 84
24 86
25 45
25 67
25 87
25 93
26 57
26 60
26 82
27 29
27 60
27 82
28 33
28 84
29 68
29 85
30 41
30 50
31 53
32 61
32 66
32 83
33 84
34 53
34 64
35 36
35 39
35 42
35 54
35 80
35 91
36 42
36 54
36 86
36 91
37 76
39 48
39 80
39 90
40 72
40 94
41 50
42 54
42 86
42 91
43 96
44 49
44 51
44 75
44 95
45 67
45 93
47 63
47 98
48 80
48 90
49 51
49 73
49 75
50 70
51 75
51 81
51 95
51 97
52 66
54 86
54 91
55 59
55 88
56 62
57 60
57 69
57 82
58 90
59 88
60 74
60 87
60 92
61 66
61 70
61 83
63 98
64 73
67 93
68 74
68 85
69 82
70 83
73 75
73 76
73 78
73 97
74 87
74 92
75 81
75 95
75 97
76 78
76 81
76 97
77 94
78 81
78 97
80 91
81 95
81 97
86 91
87 92
89 99
95 97
96 99
