0 18
0 75
0 88
1 60
1 87
2 9
2 23
2 41
2 46
2 52
2 76
3 14
3 15
3 20
3 42
4 7
4 24
4 33
4 43
4 77
4 94
5 83
6 30
6 74
7 24
7 33
7 43
7 84
8 16
8 26
8 95
9 23
9 41
9 46
9 52
9 76
10 91
11 16
11 25
11 26
11 38
12 50
12 62
12 82
12 95
13 24
13 27
13 78
14 20
14 51
15 20
15 40
15 67
15 70
15 90
16 26
16 31
16 38
16 66
16 96
17 32
17 84
17 86
17 97
17 99
18 52
18 75
18 88
20 40
20 51
20 67
20 70
21 47
21 73
21 82
22 35
22 39
22 63
22 77
22 79
22 93
22 94
22 98
23 41
23 46
23 49
23 76
23 91
24 33
24 43
25 31
25 38
26 31
26 38
26 66
26 96
27 99
28 42
28 85
28 88
29 30
31 45
31 66
31 96
32 84
32 86
32 97
33 39
33 43
33 63
33 80
33 93
33 94
33 98
34 64
34 73
34 80
34 86
34 98
35 45
35 79
36 59
36 71
39 63
39 80
39 93
39 94
39 98
40 67
40 70
40 90
41 46
41 52
41 76
42 61
42 81
42 85
45 62
45 66
45 79
45 96
46 76
47 62
47 73
47 79
47 98
48 49
48 91
49 91
50 82
53 72
54 65
55 56
55 68
56 57
56 60
56 68
57 60
57 61
57 81
58 60
58 87
59 71
61 67
61 70
61 81
62 79
62 96
63 80
63 93
63 94
63 98
64 86
66 96
67 70
67 90
68 81
70 90
75 77
75 88
77 94
79 98
80 93
80 94
80 98
83 92
84 97
93 94
93 98
94 98
97 99
