0 27
0 31
0 32
0 35
0 65
0 79
1 51
1 58
1 97
1 98
2 16
2 37
2 63
2 95
3 5
3 13
3 52
3 74
4 85
4 87
6 7
6 25
6 41
6 51
6 58
6 59
6 80
6 90
7 25
7 34
7 59
7 80
7 90
8 57
9 30
9 55
9 76
9 86
10 11
10 12
10 15
10 60
10 64
10 70
10 93
10 94
11 12
11 26
11 60
12 60
12 61
12 69
12 94
13 42
13 74
14 18
14 91
15 19
15 60
15 64
15 70
15 93
15 94
16 24
16 37
16 63
16 95
17 20
17 33
17 38
17 43
17 54
18 91
19 29
19 60
19 69
19 72
19 82
19 93
19 94
20 23
20 33
20 43
20 49
21 36
21 39
21 56
22 29
22 48
22 71
22 72
22 82
23 92
24 56
24 62
24 63
25 58
25 59
25 80
25 90
27 31
27 32
27 35
27 47
27 65
27 79
28 39
28 44
28 50
28 57
28 78
29 48
29 72
29 82
29 93
30 55
31 40
31 47
31 66
32 46
32 47
32 55
32 79
32 86
33 43
33 49
33 89
35 65
37 63
37 95
38 54
38 76
38 77
39 44
39 50
41 51
41 58
41 68
41 80
41 81
41 83
41 84
41 90
42 52
42 74
42 99
43 49
43 89
44 50
44 78
45 53
46 79
47 55
47 79
47 86
48 68
48 71
48 81
48 82
48 83
49 89
50 78
51 58
51 59
51 90
51 98
53 92
54 75
54 88
55 86
56 62
58 59
58 90
58 98
59 80
59 90
60 61
60 64
60 69
60 93
60 94
61 69
63 95
64 70
64 93
64 94
65 79
66 67
66 73
67 73
68 71
68 81
68 83
68 84
69 93
69 94
70 93
70 94
71 81
71 82
71 83
72 82
72 93
73 75
73 86
73 88
75 86
75 88
76 77
80 90
80 96
82 93
83 84
93 94
95 98
97 98
