0 13
0 26
0 31
0 82
0 88
0 90
1 71
1 89
1 91
2 9
2 50
2 53
3 4
3 18
3 25
3 34
3 71
3 75
3 89
4 18
4 75
5 19
5 43
5 63
5 65
5 69
5 98
6 11
6 32
6 47
6 70
6 87
7 33
7 50
7 51
7 53
7 64
8 91
9 45
9 48
9 96
10 30
10 41
10 65
10 72
10 85
10 94
11 32
11 47
11 52
11 87
12 35
12 60
12 62
12 99
13 26
13 46
13 82
13 88
13 90
14 15
14 63
14 93
14 98
15 63
15 93
15 98
16 28
16 73
16 83
17 24
17 84
17 86
17 95
18 75
19 38
19 43
19 63
19 69
20 29
20 30
20 63
20 72
21 31
21 61
21 76
22 26
22 46
22 82
23 60
24 84
24 86
24 95
25 34
25 89
26 31
26 46
26 80
26 82
26 88
27 37
27 77
27 97
28 73
28 83
29 30
29 39
29 72
30 72
30 85
31 61
31 80
32 47
32 70
32 87
33 50
33 68
33 81
34 71
34 75
34 89
35 60
35 62
35 99
36 51
36 55
36 64
36 74
37 77
37 97
38 63
38 69
38 98
39 60
39 99
41 54
41 65
41 81
41 85
41 94
42 44
43 63
43 69
44 57
45 48
46 70
46 82
46 88
47 52
47 55
47 87
49 54
49 66
49 79
50 53
51 55
51 64
51 74
52 87
54 66
54 81
54 94
55 74
55 87
56 59
56 67
58 78
58 92
59 67
60 62
60 99
61 80
62 99
63 98
64 74
65 85
65 94
66 79
66 81
66 94
68 81
71 75
71 89
73 79
73 83
77 97
78 92
79 83
81 94
82 88
84 95
85 94
88 90
