0 79
1 32
1 90
2 11
2 26
2 31
2 86
3 17
3 19
3 44
3 68
3 77
3 84
4 8
4 9
4 10
4 21
4 57
4 69
4 98
5 14
5 24
5 37
5 59
6 27
6 33
6 48
6 94
6 95
8 9
8 57
8 69
9 10
9 57
9 69
9 98
10 21
10 57
10 69
10 98
11 19
11 41
11 60
11 85
12 13
12 34
13 34
14 24
14 59
15 55
15 79
16 23
16 50
16 74
16 92
16 96
17 44
17 68
17 77
17 84
18 43
18 53
18 62
18 73
18 78
19 29
19 59
19 68
19 77
19 85
20 30
20 65
20 82
21 98
22 23
22 49
22 54
23 49
23 54
23 74
23 92
23 96
24 37
24 51
24 59
24 77
24 84
25 27
25 33
25 45
25 48
25 75
25 87
25 95
25 97
26 31
26 86
27 33
27 48
27 87
27 95
28 36
28 45
28 75
28 81
28 93
28 97
28 99
29 47
29 52
29 59
29 85
30 61
30 64
30 65
30 72
30 82
30 89
31 86
32 90
33 48
33 95
34 47
35 61
35 66
36 45
36 63
36 75
36 93
36 97
36 99
37 51
38 40
38 91
39 67
39 88
40 86
40 91
41 46
41 60
42 58
42 76
42 87
43 53
43 73
43 78
44 68
44 77
44 84
45 75
45 93
45 97
46 60
47 52
48 87
48 95
49 54
50 64
50 74
50 80
50 92
50 96
51 88
53 62
53 73
53 78
55 79
57 69
57 98
58 87
58 94
59 77
59 85
61 65
61 66
62 73
63 75
64 65
64 80
64 89
65 72
65 82
65 89
67 88
68 77
68 84
71 98
72 82
74 92
74 96
75 97
76 81
76 87
77 84
81 93
81 97
81 99
87 94
87 95
92 96
93 97
93 99
94 95
97 99
