0 1
0 14
0 20
0 29
0 31
0 67
0 71
1 14
1 20
1 29
1 31
1 64
1 67
1 71
2 45
2 63
2 83
2 86
3 70
3 85
3 92
3 98
4 47
4 69
5 16
5 19
5 34
5 44
5 55
6 11
6 40
7 38
7 80
7 82
7 87
8 13
8 53
9 68
9 73
9 99
11 30
11 40
12 28
12 50
12 59
12 74
13 53
13 70
13 86
14 20
14 28
14 29
14 31
14 67
14 71
15 38
15 48
15 82
15 87
16 34
16 41
16 44
17 32
17 89
17 90
18 23
18 25
18 84
19 34
19 55
19 96
20 28
20 29
20 31
20 50
20 67
20 72
20 74
20 79
20 95
21 36
21 65
21 70
21 98
22 75
22 93
23 24
23 25
23 54
23 84
24 54
25 54
25 84
26 30
26 62
26 64
27 35
27 43
27 47
27 51
28 50
28 67
28 72
28 74
28 79
28 95
29 31
29 63
29 67
31 67
31 72
31 79
32 78
32 89
32 90
33 48
33 56
33 66
34 41
34 55
34 60
34 96
35 43
35 47
35 51
35 60
35 88
35 96
35 97
36 65
37 57
37 76
37 91
37 94
38 48
38 56
38 82
38 87
39 57
39 93
40 77
41 60
41 88
41 96
41 97
43 47
43 51
43 60
43 96
43 97
44 46
44 58
45 52
45 86
46 49
46 58
47 51
48 56
48 82
48 87
49 58
50 67
50 72
50 74
50 79
50 95
51 60
51 88
51 96
51 97
54 84
55 96
56 66
56 82
56 87
57 91
57 94
60 88
60 96
60 97
61 94
62 63
62 64
62 83
63 64
63 83
65 92
65 98
66 73
66 81
67 71
67 72
67 74
67 79
67 95
68 99
70 92
70 98
72 74
72 79
72 95
73 81
74 79
74 95
75 77
78 89
79 85
79 92
79 95
80 87
80 99
82 87
85 92
88 96
88 97
89 90
91 94
92 98
96 97
