0 1
0 79
0 85
1 43
1 85
2 14
2 67
2 70
2 88
2 94
3 33
3 61
3 69
4 19
4 30
4 31
4 63
4 72
4 78
5 19
5 72
5 78
6 20
7 17
7 25
7 26
7 27
7 58
7 81
7 83
8 10
8 12
8 80
9 54
9 86
10 39
10 40
10 73
10 80
10 89
11 18
11 36
11 45
11 47
11 50
11 52
12 68
13 29
13 33
13 86
14 42
14 70
14 88
14 92
14 94
15 36
15 45
15 50
16 41
16 44
16 67
16 87
16 98
17 25
17 34
17 46
17 66
17 83
18 36
18 45
18 50
18 52
18 56
19 30
19 38
19 63
19 72
19 78
19 95
20 62
20 91
21 34
21 57
21 66
22 37
22 55
22 64
22 97
23 74
23 90
24 60
24 67
25 27
25 34
25 46
25 83
26 27
26 58
26 81
27 58
27 81
27 83
28 74
28 90
28 93
29 77
29 86
30 31
30 63
30 76
30 78
31 61
31 63
31 82
31 96
33 61
34 46
34 57
34 66
34 83
35 84
35 87
36 45
36 47
36 50
37 55
37 64
37 97
38 75
38 95
39 40
39 73
39 80
39 82
39 96
39 99
40 73
40 80
40 89
40 99
41 44
41 67
41 98
42 92
43 44
45 47
45 50
45 52
46 66
46 83
48 59
48 62
48 71
48 91
49 53
49 65
50 52
53 65
54 86
55 64
55 97
58 81
59 62
59 91
61 63
61 76
61 96
62 91
63 76
63 82
64 97
66 83
67 70
67 98
69 79
70 88
70 94
70 98
71 93
72 78
73 80
73 89
74 90
74 93
75 95
76 77
79 85
80 89
80 99
82 96
82 99
84 87
88 94
88 98
94 98
96 99
