0 76
0 94
1 5
1 19
1 23
1 42
1 73
2 22
2 52
2 66
2 72
2 85
4 29
4 87
5 16
5 19
5 23
5 31
5 42
5 73
5 88
5 92
6 21
6 47
6 49
6 91
7 24
7 50
7 54
7 84
7 90
8 38
9 27
9 70
9 98
10 49
11 37
12 61
13 27
13 30
13 41
13 43
14 31
14 57
14 72
14 78
14 88
14 92
15 18
15 25
15 32
15 36
15 48
15 60
15 74
15 86
16 23
16 42
16 73
16 92
16 96
17 28
17 38
17 41
17 43
17 64
17 69
17 80
17 81
18 24
18 25
18 32
18 50
18 60
18 79
18 86
18 90
19 23
19 42
19 73
20 53
21 47
21 91
22 52
22 66
22 85
23 42
23 73
24 32
24 50
24 54
24 60
24 90
25 32
25 33
25 36
25 48
25 50
25 60
25 63
25 74
25 86
26 45
26 71
28 64
28 69
28 81
29 87
30 41
30 43
30 51
30 67
30 83
31 57
31 73
31 88
31 92
32 50
32 60
32 63
32 86
32 90
33 37
33 50
33 63
33 84
34 46
35 96
36 48
36 60
36 70
36 74
36 86
37 84
38 51
38 55
38 64
38 80
39 99
40 65
41 43
41 51
41 55
41 64
41 67
41 80
42 73
43 51
43 55
43 64
43 67
43 80
44 62
44 68
45 71
47 49
47 91
48 63
48 74
48 86
50 54
50 84
50 90
51 55
51 64
51 67
51 80
51 83
52 56
52 66
52 77
52 85
53 72
54 84
54 90
55 59
55 64
55 67
55 80
55 83
56 58
56 77
56 89
57 78
58 77
58 89
59 75
59 83
60 79
60 86
60 90
62 68
63 74
64 80
66 72
66 85
67 80
67 83
69 81
69 98
70 86
72 85
72 88
73 88
73 92
75 95
76 94
77 78
77 89
79 86
81 82
88 92
97 99
