0 93
1 5
1 47
1 62
1 78
1 81
1 87
2 3
2 50
2 68
2 84
3 6
4 20
4 30
4 76
4 86
4 97
5 47
5 62
5 78
5 81
5 87
7 22
7 28
7 54
7 77
8 41
8 65
8 73
8 82
9 36
10 14
10 32
10 49
10 58
10 74
11 24
11 63
11 91
12 39
12 53
12 61
12 91
13 35
13 85
14 32
14 49
14 58
14 74
15 37
15 41
15 42
15 44
15 56
15 72
16 89
17 38
17 83
18 29
18 51
18 97
18 99
19 45
19 59
19 65
19 67
19 85
19 88
20 30
20 53
21 25
21 52
21 93
22 54
23 28
23 34
24 49
24 63
25 52
25 67
25 93
26 38
26 46
26 64
26 90
27 32
27 59
27 74
27 85
28 34
29 51
29 55
29 75
29 80
29 97
29 98
30 53
31 66
31 99
32 49
32 74
33 83
33 95
34 57
34 77
35 41
35 85
37 44
37 48
37 56
37 72
39 53
39 61
39 91
40 49
40 63
41 44
41 56
41 82
42 72
42 73
42 96
43 60
43 79
44 48
44 56
45 59
45 65
45 67
45 85
45 88
46 64
46 90
47 62
47 81
47 87
48 56
49 58
49 74
50 68
50 84
50 95
51 55
51 60
51 71
51 75
51 80
51 97
51 98
52 67
53 61
53 69
55 60
55 71
55 75
55 79
55 80
55 98
56 72
57 69
57 70
59 65
59 85
59 88
60 75
60 79
60 80
60 98
61 91
62 78
62 81
62 87
64 90
65 67
65 88
66 99
67 88
67 93
68 84
68 95
69 70
69 76
71 75
71 98
73 82
75 80
75 98
76 86
78 81
79 98
80 97
80 98
81 87
84 95
85 88
92 96
