0 20
0 23
0 32
0 40
0 67
0 90
0 96
0 98
1 43
1 49
1 65
2 91
3 6
3 17
3 63
3 64
4 19
4 63
5 36
5 94
6 17
6 47
6 64
7 16
7 19
7 53
7 71
8 32
8 42
8 59
8 83
9 84
10 27
10 73
11 30
11 41
11 57
11 68
11 77
11 79
11 93
11 97
12 45
12 51
12 60
12 86
12 99
14 21
14 33
14 39
15 30
15 78
15 79
16 19
16 48
16 53
16 71
16 84
17 63
17 64
18 26
18 28
18 66
18 69
19 53
20 23
20 35
20 80
21 38
21 39
22 92
23 32
23 62
23 67
23 96
23 98
24 35
24 37
24 70
24 94
25 54
25 56
25 74
25 75
25 85
26 66
26 69
27 55
27 61
27 73
29 40
29 52
29 58
29 88
29 96
29 98
30 41
30 77
30 78
30 79
30 97
31 54
31 75
32 40
32 59
32 90
32 98
33 39
33 50
33 58
34 56
34 74
34 85
35 42
35 80
35 94
37 70
37 87
38 72
40 52
40 58
40 59
40 88
40 90
40 96
40 98
41 57
41 68
41 77
41 78
41 79
41 97
42 83
43 49
43 65
43 74
44 51
44 60
44 99
45 51
45 60
45 86
45 99
47 64
48 53
48 55
48 84
49 65
49 75
50 58
50 82
51 60
51 79
51 99
52 88
52 91
53 71
53 84
54 75
55 61
55 73
56 74
56 85
57 68
57 77
57 93
57 97
58 67
58 96
58 98
59 83
59 90
60 86
60 99
61 73
62 67
62 82
62 96
62 98
64 72
65 74
66 69
67 96
67 98
68 77
68 93
68 97
70 94
74 85
76 86
76 89
76 92
77 78
77 79
77 97
78 79
79 97
86 89
86 92
88 91
89 92
90 98
93 97
96 98
