0 52
0 54
0 66
0 72
1 23
1 29
1 32
1 34
1 73
1 79
1 93
2 7
2 28
2 90
3 21
3 36
3 59
3 64
3 71
3 80
3 91
3 92
4 53
4 72
4 78
5 26
5 78
5 85
5 97
6 22
6 33
6 34
6 42
6 50
7 8
7 28
7 90
8 41
8 48
8 90
10 13
10 50
10 74
10 81
11 14
12 41
12 44
12 48
12 67
13 14
13 25
13 42
13 74
13 77
13 81
13 94
14 25
14 46
14 77
14 81
14 94
15 47
15 49
15 58
15 87
16 38
17 45
17 55
17 65
18 61
18 63
18 68
18 84
19 20
19 24
19 27
19 43
19 46
19 86
19 89
20 24
20 27
20 33
20 43
20 86
20 89
20 98
21 57
21 59
21 71
21 80
21 88
21 91
22 29
22 34
22 50
23 30
23 32
23 49
23 73
23 79
24 27
24 31
24 33
24 43
24 86
24 89
24 98
25 36
25 46
25 77
25 94
26 37
26 53
26 78
26 85
26 97
27 31
27 33
27 43
27 86
27 89
27 98
28 71
28 92
29 34
29 58
29 73
30 75
30 79
31 33
31 98
32 73
32 79
32 93
33 89
33 98
34 50
35 56
35 76
36 46
36 59
36 64
36 80
36 91
37 53
37 72
37 78
39 57
40 55
40 65
41 44
41 48
42 50
42 77
43 63
43 68
43 86
43 89
43 98
44 48
44 69
45 55
45 65
46 59
46 77
47 61
48 69
49 58
49 87
51 82
51 96
52 54
52 72
53 72
53 78
54 66
55 65
56 76
58 87
59 64
59 80
59 91
60 70
60 83
60 96
61 63
61 68
61 84
62 92
63 68
63 84
63 86
63 98
64 80
64 91
64 92
67 99
68 84
68 86
68 98
70 85
70 97
71 88
71 92
73 79
73 93
74 77
74 81
74 94
76 95
77 81
77 94
79 93
80 88
80 91
80 92
81 94
82 83
82 96
83 96
85 97
86 89
86 98
89 98
91 92
