0 10
0 92
1 4
1 91
2 12
2 20
2 49
2 53
2 65
2 96
3 5
3 38
3 39
3 52
3 61
3 84
4 27
4 71
5 39
5 84
5 85
6 35
6 37
6 43
6 59
7 42
7 56
8 18
8 30
8 73
8 78
8 81
9 19
9 28
9 64
9 67
10 17
10 92
11 17
11 18
11 41
11 73
11 78
11 88
11 92
12 20
12 48
12 53
12 83
13 32
13 85
13 92
14 23
14 46
14 76
14 98
15 57
15 63
15 77
15 80
15 93
16 55
16 58
16 86
17 40
17 88
17 92
18 73
18 78
18 88
19 28
19 67
20 53
21 44
21 68
22 30
22 81
22 83
22 87
23 29
23 46
23 69
23 76
23 98
24 60
24 66
24 90
24 99
25 44
25 68
25 91
26 62
26 72
26 89
27 36
27 71
28 37
28 75
29 70
29 76
29 94
29 98
30 73
30 81
30 87
31 47
31 77
31 80
32 34
32 85
33 36
33 38
33 52
33 71
33 72
33 97
34 74
34 85
35 59
36 71
36 72
36 97
37 75
38 52
38 61
39 52
39 61
39 84
41 74
41 78
41 92
43 59
44 68
44 91
45 57
45 58
45 93
46 76
46 98
48 79
48 83
49 53
49 65
49 96
51 54
51 82
52 61
52 71
52 84
53 65
53 96
54 82
55 58
55 86
57 63
57 93
58 86
60 66
60 90
61 84
62 72
62 89
63 77
63 80
63 93
64 69
65 96
66 90
66 99
69 95
70 94
70 98
71 72
71 97
72 97
73 78
73 81
76 98
77 80
77 93
78 88
78 92
80 93
81 87
83 87
88 92
90 99
