0 21
0 27
0 35
1 3
1 7
1 23
1 90
2 48
2 67
2 90
3 90
3 99
4 26
4 55
4 61
4 69
5 15
5 32
6 65
6 74
7 23
8 56
8 63
8 68
8 88
8 97
9 24
9 50
9 62
9 70
9 73
10 15
10 41
10 48
10 54
10 67
10 96
12 19
12 29
12 59
12 84
12 93
12 94
13 31
13 96
14 28
14 72
15 32
15 41
15 48
15 54
15 67
16 18
16 46
16 65
17 22
17 33
17 38
17 45
17 49
17 57
17 66
18 46
18 71
19 59
19 74
19 81
19 84
19 93
20 44
21 27
21 35
22 49
22 66
24 64
25 42
25 78
25 79
26 55
26 61
26 69
26 77
27 95
28 58
28 72
28 85
29 76
30 37
30 55
30 80
30 82
30 95
33 38
33 45
33 49
33 66
33 91
34 36
34 48
34 53
37 80
37 82
37 95
38 49
38 66
38 91
40 91
41 48
41 54
41 67
41 96
42 78
42 79
43 62
43 94
44 47
45 57
45 66
45 91
46 65
46 71
46 83
47 98
48 54
48 67
49 64
49 66
50 52
50 62
50 89
50 92
51 85
52 62
52 89
52 92
53 87
54 67
54 96
55 61
55 69
55 95
56 63
56 68
56 77
56 88
56 97
57 66
59 74
59 81
59 84
59 93
60 75
61 69
61 77
61 86
62 70
62 73
63 68
63 88
63 97
67 96
68 88
68 97
70 73
70 99
71 83
73 99
74 81
74 84
75 87
77 86
77 88
77 97
80 82
81 84
84 93
85 98
86 88
86 97
88 97
89 92
93 94
