0 12
0 19
0 22
0 45
0 67
0 79
0 85
0 97
1 33
1 42
1 50
2 15
2 28
2 69
2 84
3 28
3 43
3 88
4 64
5 9
5 31
5 58
5 71
5 80
5 93
5 94
6 7
6 48
6 55
6 61
7 14
7 48
7 55
7 60
7 61
8 10
8 13
8 34
8 52
8 62
8 68
8 76
9 31
9 58
9 71
9 86
9 94
10 47
10 52
10 68
10 76
10 82
11 14
11 30
11 37
11 63
12 22
12 75
12 90
12 91
12 95
13 18
13 26
13 34
13 40
13 56
13 62
13 96
14 30
14 48
14 54
14 55
14 60
14 61
14 63
14 90
15 69
15 78
16 17
16 81
17 33
17 81
18 40
18 56
18 62
18 78
18 96
19 22
19 45
19 67
19 73
19 79
19 85
19 97
19 98
20 53
21 32
22 67
22 79
22 85
22 91
22 95
22 97
25 92
25 99
26 39
26 56
26 62
26 65
26 77
27 36
27 87
27 99
28 43
28 69
29 44
29 66
30 37
30 63
31 51
31 86
31 93
31 94
32 59
32 65
34 62
34 76
35 47
35 72
37 63
39 56
39 62
39 65
39 77
40 78
40 96
41 80
42 50
43 88
44 66
45 67
45 73
45 79
45 85
46 79
46 91
46 98
47 52
47 68
47 76
48 55
48 60
48 61
48 90
49 74
49 83
50 89
51 70
51 86
51 94
52 68
52 76
54 60
54 90
54 97
55 60
55 61
56 62
57 75
57 95
58 71
58 80
59 65
60 61
60 90
62 96
66 88
67 79
67 85
67 97
68 76
69 78
69 84
71 86
71 94
73 79
73 85
73 86
74 83
75 95
78 96
79 85
79 91
79 98
85 97
86 94
90 95
91 95
91 98
92 99
