0 49
0 56
0 66
0 67
0 68
0 71
0 73
1 12
1 43
1 44
1 47
2 9
2 21
2 81
3 13
3 30
3 35
4 31
4 96
5 8
5 55
5 74
5 83
5 86
6 29
6 39
6 70
7 16
7 61
7 62
7 72
7 78
7 98
8 55
8 74
8 83
8 86
9 19
9 21
9 81
10 28
10 76
10 87
10 90
11 42
11 48
11 76
11 88
11 90
11 91
12 33
12 43
13 30
13 77
14 36
14 42
14 84
14 93
15 34
15 80
16 62
17 37
17 66
17 71
18 20
18 22
18 30
18 32
18 35
18 52
18 77
18 97
19 21
19 79
19 89
20 22
20 52
20 77
20 97
21 79
22 52
22 77
22 97
25 32
25 33
25 97
26 51
26 56
26 65
26 79
26 89
27 36
27 54
27 57
27 59
28 69
29 39
29 70
30 32
30 35
30 77
32 33
32 35
32 97
34 46
34 80
36 42
36 54
36 57
36 59
37 56
37 71
37 73
38 44
38 85
39 70
42 59
42 93
43 47
45 58
46 80
48 82
48 85
48 88
48 90
48 91
49 58
49 67
50 69
50 75
50 92
51 56
51 73
52 77
52 97
53 65
54 57
54 59
55 62
55 72
55 74
55 86
56 71
56 73
57 59
57 87
57 92
58 67
60 63
61 72
61 78
61 81
61 98
62 64
62 72
63 83
64 70
64 74
65 96
66 68
66 71
68 71
69 75
69 92
71 73
72 78
72 98
74 86
75 92
76 87
76 90
78 81
78 98
79 89
82 85
82 88
82 91
85 88
85 91
87 90
88 90
88 91
