0 5
0 26
0 28
0 86
0 95
1 6
1 8
1 23
1 42
1 50
1 64
1 94
2 41
2 76
2 85
2 96
3 19
3 25
3 53
3 61
3 88
4 62
5 26
5 28
5 66
5 95
6 8
6 23
6 35
6 50
6 64
7 30
7 36
7 55
7 82
8 42
8 50
8 94
9 16
10 13
10 21
10 65
10 67
10 70
10 75
10 80
11 23
11 35
11 64
11 69
11 89
12 62
13 21
13 65
13 75
13 80
14 67
15 71
15 84
17 98
18 21
18 40
18 43
18 65
18 73
18 75
18 80
19 25
19 61
20 57
20 58
21 75
21 80
22 49
22 52
22 99
23 35
23 50
23 64
23 69
23 78
24 37
24 39
25 59
25 61
25 88
26 28
26 86
26 95
27 37
27 45
27 48
27 87
28 66
28 95
29 32
29 47
29 68
29 79
29 91
29 93
30 36
30 55
30 57
31 44
31 48
31 56
31 97
32 47
32 74
32 79
32 93
33 40
33 43
33 49
33 52
33 54
33 73
34 66
34 89
35 50
35 64
35 69
36 55
36 57
36 71
36 84
37 45
37 87
38 59
38 81
40 43
40 54
40 65
40 70
40 73
41 51
41 96
42 94
43 73
43 84
44 97
46 91
47 68
47 79
47 91
47 93
48 56
48 97
49 52
49 54
49 70
49 73
50 64
51 96
51 97
53 88
54 65
54 67
54 70
54 73
55 57
55 58
57 58
59 81
59 88
60 63
60 81
61 88
64 69
65 67
65 70
65 73
65 75
65 80
67 70
68 79
68 91
68 93
69 78
70 73
71 84
72 86
72 87
75 80
76 85
77 83
78 82
79 91
79 93
86 87
86 95
89 99
90 92
90 98
91 93
92 98
92 99
