0 16
0 18
0 30
0 50
0 55
1 4
1 11
1 58
1 65
1 75
1 82
1 96
2 14
2 27
2 72
3 31
3 40
3 48
3 66
3 81
3 92
4 11
4 48
4 65
4 66
4 75
5 29
5 67
5 72
5 97
5 99
6 47
6 71
6 87
7 15
7 20
8 17
8 34
8 70
8 71
9 37
9 44
9 64
9 68
9 85
10 28
10 77
10 80
11 58
11 65
11 75
11 82
11 96
12 17
12 34
12 42
12 51
12 70
12 86
13 85
13 95
14 27
15 20
16 30
16 50
16 55
16 57
17 34
17 42
17 70
17 71
17 78
18 24
18 36
18 49
19 38
19 69
20 44
21 26
21 32
21 35
21 53
21 57
22 56
23 43
23 90
24 36
24 49
24 52
25 45
25 93
26 32
26 35
26 53
26 57
27 75
27 82
28 77
28 80
29 58
29 67
29 97
29 99
30 50
30 55
30 57
30 69
31 40
31 46
31 48
31 66
31 81
31 92
32 35
32 53
32 57
32 74
33 49
33 50
33 52
33 55
34 42
34 70
35 53
37 72
37 85
38 69
39 47
39 88
39 94
40 46
40 48
40 66
40 81
40 92
41 61
41 83
41 88
42 51
42 78
42 86
42 93
43 90
44 60
45 90
45 93
46 81
46 92
47 87
47 94
48 66
48 75
48 81
49 52
50 55
51 54
51 76
51 86
53 57
54 76
54 86
55 69
57 74
58 82
58 96
59 74
60 79
62 63
62 64
63 64
63 68
63 85
63 95
64 68
64 85
64 95
65 75
65 96
66 81
67 72
67 97
67 99
68 85
75 82
76 86
77 80
78 93
81 92
83 88
84 87
84 94
85 95
86 93
87 94
97 99
