0 18
0 34
0 41
0 56
1 22
1 58
1 82
1 84
1 94
2 73
2 87
2 93
3 4
3 8
3 19
3 29
3 38
3 96
4 5
4 39
4 69
4 71
4 81
4 96
5 64
5 69
5 71
5 96
6 27
6 39
6 44
6 81
7 9
7 17
7 32
7 48
7 53
7 57
7 70
7 89
8 29
8 35
8 38
8 91
9 17
9 23
9 48
9 51
9 57
9 60
9 88
9 89
9 92
9 98
10 32
10 85
11 13
11 31
11 97
12 28
12 49
12 74
13 31
13 97
14 50
14 86
15 25
16 55
17 48
17 51
17 53
17 57
17 60
17 88
17 89
17 92
17 98
18 34
19 40
19 68
20 42
20 50
20 77
21 42
22 24
22 58
22 63
22 94
23 37
23 48
23 51
23 60
23 83
23 88
23 92
23 98
24 63
24 82
26 62
26 80
27 37
27 44
27 83
28 49
28 74
29 38
29 91
30 53
30 57
30 64
30 69
30 88
31 67
31 97
32 70
32 79
32 89
33 95
33 99
34 56
35 91
36 75
36 84
37 44
37 83
38 91
39 81
39 99
40 68
41 45
41 47
41 76
42 52
42 77
43 56
43 67
43 78
43 84
44 83
45 47
45 55
46 61
47 76
47 93
48 51
48 53
48 57
48 60
48 88
48 89
48 92
48 98
49 59
50 86
51 57
51 60
51 88
51 92
51 98
52 90
53 57
53 58
53 70
53 89
54 72
54 87
56 75
56 78
57 88
57 89
58 63
58 94
60 83
60 88
60 92
60 98
62 80
64 69
64 71
65 76
65 85
65 93
67 78
67 82
69 71
69 96
70 89
70 94
71 96
72 73
72 87
73 87
73 93
74 79
76 93
81 99
83 92
83 98
84 94
92 98
