0 15
0 27
0 29
0 30
0 59
0 60
1 53
1 61
1 62
1 78
1 86
1 94
2 24
2 25
2 45
2 55
2 80
3 56
3 84
3 85
3 91
3 97
4 14
5 21
5 22
5 31
5 32
5 96
6 20
6 41
6 47
6 48
6 72
6 92
7 26
7 33
7 54
7 65
7 68
8 64
8 66
8 93
8 99
9 19
9 23
9 46
9 49
9 71
9 77
9 82
11 50
11 87
11 89
11 94
11 98
12 20
12 41
12 48
12 52
12 91
12 97
13 45
15 29
15 30
15 59
17 42
17 67
17 69
17 90
18 31
18 42
18 67
18 73
18 90
19 23
19 49
19 77
19 82
20 41
20 48
20 58
21 22
21 25
21 55
21 80
21 96
22 25
22 32
22 38
22 39
22 40
22 80
22 96
23 46
23 49
23 71
23 77
23 82
24 40
24 45
24 80
25 55
25 80
25 96
26 33
26 54
26 65
26 68
27 29
27 30
27 59
27 60
27 70
28 34
28 35
28 37
28 46
28 66
29 30
29 59
29 60
30 59
30 60
31 32
32 38
32 39
32 72
32 96
33 53
33 65
33 68
33 74
33 78
34 35
34 37
34 46
34 66
35 37
35 66
35 99
36 46
36 71
36 82
37 66
38 39
38 40
38 80
39 40
39 72
40 80
41 48
41 58
42 67
42 69
42 73
42 90
43 87
44 47
44 72
45 55
46 71
46 82
47 72
48 91
48 97
49 77
50 87
50 89
50 94
50 98
53 62
53 65
53 74
53 78
54 68
55 80
56 75
56 84
56 85
56 91
56 97
59 60
61 62
61 86
61 94
62 86
63 95
64 93
64 99
65 74
65 78
67 73
67 90
69 88
70 81
71 82
72 92
73 90
74 78
75 83
75 85
76 83
77 88
81 88
84 85
85 91
85 97
86 94
87 89
89 98
91 97
92 95
93 99
