0 1
0 30
0 57
0 70
0 78
0 79
0 90
1 11
1 30
1 56
1 57
1 70
1 78
1 84
1 90
2 12
2 55
2 63
2 82
2 94
3 7
3 41
3 42
4 6
4 21
5 79
5 98
5 99
6 66
7 20
7 39
7 41
7 42
7 58
7 68
7 76
8 24
8 52
8 61
8 63
8 77
8 88
10 31
10 51
10 54
10 59
10 95
11 13
11 30
11 56
11 78
11 90
12 25
12 32
12 55
12 63
12 75
12 82
12 94
13 17
13 34
13 43
13 89
14 18
14 37
14 65
15 17
15 35
15 50
15 85
16 26
16 27
16 32
16 44
16 80
17 35
17 43
17 50
17 56
17 85
18 37
18 64
18 65
19 20
19 40
19 41
19 48
19 60
19 67
19 76
20 40
20 41
20 48
20 60
20 67
20 76
22 66
22 93
24 88
25 39
25 55
25 58
25 60
25 68
25 75
26 27
26 32
26 44
27 32
27 44
27 80
27 87
28 29
28 33
28 72
28 83
28 97
29 33
29 62
29 72
29 83
30 56
30 57
30 70
30 78
30 84
30 90
31 48
31 54
31 95
32 44
33 72
33 83
34 43
34 71
34 89
34 92
35 50
35 85
36 81
37 65
38 51
38 54
38 59
38 95
39 58
39 60
39 68
39 75
40 60
40 67
40 75
40 76
41 47
41 76
42 46
43 89
43 92
44 80
45 65
47 64
49 53
49 71
50 85
50 92
51 54
51 59
51 93
51 95
52 61
52 74
52 77
52 91
53 97
54 59
54 95
55 63
55 74
55 75
55 82
55 94
56 70
56 78
56 84
56 90
57 70
57 78
57 84
57 90
58 68
59 93
59 95
60 67
60 74
60 75
60 76
61 63
61 74
61 77
61 88
61 91
61 94
62 66
62 72
63 74
63 75
63 82
63 88
63 94
67 75
67 76
69 73
69 86
70 78
70 84
70 90
71 89
71 92
72 83
72 97
73 86
74 75
74 77
74 82
74 91
74 94
75 82
75 94
77 88
77 91
78 90
79 99
80 87
81 93
82 94
84 90
86 87
88 94
89 92
