0 40
0 66
0 68
0 77
0 89
0 99
1 10
1 70
2 43
2 84
3 12
3 40
3 91
3 99
4 44
4 50
4 69
5 18
5 42
5 59
5 66
5 71
5 77
5 82
6 27
6 86
6 87
6 93
7 12
7 78
7 97
8 18
8 42
8 52
8 59
8 65
8 71
9 13
9 46
9 49
9 56
9 96
10 11
11 50
11 69
12 91
13 28
13 46
13 49
13 56
13 96
14 17
14 23
14 73
14 85
15 16
15 52
16 24
16 27
16 53
16 76
16 86
16 87
17 73
17 85
17 94
18 42
18 59
18 71
18 77
18 82
19 74
20 32
20 54
20 79
22 28
22 46
22 72
23 54
23 85
24 27
24 53
24 76
24 86
24 87
25 51
25 80
25 88
26 39
26 62
26 63
26 83
27 35
27 53
27 55
27 87
27 92
27 93
28 46
28 72
28 90
28 96
29 30
29 36
29 64
29 65
29 78
29 82
29 97
30 36
30 42
30 59
30 64
30 65
30 68
30 78
30 82
31 53
31 76
32 79
33 57
33 81
34 38
34 91
35 55
35 92
35 93
36 64
36 65
36 78
36 90
37 67
37 75
37 95
39 62
39 63
40 41
40 68
40 89
40 99
41 89
41 99
42 59
42 65
42 66
42 71
42 77
42 82
43 84
44 50
44 69
45 60
45 98
46 49
46 56
46 96
47 51
47 70
47 75
47 95
48 95
49 56
49 61
49 96
50 69
51 75
51 80
52 65
53 76
53 92
54 85
55 93
56 81
56 96
57 81
58 80
59 65
59 66
59 71
59 77
59 82
60 98
62 83
64 65
64 78
64 97
65 71
65 82
66 68
66 77
66 82
67 95
68 82
68 89
70 75
71 82
73 85
73 94
75 95
77 82
78 97
80 88
86 87
87 93
89 99
