0 79
1 10
1 75
1 76
1 85
1 88
2 18
2 20
2 23
2 41
2 63
2 64
2 65
3 44
3 67
3 70
3 83
3 87
4 13
4 37
5 17
5 32
5 40
5 71
5 95
6 11
6 90
6 94
7 19
8 28
9 11
9 66
10 75
10 85
11 66
12 21
12 25
12 27
13 24
13 36
13 84
13 90
13 94
13 96
14 75
14 97
15 38
15 57
15 86
16 25
16 29
16 39
16 78
16 99
17 32
17 40
17 44
17 83
17 87
18 35
18 41
18 64
18 65
18 93
20 23
20 41
20 63
21 27
22 33
22 42
22 58
22 69
22 72
23 41
23 63
23 65
24 36
24 84
24 90
24 94
24 96
25 26
25 29
25 39
25 78
25 99
26 29
26 39
26 99
29 39
29 78
29 99
31 61
31 89
32 40
32 43
32 44
32 55
32 83
32 87
33 34
33 42
33 47
33 72
34 42
34 47
34 72
35 64
35 65
35 93
36 84
36 90
36 94
36 96
38 89
39 78
39 99
40 95
41 63
41 64
41 65
42 47
42 55
42 58
42 69
42 72
43 55
44 67
44 83
44 87
45 48
45 92
46 62
46 68
46 74
46 77
47 55
47 69
47 72
48 92
50 54
50 59
50 61
50 62
50 68
51 56
51 77
51 81
53 77
54 59
54 76
54 88
55 69
56 77
57 86
58 69
58 72
59 61
59 62
60 82
61 68
62 68
62 74
63 65
64 65
64 93
65 93
66 71
67 70
67 73
67 83
67 87
70 73
70 90
71 86
71 95
73 90
74 77
75 97
76 88
78 99
81 91
83 87
84 90
84 94
84 96
88 97
90 94
90 96
94 96
