0 4
0 34
0 57
0 88
1 21
1 29
1 54
1 98
2 37
2 58
2 68
2 85
2 92
3 35
3 47
3 51
3 90
4 5
4 24
4 34
4 57
4 76
4 88
5 24
6 7
6 49
6 75
6 94
7 49
7 75
7 87
7 99
8 40
8 69
8 72
8 74
8 79
9 11
9 13
9 17
9 32
9 43
9 70
9 82
9 86
9 96
10 55
10 56
10 58
10 67
10 85
10 93
11 13
11 43
11 70
11 82
11 86
11 96
12 45
12 61
13 17
13 32
13 42
13 70
13 82
13 96
14 28
16 41
16 60
16 65
16 78
16 83
17 45
17 70
17 82
17 96
18 81
19 39
19 69
19 91
20 50
20 71
20 95
21 29
21 54
21 98
22 27
22 44
23 25
23 46
23 60
23 65
23 80
24 76
25 26
25 80
26 80
27 35
28 66
29 54
29 98
30 36
31 41
31 78
31 83
31 89
32 42
32 43
32 82
32 86
33 55
33 73
34 57
34 76
34 88
35 47
35 51
37 58
37 68
37 92
38 46
38 97
39 69
39 91
40 69
40 72
40 74
41 46
41 60
41 65
41 78
41 83
41 89
42 43
42 82
42 86
43 82
43 86
43 96
45 61
46 65
46 97
47 51
48 87
48 99
49 75
49 94
50 71
52 81
53 59
53 84
53 93
54 98
55 58
55 68
55 85
56 67
56 85
57 76
57 88
58 68
58 85
59 77
59 84
59 93
60 65
60 80
60 83
63 74
63 79
64 95
65 80
65 83
66 90
67 85
68 85
68 92
69 91
70 82
70 96
71 95
72 73
72 77
73 77
74 79
75 94
77 84
78 83
78 89
82 86
82 96
83 89
86 96
87 99
