0 5
0 18
0 21
0 40
0 49
1 72
1 79
2 4
2 28
2 29
2 74
2 86
3 4
3 11
3 54
3 58
4 11
4 28
4 54
4 74
5 18
5 40
5 84
6 8
6 32
6 38
6 96
7 25
8 26
8 96
9 27
9 30
9 31
9 48
9 52
9 65
9 67
9 68
10 16
10 73
10 79
11 54
11 58
12 20
12 35
12 56
12 62
13 43
13 44
13 50
13 75
13 88
14 30
14 34
14 37
14 68
14 80
15 19
16 73
16 93
17 23
17 83
18 40
18 49
19 21
20 35
20 51
20 56
20 70
20 77
20 87
20 90
21 40
21 49
22 53
22 99
23 33
23 63
23 71
23 83
23 85
24 38
24 41
24 60
25 56
25 77
25 90
26 96
27 55
27 65
27 76
28 29
28 47
28 74
28 86
29 47
29 74
29 86
30 34
30 48
30 52
30 67
30 68
30 80
31 48
31 51
31 52
31 65
31 70
32 38
32 96
33 63
33 71
33 85
33 88
34 48
34 67
34 68
34 80
35 56
35 70
35 77
35 90
36 78
36 95
37 42
38 81
39 59
39 61
39 72
41 80
41 91
42 97
43 44
43 50
43 75
43 85
44 50
44 75
44 88
45 69
45 84
47 74
48 52
48 67
48 68
50 75
50 97
51 52
51 66
51 70
51 87
52 67
52 68
53 99
54 58
55 65
55 89
55 94
56 77
56 90
57 64
58 59
58 61
59 61
59 72
61 72
62 82
63 71
63 78
63 85
66 82
66 87
67 68
67 80
67 91
68 80
70 92
71 85
72 79
73 93
74 86
75 85
75 88
77 90
78 95
80 91
81 86
82 87
85 88
89 94
