0 25
0 39
0 49
0 51
0 80
0 95
1 9
1 19
1 57
1 60
1 65
2 8
2 31
2 46
2 78
2 92
3 11
3 17
3 58
3 82
3 87
3 94
4 53
4 64
4 72
4 90
5 20
5 21
5 66
5 71
6 30
6 40
6 54
6 76
6 85
7 8
7 46
7 89
8 42
8 46
8 61
8 78
9 19
9 57
9 60
9 65
10 20
10 21
10 62
10 66
10 69
10 71
10 93
11 17
11 58
11 87
11 94
12 50
12 52
12 77
13 16
13 22
13 26
13 28
13 37
13 38
14 32
14 45
15 74
15 77
16 22
16 26
16 35
16 37
16 96
17 23
17 48
17 58
17 82
17 87
17 94
18 29
18 75
18 88
19 57
19 60
19 65
20 21
20 22
20 66
20 69
20 71
20 96
21 22
21 37
21 66
21 69
21 71
21 96
22 37
22 66
22 96
23 40
23 44
23 48
23 58
23 82
23 85
24 32
24 45
24 74
25 41
25 63
26 28
26 35
26 38
26 96
27 36
27 77
28 38
28 91
29 75
29 88
30 40
30 44
30 54
30 76
30 85
31 73
31 78
31 84
31 92
32 45
32 59
33 89
34 54
34 76
34 97
35 38
35 42
35 96
36 53
36 93
37 66
37 96
39 49
39 51
39 80
39 95
40 44
40 82
40 85
42 46
43 52
43 55
43 91
44 82
44 85
45 59
45 74
46 78
47 54
47 70
47 76
47 98
48 58
48 82
49 80
49 95
50 52
50 77
51 80
51 95
52 55
53 59
53 64
53 72
53 93
54 70
54 76
55 60
55 91
56 99
57 65
57 83
58 82
58 87
58 94
59 64
59 74
60 65
61 86
62 69
62 71
63 80
64 72
66 69
66 71
66 96
68 79
69 71
69 93
70 76
70 97
70 98
72 93
73 78
73 84
73 92
75 88
76 97
78 92
79 99
80 95
82 87
87 94
90 97
90 98
97 98
