0 19
0 67
0 99
1 10
1 14
1 47
1 80
2 73
2 89
3 43
3 67
3 68
3 96
3 99
4 30
4 49
4 52
4 58
4 90
5 40
5 56
6 21
6 54
7 35
7 36
7 65
8 27
8 60
8 92
9 19
9 20
10 39
10 47
11 29
11 71
11 94
11 95
12 26
12 34
12 57
12 79
13 33
13 50
14 37
14 45
14 80
15 23
15 31
15 48
15 75
15 84
15 91
16 39
16 47
16 89
17 24
17 41
17 70
17 77
18 21
18 54
18 90
19 20
19 67
21 54
22 37
22 42
23 31
23 46
23 48
23 75
23 84
23 91
23 93
24 59
24 69
24 70
24 77
25 44
25 72
26 57
26 79
27 60
27 92
28 64
28 82
29 95
30 52
30 58
30 88
31 46
31 48
31 75
31 84
31 91
31 93
32 55
32 74
32 76
33 50
34 57
34 83
35 59
35 88
35 98
36 65
37 45
38 53
38 64
38 82
39 47
39 72
40 51
40 56
41 59
41 70
41 77
41 98
42 97
43 60
43 68
43 96
44 72
46 61
46 62
46 66
46 84
48 75
48 84
48 91
48 93
49 58
49 78
49 90
51 56
52 58
53 55
53 82
55 74
55 76
58 90
59 69
59 88
59 98
60 92
61 62
61 66
61 74
61 87
62 66
64 82
66 74
67 68
67 96
67 99
68 96
68 99
69 88
69 98
70 77
71 94
73 89
74 76
74 87
75 84
75 91
75 93
76 87
78 85
80 97
84 91
84 93
85 86
88 98
91 93
