0 35
0 62
0 75
0 91
0 99
1 43
1 96
2 28
2 32
2 42
2 64
2 72
3 20
3 41
3 56
3 71
4 24
4 26
4 40
4 86
6 82
7 49
7 50
7 84
8 14
8 23
8 27
8 58
10 54
10 60
10 62
10 67
10 93
10 95
11 47
12 29
12 30
12 57
12 69
13 39
13 61
14 30
14 58
15 43
15 46
15 53
15 74
15 77
15 88
16 19
16 49
16 56
16 78
18 42
18 64
18 66
18 72
19 20
19 41
19 49
19 56
19 78
20 39
20 41
20 56
20 61
21 33
21 59
21 63
21 71
21 97
22 53
22 96
22 97
23 27
23 48
23 58
23 61
24 26
24 40
24 86
24 87
25 50
25 84
26 40
26 86
27 48
27 55
28 32
28 72
29 34
29 37
29 45
29 57
29 68
29 69
29 73
30 57
30 58
30 69
31 35
31 36
31 91
31 99
32 72
33 59
34 37
34 45
34 68
34 70
34 73
34 87
35 36
35 91
35 99
36 38
36 98
36 99
37 45
37 73
37 87
38 83
38 90
38 98
39 61
40 86
40 87
41 56
41 71
41 78
41 97
42 72
42 74
42 77
43 46
43 96
44 63
44 77
45 73
45 87
46 74
46 88
48 61
49 78
50 84
51 54
51 60
51 93
52 80
53 63
53 71
53 88
53 96
53 97
54 60
54 62
54 93
56 61
56 78
57 69
57 80
59 63
60 67
60 93
62 75
62 76
63 74
63 77
63 88
63 97
64 66
64 72
65 76
65 81
65 89
65 94
66 72
67 93
67 95
68 70
68 73
68 83
69 80
70 73
70 83
70 92
71 97
74 77
74 88
75 76
76 94
77 88
79 91
81 89
81 94
83 90
83 92
86 92
90 98
91 99
