0 45
0 87
1 36
1 40
1 61
1 79
1 80
1 88
1 99
2 8
2 39
2 45
2 52
2 55
2 78
3 4
3 19
3 40
3 46
3 63
3 66
3 71
3 75
4 17
4 19
4 46
4 63
4 66
4 71
4 75
5 20
5 21
5 29
5 37
6 13
6 82
6 90
7 11
7 83
8 45
8 52
8 87
9 41
9 59
10 12
10 43
10 68
10 78
10 95
11 89
12 27
12 39
12 55
12 78
12 84
13 28
13 44
13 58
13 65
13 82
13 97
14 26
15 27
15 51
15 84
16 49
16 64
17 46
17 63
18 33
19 46
19 53
19 63
19 66
19 71
19 75
20 21
20 29
20 48
20 91
22 32
22 67
22 68
22 81
23 43
23 69
23 76
23 86
24 72
24 92
27 55
27 78
27 84
28 44
28 58
28 65
28 70
28 82
28 97
29 37
30 38
30 53
30 66
30 75
30 89
31 44
31 60
32 57
32 67
32 68
32 85
32 95
34 74
35 36
35 42
35 60
35 61
35 80
35 88
36 42
36 60
36 61
36 80
36 88
37 62
39 45
39 55
39 78
39 81
40 71
40 79
40 80
40 88
40 99
41 59
41 77
42 60
42 61
43 69
43 76
43 86
43 95
44 65
45 87
46 63
46 71
46 75
47 49
47 64
48 56
48 91
48 98
49 64
51 76
53 63
53 66
53 75
54 73
54 94
55 78
55 84
56 59
56 74
56 77
56 91
56 98
57 67
57 68
57 86
57 95
58 65
58 70
58 82
58 97
59 77
59 98
60 61
61 79
61 80
61 88
61 99
63 66
63 71
63 75
64 72
65 70
65 82
65 97
66 71
66 75
67 68
67 85
67 95
68 95
69 76
69 86
70 82
70 97
71 75
73 94
74 98
76 86
77 98
78 84
79 80
79 88
79 99
80 88
80 99
82 90
82 97
83 96
85 94
88 99
90 93
91 98
92 96
