0 11
0 57
0 80
1 16
1 83
1 84
1 90
1 91
2 19
2 24
2 25
2 75
3 82
3 86
3 88
4 18
4 33
4 37
4 64
4 89
4 94
4 96
5 9
5 44
5 58
5 65
6 23
6 45
6 47
6 74
7 36
7 39
7 52
7 66
8 61
10 12
10 53
10 70
10 98
11 14
11 26
11 63
11 76
12 53
13 14
13 26
13 29
13 40
13 63
13 76
14 26
14 63
15 21
15 23
15 46
15 47
15 93
16 22
16 84
16 90
16 91
17 49
17 83
18 55
18 79
18 96
19 24
19 38
19 75
20 39
20 72
21 46
22 32
22 60
22 84
22 91
23 45
23 47
23 68
23 74
23 93
24 25
24 60
24 75
25 75
26 29
26 63
26 76
27 39
27 66
27 92
27 97
28 35
28 59
28 78
29 40
29 63
29 76
30 41
30 54
30 95
31 42
31 48
31 67
31 77
32 42
32 60
32 67
33 37
33 64
33 96
34 50
34 79
34 87
34 99
35 59
36 39
36 85
37 64
37 89
37 94
37 96
38 75
39 97
40 74
40 76
41 54
41 95
42 67
43 56
43 85
43 94
44 58
44 65
45 47
45 68
45 72
45 74
45 93
45 97
46 47
46 81
47 74
47 93
48 77
49 83
50 79
50 99
51 98
52 66
53 70
54 61
54 95
55 96
56 85
56 89
56 94
57 80
57 82
58 65
59 62
62 86
63 76
66 92
68 72
68 93
68 97
69 90
69 91
69 95
70 98
72 93
76 81
78 87
79 99
80 81
83 90
84 90
84 91
86 88
87 99
89 94
90 91
