0 3
0 21
0 44
0 56
0 77
1 4
1 28
2 52
2 74
3 21
3 56
3 77
4 17
4 28
5 72
5 87
5 92
5 95
6 23
6 59
7 9
7 35
7 48
7 51
7 76
7 78
7 82
7 88
8 41
8 57
8 94
9 35
9 48
9 76
9 82
9 88
10 29
10 47
12 61
12 91
12 97
13 15
13 31
13 61
14 34
14 41
14 42
14 45
14 49
14 57
14 65
14 80
14 89
15 31
15 61
16 25
16 32
16 46
16 58
18 36
18 43
18 53
18 64
18 66
18 69
19 50
19 62
19 72
19 95
20 67
21 44
21 56
22 28
22 60
23 82
24 37
24 75
24 84
24 92
24 93
25 48
25 76
25 78
25 82
25 88
26 27
26 35
26 40
26 54
26 86
27 39
27 40
27 86
27 99
29 47
30 96
31 61
32 46
32 55
32 58
33 37
33 93
34 41
34 42
34 49
34 57
34 65
34 80
34 89
35 48
35 51
35 88
36 53
36 64
36 66
36 72
36 87
36 95
37 75
37 84
37 93
38 44
38 70
39 50
39 73
39 81
39 86
39 99
40 43
40 69
40 86
41 49
41 57
41 94
42 45
42 57
42 65
42 80
42 89
43 64
43 69
44 56
45 89
46 55
46 59
47 83
47 90
48 51
48 76
48 78
48 82
48 88
49 57
50 62
50 99
51 88
52 74
52 96
53 64
53 66
53 70
53 72
53 87
54 65
54 80
54 86
55 59
61 97
62 72
62 95
62 99
64 66
64 69
65 80
65 89
66 72
66 87
67 77
68 73
71 85
71 90
72 87
72 95
73 81
73 98
75 84
75 92
75 93
76 78
76 82
78 82
78 88
79 91
79 98
80 89
81 98
81 99
84 93
91 98
98 99
