0 29
0 92
1 67
1 75
2 12
2 57
2 81
2 91
2 99
3 24
3 30
3 37
3 74
4 18
4 28
4 40
4 93
5 13
5 22
5 54
5 60
6 15
6 88
7 25
7 37
7 41
7 74
7 98
8 55
8 56
9 17
9 47
9 92
10 39
10 68
11 78
12 48
12 54
12 57
12 64
12 81
12 91
12 99
13 35
13 60
14 27
14 52
14 58
14 71
14 76
15 51
15 84
15 88
16 52
16 61
16 63
16 65
17 43
17 47
18 28
18 29
18 40
19 36
19 42
19 69
20 44
20 45
20 48
21 77
22 44
22 54
22 75
23 38
24 30
24 94
24 96
25 37
25 41
25 60
25 98
26 51
26 66
26 78
26 90
27 58
27 71
27 76
27 84
28 40
29 40
30 37
30 74
31 72
32 62
32 89
33 53
33 85
33 93
33 94
33 96
33 97
34 35
34 82
35 60
35 82
36 42
37 41
37 74
37 98
38 59
40 93
41 74
41 98
42 69
43 47
44 45
44 48
44 54
44 99
45 48
45 64
45 70
46 51
46 82
46 88
48 54
48 70
48 81
48 91
48 99
49 72
49 95
50 69
50 73
51 84
51 88
52 61
52 76
53 85
53 94
53 97
54 60
54 81
54 91
54 99
56 80
57 81
57 91
57 98
57 99
58 71
58 76
58 84
59 67
59 83
61 63
61 65
61 66
61 76
61 90
63 65
63 79
64 70
64 81
64 91
64 99
65 66
65 79
65 86
65 90
66 78
66 86
66 90
67 83
68 89
69 73
70 81
70 91
70 99
71 76
71 84
74 98
75 87
76 84
76 90
78 90
79 86
81 91
81 99
84 88
85 94
85 96
85 97
91 99
93 94
93 96
94 96
94 97
96 97
