0 87
1 15
1 19
1 33
1 42
1 52
1 65
1 78
1 80
1 81
2 9
2 18
2 34
2 53
2 88
2 90
2 92
3 23
3 28
3 35
3 54
3 62
3 68
4 5
4 9
4 18
4 38
4 58
4 83
4 89
5 13
5 38
5 45
5 69
5 76
5 86
6 98
7 29
7 46
7 91
8 48
8 59
8 99
9 18
9 38
9 53
9 58
9 76
9 83
10 11
10 30
10 65
10 75
10 77
10 84
10 96
11 15
11 30
11 33
11 65
11 75
11 77
11 84
11 96
12 20
12 64
12 67
13 34
13 38
13 45
13 60
13 69
13 76
13 86
14 21
14 32
14 41
14 51
15 19
15 30
15 33
15 52
15 65
15 75
15 80
15 81
15 96
16 57
16 63
17 50
17 95
18 53
18 58
18 83
18 88
19 33
19 42
19 65
19 78
19 80
19 81
20 64
20 67
20 98
21 32
21 41
21 51
22 25
22 26
22 92
22 94
23 35
23 39
23 54
23 62
24 47
25 26
25 90
25 92
25 94
26 92
26 94
27 57
27 66
28 35
28 62
28 68
28 71
28 98
30 33
30 65
30 75
30 77
30 84
30 96
31 69
31 74
31 86
32 41
33 52
33 65
33 75
33 78
33 80
33 81
33 96
34 38
34 45
34 53
34 60
34 66
34 76
34 86
34 90
35 54
35 58
35 62
35 68
35 89
36 93
37 70
37 72
37 79
38 45
38 60
38 69
38 76
38 86
40 64
40 67
41 51
41 78
42 43
42 44
42 80
42 81
43 44
43 81
45 60
45 69
45 76
45 86
46 91
48 59
49 51
49 70
49 72
50 95
53 66
53 76
53 90
54 58
54 83
54 88
55 74
56 99
57 63
57 66
58 83
58 89
59 71
60 69
60 76
60 86
60 93
61 72
61 73
62 68
62 71
63 66
64 67
65 75
65 78
65 80
65 81
65 96
66 90
68 71
69 76
69 86
70 72
71 82
72 73
72 95
73 95
75 77
75 84
75 96
76 86
77 84
77 96
78 80
78 81
80 81
80 96
83 89
84 96
90 92
92 94
