0 33
0 63
0 74
1 28
1 35
1 57
1 92
2 20
2 43
2 82
2 85
2 88
3 10
3 12
3 79
3 83
4 28
5 97
5 99
6 20
6 22
6 70
6 81
6 82
6 85
7 9
8 40
8 52
8 80
9 13
9 36
9 67
9 95
10 12
10 79
10 83
11 91
12 59
12 83
13 36
13 67
14 17
14 37
14 87
15 21
15 44
15 89
15 96
16 27
16 31
17 23
17 34
17 37
17 63
17 87
18 42
18 49
18 60
18 81
18 88
19 24
19 30
19 45
19 65
19 86
20 43
20 70
20 81
20 82
20 85
21 44
21 89
21 96
22 59
22 70
22 82
23 34
23 46
23 63
23 84
23 87
24 30
24 45
24 65
25 48
25 62
25 77
25 78
26 33
26 35
26 73
27 31
27 53
27 90
28 35
28 57
29 39
29 61
29 88
30 45
30 65
30 86
31 53
31 90
32 51
32 58
32 75
33 63
33 74
34 63
34 87
36 67
37 87
38 54
39 88
40 61
41 47
41 72
41 73
41 97
41 99
42 49
42 60
42 81
43 85
43 88
44 96
45 65
46 84
46 87
47 97
48 62
48 66
48 77
48 78
48 93
49 60
49 81
49 85
49 88
50 68
50 94
51 55
51 69
51 75
51 95
52 80
53 80
53 90
54 89
55 69
55 75
55 95
57 92
57 94
58 64
59 70
59 83
60 81
62 66
62 77
62 78
63 74
63 87
64 71
65 66
66 77
66 78
68 93
68 94
69 71
69 95
70 82
71 95
72 73
72 99
76 91
76 98
77 78
81 85
82 85
84 87
85 88
91 98
92 94
97 99
