0 34
0 43
0 77
0 81
0 93
1 3
1 14
1 73
1 78
1 89
2 31
2 48
2 64
2 68
2 69
2 87
2 88
3 73
3 74
3 78
4 42
4 98
5 17
5 37
5 49
5 50
5 97
6 19
6 46
6 83
7 77
7 81
8 53
8 57
9 28
9 60
10 11
10 26
10 27
10 54
10 79
10 90
10 96
11 16
11 27
11 54
11 90
11 96
11 99
12 25
13 18
13 20
13 94
14 39
14 59
14 65
14 89
15 16
15 23
15 41
15 52
15 70
15 92
16 23
16 41
16 52
16 70
16 96
16 99
17 37
17 49
17 50
17 97
18 20
18 40
18 47
18 67
18 76
19 30
19 55
20 94
21 59
21 62
21 65
21 89
22 33
22 36
22 63
22 83
23 41
23 52
23 70
23 92
26 27
26 36
26 79
27 33
27 54
27 79
27 90
27 96
27 99
28 60
29 52
29 61
29 98
30 36
30 55
30 63
31 44
31 48
31 64
31 69
31 88
32 46
33 36
33 63
34 55
35 40
36 63
37 39
38 84
38 95
40 47
40 67
40 68
41 52
41 70
41 76
41 92
42 98
43 81
43 93
44 48
44 69
45 74
45 78
45 80
45 84
47 67
47 88
47 91
48 64
48 69
48 88
49 50
49 72
49 97
50 72
50 97
52 61
52 70
53 57
54 90
54 96
54 99
57 84
58 66
58 82
58 85
58 87
59 62
59 65
59 89
61 98
62 65
62 80
62 89
62 95
63 83
64 68
64 69
64 87
64 88
65 80
65 89
66 82
66 85
67 76
68 86
68 87
70 92
71 76
71 92
72 97
73 78
73 89
74 78
76 92
77 81
79 90
80 84
80 89
80 95
81 93
82 85
82 87
85 86
85 87
86 87
88 91
90 96
96 99
