0 2
0 83
1 14
1 72
1 81
2 11
2 62
2 83
3 7
3 20
3 43
3 51
3 93
4 13
4 17
4 28
4 30
4 56
4 68
4 85
4 91
5 31
5 36
5 41
5 59
5 78
5 82
5 88
6 45
7 20
7 93
8 13
8 17
8 28
8 56
8 68
8 85
8 91
9 67
10 12
10 15
10 16
10 57
10 61
10 71
10 76
10 99
11 35
11 83
12 15
12 55
12 57
12 61
12 73
12 76
12 92
12 99
13 17
13 18
13 28
13 30
13 56
13 68
13 85
13 91
14 55
14 72
14 73
14 81
15 16
15 57
15 61
15 71
15 76
15 92
15 99
16 47
16 57
16 99
17 28
17 56
17 68
17 85
17 91
18 32
18 33
18 85
19 44
20 24
20 42
20 93
21 34
21 40
21 70
22 26
22 44
22 84
23 87
23 95
24 30
24 42
24 74
24 79
24 89
24 93
26 44
26 65
26 84
26 86
27 38
27 49
27 52
27 89
28 56
28 68
28 85
28 91
29 32
30 42
30 68
30 74
30 79
30 89
31 36
31 41
31 50
31 82
31 88
31 90
32 33
33 85
34 40
34 70
35 48
35 70
35 75
35 83
36 41
36 50
36 59
36 60
36 78
36 82
36 88
36 90
37 43
37 51
37 64
37 95
37 96
38 52
38 53
38 60
40 70
40 83
41 50
41 59
41 78
41 82
41 88
41 90
42 74
42 79
42 93
43 51
43 64
43 95
44 65
44 84
44 86
45 50
45 53
45 90
46 77
46 96
46 98
47 57
48 54
48 75
49 52
49 80
50 88
50 90
51 64
51 95
52 60
53 60
54 75
55 73
55 92
56 68
56 85
56 91
57 61
57 92
57 99
58 84
59 78
59 82
59 88
60 90
61 76
61 92
61 99
63 94
64 95
64 96
65 86
68 85
68 91
70 83
71 76
71 80
71 99
72 81
73 92
74 79
74 89
74 93
76 92
76 99
77 96
77 98
78 82
78 88
79 89
82 88
85 91
87 95
88 90
92 99
96 98
