0 78
0 82
0 84
1 10
1 14
1 22
1 60
1 86
2 35
2 62
2 81
3 6
3 15
3 36
3 57
3 89
5 37
5 45
5 68
5 76
6 15
6 21
6 23
6 29
6 36
6 56
6 57
6 58
6 89
7 45
7 54
7 68
7 88
8 44
8 49
8 79
9 24
9 31
9 38
9 46
9 70
9 80
10 14
10 22
10 26
10 94
10 98
11 13
11 19
11 63
11 91
11 99
13 19
13 44
13 49
13 67
13 91
13 99
14 22
14 26
14 51
14 64
14 94
15 18
15 21
15 56
15 58
16 97
17 41
17 43
17 55
17 59
18 33
18 50
19 65
19 67
19 71
19 91
19 99
20 32
20 40
20 52
20 73
21 56
21 58
22 60
22 86
23 29
23 30
23 36
23 40
23 56
23 58
23 89
24 31
24 38
24 42
24 46
24 80
25 83
26 51
26 64
26 65
26 93
26 94
26 98
27 39
27 42
27 48
27 53
27 72
27 74
27 85
29 30
29 36
29 40
29 56
29 58
29 89
30 58
31 33
32 40
32 52
32 73
33 50
35 62
35 81
36 40
36 56
36 57
36 58
36 89
37 45
37 68
37 76
38 46
38 70
38 80
39 42
39 53
39 72
39 85
40 57
40 89
41 59
42 48
42 53
42 72
42 74
43 55
43 59
44 49
44 79
44 96
44 99
45 54
45 68
45 76
45 88
46 70
46 80
47 66
48 74
49 67
49 79
50 61
51 64
51 84
52 57
52 73
53 72
53 74
53 85
54 68
54 88
55 92
55 97
56 58
56 89
57 89
58 89
59 85
59 88
60 86
62 81
63 91
63 96
64 65
64 93
64 94
65 71
65 93
65 94
67 98
67 99
68 76
70 80
72 74
72 85
73 86
73 87
77 87
78 82
78 84
82 84
91 96
91 99
93 94
93 98
94 98
