0 44
1 9
1 49
1 50
1 74
1 80
1 93
2 6
2 15
2 46
3 95
4 18
4 32
4 70
5 12
5 15
5 18
5 70
5 72
6 15
6 41
6 46
7 30
7 47
7 61
7 62
8 71
8 81
8 87
9 36
9 49
9 50
9 74
9 80
9 92
9 93
10 22
10 41
10 43
10 53
10 63
11 52
11 55
12 18
12 65
12 70
12 72
13 26
13 75
14 23
14 35
14 42
14 56
14 66
14 76
14 78
16 17
16 69
16 77
16 94
17 42
17 69
17 77
18 32
18 65
18 70
18 72
19 28
19 64
19 83
20 68
20 96
21 34
21 48
22 39
22 41
22 43
23 35
23 56
23 59
23 78
24 25
24 31
24 60
24 73
25 30
25 53
25 73
26 51
26 54
26 75
26 92
27 57
27 58
27 67
27 94
28 40
28 64
28 83
29 30
29 31
29 98
29 99
31 60
31 86
31 98
31 99
32 70
33 97
34 84
35 42
35 45
35 56
35 59
35 78
35 89
36 74
36 80
36 92
36 93
37 64
37 95
38 48
38 79
38 83
39 41
39 43
40 86
40 99
41 43
41 46
42 66
42 76
44 88
45 56
45 59
45 62
45 89
46 87
47 61
47 62
47 82
48 79
48 85
49 50
49 74
49 80
49 92
49 93
50 74
50 80
50 93
51 54
51 75
52 55
53 63
53 73
54 75
54 92
56 59
56 78
56 89
57 58
57 67
57 94
59 62
59 78
59 82
59 89
60 65
60 73
60 86
60 98
61 62
61 82
61 91
62 82
62 89
63 73
64 83
64 95
65 70
65 72
65 86
66 76
67 85
67 94
68 90
68 91
69 77
69 84
70 72
71 81
71 87
74 80
74 93
75 92
77 85
77 94
78 89
79 83
80 92
80 93
81 87
82 88
85 94
86 98
86 99
88 97
90 91
92 93
98 99
