0 20
0 25
0 48
0 60
0 62
0 66
1 6
1 21
1 64
1 84
2 46
2 50
3 26
3 83
4 37
4 38
4 58
4 74
5 8
5 12
5 24
5 53
6 28
6 84
7 45
7 75
8 12
8 24
8 53
8 92
9 11
9 71
9 82
9 88
10 11
10 30
10 34
10 41
10 62
10 66
10 89
10 91
10 97
11 30
11 34
11 71
11 82
11 89
11 91
12 24
12 43
12 53
13 35
13 56
13 87
14 53
14 92
14 98
14 99
15 77
16 36
16 77
16 79
17 18
17 32
17 33
17 47
17 59
18 33
18 47
18 59
18 72
19 22
19 23
19 49
19 57
19 67
19 81
19 85
19 90
20 25
20 31
20 40
20 48
20 62
21 64
22 23
22 57
22 67
22 81
22 85
22 90
23 49
23 67
23 81
23 85
23 90
24 53
25 48
25 62
25 66
27 44
27 76
27 95
28 75
28 84
28 96
30 34
30 41
30 62
30 65
30 66
30 71
30 88
30 89
30 91
31 40
33 47
33 59
33 72
34 89
34 91
34 97
35 56
35 87
36 79
37 58
37 74
37 80
38 82
38 83
39 55
39 70
41 65
41 71
41 78
41 88
42 52
42 54
42 58
44 76
44 95
45 75
46 50
47 59
48 60
48 87
49 57
49 81
49 85
51 57
51 72
52 58
52 61
52 80
53 92
54 58
54 69
55 63
55 70
55 73
55 86
55 92
55 94
56 87
57 72
57 81
57 85
58 74
59 72
60 87
60 96
61 80
61 93
62 65
62 66
62 89
62 91
63 73
63 86
63 94
64 78
64 84
65 66
65 78
65 88
66 91
67 81
67 85
67 90
68 69
68 97
70 73
70 86
70 94
71 82
71 88
73 86
73 94
74 80
75 79
76 95
77 79
78 88
80 93
81 85
81 90
85 90
86 94
89 91
89 97
91 97
92 99
