0 1
0 5
0 91
1 5
1 12
1 14
1 53
1 63
1 75
1 76
1 86
1 91
2 23
2 51
3 8
3 13
3 15
3 24
3 47
3 57
4 34
4 99
6 10
6 20
6 43
7 37
7 87
8 33
8 47
9 92
11 18
11 64
11 65
11 90
12 14
12 22
12 53
12 63
12 75
12 76
12 86
12 91
13 15
13 24
13 57
13 88
14 22
14 53
14 63
14 75
14 76
14 86
14 91
15 24
15 40
15 57
15 88
15 89
16 25
16 30
16 61
16 73
16 74
16 97
17 41
17 42
17 62
17 71
17 82
17 99
18 56
18 64
18 65
18 90
19 60
19 93
20 43
20 93
21 35
21 36
21 39
22 53
22 74
22 75
23 37
23 51
23 83
24 40
24 57
24 88
24 89
25 61
25 74
26 31
26 52
26 78
27 44
28 45
28 98
29 30
29 32
29 46
29 50
29 73
29 80
29 97
30 32
30 73
30 97
31 52
31 78
31 81
32 46
32 50
32 73
32 80
32 97
33 87
35 36
35 39
36 39
36 66
38 48
38 58
38 94
38 95
39 66
40 57
40 88
40 89
40 92
41 62
41 71
42 62
42 99
43 93
45 98
46 50
46 70
46 77
46 80
48 94
49 55
49 59
49 67
49 68
49 69
49 79
50 54
50 73
50 80
50 95
50 97
51 83
52 54
52 72
52 78
52 81
52 97
53 63
53 75
53 76
53 86
53 91
54 72
54 80
54 81
54 95
54 97
55 67
55 79
56 64
56 65
56 90
57 88
57 89
58 80
58 95
59 68
59 69
61 74
62 71
62 82
63 75
63 76
63 86
64 65
64 90
65 90
67 79
68 69
68 79
70 77
70 84
71 82
72 81
73 80
73 97
75 76
75 86
75 91
76 86
76 91
77 84
78 81
80 95
80 97
81 97
88 89
88 92
89 92
