0 1
0 41
0 53
0 61
0 63
1 27
1 41
1 53
1 61
1 63
1 76
2 11
2 34
2 64
2 67
2 79
2 84
3 42
3 60
3 65
3 70
3 81
3 94
3 98
4 5
4 24
4 28
4 32
4 52
4 62
4 78
5 24
5 52
5 62
5 78
6 13
6 33
6 44
6 51
6 89
6 90
6 95
7 8
7 17
7 45
7 86
8 17
8 23
8 86
9 21
9 69
10 36
10 60
10 74
10 81
11 67
11 79
11 84
12 31
12 59
12 91
13 15
13 44
13 59
13 90
14 41
15 59
15 90
16 36
16 43
16 50
16 65
16 74
16 97
17 37
17 45
17 86
18 24
18 52
18 88
19 25
19 27
19 39
20 34
20 79
21 69
21 98
22 32
22 87
22 97
23 83
23 86
24 52
24 78
24 88
25 63
26 35
26 47
26 58
26 68
26 82
26 99
27 33
27 39
27 63
27 76
28 37
29 53
29 76
29 95
30 46
30 56
31 59
31 91
32 87
33 39
33 76
33 95
34 79
35 47
35 48
35 68
35 82
35 99
36 60
36 74
36 81
36 94
38 71
38 75
38 77
38 89
38 93
38 96
39 76
39 95
40 55
41 53
41 61
41 63
42 56
42 70
42 98
43 50
43 97
44 51
44 89
44 90
46 56
47 58
47 68
47 82
47 99
48 54
48 68
48 77
49 54
49 66
50 74
50 87
50 97
51 71
51 89
51 95
52 62
52 78
53 76
54 66
54 68
54 77
54 93
56 80
58 64
58 99
59 90
59 91
60 70
60 74
60 81
60 94
61 63
62 78
64 67
64 79
64 84
65 70
65 74
65 94
66 77
67 84
68 84
69 85
70 81
70 94
70 98
71 75
71 96
72 80
73 92
74 81
74 94
74 97
75 96
76 95
77 93
77 96
81 94
82 99
83 85
87 97
88 92
90 91
93 96
