0 14
0 35
0 57
0 70
0 83
0 96
1 44
1 59
1 88
2 39
2 90
3 12
3 38
3 81
4 39
5 99
6 30
6 82
6 87
6 95
7 8
7 73
8 73
8 74
9 23
9 41
9 91
9 98
10 24
10 31
10 55
10 58
10 82
10 87
11 12
11 50
11 99
12 50
13 19
13 32
13 54
13 76
14 22
14 35
14 42
14 64
15 20
15 47
15 71
15 80
16 60
17 23
17 41
17 85
17 98
18 78
18 79
18 91
18 92
19 54
19 97
20 43
20 50
20 71
21 49
21 66
21 72
22 42
22 64
23 41
23 85
23 98
24 26
24 31
24 52
24 58
24 82
24 87
25 29
25 48
25 61
25 69
26 31
26 52
26 53
26 63
26 82
26 99
27 45
27 65
27 73
27 94
28 37
28 55
28 56
28 86
29 61
29 69
30 74
30 95
30 97
31 52
31 82
32 54
33 43
33 67
33 71
33 77
35 57
35 70
35 83
35 96
36 40
36 67
36 68
36 77
37 46
37 55
37 56
37 86
38 51
38 81
39 90
40 68
41 85
41 98
42 64
42 94
43 71
43 77
44 87
44 88
45 65
45 73
46 86
46 89
47 71
47 75
47 80
49 51
49 72
52 63
53 99
54 76
55 56
55 58
56 86
57 70
57 83
57 96
58 82
58 87
59 88
60 78
60 92
61 69
62 71
62 80
66 72
66 93
67 68
67 77
70 83
70 84
70 96
71 80
72 93
74 76
74 79
74 95
74 97
75 80
76 79
76 97
78 91
78 92
79 91
79 97
82 87
83 84
83 96
85 98
86 89
91 92
95 97
