0 63
0 64
0 70
0 74
0 84
1 16
1 57
1 68
1 78
2 9
2 15
2 20
2 32
2 52
3 4
3 27
3 39
3 44
3 53
4 39
4 44
4 53
4 66
5 12
5 17
5 40
5 62
5 65
5 73
6 13
6 23
6 26
6 43
6 48
6 83
7 12
7 17
7 40
7 42
7 50
7 63
7 90
7 95
7 96
8 36
8 45
8 79
8 97
9 15
9 18
9 32
10 25
10 49
11 30
11 37
12 40
12 50
12 62
12 63
12 73
12 96
13 43
13 48
14 22
14 27
14 51
14 61
14 88
15 18
15 32
16 68
16 77
16 78
17 42
17 50
17 65
17 73
17 90
18 32
19 22
19 38
19 54
19 88
20 60
20 74
21 80
21 87
22 51
22 88
22 91
23 45
23 79
23 83
23 97
24 37
25 49
26 34
26 38
26 43
26 83
27 44
27 51
27 88
28 35
28 41
28 61
29 31
30 37
30 94
32 72
33 46
33 71
33 85
33 93
34 38
34 56
35 41
35 61
36 79
36 97
38 54
39 44
39 53
40 50
40 62
40 63
40 73
40 96
41 67
41 82
42 50
42 63
42 66
42 90
42 95
42 96
43 48
44 53
44 66
45 79
45 83
45 97
46 58
46 59
46 86
47 51
47 60
47 69
47 81
47 88
50 63
50 95
50 96
51 88
52 68
53 66
55 58
55 80
57 68
58 59
58 80
58 86
58 87
59 80
59 86
59 87
60 72
62 65
62 73
63 95
63 96
64 70
64 89
65 73
66 90
67 76
68 77
69 81
70 84
70 89
71 85
71 93
74 84
80 86
80 87
84 95
86 87
92 94
95 96
97 99
