0 23
0 35
0 55
0 87
0 95
1 65
1 92
2 32
3 10
3 31
3 59
3 89
3 90
4 14
4 18
4 22
4 28
4 45
4 54
4 75
4 79
4 84
5 9
5 25
6 53
6 78
6 83
7 21
7 37
7 43
7 94
8 14
8 22
8 57
8 75
8 89
9 34
10 14
10 59
12 32
13 43
13 51
14 18
14 22
14 45
14 75
14 84
14 89
15 42
15 52
15 77
15 91
15 94
17 19
17 36
17 41
17 62
18 22
18 28
18 45
18 54
18 75
18 79
18 84
19 36
19 41
19 62
20 30
20 33
20 99
21 37
21 67
22 45
22 54
22 75
22 79
22 84
23 34
23 35
23 69
23 87
23 95
24 38
24 48
24 49
24 98
26 46
26 76
26 82
26 86
26 99
27 60
27 72
28 45
28 54
28 75
28 79
28 84
29 58
30 33
30 41
30 99
31 59
31 89
31 90
33 41
33 62
33 99
34 35
34 50
35 55
35 87
36 62
36 95
38 48
38 49
38 51
38 98
39 40
39 61
39 83
39 88
39 93
40 61
41 62
42 52
42 91
42 99
43 51
44 57
45 54
45 75
45 79
45 84
46 76
46 82
46 86
47 81
47 97
48 49
48 51
48 98
49 98
50 57
50 69
51 98
52 71
52 77
52 91
53 78
54 75
54 79
54 84
55 87
56 78
57 69
58 83
58 93
59 90
60 76
60 85
61 72
61 88
61 93
63 66
65 74
65 92
67 80
68 73
71 77
71 81
71 85
74 92
75 79
75 84
76 82
76 85
76 86
76 88
77 81
77 91
79 84
81 97
82 86
82 99
83 93
87 95
88 93
89 90
91 94
