0 5
0 38
0 70
0 71
0 84
1 56
1 59
2 57
2 61
2 77
3 5
3 36
3 40
3 92
3 94
4 21
4 31
5 71
5 84
5 94
7 93
8 61
8 69
9 77
10 68
10 87
11 51
11 65
11 80
12 41
13 65
13 80
14 20
14 39
14 50
14 85
15 26
15 27
15 28
15 32
15 48
15 53
15 67
15 72
15 79
15 81
16 37
16 98
17 23
17 24
17 34
17 58
18 44
18 47
18 53
18 72
18 76
18 79
18 95
19 64
19 83
20 39
20 42
20 46
20 50
20 85
21 31
22 26
22 27
22 30
22 32
22 54
22 67
22 99
23 24
23 34
23 58
23 63
24 33
24 34
24 43
24 63
25 41
25 78
26 27
26 28
26 32
26 48
26 67
26 79
26 81
26 96
27 28
27 32
27 48
27 53
27 67
27 79
27 81
28 32
28 48
28 53
28 67
28 72
28 79
28 81
29 35
29 68
29 75
29 87
29 89
30 35
30 54
30 60
30 99
31 49
31 96
32 48
32 67
33 60
33 62
33 63
33 82
34 43
34 58
34 63
35 54
35 75
35 99
36 40
36 43
36 48
36 67
36 92
37 55
38 70
38 74
38 91
39 42
40 92
40 94
41 78
43 58
43 63
43 92
44 47
44 49
44 72
44 76
44 79
44 95
45 73
45 90
46 50
46 52
46 85
46 97
47 70
47 72
47 74
47 76
48 67
48 92
49 81
49 95
49 96
50 85
51 73
51 80
51 90
52 85
52 97
53 67
53 72
53 76
53 79
53 81
54 60
54 82
54 86
54 99
56 88
57 61
57 69
60 82
60 86
60 99
61 69
61 78
62 82
64 83
65 80
67 79
67 81
68 87
69 78
70 71
70 74
70 84
71 84
72 76
72 79
72 81
73 90
73 91
74 91
76 79
79 81
79 96
81 96
82 86
85 97
86 99
