0 33
0 34
1 18
1 72
1 83
1 90
2 32
2 48
2 63
3 61
3 99
4 38
4 59
4 70
5 44
5 66
5 79
6 51
6 65
6 87
6 91
7 31
7 45
7 52
7 71
8 13
8 21
8 49
8 55
8 64
8 81
8 95
9 22
9 30
9 62
11 34
12 16
12 30
12 67
13 21
13 55
13 64
13 81
14 35
14 54
15 33
15 36
15 76
15 86
16 20
16 68
17 19
17 29
18 27
18 72
18 83
18 90
19 29
19 75
20 22
20 53
20 68
22 53
22 76
23 45
23 74
23 89
24 32
24 48
24 63
24 98
25 56
26 68
27 90
30 67
31 52
31 71
31 75
32 48
32 63
33 36
34 86
35 41
35 54
37 42
37 43
37 47
37 58
37 84
38 40
38 59
38 63
39 61
39 71
40 59
40 69
40 80
40 95
41 93
42 58
42 79
42 84
42 92
43 48
43 58
43 84
43 98
44 60
44 79
45 52
45 89
46 77
46 97
47 50
47 61
47 66
47 99
48 63
48 98
49 55
49 64
49 80
49 95
50 61
50 66
50 99
51 65
51 91
52 75
53 76
55 64
55 81
57 91
58 84
58 92
58 98
59 63
59 70
61 66
61 99
64 80
64 81
64 95
65 73
65 87
65 91
65 94
66 99
67 81
69 80
72 74
72 83
72 90
73 85
73 87
73 91
73 94
73 96
74 78
74 89
74 90
76 86
77 92
77 97
78 90
80 95
82 88
84 92
84 98
85 87
85 94
85 96
87 91
87 94
91 94
92 98
