0 10
0 20
0 28
0 34
0 69
1 41
1 49
1 77
2 8
2 70
2 89
2 90
3 13
3 30
3 32
3 35
3 45
3 47
3 83
4 56
4 59
4 71
5 43
5 63
5 73
5 85
6 14
6 87
6 93
7 10
7 15
7 16
7 25
7 46
7 60
7 69
8 70
8 89
8 90
8 96
9 52
9 64
9 86
10 15
10 16
10 34
10 46
10 60
10 69
11 56
11 82
12 36
12 40
12 51
13 30
13 32
13 35
13 39
13 47
13 58
14 63
14 73
14 74
14 93
15 16
15 25
15 46
15 60
16 19
16 34
16 69
17 23
17 54
18 68
19 28
19 34
19 69
20 28
21 26
21 50
21 53
22 37
22 51
22 61
23 74
24 80
25 46
25 60
25 99
26 38
26 50
26 66
26 84
27 33
27 55
27 57
27 62
27 65
27 72
27 79
28 34
28 69
30 32
30 45
30 47
31 44
32 35
32 58
32 83
33 48
33 55
33 57
33 65
33 72
33 79
33 88
34 69
35 39
35 58
35 92
36 51
37 61
37 80
37 97
38 50
38 66
38 78
38 84
39 58
39 92
40 89
41 77
42 48
42 52
42 64
42 86
42 94
44 68
45 47
46 60
48 81
48 88
48 94
49 77
49 82
50 53
50 84
52 64
52 86
52 94
55 57
55 62
55 65
55 72
55 79
56 59
56 71
57 62
57 65
57 72
57 79
58 92
59 71
62 65
62 79
62 87
63 73
63 74
64 86
64 94
65 71
66 78
66 97
67 76
70 89
70 90
70 96
72 79
75 85
75 98
78 97
79 84
80 97
81 88
84 99
86 94
89 90
90 96
91 95
91 98
