0 1
0 36
0 90
1 13
1 14
1 80
1 90
2 22
2 42
2 89
3 14
3 31
3 32
3 41
3 54
3 65
3 81
3 94
4 21
4 69
5 72
5 74
5 75
5 86
5 93
6 7
6 30
6 49
6 53
6 68
6 70
7 30
7 49
7 53
7 68
7 70
8 19
8 20
8 26
8 40
8 88
8 98
9 28
9 66
9 84
10 52
11 24
11 59
12 13
12 83
13 80
14 32
14 41
14 44
14 54
14 80
14 81
15 17
15 25
15 30
15 33
15 45
15 51
15 58
16 44
16 71
16 83
17 25
17 33
17 45
17 58
17 79
18 38
18 43
18 82
19 20
19 28
19 40
19 66
19 88
19 98
20 26
20 88
20 98
21 69
22 42
22 89
23 33
23 51
23 96
24 59
24 97
25 33
25 45
25 58
25 79
27 96
28 66
28 84
28 88
28 98
29 62
29 73
30 48
30 70
31 32
31 65
31 72
31 81
31 94
31 95
32 41
32 65
32 72
32 81
32 94
33 51
33 58
34 61
34 87
34 96
35 37
35 39
35 50
35 57
35 60
36 47
37 39
37 45
38 43
38 82
39 45
40 52
40 98
41 54
41 65
41 80
41 81
42 48
42 70
42 89
43 49
43 53
43 68
43 82
44 54
44 71
44 80
44 83
45 79
46 91
48 70
48 89
49 53
49 68
50 57
50 75
50 86
50 93
51 58
53 68
53 82
54 71
54 80
54 81
55 76
55 87
55 91
55 92
56 78
57 60
57 75
59 95
60 63
61 92
62 73
64 91
65 67
65 72
65 77
65 81
65 94
66 84
66 88
66 98
67 72
67 77
67 94
68 82
70 89
71 80
71 83
72 77
72 94
74 75
74 86
74 93
75 86
75 93
75 99
76 87
76 96
77 94
78 92
81 94
84 98
86 93
87 96
88 98
94 95
