0 28
0 38
0 83
1 27
1 68
1 75
2 25
2 40
2 49
2 56
2 88
2 90
3 5
3 36
3 85
4 21
4 70
4 91
5 36
5 85
5 95
6 24
6 60
6 76
6 77
6 78
6 89
7 10
7 61
8 11
8 57
8 83
8 94
9 12
9 31
9 34
9 50
10 61
11 18
11 51
11 57
11 59
11 94
13 98
14 32
14 37
14 54
14 84
15 25
15 74
16 69
16 86
17 58
17 65
17 66
18 41
18 47
18 51
19 86
19 93
20 22
20 92
21 70
22 92
24 60
24 76
24 77
24 78
24 89
25 33
25 45
25 88
26 33
26 45
26 46
26 55
26 88
27 68
27 75
27 79
27 89
28 38
29 31
29 50
29 54
29 94
30 44
30 52
30 63
31 50
31 94
32 37
32 54
32 84
33 45
33 46
33 55
33 88
33 98
34 59
35 49
35 58
36 85
36 95
37 54
37 71
37 76
37 84
38 83
39 72
39 82
40 49
40 56
40 65
40 66
40 67
40 90
40 99
41 47
41 51
42 43
42 76
42 77
42 96
43 64
43 77
43 96
44 48
44 52
44 63
44 80
45 46
45 55
45 88
46 55
47 51
47 61
48 63
48 73
48 80
48 87
49 56
49 90
50 54
50 84
50 94
51 57
51 97
52 63
54 84
55 71
56 88
56 90
57 83
57 94
57 97
58 66
60 68
60 76
60 78
60 79
60 89
62 69
62 86
62 93
63 73
63 80
63 87
64 77
64 96
65 66
65 67
65 99
66 67
66 90
66 99
67 90
67 99
68 79
69 86
69 93
70 91
72 82
74 91
76 78
77 78
78 89
79 89
80 87
81 89
82 95
83 94
86 93
90 99
