0 39
0 54
0 61
0 81
1 5
1 33
1 42
1 71
2 10
2 25
2 40
3 5
3 24
3 78
3 83
4 44
4 85
4 87
5 24
5 42
5 48
5 78
5 83
6 63
6 66
6 95
6 96
6 97
7 39
7 54
7 88
8 13
8 71
8 72
11 31
11 36
11 51
11 60
11 89
12 27
12 67
13 72
13 79
13 89
14 30
14 46
14 50
14 52
14 64
14 70
14 76
14 91
15 24
15 29
15 43
15 59
15 69
15 75
16 30
16 46
16 52
16 53
16 64
16 70
16 80
17 20
17 21
17 41
17 63
18 44
18 85
18 87
19 32
19 62
20 34
20 63
20 73
21 22
21 41
21 63
21 66
21 95
22 41
23 55
24 59
24 69
24 72
24 75
24 78
24 83
25 31
25 40
25 51
26 37
26 49
26 86
27 32
27 62
27 67
27 68
28 31
28 38
28 51
28 60
29 37
29 43
29 49
29 59
30 46
30 50
30 64
30 70
30 76
30 91
31 51
32 38
32 60
32 62
33 42
34 57
34 73
34 93
35 84
36 93
37 49
38 51
38 60
39 54
39 58
39 61
39 81
42 71
43 56
43 59
43 69
44 77
44 85
44 87
46 50
46 52
46 64
46 70
46 76
46 91
47 93
48 84
50 52
50 70
50 76
50 91
52 70
52 80
52 91
53 80
53 90
54 58
54 61
54 81
54 88
55 98
56 69
57 88
58 61
58 81
59 69
59 75
61 62
61 68
61 81
62 67
62 68
63 66
63 95
63 96
64 70
65 74
65 82
66 95
66 96
66 99
67 68
69 75
69 78
70 80
70 91
71 72
72 83
74 82
75 83
76 91
77 94
78 83
79 89
82 90
85 87
90 92
94 98
95 96
95 99
96 97
