0 18
0 41
0 51
0 63
0 72
0 87
1 3
1 13
1 39
2 30
2 70
2 79
3 35
3 43
3 86
3 89
4 71
5 36
5 68
5 77
6 8
6 34
6 53
6 91
6 98
7 44
7 55
7 73
7 74
8 21
8 34
8 53
8 91
9 20
9 50
9 56
10 11
10 49
10 57
10 78
10 96
11 49
11 74
11 96
12 45
13 39
13 43
13 65
14 31
14 32
14 43
14 45
14 65
14 81
15 83
16 19
16 25
16 27
16 59
16 62
16 64
16 82
16 90
16 95
16 99
17 90
18 24
18 41
18 51
18 63
18 72
18 87
19 25
19 27
19 62
19 82
19 90
20 50
20 56
21 53
22 33
22 68
22 77
23 66
23 84
24 37
25 27
25 29
25 62
25 82
25 90
26 46
26 52
26 54
26 75
26 85
27 59
27 62
27 64
27 82
27 90
27 95
27 99
28 40
28 60
28 76
30 52
30 54
30 70
30 79
30 85
31 32
31 43
31 45
31 65
31 81
32 43
32 45
32 65
32 81
32 86
34 53
34 59
34 91
34 99
35 86
35 89
35 92
38 41
38 73
39 43
39 65
40 60
40 76
40 88
40 97
41 63
41 72
42 58
43 65
44 50
44 55
44 73
44 74
46 52
46 75
46 85
47 48
47 58
47 67
48 58
48 67
49 96
51 63
51 87
52 54
52 70
52 85
54 70
54 75
54 85
55 73
55 74
57 61
57 78
59 82
59 90
59 99
60 88
61 78
61 88
62 64
62 82
62 95
62 99
63 72
63 87
64 80
64 87
64 93
64 95
64 98
64 99
66 81
66 84
66 86
66 92
66 94
68 77
70 79
70 85
74 96
75 85
80 87
80 91
80 93
80 95
80 98
80 99
81 86
81 94
82 90
82 99
84 94
86 89
86 92
86 94
87 93
88 97
89 92
91 95
91 98
91 99
92 94
93 95
93 98
93 99
95 98
95 99
98 99
