0 34
1 9
1 13
1 49
2 13
2 32
2 42
2 53
2 59
2 87
3 20
3 38
3 56
3 58
3 72
3 96
4 15
4 31
4 71
4 86
5 36
5 48
5 75
5 79
6 10
7 70
7 77
8 39
8 82
8 84
9 12
9 13
9 32
9 49
9 59
10 47
10 57
11 26
11 43
11 46
11 83
11 90
12 49
13 32
13 42
13 53
13 59
14 57
14 74
14 85
14 88
14 94
15 19
15 69
15 71
16 24
16 29
16 31
16 65
16 78
16 86
16 91
17 26
17 43
17 63
17 66
17 83
18 80
18 89
19 71
20 23
20 56
20 72
20 96
21 67
22 45
23 56
23 63
23 72
23 96
24 29
24 31
24 77
24 78
24 91
25 64
25 93
25 98
26 35
26 43
26 46
26 83
26 90
28 50
28 87
29 31
29 34
29 51
29 77
29 78
29 81
29 86
30 40
31 51
31 65
31 78
31 81
31 86
31 91
32 42
32 49
32 53
32 59
33 67
33 99
34 51
34 77
34 78
34 81
34 86
35 76
35 83
35 84
35 90
36 48
36 75
36 79
37 40
37 61
37 74
37 94
38 58
38 69
39 82
39 84
40 54
40 61
42 53
42 59
43 63
43 66
43 83
43 90
44 88
47 57
48 68
48 79
50 87
50 93
51 77
51 78
51 81
51 86
52 82
53 59
54 70
55 60
55 91
55 97
56 72
56 96
60 91
60 97
61 74
61 85
61 94
62 63
62 72
62 80
62 92
63 66
65 91
67 99
68 69
68 79
71 86
72 96
73 95
74 85
74 94
75 79
76 80
76 83
76 89
76 90
76 92
77 78
77 81
78 81
78 86
80 89
80 92
81 86
82 84
83 90
85 94
87 93
89 92
97 98
