0 5
0 13
0 21
0 30
0 51
0 80
1 36
1 40
1 62
1 95
2 20
2 27
2 37
2 57
3 12
3 43
3 52
4 8
4 10
4 20
4 50
4 68
4 70
4 76
4 79
5 13
5 21
5 30
5 51
5 80
6 9
6 11
6 46
6 77
7 58
8 17
8 20
8 66
8 68
8 79
8 84
9 10
9 46
9 50
9 53
9 56
9 70
9 72
9 76
9 87
10 46
10 50
10 53
10 68
10 70
10 72
10 76
11 46
11 77
11 93
13 21
13 30
13 51
13 80
14 88
15 44
16 25
17 19
17 20
17 27
17 84
18 36
18 86
18 92
18 94
19 27
19 84
19 95
20 27
20 79
21 54
21 99
22 38
22 47
22 55
23 39
23 43
23 52
23 98
24 57
24 61
24 75
24 78
24 83
25 45
25 90
25 96
26 48
27 57
28 29
28 45
28 60
28 90
28 96
29 60
29 96
30 51
30 80
31 54
31 64
31 73
31 88
31 99
32 33
32 42
32 62
32 91
33 42
33 62
33 91
35 66
36 40
36 62
36 86
36 94
37 57
38 47
38 55
38 61
38 83
39 52
39 98
40 62
40 94
40 95
42 43
42 91
43 52
43 65
45 90
45 96
46 53
46 72
46 77
46 93
46 97
47 59
47 74
49 66
49 84
50 53
50 68
50 70
50 72
50 76
51 80
52 98
53 70
53 72
53 76
53 97
54 63
54 64
54 88
54 99
55 75
55 78
55 89
56 69
56 76
56 87
57 75
58 81
58 92
59 82
61 63
61 71
61 75
61 83
62 91
63 71
63 83
63 99
64 73
64 88
64 99
65 67
65 85
66 68
66 79
67 85
67 89
68 70
68 76
68 79
69 87
70 72
70 76
71 73
71 83
72 76
72 97
73 88
73 97
75 78
75 83
76 87
77 93
78 89
81 86
81 92
86 92
86 94
88 99
90 96
