0 39
0 44
0 74
1 4
1 6
1 8
1 35
1 39
1 44
2 5
2 37
2 46
2 89
3 48
3 52
3 78
3 89
3 98
4 41
5 37
5 46
6 8
6 35
6 39
7 58
7 86
8 35
8 78
9 18
9 51
9 75
9 80
9 91
10 66
10 85
11 45
11 73
12 50
12 78
13 25
13 31
13 89
13 98
14 40
14 83
14 87
15 26
15 54
16 27
16 36
16 71
17 60
17 67
17 96
18 51
18 91
18 94
19 64
20 66
20 85
20 93
21 33
22 37
22 38
22 55
22 79
23 28
23 32
23 56
23 71
24 30
24 82
24 95
25 31
25 98
25 99
26 54
26 60
27 36
27 71
28 56
28 72
28 81
29 61
29 63
29 67
30 49
30 82
30 95
32 72
33 76
33 77
34 53
35 50
35 56
36 71
37 46
37 52
37 55
37 79
37 89
38 55
38 79
39 44
40 83
41 74
42 43
42 87
42 90
42 93
43 87
43 90
43 92
44 74
45 59
45 97
46 89
47 68
48 78
48 98
48 99
49 80
49 95
50 56
51 75
51 80
51 91
51 94
52 55
52 89
52 98
53 96
54 69
55 79
57 63
57 80
57 94
58 86
59 77
59 97
60 88
61 63
61 88
62 84
63 74
65 72
65 81
65 93
66 85
68 76
68 77
70 90
70 92
72 81
73 99
76 77
77 97
87 90
89 98
90 92
91 94
98 99
