0 49
1 6
1 42
1 78
1 97
2 18
2 39
2 93
3 4
3 15
3 52
3 79
4 15
4 65
5 55
5 68
5 69
5 76
6 78
6 97
7 29
7 49
7 95
8 49
9 72
9 82
9 90
9 92
10 32
10 38
10 56
10 75
10 77
11 66
11 81
11 99
12 88
12 89
13 32
13 51
13 56
14 40
14 73
14 74
14 80
14 88
14 89
15 36
15 43
16 24
16 38
16 50
16 75
16 77
17 67
18 81
19 53
19 64
19 88
20 25
20 72
20 92
21 31
21 96
22 23
22 26
22 34
22 44
22 61
23 94
24 38
24 50
24 75
24 77
25 72
26 34
26 44
26 46
26 61
26 97
27 31
27 33
27 40
27 47
27 80
27 86
27 88
28 30
28 48
30 48
31 33
31 47
31 86
32 38
32 51
32 56
32 75
33 40
33 47
33 86
34 44
34 61
35 67
36 43
37 58
37 76
37 91
38 50
38 56
38 75
38 77
40 47
40 74
40 80
40 86
40 88
41 42
41 66
41 83
41 99
42 68
42 69
42 83
44 61
44 97
45 73
46 54
46 59
46 63
46 97
47 86
48 65
50 75
50 77
51 56
52 79
53 57
53 64
54 59
54 63
55 68
55 69
55 70
55 71
55 76
56 75
57 62
57 64
57 98
58 91
59 63
59 87
60 68
60 83
61 78
61 97
62 64
62 85
62 98
63 87
66 81
66 83
66 99
68 69
68 83
69 70
69 76
70 71
70 76
71 76
72 92
73 74
74 80
74 88
74 89
75 77
78 84
78 97
80 88
80 89
82 92
83 99
88 89
