1 46
1 50
1 90
2 23
2 38
2 40
2 86
3 11
4 25
4 43
4 52
4 55
4 66
4 74
4 79
4 89
4 91
5 61
5 68
5 98
6 46
6 63
6 72
6 76
7 10
7 54
7 64
7 82
8 35
8 53
8 57
8 61
8 81
9 18
9 47
9 53
9 59
9 61
9 97
10 16
10 54
10 64
10 82
11 47
11 59
12 24
12 64
12 84
13 17
13 19
13 42
13 62
14 25
14 40
14 92
15 23
15 31
15 77
15 85
16 54
16 82
16 87
17 19
17 28
17 42
17 62
18 47
18 59
18 97
19 28
19 42
19 62
20 35
20 61
20 67
20 81
20 98
21 34
21 55
21 78
21 94
22 98
23 31
23 38
23 77
23 85
24 64
24 84
25 43
25 89
25 92
26 64
27 32
27 48
27 58
27 70
27 90
29 49
29 76
29 80
29 88
29 95
30 80
31 77
31 85
32 58
33 93
34 55
34 74
34 78
34 79
34 94
35 57
35 61
35 67
35 81
35 98
36 39
36 51
36 69
36 75
36 96
36 99
37 50
37 70
37 90
38 86
39 51
39 96
41 56
41 60
41 65
42 62
43 55
43 74
43 79
43 89
43 91
46 63
47 59
47 97
48 50
48 70
48 90
49 69
49 72
49 80
49 88
49 95
49 99
50 70
50 90
52 66
52 71
52 74
52 91
54 64
54 82
54 87
55 74
55 78
55 79
55 91
55 94
56 60
57 65
57 67
57 81
59 97
60 65
60 67
61 98
62 83
63 69
63 72
63 76
63 88
63 95
63 99
65 67
65 81
66 71
66 74
66 79
66 91
67 81
69 72
69 88
69 95
69 99
70 90
71 73
72 88
72 95
72 99
74 78
74 79
74 91
76 88
76 95
77 85
78 79
78 94
79 91
79 94
80 88
80 95
82 87
83 96
88 95
88 99
89 92
95 99
