0 27
0 28
0 55
0 66
0 81
1 12
1 13
1 53
1 60
1 79
1 83
1 88
2 8
2 64
2 66
2 86
3 93
4 65
4 89
4 90
4 92
4 97
4 98
5 40
5 66
5 77
6 20
6 32
6 36
6 39
6 51
6 72
6 79
6 92
6 99
7 11
8 10
8 15
8 50
8 84
8 85
9 17
9 24
9 38
9 43
9 47
9 77
9 82
10 13
10 16
10 22
10 29
10 30
10 45
10 57
10 94
10 95
11 59
12 20
12 68
12 92
13 19
13 33
13 67
13 72
13 75
13 76
13 89
14 15
14 37
14 43
14 62
15 21
15 22
15 39
15 85
16 57
16 60
16 96
17 29
17 32
17 36
17 52
17 58
17 72
17 82
17 90
17 97
18 31
19 32
19 37
19 63
19 90
19 99
20 34
20 45
20 51
20 77
20 98
21 63
21 81
21 83
21 93
21 97
21 98
22 38
22 45
22 84
22 88
22 90
22 92
23 38
23 40
23 48
23 50
23 74
23 78
24 40
24 54
24 56
24 98
25 66
25 70
25 99
26 51
26 60
26 66
26 67
26 68
26 85
27 44
28 41
28 52
28 78
28 93
29 32
29 45
29 47
29 70
29 72
29 77
29 81
30 51
30 52
30 65
30 72
30 83
30 86
32 70
32 72
32 73
32 89
33 41
33 42
33 50
33 64
34 51
34 86
35 40
35 53
35 68
36 48
36 70
36 73
36 97
36 99
37 42
37 55
37 56
37 63
37 65
37 96
37 97
38 64
38 71
38 81
39 69
39 71
39 89
39 90
40 41
40 46
40 66
40 69
40 97
41 45
41 69
41 99
42 46
42 47
42 49
42 78
42 99
43 57
43 68
43 77
43 78
43 89
44 60
44 73
44 76
45 67
45 84
46 56
46 67
46 99
47 80
47 97
48 50
48 63
48 71
48 83
48 92
49 83
49 95
50 51
50 71
50 95
51 76
51 82
52 91
53 85
54 58
54 91
55 62
55 71
55 77
56 76
56 79
56 81
57 81
58 94
58 99
59 83
60 64
60 71
60 99
61 81
62 77
62 93
63 64
63 67
63 70
64 74
64 79
64 80
64 83
64 89
65 78
65 82
65 89
66 73
67 83
68 74
68 75
68 81
68 93
69 75
69 87
69 93
69 99
70 77
70 79
70 93
71 76
72 78
73 78
73 81
73 90
73 95
73 97
74 82
75 96
76 99
78 79
79 90
80 83
80 84
80 92
83 92
85 99
86 87
86 91
87 99
89 93
89 98
92 96
93 95
94 97
95 98
