0 18
0 19
0 33
0 75
0 83
1 59
1 71
1 72
1 73
1 90
1 95
1 97
2 27
2 42
2 50
2 62
2 79
2 99
3 20
3 39
3 52
3 67
4 46
4 78
5 10
5 56
5 57
5 68
6 19
6 22
6 62
6 67
6 84
7 14
7 33
7 67
7 74
7 85
8 14
8 58
8 60
8 70
8 81
8 85
9 29
9 30
9 41
9 60
9 63
10 14
10 33
10 52
10 58
10 63
10 87
10 95
11 16
11 37
11 71
11 88
11 97
12 32
12 50
12 61
12 80
12 95
13 49
13 54
13 72
13 77
13 78
13 98
14 21
14 23
14 61
14 67
14 79
14 84
14 89
14 95
15 22
15 37
15 38
15 84
15 98
16 30
16 55
16 72
16 83
17 21
17 45
17 46
17 51
17 73
18 48
18 63
18 81
18 85
18 91
19 20
19 29
19 54
20 53
20 82
21 69
22 33
22 63
22 83
22 99
23 56
23 65
23 97
24 28
24 30
24 47
25 29
25 39
25 40
25 43
25 79
25 97
26 29
26 32
26 48
26 50
26 53
26 61
26 65
26 73
26 78
27 29
27 60
27 73
27 78
27 85
27 90
27 98
28 36
28 46
28 70
28 78
28 82
28 92
29 68
29 77
29 96
30 31
30 52
30 64
30 65
30 67
30 81
31 32
31 64
31 79
31 99
33 52
33 60
33 86
33 87
33 90
33 93
34 84
34 92
35 41
35 44
35 86
36 47
36 55
36 84
37 78
38 44
38 45
38 51
38 56
38 58
38 60
38 85
38 97
39 70
39 78
39 89
39 92
40 59
40 82
41 62
41 63
41 73
42 84
42 85
42 87
43 63
44 59
44 69
44 70
44 73
44 75
45 56
45 71
45 73
45 81
45 87
45 91
46 73
46 81
46 90
46 96
48 55
48 71
48 79
48 87
48 93
48 98
49 51
49 56
49 57
49 73
49 96
50 62
50 65
50 87
50 92
51 68
51 73
51 95
52 67
52 79
53 64
53 98
54 64
54 67
54 76
55 81
55 92
55 96
56 77
57 85
57 90
58 61
58 65
58 86
59 64
59 65
59 76
59 85
60 78
60 89
60 96
61 67
62 67
62 70
62 86
63 71
63 88
65 78
65 85
65 92
66 80
67 78
68 72
68 73
68 81
69 70
69 76
71 78
72 81
72 84
72 89
73 85
74 76
74 81
76 77
76 78
76 86
76 93
78 93
78 96
80 89
81 87
83 88
84 88
84 92
85 86
86 93
87 97
89 91
90 98
92 94
