0 24
0 41
0 54
0 60
0 79
0 96
1 3
1 11
1 29
1 33
1 52
1 72
1 73
1 83
1 84
1 86
2 6
2 29
2 64
3 11
3 14
3 23
3 38
3 63
3 66
3 74
4 7
4 9
4 11
4 43
4 44
4 69
4 76
4 87
4 95
5 87
6 23
6 30
6 56
6 60
6 97
7 40
7 75
7 84
7 92
8 14
8 20
8 22
8 28
8 31
8 60
8 92
9 25
9 54
9 76
9 79
9 89
9 90
9 94
10 27
10 34
10 74
10 75
10 77
11 13
11 58
11 63
11 67
12 27
12 32
12 35
12 51
12 54
12 76
13 40
13 56
13 71
13 90
14 65
14 77
14 78
14 84
14 92
15 41
15 50
16 19
16 64
16 68
16 94
17 30
17 75
18 21
18 26
18 51
18 54
18 68
18 79
18 91
19 34
19 50
19 84
20 39
20 51
20 71
20 77
20 89
20 92
21 25
21 63
21 78
21 84
22 35
22 55
23 28
23 55
23 60
23 94
24 46
24 53
24 60
24 67
24 69
24 78
24 83
24 85
24 99
25 40
25 67
25 72
25 76
25 95
26 53
26 65
26 72
26 97
27 42
27 96
28 60
28 62
28 71
28 73
28 87
29 49
29 76
30 39
30 41
30 61
30 78
30 94
31 37
31 47
31 80
32 36
32 64
32 87
32 98
33 37
33 40
33 63
33 73
33 92
33 95
34 67
34 68
34 75
35 71
35 82
35 95
36 37
36 44
36 65
36 84
36 97
37 60
37 61
37 73
37 88
38 86
38 87
39 48
39 55
39 74
39 90
39 95
40 55
40 72
41 97
42 46
42 54
42 84
42 92
43 49
43 71
43 96
44 85
45 46
45 68
45 89
46 69
47 69
47 73
47 77
47 91
47 94
47 95
48 50
48 56
48 91
49 67
49 69
49 74
50 63
50 67
50 99
53 60
53 70
53 88
53 89
53 92
53 96
54 83
54 97
55 99
56 57
56 60
56 76
56 78
56 87
56 93
57 60
57 65
57 81
57 89
58 70
58 71
59 79
60 88
61 96
62 65
62 72
62 78
62 79
62 94
62 95
63 79
64 68
64 71
64 77
65 66
65 88
65 91
66 67
66 80
66 99
67 73
67 81
68 69
68 70
68 72
69 73
69 75
69 78
69 84
69 87
69 99
70 84
70 89
70 94
72 83
73 96
74 94
74 97
76 86
76 97
77 98
78 82
78 87
78 92
79 92
80 92
81 90
81 94
83 92
84 94
85 97
85 98
86 92
87 95
88 92
88 93
90 93
93 96
94 97
97 99
