200  51330  2
200  45223  1
200  40541  3
200  58662  2
200  66367  3
300  300  109167  7
300  300  97937  1
300  85789  2
300  125553  2
300  122218  4
300  300  76570  1
300  107628  3
300  111354  4
300  61855  4
300  97760  4
300  104653  4
300  300  300  102504  2
300  86097  6
300  72433  3
300  83693  6
300  86012  2
300  300  78938  3
300  91172  5
300  83944  6
300  76208  2
300  122699  2
300  95049  7
300  97817  1
300  116105  1
300  106231  4
300  80843  5
300  83138  4
300  79319  2
300  72900  3
300  109154  3
300  83623  3
300  89553  2
300  69795  4
300  123606  2
300  90761  4
300  300  90603  6
300  95712  1
300  100680  4
300  130844  2
300  88189  2
300  77659  3
300  81472  7
300  85847  3
300  82708  3
300  72699  3
300  58012  3
300  300  68647  1
300  82753  2
300  135054  1
300  97069  2
300  300  300  300  85915  1
300  106953  1
300  64656  2
300  300  106900  3
300  89405  1
300  115863  4
300  78469  2
300  89731  4
300  128770  1
300  163761  2
300  72885  3
300  300  88471  1
300  103640  1
300  112251  1
300  300  300  300  300  90415  2
300  300  76810  3
300  70570  5
300  95740  3
300  94375  1
300  300  300  300  300  300  95514  5
300  79194  6
300  84194  3
300  89627  3
300  66424  2
300  82703  2
300  110871  5
300  300  75099  1
300  300  300  69990  2
300  67291  1
300  116971  4
300  75944  2
300  300  117822  2
300  300  81143  2
300  80606  5
300  115035  3
300  61298  2
300  300  73979  3
300  79766  3
300  300  98084  1
300  90733  4
300  68770  1
300  91734  2
300  86647  2
300  79419  7
300  78505  1
300  81045  1
300  300  107904  2
300  300  91038  3
300  75129  2
300  113649  4
400  94880  3
400  400  115713  4
400  73410  1
400  400  400  79956  2
400  400  82673  5
400  400  104767  2
400  75642  3
400  100382  1
400  80538  1
400  96063  4
400  93434  4
400  110170  4
400  116108  4
400  93358  3
400  143059  1
400  88405  5
400  92462  3
400  95924  2
400  101126  3
400  93893  3
400  103182  1
400  159510  3
400  88679  1
400  95300  1
400  400  86767  5
400  400  123776  8
400  113231  2
400  400  400  123772  2
400  120348  2
400  400  123862  2
400  126355  4
400  179929  2
400  216124  5
400  149375  2
400  131094  2
400  146521  2
400  159400  6
400  170254  2
400  226162  1
400  177152  8
400  400  100242  3
400  87364  2
400  114333  3
400  102825  1
400  94887  3
400  81867  2
400  114070  2
400  121727  1
400  84683  2
400  113637  5
400  195076  2
400  136978  1
400  112029  3
400  137651  3
400  120787  7
400  192859  3
400  221169  2
400  205168  3
400  400  122266  5
400  179889  3
400  116656  3
400  89696  3
400  143257  3
400  150715  1
400  125718  3
400  400  97615  2
400  133003  1
400  113500  2
400  164127  2
400  120531  7
400  152268  3
400  122260  1
400  140429  3
400  135289  3
400  162629  2
400  163874  2
400  161227  3
400  400  124088  6
400  173307  1
400  400  136459  2
400  154063  5
400  193816  2
400  400  253484  2
400  132193  4
400  400  161612  3
400  111577  5
400  400  120210  1
400  400  134081  1
400  139863  1
400  400  124788  5
400  127417  5
400  207180  6
400  158619  5
400  188837  7
400  400  134138  5
400  141610  3
400  126047  2
400  130715  3
400  84620  1
400  400  133639  5
500  175876  1
500  175575  2
500  169278  3
500  224568  6
500  152312  3
500  143731  3
500  194758  3
500  164806  1
500  189773  2
500  163449  2
500  145694  3
500  500  149936  6
500  163390  3
500  134485  1
500  154894  4
500  189822  2
500  500  241730  5
500  500  157107  4
500  500  228354  2
500  162569  1
500  500  500  500  252473  7
500  230294  1
500  238479  1
500  251895  6
500  228931  3
500  225154  3
500  500  186757  2
500  181491  4
500  233640  2
500  229059  5
500  500  193793  3
500  163041  6
500  213387  4
500  500  253743  1
500  177764  3
500  173165  1
500  122089  1
500  500  184221  4
500  173838  1
500  206444  5
500  194295  2
500  217673  3
500  500  202154  4
500  254936  2
500  285737  4
500  265889  3
500  205387  2
500  149133  6
500  500  162632  5
500  262979  6
500  153467  9
500  500  149842  4
500  116444  1
500  200552  2
500  136234  2
500  174039  3
500  231866  3
500  143808  1
500  134557  1
500  156363  2
500  139900  3
500  194474  1
500  190151  3
500  185801  2
500  208289  1
500  500  189331  4
500  192294  7
500  205850  3
500  196979  4
500  187830  7
500  195563  4
500  173137  2
500  500  165269  1
500  146638  4
500  158112  2
500  138859  4
500  178574  2
500  155548  1
500  177630  3
500  178925  2
500  116742  1
500  219315  5
500  352518  2
500  243015  4
500  222459  5
500  292056  1
500  146616  3
500  226415  6
500  183800  4
500  188272  4
500  500  124980  2
500  500  123199  1
500  162938  1
500  144826  1
500  500  116817  2
500  159975  3
500  127877  3
500  189353  7
500  131093  1
500  124974  1
600  283048  1
600  297982  4
600  251208  3
600  180346  3
600  166548  4
600  281024  3
600  295692  3
600  359601  4
600  408437  1
600  242320  5
600  294828  3
600  260014  5
600  600  600  254090  2
600  232666  4
600  227335  1
600  207003  5
600  253442  4
600  222450  3
600  236893  5
600  187494  2
600  600  255153  3
600  275954  4
600  264469  2
600  600  230148  1
600  600  251768  2
600  600  302804  1
600  291418  3
600  358479  4
600  274077  3
600  214812  3
600  215550  2
600  218416  6
600  249570  2
600  178882  1
600  206424  5
600  265823  5
600  207037  2
600  229739  3
600  212269  1
600  263467  2
600  153356  2
600  600  202980  1
600  215849  1
600  245394  2
600  258176  1
600  291429  3
600  190799  3
600  179302  2
600  233992  5
600  173962  1
600  197474  1
600  199241  3
600  238330  4
600  600  189678  1
600  600  600  600  168323  6
600  178045  2
600  178461  1
600  600  217693  1
600  194374  5
600  177139  1
600  251764  2
600  281860  2
600  262037  5
600  310193  2
600  211486  1
600  227551  1
600  600  600  157131  3
600  600  192187  2
600  360739  6
600  153343  5
600  208286  6
600  233620  2
600  600  189392  3
600  206432  1
600  162375  6
600  146412  3
600  225579  3
600  141077  1
600  297178  3
600  600  600  207164  4
600  187304  1
600  225729  2
600  209278  2
600  180435  1
600  135080  4
600  600  600  600  183977  2
600  182960  1
600  157060  2
600  600  600  170716  1
600  600  205203  2
600  600  166108  3
600  186271  5
600  600  600  177719  1
600  249238  4
600  600  214639  3
600  600  262868  2
600  200110  1
600  600  235226  2
600  288538  2
600  191669  3
700  333701  2
700  274149  1
700  312542  2
700  418757  1
700  266307  2
700  307722  1
700  280733  1
700  336775  4
700  194470  4
700  323518  1
700  267279  5
700  277907  3
700  269132  3
700  700  700  267383  4
700  277656  3
700  332493  2
700  308472  2
700  238071  1
700  253814  3
700  314663  9
700  700  296028  4
700  229473  1
700  226941  1
700  363624  1
700  267187  1
700  700  256303  3
700  700  326767  3
700  700  700  251646  2
700  288110  2
700  700  256164  1
700  263582  1
700  325596  2
700  303901  6
700  225596  5
700  258776  2
700  257731  5
700  253382  3
700  285686  4
700  278121  1
700  352168  4
700  700  280126  1
700  286677  1
700  342454  1
700  274972  1
700  311718  2
700  533840  4
700  341110  6
700  310426  6
700  364198  5
700  353125  5
700  311085  2
700  292931  5
700  700  243798  3
700  248853  1
700  274201  2
700  319422  2
700  700  324645  3
700  300103  1
700  700  325350  3
700  700  700  295713  1
700  304558  2
700  240245  4
700  268267  3
700  267634  5
700  238980  1
700  211840  6
700  700  271233  2
700  700  214561  4
700  253381  4
700  700  232881  1
700  346707  3
700  460296  2
700  282733  3
700  283425  1
700  240714  7
700  700  700  700  700  265230  7
700  290169  6
700  236565  5
700  319762  1
700  361776  2
700  363002  3
700  209893  2
700  276829  4
700  268653  2
700  281162  4
700  203518  2
700  205770  2
700  273634  2
700  700  311974  4
700  700  327656  3
700  700  246126  1
700  700  261802  3
700  253696  2
700  700  246191  7
700  700  543037  3
700  372288  1
700  268484  2
700  328592  1
700  450989  3
700  438206  1
800  301828  1
800  215716  2
800  272232  3
800  333287  4
800  800  304177  1
800  274160  2
800  800  289911  1
800  339053  2
800  258475  3
800  800  256971  1
800  434241  5
800  343010  3
800  316534  6
800  380499  2
800  341360  5
800  800  339552  2
800  258350  2
800  410920  5
800  334852  3
800  314131  1
800  317313  1
800  800  294628  4
800  388330  2
800  366302  4
800  800  307988  3
800  362666  3
800  310817  2
800  800  380451  3
800  800  364639  3
800  292606  2
800  460605  1
800  347856  1
800  331109  3
800  315558  3
800  800  800  800  429451  5
800  346663  2
800  278116  3
800  370773  1
800  327405  5
800  366962  2
800  800  432350  2
800  562651  5
800  800  800  392554  3
800  800  385236  3
800  587122  7
800  356410  3
800  800  397365  3
800  369544  2
800  379343  6
800  387405  1
800  800  800  346083  4
800  531841  2
800  352162  2
800  283955  5
800  318074  3
800  800  220614  1
800  800  385900  1
800  800  268735  4
800  355424  7
800  431807  2
800  359791  4
800  387597  5
800  251961  6
800  464408  4
800  442851  3
800  526756  2
800  405938  3
800  368582  1
800  364753  3
800  363571  2
800  286599  2
800  336301  3
800  322717  3
800  329245  1
800  363164  2
800  382271  2
800  800  263000  4
800  240289  3
800  800  420224  2
800  287719  2
800  375523  3
800  358742  4
800  361206  3
800  426269  3
800  382245  2
800  328808  2
800  254668  1
800  800  304077  1
800  351492  3
800  295363  3
800  335247  3
800  234387  3
800  800  295933  3
800  299215  1
800  223342  1
800  223169  6
800  245839  7
800  800  245593  2
800  207794  2
800  800  265435  5
900  553969  7
900  400244  2
900  400898  3
900  483425  1
900  386541  6
900  403944  4
900  562667  1
900  572572  7
900  445389  1
900  900  900  446629  4
900  552392  7
900  445914  2
900  498973  7
900  479498  1
900  393780  2
900  402980  3
900  900  471228  4
900  467436  4
900  900  340099  4
900  332160  3
900  384616  1
900  356862  4
900  334261  2
900  331880  5
900  317765  5
900  349335  4
900  389273  1
900  738136  6
900  900  412814  1
900  389543  2
900  479241  3
900  521334  1
900  355266  2
900  401716  2
900  476141  1
900  326930  5
900  465334  1
900  492391  7
900  373921  2
900  450235  3
900  900  411638  1
900  366534  2
900  322133  3
900  900  370439  3
900  424569  2
900  477961  3
900  900  370366  3
900  292953  4
900  900  900  279253  2
900  350321  1
900  900  409390  5
900  358613  3
900  398068  1
900  413090  2
900  393574  2
900  390251  3
900  324199  2
900  425760  6
900  345815  2
900  900  427012  2
900  365908  5
900  345316  3
900  409986  2
900  379893  4
900  331814  4
900  314932  2
900  361910  2
900  900  900  334497  2
900  310130  2
900  384177  3
900  324196  5
900  306017  2
900  300934  1
900  462615  3
900  335146  1
900  338728  4
900  364095  6
900  408907  2
900  392038  4
900  341309  3
900  321225  3
900  416454  6
900  380509  2
900  900  315737  4
900  900  900  402045  6
900  400009  1
900  291241  1
900  377270  4
900  900  364303  3
900  281625  4
900  307582  3
900  312067  1
900  325350  1
900  346074  3
900  396801  3
900  390874  4
900  900  530324  5
900  371287  1
900  463635  6
900  289336  1
1000  483097  2
1000  393446  3
1000  408751  2
1000  588383  2
1000  406042  3
1000  452628  4
1000  435934  4
1000  456097  4
1000  1000  470490  3
1000  435420  3
1000  411271  2
1000  454310  1
1000  1000  466628  2
1000  379862  3
1000  1000  1000  1000  407799  2
1000  439825  2
1000  510060  1
1000  528528  6
1000  408353  1
1000  375517  4
1000  431399  3
1000  365445  3
1000  366555  1
1000  363209  2
1000  413104  1
1000  451836  1
1000  349837  1
1000  364913  2
1000  1000  374749  3
1000  1000  1000  1000  358176  2
1000  450290  3
1000  356225  1
1000  546138  1
1000  389647  3
1000  298358  3
1000  381954  1
1000  402557  2
1000  340543  3
1000  1000  371642  2
1000  418395  4
1000  432766  2
1000  451251  3
1000  1000  442334  2
1000  532291  2
1000  565458  7
1000  427155  1
1000  327615  3
1000  539638  2
1000  455627  3
1000  356277  2
1000  468422  1
1000  406792  2
1000  416773  1
1000  347015  3
1000  1000  431815  1
1000  439274  1
1000  495622  2
1000  1000  448149  3
1000  413815  3
1000  503944  1
1000  412085  5
1000  1000  481370  3
1000  1000  529535  5
1000  1000  1000  371742  1
1000  330098  3
1000  477533  2
1000  425352  3
1000  399266  2
1000  1000  345922  6
1000  436309  7
1000  1000  498647  1
1000  361528  1
1000  336271  3
1000  352250  3
1000  1000  421719  5
1000  1000  406015  2
1000  325959  3
1000  438009  7
1000  367131  6
1000  424987  1
1000  505831  1
1000  1000  649712  4
1000  1000  1000  1000  569269  3
1000  447521  3
1000  449583  3
1000  1000  519656  3
1000  373191  3
1000  1000  1000  633073  2
1000  1000  834443  2
1000  711379  3
1000  376572  2
1000  1000  325485  3
1000  1000  458011  1
1000  331988  1
1000  375963  1
1000  321198  3
1000  459956  1
1000  484131  2
1000  351214  1
1000  381671  2
1100  531606  1
1100  474340  3
1100  490225  4
1100  1100  455266  1
1100  410740  1
1100  595937  2
1100  436565  2
1100  396792  2
1100  644544  4
1100  462877  2
1100  456446  5
1100  484767  1
1100  533676  1
1100  1100  1100  484977  3
1100  484092  3
1100  1100  473724  5
1100  425454  1
1100  487624  3
1100  1100  393864  1
1100  385718  1
1100  442308  6
1100  441492  2
1100  424831  3
1100  454879  3
1100  1100  428687  5
1100  346124  1
1100  460479  2
1100  387521  2
1100  1100  1100  428578  3
1100  379981  3
1100  570172  4
1100  1100  1100  1100  493513  1
1100  1100  551466  2
1100  508319  2
1100  582692  4
1100  440216  3
1100  632811  4
1100  495327  1
1100  499484  3
1100  1100  387397  2
1100  1100  431215  1
1100  420450  1
1100  361076  1
1100  375325  1
1100  1100  348525  3
1100  354825  2
1100  1100  421911  6
1100  570730  2
1100  307565  4
1100  1100  398435  1
1100  420563  3
1100  540204  3
1100  450776  2
1100  566551  7
1100  489569  3
1100  464461  2
1100  465351  4
1100  1100  422833  4
1100  505080  6
1100  505583  3
1100  622871  1
1100  544106  3
1100  1100  590107  2
1100  1100  549845  2
1100  447911  1
1100  490581  3
1100  416880  6
1100  461740  2
1100  503290  2
1100  520785  5
1100  463481  2
1100  480944  2
1100  352807  1
1100  495208  3
1100  424016  5
1100  455149  1
1100  372751  3
1100  1100  365174  2
1100  447722  5
1100  1100  1100  500704  4
1100  507543  1
1100  387158  1
1100  604121  2
1100  360571  5
1100  486988  1
1100  496189  4
1100  1100  404967  4
1100  427188  3
1100  463446  3
1100  400320  2
1100  612986  3
1100  479344  2
1100  423487  2
1100  477361  3
1100  1100  1100  534458  3
1100  493713  4
1100  413498  2
1100  577576  4
1100  589869  6
1100  478388  5
1200  585677  2
1200  482644  11
1200  630660  3
1200  1200  486127  5
1200  471205  1
1200  622881  1
1200  699787  3
1200  540541  6
1200  492494  5
1200  616688  2
1200  420103  1
1200  500972  1
1200  562563  6
1200  502157  2
1200  478294  2
1200  377388  3
1200  394818  3
1200  416898  7
1200  409115  2
1200  580210  1
1200  489468  5
1200  527338  4
1200  545708  5
1200  505706  3
1200  468742  5
1200  578050  3
1200  504413  3
1200  523815  3
1200  1200  586726  2
1200  475180  4
1200  622540  2
1200  444177  3
1200  1200  574934  2
1200  667898  2
1200  588040  3
1200  1200  629945  5
1200  592595  2
1200  695942  4
1200  1200  627475  2
1200  1200  1200  566985  4
1200  445751  5
1200  362394  5
1200  399886  2
1200  646120  4
1200  1200  652043  2
1200  527368  3
1200  489376  3
1200  606461  3
1200  375468  3
1200  482975  4
1200  638952  2
1200  601208  1
1200  1200  1200  731901  3
1200  469464  1
1200  1200  532280  3
1200  500036  3
1200  1200  1200  439197  1
1200  504917  1
1200  1200  510197  3
1200  1200  532627  2
1200  1200  473613  3
1200  563241  1
1200  507829  4
1200  525889  1
1200  524341  1
1200  1200  603561  5
1200  422722  5
1200  471989  1
1200  514115  4
1200  442459  2
1200  517285  1
1200  1200  580676  3
1200  508756  5
1200  542304  1
1200  636312  1
1200  825377  2
1200  596318  1
1200  1200  615143  2
1200  536048  5
1200  575175  2
1200  1200  1200  1200  1200  1200  453150  1
1200  448064  1
1200  558458  1
1200  627760  3
1200  1200  1200  407148  3
1200  461409  2
1200  441518  1
1200  497150  6
1200  444315  3
1200  1200  415381  1
1200  568844  3
1200  1200  1200  575838  4
1200  1200  494672  2
1200  554586  2
1200  489780  4
1200  550790  2
1200  549712  1
1200  667649  4
1200  543970  3
1200  442632  3
1300  952183  3
1300  667196  5
1300  809413  1
1300  864792  2
1300  1300  881726  2
1300  772579  6
1300  668859  3
1300  1300  808597  5
1300  1300  649922  4
1300  682047  1
1300  452764  4
1300  585975  1
1300  531898  3
1300  646063  1
1300  602302  3
1300  728576  5
1300  607934  3
1300  638863  1
1300  1300  531533  2
1300  616543  1
1300  612054  1
1300  536309  1
1300  645502  6
1300  1300  481807  6
1300  499770  2
1300  437537  2
1300  1300  1300  495556  2
1300  568631  5
1300  493067  1
1300  431273  4
1300  659967  2
1300  644184  1
1300  1300  571004  2
1300  701253  6
1300  493050  1
1300  529300  2
1300  598434  4
1300  565696  3
1300  503140  4
1300  756872  3
1300  541871  2
1300  559143  1
1300  551970  4
1300  538004  5
1300  606746  2
1300  620748  1
1300  1300  455822  2
1300  1300  609696  2
1300  581380  6
1300  1300  498451  2
1300  825655  3
1300  859905  1
1300  640807  3
1300  597191  1
1300  688923  5
1300  578398  2
1300  599769  1
1300  593665  2
1300  629596  2
1300  785499  2
1300  1300  1300  543341  3
1300  1300  696595  4
1300  602677  3
1300  643735  3
1300  548927  2
1300  670690  2
1300  719859  4
1300  659969  1
1300  688639  1
1300  1300  1300  618729  3
1300  500383  2
1300  743387  1
1300  1300  1300  1300  640796  4
1300  1300  1300  494654  1
1300  530545  3
1300  471722  1
1300  584752  1
1300  737079  3
1300  662127  2
1300  669794  2
1300  604656  1
1300  578076  2
1300  538704  3
1300  1300  585684  5
1300  637633  2
1300  649282  2
1300  553374  2
1300  636300  4
1300  1300  614378  3
1300  1300  704995  1
1300  556701  4
1300  512626  3
1300  514515  1
1300  532525  2
1300  507344  2
1300  564267  5
1300  591395  4
1300  593844  4
1300  586323  2
1300  1300  562051  3
1400  674546  1
1400  677495  3
1400  1400  642411  3
1400  568090  3
1400  671227  2
1400  647524  2
1400  522796  2
1400  574590  5
1400  650733  1
1400  1400  596332  4
1400  457998  1
1400  725735  1
1400  1400  696020  4
1400  609491  5
1400  693549  4
1400  606846  2
1400  508385  2
1400  1400  607000  4
1400  570126  3
1400  1400  1400  628570  1
1400  687892  1
1400  1400  663264  1
1400  1400  580443  1
1400  1400  749721  1
1400  565729  4
1400  502054  2
1400  657246  4
1400  719784  6
1400  624748  5
1400  624442  2
1400  612698  3
1400  541141  1
1400  655196  3
1400  658475  1
1400  699979  5
1400  1400  1400  657179  5
1400  1400  612351  2
1400  611090  1
1400  669652  4
1400  683682  6
1400  802298  3
1400  1.23323e+06  4
1400  701354  2
1400  595410  2
1400  700515  2
1400  656467  2
1400  619113  2
1400  648225  1
1400  1400  629350  2
1400  1400  1400  575230  4
1400  1400  611420  4
1400  457898  6
1400  457236  2
1400  670475  3
1400  480766  4
1400  561695  2
1400  503321  2
1400  486541  2
1400  537343  2
1400  503339  2
1400  892201  4
1400  771092  3
1400  941675  1
1400  990696  3
1400  795881  3
1400  804263  2
1400  627280  1
1400  1400  685385  5
1400  813492  2
1400  659643  7
1400  846074  3
1400  1400  728996  1
1400  693880  4
1400  686688  1
1400  742965  6
1400  517121  2
1400  779215  3
1400  560780  4
1400  830405  3
1400  537318  1
1400  1400  894864  5
1400  1400  1400  944480  1
1400  1400  834017  3
1400  1400  681403  2
1400  1400  709891  3
1400  1400  572037  4
1400  708305  1
1400  617043  1
1400  725431  2
1400  694942  3
1400  603278  3
1400  515328  2
1400  1400  1400  779715  2
1400  608611  5
1400  621167  1
1400  595840  1
1400  610121  3
1400  1400  671979  4
1400  698923  1
1400  645148  2
1500  681267  2
1500  712414  2
1500  715381  4
1500  1500  634746  4
1500  1500  481620  2
1500  619408  1
1500  680778  2
1500  588698  1
1500  1500  665424  1
1500  775954  3
1500  663986  6
1500  1500  623311  2
1500  653754  4
1500  893841  3
1500  776992  5
1500  947223  3
1500  858355  3
1500  612401  5
1500  746143  2
1500  968276  3
1500  711474  1
1500  1500  968805  1
1500  784213  4
1500  1500  821443  3
1500  1500  755275  1
1500  716050  1
1500  718512  5
1500  796977  3
1500  773601  4
1500  842419  4
1500  551497  2
1500  644698  3
1500  606590  6
1500  629107  1
1500  1500  1500  582808  3
1500  770163  2
1500  1500  706479  2
1500  680701  1
1500  548620  4
1500  509520  3
1500  697060  4
1500  695336  4
1500  1500  610848  1
1500  748486  2
1500  1500  732319  1
1500  745377  3
1500  991869  2
1500  708145  2
1500  646665  3
1500  786251  2
1500  941393  6
1500  609507  3
1500  684227  3
1500  751626  2
1500  1500  759360  3
1500  613270  1
1500  645890  7
1500  694092  2
1500  652702  6
1500  964884  2
1500  770474  3
1500  732459  3
1500  1500  485798  3
1500  741535  2
1500  671893  1
1500  1500  1500  580162  1
1500  1500  682084  5
1500  700689  4
1500  606350  2
1500  727162  2
1500  563861  3
1500  693273  3
1500  587276  3
1500  466728  1
1500  691390  3
1500  588255  4
1500  541768  2
1500  602392  11
1500  1500  604620  5
1500  776889  3
1500  540871  1
1500  530419  1
1500  564664  3
1500  641291  1
1500  531218  2
1500  532883  2
1500  723987  4
1500  1500  797432  1
1500  773337  2
1500  450346  2
1500  1500  585910  4
1500  556796  2
1500  505811  3
1500  638374  2
1500  1500  540781  5
1500  640312  4
1500  517881  1
1500  649808  3
1500  1500  487410  1
1500  444519  2
1600  923994  7
1600  778783  1
1600  796640  3
1600  813842  4
1600  944236  6
1600  730397  2
1600  627672  5
1600  671429  6
1600  820564  7
1600  838770  4
1600  714319  3
1600  755472  5
1600  1600  744625  3
1600  674645  4
1600  796913  3
1600  1.04819e+06  3
1600  709763  3
1600  763028  2
1600  733496  2
1600  876565  5
1600  572675  1
1600  599259  1
1600  1600  648859  2
1600  565721  2
1600  704430  1
1600  790768  3
1600  665352  1
1600  998626  4
1600  1600  1600  614895  1
1600  585025  3
1600  1600  612889  1
1600  797657  2
1600  890560  2
1600  539593  3
1600  734458  3
1600  790101  1
1600  1600  734653  1
1600  627076  1
1600  734572  1
1600  980529  7
1600  899354  3
1600  876781  1
1600  925905  4
1600  1.10897e+06  1
1600  1.04506e+06  4
1600  640764  1
1600  966220  3
1600  721134  3
1600  727575  1
1600  712136  3
1600  821039  4
1600  654108  1
1600  828161  4
1600  1600  666037  2
1600  682672  6
1600  779501  3
1600  1600  653375  1
1600  870933  1
1600  864834  2
1600  660067  4
1600  838727  2
1600  966636  2
1600  795499  2
1600  816779  6
1600  1600  1600  874248  4
1600  948922  3
1600  1600  790225  1
1600  938374  2
1600  768432  2
1600  1600  887349  3
1600  753455  1
1600  747272  2
1600  857543  2
1600  926899  1
1600  706751  1
1600  792943  1
1600  738043  1
1600  787838  1
1600  1600  697626  2
1600  693889  5
1600  762643  1
1600  637411  2
1600  655708  1
1600  758028  1
1600  719025  7
1600  566306  1
1600  659617  3
1600  539223  5
1600  697911  2
1600  835866  4
1600  853798  4
1600  832623  2
1600  662436  3
1600  777508  6
1600  803029  3
1600  689431  2
1600  883258  1
1600  743858  4
1600  816814  2
1600  692653  2
1700  835758  4
1700  906550  2
1700  858022  4
1700  1700  708335  1
1700  908029  1
1700  837920  2
1700  733084  1
1700  892008  2
1700  774424  4
1700  718678  1
1700  1700  875542  3
1700  828051  1
1700  959603  2
1700  815672  5
1700  821183  3
1700  707889  4
1700  831871  7
1700  945756  2
1700  1700  1700  1.02572e+06  4
1700  954267  1
1700  1700  672068  1
1700  872269  4
1700  819550  4
1700  799856  5
1700  672798  2
1700  952440  3
1700  852761  2
1700  649575  3
1700  757545  3
1700  672219  2
1700  662039  3
1700  1700  1700  702228  1
1700  1700  908878  3
1700  681713  1
1700  973486  1
1700  1700  1.06948e+06  1
1700  946085  2
1700  794706  6
1700  608434  2
1700  831721  4
1700  868765  3
1700  878676  2
1700  837280  7
1700  910971  1
1700  893110  3
1700  1700  877110  3
1700  1700  1700  863901  3
1700  817385  4
1700  848210  6
1700  1700  905638  5
1700  940373  1
1700  882623  1
1700  829074  3
1700  674886  5
1700  802157  3
1700  914624  2
1700  703088  2
1700  1700  584322  1
1700  775125  1
1700  576922  3
1700  1.07252e+06  4
1700  1.15202e+06  4
1700  825933  7
1700  1.09115e+06  1
1700  944103  7
1700  1.00371e+06  2
1700  918398  2
1700  1.07654e+06  5
1700  869698  3
1700  811489  4
1700  727117  2
1700  1700  873065  4
1700  794382  2
1700  893445  6
1700  796305  5
1700  679520  2
1700  656609  1
1700  1.12713e+06  1
1700  720860  1
1700  725245  5
1700  881522  2
1700  872771  2
1700  1.02556e+06  6
1700  959453  1
1700  1700  1700  1.02519e+06  5
1700  797018  2
1700  1700  1700  1700  858260  4
1700  858859  3
1700  707485  3
1700  1.03021e+06  1
1700  606754  1
1700  828625  2
1700  625998  3
1700  676812  3
1700  897593  4
1700  896757  5
1700  893258  4
1700  997691  3
1700  636568  4
1700  923254  5
1800  974749  9
1800  1.06265e+06  4
1800  985614  2
1800  1800  815011  6
1800  1.03982e+06  2
1800  1.12039e+06  5
1800  1.1323e+06  4
1800  959749  1
1800  1.02808e+06  4
1800  1.69727e+06  2
1800  1.34979e+06  2
1800  1.00923e+06  2
1800  880593  3
1800  866649  4
1800  993128  2
1800  1.13338e+06  4
1800  1.03554e+06  1
1800  1.02185e+06  5
1800  1800  1.00028e+06  4
1800  1800  1.15771e+06  4
1800  1800  728467  4
1800  775912  1
1800  954529  3
1800  863045  2
1800  1.05481e+06  2
1800  993960  2
1800  710919  3
1800  1800  1800  788568  1
1800  1800  997813  4
1800  1.00651e+06  3
1800  856509  3
1800  952440  1
1800  817171  7
1800  975323  5
1800  993405  2
1800  1.13511e+06  1
1800  826152  2
1800  1800  1800  772335  2
1800  1.0583e+06  4
1800  1.29361e+06  1
1800  855939  4
1800  1.23254e+06  6
1800  1.04954e+06  4
1800  1.11755e+06  1
1800  710677  4
1800  1800  1.01963e+06  4
1800  1800  1800  1.27832e+06  2
1800  939331  3
1800  868935  1
1800  1.00261e+06  4
1800  871416  1
1800  1800  1.35557e+06  7
1800  810483  4
1800  764220  4
1800  790381  1
1800  752487  2
1800  775482  1
1800  992688  2
1800  842913  2
1800  1800  1800  679452  3
1800  998882  5
1800  800191  3
1800  1800  982720  2
1800  967619  5
1800  1800  881092  6
1800  719296  2
1800  1.00073e+06  2
1800  1800  928348  2
1800  1.03688e+06  6
1800  1800  991073  2
1800  959119  2
1800  994383  2
1800  1800  877201  4
1800  875553  1
1800  824816  3
1800  1.04508e+06  5
1800  726558  2
1800  1.06466e+06  5
1800  837847  2
1800  973515  1
1800  916123  5
1800  873434  2
1800  856125  5
1800  1.09311e+06  2
1800  878032  1
1800  835180  5
1800  1.17046e+06  1
1800  1800  991871  4
1800  1.04125e+06  3
1800  884651  4
1800  840400  7
1800  1.00183e+06  2
1800  1800  1800  1800  716736  3
1800  831102  2
1800  945893  1
1800  915057  3
1800  1.20452e+06  2
1800  911032  2
1800  967859  2
1800  1.00162e+06  1
1900  1900  923966  3
1900  750164  3
1900  828889  1
1900  833957  2
1900  934429  4
1900  1900  993167  2
1900  1900  769500  5
1900  736415  3
1900  1900  953531  1
1900  1900  822032  3
1900  1.2671e+06  2
1900  951528  2
1900  1900  1.07146e+06  4
1900  958513  5
1900  1900  1900  1.05376e+06  5
1900  841447  3
1900  972494  3
1900  1.1251e+06  3
1900  1.11383e+06  3
1900  1.03565e+06  2
1900  956176  1
1900  984758  1
1900  872067  2
1900  704335  1
1900  832520  1
1900  777036  2
1900  1900  917105  2
1900  966733  7
1900  957741  4
1900  1.08875e+06  3
1900  1.07715e+06  1
1900  895514  5
1900  936082  2
1900  1.06414e+06  2
1900  1900  916265  3
1900  1.01668e+06  1
1900  838127  2
1900  1900  861986  1
1900  974392  1
1900  1900  743101  1
1900  1900  1.12297e+06  2
1900  1.23443e+06  4
1900  1900  1900  1900  958610  3
1900  980333  3
1900  1.15333e+06  1
1900  831762  2
1900  966370  7
1900  989631  2
1900  1.28195e+06  3
1900  1.13257e+06  7
1900  1900  641241  2
1900  762889  3
1900  859956  1
1900  721690  1
1900  824557  1
1900  960559  3
1900  752255  3
1900  1900  730050  1
1900  764315  4
1900  1900  615580  3
1900  1.0121e+06  1
1900  998462  3
1900  904909  3
1900  1.00924e+06  2
1900  998894  4
1900  1900  1.33725e+06  4
1900  878252  5
1900  1.25196e+06  1
1900  979121  3
1900  1.11895e+06  5
1900  1.18302e+06  4
1900  1.34352e+06  3
1900  1.00224e+06  3
1900  1.21011e+06  5
1900  1.03441e+06  2
1900  999385  7
1900  947027  2
1900  1.09422e+06  2
1900  964229  4
1900  808652  2
1900  843594  2
1900  1.00337e+06  7
1900  909627  2
1900  1.0809e+06  3
1900  830107  1
1900  933374  2
1900  1900  1900  1900  726299  3
1900  929371  2
1900  1.01244e+06  2
1900  793193  2
1900  1.14019e+06  5
1900  1.12463e+06  2
1900  1.16002e+06  3
1900  1.00867e+06  1
1900  1.03478e+06  2
1900  1.07391e+06  1
1900  1.06474e+06  4
1900  999595  5
1900  1.41506e+06  3
1900  978840  2
2000  863526  2
2000  912594  1
2000  841823  5
2000  2000  801692  4
2000  908000  2
2000  902120  3
2000  1.07134e+06  2
2000  932873  3
2000  798411  3
2000  1.12133e+06  3
2000  903285  1
2000  988760  2
2000  908361  1
2000  1.05021e+06  2
2000  1.09582e+06  4
2000  885339  2
2000  2000  860313  2
2000  1.01678e+06  6
2000  2000  890724  3
2000  1.00196e+06  3
2000  2000  893314  4
2000  1.00638e+06  2
2000  980869  3
2000  1.04535e+06  1
2000  2000  874316  2
2000  940129  4
2000  848966  1
2000  779747  2
2000  891882  1
2000  988419  1
2000  1.0043e+06  1
2000  958728  2
2000  1.15436e+06  2
2000  2000  1.27644e+06  6
2000  1.00864e+06  2
2000  1.09151e+06  4
2000  1.45947e+06  3
2000  1.18533e+06  5
2000  999635  3
2000  1.2239e+06  4
2000  859177  3
2000  2000  1.09372e+06  3
2000  951078  2
2000  2000  905386  4
2000  817790  1
2000  2000  864541  3
2000  789494  6
2000  955357  2
2000  847952  6
2000  1.0589e+06  1
2000  1.08724e+06  4
2000  1.00634e+06  4
2000  928695  4
2000  1.00629e+06  2
2000  807435  4
2000  955385  4
2000  1.0465e+06  6
2000  980869  3
2000  1.04875e+06  1
2000  1.1629e+06  2
2000  893717  2
2000  2000  1.07922e+06  4
2000  1.22123e+06  2
2000  2000  953188  2
2000  1.02381e+06  1
2000  2000  932915  1
2000  852431  4
2000  733012  2
2000  857683  1
2000  2000  2000  2000  807416  1
2000  1.06698e+06  3
2000  1.15201e+06  2
2000  1.14259e+06  3
2000  1.05443e+06  3
2000  2000  2000  887606  3
2000  1.26353e+06  2
2000  1.16598e+06  2
2000  1.02514e+06  3
2000  2000  959652  1
2000  1.08103e+06  5
2000  890467  1
2000  868585  3
2000  894206  3
2000  848167  5
2000  944092  1
2000  750807  1
2000  697731  2
2000  2000  999608  1
2000  2000  925495  1
2000  2000  921412  1
2000  2000  785947  3
2000  1.11465e+06  7
2000  2000  1.04836e+06  7
2000  1.18747e+06  3
2000  793346  3
2000  688288  5
2000  1.35733e+06  3
2000  897252  1
2000  1.13328e+06  1
2000  919938  1
2100  1.17952e+06  7
2100  1.23365e+06  3
2100  986404  5
2100  1.14729e+06  3
2100  901427  3
2100  1.18182e+06  5
2100  1.46215e+06  2
2100  2100  1.47769e+06  6
2100  1.51357e+06  2
2100  1.04166e+06  6
2100  1.11294e+06  2
2100  1.08928e+06  2
2100  1.11015e+06  4
2100  1.07322e+06  5
2100  1.19542e+06  3
2100  1.34679e+06  3
2100  946336  3
2100  1.02311e+06  1
2100  1.47222e+06  1
2100  1.35943e+06  3
2100  1.02173e+06  3
2100  1.16122e+06  2
2100  997128  1
2100  1.34249e+06  5
2100  1.25091e+06  3
2100  974242  3
2100  1.26822e+06  2
2100  908787  2
2100  2100  1.11642e+06  3
2100  1.07111e+06  4
2100  1.25003e+06  2
2100  1.23121e+06  1
2100  929246  1
2100  1.05671e+06  1
2100  1.2372e+06  1
2100  2100  1.04374e+06  3
2100  908744  4
2100  903505  3
2100  1.09374e+06  2
2100  904647  5
2100  1.33505e+06  3
2100  1.53254e+06  4
2100  1.01664e+06  7
2100  1.24479e+06  1
2100  956264  2
2100  1.2502e+06  5
2100  2100  1.23475e+06  1
2100  2100  2100  1.02159e+06  3
2100  1.39098e+06  3
2100  1.66861e+06  2
2100  1.0917e+06  2
2100  2100  1.20478e+06  5
2100  949906  1
2100  1.08442e+06  1
2100  2100  1.31435e+06  1
2100  1.28627e+06  3
2100  2100  2100  1.17802e+06  2
2100  1.39069e+06  5
2100  1.26021e+06  4
2100  957517  3
2100  915018  2
2100  1.17564e+06  1
2100  965427  1
2100  1.06311e+06  2
2100  2100  1.09915e+06  3
2100  1.0578e+06  2
2100  1.28839e+06  4
2100  1.11525e+06  3
2100  1.06444e+06  4
2100  2100  1.84341e+06  1
2100  1.22846e+06  3
2100  1.3461e+06  4
2100  1.23367e+06  2
2100  1.43552e+06  2
2100  981145  1
2100  1.31067e+06  2
2100  2100  1.43385e+06  2
2100  1.5898e+06  2
2100  1.55474e+06  1
2100  1.41416e+06  5
2100  948470  1
2100  1.08693e+06  3
2100  2100  1.06124e+06  6
2100  929511  3
2100  1.03441e+06  4
2100  921147  6
2100  2100  957835  1
2100  1.06812e+06  3
2100  1.00562e+06  6
2100  1.15354e+06  4
2100  2100  2100  1.11969e+06  2
2100  1.02422e+06  2
2100  857113  2
2100  2100  1.09548e+06  4
2100  917134  5
2100  1.23153e+06  2
2100  2100  1.02015e+06  1
2100  2100  1.03968e+06  1
2100  972440  4
2100  1.20238e+06  2
2200  1.23379e+06  4
2200  1.09006e+06  2
2200  1.21033e+06  2
2200  2200  1.36963e+06  2
2200  1.16713e+06  1
2200  953007  1
2200  2200  1.47694e+06  1
2200  1.19864e+06  1
2200  1.21749e+06  2
2200  1.23007e+06  4
2200  1.24158e+06  1
2200  1.43723e+06  3
2200  1.28011e+06  2
2200  1.24156e+06  3
2200  962001  2
2200  2200  974807  6
2200  1.09995e+06  1
2200  1.06299e+06  1
2200  911041  6
2200  2200  1.37614e+06  3
2200  1.16312e+06  2
2200  1.42575e+06  1
2200  1.24612e+06  3
2200  992405  2
2200  1.29286e+06  7
2200  1.26681e+06  2
2200  885707  2
2200  849777  2
2200  1.18057e+06  3
2200  2200  1.08536e+06  2
2200  1.25224e+06  4
2200  1.47072e+06  2
2200  2200  1.14153e+06  3
2200  1.33201e+06  3
2200  2200  1.01592e+06  7
2200  1.22693e+06  3
2200  1.48156e+06  2
2200  1.21259e+06  3
2200  1.10187e+06  4
2200  2200  1.11601e+06  5
2200  2200  1.58199e+06  2
2200  1.22133e+06  3
2200  984393  1
2200  1.00406e+06  3
2200  1.07638e+06  1
2200  1.09266e+06  3
2200  1.07921e+06  2
2200  1.18007e+06  2
2200  1.11483e+06  4
2200  1.37801e+06  2
2200  1.10408e+06  1
2200  977999  3
2200  2200  982546  2
2200  1.10296e+06  2
2200  989271  1
2200  1.03218e+06  4
2200  1.06927e+06  9
2200  878079  1
2200  1.21134e+06  4
2200  935747  2
2200  992092  7
2200  1.11406e+06  3
2200  1.30511e+06  5
2200  1.42252e+06  3
2200  1.05319e+06  5
2200  1.47173e+06  4
2200  1.14547e+06  2
2200  1.1569e+06  3
2200  1.40259e+06  2
2200  1.19972e+06  4
2200  2200  1.3086e+06  4
2200  2200  1.166e+06  2
2200  1.16447e+06  3
2200  1.15904e+06  2
2200  1.19851e+06  4
2200  1.09086e+06  2
2200  1.11789e+06  2
2200  1.07706e+06  4
2200  1.09936e+06  3
2200  1.20193e+06  2
2200  1.02513e+06  4
2200  1.08489e+06  1
2200  1.0682e+06  1
2200  2200  1.12913e+06  1
2200  1.28213e+06  3
2200  2200  1.4103e+06  1
2200  2200  1.34335e+06  1
2200  1.12831e+06  3
2200  1.07827e+06  2
2200  2200  2200  1.07606e+06  2
2200  1.08381e+06  1
2200  977498  3
2200  1.1444e+06  2
2200  991434  2
2200  1.09509e+06  7
2200  1.39206e+06  5
2200  1.00639e+06  1
2200  983647  3
2200  944633  1
2200  1.16779e+06  3
2300  1.19226e+06  4
2300  1.02974e+06  1
2300  1.04252e+06  2
2300  972340  3
2300  1.298e+06  6
2300  1.16597e+06  3
2300  1.03146e+06  2
2300  1.1726e+06  1
2300  2300  1.18341e+06  4
2300  1.0485e+06  4
2300  1.34048e+06  3
2300  1.07106e+06  3
2300  1.00714e+06  3
2300  999145  2
2300  2300  2300  1.06422e+06  3
2300  1.32717e+06  3
2300  1.30308e+06  1
2300  2300  2300  1.04069e+06  2
2300  1.2972e+06  3
2300  973292  6
2300  1.29285e+06  3
2300  1.17502e+06  6
2300  1.30178e+06  2
2300  1.06276e+06  2
2300  1.44583e+06  1
2300  1.05882e+06  3
2300  1.14228e+06  1
2300  1.07853e+06  2
2300  1.13312e+06  1
2300  2300  1.27509e+06  5
2300  2300  1.31786e+06  3
2300  1.20517e+06  1
2300  1.32618e+06  6
2300  1.21732e+06  1
2300  1.29028e+06  1
2300  1.5503e+06  4
2300  1.20572e+06  3
2300  1.28562e+06  7
2300  1.1768e+06  4
2300  1.43246e+06  3
2300  2300  2300  1.20402e+06  7
2300  1.1906e+06  3
2300  2300  1.10626e+06  1
2300  1.08227e+06  3
2300  1.17016e+06  2
2300  1.13159e+06  2
2300  1.05716e+06  1
2300  1.3099e+06  4
2300  2300  1.02991e+06  1
2300  1.37898e+06  3
2300  1.0143e+06  4
2300  1.11433e+06  2
2300  992252  1
2300  1.37542e+06  1
2300  2300  1.06302e+06  6
2300  949922  2
2300  1.41582e+06  3
2300  1.11834e+06  3
2300  1.0701e+06  3
2300  1.09544e+06  6
2300  1.49873e+06  1
2300  1.41028e+06  3
2300  1.39441e+06  3
2300  1.26574e+06  5
2300  2300  1.51256e+06  4
2300  1.32766e+06  1
2300  1.3325e+06  3
2300  1.28077e+06  3
2300  2300  2300  2300  1.36921e+06  2
2300  1.34314e+06  3
2300  1.27102e+06  5
2300  1.08464e+06  2
2300  2300  1.19335e+06  4
2300  1.12207e+06  1
2300  1.18348e+06  1
2300  1.13985e+06  1
2300  1.06782e+06  3
2300  1.13593e+06  3
2300  1.31995e+06  1
2300  1.2445e+06  1
2300  1.59172e+06  1
2300  1.13297e+06  1
2300  1.11383e+06  5
2300  1.44004e+06  2
2300  1.39284e+06  2
2300  1.3169e+06  7
2300  1.17108e+06  3
2300  1.60296e+06  2
2300  1.20012e+06  3
2300  1.64026e+06  5
2300  939848  4
2300  1.15697e+06  3
2300  1.41694e+06  1
2300  1.11516e+06  2
2300  1.16434e+06  1
2300  946053  3
2300  1.3169e+06  3
2300  1.2409e+06  4
2300  1.24291e+06  4
2300  1.23425e+06  2
2400  981589  1
2400  917096  2
2400  1.11834e+06  6
2400  1.21941e+06  1
2400  1.16244e+06  8
2400  1.0911e+06  4
2400  1.19563e+06  3
2400  906367  2
2400  1.11128e+06  2
2400  1.05601e+06  6
2400  1.27771e+06  2
2400  1.21569e+06  2
2400  1.22372e+06  5
2400  1.45414e+06  3
2400  1.31762e+06  6
2400  1.66206e+06  6
2400  2400  2400  1.32419e+06  5
2400  1.63903e+06  2
2400  1.08407e+06  7
2400  1.36443e+06  2
2400  1.26786e+06  1
2400  1.29416e+06  3
2400  1.2582e+06  3
2400  1.05606e+06  2
2400  1.28702e+06  3
2400  1.18489e+06  3
2400  1.19707e+06  3
2400  1.13408e+06  4
2400  1.01214e+06  3
2400  972447  2
2400  2400  1.02114e+06  3
2400  1.11044e+06  4
2400  1.14908e+06  5
2400  880079  4
2400  1.04393e+06  3
2400  1.29384e+06  5
2400  1.21887e+06  3
2400  993896  4
2400  1.1624e+06  2
2400  944145  4
2400  941975  3
2400  925249  4
2400  1.04293e+06  2
2400  2400  2400  1.24553e+06  2
2400  1.24917e+06  2
2400  1.2245e+06  2
2400  1.17156e+06  2
2400  1.16615e+06  1
2400  1.10396e+06  1
2400  1.25729e+06  2
2400  1.14009e+06  3
2400  1.17084e+06  3
2400  1.08748e+06  2
2400  2400  1.15218e+06  5
2400  1.13544e+06  4
2400  2400  1.08147e+06  3
2400  1.15007e+06  6
2400  1.42576e+06  3
2400  1.60417e+06  2
2400  1.28844e+06  3
2400  1.2609e+06  3
2400  1.30275e+06  2
2400  1.44941e+06  3
2400  1.37105e+06  2
2400  1.40579e+06  2
2400  1.18425e+06  4
2400  1.39943e+06  4
2400  1.21212e+06  5
2400  1.55841e+06  6
2400  1.06486e+06  3
2400  1.01309e+06  6
2400  1.33133e+06  5
2400  2400  1.19224e+06  4
2400  1.23658e+06  3
2400  952878  1
2400  1.18169e+06  6
2400  1.04528e+06  4
2400  995605  4
2400  2400  1.18097e+06  2
2400  1.18291e+06  1
2400  1.32126e+06  3
2400  2400  1.68964e+06  5
2400  2400  1.27253e+06  1
2400  1.43381e+06  2
2400  1.18685e+06  1
2400  2400  1.51841e+06  3
2400  1.17549e+06  1
2400  1.0083e+06  5
2400  1.12575e+06  2
2400  2400  2400  1.19292e+06  2
2400  2400  1.29238e+06  3
2400  1.28647e+06  5
2400  2400  1.26715e+06  5
2400  1.06898e+06  2
2400  1.19574e+06  2
2400  1.28018e+06  1
2400  1.03973e+06  1
2400  1.36916e+06  5
2400  1.26296e+06  2
2400  990808  1
2500  1.20525e+06  1
2500  2500  1.1181e+06  1
2500  2500  1.22178e+06  3
2500  1.02896e+06  2
2500  1.32108e+06  2
2500  1.13222e+06  2
2500  2500  2500  1.21305e+06  4
2500  1.37563e+06  3
2500  1.18555e+06  6
2500  2500  1.4092e+06  2
2500  1.59948e+06  5
2500  1.48241e+06  3
2500  1.67766e+06  2
2500  1.70012e+06  4
2500  1.73299e+06  4
2500  2.01368e+06  1
2500  1.47133e+06  2
2500  1.38517e+06  4
2500  2500  1.63718e+06  6
2500  2500  1.67855e+06  2
2500  1.317e+06  8
2500  1.45218e+06  3
2500  1.38766e+06  3
2500  2500  1.2911e+06  6
2500  1.10314e+06  2
2500  1.55107e+06  5
2500  1.55541e+06  4
2500  1.24307e+06  1
2500  2500  1.35602e+06  1
2500  1.58243e+06  1
2500  1.01672e+06  5
2500  2500  1.1423e+06  2
2500  1.22532e+06  4
2500  1.16066e+06  2
2500  1.13938e+06  2
2500  1.06747e+06  3
2500  2500  1.11987e+06  5
2500  1.07032e+06  4
2500  2500  1.17114e+06  4
2500  1.03567e+06  5
2500  1.16833e+06  1
2500  1.53385e+06  2
2500  1.04796e+06  1
2500  1.41894e+06  2
2500  1.61067e+06  2
2500  2500  1.35495e+06  4
2500  1.31621e+06  4
2500  1.10437e+06  3
2500  1.41472e+06  3
2500  2500  1.50941e+06  3
2500  1.15722e+06  3
2500  1.24041e+06  4
2500  1.33479e+06  3
2500  1.1442e+06  4
2500  1.09011e+06  5
2500  1.31753e+06  2
2500  1.56198e+06  8
2500  2500  1.17789e+06  3
2500  1.34313e+06  1
2500  2500  1.20815e+06  3
2500  1.13424e+06  1
2500  2500  2500  1.05649e+06  2
2500  1.28611e+06  3
2500  1.48288e+06  2
2500  1.28089e+06  4
2500  2500  2500  1.03501e+06  2
2500  1.64532e+06  6
2500  1.10085e+06  1
2500  1.07556e+06  1
2500  1.24006e+06  5
2500  1.47031e+06  4
2500  1.32096e+06  2
2500  1.21268e+06  3
2500  2500  2500  1.25618e+06  1
2500  2500  1.36865e+06  1
2500  2500  1.62123e+06  5
2500  1.4293e+06  3
2500  2500  1.28648e+06  4
2500  1.23691e+06  5
2500  1.24198e+06  2
2500  1.4048e+06  1
2500  2500  1.30099e+06  2
2500  1.19274e+06  7
2500  2500  1.24306e+06  3
2500  1.11949e+06  4
2500  1.24603e+06  2
2500  1.33674e+06  1
2500  1.2049e+06  2
2500  1.6383e+06  4
2500  1.24336e+06  5
2500  2500  1.48487e+06  2
2500  1.14307e+06  5
2500  1.30079e+06  2
2500  1.24546e+06  3
2500  2500  1.1604e+06  1
2500  1.05474e+06  3
2500  909020  3
2500  1.3139e+06  2
2500  1.1312e+06  3
2500  1.2636e+06  5
2600  2600  1.56026e+06  1
2600  1.67924e+06  3
2600  2600  1.63219e+06  2
2600  2600  1.34277e+06  3
2600  1.30488e+06  4
2600  1.19929e+06  1
2600  1.19884e+06  2
2600  1.25166e+06  4
2600  2600  1.22898e+06  5
2600  1.41916e+06  2
2600  1.84214e+06  4
2600  1.65206e+06  3
2600  1.47013e+06  2
2600  1.27763e+06  5
2600  2600  1.41946e+06  3
2600  2600  1.43259e+06  4
2600  1.45782e+06  1
2600  2600  1.48445e+06  1
2600  1.44655e+06  1
2600  2600  1.58661e+06  2
2600  1.49668e+06  6
2600  1.4286e+06  3
2600  1.47234e+06  3
2600  1.49233e+06  1
2600  1.62779e+06  2
2600  1.4848e+06  1
2600  1.39888e+06  1
2600  1.6247e+06  2
2600  1.26033e+06  1
2600  1.42375e+06  1
2600  2600  1.3089e+06  4
2600  1.24064e+06  1
2600  1.32094e+06  4
2600  1.22105e+06  1
2600  1.31198e+06  3
2600  1.36711e+06  2
2600  1.35789e+06  4
2600  1.47507e+06  2
2600  1.48055e+06  1
2600  1.63487e+06  1
2600  1.69307e+06  4
2600  1.58741e+06  6
2600  1.46494e+06  4
2600  1.3512e+06  4
2600  1.75137e+06  1
2600  1.7006e+06  5
2600  2.17437e+06  3
2600  1.52393e+06  2
2600  1.17869e+06  1
2600  1.63215e+06  4
2600  1.24759e+06  1
2600  1.76527e+06  2
2600  1.24979e+06  2
2600  1.18386e+06  2
2600  1.09719e+06  3
2600  1.62856e+06  2
2600  1.15734e+06  1
2600  1.28514e+06  1
2600  1.59836e+06  2
2600  1.71879e+06  4
2600  2600  2600  1.19128e+06  4
2600  1.01799e+06  6
2600  1.30502e+06  4
2600  971050  1
2600  1.1428e+06  3
2600  2600  2600  1.1242e+06  2
2600  1.31501e+06  4
2600  2600  2600  925910  5
2600  1.32825e+06  2
2600  993033  3
2600  1.16711e+06  3
2600  1.41756e+06  2
2600  1.76533e+06  2
2600  1.4561e+06  3
2600  2600  1.57472e+06  4
2600  1.38736e+06  2
2600  2600  1.22984e+06  3
2600  1.44886e+06  5
2600  1.3486e+06  2
2600  1.36282e+06  3
2600  1.60025e+06  2
2600  2600  1.42525e+06  2
2600  2600  1.49483e+06  1
2600  1.18448e+06  6
2600  2600  1.34413e+06  2
2600  1.39696e+06  1
2600  1.32818e+06  2
2600  2600  1.47327e+06  5
2600  1.52632e+06  1
2600  951383  2
2600  1.36204e+06  1
2600  1.47853e+06  3
2600  1.2317e+06  3
2600  1.25682e+06  3
2600  1.28707e+06  3
2600  1.44712e+06  6
2600  1.46691e+06  3
2600  1.39892e+06  4
2600  1.15115e+06  4
2600  1.41184e+06  2
2700  1.95532e+06  1
2700  1.51731e+06  1
2700  1.72384e+06  1
2700  1.91589e+06  2
2700  1.31161e+06  2
2700  1.3614e+06  4
2700  1.35035e+06  4
2700  1.51302e+06  2
2700  1.60261e+06  2
2700  1.59635e+06  1
2700  1.13842e+06  4
2700  1.25032e+06  2
2700  1.25113e+06  2
2700  1.28776e+06  4
2700  1.71702e+06  9
2700  2700  2700  1.22029e+06  4
2700  1.43976e+06  2
2700  1.34892e+06  2
2700  1.2819e+06  4
2700  1.39826e+06  3
2700  1.42065e+06  3
2700  1.65113e+06  4
2700  1.46806e+06  4
2700  1.57832e+06  7
2700  1.74176e+06  2
2700  1.34205e+06  1
2700  1.47797e+06  2
2700  1.40728e+06  3
2700  2700  1.57642e+06  4
2700  2700  2700  2700  2700  2700  1.36246e+06  5
2700  1.59002e+06  6
2700  1.42979e+06  2
2700  1.32432e+06  3
2700  1.59925e+06  3
2700  2700  1.49061e+06  2
2700  1.60146e+06  5
2700  1.59934e+06  2
2700  1.33437e+06  3
2700  1.56614e+06  2
2700  1.6928e+06  4
2700  1.23969e+06  4
2700  1.21848e+06  2
2700  1.33692e+06  5
2700  2700  2700  1.36345e+06  4
2700  1.13709e+06  6
2700  1.31817e+06  6
2700  1.43681e+06  4
2700  1.25227e+06  3
2700  1.38794e+06  3
2700  1.42435e+06  6
2700  1.58302e+06  1
2700  1.61218e+06  1
2700  1.76731e+06  3
2700  1.80003e+06  6
2700  2.1487e+06  3
2700  1.84606e+06  1
2700  2700  2700  1.89682e+06  1
2700  1.36601e+06  3
2700  1.25516e+06  5
2700  1.42401e+06  2
2700  1.59701e+06  2
2700  1.40115e+06  1
2700  1.33717e+06  3
2700  1.33718e+06  4
2700  1.48204e+06  5
2700  1.45895e+06  3
2700  1.66391e+06  1
2700  1.6412e+06  5
2700  1.54446e+06  2
2700  2700  1.45544e+06  5
2700  1.45934e+06  1
2700  1.69419e+06  3
2700  1.63341e+06  2
2700  1.26305e+06  7
2700  2700  1.35132e+06  3
2700  1.51652e+06  4
2700  1.39393e+06  4
2700  1.39212e+06  4
2700  2700  2700  2700  1.57404e+06  3
2700  1.44101e+06  2
2700  1.3905e+06  2
2700  1.46427e+06  4
2700  1.77911e+06  5
2700  1.45101e+06  2
2700  1.99195e+06  3
2700  1.76526e+06  1
2700  1.5412e+06  2
2700  2700  2700  2700  1.51261e+06  5
2700  2700  1.47335e+06  2
2700  1.38856e+06  2
2700  1.25568e+06  1
2700  2700  1.08277e+06  2
2700  1.45916e+06  3
2700  1.28976e+06  4
2700  1.40737e+06  1
2700  1.36744e+06  2
2700  1.15696e+06  2
2700  1.42661e+06  1
2700  1.56164e+06  2
2700  1.47521e+06  9
2800  1.78027e+06  5
2800  2800  2800  1.91292e+06  4
2800  1.46485e+06  2
2800  1.37608e+06  4
2800  1.90984e+06  5
2800  1.75934e+06  2
2800  1.36924e+06  3
2800  1.55618e+06  3
2800  1.42851e+06  1
2800  1.48198e+06  4
2800  2800  1.47101e+06  4
2800  1.19854e+06  4
2800  2800  2800  2800  1.50671e+06  2
2800  1.47699e+06  6
2800  1.59244e+06  2
2800  1.21275e+06  5
2800  1.30847e+06  2
2800  1.36915e+06  5
2800  1.40492e+06  3
2800  1.37026e+06  4
2800  2800  1.53094e+06  7
2800  1.54608e+06  5
2800  1.41993e+06  2
2800  1.37855e+06  2
2800  1.31774e+06  3
2800  2800  2800  1.71452e+06  1
2800  2800  1.67723e+06  9
2800  1.25771e+06  2
2800  1.7331e+06  5
2800  1.58157e+06  6
2800  1.59038e+06  2
2800  1.49475e+06  2
2800  1.64162e+06  6
2800  1.5324e+06  2
2800  1.5677e+06  2
2800  1.47025e+06  1
2800  1.47597e+06  1
2800  1.30987e+06  3
2800  1.3811e+06  1
2800  1.54026e+06  1
2800  1.42608e+06  6
2800  2800  1.19929e+06  1
2800  1.22023e+06  3
2800  1.13764e+06  3
2800  2800  1.50871e+06  1
2800  2800  1.24437e+06  2
2800  1.21952e+06  4
2800  1.44363e+06  3
2800  1.21208e+06  5
2800  1.72547e+06  1
2800  1.29282e+06  4
2800  1.68375e+06  3
2800  2800  1.25409e+06  3
2800  2800  1.42638e+06  2
2800  2.60214e+06  2
2800  1.19211e+06  2
2800  1.72193e+06  3
2800  2800  1.17541e+06  8
2800  1.40583e+06  3
2800  1.37192e+06  1
2800  1.35539e+06  1
2800  1.19812e+06  1
2800  1.16036e+06  3
2800  1.42379e+06  2
2800  1.25856e+06  2
2800  1.20089e+06  3
2800  1.08516e+06  1
2800  1.1733e+06  2
2800  1.30049e+06  2
2800  1.25601e+06  5
2800  1.69376e+06  3
2800  1.39532e+06  4
2800  1.63275e+06  6
2800  1.26492e+06  1
2800  1.54707e+06  2
2800  2800  1.40968e+06  3
2800  1.59303e+06  3
2800  2800  1.46067e+06  2
2800  2800  1.20746e+06  5
2800  1.27597e+06  5
2800  1.38627e+06  1
2800  1.7187e+06  2
2800  1.74418e+06  7
2800  1.64571e+06  5
2800  1.36891e+06  5
2800  1.41598e+06  5
2800  1.48224e+06  2
2800  1.42048e+06  2
2800  1.51161e+06  5
2800  1.48098e+06  3
2800  1.27696e+06  4
2800  1.38869e+06  1
2800  1.318e+06  1
2800  1.33392e+06  2
2800  1.46879e+06  2
2800  1.36481e+06  4
2800  2800  1.55867e+06  1
2800  1.46446e+06  4
2800  1.41378e+06  4
2800  1.18501e+06  1
2900  1.58066e+06  3
2900  1.64304e+06  5
2900  1.34903e+06  2
2900  2900  1.5294e+06  2
2900  1.399e+06  4
2900  1.65339e+06  5
2900  2900  1.34521e+06  2
2900  2900  1.67294e+06  6
2900  1.35581e+06  1
2900  1.2994e+06  1
2900  2900  1.40082e+06  4
2900  1.73179e+06  1
2900  2900  1.51544e+06  3
2900  1.51759e+06  1
2900  1.31219e+06  1
2900  1.6062e+06  2
2900  1.45285e+06  4
2900  2900  1.50573e+06  4
2900  2900  1.33159e+06  1
2900  1.43995e+06  2
2900  1.64667e+06  3
2900  1.5084e+06  4
2900  1.7583e+06  5
2900  1.67183e+06  4
2900  1.56636e+06  2
2900  1.65833e+06  2
2900  1.71072e+06  3
2900  1.70745e+06  2
2900  1.81485e+06  5
2900  1.79162e+06  1
2900  2900  2900  1.82831e+06  3
2900  1.45431e+06  3
2900  1.69069e+06  2
2900  1.53384e+06  2
2900  1.55126e+06  2
2900  1.84134e+06  6
2900  1.89679e+06  4
2900  1.72242e+06  1
2900  1.98418e+06  1
2900  1.60645e+06  3
2900  2900  1.55644e+06  3
2900  1.58833e+06  1
2900  1.49067e+06  5
2900  1.94061e+06  2
2900  1.94386e+06  4
2900  1.36292e+06  1
2900  2900  1.45266e+06  2
2900  1.58565e+06  1
2900  2900  2.10056e+06  1
2900  2900  1.87832e+06  4
2900  2900  1.25054e+06  4
2900  1.413e+06  2
2900  1.39254e+06  1
2900  1.56635e+06  1
2900  1.59998e+06  1
2900  2900  2.25942e+06  2
2900  1.80486e+06  3
2900  1.62937e+06  1
2900  2900  1.29306e+06  2
2900  1.53954e+06  2
2900  1.58986e+06  3
2900  1.40884e+06  1
2900  1.62762e+06  1
2900  1.61544e+06  1
2900  1.42162e+06  4
2900  1.4869e+06  1
2900  1.56564e+06  1
2900  2900  1.36837e+06  1
2900  1.95594e+06  3
2900  1.41974e+06  4
2900  1.48336e+06  2
2900  2.13939e+06  4
2900  1.89165e+06  1
2900  1.70137e+06  4
2900  1.7615e+06  1
2900  1.59785e+06  5
2900  1.83204e+06  3
2900  2900  1.65983e+06  6
2900  2900  1.70588e+06  6
2900  1.4816e+06  3
2900  1.45819e+06  1
2900  2900  1.44438e+06  9
2900  2900  1.6356e+06  6
2900  2900  2900  1.29813e+06  3
2900  1.29153e+06  4
2900  1.57123e+06  1
2900  1.52948e+06  5
2900  1.47032e+06  4
2900  1.40864e+06  1
2900  2900  1.58837e+06  2
2900  1.65764e+06  2
2900  1.48367e+06  3
2900  1.59586e+06  2
2900  1.50442e+06  3
2900  1.33372e+06  1
2900  1.50699e+06  3
2900  2900  1.61162e+06  4
2900  2900  2900  1.78e+06  3
2900  1.49694e+06  1
2900  2.17486e+06  3
3000  3000  1.72072e+06  2
3000  1.95624e+06  1
3000  1.66386e+06  3
3000  1.45371e+06  3
3000  1.74758e+06  1
3000  1.63702e+06  2
3000  1.5358e+06  1
3000  1.33234e+06  4
3000  1.59519e+06  5
3000  1.45778e+06  2
3000  1.77927e+06  2
3000  1.55045e+06  3
3000  1.4391e+06  10
3000  1.70023e+06  4
3000  1.51718e+06  3
3000  1.40482e+06  3
3000  1.44618e+06  6
3000  1.45993e+06  2
3000  1.60005e+06  3
3000  1.81719e+06  2
3000  1.62988e+06  1
3000  1.60735e+06  3
3000  1.46466e+06  5
3000  1.75657e+06  2
3000  1.42792e+06  2
3000  1.28266e+06  6
3000  1.63842e+06  2
3000  1.78e+06  4
3000  1.72282e+06  4
3000  1.42371e+06  2
3000  1.58243e+06  2
3000  1.66342e+06  4
3000  1.70037e+06  4
3000  3000  1.51552e+06  1
3000  1.29982e+06  5
3000  1.79133e+06  6
3000  1.59113e+06  3
3000  1.85343e+06  2
3000  1.99034e+06  7
3000  1.98787e+06  2
3000  1.59475e+06  1
3000  1.80116e+06  1
3000  1.64383e+06  3
3000  1.50472e+06  1
3000  1.7036e+06  2
3000  1.47045e+06  1
3000  1.54252e+06  4
3000  2.18674e+06  1
3000  1.77116e+06  2
3000  1.63028e+06  2
3000  1.20449e+06  4
3000  1.39846e+06  2
3000  3000  3000  1.82319e+06  3
3000  1.61204e+06  3
3000  1.59482e+06  6
3000  1.2549e+06  5
3000  1.7541e+06  4
3000  1.69254e+06  4
3000  1.9698e+06  2
3000  1.89215e+06  3
3000  3000  3000  1.38404e+06  2
3000  1.59075e+06  3
3000  3000  1.73142e+06  4
3000  1.27029e+06  1
3000  1.57633e+06  1
3000  1.40008e+06  4
3000  1.62536e+06  2
3000  1.66238e+06  3
3000  1.65809e+06  5
3000  3000  1.49205e+06  2
3000  1.16084e+06  6
3000  3000  1.65904e+06  3
3000  1.71239e+06  4
3000  3000  3000  1.43947e+06  3
3000  1.81594e+06  4
3000  3000  3000  1.50244e+06  3
3000  1.63376e+06  1
3000  2.16889e+06  2
3000  3000  1.57982e+06  2
3000  1.43904e+06  5
3000  3000  1.26554e+06  4
3000  1.51387e+06  1
3000  1.62313e+06  1
3000  1.75973e+06  5
3000  1.67597e+06  5
3000  1.39783e+06  2
3000  1.93509e+06  2
3000  1.43022e+06  4
3000  1.49924e+06  1
3000  2.1114e+06  4
3000  1.64418e+06  2
3000  1.74813e+06  3
3000  3000  2.09823e+06  2
3000  1.9941e+06  1
3000  1.61568e+06  2
3000  1.55755e+06  5
3000  3000  3000  3000  2.0673e+06  1
3000  3000  1.72607e+06  2
3000  3000  2.10844e+06  4
3000  2.06896e+06  2
3100  1.83732e+06  3
3100  3100  1.3285e+06  2
3100  1.60516e+06  1
3100  1.77668e+06  3
3100  1.62989e+06  3
3100  1.62884e+06  3
3100  1.95996e+06  4
3100  1.63451e+06  3
3100  1.65541e+06  5
3100  3100  1.57751e+06  2
3100  1.77628e+06  3
3100  2.17482e+06  3
3100  1.61934e+06  4
3100  1.71111e+06  2
3100  1.56444e+06  4
3100  1.67618e+06  5
3100  1.49093e+06  4
3100  1.6125e+06  3
3100  3100  3100  2.03382e+06  2
3100  1.70398e+06  1
3100  1.80695e+06  4
3100  1.67189e+06  1
3100  1.99394e+06  6
3100  2.43202e+06  3
3100  2.33302e+06  6
3100  2.01984e+06  1
3100  2.4615e+06  2
3100  1.91282e+06  3
3100  3100  1.57912e+06  4
3100  2.1224e+06  2
3100  3100  1.30951e+06  1
3100  1.53335e+06  5
3100  1.99036e+06  1
3100  1.57114e+06  1
3100  1.50988e+06  3
3100  1.48617e+06  2
3100  1.5888e+06  2
3100  1.53776e+06  1
3100  1.59172e+06  6
3100  1.77018e+06  2
3100  1.41214e+06  1
3100  3100  2.0236e+06  4
3100  3100  1.52511e+06  7
3100  1.50886e+06  3
3100  1.3342e+06  2
3100  1.64853e+06  3
3100  1.41406e+06  4
3100  1.55468e+06  2
3100  1.22577e+06  2
3100  3100  1.8044e+06  2
3100  1.66688e+06  2
3100  3100  3100  1.33e+06  4
3100  1.54865e+06  4
3100  1.94103e+06  2
3100  3100  1.68096e+06  1
3100  1.69689e+06  4
3100  1.91609e+06  4
3100  1.52824e+06  2
3100  3100  1.74197e+06  4
3100  1.6163e+06  4
3100  1.98965e+06  2
3100  1.74275e+06  3
3100  1.93777e+06  1
3100  1.64778e+06  1
3100  1.49425e+06  2
3100  3100  3100  3100  1.5624e+06  1
3100  3100  1.88806e+06  3
3100  1.63323e+06  4
3100  1.81707e+06  5
3100  1.75561e+06  1
3100  3100  1.74403e+06  3
3100  3100  3100  1.52661e+06  2
3100  1.74373e+06  1
3100  1.59918e+06  1
3100  1.62058e+06  3
3100  1.81273e+06  5
3100  1.6322e+06  1
3100  3100  1.65601e+06  1
3100  1.7586e+06  1
3100  1.71336e+06  3
3100  3100  3100  1.30105e+06  4
3100  3100  1.4295e+06  2
3100  3100  1.68607e+06  3
3100  1.61146e+06  7
3100  1.84865e+06  2
3100  3100  1.46724e+06  5
3100  1.33832e+06  1
3100  1.37405e+06  1
3100  1.8374e+06  5
3100  1.91759e+06  2
3100  3100  1.71155e+06  3
3100  1.83928e+06  3
3100  1.79906e+06  6
3100  1.6592e+06  7
3100  1.45938e+06  2
3100  1.81589e+06  4
3100  1.98868e+06  7
3100  1.69275e+06  1
3100  1.76233e+06  4
3100  2.10079e+06  1
3200  1.87763e+06  4
3200  1.56561e+06  1
3200  1.85747e+06  1
3200  2.03402e+06  2
3200  1.7773e+06  3
3200  1.72643e+06  3
3200  1.90611e+06  2
3200  1.60823e+06  2
3200  1.57424e+06  2
3200  1.49625e+06  1
3200  1.54894e+06  4
3200  1.83193e+06  5
3200  1.72515e+06  2
3200  1.86055e+06  4
3200  1.89627e+06  3
3200  2.11976e+06  2
3200  2.0305e+06  8
3200  1.63872e+06  3
3200  1.82185e+06  2
3200  1.98129e+06  4
3200  1.73275e+06  1
3200  1.65028e+06  1
3200  1.94462e+06  2
3200  1.6307e+06  7
3200  1.54324e+06  1
3200  1.74636e+06  1
3200  1.80728e+06  1
3200  1.56056e+06  2
3200  1.67202e+06  3
3200  1.57623e+06  3
3200  2.22005e+06  6
3200  3200  1.85441e+06  2
3200  1.71197e+06  5
3200  3200  2.11358e+06  2
3200  1.75018e+06  1
3200  1.92206e+06  1
3200  3200  2.4604e+06  2
3200  1.43956e+06  2
3200  3200  1.80274e+06  4
3200  1.66634e+06  2
3200  3200  1.60822e+06  3
3200  2.06228e+06  3
3200  1.82485e+06  4
3200  2.11092e+06  1
3200  3200  3200  1.82132e+06  2
3200  2.04107e+06  6
3200  3200  3200  1.73311e+06  3
3200  3200  1.99037e+06  3
3200  1.87305e+06  3
3200  1.93317e+06  4
3200  3200  1.69451e+06  2
3200  1.88384e+06  1
3200  1.64424e+06  4
3200  3200  1.68652e+06  3
3200  1.56745e+06  1
3200  3200  1.61402e+06  2
3200  1.61484e+06  2
3200  1.94832e+06  5
3200  1.72838e+06  3
3200  3200  1.38466e+06  1
3200  1.58124e+06  4
3200  1.70074e+06  3
3200  2.24512e+06  2
3200  1.81417e+06  3
3200  3200  2.31218e+06  1
3200  3200  1.78452e+06  2
3200  1.68302e+06  2
3200  3200  1.61126e+06  3
3200  1.70665e+06  1
3200  1.57707e+06  2
3200  2.11437e+06  3
3200  3200  1.63868e+06  1
3200  1.71239e+06  1
3200  3200  1.52845e+06  4
3200  1.79517e+06  4
3200  1.74384e+06  4
3200  3200  3200  1.73607e+06  1
3200  1.87339e+06  3
3200  2.02834e+06  1
3200  1.65349e+06  2
3200  3200  1.88721e+06  4
3200  2.2018e+06  1
3200  1.5282e+06  1
3200  1.67011e+06  4
3200  1.78545e+06  6
3200  3200  2.20883e+06  3
3200  1.55559e+06  2
3200  1.57133e+06  1
3200  2.02382e+06  2
3200  1.56534e+06  6
3200  1.88861e+06  1
3200  1.87897e+06  3
3200  1.81231e+06  1
3200  1.61512e+06  3
3200  3200  1.85701e+06  2
3200  1.79277e+06  3
3200  2.01232e+06  3
3200  2.02638e+06  1
3200  1.96567e+06  2
3200  1.63392e+06  4
3300  1.87909e+06  1
3300  1.70306e+06  3
3300  1.78028e+06  2
3300  1.71187e+06  6
3300  1.64519e+06  5
3300  2.25639e+06  3
3300  2.16334e+06  2
3300  1.88496e+06  4
3300  1.73069e+06  2
3300  3300  1.8719e+06  4
3300  1.99559e+06  1
3300  1.99691e+06  2
3300  3300  2.02952e+06  2
3300  1.74502e+06  2
3300  1.9141e+06  1
3300  3300  1.84662e+06  2
3300  1.7501e+06  2
3300  2.20687e+06  2
3300  1.85904e+06  3
3300  1.86122e+06  1
3300  2.02476e+06  1
3300  1.9507e+06  1
3300  3.0881e+06  3
3300  3300  1.8698e+06  3
3300  1.831e+06  1
3300  1.72692e+06  4
3300  3300  3300  2.07906e+06  3
3300  1.9662e+06  2
3300  1.54401e+06  1
3300  1.53326e+06  3
3300  1.50291e+06  6
3300  1.54661e+06  3
3300  2.32832e+06  3
3300  1.4233e+06  2
3300  3300  1.60176e+06  8
3300  3300  1.45036e+06  2
3300  3300  1.55318e+06  3
3300  1.64705e+06  1
3300  1.71979e+06  2
3300  1.41376e+06  1
3300  2.12846e+06  6
3300  1.95933e+06  2
3300  1.64898e+06  1
3300  1.82195e+06  1
3300  1.80283e+06  1
3300  1.89185e+06  2
3300  2.1157e+06  1
3300  1.73764e+06  2
3300  2.50742e+06  1
3300  1.6913e+06  2
3300  1.79354e+06  5
3300  2.55197e+06  3
3300  1.67449e+06  5
3300  2.4797e+06  5
3300  2.28535e+06  1
3300  1.79642e+06  9
3300  1.75689e+06  2
3300  2.07518e+06  4
3300  1.85411e+06  1
3300  3300  2.08344e+06  3
3300  1.84023e+06  4
3300  1.81996e+06  3
3300  1.88697e+06  4
3300  1.74855e+06  5
3300  1.59276e+06  1
3300  2.15001e+06  2
3300  1.96657e+06  3
3300  1.91987e+06  3
3300  1.81974e+06  1
3300  3300  3300  1.60612e+06  3
3300  1.75903e+06  1
3300  1.68982e+06  1
3300  1.61402e+06  3
3300  2.11446e+06  2
3300  3300  1.78879e+06  1
3300  1.78091e+06  3
3300  1.62901e+06  3
3300  1.60818e+06  1
3300  1.85382e+06  1
3300  1.41765e+06  1
3300  1.71703e+06  1
3300  3300  3300  3300  2.30971e+06  1
3300  1.83082e+06  2
3300  1.7835e+06  4
3300  3300  2.37476e+06  2
3300  1.9261e+06  1
3300  1.90348e+06  3
3300  2.11885e+06  1
3300  2.02571e+06  1
3300  3300  1.83662e+06  3
3300  1.73683e+06  1
3300  3300  1.86285e+06  3
3300  3300  1.76167e+06  2
3300  1.92133e+06  3
3300  1.85903e+06  2
3300  1.6561e+06  1
3300  1.47787e+06  1
3300  1.60257e+06  4
3300  2.04252e+06  2
3300  1.74824e+06  2
3400  1.90153e+06  4
3400  1.89134e+06  1
3400  1.81962e+06  2
3400  3400  3400  3400  1.88384e+06  2
3400  3400  3400  3400  1.98396e+06  1
3400  1.8487e+06  4
3400  3400  2.02429e+06  5
3400  1.83446e+06  4
3400  1.94097e+06  9
3400  1.74182e+06  2
3400  1.79684e+06  5
3400  3400  1.77888e+06  2
3400  1.81504e+06  1
3400  3400  1.806e+06  2
3400  1.54665e+06  3
3400  1.63033e+06  3
3400  1.58602e+06  1
3400  1.60482e+06  8
3400  2.08317e+06  3
3400  2.12492e+06  2
3400  1.87469e+06  1
3400  2.32339e+06  1
3400  2.67732e+06  1
3400  1.98115e+06  4
3400  3400  3400  1.86547e+06  3
3400  1.91179e+06  2
3400  1.67153e+06  2
3400  3400  1.91262e+06  1
3400  2.18012e+06  1
3400  1.76321e+06  3
3400  3400  1.53437e+06  3
3400  1.79008e+06  2
3400  1.82509e+06  2
3400  1.9582e+06  4
3400  1.83134e+06  5
3400  1.788e+06  4
3400  3400  3400  2.13662e+06  4
3400  1.81652e+06  4
3400  1.6643e+06  2
3400  1.69683e+06  5
3400  1.99134e+06  2
3400  1.7759e+06  2
3400  1.82685e+06  4
3400  1.67096e+06  4
3400  1.62118e+06  2
3400  1.67344e+06  2
3400  2.01988e+06  2
3400  2.08273e+06  1
3400  3400  2.2191e+06  7
3400  1.66871e+06  1
3400  1.7528e+06  3
3400  1.85561e+06  1
3400  2.39798e+06  5
3400  1.96015e+06  1
3400  1.8318e+06  2
3400  1.74301e+06  2
3400  2.39311e+06  5
3400  1.63267e+06  3
3400  2.00799e+06  2
3400  1.93341e+06  5
3400  1.77403e+06  1
3400  2.07277e+06  1
3400  1.60848e+06  5
3400  2.13126e+06  6
3400  1.76353e+06  1
3400  1.52017e+06  1
3400  1.80957e+06  2
3400  1.5066e+06  4
3400  1.90642e+06  5
3400  1.89132e+06  4
3400  1.70614e+06  2
3400  1.67505e+06  3
3400  3400  1.85658e+06  3
3400  1.48622e+06  1
3400  1.91992e+06  4
3400  2.23731e+06  6
3400  2.33552e+06  1
3400  1.78077e+06  1
3400  1.7584e+06  7
3400  3400  1.69722e+06  5
3400  1.47766e+06  6
3400  2.14466e+06  1
3400  2.14823e+06  1
3400  2.26456e+06  1
3400  2.03121e+06  5
3400  1.77806e+06  2
3400  3400  1.78958e+06  3
3400  2.27253e+06  5
3400  2.50783e+06  2
3400  1.86766e+06  1
3400  1.74023e+06  2
3400  1.88356e+06  1
3400  2.01178e+06  2
3400  1.7082e+06  4
3400  3400  1.84698e+06  3
3400  1.54394e+06  2
3400  3400  3400  1.7301e+06  3
3400  1.93604e+06  4
3400  1.74292e+06  6
3400  1.53924e+06  4
3500  1.65203e+06  3
3500  3500  3500  2.06384e+06  3
3500  3500  3500  1.77715e+06  1
3500  2.27765e+06  5
3500  1.88094e+06  2
3500  1.62802e+06  1
3500  3500  1.70656e+06  2
3500  2.22126e+06  2
3500  2.44677e+06  3
3500  1.91722e+06  1
3500  1.66096e+06  4
3500  1.98452e+06  5
3500  1.79057e+06  1
3500  1.91027e+06  8
3500  1.53207e+06  2
3500  1.9358e+06  3
3500  1.73166e+06  6
3500  1.84766e+06  4
3500  1.92592e+06  4
3500  1.77198e+06  5
3500  3500  1.92088e+06  6
3500  2.26893e+06  3
3500  2.32842e+06  1
3500  3500  1.95449e+06  4
3500  3500  2.03442e+06  6
3500  1.9073e+06  2
3500  1.79504e+06  2
3500  2.26972e+06  4
3500  2.24116e+06  2
3500  2.72782e+06  2
3500  2.2724e+06  4
3500  1.9309e+06  2
3500  1.77004e+06  2
3500  1.91158e+06  2
3500  1.67265e+06  3
3500  2.08319e+06  3
3500  3500  3500  1.7122e+06  2
3500  3500  2.06788e+06  1
3500  2.1836e+06  7
3500  1.80828e+06  2
3500  1.98152e+06  1
3500  3500  1.96084e+06  2
3500  1.94583e+06  1
3500  1.94024e+06  3
3500  1.93383e+06  3
3500  1.96134e+06  2
3500  3500  2.36554e+06  4
3500  2.45727e+06  6
3500  1.56874e+06  3
3500  2.60341e+06  8
3500  2.2807e+06  2
3500  1.97592e+06  5
3500  2.12212e+06  1
3500  2.03541e+06  2
3500  3500  3500  2.41425e+06  3
3500  1.89756e+06  3
3500  3500  3500  2.1208e+06  6
3500  2.11066e+06  2
3500  2.44743e+06  2
3500  3500  3500  1.69774e+06  3
3500  1.92844e+06  6
3500  3500  2.1008e+06  2
3500  3500  1.84095e+06  3
3500  2.05885e+06  5
3500  3500  2.87309e+06  3
3500  1.75209e+06  5
3500  3500  1.51931e+06  2
3500  3500  2.01656e+06  2
3500  2.20247e+06  1
3500  1.96436e+06  2
3500  1.87203e+06  4
3500  2.31683e+06  1
3500  2.36105e+06  6
3500  1.9344e+06  4
3500  1.97572e+06  3
3500  2.09484e+06  3
3500  1.96753e+06  3
3500  2.03519e+06  9
3500  2.10344e+06  5
3500  1.88249e+06  2
3500  2.32157e+06  2
3500  3500  2.3508e+06  2
3500  1.87357e+06  1
3500  2.08937e+06  2
3500  1.87142e+06  2
3500  3500  1.81404e+06  2
3500  1.72496e+06  1
3500  2.30399e+06  2
3500  3500  1.65315e+06  3
3500  3500  1.92347e+06  1
3500  1.72661e+06  3
3500  3500  2.1947e+06  2
3500  1.81589e+06  1
3500  1.98923e+06  2
3500  2.32704e+06  1
3500  1.91847e+06  1
3500  1.94837e+06  1
3500  1.75081e+06  1
3500  2.13077e+06  1
3500  2.38271e+06  3
3600  1.69822e+06  2
3600  2.73524e+06  2
3600  1.6949e+06  4
3600  3600  1.60117e+06  4
3600  1.807e+06  4
3600  1.80252e+06  4
3600  3600  2.02963e+06  3
3600  1.91628e+06  4
3600  2.00539e+06  7
3600  1.92988e+06  2
3600  2.25379e+06  2
3600  1.59318e+06  1
3600  2.28728e+06  3
3600  3600  2.48378e+06  4
3600  3600  3600  2.14852e+06  3
3600  2.26034e+06  1
3600  2.08152e+06  3
3600  2.21567e+06  1
3600  2.20287e+06  4
3600  1.88615e+06  3
3600  2.42553e+06  2
3600  3600  2.37017e+06  2
3600  2.33755e+06  6
3600  3600  3600  1.97591e+06  5
3600  2.358e+06  1
3600  3600  2.26234e+06  3
3600  2.57766e+06  3
3600  1.94725e+06  2
3600  2.27907e+06  6
3600  2.01478e+06  3
3600  3600  1.77111e+06  2
3600  2.04084e+06  2
3600  2.24277e+06  2
3600  1.931e+06  4
3600  1.84854e+06  4
3600  1.84454e+06  1
3600  2.23394e+06  2
3600  1.72101e+06  2
3600  3600  2.28217e+06  4
3600  3600  1.82807e+06  1
3600  2.48065e+06  5
3600  2.06335e+06  7
3600  3600  2.19739e+06  2
3600  1.97199e+06  1
3600  1.83824e+06  2
3600  3600  1.98922e+06  1
3600  3600  1.96777e+06  2
3600  1.95674e+06  4
3600  1.9594e+06  4
3600  1.72925e+06  2
3600  2.07783e+06  3
3600  3600  1.66683e+06  2
3600  3600  1.96108e+06  4
3600  1.60976e+06  3
3600  3600  2.25257e+06  2
3600  1.84202e+06  1
3600  1.72969e+06  2
3600  3600  3600  1.78038e+06  3
3600  2.17244e+06  1
3600  2.00017e+06  4
3600  1.90312e+06  1
3600  1.98158e+06  2
3600  3600  3600  2.15406e+06  3
3600  2.33891e+06  2
3600  2.39558e+06  4
3600  2.03895e+06  2
3600  2.35838e+06  4
3600  2.13329e+06  4
3600  2.09327e+06  2
3600  2.30732e+06  2
3600  2.14936e+06  2
3600  3600  1.83254e+06  3
3600  2.23355e+06  3
3600  1.83666e+06  3
3600  2.6812e+06  2
3600  2.02094e+06  1
3600  2.19752e+06  1
3600  2.09305e+06  2
3600  3600  1.76479e+06  4
3600  1.96239e+06  2
3600  3600  1.83068e+06  5
3600  1.61404e+06  6
3600  3600  3600  2.09816e+06  2
3600  3600  3600  1.73034e+06  7
3600  2.37454e+06  4
3600  1.82446e+06  2
3600  2.4639e+06  4
3600  1.91806e+06  1
3600  2.20157e+06  2
3600  1.74994e+06  3
3600  1.9252e+06  1
3600  3600  3600  2.6673e+06  5
3600  2.40997e+06  4
3600  2.36321e+06  2
3600  2.35686e+06  1
3600  2.58726e+06  2
3600  3600  2.2859e+06  7
3600  2.31504e+06  4
3600  2.10173e+06  3
3600  2.19624e+06  1
3700  2.16313e+06  3
3700  2.25301e+06  2
3700  2.16776e+06  2
3700  3700  2.11036e+06  2
3700  2.20681e+06  3
3700  2.14174e+06  1
3700  2.20438e+06  4
3700  2.10576e+06  3
3700  1.88864e+06  4
3700  2.0289e+06  4
3700  1.73918e+06  2
3700  3700  2.28529e+06  2
3700  3700  3700  3700  2.05088e+06  2
3700  3700  2.7385e+06  2
3700  2.19545e+06  5
3700  3700  1.99406e+06  1
3700  3700  2.11682e+06  1
3700  2.24667e+06  1
3700  1.83672e+06  2
3700  1.97858e+06  2
3700  3.53267e+06  1
3700  2.0651e+06  3
3700  2.02855e+06  1
3700  3700  2.21689e+06  2
3700  1.91504e+06  4
3700  2.44838e+06  2
3700  2.37595e+06  2
3700  2.20073e+06  4
3700  2.15481e+06  5
3700  2.74326e+06  4
3700  3700  2.15384e+06  4
3700  2.24207e+06  3
3700  1.90203e+06  3
3700  2.04866e+06  2
3700  3700  2.08989e+06  3
3700  2.14931e+06  1
3700  2.34405e+06  4
3700  2.64839e+06  2
3700  2.23802e+06  1
3700  2.05366e+06  1
3700  3700  2.0115e+06  2
3700  3700  2.22584e+06  3
3700  2.08377e+06  3
3700  3700  2.28154e+06  3
3700  2.1457e+06  4
3700  2.25384e+06  5
3700  2.02247e+06  1
3700  3700  2.4361e+06  2
3700  2.33346e+06  6
3700  2.17919e+06  1
3700  2.14846e+06  2
3700  2.55961e+06  4
3700  2.17436e+06  2
3700  2.08537e+06  5
3700  2.0335e+06  2
3700  2.28437e+06  2
3700  2.36368e+06  2
3700  2.10808e+06  2
3700  3700  1.92228e+06  2
3700  2.18963e+06  2
3700  3700  1.86322e+06  2
3700  2.27017e+06  1
3700  3700  2.21655e+06  3
3700  2.21736e+06  8
3700  3700  1.8586e+06  2
3700  3700  1.86721e+06  5
3700  2.20498e+06  2
3700  2.2718e+06  3
3700  3700  3700  1.93148e+06  6
3700  2.16394e+06  2
3700  3700  2.00753e+06  4
3700  2.17933e+06  3
3700  1.75579e+06  5
3700  2.17968e+06  6
3700  3700  1.68856e+06  4
3700  1.99074e+06  1
3700  1.57561e+06  7
3700  3700  2.09692e+06  3
3700  1.86629e+06  1
3700  3700  3700  1.86277e+06  2
3700  3700  1.88112e+06  6
3700  2.26777e+06  5
3700  3700  2.12445e+06  2
3700  2.13279e+06  3
3700  2.74599e+06  2
3700  2.10177e+06  3
3700  1.93529e+06  4
3700  2.39064e+06  2
3700  2.42484e+06  2
3700  2.58164e+06  6
3700  2.13457e+06  2
3700  3700  1.78632e+06  2
3700  2.67442e+06  2
3700  2.34203e+06  1
3700  2.5853e+06  3
3700  2.43483e+06  2
3700  2.1317e+06  2
3700  1.82302e+06  1
3700  2.17309e+06  2
3700  1.65436e+06  4
3800  2.22278e+06  3
3800  2.70268e+06  2
3800  2.77706e+06  1
3800  2.44028e+06  2
3800  2.64614e+06  3
3800  2.57582e+06  2
3800  2.84374e+06  1
3800  2.37498e+06  3
3800  2.39388e+06  5
3800  2.42022e+06  3
3800  2.23734e+06  3
3800  2.2377e+06  4
3800  2.56928e+06  1
3800  2.4934e+06  2
3800  2.12802e+06  2
3800  2.39843e+06  2
3800  1.95042e+06  3
3800  2.4114e+06  4
3800  2.25527e+06  3
3800  2.54223e+06  1
3800  2.06106e+06  2
3800  2.53018e+06  2
3800  2.42947e+06  3
3800  2.89657e+06  4
3800  2.06236e+06  2
3800  3.00309e+06  2
3800  2.67573e+06  6
3800  3800  2.30303e+06  3
3800  3.13712e+06  7
3800  2.61267e+06  1
3800  1.81571e+06  1
3800  1.99015e+06  2
3800  2.12127e+06  3
3800  1.92053e+06  2
3800  1.97922e+06  3
3800  3800  2.44708e+06  2
3800  2.23875e+06  4
3800  2.21046e+06  5
3800  2.54592e+06  2
3800  2.30174e+06  2
3800  2.2568e+06  2
3800  3800  3800  2.19797e+06  1
3800  3800  2.31511e+06  2
3800  2.05257e+06  3
3800  2.95155e+06  2
3800  2.56939e+06  3
3800  2.4624e+06  4
3800  2.48673e+06  4
3800  2.18239e+06  4
3800  2.6673e+06  5
3800  2.29984e+06  4
3800  2.3583e+06  1
3800  2.17427e+06  1
3800  3800  2.01012e+06  3
3800  2.14404e+06  5
3800  2.16048e+06  3
3800  2.36296e+06  1
3800  2.50685e+06  3
3800  2.0484e+06  1
3800  2.14241e+06  3
3800  3800  2.1914e+06  4
3800  3800  3800  2.64911e+06  3
3800  3800  2.1461e+06  3
3800  3800  3800  2.41815e+06  3
3800  2.77657e+06  4
3800  3800  3800  3800  2.01031e+06  3
3800  2.33703e+06  2
3800  1.96188e+06  1
3800  1.97928e+06  5
3800  2.17021e+06  1
3800  2.36492e+06  4
3800  2.50331e+06  2
3800  2.08695e+06  4
3800  1.94825e+06  3
3800  2.37471e+06  2
3800  2.12477e+06  4
3800  3800  3.03714e+06  4
3800  2.19574e+06  2
3800  3800  3800  2.30427e+06  3
3800  2.0177e+06  3
3800  2.03077e+06  1
3800  2.05852e+06  4
3800  3800  3800  2.45061e+06  6
3800  2.11376e+06  1
3800  3800  2.09724e+06  1
3800  3800  1.82831e+06  2
3800  2.36742e+06  5
3800  2.50422e+06  4
3800  3800  2.04538e+06  3
3800  3800  3800  2.12366e+06  2
3800  2.16466e+06  1
3800  2.11853e+06  4
3800  3800  1.91534e+06  1
3800  3800  2.41563e+06  2
3800  2.31136e+06  2
3800  2.00305e+06  3
3800  2.09176e+06  4
3800  2.19804e+06  2
3800  1.84802e+06  4
3800  2.52097e+06  2
3900  2.3763e+06  1
3900  2.40096e+06  3
3900  2.36005e+06  3
3900  3900  2.10141e+06  4
3900  3900  2.38829e+06  1
3900  2.71925e+06  3
3900  2.10861e+06  2
3900  2.58428e+06  2
3900  2.43638e+06  1
3900  2.47623e+06  6
3900  2.12952e+06  5
3900  2.02778e+06  4
3900  3900  2.535e+06  6
3900  2.03306e+06  2
3900  3900  2.69007e+06  1
3900  2.10105e+06  4
3900  2.12417e+06  4
3900  2.31388e+06  3
3900  2.44631e+06  7
3900  2.18505e+06  4
3900  1.90666e+06  1
3900  2.1253e+06  2
3900  1.95933e+06  4
3900  2.06056e+06  1
3900  2.03213e+06  6
3900  3900  2.73068e+06  2
3900  2.27552e+06  5
3900  2.43566e+06  8
3900  3900  1.96099e+06  1
3900  2.69707e+06  3
3900  2.36805e+06  4
3900  2.70576e+06  1
3900  2.64297e+06  2
3900  3900  2.97338e+06  4
3900  2.01313e+06  2
3900  2.56686e+06  3
3900  1.83074e+06  1
3900  2.51659e+06  4
3900  2.62328e+06  3
3900  2.28741e+06  2
3900  2.24139e+06  5
3900  1.99633e+06  3
3900  2.01307e+06  2
3900  3900  3900  2.01608e+06  5
3900  3900  3900  3900  2.10567e+06  1
3900  2.34817e+06  3
3900  1.98211e+06  2
3900  1.97563e+06  2
3900  3900  3900  2.0925e+06  7
3900  3900  1.74175e+06  3
3900  1.94612e+06  5
3900  1.71428e+06  8
3900  3900  3900  3900  2.04621e+06  2
3900  3900  1.80876e+06  1
3900  2.17916e+06  4
3900  1.87826e+06  1
3900  2.21879e+06  4
3900  1.97317e+06  2
3900  2.81888e+06  1
3900  3900  2.92142e+06  1
3900  2.49698e+06  1
3900  2.24188e+06  3
3900  2.14521e+06  3
3900  2.62436e+06  5
3900  2.33468e+06  3
3900  2.6299e+06  3
3900  2.4058e+06  2
3900  3900  2.26983e+06  2
3900  2.03597e+06  3
3900  2.35923e+06  2
3900  1.76446e+06  4
3900  2.53082e+06  2
3900  1.91371e+06  4
3900  1.8595e+06  1
3900  2.30743e+06  2
3900  2.2876e+06  2
3900  2.10134e+06  4
3900  3900  2.71222e+06  2
3900  3900  3900  1.87111e+06  1
3900  1.95788e+06  4
3900  3900  1.79266e+06  3
3900  2.38826e+06  4
3900  2.28542e+06  4
3900  2.73704e+06  1
3900  2.4284e+06  2
3900  2.3092e+06  1
3900  3900  1.8921e+06  3
3900  2.03916e+06  3
3900  3900  2.27538e+06  2
3900  3900  2.61474e+06  8
3900  2.24264e+06  4
3900  1.87295e+06  2
3900  2.08276e+06  3
3900  2.04788e+06  2
3900  1.88894e+06  1
3900  2.06346e+06  5
3900  2.23104e+06  1
3900  1.66888e+06  5
3900  2.3168e+06  4
3900  2.41202e+06  1
4000  4000  4000  2.53568e+06  3
4000  1.93332e+06  1
4000  4000  2.2846e+06  1
4000  2.33818e+06  3
4000  1.71799e+06  1
4000  4000  2.10334e+06  2
4000  4000  2.15153e+06  3
4000  2.32803e+06  5
4000  2.33976e+06  2
4000  4000  2.30798e+06  2
4000  2.50412e+06  3
4000  2.18953e+06  2
4000  1.64236e+06  3
4000  1.91231e+06  1
4000  4000  2.1219e+06  1
4000  2.02909e+06  2
4000  2.75809e+06  7
4000  4000  1.88314e+06  3
4000  1.99838e+06  4
4000  2.47677e+06  5
4000  2.19258e+06  3
4000  4000  2.42222e+06  1
4000  2.27794e+06  7
4000  2.4562e+06  3
4000  4000  2.3403e+06  2
4000  2.46603e+06  1
4000  3.10001e+06  5
4000  4000  4000  2.58399e+06  2
4000  2.33908e+06  1
4000  2.49491e+06  2
4000  2.28934e+06  1
4000  2.54353e+06  2
4000  2.37117e+06  2
4000  2.0815e+06  1
4000  2.16614e+06  3
4000  4000  2.9104e+06  3
4000  2.20941e+06  1
4000  2.79458e+06  2
4000  2.08374e+06  1
4000  4000  2.0372e+06  2
4000  2.08272e+06  6
4000  1.8263e+06  2
4000  4000  2.28e+06  3
4000  2.39134e+06  4
4000  2.71847e+06  1
4000  2.03247e+06  4
4000  2.40377e+06  2
4000  2.39329e+06  2
4000  2.17571e+06  4
4000  1.95319e+06  2
4000  2.39791e+06  2
4000  2.09242e+06  2
4000  2.32099e+06  1
4000  4000  2.2316e+06  5
4000  4000  4000  2.1981e+06  6
4000  1.94339e+06  1
4000  4000  2.01045e+06  4
4000  4000  2.20534e+06  2
4000  2.29962e+06  2
4000  2.44008e+06  3
4000  2.25692e+06  1
4000  2.05961e+06  1
4000  4000  2.46101e+06  3
4000  1.9654e+06  6
4000  2.1024e+06  5
4000  2.18194e+06  2
4000  1.99978e+06  4
4000  2.3216e+06  7
4000  2.16874e+06  4
4000  2.09617e+06  2
4000  4000  4000  2.58331e+06  2
4000  4000  4000  2.26836e+06  3
4000  2.40352e+06  2
4000  2.0088e+06  1
4000  2.32552e+06  2
4000  2.03069e+06  5
4000  4000  2.61052e+06  3
4000  4000  2.55759e+06  1
4000  4000  4000  2.3314e+06  2
4000  2.42867e+06  1
4000  2.7221e+06  3
4000  2.23264e+06  2
4000  2.25666e+06  1
4000  2.16988e+06  3
4000  2.72237e+06  1
4000  3.47317e+06  6
4000  2.10102e+06  1
4000  2.46739e+06  2
4000  2.41345e+06  1
4000  2.36651e+06  4
4000  2.77523e+06  2
4000  2.71209e+06  3
4000  4000  3.3624e+06  4
4000  2.49205e+06  4
4000  2.35886e+06  4
4000  2.09718e+06  1
4000  2.43696e+06  3
4000  3.38253e+06  4
4000  4000  2.41489e+06  3
4000  4000  2.9235e+06  3
4100  2.51322e+06  1
4100  2.56385e+06  1
4100  2.34924e+06  4
4100  2.38571e+06  3
4100  2.77547e+06  4
4100  2.48558e+06  5
4100  2.63438e+06  4
4100  2.87613e+06  2
4100  2.92076e+06  1
4100  4100  1.99181e+06  3
4100  2.14972e+06  1
4100  2.29533e+06  3
4100  4100  2.35271e+06  2
4100  4100  4100  4100  4100  4100  4100  2.10188e+06  2
4100  2.42085e+06  1
4100  2.31868e+06  3
4100  2.7656e+06  4
4100  1.98982e+06  2
4100  2.09833e+06  3
4100  1.9718e+06  4
4100  2.89959e+06  2
4100  2.49199e+06  4
4100  3.23488e+06  2
4100  2.70246e+06  3
4100  3.00897e+06  4
4100  2.01213e+06  5
4100  2.603e+06  4
4100  2.60618e+06  1
4100  4100  4100  4100  2.64564e+06  3
4100  2.95793e+06  1
4100  2.40389e+06  2
4100  2.22097e+06  2
4100  2.09613e+06  2
4100  2.2321e+06  2
4100  2.46126e+06  3
4100  2.64082e+06  1
4100  3.43211e+06  5
4100  4100  2.62659e+06  2
4100  2.27957e+06  3
4100  2.17438e+06  2
4100  4100  2.00293e+06  2
4100  2.83513e+06  2
4100  4100  4100  2.11566e+06  5
4100  2.40517e+06  7
4100  4100  4100  4100  2.1149e+06  4
4100  2.6917e+06  2
4100  4100  4100  2.50745e+06  1
4100  4100  2.31584e+06  2
4100  2.9394e+06  6
4100  2.19038e+06  3
4100  4100  2.48814e+06  2
4100  2.35105e+06  2
4100  2.10788e+06  3
4100  2.09032e+06  1
4100  2.09382e+06  4
4100  4100  4100  4100  1.88693e+06  2
4100  2.44727e+06  4
4100  2.0097e+06  4
4100  2.5318e+06  3
4100  2.46918e+06  4
4100  4100  2.40407e+06  1
4100  2.51225e+06  5
4100  4100  4100  4100  2.14192e+06  2
4100  2.40114e+06  1
4100  2.20689e+06  1
4100  3.14039e+06  2
4100  1.94232e+06  1
4100  2.38743e+06  4
4100  4100  1.96194e+06  3
4100  2.17929e+06  3
4100  4100  2.24137e+06  1
4100  4100  2.23638e+06  3
4100  2.25529e+06  4
4100  2.42429e+06  2
4100  2.33193e+06  1
4100  2.27819e+06  4
4100  2.23506e+06  7
4100  2.23363e+06  3
4100  2.30946e+06  1
4100  1.87297e+06  1
4100  2.36615e+06  1
4100  4100  2.25139e+06  6
4100  2.85031e+06  5
4100  2.66241e+06  4
4100  4100  2.82762e+06  2
4100  2.64672e+06  4
4100  4100  2.09152e+06  3
4100  2.2566e+06  2
4100  1.96624e+06  1
4100  2.25888e+06  4
4100  4100  4100  2.17949e+06  4
4100  4100  2.04099e+06  5
4100  2.3031e+06  5
4100  2.34748e+06  3
4100  1.97932e+06  1
4100  4100  2.5954e+06  2
4100  1.98433e+06  3
4100  2.51279e+06  1
4100  4100  3.43558e+06  2
4100  2.45599e+06  4
4200  2.18221e+06  1
4200  2.61518e+06  1
4200  2.69389e+06  3
4200  2.23216e+06  2
4200  2.83185e+06  5
4200  2.17882e+06  1
4200  2.51541e+06  1
4200  2.58774e+06  3
4200  2.25724e+06  3
4200  2.83301e+06  4
4200  4200  4200  3.11709e+06  3
4200  2.99731e+06  8
4200  2.83015e+06  2
4200  2.20713e+06  5
4200  2.58952e+06  4
4200  3.02724e+06  2
4200  4200  2.73123e+06  3
4200  2.16293e+06  2
4200  4200  3.01145e+06  6
4200  2.33527e+06  1
4200  2.66934e+06  8
4200  4200  2.87906e+06  2
4200  2.84159e+06  3
4200  2.55299e+06  3
4200  2.42337e+06  4
4200  2.32096e+06  4
4200  2.15646e+06  1
4200  3.02307e+06  1
4200  2.68498e+06  1
4200  4200  2.58452e+06  2
4200  2.49177e+06  3
4200  2.80106e+06  4
4200  2.47972e+06  4
4200  2.26346e+06  3
4200  2.67639e+06  2
4200  2.09589e+06  1
4200  2.42202e+06  3
4200  2.00666e+06  4
4200  2.3439e+06  1
4200  4200  2.35662e+06  2
4200  4200  2.4197e+06  1
4200  2.19664e+06  1
4200  4200  2.14519e+06  1
4200  4200  1.99068e+06  3
4200  4200  1.97327e+06  3
4200  1.91615e+06  1
4200  4200  1.94376e+06  1
4200  4200  2.33757e+06  3
4200  2.43709e+06  1
4200  2.20597e+06  2
4200  2.9671e+06  1
4200  2.85366e+06  3
4200  2.47477e+06  1
4200  4200  2.94216e+06  1
4200  4200  4200  2.32294e+06  2
4200  2.198e+06  1
4200  4200  4200  2.89278e+06  2
4200  2.17406e+06  2
4200  2.57006e+06  3
4200  2.74118e+06  6
4200  2.07816e+06  1
4200  4200  2.24526e+06  6
4200  4200  3.52152e+06  2
4200  2.46199e+06  2
4200  2.29974e+06  3
4200  3.06984e+06  2
4200  2.81739e+06  1
4200  4200  4200  2.32153e+06  4
4200  2.11117e+06  3
4200  2.48154e+06  1
4200  3.33014e+06  1
4200  2.20348e+06  3
4200  2.57748e+06  3
4200  2.42991e+06  2
4200  3.20058e+06  2
4200  2.92115e+06  1
4200  4200  2.33288e+06  1
4200  2.59107e+06  1
4200  2.32881e+06  4
4200  2.45972e+06  4
4200  3.1576e+06  2
4200  2.63848e+06  3
4200  2.29688e+06  4
4200  2.05738e+06  3
4200  2.2453e+06  2
4200  2.38843e+06  5
4200  2.4447e+06  4
4200  2.63088e+06  6
4200  4200  2.5295e+06  3
4200  4200  4200  2.57134e+06  5
4200  2.197e+06  2
4200  1.60793e+06  2
4200  4200  4200  2.0488e+06  2
4200  2.41216e+06  1
4200  2.46962e+06  5
4200  2.51992e+06  4
4200  4200  2.08624e+06  4
4200  4200  2.79964e+06  1
4200  2.28868e+06  6
4200  2.10734e+06  4
4300  2.79193e+06  3
4300  2.53761e+06  7
4300  2.53972e+06  4
4300  2.16728e+06  2
4300  4300  2.71677e+06  2
4300  4300  2.28256e+06  2
4300  2.91509e+06  5
4300  4300  2.6055e+06  2
4300  2.73407e+06  1
4300  3.00928e+06  4
4300  2.8789e+06  3
4300  2.73872e+06  2
4300  4300  2.07214e+06  4
4300  2.119e+06  6
4300  2.49057e+06  2
4300  4300  2.41802e+06  1
4300  2.0442e+06  2
4300  2.71278e+06  2
4300  4300  2.54916e+06  2
4300  2.21956e+06  1
4300  2.58668e+06  4
4300  4300  2.55402e+06  6
4300  2.8801e+06  2
4300  2.52502e+06  4
4300  4300  2.82375e+06  5
4300  2.40658e+06  5
4300  3.39096e+06  5
4300  3.08296e+06  3
4300  4300  4300  2.85255e+06  4
4300  2.58002e+06  3
4300  4300  2.87405e+06  2
4300  4300  2.28687e+06  3
4300  2.66701e+06  3
4300  2.3203e+06  3
4300  2.37606e+06  5
4300  2.67052e+06  5
4300  4300  2.3352e+06  3
4300  2.00428e+06  3
4300  2.16851e+06  2
4300  2.14587e+06  1
4300  2.58052e+06  3
4300  2.27693e+06  3
4300  2.73307e+06  2
4300  3.04992e+06  3
4300  2.67164e+06  3
4300  4300  3.3671e+06  4
4300  4300  3.18027e+06  1
4300  2.65194e+06  3
4300  4300  2.40026e+06  1
4300  2.55364e+06  6
4300  2.59069e+06  1
4300  2.88071e+06  7
4300  2.59912e+06  3
4300  2.58263e+06  3
4300  2.5189e+06  1
4300  2.8392e+06  5
4300  2.81718e+06  1
4300  2.75957e+06  2
4300  2.48584e+06  3
4300  2.61566e+06  1
4300  2.5679e+06  4
4300  4300  4300  4300  2.61093e+06  1
4300  2.73276e+06  3
4300  2.38826e+06  3
4300  4300  2.49446e+06  3
4300  4300  2.91612e+06  4
4300  2.28512e+06  1
4300  4300  2.62184e+06  2
4300  2.42752e+06  4
4300  4300  4300  2.32637e+06  3
4300  4300  4300  2.96341e+06  3
4300  2.6408e+06  1
4300  2.84953e+06  1
4300  3.43104e+06  4
4300  4300  3.12946e+06  2
4300  3.11881e+06  3
4300  2.82772e+06  1
4300  2.59591e+06  3
4300  2.60058e+06  4
4300  3.54606e+06  2
4300  2.67758e+06  2
4300  2.65108e+06  3
4300  2.69289e+06  1
4300  4300  2.03513e+06  2
4300  2.2405e+06  2
4300  2.43064e+06  5
4300  2.66971e+06  2
4300  2.65255e+06  3
4300  4300  2.59023e+06  3
4300  4300  2.12986e+06  2
4300  2.2999e+06  4
4300  2.24926e+06  2
4300  3.22331e+06  1
4300  4300  2.46687e+06  2
4300  4300  2.60423e+06  2
4300  4300  3.149e+06  3
4300  2.54375e+06  2
4300  2.17245e+06  1
4300  2.11094e+06  2
4300  2.66356e+06  1
4400  2.68728e+06  4
4400  2.92605e+06  2
4400  4400  4400  2.357e+06  4
4400  4400  2.24865e+06  2
4400  2.40164e+06  1
4400  1.79406e+06  1
4400  2.03939e+06  1
4400  4400  2.40829e+06  1
4400  2.4352e+06  1
4400  2.37189e+06  3
4400  2.71504e+06  2
4400  2.39753e+06  2
4400  2.35944e+06  2
4400  2.71027e+06  1
4400  2.99642e+06  1
4400  2.88637e+06  4
4400  2.77493e+06  2
4400  3.48305e+06  1
4400  2.987e+06  2
4400  3.44812e+06  2
4400  2.44049e+06  3
4400  2.60725e+06  6
4400  2.77472e+06  3
4400  4400  2.63124e+06  1
4400  2.75239e+06  4
4400  4400  2.4097e+06  2
4400  4400  2.43436e+06  5
4400  2.85827e+06  2
4400  2.30186e+06  2
4400  2.97988e+06  3
4400  4400  4400  2.93272e+06  3
4400  2.64433e+06  2
4400  2.57062e+06  6
4400  2.78886e+06  2
4400  2.89909e+06  1
4400  2.39821e+06  1
4400  4400  2.86675e+06  2
4400  2.73756e+06  1
4400  4400  2.98134e+06  3
4400  4400  2.26688e+06  6
4400  2.3313e+06  1
4400  2.36376e+06  6
4400  2.62404e+06  3
4400  2.1757e+06  4
4400  2.7904e+06  4
4400  4400  2.24385e+06  2
4400  4400  4400  2.52798e+06  4
4400  2.49525e+06  4
4400  2.55987e+06  3
4400  4400  3.70836e+06  1
4400  2.52588e+06  6
4400  2.90019e+06  3
4400  2.42281e+06  4
4400  4400  2.08662e+06  2
4400  2.50366e+06  4
4400  2.40147e+06  2
4400  2.17994e+06  2
4400  2.05231e+06  2
4400  2.46622e+06  4
4400  2.12527e+06  2
4400  4400  4400  2.95037e+06  4
4400  2.2413e+06  1
4400  2.50137e+06  2
4400  4400  2.85237e+06  4
4400  3.06135e+06  4
4400  2.96189e+06  5
4400  2.36977e+06  1
4400  3.0081e+06  2
4400  2.87469e+06  3
4400  2.79764e+06  2
4400  2.6207e+06  2
4400  2.54087e+06  3
4400  2.48353e+06  4
4400  2.94635e+06  5
4400  4400  2.52201e+06  1
4400  2.48071e+06  4
4400  2.83667e+06  2
4400  2.89448e+06  2
4400  2.38449e+06  2
4400  2.57041e+06  2
4400  4400  4400  4400  4400  2.82588e+06  3
4400  2.2391e+06  2
4400  2.29291e+06  4
4400  2.3722e+06  1
4400  2.41437e+06  3
4400  2.36381e+06  3
4400  2.31075e+06  5
4400  4400  2.76418e+06  4
4400  3.17958e+06  1
4400  2.49949e+06  1
4400  2.67797e+06  3
4400  2.26997e+06  1
4400  2.76686e+06  2
4400  2.26715e+06  4
4400  3.52258e+06  7
4400  4400  3.08136e+06  4
4400  2.78928e+06  1
4400  3.04986e+06  4
4400  3.28184e+06  3
4400  4400  2.81571e+06  4
4500  3.01986e+06  5
4500  2.92264e+06  2
4500  3.29219e+06  4
4500  4500  4500  4500  3.08209e+06  2
4500  2.3019e+06  3
4500  3.17987e+06  2
4500  4500  2.73967e+06  6
4500  2.84637e+06  3
4500  2.78175e+06  3
4500  3.22888e+06  3
4500  4500  4500  3.09394e+06  1
4500  2.68497e+06  1
4500  2.89502e+06  4
4500  2.70954e+06  2
4500  2.41138e+06  4
4500  4500  2.82136e+06  8
4500  2.64747e+06  3
4500  4500  2.57175e+06  3
4500  4500  2.65807e+06  1
4500  2.6877e+06  4
4500  2.4585e+06  3
4500  3.04081e+06  1
4500  2.70826e+06  2
4500  2.32197e+06  3
4500  4500  4500  2.67092e+06  3
4500  2.8104e+06  5
4500  3.36231e+06  4
4500  2.59444e+06  3
4500  2.6291e+06  3
4500  2.55544e+06  3
4500  3.05701e+06  4
4500  2.62612e+06  4
4500  2.58142e+06  2
4500  4500  2.55405e+06  3
4500  2.9016e+06  4
4500  3.01806e+06  6
4500  4500  2.85054e+06  3
4500  2.46823e+06  1
4500  4500  2.6636e+06  4
4500  4500  4500  2.83017e+06  5
4500  2.78341e+06  1
4500  2.86926e+06  2
4500  2.74338e+06  2
4500  2.26854e+06  2
4500  2.56044e+06  2
4500  3.20005e+06  4
4500  2.5188e+06  1
4500  2.64002e+06  4
4500  2.46441e+06  1
4500  4500  2.78515e+06  4
4500  4500  2.63214e+06  2
4500  2.15325e+06  1
4500  2.23876e+06  3
4500  4500  2.89814e+06  2
4500  2.36754e+06  2
4500  2.34783e+06  1
4500  2.50125e+06  3
4500  2.99016e+06  2
4500  2.83999e+06  4
4500  2.36467e+06  5
4500  2.69105e+06  2
4500  4500  2.69889e+06  7
4500  2.48951e+06  3
4500  2.44466e+06  4
4500  3.76071e+06  3
4500  2.14855e+06  5
4500  4500  3.05545e+06  3
4500  3.02324e+06  5
4500  2.76665e+06  1
4500  2.54602e+06  3
4500  4500  3.10118e+06  1
4500  2.86519e+06  2
4500  3.2526e+06  1
4500  2.87294e+06  1
4500  2.70048e+06  4
4500  2.95778e+06  2
4500  4500  2.55746e+06  2
4500  4500  2.5927e+06  2
4500  3.03755e+06  1
4500  2.67906e+06  5
4500  3.18228e+06  1
4500  4500  4500  2.55647e+06  2
4500  2.94667e+06  2
4500  2.42632e+06  4
4500  2.60414e+06  2
4500  3.36219e+06  3
4500  4500  2.74606e+06  3
4500  2.88796e+06  2
4500  2.48997e+06  2
4500  2.99148e+06  9
4500  3.2692e+06  3
4500  2.5934e+06  1
4500  2.37957e+06  2
4500  2.40747e+06  4
4500  3.25999e+06  2
4500  3.17799e+06  5
4500  4500  3.41334e+06  6
4500  2.25743e+06  3
4500  3.03919e+06  3
4500  2.75287e+06  1
4600  2.78932e+06  3
4600  2.71764e+06  2
4600  2.7842e+06  5
4600  4600  2.78438e+06  2
4600  2.83635e+06  4
4600  2.9259e+06  2
4600  2.68739e+06  3
4600  4600  2.4218e+06  5
4600  3.24324e+06  1
4600  3.22784e+06  7
4600  2.77824e+06  3
4600  4600  4600  4600  2.66603e+06  1
4600  2.59827e+06  3
4600  2.33296e+06  2
4600  3.0213e+06  4
4600  2.45188e+06  3
4600  2.49248e+06  2
4600  2.50518e+06  1
4600  2.47219e+06  2
4600  2.35072e+06  8
4600  2.79688e+06  4
4600  2.93213e+06  2
4600  4600  4600  3.25561e+06  1
4600  4600  2.35569e+06  2
4600  2.92317e+06  2
4600  3.18182e+06  4
4600  2.44129e+06  1
4600  4600  2.41665e+06  4
4600  2.58106e+06  3
4600  4600  2.89932e+06  1
4600  4600  4600  2.59936e+06  1
4600  2.735e+06  3
4600  2.47749e+06  4
4600  2.77155e+06  1
4600  2.53251e+06  6
4600  2.25938e+06  2
4600  4600  2.88603e+06  3
4600  4600  2.40495e+06  5
4600  2.4512e+06  4
4600  1.99115e+06  1
4600  2.93731e+06  3
4600  2.61639e+06  3
4600  2.31083e+06  1
4600  4600  4600  2.42135e+06  3
4600  2.73548e+06  3
4600  2.58066e+06  3
4600  2.30067e+06  3
4600  2.56435e+06  2
4600  4600  2.82565e+06  4
4600  2.52105e+06  2
4600  2.60832e+06  4
4600  2.55503e+06  1
4600  2.40826e+06  1
4600  2.26088e+06  2
4600  4600  2.72806e+06  4
4600  3.23296e+06  4
4600  2.76948e+06  2
4600  2.80905e+06  3
4600  2.76125e+06  1
4600  3.07482e+06  4
4600  2.30164e+06  2
4600  2.79817e+06  1
4600  4600  2.86887e+06  2
4600  2.3354e+06  3
4600  3.40585e+06  1
4600  2.61186e+06  3
4600  2.50778e+06  1
4600  4600  4600  2.60115e+06  1
4600  2.99916e+06  2
4600  4600  2.57388e+06  3
4600  4600  4600  2.83749e+06  1
4600  4600  2.44434e+06  1
4600  3.60985e+06  3
4600  2.3254e+06  2
4600  2.15576e+06  4
4600  2.42324e+06  1
4600  2.36264e+06  4
4600  4600  4600  4600  4600  2.92976e+06  1
4600  2.84331e+06  4
4600  2.56768e+06  4
4600  2.69446e+06  1
4600  2.35261e+06  2
4600  3.00085e+06  2
4600  2.19807e+06  4
4600  3.11419e+06  4
4600  3.29636e+06  4
4600  4600  2.39684e+06  1
4600  2.5384e+06  3
4600  2.64218e+06  1
4600  4600  2.8598e+06  1
4600  3.20075e+06  3
4600  4600  2.83776e+06  2
4600  3.12435e+06  7
4600  2.66379e+06  2
4600  2.644e+06  2
4600  2.97404e+06  4
4600  2.89938e+06  1
4600  2.74032e+06  2
4600  2.62745e+06  8
4600  2.61023e+06  8
4700  3.32303e+06  2
4700  2.68521e+06  3
4700  2.3301e+06  1
4700  2.53328e+06  9
4700  4700  2.35492e+06  2
4700  2.65085e+06  2
4700  2.92342e+06  1
4700  2.97571e+06  1
4700  4700  2.72344e+06  3
4700  2.79724e+06  1
4700  2.43784e+06  4
4700  2.79274e+06  2
4700  2.72134e+06  2
4700  2.46615e+06  2
4700  3.1974e+06  1
4700  2.82405e+06  2
4700  2.52376e+06  2
4700  2.70965e+06  4
4700  2.71609e+06  3
4700  4700  2.6175e+06  2
4700  2.38506e+06  2
4700  2.631e+06  2
4700  2.27546e+06  1
4700  2.42374e+06  1
4700  2.67357e+06  2
4700  2.30322e+06  3
4700  2.92524e+06  2
4700  2.57611e+06  2
4700  2.58927e+06  1
4700  4700  4700  2.22935e+06  4
4700  2.44202e+06  2
4700  2.38233e+06  7
4700  3.03769e+06  4
4700  2.38608e+06  4
4700  2.62266e+06  2
4700  4700  2.81073e+06  2
4700  2.73606e+06  5
4700  4700  2.67042e+06  2
4700  2.39471e+06  6
4700  3.08694e+06  2
4700  2.97466e+06  2
4700  4700  2.52491e+06  1
4700  2.77978e+06  2
4700  2.57002e+06  1
4700  2.76177e+06  5
4700  2.55288e+06  1
4700  2.61473e+06  2
4700  4700  3.69155e+06  3
4700  3.23274e+06  3
4700  2.98084e+06  4
4700  2.91852e+06  2
4700  3.18727e+06  1
4700  2.47489e+06  2
4700  4700  2.96194e+06  1
4700  3.15922e+06  1
4700  3.50204e+06  3
4700  4700  4700  2.6777e+06  2
4700  2.77247e+06  2
4700  3.01166e+06  4
4700  2.89924e+06  1
4700  2.32539e+06  1
4700  2.7203e+06  5
4700  2.55077e+06  6
4700  3.15231e+06  4
4700  2.85577e+06  4
4700  2.49983e+06  3
4700  4.38016e+06  1
4700  2.8172e+06  1
4700  4700  4700  2.67594e+06  3
4700  3.26752e+06  1
4700  2.74065e+06  6
4700  2.37457e+06  5
4700  2.33092e+06  3
4700  2.54821e+06  1
4700  3.58412e+06  1
4700  2.4764e+06  3
4700  2.79228e+06  4
4700  2.80816e+06  1
4700  2.57867e+06  3
4700  4700  2.59162e+06  3
4700  2.56392e+06  4
4700  2.56588e+06  1
4700  3.13751e+06  2
4700  3.27521e+06  2
4700  2.71346e+06  1
4700  2.88534e+06  3
4700  3.19413e+06  3
4700  4700  3.11706e+06  1
4700  2.61179e+06  1
4700  2.98647e+06  4
4700  2.28235e+06  3
4700  2.87739e+06  4
4700  2.10307e+06  1
4700  3.0172e+06  2
4700  2.72433e+06  3
4700  2.8241e+06  3
4700  2.47142e+06  7
4700  4700  2.59496e+06  3
4700  2.90175e+06  2
4700  2.86432e+06  2
4800  2.44379e+06  2
4800  2.65844e+06  2
4800  2.72389e+06  2
4800  2.87188e+06  2
4800  4800  2.42598e+06  4
4800  2.83787e+06  5
4800  4800  3.35471e+06  4
4800  4800  4800  2.77719e+06  1
4800  4800  3.22656e+06  1
4800  2.96419e+06  1
4800  2.88509e+06  2
4800  2.98501e+06  1
4800  2.65396e+06  2
4800  2.31963e+06  1
4800  2.90031e+06  1
4800  4800  3.07233e+06  2
4800  2.66684e+06  1
4800  3.234e+06  2
4800  4800  3.11728e+06  1
4800  4800  2.89606e+06  4
4800  2.25616e+06  2
4800  4800  4800  2.20583e+06  1
4800  2.52806e+06  1
4800  4800  4800  2.6502e+06  2
4800  2.08115e+06  4
4800  2.79556e+06  1
4800  3.62636e+06  2
4800  2.84648e+06  5
4800  2.47232e+06  2
4800  2.94836e+06  1
4800  4800  2.55752e+06  7
4800  3.2257e+06  4
4800  2.56386e+06  1
4800  2.81977e+06  1
4800  4800  2.13499e+06  2
4800  4800  2.37952e+06  4
4800  3.06791e+06  2
4800  2.52927e+06  1
4800  2.60064e+06  1
4800  2.33598e+06  3
4800  3.14148e+06  3
4800  4800  4800  4800  4800  2.71066e+06  1
4800  4800  2.48557e+06  4
4800  2.78002e+06  4
4800  3.70113e+06  4
4800  4800  2.68719e+06  3
4800  4800  2.35272e+06  1
4800  3.00426e+06  4
4800  2.49756e+06  4
4800  2.53187e+06  3
4800  3.63027e+06  4
4800  2.57071e+06  1
4800  4800  3.37014e+06  3
4800  3.06916e+06  4
4800  4800  3.24415e+06  4
4800  3.62478e+06  1
4800  4800  3.17136e+06  3
4800  3.66478e+06  6
4800  3.32769e+06  3
4800  3.16824e+06  4
4800  2.82076e+06  2
4800  2.63684e+06  1
4800  4800  2.63622e+06  5
4800  2.69872e+06  2
4800  2.65461e+06  1
4800  2.5539e+06  1
4800  3.03314e+06  2
4800  4800  2.51569e+06  1
4800  2.2007e+06  3
4800  2.49126e+06  4
4800  3.27174e+06  2
4800  4800  2.53727e+06  2
4800  2.40163e+06  2
4800  4800  2.88453e+06  1
4800  2.39769e+06  4
4800  2.43407e+06  5
4800  2.3566e+06  2
4800  3.12366e+06  6
4800  2.25233e+06  3
4800  4800  4800  4800  2.38256e+06  2
4800  3.22963e+06  2
4800  2.83594e+06  2
4800  2.70377e+06  1
4800  2.98139e+06  3
4800  4800  2.96336e+06  5
4800  2.80341e+06  4
4800  3.28234e+06  4
4800  2.72348e+06  2
4800  2.84247e+06  5
4800  2.77673e+06  1
4800  3.35088e+06  2
4800  2.48658e+06  2
4800  3.00138e+06  2
4800  2.74541e+06  3
4800  2.58804e+06  5
4800  3.14092e+06  3
4800  3.01362e+06  1
4800  3.47609e+06  2
4800  4800  2.94655e+06  2
4800  2.97091e+06  1
4900  3.7477e+06  3
4900  3.11115e+06  4
4900  2.7825e+06  4
4900  4.08644e+06  2
4900  4900  3.17446e+06  1
4900  2.95277e+06  1
4900  3.08889e+06  2
4900  3.0227e+06  2
4900  3.79124e+06  4
4900  3.91305e+06  3
4900  2.98155e+06  4
4900  4900  3.17083e+06  1
4900  3.41954e+06  3
4900  3.32705e+06  2
4900  2.5682e+06  2
4900  4900  2.47281e+06  2
4900  3.03745e+06  6
4900  2.77908e+06  4
4900  3.07261e+06  1
4900  2.90309e+06  1
4900  3.63211e+06  3
4900  2.89588e+06  1
4900  2.84867e+06  3
4900  3.02126e+06  5
4900  3.2112e+06  2
4900  3.02775e+06  4
4900  3.25738e+06  2
4900  3.20074e+06  2
4900  3.18267e+06  1
4900  3.64077e+06  1
4900  3.00587e+06  1
4900  4900  4900  3.61695e+06  3
4900  2.90827e+06  1
4900  3.29604e+06  3
4900  4900  2.54745e+06  3
4900  3.14421e+06  3
4900  2.64039e+06  3
4900  4900  2.89801e+06  2
4900  2.68041e+06  2
4900  4900  2.88988e+06  4
4900  2.84327e+06  5
4900  2.89466e+06  1
4900  4900  2.73482e+06  5
4900  4900  3.0251e+06  1
4900  4900  3.1156e+06  5
4900  2.93735e+06  3
4900  2.45908e+06  5
4900  2.72322e+06  1
4900  2.71251e+06  2
4900  3.0236e+06  5
4900  2.78322e+06  2
4900  2.81178e+06  4
4900  4900  3.15708e+06  1
4900  2.77883e+06  2
4900  3.09519e+06  6
4900  2.99682e+06  3
4900  2.7386e+06  3
4900  2.98588e+06  5
4900  4900  3.16597e+06  2
4900  2.99199e+06  2
4900  2.87638e+06  3
4900  3.38323e+06  7
4900  4900  3.03096e+06  2
4900  2.81927e+06  4
4900  4900  3.53595e+06  2
4900  3.43406e+06  3
4900  3.35681e+06  1
4900  3.07056e+06  2
4900  2.97951e+06  3
4900  2.93958e+06  2
4900  4900  2.97377e+06  2
4900  2.93995e+06  2
4900  2.94764e+06  4
4900  2.65193e+06  3
4900  2.74713e+06  3
4900  3.85578e+06  1
4900  2.74468e+06  2
4900  2.74557e+06  3
4900  3.23291e+06  2
4900  4900  3.28172e+06  3
4900  4900  2.5438e+06  3
4900  2.85098e+06  4
4900  3.13893e+06  1
4900  2.69373e+06  7
4900  3.28435e+06  1
4900  2.66194e+06  2
4900  2.63732e+06  1
4900  3.16644e+06  2
4900  2.50877e+06  1
4900  3.42156e+06  2
4900  4.14992e+06  1
4900  4900  2.71949e+06  3
4900  2.97911e+06  3
4900  2.82764e+06  2
4900  2.8527e+06  2
4900  2.46808e+06  2
4900  2.85272e+06  3
4900  3.09322e+06  2
4900  2.52204e+06  1
4900  2.67961e+06  4
5000  3.06458e+06  3
5000  3.2462e+06  1
5000  5000  2.90156e+06  2
5000  5000  2.96205e+06  2
5000  2.6913e+06  1
5000  2.95743e+06  2
5000  3.01161e+06  3
5000  5000  2.52819e+06  1
5000  3.39561e+06  3
5000  3.2526e+06  1
5000  5000  2.59206e+06  1
5000  2.78531e+06  3
5000  2.31135e+06  2
5000  5000  2.44639e+06  1
5000  5000  2.44708e+06  3
5000  2.80656e+06  2
5000  2.9857e+06  1
5000  2.84922e+06  2
5000  2.35023e+06  1
5000  3.46389e+06  1
5000  5000  2.71056e+06  4
5000  2.95782e+06  2
5000  5000  5000  2.7375e+06  2
5000  3.41805e+06  3
5000  2.7134e+06  2
5000  3.07911e+06  5
5000  5000  2.5065e+06  1
5000  5000  2.70819e+06  2
5000  2.6557e+06  1
5000  3.57992e+06  3
5000  3.21036e+06  1
5000  3.22385e+06  1
5000  3.11048e+06  1
5000  5000  5000  3.01848e+06  2
5000  2.73354e+06  1
5000  3.25377e+06  8
5000  5000  2.84586e+06  1
5000  2.98545e+06  4
5000  3.5115e+06  2
5000  3.10491e+06  1
5000  3.09052e+06  1
5000  5000  3.5195e+06  3
5000  3.30145e+06  3
5000  5000  3.15694e+06  5
5000  5000  3.23583e+06  2
5000  3.14147e+06  1
5000  2.94778e+06  3
5000  2.6977e+06  1
5000  3.11668e+06  1
5000  5000  3.47094e+06  2
5000  3.10389e+06  1
5000  3.101e+06  1
5000  2.60532e+06  4
5000  3.14655e+06  5
5000  5000  5000  5000  4.10463e+06  5
5000  3.0788e+06  5
5000  5000  3.50272e+06  1
5000  3.33259e+06  4
5000  3.09929e+06  4
5000  2.97155e+06  2
5000  5000  3.19439e+06  3
5000  5000  2.545e+06  3
5000  3.21544e+06  5
5000  3.3285e+06  5
5000  3.66303e+06  1
5000  3.19196e+06  1
5000  2.72157e+06  9
5000  5000  5000  3.06193e+06  1
5000  3.36177e+06  3
5000  3.21764e+06  4
5000  2.56554e+06  3
5000  3.02383e+06  2
5000  2.59928e+06  3
5000  2.41881e+06  1
5000  3.08808e+06  1
5000  2.7461e+06  4
5000  3.15882e+06  3
5000  2.60357e+06  3
5000  2.43537e+06  6
5000  2.80977e+06  5
5000  3.18624e+06  1
5000  2.44908e+06  2
5000  3.1948e+06  2
5000  2.93866e+06  2
5000  3.20511e+06  2
5000  2.84057e+06  3
5000  2.80078e+06  6
5000  5000  2.8218e+06  1
5000  2.65096e+06  4
5000  2.79338e+06  4
5000  2.20269e+06  5
5000  2.76843e+06  1
5000  3.72705e+06  2
5000  5000  3.10259e+06  1
5000  3.22841e+06  1
5000  2.90076e+06  3
5000  5000  5000  2.65932e+06  6
5000  3.17815e+06  1
5000  5000  5000  3.06515e+06  1
5000  3.50298e+06  3
