100 147876 2
100 85007 6
100 132454 8
100 117618 19
100 104038 12
100 45353 2
100 287716 7
100 222742 7
100 141295 8
100 145004 16
100 402709 11
100 266009 2
100 193630 7
100 388838 7
100 172599 8
100 232003 9
100 536456 16
100 350528 5
100 681993 13
100 298139 9
100 486234 3
100 229302 5
100 248339 10
100 624894 6
100 231784 5
100 192831 7
100 175745 9
100 295181 5
100 337679 7
100 451233 2
100 138602 8
100 139628 5
100 156741 5
100 122857 5
100 109849 4
100 243991 4
100 123965 15
100 199379 4
100 130970 5
100 108282 6
100 257887 5
100 494649 13
100 90266 4
100 75434 6
100 115024 4
100 252091 5
100 104805 7
100 85713 4
100 208586 8
100 106028 1
100 72900 3
100 90568 10
100 129421 5
100 106717 5
100 125697 11
100 76722 8
100 137840 7
100 675945 11
100 109892 2
100 79220 6
100 118493 11
100 199119 4
100 57325 5
100 191593 8
100 202092 7
100 225767 6
100 533673 13
100 208201 7
100 342155 3
100 197541 4
100 68483 7
100 127466 2
100 58215 8
100 120789 6
100 70158 5
100 31109 10
100 162585 9
100 108534 4
100 93071 10
100 114832 3
100 178210 10
100 46587 2
100 187858 3
100 151119 5
100 142097 9
100 252084 8
100 266132 13
100 191494 1
100 132227 11
100 151044 7
100 403248 8
100 271698 5
100 73293 12
100 153439 6
100 140755 3
100 269115 6
100 101713 8
100 84201 11
100 79025 5
100 611105 8
150 330280 3
150 112298 10
150 213791 5
150 87411 8
150 249788 4
150 80934 3
150 138956 8
150 98141 3
150 340428 2
150 172142 7
150 302787 6
150 419246 14
150 530415 15
150 329238 6
150 273648 9
150 463250 7
150 440177 11
150 368624 7
150 228727 3
150 371751 10
150 416885 20
150 593867 8
150 430392 10
150 1.2546e+06 5
150 793434 10
150 634345 8
150 254122 3
150 353123 3
150 309218 6
150 353782 5
150 994140 18
150 1.0212e+06 7
150 393111 11
150 492491 4
150 342939 5
150 1.52831e+06 9
150 292996 12
150 300147 7
150 242789 11
150 745467 10
150 1.09016e+06 10
150 225125 4
150 526599 13
150 1.76009e+06 5
150 641708 9
150 663400 10
150 297279 2
150 345427 9
150 409514 7
150 545114 14
150 1.00989e+06 14
150 1.00213e+06 6
150 843402 10
150 1.18273e+06 16
150 2.28153e+06 10
150 435974 8
150 265206 13
150 834343 8
150 763998 5
150 1.09929e+06 7
150 542626 12
150 395629 7
150 294011 8
150 167530 4
150 630210 15
150 663070 12
150 847467 9
150 259412 4
150 366425 4
150 627729 7
150 615183 6
150 148692 4
150 982428 3
150 367172 8
150 974963 11
150 401247 9
150 421323 8
150 269024 11
150 438843 7
150 411715 7
150 303286 12
150 1.2113e+06 5
150 250731 5
150 700226 3
150 336047 2
150 401472 9
150 377971 14
150 792402 7
150 198349 3
150 252243 8
150 1.17374e+06 5
150 845896 3
150 1.08582e+06 15
150 644947 10
150 1.7836e+06 15
150 1.10082e+06 13
150 758470 3
150 731882 12
150 669802 7
150 590918 9
200 941563 15
200 667692 8
200 1.17633e+06 17
200 1.24419e+06 5
200 510033 7
200 582548 10
200 2.14596e+06 14
200 942964 9
200 1.61664e+06 4
200 1.36377e+06 5
200 3.81351e+06 8
200 1.43392e+06 7
200 1.83972e+06 8
200 2.17377e+06 3
200 1.85646e+06 13
200 2.9289e+06 7
200 1.64313e+06 6
200 2.4672e+06 8
200 1.96999e+06 6
200 1.44817e+06 13
200 587807 11
200 775892 4
200 497857 2
200 2.70264e+06 6
200 914102 11
200 485970 9
200 530866 1
200 827602 16
200 994590 8
200 493219 6
200 2.95774e+06 10
200 1.02729e+06 18
200 921072 7
200 2.64157e+06 13
200 1.9879e+06 8
200 1.07959e+06 13
200 1.48775e+06 14
200 1.31052e+06 10
200 1.83075e+06 15
200 912257 15
200 489892 10
200 311686 7
200 317368 7
200 266690 7
200 263415 9
200 505251 13
200 203049 6
200 711542 6
200 602530 8
200 309491 10
200 973298 12
200 1.8847e+06 12
200 1.15328e+06 15
200 949287 11
200 1.78027e+06 10
200 1.18698e+06 15
200 1.59772e+06 8
200 901512 17
200 580827 8
200 972362 8
200 866302 3
200 1.56432e+06 6
200 1.66383e+06 13
200 1.5065e+06 5
200 1.30828e+07 14
200 2.5213e+06 7
200 1.33064e+06 6
200 3.18512e+06 20
200 1.91109e+06 19
200 1.23418e+06 11
200 516964 15
200 906852 6
200 513163 11
200 885234 9
200 547981 15
200 445474 9
200 368063 5
200 712235 10
200 868852 8
200 526892 6
200 411582 4
200 491538 6
200 1.04956e+06 12
200 1.14468e+06 5
200 1.07622e+06 12
200 629345 5
200 2.90739e+06 11
200 736914 6
200 641025 5
200 926061 5
200 1.0833e+06 15
200 436025 7
200 555316 7
200 528521 13
200 666616 2
200 704593 13
200 650124 3
200 609901 5
200 358553 7
200 905959 15
250 1.42357e+06 9
250 811993 2
250 1.42161e+06 8
250 714576 4
250 1.17577e+06 8
250 1.41082e+06 10
250 2.00507e+06 8
250 1.44396e+06 4
250 1.10345e+06 5
250 943389 20
250 1.12874e+06 13
250 1.48172e+06 6
250 1.89327e+06 9
250 696228 18
250 1.1927e+06 14
250 1.10373e+06 12
250 6.99488e+06 13
250 1.00877e+06 9
250 990790 5
250 568568 8
250 554657 7
250 2.59152e+06 10
250 1.8981e+06 8
250 1.50824e+06 10
250 1.55248e+06 4
250 309233 12
250 1.2744e+06 2
250 1.96175e+06 11
250 336301 12
250 1.15411e+06 21
250 1.24009e+06 22
250 930110 11
250 878681 13
250 5.65355e+06 13
250 907204 12
250 2.42902e+06 11
250 2.2496e+06 4
250 757634 10
250 680903 1
250 1.52289e+06 7
250 321838 6
250 1.24327e+06 2
250 1.3828e+06 4
250 1.0821e+06 19
250 550452 11
250 473617 5
250 5.10443e+06 9
250 3.07407e+06 4
250 329543 2
250 373828 5
250 452066 18
250 727625 12
250 414841 6
250 649544 4
250 550966 4
250 546571 6
250 494814 4
250 387933 6
250 684836 7
250 579799 12
250 1.09104e+06 14
250 948249 14
250 2.01515e+06 18
250 265332 3
250 1.381e+06 4
250 577483 11
250 3.79762e+06 19
250 1.35371e+06 16
250 2.85358e+06 17
250 715546 1
250 978460 18
250 678986 15
250 2.79545e+06 6
250 644189 1
250 1.48852e+06 26
250 1.456e+06 13
250 1.68036e+06 10
250 660624 29
250 3.16975e+06 13
250 3.19136e+06 3
250 3.04496e+06 7
250 2.6267e+06 19
250 2.97035e+06 21
250 6.27055e+06 26
250 4.0246e+06 24
250 1.40943e+06 7
250 4.72873e+06 13
250 949380 11
250 1.45497e+07 2
250 1.62977e+06 6
250 1.80243e+06 15
250 2.02411e+06 8
250 1.72225e+06 10
250 1.80809e+06 16
250 1.91064e+06 6
250 1.76008e+06 4
250 993191 8
250 1.15905e+06 11
250 3.45134e+06 25
250 1.54564e+06 14
300 1.24744e+06 14
300 1.80178e+06 15
300 4.70257e+06 6
300 2.10924e+06 5
300 2.16768e+06 7
300 1.30531e+06 9
300 929761 7
300 2.12254e+06 7
300 1.21713e+06 2
300 1.20301e+06 3
300 1.94718e+06 12
300 3.77976e+06 20
300 3.2291e+06 8
300 1.11161e+06 15
300 7.4529e+06 10
300 1.67343e+06 5
300 1.09117e+06 4
300 1.42724e+06 10
300 759147 3
300 2.4624e+06 16
300 4.79674e+06 20
300 7.06071e+06 12
300 7.81846e+06 7
300 8.60802e+06 7
300 8.44376e+06 6
300 4.81373e+06 4
300 9.14386e+06 10
300 7.89945e+06 20
300 3.69095e+06 6
300 3.54383e+06 6
300 3.41946e+06 37
300 5.46313e+06 10
300 3.37976e+06 11
300 2.70392e+06 2
300 3.65338e+06 10
300 5.65309e+06 10
300 4.51179e+06 10
300 3.43125e+06 19
300 2.8982e+06 12
300 5.43189e+06 13
300 3.90492e+06 13
300 3.25082e+06 9
300 6.15298e+06 19
300 3.03615e+06 8
300 2.76116e+06 14
300 2.55613e+06 14
300 2.53788e+06 9
300 1.674e+06 19
300 2.32104e+06 10
300 2.5399e+06 7
300 3.32232e+06 8
300 4.13432e+06 7
300 5.77734e+06 22
300 6.68013e+06 12
300 5.00836e+06 4
300 3.69922e+06 14
300 9.19751e+06 16
300 5.55791e+06 11
300 7.6705e+06 12
300 3.06778e+06 6
300 2.24962e+06 3
300 2.08164e+06 7
300 1.81978e+06 4
300 1.68391e+06 15
300 574223 6
300 1.18785e+06 1
300 785133 7
300 1.30579e+06 12
300 1.05362e+06 8
300 1.231e+06 7
300 2.89691e+06 10
300 5.56527e+06 3
300 1.3504e+06 7
300 2.4064e+06 28
300 2.77328e+06 9
300 4.3027e+06 14
300 526681 3
300 1.48771e+06 12
300 3.54016e+06 12
300 1.64987e+06 8
300 1.48572e+06 5
300 922843 8
300 4.94334e+06 9
300 2.03681e+06 3
300 778025 14
300 1.02807e+06 7
300 2.21765e+06 12
300 778612 5
300 2.10226e+06 6
300 1.47215e+06 10
300 663036 9
300 1.76251e+06 10
300 1.9035e+06 10
300 1.43493e+06 2
300 1.02608e+06 7
300 1.19148e+06 7
300 853817 5
300 1.77668e+06 16
300 1.33692e+06 6
300 1.29286e+06 9
350 4.39519e+06 17
350 1.91909e+06 16
350 3.59102e+06 13
350 6.7498e+06 8
350 4.44913e+06 6
350 2.69494e+06 8
350 1.91723e+06 7
350 9.62983e+06 23
350 3.3196e+06 16
350 3.27033e+06 6
350 3.7176e+06 8
350 2.26702e+06 6
350 2.1396e+06 11
350 9.42329e+06 7
350 9.04927e+06 10
350 6.64347e+06 15
350 2.04953e+06 6
350 5.79674e+06 4
350 2.50457e+06 5
350 1.22363e+07 18
350 9.81421e+06 15
350 1.60335e+06 18
350 2.11697e+06 14
350 2.48898e+06 14
350 1.70465e+06 15
350 2.51056e+06 4
350 3.1758e+06 9
350 1.7614e+06 8
350 2.53392e+06 13
350 3.65134e+06 12
350 2.34684e+06 5
350 8.43748e+06 4
350 9.99516e+06 10
350 6.39906e+06 6
350 1.03328e+07 22
350 3.45117e+06 14
350 1.85218e+06 4
350 1.68036e+06 8
350 2.90308e+06 7
350 2.11236e+06 11
350 9.6364e+06 12
350 5.07486e+06 17
350 5.59269e+06 16
350 6.83576e+06 20
350 7.30568e+06 23
350 1.53652e+06 11
350 7.50186e+06 7
350 7.43674e+06 20
350 3.57156e+06 8
350 4.13016e+06 13
350 1.33602e+06 10
350 2.31366e+06 7
350 1.20766e+06 12
350 3.07747e+06 6
350 2.1383e+06 7
350 7.24176e+06 5
350 6.03898e+06 7
350 2.73341e+06 15
350 1.234e+06 6
350 1.9753e+06 6
350 4.27677e+06 25
350 4.9148e+06 12
350 1.94205e+07 21
350 3.59048e+06 12
350 3.64567e+06 22
350 6.02849e+06 27
350 3.70104e+06 8
350 3.2599e+06 18
350 5.61921e+06 24
350 3.07924e+06 6
350 2.47307e+06 9
350 2.64504e+06 23
350 3.48692e+06 3
350 5.64755e+06 36
350 3.33348e+06 18
350 3.26106e+06 13
350 4.91238e+06 13
350 1.83603e+06 5
350 3.56256e+06 7
350 3.2429e+06 17
350 1.81087e+06 14
350 3.41836e+06 14
350 2.63252e+06 19
350 1.58378e+06 8
350 1.85717e+06 3
350 2.42191e+06 3
350 1.30422e+06 5
350 1.01575e+06 7
350 2.82092e+06 10
350 4.16782e+06 3
350 3.17219e+06 13
350 3.42182e+06 5
350 6.04261e+06 17
350 2.61142e+06 7
350 4.06023e+06 17
350 2.62549e+06 9
350 2.36295e+06 12
350 2.06501e+06 9
350 5.45245e+06 6
350 3.17878e+06 11
400 4.55438e+06 3
400 6.86e+06 9
400 4.45505e+06 17
400 4.09813e+06 2
400 9.13909e+06 14
400 2.32917e+06 6
400 2.30646e+06 20
400 4.42564e+06 8
400 908574 12
400 4.63175e+06 11
400 4.58378e+06 6
400 6.78855e+06 6
400 1.00032e+07 21
400 5.38855e+06 6
400 1.27081e+07 17
400 3.43074e+06 22
400 1.57315e+07 6
400 1.63685e+07 38
400 3.34131e+06 9
400 6.18771e+06 10
400 2.23089e+06 12
400 3.14625e+06 11
400 3.91854e+06 12
400 1.92824e+06 4
400 1.47895e+06 9
400 1.27677e+06 18
400 3.71687e+06 6
400 4.28178e+06 3
400 5.00958e+06 8
400 830775 5
400 3.59232e+06 8
400 3.92716e+06 6
400 5.09027e+06 7
400 2.7163e+06 9
400 7.77841e+06 19
400 6.96492e+06 6
400 5.78396e+06 14
400 2.87486e+06 7
400 3.48805e+06 8
400 8.67342e+06 18
400 3.64184e+06 13
400 2.90784e+06 9
400 5.02402e+06 7
400 3.14298e+06 13
400 1.15287e+07 25
400 1.27509e+06 10
400 4.62673e+06 3
400 5.38133e+06 6
400 1.89984e+06 8
400 2.69656e+06 8
400 1.6701e+07 18
400 6.23962e+06 10
400 2.18306e+07 4
400 9.69726e+06 13
400 9.7141e+06 13
400 1.05936e+07 9
400 1.40319e+07 17
400 7.85886e+06 9
400 1.09596e+07 6
400 2.90391e+06 12
400 2.22634e+06 6
400 4.95142e+06 9
400 2.72421e+06 12
400 3.63539e+06 10
400 3.05377e+06 8
400 8.14969e+06 9
400 1.94971e+06 6
400 6.71956e+06 6
400 5.64758e+06 7
400 8.4511e+06 8
400 6.32694e+06 6
400 5.35206e+06 2
400 3.50983e+06 9
400 2.07026e+06 9
400 3.52562e+06 8
400 3.00565e+06 15
400 3.99134e+06 16
400 3.56896e+06 5
400 3.52731e+06 9
400 2.33175e+06 13
400 2.12913e+06 15
400 4.12898e+06 11
400 1.94314e+06 11
400 1.27798e+06 3
400 6.26274e+06 8
400 2.89547e+06 11
400 3.68371e+06 8
400 2.1711e+06 9
400 5.897e+06 6
400 1.04643e+07 18
400 2.61618e+06 18
400 2.56767e+06 4
400 1.60869e+06 7
400 2.16514e+06 7
400 1.29988e+06 8
400 3.29323e+06 10
400 3.03734e+06 10
400 3.66861e+06 13
400 1.63342e+06 2
400 968600 11
450 2.50045e+06 11
450 4.22917e+06 30
450 5.75702e+06 3
450 4.17797e+06 13
450 2.77862e+06 10
450 5.24699e+06 10
450 1.47428e+07 16
450 1.66153e+07 10
450 3.75271e+06 7
450 2.91095e+06 9
450 5.01993e+06 8
450 3.88515e+06 14
450 4.69285e+06 20
450 3.06892e+06 10
450 5.36816e+06 20
450 5.54713e+06 15
450 5.15307e+06 11
450 5.38946e+06 8
450 4.94653e+06 9
450 2.40726e+06 6
450 5.89553e+06 20
450 3.39013e+06 8
450 4.45353e+06 8
450 6.10314e+06 11
450 6.04464e+06 25
450 9.07048e+06 18
450 5.58854e+06 6
450 4.04599e+06 14
450 3.94658e+06 17
450 8.46093e+06 25
450 3.31264e+06 9
450 750627 6
450 3.45084e+06 14
450 7.86712e+06 19
450 3.73326e+06 12
450 1.63396e+06 9
450 2.92555e+06 13
450 1.31387e+06 9
450 1.88238e+06 5
450 1.09772e+06 5
450 9.18458e+06 6
450 2.51666e+06 26
450 1.72622e+07 10
450 4.91139e+06 10
450 4.79472e+06 8
450 1.25244e+07 17
450 1.49392e+07 19
450 1.04907e+07 10
450 1.88373e+07 9
450 6.86539e+06 3
450 1.54462e+07 32
450 1.01679e+07 8
450 1.03171e+07 9
450 8.09095e+06 24
450 7.8269e+06 11
450 5.53958e+06 10
450 1.99413e+07 2
450 7.59528e+06 8
450 1.37668e+07 20
450 1.4533e+07 19
450 1.6604e+07 14
450 8.7905e+06 2
450 1.43257e+07 27
450 7.12898e+06 22
450 2.2201e+07 23
450 7.04558e+06 24
450 1.17422e+07 3
450 1.67326e+07 10
450 7.34969e+06 7
450 1.11373e+07 12
450 1.19632e+07 24
450 1.21496e+07 15
450 1.08075e+07 11
450 9.14539e+06 21
450 8.04607e+06 7
450 9.07732e+06 17
450 2.91363e+06 4
450 3.39302e+06 20
450 6.77856e+06 16
450 3.561e+06 12
450 8.86332e+06 10
450 3.50687e+06 11
450 1.91692e+07 12
450 2.57902e+07 20
450 1.25728e+07 18
450 9.7737e+06 12
450 1.12281e+07 26
450 1.69874e+07 10
450 1.09816e+07 16
450 5.65028e+06 7
450 1.324e+07 8
450 7.11961e+06 20
450 1.48083e+07 8
450 8.42916e+06 8
450 1.13981e+07 15
450 1.15794e+07 5
450 1.22185e+07 11
450 7.08216e+06 9
450 7.06058e+06 14
450 5.34967e+06 20
500 8.86868e+06 10
500 2.6882e+06 2
500 7.22669e+06 7
500 5.40199e+06 7
500 4.04184e+06 9
500 3.328e+06 11
500 8.01362e+06 7
500 2.89554e+06 6
500 3.64497e+06 10
500 5.68201e+06 8
500 4.47714e+06 19
500 5.00999e+06 8
500 6.43207e+06 12
500 1.04415e+07 6
500 9.37657e+06 13
500 9.07778e+06 17
500 5.01063e+06 10
500 7.90181e+06 16
500 7.07583e+06 9
500 8.89336e+06 10
500 7.02053e+06 11
500 1.08534e+07 12
500 4.60189e+06 5
500 4.45171e+06 4
500 5.50749e+06 17
500 1.74773e+07 13
500 9.67885e+06 20
500 1.45913e+07 14
500 8.33179e+06 18
500 1.34594e+07 9
500 8.30886e+06 8
500 4.44331e+06 12
500 3.9859e+06 9
500 1.0376e+07 5
500 3.16681e+06 3
500 5.23206e+06 4
500 6.4568e+06 16
500 3.77807e+06 10
500 7.78133e+06 12
500 9.35989e+06 4
500 1.07516e+07 5
500 3.87468e+06 9
500 7.07684e+06 16
500 7.58305e+06 6
500 9.03672e+06 16
500 4.87175e+06 17
500 5.61422e+06 10
500 1.47143e+07 7
500 7.98796e+06 5
500 7.28136e+06 21
500 6.91473e+06 12
500 1.34886e+07 9
500 2.97477e+07 20
500 1.72728e+07 11
500 1.23402e+07 26
500 1.00587e+07 18
500 8.89323e+06 13
500 9.48841e+06 7
500 1.7329e+07 24
500 1.76022e+07 10
500 6.4138e+06 6
500 5.21068e+06 5
500 8.90009e+06 14
500 8.00044e+06 3
500 5.02871e+06 6
500 8.80257e+06 18
500 1.38898e+07 23
500 8.18076e+06 9
500 5.44065e+06 5
500 4.48549e+06 9
500 2.26824e+06 13
500 2.64237e+06 1
500 2.30217e+06 22
500 2.4208e+06 6
500 1.83358e+06 13
500 2.48161e+06 4
500 1.57311e+06 9
500 1.94275e+06 13
500 1.65866e+06 7
500 1.80096e+06 11
500 1.48745e+07 12
500 9.17142e+06 6
500 4.47511e+07 11
500 1.99181e+07 13
500 2.74177e+07 4
500 2.34042e+07 12
500 1.97388e+07 5
500 1.32439e+07 21
500 1.44658e+07 13
500 2.16702e+07 11
500 2.22565e+07 10
500 9.92229e+06 6
500 3.00949e+07 17
500 1.17671e+07 14
500 1.29155e+07 9
500 1.50876e+07 6
500 1.53448e+07 6
500 9.03965e+06 12
500 2.12363e+07 14
500 2.70983e+07 7
550 9.72537e+06 5
550 2.64487e+07 23
550 1.57648e+07 24
550 2.56752e+07 8
550 3.44552e+07 12
550 3.60652e+07 23
550 1.48782e+07 12
550 3.27341e+07 16
550 7.48061e+06 20
550 1.70933e+07 10
550 1.47738e+07 13
550 1.25847e+07 32
550 1.08964e+07 7
550 4.92596e+06 8
550 1.16231e+07 16
550 2.73475e+07 27
550 1.28989e+07 16
550 1.97304e+07 19
550 7.83619e+06 18
550 8.66952e+06 17
550 2.45243e+07 8
550 1.46829e+07 11
550 9.97741e+06 10
550 1.41372e+07 8
550 8.77482e+06 10
550 5.54426e+06 6
550 2.24969e+07 18
550 2.61731e+07 19
550 4.70399e+07 11
550 1.26652e+07 19
550 6.60558e+06 7
550 1.5742e+07 19
550 1.33872e+07 10
550 1.98674e+07 25
550 5.3264e+06 8
550 3.6737e+07 15
550 1.1547e+07 1
550 2.17087e+07 19
550 1.53445e+07 6
550 2.83279e+07 23
550 3.34162e+06 9
550 5.42772e+06 8
550 6.14001e+06 12
550 4.7383e+06 9
550 4.01191e+06 8
550 9.60714e+06 8
550 5.18416e+06 9
550 6.57585e+06 6
550 6.43754e+06 2
550 5.31896e+06 13
550 1.38758e+07 14
550 1.44845e+07 16
550 1.06613e+07 7
550 4.03436e+07 9
550 1.67015e+07 6
550 8.48622e+06 4
550 1.55639e+07 12
550 7.9408e+06 14
550 3.27618e+07 4
550 2.64409e+07 8
550 9.69933e+06 7
550 6.59885e+06 17
550 9.93413e+06 3
550 3.07596e+06 4
550 5.6691e+06 4
550 6.24113e+06 18
550 6.73197e+06 13
550 6.4206e+06 15
550 4.33489e+06 3
550 4.98639e+06 30
550 1.00642e+07 17
550 1.61491e+07 23
550 1.31152e+07 13
550 1.80481e+07 10
550 9.50315e+06 12
550 1.23566e+07 11
550 1.39615e+07 18
550 2.05607e+07 25
550 6.83129e+06 8
550 1.23347e+07 9
550 1.69076e+07 14
550 1.64129e+07 10
550 1.28427e+07 10
550 1.15654e+07 10
550 9.28176e+06 8
550 1.89152e+07 26
550 2.88785e+07 10
550 1.11872e+07 10
550 1.60482e+07 10
550 1.62349e+07 6
550 2.67965e+07 25
550 2.87403e+07 13
550 3.38475e+07 23
550 1.7761e+07 6
550 4.02605e+07 15
550 2.05426e+07 15
550 3.87585e+07 15
550 2.99198e+07 16
550 1.47318e+07 15
550 1.8012e+07 5
600 1.35434e+07 15
600 1.2632e+07 14
600 3.82393e+07 34
600 1.25981e+07 16
600 6.77036e+06 7
600 1.60042e+07 22
600 1.39099e+07 9
600 1.28363e+07 7
600 6.08996e+06 6
600 2.60188e+07 6
600 9.13877e+06 8
600 1.35707e+07 18
600 7.57249e+06 14
600 1.24477e+07 16
600 2.17811e+07 13
600 1.88684e+07 10
600 2.06155e+07 10
600 1.43367e+07 8
600 1.09695e+07 10
600 1.84913e+07 8
600 3.24265e+07 22
600 1.03013e+07 13
600 1.81191e+07 16
600 2.96076e+07 7
600 1.19793e+07 19
600 2.90568e+07 13
600 1.09062e+07 10
600 1.66532e+07 23
600 2.97589e+07 6
600 1.04475e+07 5
600 9.28742e+06 20
600 9.67285e+06 12
600 8.49347e+06 7
600 5.45773e+06 8
600 5.43077e+06 8
600 1.85588e+07 8
600 9.15272e+07 15
600 1.26539e+07 15
600 7.14467e+06 5
600 1.23894e+07 22
600 2.69737e+07 9
600 2.16727e+07 4
600 4.22005e+07 15
600 1.03704e+07 3
600 2.59341e+07 12
600 4.71559e+07 13
600 3.9064e+07 2
600 3.4187e+07 11
600 5.47077e+07 42
600 1.86251e+07 26
600 6.51398e+06 14
600 1.26711e+07 25
600 1.97959e+07 26
600 1.78617e+07 32
600 1.11605e+07 15
600 1.19489e+07 4
600 9.46548e+06 10
600 1.34433e+07 18
600 8.59706e+06 17
600 1.17139e+07 13
600 3.33264e+07 8
600 3.0595e+06 11
600 9.09153e+06 24
600 1.41042e+07 30
600 7.6486e+07 13
600 1.41128e+07 2
600 8.17639e+06 18
600 7.25427e+06 20
600 2.59155e+07 12
600 1.8612e+07 15
600 2.19246e+07 15
600 1.9867e+07 25
600 2.33221e+07 4
600 1.93047e+07 15
600 7.726e+06 17
600 1.33761e+07 26
600 1.73139e+07 27
600 8.30286e+06 30
600 1.33643e+07 23
600 1.6541e+07 21
600 1.29599e+07 9
600 2.31454e+07 1
600 2.64019e+07 11
600 2.75218e+07 20
600 9.82287e+06 15
600 1.15352e+07 4
600 1.38018e+07 10
600 3.73757e+07 13
600 1.35037e+07 18
600 1.34838e+07 10
600 2.18044e+07 8
600 9.68833e+06 6
600 2.1983e+07 17
600 2.16147e+07 16
600 5.06707e+07 19
600 1.37689e+07 11
600 1.5045e+07 12
600 1.80495e+07 16
600 1.53007e+07 16
600 1.45178e+07 9
650 1.40642e+07 14
650 3.56983e+07 7
650 1.72776e+07 41
650 1.47832e+07 29
650 1.67837e+07 12
650 1.62497e+07 15
650 2.61073e+07 17
650 1.74442e+07 14
650 2.28179e+07 19
650 1.20605e+07 8
650 1.71519e+07 14
650 7.42282e+06 6
650 1.48386e+07 11
650 2.87726e+07 13
650 2.25207e+07 13
650 2.64208e+07 6
650 2.43794e+07 13
650 2.39174e+07 21
650 3.93881e+07 25
650 4.4823e+07 12
650 9.83239e+07 21
650 8.33555e+06 15
650 7.18873e+07 44
650 5.47969e+07 6
650 9.80649e+07 12
650 2.49478e+07 13
650 6.27353e+07 6
650 3.09695e+07 15
650 7.0768e+07 9
650 1.31212e+08 26
650 2.12726e+07 20
650 4.08904e+07 27
650 2.01843e+07 11
650 7.49171e+07 43
650 2.64512e+07 7
650 1.58373e+07 16
650 2.18953e+08 13
650 2.88517e+07 2
650 1.21131e+07 8
650 8.32186e+06 22
650 2.25393e+07 4
650 1.13371e+07 29
650 1.90236e+07 15
650 3.11284e+07 10
650 1.04336e+07 14
650 8.75175e+06 12
650 2.18168e+07 5
650 3.34147e+07 24
650 1.05835e+07 12
650 1.94398e+07 24
650 3.23221e+07 12
650 1.76952e+08 34
650 3.88228e+07 36
650 2.73214e+07 13
650 2.27588e+07 8
650 3.86114e+07 12
650 2.64438e+07 18
650 2.20489e+07 16
650 3.19167e+07 14
650 3.88869e+07 23
650 8.79184e+06 13
650 5.0354e+06 5
650 1.02847e+07 7
650 6.42004e+06 4
650 1.85444e+07 18
650 1.1641e+07 11
650 1.35913e+07 23
650 8.72993e+06 9
650 1.5464e+07 23
650 4.30658e+07 14
650 2.8811e+07 22
650 1.06577e+07 6
650 4.84764e+06 7
650 4.17785e+07 16
650 2.28584e+07 17
650 7.59587e+07 24
650 1.19527e+07 13
650 1.93209e+07 18
650 1.24051e+07 27
650 1.62193e+07 14
650 9.07577e+06 20
650 2.32523e+07 26
650 1.48566e+07 27
650 8.00922e+06 8
650 1.70647e+07 17
650 6.60442e+06 15
650 3.33047e+07 30
650 1.83942e+07 9
650 1.37511e+07 20
650 2.21528e+07 20
650 3.799e+07 3
650 4.33825e+06 5
650 2.67323e+06 2
650 1.43448e+07 22
650 8.40136e+06 12
650 8.48732e+06 9
650 1.27694e+07 1
650 1.05165e+07 18
650 1.19076e+07 2
650 1.05472e+07 18
700 1.23657e+07 18
700 6.49956e+06 8
700 5.20702e+06 15
700 4.96462e+06 8
700 1.4081e+07 12
700 1.78986e+07 9
700 1.1033e+07 4
700 1.00522e+07 14
700 2.0729e+07 17
700 2.31122e+07 20
700 2.40754e+07 22
700 2.038e+07 13
700 1.85135e+07 18
700 2.12695e+07 12
700 3.6891e+07 8
700 3.50269e+07 18
700 4.7983e+07 9
700 4.14395e+07 14
700 1.5901e+07 17
700 1.64174e+07 4
700 3.70386e+07 15
700 1.6552e+07 19
700 1.62139e+07 3
700 1.32279e+07 12
700 1.88318e+07 30
700 1.60784e+07 13
700 2.91822e+07 15
700 1.91999e+07 12
700 1.55753e+07 5
700 1.82304e+07 11
700 2.68629e+07 6
700 1.92175e+07 13
700 1.85833e+07 15
700 2.65171e+07 6
700 4.8709e+07 12
700 1.23692e+07 5
700 2.91943e+07 21
700 6.2767e+07 24
700 2.18911e+07 12
700 3.19941e+07 11
700 1.06153e+07 25
700 1.00472e+07 15
700 1.09292e+07 18
700 1.11417e+07 2
700 8.58582e+06 9
700 2.24546e+07 5
700 4.81291e+06 16
700 2.15459e+07 13
700 8.59277e+06 9
700 1.79371e+07 11
700 2.16757e+07 6
700 1.89542e+07 4
700 2.76805e+07 36
700 3.71174e+07 15
700 1.61009e+07 6
700 1.49049e+07 11
700 3.37328e+07 16
700 1.26775e+07 14
700 2.90773e+07 9
700 1.16138e+07 3
700 3.60977e+07 24
700 6.42033e+06 7
700 8.36348e+06 11
700 1.30622e+07 3
700 2.61885e+07 47
700 8.24454e+06 13
700 1.10928e+07 9
700 1.04464e+07 7
700 4.99887e+06 3
700 3.3628e+07 5
700 9.52882e+06 18
700 9.93813e+06 14
700 1.05892e+07 13
700 1.09967e+07 17
700 3.62473e+06 4
700 2.7341e+07 8
700 1.95192e+07 8
700 1.51506e+07 11
700 8.58282e+06 9
700 9.67151e+06 7
700 3.38941e+07 12
700 1.72655e+07 12
700 1.20289e+08 12
700 4.12904e+07 20
700 5.95767e+07 27
700 3.14093e+07 15
700 3.27567e+07 7
700 5.76343e+07 21
700 4.24715e+07 9
700 2.93876e+07 21
700 8.73442e+06 25
700 1.14419e+07 11
700 1.3738e+07 14
700 2.75686e+07 8
700 2.94181e+07 23
700 3.30967e+07 16
700 1.70694e+07 17
700 3.01299e+07 22
700 2.98484e+07 5
700 3.04171e+07 10
750 6.86524e+07 14
750 6.84438e+07 15
750 2.01771e+07 28
750 3.065e+07 10
750 2.95496e+07 17
750 2.57909e+07 23
750 4.31763e+07 29
750 4.87087e+07 3
750 3.40857e+07 21
750 6.41148e+07 11
750 1.90484e+07 10
750 2.11601e+07 14
750 5.35615e+07 14
750 1.22633e+07 27
750 1.99925e+07 35
750 4.06161e+07 14
750 2.7294e+07 13
750 3.81973e+07 5
750 2.6225e+07 11
750 3.14899e+07 22
750 1.99717e+07 6
750 1.02519e+08 2
750 1.67632e+07 10
750 3.86742e+07 22
750 1.16161e+07 19
750 2.68808e+07 21
750 2.40925e+07 11
750 2.92561e+07 20
750 2.73971e+07 15
750 1.91713e+07 9
750 1.91312e+07 10
750 1.07844e+07 8
750 4.07928e+07 5
750 2.3203e+07 16
750 2.62128e+07 13
750 1.58597e+07 6
750 2.79575e+07 33
750 2.20075e+07 10
750 1.35478e+07 15
750 6.39364e+06 2
750 2.2725e+07 11
750 4.36852e+07 24
750 1.74181e+07 21
750 2.23675e+07 52
750 1.56422e+07 4
750 2.35019e+07 10
750 1.14588e+07 9
750 2.53003e+07 5
750 1.5178e+07 11
750 1.89971e+07 7
750 1.17657e+07 1
750 4.02543e+07 15
750 1.95027e+07 18
750 3.99491e+07 20
750 2.22373e+07 10
750 2.03853e+07 10
750 2.14165e+07 10
750 4.14069e+07 14
750 2.06873e+07 4
750 1.35035e+07 20
750 3.35123e+07 31
750 2.21328e+07 17
750 5.60483e+07 12
750 3.84889e+07 29
750 2.36515e+07 35
750 1.49777e+07 3
750 2.43352e+07 22
750 1.42511e+07 10
750 2.62622e+07 15
750 1.60118e+07 11
750 4.13217e+07 5
750 4.45872e+07 18
750 5.27344e+07 23
750 1.80993e+07 13
750 4.85869e+07 6
750 1.36086e+07 19
750 3.34204e+07 11
750 2.29009e+07 18
750 6.4094e+07 20
750 2.31871e+07 4
750 1.96079e+07 15
750 2.05674e+07 7
750 1.28293e+07 11
750 1.83425e+07 15
750 2.52072e+07 28
750 7.42128e+07 11
750 2.76698e+07 10
750 2.01408e+07 8
750 7.01392e+07 10
750 1.18136e+07 11
750 1.89764e+07 9
750 1.60179e+07 8
750 2.28071e+07 12
750 1.74701e+07 11
750 2.67446e+07 20
750 2.27643e+07 7
750 1.46976e+07 23
750 1.82523e+07 19
750 1.03257e+07 16
750 1.61357e+07 13
800 7.1393e+07 9
800 6.39997e+07 9
800 4.10066e+07 10
800 2.74755e+07 7
800 4.09662e+07 14
800 5.06147e+07 8
800 6.75747e+07 11
800 3.42187e+07 11
800 3.85085e+07 8
800 3.4194e+07 15
800 1.98213e+08 24
800 9.80606e+07 3
800 1.06678e+08 13
800 6.17109e+07 14
800 7.95624e+07 17
800 9.17223e+07 11
800 9.32161e+07 15
800 1.6573e+08 14
800 7.94931e+07 24
800 8.53515e+07 15
800 6.76345e+07 3
800 5.42133e+07 19
800 6.44216e+07 15
800 8.76647e+07 5
800 5.95909e+07 22
800 1.03592e+08 22
800 5.64099e+07 28
800 9.50265e+07 9
800 5.48581e+07 23
800 7.99038e+07 17
800 2.18323e+07 11
800 2.81928e+07 17
800 7.10622e+07 19
800 1.52242e+07 6
800 1.76106e+08 5
800 6.7737e+07 14
800 5.44912e+07 2
800 4.16826e+07 10
800 3.53854e+07 3
800 2.58023e+07 10
800 2.21588e+07 5
800 2.29014e+07 6
800 3.11121e+07 8
800 3.99609e+07 11
800 1.36303e+07 10
800 2.15581e+07 7
800 1.64789e+07 11
800 5.94595e+06 15
800 1.26781e+07 12
800 2.16958e+07 16
800 3.71474e+07 18
800 6.27783e+07 9
800 5.81696e+07 18
800 4.72451e+07 6
800 4.92237e+07 20
800 2.2548e+07 32
800 2.40741e+07 12
800 4.76075e+07 27
800 2.25895e+07 17
800 5.14835e+07 16
800 3.70566e+07 16
800 3.60961e+07 17
800 7.06673e+07 15
800 5.10222e+07 15
800 5.13785e+07 9
800 3.33426e+07 24
800 5.33799e+07 8
800 2.86924e+07 8
800 1.21463e+08 15
800 3.27449e+07 9
800 1.73809e+07 10
800 2.91507e+07 14
800 5.59691e+07 15
800 2.72665e+07 7
800 1.54573e+07 10
800 2.04764e+07 26
800 2.37763e+07 14
800 1.68057e+07 15
800 1.86909e+07 12
800 3.31875e+07 19
800 1.92188e+07 22
800 1.96612e+07 16
800 1.32425e+07 10
800 3.12553e+07 11
800 1.65472e+08 6
800 4.4974e+07 12
800 3.46266e+07 4
800 2.27238e+07 12
800 5.54429e+07 14
800 2.69474e+07 12
800 3.13656e+07 16
800 2.98808e+07 19
800 2.2367e+07 11
800 3.78184e+07 16
800 3.23768e+07 11
800 3.75763e+07 9
800 2.79408e+07 18
800 2.43706e+07 11
800 3.24582e+07 16
800 3.47287e+07 17
850 4.84892e+07 10
850 5.33325e+07 13
850 7.02474e+07 16
850 5.13976e+07 9
850 7.9754e+07 12
850 2.45441e+07 7
850 4.7994e+07 11
850 4.34394e+07 18
850 4.68615e+07 37
850 5.61316e+07 13
850 2.26046e+08 10
850 6.50855e+07 6
850 4.59583e+07 6
850 4.81246e+07 22
850 1.37507e+08 9
850 2.26057e+07 12
850 8.87459e+07 20
850 2.70258e+07 11
850 7.80589e+07 7
850 3.81713e+07 19
850 7.05677e+07 21
850 1.29673e+08 10
850 9.28113e+07 27
850 1.07989e+08 13
850 4.12051e+07 13
850 1.5966e+08 12
850 6.78771e+07 9
850 6.27197e+07 30
850 7.78693e+07 13
850 8.21206e+07 17
850 1.86614e+07 17
850 2.42405e+07 19
850 3.88347e+07 4
850 3.30862e+07 44
850 4.02687e+07 7
850 6.98334e+06 12
850 2.82705e+07 3
850 2.40416e+07 6
850 1.59397e+07 11
850 3.3868e+07 8
850 2.49205e+07 8
850 2.5654e+07 9
850 4.58426e+07 10
850 3.75039e+07 45
850 3.56794e+07 17
850 1.4305e+07 18
850 2.38117e+07 12
850 3.22441e+07 12
850 2.2175e+07 8
850 3.56567e+07 14
850 2.90687e+07 25
850 4.23736e+07 19
850 2.50856e+07 11
850 2.9637e+07 10
850 2.69122e+07 19
850 1.48114e+07 17
850 3.64047e+07 17
850 1.61594e+07 17
850 4.83972e+07 30
850 1.07179e+07 15
850 2.72191e+07 6
850 3.57686e+07 21
850 4.13902e+07 14
850 7.04607e+07 5
850 2.91654e+07 21
850 2.10821e+07 18
850 7.50184e+07 20
850 1.51846e+07 19
850 3.06922e+07 28
850 2.95094e+07 19
850 1.00392e+08 12
850 7.87051e+07 7
850 5.37672e+07 12
850 6.20267e+07 8
850 5.38996e+07 13
850 5.04924e+07 29
850 6.96599e+07 22
850 4.32922e+07 10
850 9.9846e+07 8
850 6.35124e+07 7
850 1.63651e+08 26
850 3.48686e+07 5
850 7.92655e+07 21
850 6.25186e+07 11
850 3.68672e+07 5
850 5.16428e+07 50
850 2.28691e+08 12
850 3.26924e+07 7
850 6.21431e+07 42
850 2.83479e+07 31
850 1.38243e+07 11
850 2.48532e+07 11
850 2.96855e+07 14
850 2.13908e+07 7
850 3.15786e+07 15
850 2.78986e+07 5
850 1.99294e+07 9
850 3.82714e+07 17
850 1.95198e+07 12
850 2.5188e+07 11
900 5.45294e+07 28
900 4.00329e+07 9
900 2.87773e+07 6
900 4.86143e+07 13
900 5.24844e+07 29
900 6.20936e+07 10
900 2.77458e+07 21
900 4.92144e+07 18
900 4.03058e+07 14
900 6.20518e+07 11
900 5.28689e+07 10
900 4.18749e+07 14
900 1.92724e+07 20
900 3.21631e+07 14
900 4.90246e+07 13
900 4.5674e+07 10
900 4.4147e+07 12
900 8.15057e+07 10
900 3.4129e+07 17
900 5.91435e+07 15
900 1.57731e+08 15
900 1.27439e+08 18
900 1.83961e+08 32
900 1.0091e+08 22
900 2.41817e+08 17
900 1.28869e+08 20
900 4.72874e+07 6
900 3.719e+07 17
900 9.77512e+07 52
900 1.05351e+08 16
900 6.01158e+07 16
900 2.37532e+07 4
900 6.72925e+07 19
900 5.57987e+07 16
900 1.44937e+08 16
900 8.23566e+07 18
900 9.57824e+07 27
900 1.45095e+08 15
900 1.89861e+08 31
900 8.04251e+07 14
900 1.74004e+07 20
900 1.97126e+07 16
900 5.23366e+07 10
900 8.02919e+07 7
900 4.67325e+07 14
900 1.29935e+07 8
900 3.9272e+07 8
900 2.7082e+07 4
900 3.97624e+07 38
900 5.68965e+07 10
900 5.48458e+07 26
900 5.38067e+07 4
900 4.29661e+07 14
900 9.43816e+07 8
900 8.48612e+07 8
900 4.42287e+07 23
900 3.24848e+07 16
900 9.93247e+07 16
900 5.28438e+07 34
900 4.68686e+07 21
900 1.20248e+08 14
900 1.26881e+08 66
900 6.88602e+07 12
900 1.51609e+08 17
900 3.77418e+07 15
900 6.80393e+07 18
900 2.80886e+07 10
900 2.57977e+07 9
900 7.06451e+07 9
900 3.86981e+07 6
900 3.8037e+07 6
900 7.32837e+07 21
900 3.7047e+07 7
900 4.16858e+07 9
900 3.3912e+07 12
900 4.38823e+07 4
900 3.30126e+07 12
900 4.94826e+07 23
900 2.16117e+07 10
900 3.00821e+07 28
900 4.22988e+07 19
900 1.78919e+07 6
900 2.43968e+07 8
900 2.73293e+07 10
900 2.7632e+07 19
900 2.37091e+07 9
900 3.24251e+07 13
900 2.8034e+07 8
900 3.04795e+07 4
900 2.56576e+08 9
900 2.78536e+07 22
900 3.95808e+07 7
900 3.57125e+07 25
900 3.81198e+07 33
900 4.69197e+07 13
900 6.26613e+07 20
900 4.03237e+07 33
900 2.6743e+07 7
900 3.97521e+07 11
900 2.84288e+07 21
950 2.05602e+07 4
950 2.81582e+07 11
950 3.76572e+07 19
950 2.51939e+07 15
950 5.86933e+07 9
950 7.13468e+07 5
950 3.3377e+07 27
950 4.05815e+07 3
950 1.04652e+08 3
950 2.49049e+07 10
950 4.77231e+07 20
950 2.83969e+07 6
950 1.07555e+07 3
950 3.04429e+07 22
950 4.90603e+07 20
950 5.23589e+07 40
950 4.70172e+07 36
950 3.90888e+07 15
950 5.12518e+07 6
950 3.84698e+07 22
950 4.08594e+07 17
950 4.9492e+07 19
950 1.49753e+08 30
950 6.5532e+07 10
950 7.03745e+07 11
950 2.05113e+07 14
950 1.50719e+07 11
950 2.32049e+07 18
950 2.64631e+07 22
950 7.38766e+07 44
950 1.17965e+08 14
950 1.35233e+08 5
950 5.32127e+08 46
950 1.00015e+08 37
950 1.22463e+08 19
950 7.2023e+07 17
950 8.75545e+07 26
950 1.56868e+08 26
950 6.57951e+07 31
950 4.74322e+07 2
950 5.12502e+07 17
950 4.06478e+07 5
950 2.18266e+07 7
950 7.42997e+07 10
950 1.66709e+08 7
950 8.27022e+07 27
950 7.92247e+07 17
950 2.97174e+07 22
950 4.42515e+07 3
950 1.18612e+08 21
950 5.91217e+07 4
950 8.81408e+07 3
950 3.84067e+07 10
950 9.40969e+07 21
950 9.64643e+07 17
950 2.79646e+07 31
950 5.80795e+07 21
950 2.69765e+07 21
950 4.66666e+07 9
950 3.0484e+07 8
950 5.12532e+07 14
950 6.69689e+07 22
950 3.88996e+07 4
950 4.11541e+07 7
950 7.9277e+07 7
950 4.49763e+07 17
950 6.44942e+07 16
950 6.8073e+07 8
950 3.14178e+07 6
950 3.65001e+07 36
950 6.26626e+07 11
950 3.33163e+07 9
950 3.92364e+07 21
950 4.35055e+07 13
950 4.95392e+07 19
950 6.31965e+07 38
950 4.57271e+07 13
950 3.10952e+07 10
950 6.93436e+07 28
950 7.24669e+07 17
950 4.99897e+07 29
950 4.66068e+07 10
950 4.46742e+07 25
950 5.19659e+07 16
950 1.21679e+08 11
950 7.4004e+07 15
950 6.59495e+07 13
950 3.81894e+07 8
950 9.2951e+07 19
950 4.84563e+07 8
950 7.32436e+07 34
950 9.81416e+07 17
950 4.81492e+07 19
950 1.15251e+08 37
950 6.37833e+07 17
950 1.33689e+08 7
950 1.6308e+08 9
950 5.76411e+07 24
950 8.60339e+07 11
950 1.20952e+08 16
1000 2.0791e+08 11
1000 1.22615e+08 30
1000 7.45923e+07 24
1000 5.72116e+07 13
1000 5.84307e+07 7
1000 4.13036e+07 8
1000 2.01222e+07 14
1000 9.10221e+07 3
1000 4.35195e+07 14
1000 1.14234e+08 7
1000 9.40338e+07 5
1000 2.04711e+08 6
1000 8.1862e+07 17
1000 6.46517e+07 4
1000 8.76117e+07 5
1000 2.2663e+08 16
1000 4.54067e+08 22
1000 1.56446e+08 15
1000 8.10059e+07 19
1000 1.85592e+08 25
1000 1.68115e+08 8
1000 1.20515e+08 10
1000 6.6847e+07 12
1000 5.53342e+07 18
1000 1.72661e+08 4
1000 8.83238e+07 12
1000 1.28779e+08 27
1000 1.1509e+08 28
1000 3.86934e+07 5
1000 1.17864e+08 12
1000 1.49446e+07 11
1000 2.86891e+07 21
1000 2.75527e+07 34
1000 1.22796e+08 11
1000 6.8822e+07 7
1000 6.19239e+07 5
1000 7.21446e+07 10
1000 7.37675e+07 25
1000 1.13509e+08 30
1000 2.02948e+07 12
1000 5.26817e+07 17
1000 6.92273e+07 20
1000 3.98962e+08 6
1000 5.63602e+07 24
1000 1.25562e+08 8
1000 4.65336e+07 14
1000 8.11072e+07 14
1000 5.12757e+07 18
1000 6.81693e+07 11
1000 1.34474e+08 33
1000 6.77747e+07 19
1000 6.81134e+07 18
1000 1.14457e+08 13
1000 9.27162e+07 15
1000 8.36002e+07 11
1000 3.91845e+07 12
1000 4.09612e+07 14
1000 6.32591e+07 14
1000 7.23782e+07 9
1000 7.71674e+07 11
1000 4.87325e+07 15
1000 6.63121e+07 9
1000 4.2123e+07 17
1000 8.35096e+07 12
1000 4.97661e+07 20
1000 6.32955e+07 11
1000 9.96918e+07 18
1000 5.60466e+07 5
1000 5.99642e+07 10
1000 3.85998e+07 9
1000 4.13826e+07 12
1000 1.1319e+08 5
1000 3.29861e+07 8
1000 8.53065e+07 9
1000 6.08059e+07 20
1000 7.74469e+07 17
1000 4.19547e+07 18
1000 1.11716e+08 14
1000 1.78772e+08 14
1000 8.08197e+07 14
1000 5.27056e+07 27
1000 5.48707e+07 16
1000 4.50624e+07 26
1000 3.63428e+07 13
1000 6.73752e+07 17
1000 1.29067e+07 15
1000 2.55527e+07 18
1000 2.36639e+07 20
1000 7.75557e+07 33
1000 6.32181e+07 8
1000 4.49756e+07 25
1000 5.39894e+07 13
1000 2.6842e+07 6
1000 1.40545e+07 9
1000 3.87292e+07 20
1000 3.97003e+07 38
1000 3.48224e+07 9
1000 4.38985e+07 18
1000 3.6236e+07 24
1000 5.33881e+07 10
100 50079 3
100 69606 9
100 74028 5
100 77072 4
100 55236 3
100 45751 9
100 57565 4
100 61368 8
100 46218 6
100 28405 6
100 203542 6
100 167621 2
100 418657 6
100 120634 5
100 61057 2
100 80646 6
100 74377 5
100 69243 7
100 120999 24
100 86947 1
100 475983 12
100 218624 4
100 240778 11
100 1.13789e+06 7
100 978548 6
100 266230 11
100 466628 29
100 392700 17
100 438121 11
100 349461 6
100 1.04739e+06 3
100 968785 8
100 1.43115e+06 5
100 280460 9
100 218148 7
100 283368 16
100 220156 11
100 1.11765e+06 2
100 339370 9
100 692127 5
100 63180 3
100 35336 3
100 39659 3
100 39908 3
100 44724 2
100 53728 4
100 36711 3
100 30985 3
100 52603 4
100 46028 4
100 191009 8
100 156225 8
100 100462 3
100 125476 6
100 355487 3
100 169354 5
100 151997 4
100 164246 2
100 121138 8
100 342538 19
100 402930 11
100 162197 7
100 404426 17
100 311735 2
100 404274 6
100 408396 11
100 264521 8
100 412499 17
100 381323 20
100 406324 8
100 509551 4
100 264254 6
100 121622 12
100 172061 10
100 132171 8
100 70159 8
100 66099 1
100 129090 7
100 105451 4
100 187626 4
100 229683 5
100 290456 11
100 178205 5
100 109582 3
100 315047 7
100 168648 7
100 182880 3
100 254791 5
100 222883 8
100 155994 6
100 107055 6
100 121427 9
100 185684 16
100 151358 3
100 130305 7
100 126505 9
100 150584 5
100 134911 9
100 237888 13
100 118074 3
150 322724 2
150 488174 4
150 238024 12
150 630098 3
150 269506 9
150 627206 9
150 924699 10
150 382951 12
150 370961 16
150 890092 11
150 197647 7
150 67418 6
150 148632 6
150 277382 1
150 268118 19
150 121216 1
150 297282 13
150 292796 8
150 341950 9
150 194654 12
150 331611 6
150 474111 5
150 533397 14
150 219722 5
150 450757 5
150 380846 2
150 345057 9
150 1.70391e+06 6
150 391271 12
150 1.25427e+06 5
150 560148 13
150 252486 6
150 562188 2
150 394087 19
150 184970 11
150 858303 4
150 358368 8
150 370567 14
150 588929 4
150 617054 5
150 1.05139e+06 8
150 506051 2
150 593779 11
150 379847 9
150 431892 7
150 341570 16
150 603125 11
150 280993 13
150 472858 26
150 380062 12
150 472926 15
150 828126 10
150 792762 9
150 731350 10
150 913261 11
150 367882 11
150 452228 8
150 987988 10
150 487465 9
150 656015 7
150 324209 7
150 358464 6
150 174067 9
150 165195 6
150 538614 8
150 519075 11
150 403802 4
150 383989 6
150 319714 3
150 116312 4
150 1.26914e+06 16
150 1.24765e+06 20
150 1.29157e+06 10
150 814602 10
150 765602 7
150 1.65908e+06 14
150 417942 8
150 692662 4
150 830321 23
150 642725 8
150 181218 4
150 99950 8
150 99981 2
150 53785 3
150 175707 4
150 117297 11
150 90143 5
150 115048 6
150 159469 1
150 93574 5
150 1.15096e+06 4
150 815739 10
150 931640 10
150 1.22453e+06 11
150 647790 10
150 511013 9
150 230974 7
150 1.58702e+06 10
150 372257 8
150 503050 10
200 1.58315e+06 2
200 1.15551e+06 1
200 2.3996e+06 4
200 1.47906e+06 6
200 1.24637e+06 5
200 1.50345e+06 7
200 759596 8
200 1.08576e+06 23
200 608923 7
200 2.33515e+06 18
200 912895 4
200 1.43529e+06 7
200 749007 12
200 432278 8
200 920358 6
200 2.70414e+06 6
200 251927 14
200 712248 8
200 1.47511e+06 8
200 413233 9
200 1.57505e+06 20
200 1.21575e+06 9
200 253945 9
200 767469 9
200 768694 18
200 639007 11
200 795304 9
200 546798 10
200 376041 13
200 1.24418e+06 9
200 971101 2
200 497413 10
200 398524 2
200 504617 8
200 705574 9
200 416363 8
200 392150 8
200 354989 7
200 328952 13
200 961756 11
200 287927 10
200 906656 4
200 1.23621e+06 16
200 360734 3
200 496262 9
200 809019 5
200 431458 9
200 677838 15
200 745882 8
200 564286 6
200 933594 12
200 680848 5
200 472534 6
200 657318 7
200 569382 9
200 864507 5
200 179322 1
200 1.20019e+06 17
200 522533 27
200 550289 12
200 1.66503e+06 10
200 2.04828e+06 17
200 1.84165e+06 22
200 1.03093e+06 17
200 1.37557e+06 15
200 1.01988e+06 9
200 1.06751e+06 6
200 352203 9
200 1.33625e+06 16
200 2.31018e+06 18
200 332035 8
200 236616 4
200 531180 7
200 283843 9
200 176714 16
200 337915 16
200 416752 8
200 302323 1
200 150302 5
200 162921 4
200 393240 8
200 714351 27
200 311630 7
200 654500 5
200 380816 13
200 450916 8
200 553171 13
200 283558 5
200 783510 12
200 476514 9
200 629479 5
200 749158 4
200 394960 7
200 511153 3
200 1.11616e+06 9
200 993390 14
200 543688 5
200 1.17722e+06 9
200 543668 17
200 409722 12
250 1.2266e+06 6
250 1.39417e+06 14
250 1.32158e+06 11
250 1.91528e+06 3
250 854991 5
250 1.58292e+06 4
250 781437 12
250 1.36029e+06 7
250 796171 6
250 596806 9
250 3.36056e+06 13
250 2.68817e+06 3
250 1.75505e+06 12
250 4.72894e+06 17
250 9.88772e+06 1
250 4.28654e+06 12
250 1.85024e+06 14
250 2.89981e+06 19
250 8.4648e+06 18
250 2.26959e+06 9
250 649650 7
250 599003 2
250 380076 9
250 1.35254e+06 7
250 686977 18
250 1.06978e+06 5
250 1.00684e+06 19
250 946327 13
250 436563 4
250 466653 9
250 2.00231e+06 6
250 1.99721e+06 17
250 2.52923e+06 16
250 1.02051e+06 4
250 7.69907e+06 12
250 3.44133e+06 6
250 1.54803e+06 4
250 1.14851e+06 15
250 885505 10
250 7.30675e+06 13
250 3.08995e+06 12
250 1.36564e+06 6
250 2.77479e+06 7
250 859342 3
250 2.5989e+06 10
250 675461 9
250 624162 10
250 1.69128e+06 14
250 1.65222e+06 6
250 1.7526e+06 9
250 341818 8
250 1.38556e+06 8
250 630580 9
250 1.66713e+06 13
250 592659 22
250 705412 5
250 1.26043e+06 5
250 550156 11
250 432074 11
250 747465 8
250 2.86501e+06 9
250 5.76505e+06 10
250 2.30353e+06 14
250 3.66164e+06 4
250 3.70328e+06 32
250 2.81246e+06 23
250 1.1866e+06 4
250 2.43585e+06 13
250 3.40275e+06 27
250 1.9353e+06 12
250 1.23379e+06 16
250 596843 5
250 492140 7
250 698574 3
250 283705 1
250 565992 8
250 743044 9
250 489440 9
250 395217 4
250 1.37541e+06 9
250 1.02969e+06 16
250 665644 7
250 1.0987e+06 6
250 967905 11
250 361150 5
250 502488 10
250 882362 9
250 391360 13
250 594350 23
250 321427 9
250 2.70438e+06 14
250 2.28026e+06 20
250 1.56662e+06 6
250 2.4042e+06 22
250 3.21148e+06 7
250 2.42406e+06 5
250 1.73163e+06 9
250 1.60363e+06 5
250 1.37474e+06 10
250 2.36161e+06 4
300 3.82345e+06 7
300 1.60478e+06 12
300 1.38461e+06 12
300 1.94732e+06 12
300 984022 7
300 850205 18
300 2.3759e+06 7
300 775059 18
300 3.09423e+06 5
300 3.88257e+06 12
300 8.12689e+06 7
300 3.12627e+06 13
300 5.40592e+06 9
300 3.49799e+06 9
300 1.07604e+07 5
300 3.1916e+06 4
300 3.17114e+06 5
300 6.72504e+06 17
300 7.0531e+06 19
300 4.74921e+06 16
300 2.07985e+06 8
300 1.53089e+06 4
300 2.48784e+06 4
300 1.79247e+06 3
300 1.67542e+06 2
300 1.13879e+06 10
300 658356 9
300 2.55747e+06 13
300 2.14813e+06 21
300 1.45648e+06 3
300 2.81737e+06 23
300 3.20543e+06 8
300 1.00732e+07 11
300 3.85829e+06 10
300 5.60169e+06 17
300 1.78994e+06 6
300 1.65949e+06 7
300 2.36963e+06 8
300 2.33198e+06 3
300 2.83108e+06 20
300 588641 11
300 1.09325e+06 6
300 554222 13
300 756671 4
300 728474 8
300 1.66931e+06 8
300 1.18297e+06 4
300 2.17007e+06 9
300 1.56946e+06 17
300 1.19744e+06 5
300 719371 8
300 1.15357e+06 8
300 1.96541e+06 11
300 805270 7
300 1.14148e+06 3
300 500912 2
300 1.22954e+06 13
300 1.65862e+06 9
300 1.07716e+06 2
300 1.00267e+06 2
300 1.51897e+06 7
300 2.15997e+06 9
300 2.3653e+06 16
300 1.05036e+06 7
300 3.41233e+06 21
300 9.40006e+06 19
300 2.93603e+06 21
300 2.43659e+06 10
300 1.99923e+06 16
300 3.6162e+06 20
300 602928 8
300 1.24049e+06 5
300 1.17395e+06 10
300 3.5106e+06 13
300 1.47428e+06 12
300 962238 14
300 1.52183e+06 12
300 647189 5
300 1.52047e+06 4
300 1.32164e+06 9
300 2.46238e+06 7
300 3.47232e+06 4
300 4.38382e+06 10
300 4.21242e+06 11
300 4.88569e+06 10
300 3.0511e+06 11
300 4.85259e+06 20
300 4.59366e+06 3
300 3.26304e+06 10
300 2.31232e+06 1
300 4.4862e+06 5
300 2.34218e+06 11
300 2.65992e+06 17
300 3.3579e+06 13
300 1.32847e+06 4
300 7.39857e+06 20
300 1.04286e+07 15
300 2.64916e+06 5
300 2.16904e+06 9
300 5.71572e+06 10
350 4.46934e+06 16
350 3.30534e+06 14
350 2.11715e+06 5
350 1.78611e+06 14
350 3.07948e+06 15
350 1.01895e+07 10
350 3.34424e+06 12
350 3.98812e+06 8
350 6.24596e+06 16
350 2.62325e+06 12
350 2.49846e+06 11
350 1.92058e+06 12
350 2.19709e+06 6
350 1.97831e+06 4
350 2.82175e+06 21
350 2.82436e+06 8
350 1.93135e+06 5
350 1.77011e+06 13
350 7.11817e+06 18
350 3.85735e+06 16
350 2.15765e+06 15
350 3.80392e+06 13
350 2.76555e+06 6
350 7.88263e+06 10
350 6.98713e+06 10
350 1.9828e+07 18
350 2.24922e+07 15
350 4.72906e+06 12
350 8.10729e+06 17
350 2.59257e+06 13
350 4.15175e+06 12
350 3.42279e+06 12
350 1.88946e+06 2
350 2.14049e+06 15
350 2.63565e+06 3
350 1.74552e+06 8
350 1.47922e+06 10
350 1.62644e+06 4
350 2.08322e+06 8
350 2.38094e+06 8
350 3.6832e+06 25
350 2.23982e+06 14
350 3.06212e+06 10
350 941736 9
350 3.13497e+06 4
350 2.89063e+06 15
350 782684 8
350 2.24652e+06 10
350 2.10371e+06 5
350 1.67539e+06 3
350 6.56838e+06 17
350 1.62564e+06 12
350 2.2352e+06 8
350 1.80818e+06 9
350 1.97007e+06 4
350 3.17759e+06 10
350 2.09613e+06 9
350 2.22094e+06 20
350 2.02816e+06 14
350 3.97629e+06 4
350 2.27441e+06 1
350 1.52423e+07 4
350 2.57691e+06 11
350 2.3701e+06 10
350 8.19149e+06 8
350 1.65332e+06 7
350 3.69954e+06 11
350 2.52443e+06 6
350 5.90126e+06 3
350 4.93333e+06 7
350 7.07043e+06 34
350 8.42769e+06 8
350 4.58798e+06 4
350 6.01313e+06 4
350 6.96419e+06 20
350 7.98119e+06 8
350 3.99177e+06 24
350 3.33912e+06 11
350 4.88089e+06 11
350 5.03811e+06 9
350 6.85064e+06 15
350 5.14272e+06 15
350 7.44936e+06 10
350 6.6979e+06 6
350 7.72004e+06 14
350 7.25887e+06 11
350 6.2441e+06 11
350 9.45477e+06 14
350 5.64933e+06 5
350 7.5946e+06 17
350 5.98508e+06 8
350 3.06433e+06 4
350 8.4929e+06 20
350 3.88436e+06 7
350 4.69496e+06 38
350 2.04263e+06 9
350 3.09713e+06 5
350 3.51387e+06 7
350 5.89823e+06 5
350 1.99246e+06 6
400 5.26332e+06 7
400 4.02946e+06 4
400 2.50945e+06 16
400 2.56612e+06 18
400 7.86407e+06 8
400 4.36834e+06 11
400 3.27611e+06 14
400 3.95518e+06 10
400 5.56252e+06 28
400 2.47279e+06 14
400 5.57681e+06 8
400 7.57577e+06 8
400 4.81948e+06 10
400 3.35677e+06 10
400 4.48517e+06 15
400 2.07013e+06 4
400 6.64976e+06 18
400 3.30564e+06 10
400 1.58421e+06 10
400 3.90722e+06 14
400 7.56248e+06 7
400 3.85137e+06 9
400 6.5732e+06 12
400 7.14095e+06 12
400 7.29732e+06 34
400 4.58939e+06 8
400 2.89432e+06 1
400 5.40973e+06 3
400 3.23002e+06 5
400 3.30663e+06 3
400 3.66814e+06 7
400 9.00187e+06 13
400 3.34474e+06 6
400 4.32164e+06 10
400 5.57279e+06 11
400 8.73418e+06 1
400 3.27393e+06 13
400 4.37472e+06 9
400 2.52762e+06 6
400 3.49304e+06 11
400 2.43317e+06 6
400 7.38875e+06 6
400 4.28617e+06 2
400 4.83063e+06 11
400 2.73445e+06 6
400 3.92237e+06 14
400 1.02813e+07 18
400 2.13203e+06 18
400 3.46162e+06 10
400 7.47767e+06 21
400 7.27831e+06 7
400 7.39286e+06 11
400 1.02359e+07 25
400 5.9219e+06 17
400 3.42538e+06 7
400 6.19719e+06 8
400 6.66508e+06 11
400 4.39114e+06 10
400 4.04755e+06 17
400 3.71339e+06 16
400 7.71319e+06 13
400 2.79658e+06 6
400 3.57784e+06 12
400 2.13342e+06 5
400 2.6834e+06 4
400 3.8457e+06 8
400 6.03686e+06 13
400 2.38297e+06 6
400 7.77793e+06 12
400 1.25435e+06 11
400 4.77234e+06 9
400 2.53163e+06 4
400 3.43196e+06 11
400 3.63764e+06 13
400 6.28929e+06 13
400 3.73137e+06 10
400 4.04732e+06 17
400 5.6145e+06 26
400 3.88897e+06 12
400 1.59597e+06 25
400 3.24609e+06 13
400 8.66954e+06 13
400 4.41238e+06 10
400 4.80965e+06 13
400 1.07546e+07 15
400 6.6918e+06 9
400 4.52053e+06 8
400 2.29034e+06 12
400 3.59153e+06 13
400 3.36114e+06 6
400 4.34447e+06 15
400 4.99764e+06 10
400 5.79822e+06 7
400 3.72814e+06 16
400 3.77917e+06 8
400 3.55692e+06 14
400 5.89148e+06 20
400 2.24784e+06 9
400 1.3233e+07 13
400 2.6191e+06 11
450 3.52634e+06 7
450 4.41018e+06 14
450 2.88335e+06 5
450 2.55638e+06 5
450 7.28368e+06 9
450 4.16304e+06 13
450 2.77506e+06 13
450 4.1078e+06 9
450 3.01967e+06 8
450 3.56203e+06 4
450 8.50836e+06 14
450 9.93478e+06 12
450 3.94101e+06 8
450 5.25464e+06 19
450 4.62042e+06 13
450 9.06291e+06 10
450 7.13298e+06 4
450 3.71281e+06 10
450 6.48905e+06 14
450 7.78906e+06 20
450 1.14336e+07 13
450 5.10098e+06 12
450 5.34804e+06 8
450 4.2941e+06 7
450 1.03115e+07 22
450 5.91749e+06 12
450 4.88884e+06 9
450 2.51949e+06 23
450 6.38825e+06 15
450 1.04749e+07 19
450 7.24126e+06 11
450 6.4706e+06 4
450 1.39111e+07 7
450 4.851e+06 24
450 1.05311e+07 7
450 9.38476e+06 9
450 9.28734e+06 6
450 1.86765e+07 8
450 1.13706e+07 2
450 7.30509e+06 8
450 3.47841e+06 8
450 2.20186e+06 14
450 5.14634e+06 6
450 4.39782e+06 4
450 4.00224e+06 15
450 5.63778e+06 18
450 8.93838e+06 17
450 5.87578e+06 10
450 6.96578e+06 17
450 3.33652e+06 14
450 3.69116e+06 19
450 3.17341e+06 7
450 4.00869e+06 3
450 3.8174e+06 16
450 2.88634e+06 7
450 4.55334e+06 13
450 2.65628e+06 2
450 7.44861e+06 16
450 4.07996e+06 15
450 1.94786e+07 12
450 1.5428e+07 5
450 1.30077e+07 13
450 8.94291e+06 9
450 4.31e+07 1
450 3.37204e+07 6
450 8.0352e+06 13
450 5.35668e+06 6
450 9.78784e+06 11
450 1.63154e+07 5
450 3.54237e+06 10
450 1.03193e+07 5
450 6.77376e+06 19
450 9.66028e+06 17
450 4.57056e+06 15
450 3.64736e+06 7
450 1.00069e+07 12
450 7.43695e+06 6
450 7.86116e+06 18
450 1.04279e+07 9
450 6.51419e+06 11
450 8.60733e+06 12
450 5.48945e+06 25
450 2.86823e+06 20
450 5.93871e+06 21
450 7.10819e+06 9
450 5.60931e+06 8
450 6.50823e+06 10
450 3.91188e+06 11
450 6.91355e+06 18
450 9.7209e+06 29
450 1.94228e+06 10
450 1.57622e+06 19
450 4.1229e+06 8
450 2.64048e+06 10
450 4.39214e+06 9
450 3.02174e+06 12
450 4.05772e+06 11
450 2.94052e+06 14
450 1.85447e+06 4
450 5.31693e+06 8
500 8.17908e+06 8
500 2.86629e+06 7
500 7.37246e+06 6
500 1.27128e+07 37
500 1.35785e+07 15
500 1.10994e+07 13
500 5.47159e+06 21
500 4.52077e+06 9
500 4.31646e+06 6
500 1.50692e+07 13
500 1.25867e+07 8
500 9.17981e+06 11
500 4.58428e+06 10
500 1.06986e+07 18
500 9.37853e+06 9
500 4.7812e+06 4
500 1.51351e+07 12
500 6.09802e+06 6
500 7.5511e+06 4
500 7.09839e+06 13
500 3.23835e+06 13
500 3.40756e+06 5
500 3.2194e+06 5
500 5.98174e+06 8
500 5.13089e+06 4
500 3.63732e+06 6
500 2.36849e+06 11
500 3.3463e+06 12
500 1.69756e+06 2
500 3.16618e+06 4
500 3.2871e+07 12
500 2.65935e+07 11
500 2.14747e+07 13
500 2.37535e+07 18
500 2.51157e+07 5
500 2.4252e+07 17
500 2.68902e+07 15
500 2.00774e+07 8
500 1.74255e+07 28
500 1.58886e+07 15
500 1.55012e+07 14
500 8.02322e+06 9
500 7.91444e+06 6
500 7.6676e+06 15
500 7.92219e+06 3
500 9.04272e+06 7
500 8.72239e+06 7
500 7.29592e+06 9
500 8.47455e+06 15
500 1.1099e+07 21
500 6.28028e+06 7
500 5.12589e+06 5
500 3.30631e+06 20
500 1.72251e+06 8
500 5.06054e+06 13
500 3.50732e+06 10
500 3.16757e+06 8
500 630463 3
500 2.35282e+06 9
500 3.29457e+06 15
500 3.8952e+06 8
500 6.93335e+06 7
500 7.43605e+06 23
500 3.24952e+06 6
500 9.71326e+06 7
500 8.01015e+06 10
500 1.29081e+07 15
500 1.01657e+07 7
500 5.37884e+06 3
500 8.21729e+06 22
500 8.33041e+06 6
500 1.56592e+07 3
500 8.93133e+06 11
500 2.72055e+07 17
500 6.32316e+06 8
500 4.91431e+06 13
500 1.19433e+07 10
500 4.35134e+06 13
500 5.06667e+06 9
500 5.03087e+06 8
500 6.064e+06 15
500 4.27622e+06 8
500 3.41663e+06 13
500 3.64011e+06 14
500 4.09743e+06 5
500 6.01488e+06 11
500 1.47298e+06 8
500 5.561e+06 7
500 4.51889e+06 10
500 5.87567e+06 18
500 6.15141e+06 8
500 5.45369e+06 12
500 1.25959e+07 25
500 1.03848e+07 12
500 4.78606e+06 13
500 9.12447e+06 14
500 1.22277e+07 15
500 1.06703e+07 16
500 3.01785e+07 17
500 6.63768e+06 22
550 1.37482e+07 5
550 5.65046e+07 6
550 1.94114e+07 10
550 1.11657e+07 20
550 8.43686e+06 6
550 5.97082e+06 15
550 6.36425e+06 9
550 4.70219e+06 23
550 6.05024e+06 11
550 3.88722e+06 10
550 4.88001e+06 10
550 5.03895e+06 4
550 2.64036e+06 7
550 1.33088e+07 10
550 3.40103e+06 12
550 1.37005e+06 4
550 4.0515e+06 7
550 9.01778e+06 15
550 3.4344e+06 12
550 3.08766e+06 4
550 5.26193e+06 28
550 5.52254e+06 5
550 6.18734e+06 7
550 1.64598e+07 23
550 1.36992e+07 9
550 1.0973e+07 13
550 5.78809e+06 18
550 6.86924e+06 9
550 6.98158e+06 17
550 4.16151e+06 15
550 7.80292e+06 9
550 1.18518e+07 13
550 1.40737e+07 12
550 9.93695e+06 10
550 1.17416e+07 20
550 6.9639e+06 4
550 1.00282e+07 9
550 4.08023e+06 1
550 7.53692e+06 24
550 3.56653e+06 12
550 1.1282e+07 9
550 1.01087e+07 16
550 5.16408e+06 6
550 1.5014e+07 15
550 1.21901e+07 6
550 2.21266e+07 3
550 6.07567e+06 9
550 1.27584e+07 8
550 6.42225e+06 13
550 1.69646e+07 12
550 4.53493e+06 8
550 3.25892e+06 10
550 1.84866e+06 4
550 4.95699e+06 4
550 1.97669e+06 11
550 1.18719e+07 7
550 1.67065e+06 12
550 3.4852e+06 24
550 8.1642e+06 11
550 9.03336e+06 34
550 1.34497e+07 12
550 1.04008e+07 10
550 9.95853e+06 17
550 8.62642e+06 5
550 9.0734e+06 9
550 1.05296e+07 8
550 4.63172e+06 10
550 1.01765e+07 25
550 7.72642e+06 7
550 8.07739e+06 18
550 5.73718e+06 8
550 6.06225e+06 8
550 5.42264e+06 8
550 7.04598e+06 15
550 1.21049e+07 6
550 1.45155e+07 24
550 6.74051e+06 19
550 8.86747e+06 21
550 1.62028e+07 8
550 1.4245e+07 12
550 4.83606e+06 11
550 1.03469e+07 11
550 6.21109e+06 3
550 5.98717e+06 15
550 8.68071e+06 11
550 6.68991e+06 6
550 9.01313e+06 6
550 7.55535e+06 25
550 6.35601e+06 3
550 4.81923e+06 25
550 5.09623e+06 7
550 8.31578e+06 9
550 4.12972e+06 5
550 7.29809e+06 5
550 3.13098e+06 7
550 3.85508e+06 5
550 2.06708e+06 12
550 3.13562e+06 7
550 5.12483e+06 4
550 1.96983e+06 14
600 2.04466e+07 2
600 7.76533e+06 9
600 2.56686e+06 10
600 4.27052e+06 17
600 5.3636e+06 12
600 4.27887e+06 16
600 9.81954e+06 3
600 6.84094e+06 28
600 2.41236e+06 10
600 2.90254e+06 3
600 9.04585e+06 19
600 1.50038e+07 28
600 1.31027e+07 19
600 1.16353e+07 18
600 1.7047e+07 15
600 1.51793e+07 30
600 1.50449e+07 16
600 1.88108e+07 8
600 1.02948e+07 14
600 6.32528e+06 10
600 2.26186e+07 22
600 9.83636e+06 17
600 1.48702e+07 31
600 4.04423e+07 12
600 9.72186e+06 13
600 1.81519e+07 13
600 1.3305e+07 6
600 2.18574e+07 5
600 1.49423e+07 22
600 8.27309e+06 6
600 2.32966e+07 11
600 3.36911e+07 14
600 1.83318e+07 18
600 1.39509e+07 7
600 2.60671e+07 5
600 1.53684e+07 19
600 1.70726e+07 16
600 7.873e+06 8
600 1.18542e+07 10
600 1.43493e+07 4
600 6.61971e+06 12
600 9.05695e+06 17
600 4.70988e+06 8
600 9.48889e+06 32
600 9.31049e+06 11
600 2.79184e+06 10
600 3.28903e+06 20
600 9.08245e+06 12
600 1.26575e+07 14
600 5.80617e+06 9
600 1.79295e+07 12
600 2.92851e+07 4
600 3.84947e+07 6
600 2.81937e+07 10
600 2.04486e+07 13
600 1.64548e+07 6
600 1.14122e+07 15
600 1.08915e+07 23
600 3.95638e+07 8
600 6.71295e+06 15
600 1.34845e+07 4
600 1.64197e+07 13
600 6.77162e+06 10
600 2.10638e+07 11
600 1.64863e+07 17
600 5.51309e+06 13
600 1.18943e+07 5
600 1.25983e+07 26
600 1.47947e+07 29
600 1.94725e+07 13
600 8.61788e+06 18
600 1.93145e+06 11
600 5.76884e+06 11
600 7.7778e+06 6
600 3.9868e+06 6
600 9.10624e+06 7
600 5.33074e+06 6
600 1.04305e+07 11
600 8.38008e+06 8
600 7.7431e+06 27
600 1.36717e+07 15
600 8.11083e+06 14
600 1.49608e+07 5
600 1.16385e+07 5
600 2.2319e+07 29
600 5.24948e+06 11
600 1.26356e+07 16
600 6.9708e+06 17
600 2.00286e+07 7
600 3.99895e+06 3
600 4.33353e+06 12
600 1.55653e+06 12
600 1.39882e+06 10
600 7.1264e+06 8
600 3.51981e+06 4
600 6.1539e+06 25
600 4.66169e+06 19
600 1.36985e+07 16
600 1.50071e+07 15
600 9.97522e+06 8
650 2.65192e+07 7
650 1.54676e+07 19
650 1.04064e+07 7
650 1.93359e+07 28
650 1.18956e+07 29
650 2.27683e+07 21
650 5.48848e+07 13
650 2.12666e+07 22
650 6.54224e+06 18
650 2.38501e+07 8
650 2.41465e+07 23
650 1.24196e+07 5
650 2.58047e+07 10
650 1.59241e+07 28
650 1.41382e+07 15
650 1.86909e+07 22
650 2.90254e+07 10
650 1.6786e+07 9
650 2.10045e+07 13
650 1.59885e+07 9
650 1.07599e+07 8
650 1.37214e+07 16
650 8.79543e+06 6
650 1.24811e+07 14
650 1.84287e+07 4
650 9.41137e+06 13
650 5.42552e+06 10
650 7.90296e+06 4
650 6.90094e+06 11
650 1.13147e+07 3
650 1.55941e+07 13
650 1.70284e+07 18
650 1.59479e+07 21
650 1.83107e+07 19
650 1.2821e+07 21
650 1.15791e+07 11
650 9.19442e+06 9
650 1.18326e+07 31
650 1.1272e+07 15
650 2.10399e+07 14
650 7.7595e+06 9
650 1.92249e+07 13
650 1.66622e+07 8
650 1.65832e+07 12
650 9.89485e+06 18
650 1.49604e+07 4
650 1.5162e+07 12
650 1.10133e+07 14
650 1.35868e+07 15
650 1.79662e+07 22
650 2.35296e+06 7
650 3.18464e+06 10
650 8.90908e+06 19
650 4.17783e+06 6
650 4.29618e+06 11
650 7.8527e+06 3
650 9.62279e+06 16
650 5.82853e+06 11
650 7.33698e+06 21
650 3.22346e+06 16
650 5.63997e+06 12
650 4.94223e+06 5
650 6.6653e+06 13
650 9.34437e+06 14
650 2.28107e+06 9
650 8.85441e+06 5
650 5.48033e+06 14
650 9.10564e+06 19
650 5.83286e+06 24
650 1.17236e+07 15
650 8.80302e+06 14
650 1.17946e+07 9
650 8.34418e+06 7
650 9.32966e+06 3
650 9.79529e+06 19
650 1.35779e+07 59
650 2.3297e+07 3
650 1.95899e+07 12
650 2.43699e+07 9
650 3.70409e+06 9
650 4.92362e+06 16
650 5.4653e+06 8
650 5.8693e+06 16
650 5.21407e+06 5
650 7.11135e+06 10
650 8.49959e+06 1
650 8.60148e+06 12
650 2.9757e+06 9
650 5.85298e+06 6
650 1.05856e+07 11
650 1.28414e+07 16
650 8.19676e+06 11
650 1.46825e+07 23
650 6.11621e+06 11
650 2.65461e+07 9
650 4.0517e+07 25
650 1.31155e+07 27
650 1.42303e+07 18
650 6.49097e+07 24
650 7.15917e+06 15
700 9.26633e+06 2
700 4.23756e+07 4
700 1.52244e+07 5
700 1.6064e+07 6
700 1.29357e+07 3
700 1.51849e+07 4
700 1.00437e+07 19
700 9.34589e+06 14
700 1.58272e+07 29
700 1.39324e+07 5
700 8.91635e+07 2
700 8.33312e+06 13
700 5.76073e+06 13
700 9.05768e+06 25
700 4.4302e+06 7
700 6.42449e+06 9
700 7.8823e+06 13
700 7.90825e+06 4
700 1.99439e+07 15
700 1.16623e+07 9
700 1.89507e+07 12
700 3.65389e+07 22
700 1.0591e+07 10
700 2.36627e+07 12
700 1.96222e+07 19
700 2.16453e+07 7
700 4.01042e+07 20
700 1.77254e+07 8
700 3.38311e+07 17
700 3.03534e+07 20
700 7.02536e+06 13
700 9.10096e+06 14
700 1.46804e+07 20
700 6.56416e+06 12
700 1.68914e+07 9
700 1.32547e+07 22
700 2.81574e+07 1
700 7.14582e+06 20
700 1.01049e+07 14
700 1.37315e+07 12
700 4.3995e+07 10
700 7.28009e+06 6
700 2.90666e+07 18
700 1.25032e+07 9
700 2.58809e+07 6
700 1.76992e+07 24
700 1.57751e+07 18
700 3.1983e+07 12
700 2.38534e+07 14
700 2.62821e+07 23
700 1.25112e+07 23
700 1.2667e+07 20
700 1.56807e+07 26
700 4.42836e+06 6
700 1.21823e+07 6
700 6.6688e+06 24
700 9.91196e+06 26
700 1.82101e+07 4
700 1.386e+07 11
700 9.03099e+06 6
700 2.17759e+07 21
700 2.41738e+07 9
700 8.75654e+06 5
700 1.02796e+07 16
700 1.634e+07 10
700 1.35247e+07 5
700 2.07815e+07 19
700 8.90772e+06 30
700 8.98486e+06 19
700 3.25027e+07 9
700 1.08555e+07 18
700 3.44362e+07 2
700 1.83197e+07 17
700 1.73369e+07 16
700 1.17558e+07 10
700 2.55069e+07 15
700 1.43297e+07 22
700 1.90219e+07 14
700 2.51753e+07 26
700 1.48197e+07 19
700 3.63406e+07 21
700 3.66777e+07 12
700 6.6225e+06 11
700 2.41569e+07 15
700 1.50374e+07 26
700 2.00604e+07 12
700 3.70766e+07 6
700 4.78188e+07 12
700 2.31978e+07 11
700 2.48917e+07 7
700 5.38069e+06 10
700 5.93174e+06 12
700 5.19615e+06 9
700 6.82846e+06 5
700 4.39557e+06 9
700 5.21625e+06 10
700 1.61544e+07 6
700 6.96841e+06 6
700 1.40385e+07 20
700 9.5314e+06 24
750 1.18058e+07 12
750 1.37794e+07 9
750 2.58173e+07 4
750 1.44292e+07 4
750 1.7688e+07 23
750 1.19644e+07 8
750 1.31937e+07 21
750 7.86335e+06 10
750 1.00938e+07 32
750 1.16362e+07 12
750 5.89105e+06 16
750 6.0178e+06 9
750 1.04378e+07 6
750 1.00705e+07 7
750 6.65196e+06 12
750 4.07868e+06 5
750 1.09012e+07 22
750 9.40173e+06 13
750 5.66399e+06 15
750 6.93087e+06 10
750 7.92914e+06 11
750 8.63398e+06 20
750 1.38938e+07 17
750 1.91449e+07 5
750 5.73717e+06 15
750 8.90717e+06 9
750 1.00798e+07 15
750 6.92465e+06 21
750 5.96754e+06 6
750 1.14168e+07 6
750 7.39653e+07 39
750 2.20895e+07 24
750 3.8615e+07 20
750 1.66346e+07 19
750 1.37225e+07 3
750 5.49859e+07 11
750 2.70991e+07 10
750 1.84469e+07 13
750 4.0832e+07 11
750 9.44246e+06 18
750 2.61736e+07 8
750 2.50547e+07 6
750 2.03514e+07 12
750 2.4168e+07 11
750 2.91708e+07 21
750 3.11577e+07 7
750 3.77739e+07 10
750 2.65995e+07 7
750 4.62105e+07 19
750 2.7124e+07 14
750 9.72418e+06 14
750 3.93339e+06 15
750 7.1869e+06 10
750 9.41229e+06 8
750 8.67435e+06 7
750 8.97459e+06 6
750 7.10218e+06 7
750 9.46228e+06 14
750 7.32916e+06 7
750 3.06704e+06 9
750 4.38815e+07 19
750 5.98731e+07 6
750 3.68728e+07 13
750 2.98345e+07 3
750 3.028e+07 19
750 2.82962e+07 23
750 4.19139e+07 11
750 4.27147e+07 7
750 4.42541e+07 8
750 3.88109e+07 19
750 1.72581e+07 13
750 2.02472e+07 5
750 8.47112e+06 23
750 1.86153e+07 21
750 1.11455e+07 7
750 2.03952e+07 14
750 1.87178e+07 20
750 1.26322e+07 19
750 9.28376e+06 20
750 1.47291e+07 10
750 9.97108e+06 3
750 2.31118e+07 20
750 2.53688e+07 21
750 1.88118e+07 9
750 4.01849e+07 10
750 1.26779e+07 6
750 3.89495e+07 13
750 2.94403e+07 5
750 3.14415e+07 10
750 5.96457e+07 18
750 5.38831e+06 7
750 1.51317e+07 3
750 7.7785e+06 15
750 7.86866e+06 3
750 1.17643e+07 10
750 4.18427e+06 13
750 8.53497e+06 22
750 4.61438e+06 14
750 8.294e+06 15
750 1.1818e+07 21
800 3.69691e+07 5
800 2.73928e+07 3
800 2.83667e+07 13
800 2.6839e+07 11
800 2.85684e+07 29
800 4.16555e+07 10
800 3.36972e+07 14
800 3.67524e+07 20
800 8.35454e+07 47
800 3.13128e+07 13
800 2.06534e+07 11
800 7.52947e+06 21
800 8.95287e+06 8
800 8.69274e+06 20
800 1.04813e+07 11
800 2.96752e+07 12
800 5.13257e+06 9
800 1.59515e+07 7
800 1.69961e+07 12
800 1.21562e+07 9
800 1.35704e+07 17
800 2.01372e+07 14
800 2.75076e+07 30
800 2.19175e+07 20
800 1.42019e+07 9
800 1.37497e+07 19
800 9.67888e+06 14
800 2.28957e+07 11
800 1.9936e+07 8
800 1.52468e+07 23
800 1.75097e+07 21
800 3.57061e+07 17
800 3.81786e+07 18
800 3.8025e+07 27
800 4.31085e+07 14
800 6.96845e+07 13
800 3.06668e+07 15
800 2.31599e+07 7
800 1.97399e+07 19
800 3.38458e+07 30
800 1.11895e+07 8
800 1.99638e+07 18
800 1.68855e+07 6
800 1.46915e+07 26
800 2.05123e+07 8
800 1.18301e+07 17
800 1.2893e+07 9
800 2.25044e+07 13
800 2.32822e+07 1
800 1.49954e+07 12
800 4.39307e+07 4
800 1.7073e+07 10
800 1.23028e+07 21
800 2.06595e+07 21
800 2.26016e+07 23
800 1.9118e+07 13
800 1.46622e+07 5
800 1.29345e+07 16
800 6.4245e+07 2
800 8.77412e+06 15
800 1.40708e+07 23
800 3.39325e+07 18
800 1.64269e+08 14
800 3.5487e+07 19
800 4.70022e+07 30
800 2.87124e+07 8
800 3.26423e+07 18
800 3.36857e+07 19
800 3.70944e+07 21
800 2.59197e+07 9
800 2.27772e+07 16
800 1.5717e+07 39
800 3.00953e+07 15
800 3.6294e+07 20
800 2.62762e+07 10
800 2.02501e+07 12
800 4.53538e+07 5
800 1.02735e+07 26
800 3.61654e+07 22
800 2.80589e+07 10
800 1.00814e+07 10
800 3.6326e+07 10
800 3.7856e+07 12
800 3.8654e+07 27
800 2.20569e+07 11
800 2.38269e+07 20
800 2.75754e+07 16
800 2.27713e+07 16
800 1.57193e+07 2
800 5.5537e+07 5
800 2.61326e+07 15
800 2.59841e+07 12
800 1.26542e+07 10
800 2.59679e+07 32
800 4.52734e+07 18
800 2.74848e+07 11
800 2.84842e+07 25
800 2.67331e+07 15
800 4.49688e+07 20
800 3.80796e+07 11
850 9.68192e+06 4
850 3.15389e+07 27
850 2.35635e+07 28
850 1.9258e+07 15
850 2.15218e+07 24
850 2.57885e+07 9
850 7.0095e+07 14
850 3.39326e+07 4
850 4.60752e+07 28
850 4.23833e+07 7
850 2.5128e+07 23
850 2.50641e+07 10
850 2.9348e+07 4
850 1.72659e+07 17
850 1.36676e+07 5
850 3.56992e+07 3
850 4.64975e+08 11
850 1.1931e+07 1
850 2.50004e+07 24
850 1.71914e+07 8
850 2.85054e+07 23
850 8.94357e+06 10
850 1.85824e+07 23
850 2.8502e+07 26
850 2.61659e+07 15
850 2.34269e+07 11
850 3.28275e+07 17
850 2.86148e+07 15
850 1.81727e+07 24
850 2.31808e+07 2
850 2.97188e+07 5
850 7.04212e+07 12
850 3.0174e+07 18
850 7.70532e+07 18
850 3.75373e+07 11
850 4.952e+07 15
850 7.09406e+07 9
850 3.6e+07 17
850 6.22714e+07 38
850 5.35987e+07 37
850 5.22508e+07 13
850 4.70423e+07 34
850 2.39495e+07 13
850 1.98435e+07 12
850 1.98702e+07 13
850 2.4255e+07 15
850 3.29419e+07 10
850 1.58583e+07 22
850 4.08108e+07 13
850 2.77343e+07 10
850 3.72478e+07 17
850 1.70241e+07 12
850 7.16645e+06 15
850 1.98305e+07 33
850 3.48366e+07 18
850 2.21148e+07 13
850 2.95789e+07 12
850 2.2356e+07 12
850 2.90733e+07 16
850 1.57036e+07 20
850 1.0171e+08 34
850 8.23859e+07 22
850 7.69956e+07 14
850 8.30389e+07 18
850 1.07345e+08 21
850 3.93795e+07 12
850 7.62618e+07 11
850 6.4211e+07 10
850 1.7404e+08 19
850 1.43254e+08 16
850 3.81397e+07 8
850 1.38e+07 9
850 2.86325e+07 10
850 3.05599e+07 35
850 2.26101e+07 7
850 3.14893e+07 14
850 3.25199e+07 19
850 2.66863e+07 11
850 1.78423e+07 9
850 2.1963e+07 24
850 3.3368e+07 19
850 4.33317e+07 24
850 4.22462e+07 11
850 8.53108e+07 32
850 1.68425e+07 3
850 6.24942e+07 32
850 6.60453e+07 21
850 2.22986e+07 27
850 1.3494e+08 21
850 6.27813e+07 17
850 9.61743e+07 14
850 1.88452e+07 27
850 5.65768e+07 9
850 2.13341e+07 12
850 2.69387e+07 15
850 3.67101e+07 17
850 2.58892e+07 8
850 6.17674e+07 13
850 5.19189e+07 15
850 1.03425e+07 12
900 4.84126e+07 11
900 9.66269e+07 4
900 1.45676e+08 7
900 5.0807e+07 6
900 8.45812e+07 10
900 1.58669e+08 11
900 1.25199e+08 20
900 7.17973e+07 3
900 6.46055e+07 11
900 9.15584e+07 7
900 1.63756e+07 12
900 1.92322e+07 6
900 6.17631e+07 9
900 2.37417e+07 9
900 4.91172e+07 13
900 3.34797e+07 20
900 2.71304e+07 4
900 2.53454e+07 35
900 2.03489e+07 10
900 2.97623e+07 9
900 3.70972e+07 15
900 4.21541e+07 14
900 3.86899e+07 10
900 5.38597e+07 14
900 2.11434e+07 24
900 3.10893e+07 23
900 3.01105e+07 16
900 1.54733e+07 19
900 2.44666e+07 25
900 3.71672e+07 16
900 7.55484e+07 48
1000 6.94966e+07 20
1000 4.05273e+07 12
1000 5.38061e+07 16
1000 8.34976e+07 11
1000 6.01807e+07 19
1000 1.01239e+08 15
1000 9.10618e+07 20
1000 9.69135e+07 27
1000 4.76853e+07 10
1000 1.00216e+08 20
1000 3.99959e+07 26
1000 4.37085e+07 38
1000 7.34809e+07 15
1000 4.85079e+07 13
1000 3.55712e+07 16
1000 8.91394e+07 16
1000 7.36714e+07 18
1000 5.8447e+07 12
1000 6.86629e+07 19
1000 5.98298e+07 22
1000 1.68963e+08 11
1000 6.57974e+07 18
1000 6.68488e+07 26
1000 4.85104e+07 10
1000 8.32285e+07 6
1000 5.60991e+07 6
1000 5.44842e+07 20
1000 1.9958e+07 6
1000 5.33106e+07 23
1000 1.06041e+08 23
1000 1.41674e+08 20
1000 9.7717e+07 7
1000 9.28827e+07 10
1000 1.44489e+08 31
1000 4.89457e+07 12
1000 1.86738e+08 8
1000 1.18777e+08 26
1000 9.15689e+07 12
1000 7.85871e+07 10
1000 6.42871e+07 42
1000 5.68595e+07 22
1000 3.10858e+07 20
1000 2.77326e+07 10
1000 6.33509e+07 14
1000 5.29124e+07 19
1000 1.12039e+08 22
1000 6.74923e+07 9
1000 4.76327e+07 14
1000 5.42404e+07 17
1000 7.00763e+06 2
1000 6.93896e+07 17
1000 2.3039e+07 5
1000 1.07715e+08 28
1000 4.00272e+07 9
1000 5.1174e+07 2
1000 4.78653e+07 5
1000 6.64351e+07 8
1000 5.35313e+07 25
1000 4.15553e+07 20
1000 5.7036e+07 19
1000 5.52443e+07 8
1000 5.28859e+07 12
1000 3.83022e+07 5
1000 4.12368e+07 11
1000 9.38293e+07 16
1000 1.33758e+08 7
1000 8.8478e+07 27
1000 8.72786e+07 13
1000 4.21331e+07 5
1000 3.12601e+07 16
1000 4.24452e+07 15
1000 6.88442e+07 37
1000 6.31755e+07 16
1000 4.86998e+07 25
1000 2.78095e+07 5
1000 7.12931e+07 26
1000 4.89991e+07 11
1000 4.70453e+07 11
1000 6.15294e+07 15
1000 5.80632e+07 15
1000 3.96354e+07 14
1000 4.38175e+07 14
1000 2.50855e+07 11
1000 9.61713e+07 15
1000 5.98552e+07 14
1000 5.85695e+07 7
1000 3.87976e+07 14
1000 4.6303e+07 10
1000 5.94642e+07 15
1000 5.22356e+07 34
1000 3.28343e+07 17
1000 6.93012e+07 27
1000 4.2163e+07 4
1000 9.03217e+07 14
1000 2.94537e+07 32
1000 1.32731e+08 12
1000 5.81839e+07 23
1000 5.13127e+07 21
1000 2.68876e+07 13
1000 3.35824e+07 8
1050 6.53332e+07 9
1050 8.22748e+07 19
1050 1.08109e+08 9
1050 2.27824e+07 5
1050 7.43667e+07 18
1050 1.59606e+07 12
1050 5.59661e+07 6
1050 1.09374e+08 17
1050 8.78394e+07 6
1050 4.80896e+07 13
1050 5.14831e+07 8
1050 1.38904e+08 27
1050 7.46814e+07 14
1050 5.40087e+07 15
1050 7.59903e+07 11
1050 3.74805e+07 13
1050 1.05975e+08 8
1050 1.03945e+08 32
1050 7.01433e+07 11
1050 1.04705e+08 13
1050 1.058e+08 9
1050 1.40781e+08 21
1050 1.90303e+08 16
1050 6.27362e+07 5
1050 1.1624e+08 13
1050 8.57941e+07 6
1050 8.48314e+07 10
1050 1.22434e+08 23
1050 1.78111e+08 5
1050 8.34122e+07 17
1050 6.6035e+07 26
1050 4.90208e+07 9
1050 3.31681e+07 6
1050 7.89733e+07 20
1050 5.26489e+07 12
1050 6.11829e+07 7
1050 6.17249e+07 25
1050 5.65911e+07 29
1050 6.31148e+07 19
1050 1.20945e+08 7
1050 6.4934e+07 25
1050 5.04755e+07 12
1050 1.54173e+07 13
1050 9.00257e+07 7
1050 5.28634e+07 8
1050 6.71566e+07 16
1050 3.80633e+06 5
1050 1.39961e+07 16
1050 4.73502e+07 16
1050 3.18831e+07 7
1050 1.7985e+08 31
1050 1.8445e+08 26
1050 3.18384e+08 19
1050 1.05877e+08 12
1050 8.89547e+07 18
1050 1.87029e+08 23
1050 7.67721e+07 23
1050 1.49977e+08 9
1050 9.15155e+07 9
1050 1.70184e+08 18
1050 6.90546e+07 11
1050 3.3948e+07 14
1050 7.9727e+07 14
1050 6.34117e+07 15
1050 1.1871e+08 28
1050 6.37287e+07 11
1050 2.20798e+07 12
1050 8.07059e+07 15
1050 7.2757e+07 13
1050 8.2445e+07 7
1050 5.44424e+07 35
1050 5.49502e+07 14
1050 7.68509e+07 5
1050 6.50425e+07 4
1050 4.85318e+07 11
1050 9.8874e+07 18
1050 9.98189e+07 15
1050 7.2705e+07 2
1050 1.11881e+08 19
1050 8.31704e+07 7
1050 1.01511e+08 3
1050 3.05971e+08 16
1050 1.72786e+08 22
1050 2.2312e+08 29
1050 6.79738e+07 12
1050 1.03331e+08 18
1050 2.2068e+08 8
1050 1.59066e+08 17
1050 1.19746e+08 44
1050 1.34544e+08 12
1050 1.48724e+08 14
1050 1.10584e+08 22
1050 9.25308e+07 45
1050 5.8192e+07 14
1050 6.19382e+07 9
1050 1.43148e+08 20
1050 7.236e+07 23
1050 1.18486e+08 53
1050 1.14064e+08 24
1050 7.80889e+07 18
1100 6.59147e+07 6
1100 1.47395e+08 16
1100 3.42024e+07 24
1100 1.01332e+08 12
1100 6.60595e+07 12
1100 5.34673e+07 13
1100 6.27842e+07 12
1100 8.17434e+07 20
1100 1.56449e+08 23
1100 4.99746e+07 22
1100 1.74314e+08 35
1100 2.02523e+08 34
1100 8.87954e+07 14
1100 7.81979e+07 10
1100 1.48472e+08 22
1100 1.03131e+08 6
1100 2.27736e+08 27
1100 1.71684e+08 15
1100 9.27469e+07 12
1100 1.6129e+08 30
1100 2.14782e+08 14
1100 1.16409e+08 8
1100 1.9283e+08 21
1100 1.13391e+08 10
1100 9.17131e+07 3
1100 6.92619e+07 17
1100 1.05319e+08 17
1100 6.18071e+07 8
1100 8.11646e+07 10
1100 8.52313e+07 18
1100 6.49614e+07 14
1100 6.97656e+07 15
1100 3.82635e+07 17
1100 9.08517e+07 28
1100 8.39285e+07 20
1100 4.99835e+07 18
1100 3.96361e+07 9
1100 6.80557e+07 20
1100 4.5841e+07 11
1100 5.21564e+07 12
1100 2.76556e+08 32
1100 4.09733e+08 9
1100 1.11252e+08 20
1100 2.96397e+08 31
1100 2.6109e+07 13
1100 7.97228e+07 14
1100 1.53751e+08 20
1100 1.28937e+08 15
1100 2.7156e+08 15
1100 2.71666e+08 15
1100 3.0407e+07 5
1100 3.1371e+07 22
1100 1.02429e+08 19
1100 4.87281e+07 49
1100 4.81647e+07 8
1100 6.31454e+07 25
1100 7.67136e+07 19
1100 1.13852e+08 22
1100 1.15642e+08 23
1100 7.46741e+07 5
1100 6.98378e+07 14
1100 7.24983e+07 9
1100 5.69553e+07 17
1100 4.14152e+07 24
1100 1.19143e+08 27
1100 8.53501e+07 12
1100 1.30564e+08 19
1100 1.09353e+08 18
1100 7.93807e+07 3
1100 6.82651e+07 21
1100 1.8109e+08 10
1100 8.03322e+07 19
1100 2.24044e+08 9
1100 3.11938e+08 20
1100 1.0719e+08 9
1100 1.74151e+08 13
1100 2.26558e+08 31
1100 2.80933e+08 33
1100 1.64283e+08 7
1100 2.76032e+08 21
1100 8.55791e+07 8
1100 7.26711e+07 31
1100 5.18916e+07 17
1100 1.17511e+08 31
1100 3.64423e+07 10
1100 9.58628e+07 11
1100 8.90269e+07 32
1100 7.0119e+07 16
1100 7.59049e+07 18
1100 7.73143e+07 26
1100 7.20813e+07 5
1100 1.09163e+08 7
1100 8.76736e+07 20
1100 9.34305e+07 17
1100 9.78506e+07 26
1100 8.88518e+07 15
1100 1.25053e+08 18
1100 2.40357e+08 11
1100 1.20406e+08 22
1100 7.43826e+07 14
1150 4.15682e+07 34
1150 5.50169e+07 9
1150 3.86326e+07 21
1150 2.77732e+07 17
1150 6.8012e+07 7
1150 1.16095e+08 7
1150 3.02668e+07 11
1150 1.94881e+08 15
1150 2.35036e+07 20
1150 8.32786e+07 19
1150 8.81976e+07 17
1150 1.06494e+08 14
1150 1.15101e+08 13
1150 6.01998e+07 11
1150 1.36263e+08 13
1150 1.5089e+08 12
1150 1.14474e+08 36
1150 1.33722e+08 8
1150 1.01192e+08 6
1150 1.61701e+08 5
1150 3.53467e+07 13
1150 3.86798e+07 8
1150 8.1356e+07 16
1150 1.93593e+07 15
1150 6.01292e+07 14
1150 1.98082e+08 18
1150 8.26213e+07 18
1150 1.02417e+07 26
1150 4.41263e+07 15
1150 7.77616e+07 13
1150 1.76892e+08 6
1150 2.48151e+08 83
1150 2.3328e+08 38
1150 1.21326e+08 12
1150 1.28167e+08 23
1150 3.46461e+07 19
1150 5.58781e+07 22
1150 2.21939e+08 34
1150 1.91258e+08 4
1150 7.80588e+07 22
1150 1.09012e+08 27
1150 1.00145e+08 8
1150 5.23108e+07 13
1150 7.59558e+07 18
1150 8.67505e+07 3
1150 1.32546e+08 7
1150 1.0316e+08 16
1150 5.12903e+07 10
1150 5.47455e+07 6
1150 1.10349e+08 15
1150 6.56041e+07 17
1150 5.98005e+07 8
1150 7.179e+07 10
1150 1.23076e+08 7
1150 7.0281e+07 15
1150 7.85475e+07 16
1150 7.62897e+07 38
1150 1.65495e+08 10
1150 4.29083e+07 19
1150 4.68039e+07 15
1150 3.27477e+08 7
1150 2.81385e+08 27
1150 4.41431e+08 17
1150 3.68996e+08 15
1150 2.27151e+08 22
1150 1.05418e+08 12
1150 2.79302e+08 29
1150 1.57512e+08 15
1150 1.74199e+08 12
1150 1.21983e+08 7
1150 1.26263e+08 26
1150 4.67842e+07 12
1150 3.55939e+07 4
1150 4.01338e+07 12
1150 3.65193e+07 8
1150 3.47221e+07 8
1150 8.40786e+07 12
1150 6.47117e+07 15
1150 3.61883e+07 14
1150 7.68109e+07 22
1150 9.36863e+07 7
1150 1.1056e+08 10
1150 1.31024e+08 4
1150 1.19444e+08 11
1150 2.60967e+08 12
1150 1.24009e+08 12
1150 1.60306e+08 12
1150 1.50116e+08 19
1150 1.15979e+08 7
1150 1.32886e+08 18
1150 9.3999e+07 25
1150 1.80678e+08 18
1150 9.97644e+07 19
1150 1.38603e+08 10
1150 1.03081e+08 17
1150 1.92082e+08 22
1150 1.116e+08 14
1150 1.10938e+08 27
1150 1.36489e+08 11
1150 7.98206e+07 26
1200 1.32803e+08 19
1200 9.68522e+07 5
1200 5.13237e+07 21
1200 1.16863e+08 14
1200 1.28299e+08 24
1200 2.99721e+08 7
1200 2.75702e+08 32
1200 4.67358e+07 16
1200 2.24709e+08 15
1200 1.95972e+08 22
1200 1.89744e+08 12
1200 1.94729e+08 6
1200 1.8082e+08 21
1200 1.59568e+08 34
1200 2.55498e+08 8
1200 2.22254e+08 13
1200 1.14432e+08 30
1200 1.55736e+08 31
1200 1.24978e+08 4
1200 1.57694e+08 18
1200 7.90775e+07 6
1200 3.83124e+07 16
1200 6.21975e+07 13
1200 7.81621e+07 8
1200 9.5289e+07 15
1200 5.71685e+07 12
1200 5.57509e+07 3
1200 7.18862e+07 8
1200 4.22104e+07 7
1200 6.50107e+07 17
1200 4.25515e+07 34
1200 1.03977e+08 4
1200 6.61528e+07 7
1200 4.18116e+07 18
1200 5.79306e+07 11
1200 9.45997e+07 15
1200 6.46291e+07 19
1200 1.08952e+08 22
1200 6.68869e+07 32
1200 1.33658e+08 4
1200 8.3095e+07 15
1200 4.46079e+07 6
1200 4.11652e+07 10
1200 7.21945e+07 12
1200 5.5806e+07 9
1200 3.32876e+07 9
1200 9.96456e+07 16
1200 1.31673e+08 27
1200 7.40031e+07 25
1200 1.04094e+08 4
1200 5.23091e+07 22
1200 2.81464e+08 6
1200 1.06802e+08 6
1200 7.67929e+07 7
1200 1.19224e+08 48
1200 1.8472e+08 9
1200 1.43255e+08 28
1200 7.95445e+07 22
1200 5.56701e+07 24
1200 8.9278e+07 10
1200 1.33382e+08 8
1200 7.73575e+07 32
1200 1.06751e+08 13
1200 1.43941e+08 8
1200 2.07469e+08 14
1200 1.45006e+08 26
1200 1.40552e+08 14
1200 1.94451e+08 17
1200 1.52885e+08 29
1200 1.57446e+08 15
1200 1.01445e+08 34
1200 1.39215e+08 40
1200 4.59166e+07 4
1200 4.08037e+07 18
1200 4.79356e+07 11
1200 7.79274e+07 26
1200 4.56716e+07 6
1200 5.30926e+07 6
1200 8.71534e+07 17
1200 1.42439e+08 16
1200 5.67889e+07 11
1200 2.31515e+07 8
1200 7.51302e+07 11
1200 3.30487e+07 12
1200 8.07216e+07 22
1200 4.41945e+07 14
1200 5.69893e+07 4
1200 9.24515e+07 3
1200 4.35905e+07 22
1200 3.69974e+07 5
1200 6.86022e+07 11
